 1.00000000e+00  8.14921007e+01  1.00000000e+00  1.78048383e+02 
 1.02329299e+00  8.14910676e+01  1.02329299e+00  1.78004725e+02 
 1.04712855e+00  8.14899930e+01  1.04712855e+00  1.77960165e+02 
 1.07151931e+00  8.14888756e+01  1.07151931e+00  1.77914688e+02 
 1.09647820e+00  8.14877139e+01  1.09647820e+00  1.77868279e+02 
 1.12201845e+00  8.14865067e+01  1.12201845e+00  1.77820923e+02 
 1.14815362e+00  8.14852525e+01  1.14815362e+00  1.77772607e+02 
 1.17489755e+00  8.14839498e+01  1.17489755e+00  1.77723316e+02 
 1.20226443e+00  8.14825974e+01  1.20226443e+00  1.77673035e+02 
 1.23026877e+00  8.14811937e+01  1.23026877e+00  1.77621749e+02 
 1.25892541e+00  8.14797373e+01  1.25892541e+00  1.77569445e+02 
 1.28824955e+00  8.14782268e+01  1.28824955e+00  1.77516107e+02 
 1.31825674e+00  8.14766609e+01  1.31825674e+00  1.77461720e+02 
 1.34896288e+00  8.14750380e+01  1.34896288e+00  1.77406271e+02 
 1.38038426e+00  8.14733569e+01  1.38038426e+00  1.77349744e+02 
 1.41253754e+00  8.14716160e+01  1.41253754e+00  1.77292125e+02 
 1.44543977e+00  8.14698142e+01  1.44543977e+00  1.77233399e+02 
 1.47910839e+00  8.14679499e+01  1.47910839e+00  1.77173551e+02 
 1.51356125e+00  8.14660221e+01  1.51356125e+00  1.77112566e+02 
 1.54881662e+00  8.14640294e+01  1.54881662e+00  1.77050430e+02 
 1.58489319e+00  8.14619705e+01  1.58489319e+00  1.76987127e+02 
 1.62181010e+00  8.14598444e+01  1.62181010e+00  1.76922641e+02 
 1.65958691e+00  8.14576499e+01  1.65958691e+00  1.76856959e+02 
 1.69824365e+00  8.14553860e+01  1.69824365e+00  1.76790063e+02 
 1.73780083e+00  8.14530516e+01  1.73780083e+00  1.76721938e+02 
 1.77827941e+00  8.14506459e+01  1.77827941e+00  1.76652567e+02 
 1.81970086e+00  8.14481680e+01  1.81970086e+00  1.76581935e+02 
 1.86208714e+00  8.14456170e+01  1.86208714e+00  1.76510024e+02 
 1.90546072e+00  8.14429924e+01  1.90546072e+00  1.76436817e+02 
 1.94984460e+00  8.14402935e+01  1.94984460e+00  1.76362296e+02 
 1.99526231e+00  8.14375197e+01  1.99526231e+00  1.76286441e+02 
 2.04173794e+00  8.14346707e+01  2.04173794e+00  1.76209235e+02 
 2.08929613e+00  8.14317460e+01  2.08929613e+00  1.76130658e+02 
 2.13796209e+00  8.14287453e+01  2.13796209e+00  1.76050688e+02 
 2.18776162e+00  8.14256686e+01  2.18776162e+00  1.75969303e+02 
 2.23872114e+00  8.14225157e+01  2.23872114e+00  1.75886483e+02 
 2.29086765e+00  8.14192866e+01  2.29086765e+00  1.75802202e+02 
 2.34422882e+00  8.14159815e+01  2.34422882e+00  1.75716437e+02 
 2.39883292e+00  8.14126004e+01  2.39883292e+00  1.75629161e+02 
 2.45470892e+00  8.14091436e+01  2.45470892e+00  1.75540347e+02 
 2.51188643e+00  8.14056114e+01  2.51188643e+00  1.75449966e+02 
 2.57039578e+00  8.14020043e+01  2.57039578e+00  1.75357989e+02 
 2.63026799e+00  8.13983226e+01  2.63026799e+00  1.75264383e+02 
 2.69153480e+00  8.13945669e+01  2.69153480e+00  1.75169115e+02 
 2.75422870e+00  8.13907376e+01  2.75422870e+00  1.75072151e+02 
 2.81838293e+00  8.13868352e+01  2.81838293e+00  1.74973452e+02 
 2.88403150e+00  8.13828605e+01  2.88403150e+00  1.74872981e+02 
 2.95120923e+00  8.13788138e+01  2.95120923e+00  1.74770697e+02 
 3.01995172e+00  8.13746958e+01  3.01995172e+00  1.74666555e+02 
 3.09029543e+00  8.13705070e+01  3.09029543e+00  1.74560512e+02 
 3.16227766e+00  8.13662477e+01  3.16227766e+00  1.74452521e+02 
 3.23593657e+00  8.13619185e+01  3.23593657e+00  1.74342531e+02 
 3.31131121e+00  8.13575195e+01  3.31131121e+00  1.74230491e+02 
 3.38844156e+00  8.13530511e+01  3.38844156e+00  1.74116347e+02 
 3.46736850e+00  8.13485133e+01  3.46736850e+00  1.74000043e+02 
 3.54813389e+00  8.13439060e+01  3.54813389e+00  1.73881520e+02 
 3.63078055e+00  8.13392290e+01  3.63078055e+00  1.73760716e+02 
 3.71535229e+00  8.13344820e+01  3.71535229e+00  1.73637570e+02 
 3.80189396e+00  8.13296644e+01  3.80189396e+00  1.73512014e+02 
 3.89045145e+00  8.13247752e+01  3.89045145e+00  1.73383982e+02 
 3.98107171e+00  8.13198135e+01  3.98107171e+00  1.73253401e+02 
 4.07380278e+00  8.13147780e+01  4.07380278e+00  1.73120201e+02 
 4.16869383e+00  8.13096670e+01  4.16869383e+00  1.72984305e+02 
 4.26579519e+00  8.13044787e+01  4.26579519e+00  1.72845637e+02 
 4.36515832e+00  8.12992109e+01  4.36515832e+00  1.72704117e+02 
 4.46683592e+00  8.12938611e+01  4.46683592e+00  1.72559664e+02 
 4.57088190e+00  8.12884263e+01  4.57088190e+00  1.72412196e+02 
 4.67735141e+00  8.12829033e+01  4.67735141e+00  1.72261625e+02 
 4.78630092e+00  8.12772886e+01  4.78630092e+00  1.72107865e+02 
 4.89778819e+00  8.12715780e+01  4.89778819e+00  1.71950827e+02 
 5.01187234e+00  8.12657671e+01  5.01187234e+00  1.71790421e+02 
 5.12861384e+00  8.12598512e+01  5.12861384e+00  1.71626552e+02 
 5.24807460e+00  8.12538249e+01  5.24807460e+00  1.71459128e+02 
 5.37031796e+00  8.12476824e+01  5.37031796e+00  1.71288052e+02 
 5.49540874e+00  8.12414176e+01  5.49540874e+00  1.71113228e+02 
 5.62341325e+00  8.12350238e+01  5.62341325e+00  1.70934557e+02 
 5.75439937e+00  8.12284939e+01  5.75439937e+00  1.70751940e+02 
 5.88843655e+00  8.12218202e+01  5.88843655e+00  1.70565275e+02 
 6.02559586e+00  8.12149945e+01  6.02559586e+00  1.70374461e+02 
 6.16595002e+00  8.12080083e+01  6.16595002e+00  1.70179394e+02 
 6.30957344e+00  8.12008522e+01  6.30957344e+00  1.69979971e+02 
 6.45654229e+00  8.11935165e+01  6.45654229e+00  1.69776087e+02 
 6.60693448e+00  8.11859911e+01  6.60693448e+00  1.69567637e+02 
 6.76082975e+00  8.11782650e+01  6.76082975e+00  1.69354514e+02 
 6.91830971e+00  8.11703269e+01  6.91830971e+00  1.69136613e+02 
 7.07945784e+00  8.11621648e+01  7.07945784e+00  1.68913825e+02 
 7.24435960e+00  8.11537661e+01  7.24435960e+00  1.68686043e+02 
 7.41310241e+00  8.11451177e+01  7.41310241e+00  1.68453161e+02 
 7.58577575e+00  8.11362059e+01  7.58577575e+00  1.68215069e+02 
 7.76247117e+00  8.11270162e+01  7.76247117e+00  1.67971660e+02 
 7.94328235e+00  8.11175336e+01  7.94328235e+00  1.67722825e+02 
 8.12830516e+00  8.11077426e+01  8.12830516e+00  1.67468458e+02 
 8.31763771e+00  8.10976267e+01  8.31763771e+00  1.67208451e+02 
 8.51138038e+00  8.10871691e+01  8.51138038e+00  1.66942695e+02 
 8.70963590e+00  8.10763521e+01  8.70963590e+00  1.66671086e+02 
 8.91250938e+00  8.10651573e+01  8.91250938e+00  1.66393516e+02 
 9.12010839e+00  8.10535657e+01  9.12010839e+00  1.66109881e+02 
 9.33254301e+00  8.10415576e+01  9.33254301e+00  1.65820077e+02 
 9.54992586e+00  8.10291125e+01  9.54992586e+00  1.65523999e+02 
 9.77237221e+00  8.10162092e+01  9.77237221e+00  1.65221548e+02 
 1.00000000e+01  8.10028257e+01  1.00000000e+01  1.64912621e+02 
 1.02329299e+01  8.09889393e+01  1.02329299e+01  1.64597120e+02 
 1.04712855e+01  8.09745265e+01  1.04712855e+01  1.64274950e+02 
 1.07151931e+01  8.09595629e+01  1.07151931e+01  1.63946013e+02 
 1.09647820e+01  8.09440236e+01  1.09647820e+01  1.63610219e+02 
 1.12201845e+01  8.09278826e+01  1.12201845e+01  1.63267477e+02 
 1.14815362e+01  8.09111133e+01  1.14815362e+01  1.62917700e+02 
 1.17489755e+01  8.08936880e+01  1.17489755e+01  1.62560804e+02 
 1.20226443e+01  8.08755785e+01  1.20226443e+01  1.62196708e+02 
 1.23026877e+01  8.08567557e+01  1.23026877e+01  1.61825335e+02 
 1.25892541e+01  8.08371894e+01  1.25892541e+01  1.61446611e+02 
 1.28824955e+01  8.08168490e+01  1.28824955e+01  1.61060467e+02 
 1.31825674e+01  8.07957026e+01  1.31825674e+01  1.60666839e+02 
 1.34896288e+01  8.07737180e+01  1.34896288e+01  1.60265667e+02 
 1.38038426e+01  8.07508617e+01  1.38038426e+01  1.59856897e+02 
 1.41253754e+01  8.07270997e+01  1.41253754e+01  1.59440480e+02 
 1.44543977e+01  8.07023971e+01  1.44543977e+01  1.59016373e+02 
 1.47910839e+01  8.06767182e+01  1.47910839e+01  1.58584540e+02 
 1.51356125e+01  8.06500267e+01  1.51356125e+01  1.58144952e+02 
 1.54881662e+01  8.06222853e+01  1.54881662e+01  1.57697584e+02 
 1.58489319e+01  8.05934564e+01  1.58489319e+01  1.57242423e+02 
 1.62181010e+01  8.05635013e+01  1.62181010e+01  1.56779462e+02 
 1.65958691e+01  8.05323810e+01  1.65958691e+01  1.56308702e+02 
 1.69824365e+01  8.05000557e+01  1.69824365e+01  1.55830153e+02 
 1.73780083e+01  8.04664852e+01  1.73780083e+01  1.55343834e+02 
 1.77827941e+01  8.04316288e+01  1.77827941e+01  1.54849774e+02 
 1.81970086e+01  8.03954453e+01  1.81970086e+01  1.54348012e+02 
 1.86208714e+01  8.03578932e+01  1.86208714e+01  1.53838597e+02 
 1.90546072e+01  8.03189307e+01  1.90546072e+01  1.53321588e+02 
 1.94984460e+01  8.02785158e+01  1.94984460e+01  1.52797056e+02 
 1.99526231e+01  8.02366063e+01  1.99526231e+01  1.52265084e+02 
 2.04173794e+01  8.01931599e+01  2.04173794e+01  1.51725765e+02 
 2.08929613e+01  8.01481344e+01  2.08929613e+01  1.51179205e+02 
 2.13796209e+01  8.01014879e+01  2.13796209e+01  1.50625521e+02 
 2.18776162e+01  8.00531783e+01  2.18776162e+01  1.50064844e+02 
 2.23872114e+01  8.00031643e+01  2.23872114e+01  1.49497315e+02 
 2.29086765e+01  7.99514046e+01  2.29086765e+01  1.48923091e+02 
 2.34422882e+01  7.98978588e+01  2.34422882e+01  1.48342338e+02 
 2.39883292e+01  7.98424869e+01  2.39883292e+01  1.47755238e+02 
 2.45470892e+01  7.97852499e+01  2.45470892e+01  1.47161984e+02 
 2.51188643e+01  7.97261095e+01  2.51188643e+01  1.46562782e+02 
 2.57039578e+01  7.96650284e+01  2.57039578e+01  1.45957849e+02 
 2.63026799e+01  7.96019706e+01  2.63026799e+01  1.45347418e+02 
 2.69153480e+01  7.95369012e+01  2.69153480e+01  1.44731730e+02 
 2.75422870e+01  7.94697868e+01  2.75422870e+01  1.44111040e+02 
 2.81838293e+01  7.94005953e+01  2.81838293e+01  1.43485614e+02 
 2.88403150e+01  7.93292963e+01  2.88403150e+01  1.42855729e+02 
 2.95120923e+01  7.92558612e+01  2.95120923e+01  1.42221672e+02 
 3.01995172e+01  7.91802630e+01  3.01995172e+01  1.41583740e+02 
 3.09029543e+01  7.91024769e+01  3.09029543e+01  1.40942241e+02 
 3.16227766e+01  7.90224798e+01  3.16227766e+01  1.40297488e+02 
 3.23593657e+01  7.89402509e+01  3.23593657e+01  1.39649807e+02 
 3.31131121e+01  7.88557716e+01  3.31131121e+01  1.38999526e+02 
 3.38844156e+01  7.87690254e+01  3.38844156e+01  1.38346983e+02 
 3.46736850e+01  7.86799982e+01  3.46736850e+01  1.37692520e+02 
 3.54813389e+01  7.85886784e+01  3.54813389e+01  1.37036485e+02 
 3.63078055e+01  7.84950566e+01  3.63078055e+01  1.36379228e+02 
 3.71535229e+01  7.83991261e+01  3.71535229e+01  1.35721104e+02 
 3.80189396e+01  7.83008826e+01  3.80189396e+01  1.35062469e+02 
 3.89045145e+01  7.82003241e+01  3.89045145e+01  1.34403678e+02 
 3.98107171e+01  7.80974514e+01  3.98107171e+01  1.33745090e+02 
 4.07380278e+01  7.79922678e+01  4.07380278e+01  1.33087059e+02 
 4.16869383e+01  7.78847787e+01  4.16869383e+01  1.32429941e+02 
 4.26579519e+01  7.77749925e+01  4.26579519e+01  1.31774086e+02 
 4.36515832e+01  7.76629197e+01  4.36515832e+01  1.31119843e+02 
 4.46683592e+01  7.75485731e+01  4.46683592e+01  1.30467553e+02 
 4.57088190e+01  7.74319680e+01  4.57088190e+01  1.29817555e+02 
 4.67735141e+01  7.73131220e+01  4.67735141e+01  1.29170180e+02 
 4.78630092e+01  7.71920547e+01  4.78630092e+01  1.28525752e+02 
 4.89778819e+01  7.70687879e+01  4.89778819e+01  1.27884587e+02 
 5.01187234e+01  7.69433453e+01  5.01187234e+01  1.27246993e+02 
 5.12861384e+01  7.68157527e+01  5.12861384e+01  1.26613269e+02 
 5.24807460e+01  7.66860375e+01  5.24807460e+01  1.25983703e+02 
 5.37031796e+01  7.65542290e+01  5.37031796e+01  1.25358574e+02 
 5.49540874e+01  7.64203579e+01  5.49540874e+01  1.24738149e+02 
 5.62341325e+01  7.62844565e+01  5.62341325e+01  1.24122686e+02 
 5.75439937e+01  7.61465586e+01  5.75439937e+01  1.23512429e+02 
 5.88843655e+01  7.60066988e+01  5.88843655e+01  1.22907612e+02 
 6.02559586e+01  7.58649134e+01  6.02559586e+01  1.22308455e+02 
 6.16595002e+01  7.57212392e+01  6.16595002e+01  1.21715168e+02 
 6.30957344e+01  7.55757144e+01  6.30957344e+01  1.21127946e+02 
 6.45654229e+01  7.54283775e+01  6.45654229e+01  1.20546975e+02 
 6.60693448e+01  7.52792680e+01  6.60693448e+01  1.19972424e+02 
 6.76082975e+01  7.51284258e+01  6.76082975e+01  1.19404454e+02 
 6.91830971e+01  7.49758913e+01  6.91830971e+01  1.18843210e+02 
 7.07945784e+01  7.48217053e+01  7.07945784e+01  1.18288828e+02 
 7.24435960e+01  7.46659086e+01  7.24435960e+01  1.17741428e+02 
 7.41310241e+01  7.45085425e+01  7.41310241e+01  1.17201122e+02 
 7.58577575e+01  7.43496480e+01  7.58577575e+01  1.16668007e+02 
 7.76247117e+01  7.41892664e+01  7.76247117e+01  1.16142171e+02 
 7.94328235e+01  7.40274387e+01  7.94328235e+01  1.15623689e+02 
 8.12830516e+01  7.38642055e+01  8.12830516e+01  1.15112626e+02 
 8.31763771e+01  7.36996076e+01  8.31763771e+01  1.14609038e+02 
 8.51138038e+01  7.35336850e+01  8.51138038e+01  1.14112967e+02 
 8.70963590e+01  7.33664776e+01  8.70963590e+01  1.13624449e+02 
 8.91250938e+01  7.31980247e+01  8.91250938e+01  1.13143508e+02 
 9.12010839e+01  7.30283651e+01  9.12010839e+01  1.12670160e+02 
 9.33254301e+01  7.28575371e+01  9.33254301e+01  1.12204413e+02 
 9.54992586e+01  7.26855783e+01  9.54992586e+01  1.11746265e+02 
 9.77237221e+01  7.25125257e+01  9.77237221e+01  1.11295708e+02 
 1.00000000e+02  7.23384155e+01  1.00000000e+02  1.10852725e+02 
 1.02329299e+02  7.21632835e+01  1.02329299e+02  1.10417293e+02 
 1.04712855e+02  7.19871645e+01  1.04712855e+02  1.09989381e+02 
 1.07151931e+02  7.18100925e+01  1.07151931e+02  1.09568954e+02 
 1.09647820e+02  7.16321009e+01  1.09647820e+02  1.09155969e+02 
 1.12201845e+02  7.14532223e+01  1.12201845e+02  1.08750379e+02 
 1.14815362e+02  7.12734883e+01  1.14815362e+02  1.08352130e+02 
 1.17489755e+02  7.10929299e+01  1.17489755e+02  1.07961165e+02 
 1.20226443e+02  7.09115772e+01  1.20226443e+02  1.07577421e+02 
 1.23026877e+02  7.07294594e+01  1.23026877e+02  1.07200833e+02 
 1.25892541e+02  7.05466050e+01  1.25892541e+02  1.06831331e+02 
 1.28824955e+02  7.03630417e+01  1.28824955e+02  1.06468840e+02 
 1.31825674e+02  7.01787962e+01  1.31825674e+02  1.06113286e+02 
 1.34896288e+02  6.99938946e+01  1.34896288e+02  1.05764587e+02 
 1.38038426e+02  6.98083621e+01  1.38038426e+02  1.05422663e+02 
 1.41253754e+02  6.96222230e+01  1.41253754e+02  1.05087429e+02 
 1.44543977e+02  6.94355010e+01  1.44543977e+02  1.04758798e+02 
 1.47910839e+02  6.92482190e+01  1.47910839e+02  1.04436683e+02 
 1.51356125e+02  6.90603991e+01  1.51356125e+02  1.04120994e+02 
 1.54881662e+02  6.88720626e+01  1.54881662e+02  1.03811639e+02 
 1.58489319e+02  6.86832301e+01  1.58489319e+02  1.03508527e+02 
 1.62181010e+02  6.84939216e+01  1.62181010e+02  1.03211564e+02 
 1.65958691e+02  6.83041562e+01  1.65958691e+02  1.02920657e+02 
 1.69824365e+02  6.81139525e+01  1.69824365e+02  1.02635710e+02 
 1.73780083e+02  6.79233283e+01  1.73780083e+02  1.02356629e+02 
 1.77827941e+02  6.77323008e+01  1.77827941e+02  1.02083319e+02 
 1.81970086e+02  6.75408867e+01  1.81970086e+02  1.01815683e+02 
 1.86208714e+02  6.73491018e+01  1.86208714e+02  1.01553627e+02 
 1.90546072e+02  6.71569616e+01  1.90546072e+02  1.01297056e+02 
 1.94984460e+02  6.69644807e+01  1.94984460e+02  1.01045873e+02 
 1.99526231e+02  6.67716735e+01  1.99526231e+02  1.00799985e+02 
 2.04173794e+02  6.65785535e+01  2.04173794e+02  1.00559296e+02 
 2.08929613e+02  6.63851340e+01  2.08929613e+02  1.00323714e+02 
 2.13796209e+02  6.61914275e+01  2.13796209e+02  1.00093145e+02 
 2.18776162e+02  6.59974461e+01  2.18776162e+02  9.98674951e+01 
 2.23872114e+02  6.58032016e+01  2.23872114e+02  9.96466741e+01 
 2.29086765e+02  6.56087051e+01  2.29086765e+02  9.94305904e+01 
 2.34422882e+02  6.54139674e+01  2.34422882e+02  9.92191539e+01 
 2.39883292e+02  6.52189987e+01  2.39883292e+02  9.90122753e+01 
 2.45470892e+02  6.50238089e+01  2.45470892e+02  9.88098662e+01 
 2.51188643e+02  6.48284075e+01  2.51188643e+02  9.86118395e+01 
 2.57039578e+02  6.46328037e+01  2.57039578e+02  9.84181090e+01 
 2.63026799e+02  6.44370061e+01  2.63026799e+02  9.82285894e+01 
 2.69153480e+02  6.42410232e+01  2.69153480e+02  9.80431967e+01 
 2.75422870e+02  6.40448629e+01  2.75422870e+02  9.78618480e+01 
 2.81838293e+02  6.38485329e+01  2.81838293e+02  9.76844616e+01 
 2.88403150e+02  6.36520405e+01  2.88403150e+02  9.75109569e+01 
 2.95120923e+02  6.34553930e+01  2.95120923e+02  9.73412544e+01 
 3.01995172e+02  6.32585969e+01  3.01995172e+02  9.71752761e+01 
 3.09029543e+02  6.30616588e+01  3.09029543e+02  9.70129449e+01 
 3.16227766e+02  6.28645849e+01  3.16227766e+02  9.68541851e+01 
 3.23593657e+02  6.26673811e+01  3.23593657e+02  9.66989221e+01 
 3.31131121e+02  6.24700532e+01  3.31131121e+02  9.65470827e+01 
 3.38844156e+02  6.22726065e+01  3.38844156e+02  9.63985947e+01 
 3.46736850e+02  6.20750462e+01  3.46736850e+02  9.62533874e+01 
 3.54813389e+02  6.18773774e+01  3.54813389e+02  9.61113911e+01 
 3.63078055e+02  6.16796049e+01  3.63078055e+02  9.59725374e+01 
 3.71535229e+02  6.14817332e+01  3.71535229e+02  9.58367591e+01 
 3.80189396e+02  6.12837666e+01  3.80189396e+02  9.57039902e+01 
 3.89045145e+02  6.10857094e+01  3.89045145e+02  9.55741661e+01 
 3.98107171e+02  6.08875655e+01  3.98107171e+02  9.54472230e+01 
 4.07380278e+02  6.06893389e+01  4.07380278e+02  9.53230987e+01 
 4.16869383e+02  6.04910331e+01  4.16869383e+02  9.52017319e+01 
 4.26579519e+02  6.02926516e+01  4.26579519e+02  9.50830624e+01 
 4.36515832e+02  6.00941979e+01  4.36515832e+02  9.49670315e+01 
 4.46683592e+02  5.98956751e+01  4.46683592e+02  9.48535814e+01 
 4.57088190e+02  5.96970863e+01  4.57088190e+02  9.47426553e+01 
 4.67735141e+02  5.94984343e+01  4.67735141e+02  9.46341978e+01 
 4.78630092e+02  5.92997221e+01  4.78630092e+02  9.45281543e+01 
 4.89778819e+02  5.91009523e+01  4.89778819e+02  9.44244715e+01 
 5.01187234e+02  5.89021275e+01  5.01187234e+02  9.43230972e+01 
 5.12861384e+02  5.87032500e+01  5.12861384e+02  9.42239800e+01 
 5.24807460e+02  5.85043223e+01  5.24807460e+02  9.41270697e+01 
 5.37031796e+02  5.83053466e+01  5.37031796e+02  9.40323170e+01 
 5.49540874e+02  5.81063250e+01  5.49540874e+02  9.39396739e+01 
 5.62341325e+02  5.79072596e+01  5.62341325e+02  9.38490930e+01 
 5.75439937e+02  5.77081522e+01  5.75439937e+02  9.37605281e+01 
 5.88843655e+02  5.75090049e+01  5.88843655e+02  9.36739338e+01 
 6.02559586e+02  5.73098194e+01  6.02559586e+02  9.35892659e+01 
 6.16595002e+02  5.71105974e+01  6.16595002e+02  9.35064808e+01 
 6.30957344e+02  5.69113404e+01  6.30957344e+02  9.34255361e+01 
 6.45654229e+02  5.67120502e+01  6.45654229e+02  9.33463900e+01 
 6.60693448e+02  5.65127281e+01  6.60693448e+02  9.32690017e+01 
 6.76082975e+02  5.63133756e+01  6.76082975e+02  9.31933313e+01 
 6.91830971e+02  5.61139940e+01  6.91830971e+02  9.31193398e+01 
 7.07945784e+02  5.59145847e+01  7.07945784e+02  9.30469888e+01 
 7.24435960e+02  5.57151489e+01  7.24435960e+02  9.29762408e+01 
 7.41310241e+02  5.55156878e+01  7.41310241e+02  9.29070592e+01 
 7.58577575e+02  5.53162025e+01  7.58577575e+02  9.28394081e+01 
 7.76247117e+02  5.51166941e+01  7.76247117e+02  9.27732524e+01 
 7.94328235e+02  5.49171636e+01  7.94328235e+02  9.27085575e+01 
 8.12830516e+02  5.47176120e+01  8.12830516e+02  9.26452900e+01 
 8.31763771e+02  5.45180403e+01  8.31763771e+02  9.25834167e+01 
 8.51138038e+02  5.43184493e+01  8.51138038e+02  9.25229055e+01 
 8.70963590e+02  5.41188400e+01  8.70963590e+02  9.24637247e+01 
 8.91250938e+02  5.39192132e+01  8.91250938e+02  9.24058436e+01 
 9.12010839e+02  5.37195695e+01  9.12010839e+02  9.23492317e+01 
 9.33254301e+02  5.35199099e+01  9.33254301e+02  9.22938597e+01 
 9.54992586e+02  5.33202350e+01  9.54992586e+02  9.22396983e+01 
 9.77237221e+02  5.31205455e+01  9.77237221e+02  9.21867194e+01 
 1.00000000e+03  5.29208420e+01  1.00000000e+03  9.21348952e+01 
 1.02329299e+03  5.27211252e+01  1.02329299e+03  9.20841985e+01 
 1.04712855e+03  5.25213957e+01  1.04712855e+03  9.20346027e+01 
 1.07151931e+03  5.23216540e+01  1.07151931e+03  9.19860818e+01 
 1.09647820e+03  5.21219008e+01  1.09647820e+03  9.19386103e+01 
 1.12201845e+03  5.19221364e+01  1.12201845e+03  9.18921633e+01 
 1.14815362e+03  5.17223615e+01  1.14815362e+03  9.18467164e+01 
 1.17489755e+03  5.15225764e+01  1.17489755e+03  9.18022458e+01 
 1.20226443e+03  5.13227817e+01  1.20226443e+03  9.17587280e+01 
 1.23026877e+03  5.11229778e+01  1.23026877e+03  9.17161401e+01 
 1.25892541e+03  5.09231650e+01  1.25892541e+03  9.16744598e+01 
 1.28824955e+03  5.07233439e+01  1.28824955e+03  9.16336650e+01 
 1.31825674e+03  5.05235147e+01  1.31825674e+03  9.15937344e+01 
 1.34896288e+03  5.03236778e+01  1.34896288e+03  9.15546468e+01 
 1.38038426e+03  5.01238336e+01  1.38038426e+03  9.15163817e+01 
 1.41253754e+03  4.99239825e+01  1.41253754e+03  9.14789190e+01 
 1.44543977e+03  4.97241246e+01  1.44543977e+03  9.14422387e+01 
 1.47910839e+03  4.95242604e+01  1.47910839e+03  9.14063218e+01 
 1.51356125e+03  4.93243900e+01  1.51356125e+03  9.13711491e+01 
 1.54881662e+03  4.91245139e+01  1.54881662e+03  9.13367021e+01 
 1.58489319e+03  4.89246322e+01  1.58489319e+03  9.13029626e+01 
 1.62181010e+03  4.87247451e+01  1.62181010e+03  9.12699129e+01 
 1.65958691e+03  4.85248531e+01  1.65958691e+03  9.12375355e+01 
 1.69824365e+03  4.83249561e+01  1.69824365e+03  9.12058132e+01 
 1.73780083e+03  4.81250546e+01  1.73780083e+03  9.11747294e+01 
 1.77827941e+03  4.79251486e+01  1.77827941e+03  9.11442676e+01 
 1.81970086e+03  4.77252385e+01  1.81970086e+03  9.11144117e+01 
 1.86208714e+03  4.75253243e+01  1.86208714e+03  9.10851459e+01 
 1.90546072e+03  4.73254063e+01  1.90546072e+03  9.10564548e+01 
 1.94984460e+03  4.71254846e+01  1.94984460e+03  9.10283232e+01 
 1.99526231e+03  4.69255594e+01  1.99526231e+03  9.10007362e+01 
 2.04173794e+03  4.67256308e+01  2.04173794e+03  9.09736793e+01 
 2.08929613e+03  4.65256991e+01  2.08929613e+03  9.09471381e+01 
 2.13796209e+03  4.63257643e+01  2.13796209e+03  9.09210987e+01 
 2.18776162e+03  4.61258266e+01  2.18776162e+03  9.08955471e+01 
 2.23872114e+03  4.59258862e+01  2.23872114e+03  9.08704699e+01 
 2.29086765e+03  4.57259431e+01  2.29086765e+03  9.08458539e+01 
 2.34422882e+03  4.55259974e+01  2.34422882e+03  9.08216860e+01 
 2.39883292e+03  4.53260494e+01  2.39883292e+03  9.07979534e+01 
 2.45470892e+03  4.51260990e+01  2.45470892e+03  9.07746436e+01 
 2.51188643e+03  4.49261465e+01  2.51188643e+03  9.07517442e+01 
 2.57039578e+03  4.47261918e+01  2.57039578e+03  9.07292431e+01 
 2.63026799e+03  4.45262352e+01  2.63026799e+03  9.07071284e+01 
 2.69153480e+03  4.43262766e+01  2.69153480e+03  9.06853884e+01 
 2.75422870e+03  4.41263162e+01  2.75422870e+03  9.06640116e+01 
 2.81838293e+03  4.39263541e+01  2.81838293e+03  9.06429866e+01 
 2.88403150e+03  4.37263903e+01  2.88403150e+03  9.06223023e+01 
 2.95120923e+03  4.35264249e+01  2.95120923e+03  9.06019479e+01 
 3.01995172e+03  4.33264581e+01  3.01995172e+03  9.05819124e+01 
 3.09029543e+03  4.31264897e+01  3.09029543e+03  9.05621852e+01 
 3.16227766e+03  4.29265201e+01  3.16227766e+03  9.05427560e+01 
 3.23593657e+03  4.27265491e+01  3.23593657e+03  9.05236145e+01 
 3.31131121e+03  4.25265768e+01  3.31131121e+03  9.05047504e+01 
 3.38844156e+03  4.23266034e+01  3.38844156e+03  9.04861538e+01 
 3.46736850e+03  4.21266289e+01  3.46736850e+03  9.04678149e+01 
 3.54813389e+03  4.19266533e+01  3.54813389e+03  9.04497240e+01 
 3.63078055e+03  4.17266766e+01  3.63078055e+03  9.04318713e+01 
 3.71535229e+03  4.15266990e+01  3.71535229e+03  9.04142476e+01 
 3.80189396e+03  4.13267204e+01  3.80189396e+03  9.03968434e+01 
 3.89045145e+03  4.11267410e+01  3.89045145e+03  9.03796496e+01 
 3.98107171e+03  4.09267608e+01  3.98107171e+03  9.03626570e+01 
 4.07380278e+03  4.07267797e+01  4.07380278e+03  9.03458566e+01 
 4.16869383e+03  4.05267979e+01  4.16869383e+03  9.03292395e+01 
 4.26579519e+03  4.03268153e+01  4.26579519e+03  9.03127969e+01 
 4.36515832e+03  4.01268321e+01  4.36515832e+03  9.02965201e+01 
 4.46683592e+03  3.99268483e+01  4.46683592e+03  9.02804005e+01 
 4.57088190e+03  3.97268638e+01  4.57088190e+03  9.02644295e+01 
 4.67735141e+03  3.95268788e+01  4.67735141e+03  9.02485987e+01 
 4.78630092e+03  3.93268932e+01  4.78630092e+03  9.02328997e+01 
 4.89778819e+03  3.91269071e+01  4.89778819e+03  9.02173240e+01 
 5.01187234e+03  3.89269205e+01  5.01187234e+03  9.02018636e+01 
 5.12861384e+03  3.87269334e+01  5.12861384e+03  9.01865102e+01 
 5.24807460e+03  3.85269460e+01  5.24807460e+03  9.01712557e+01 
 5.37031796e+03  3.83269581e+01  5.37031796e+03  9.01560919e+01 
 5.49540874e+03  3.81269698e+01  5.49540874e+03  9.01410109e+01 
 5.62341325e+03  3.79269812e+01  5.62341325e+03  9.01260046e+01 
 5.75439937e+03  3.77269923e+01  5.75439937e+03  9.01110651e+01 
 5.88843655e+03  3.75270030e+01  5.88843655e+03  9.00961844e+01 
 6.02559586e+03  3.73270135e+01  6.02559586e+03  9.00813548e+01 
 6.16595002e+03  3.71270237e+01  6.16595002e+03  9.00665683e+01 
 6.30957344e+03  3.69270337e+01  6.30957344e+03  9.00518170e+01 
 6.45654229e+03  3.67270435e+01  6.45654229e+03  9.00370933e+01 
 6.60693448e+03  3.65270530e+01  6.60693448e+03  9.00223892e+01 
 6.76082975e+03  3.63270624e+01  6.76082975e+03  9.00076969e+01 
 6.91830971e+03  3.61270717e+01  6.91830971e+03  8.99930088e+01 
 7.07945784e+03  3.59270808e+01  7.07945784e+03  8.99783169e+01 
 7.24435960e+03  3.57270898e+01  7.24435960e+03  8.99636135e+01 
 7.41310241e+03  3.55270986e+01  7.41310241e+03  8.99488909e+01 
 7.58577575e+03  3.53271074e+01  7.58577575e+03  8.99341411e+01 
 7.76247117e+03  3.51271162e+01  7.76247117e+03  8.99193564e+01 
 7.94328235e+03  3.49271249e+01  7.94328235e+03  8.99045290e+01 
 8.12830516e+03  3.47271336e+01  8.12830516e+03  8.98896510e+01 
 8.31763771e+03  3.45271422e+01  8.31763771e+03  8.98747145e+01 
 8.51138038e+03  3.43271509e+01  8.51138038e+03  8.98597115e+01 
 8.70963590e+03  3.41271597e+01  8.70963590e+03  8.98446342e+01 
 8.91250938e+03  3.39271684e+01  8.91250938e+03  8.98294746e+01 
 9.12010839e+03  3.37271773e+01  9.12010839e+03  8.98142245e+01 
 9.33254301e+03  3.35271862e+01  9.33254301e+03  8.97988760e+01 
 9.54992586e+03  3.33271952e+01  9.54992586e+03  8.97834208e+01 
 9.77237221e+03  3.31272044e+01  9.77237221e+03  8.97678509e+01 
 1.00000000e+04  3.29272137e+01  1.00000000e+04  8.97521579e+01 
 1.02329299e+04  3.27272232e+01  1.02329299e+04  8.97363335e+01 
 1.04712855e+04  3.25272328e+01  1.04712855e+04  8.97203693e+01 
 1.07151931e+04  3.23272427e+01  1.07151931e+04  8.97042570e+01 
 1.09647820e+04  3.21272528e+01  1.09647820e+04  8.96879878e+01 
 1.12201845e+04  3.19272631e+01  1.12201845e+04  8.96715533e+01 
 1.14815362e+04  3.17272737e+01  1.14815362e+04  8.96549447e+01 
 1.17489755e+04  3.15272846e+01  1.17489755e+04  8.96381531e+01 
 1.20226443e+04  3.13272958e+01  1.20226443e+04  8.96211698e+01 
 1.23026877e+04  3.11273074e+01  1.23026877e+04  8.96039857e+01 
 1.25892541e+04  3.09273193e+01  1.25892541e+04  8.95865917e+01 
 1.28824955e+04  3.07273316e+01  1.28824955e+04  8.95689785e+01 
 1.31825674e+04  3.05273443e+01  1.31825674e+04  8.95511369e+01 
 1.34896288e+04  3.03273575e+01  1.34896288e+04  8.95330574e+01 
 1.38038426e+04  3.01273711e+01  1.38038426e+04  8.95147304e+01 
 1.41253754e+04  2.99273853e+01  1.41253754e+04  8.94961462e+01 
 1.44543977e+04  2.97273999e+01  1.44543977e+04  8.94772949e+01 
 1.47910839e+04  2.95274151e+01  1.47910839e+04  8.94581666e+01 
 1.51356125e+04  2.93274310e+01  1.51356125e+04  8.94387512e+01 
 1.54881662e+04  2.91274474e+01  1.54881662e+04  8.94190383e+01 
 1.58489319e+04  2.89274645e+01  1.58489319e+04  8.93990175e+01 
 1.62181010e+04  2.87274823e+01  1.62181010e+04  8.93786782e+01 
 1.65958691e+04  2.85275009e+01  1.65958691e+04  8.93580096e+01 
 1.69824365e+04  2.83275202e+01  1.69824365e+04  8.93370008e+01 
 1.73780083e+04  2.81275403e+01  1.73780083e+04  8.93156407e+01 
 1.77827941e+04  2.79275613e+01  1.77827941e+04  8.92939178e+01 
 1.81970086e+04  2.77275832e+01  1.81970086e+04  8.92718209e+01 
 1.86208714e+04  2.75276060e+01  1.86208714e+04  8.92493380e+01 
 1.90546072e+04  2.73276299e+01  1.90546072e+04  8.92264574e+01 
 1.94984460e+04  2.71276548e+01  1.94984460e+04  8.92031669e+01 
 1.99526231e+04  2.69276808e+01  1.99526231e+04  8.91794542e+01 
 2.04173794e+04  2.67277079e+01  2.04173794e+04  8.91553067e+01 
 2.08929613e+04  2.65277363e+01  2.08929613e+04  8.91307117e+01 
 2.13796209e+04  2.63277659e+01  2.13796209e+04  8.91056561e+01 
 2.18776162e+04  2.61277969e+01  2.18776162e+04  8.90801266e+01 
 2.23872114e+04  2.59278293e+01  2.23872114e+04  8.90541099e+01 
 2.29086765e+04  2.57278632e+01  2.29086765e+04  8.90275920e+01 
 2.34422882e+04  2.55278986e+01  2.34422882e+04  8.90005590e+01 
 2.39883292e+04  2.53279356e+01  2.39883292e+04  8.89729965e+01 
 2.45470892e+04  2.51279743e+01  2.45470892e+04  8.89448900e+01 
 2.51188643e+04  2.49280148e+01  2.51188643e+04  8.89162246e+01 
 2.57039578e+04  2.47280572e+01  2.57039578e+04  8.88869852e+01 
 2.63026799e+04  2.45281016e+01  2.63026799e+04  8.88571563e+01 
 2.69153480e+04  2.43281480e+01  2.69153480e+04  8.88267221e+01 
 2.75422870e+04  2.41281965e+01  2.75422870e+04  8.87956666e+01 
 2.81838293e+04  2.39282473e+01  2.81838293e+04  8.87639732e+01 
 2.88403150e+04  2.37283005e+01  2.88403150e+04  8.87316253e+01 
 2.95120923e+04  2.35283562e+01  2.95120923e+04  8.86986058e+01 
 3.01995172e+04  2.33284144e+01  3.01995172e+04  8.86648973e+01 
 3.09029543e+04  2.31284754e+01  3.09029543e+04  8.86304818e+01 
 3.16227766e+04  2.29285392e+01  3.16227766e+04  8.85953414e+01 
 3.23593657e+04  2.27286061e+01  3.23593657e+04  8.85594573e+01 
 3.31131121e+04  2.25286760e+01  3.31131121e+04  8.85228106e+01 
 3.38844156e+04  2.23287493e+01  3.38844156e+04  8.84853821e+01 
 3.46736850e+04  2.21288259e+01  3.46736850e+04  8.84471519e+01 
 3.54813389e+04  2.19289062e+01  3.54813389e+04  8.84080999e+01 
 3.63078055e+04  2.17289903e+01  3.63078055e+04  8.83682055e+01 
 3.71535229e+04  2.15290783e+01  3.71535229e+04  8.83274477e+01 
 3.80189396e+04  2.13291705e+01  3.80189396e+04  8.82858049e+01 
 3.89045145e+04  2.11292670e+01  3.89045145e+04  8.82432553e+01 
 3.98107171e+04  2.09293680e+01  3.98107171e+04  8.81997763e+01 
 4.07380278e+04  2.07294739e+01  4.07380278e+04  8.81553451e+01 
 4.16869383e+04  2.05295847e+01  4.16869383e+04  8.81099384e+01 
 4.26579519e+04  2.03297007e+01  4.26579519e+04  8.80635321e+01 
 4.36515832e+04  2.01298223e+01  4.36515832e+04  8.80161019e+01 
 4.46683592e+04  1.99299496e+01  4.46683592e+04  8.79676229e+01 
 4.57088190e+04  1.97300829e+01  4.57088190e+04  8.79180694e+01 
 4.67735141e+04  1.95302225e+01  4.67735141e+04  8.78674156e+01 
 4.78630092e+04  1.93303687e+01  4.78630092e+04  8.78156347e+01 
 4.89778819e+04  1.91305219e+01  4.89778819e+04  8.77626996e+01 
 5.01187234e+04  1.89306823e+01  5.01187234e+04  8.77085825e+01 
 5.12861384e+04  1.87308503e+01  5.12861384e+04  8.76532549e+01 
 5.24807460e+04  1.85310263e+01  5.24807460e+04  8.75966879e+01 
 5.37031796e+04  1.83312106e+01  5.37031796e+04  8.75388518e+01 
 5.49540874e+04  1.81314037e+01  5.49540874e+04  8.74797163e+01 
 5.62341325e+04  1.79316060e+01  5.62341325e+04  8.74192504e+01 
 5.75439937e+04  1.77318178e+01  5.75439937e+04  8.73574225e+01 
 5.88843655e+04  1.75320398e+01  5.88843655e+04  8.72942002e+01 
 6.02559586e+04  1.73322723e+01  6.02559586e+04  8.72295504e+01 
 6.16595002e+04  1.71325158e+01  6.16595002e+04  8.71634394e+01 
 6.30957344e+04  1.69327710e+01  6.30957344e+04  8.70958327e+01 
 6.45654229e+04  1.67330383e+01  6.45654229e+04  8.70266949e+01 
 6.60693448e+04  1.65333183e+01  6.60693448e+04  8.69559901e+01 
 6.76082975e+04  1.63336117e+01  6.76082975e+04  8.68836813e+01 
 6.91830971e+04  1.61339191e+01  6.91830971e+04  8.68097309e+01 
 7.07945784e+04  1.59342412e+01  7.07945784e+04  8.67341004e+01 
 7.24435960e+04  1.57345786e+01  7.24435960e+04  8.66567505e+01 
 7.41310241e+04  1.55349322e+01  7.41310241e+04  8.65776411e+01 
 7.58577575e+04  1.53353026e+01  7.58577575e+04  8.64967309e+01 
 7.76247117e+04  1.51356908e+01  7.76247117e+04  8.64139782e+01 
 7.94328235e+04  1.49360975e+01  7.94328235e+04  8.63293399e+01 
 8.12830516e+04  1.47365238e+01  8.12830516e+04  8.62427724e+01 
 8.31763771e+04  1.45369704e+01  8.31763771e+04  8.61542307e+01 
 8.51138038e+04  1.43374385e+01  8.51138038e+04  8.60636692e+01 
 8.70963590e+04  1.41379290e+01  8.70963590e+04  8.59710411e+01 
 8.91250938e+04  1.39384431e+01  8.91250938e+04  8.58762986e+01 
 9.12010839e+04  1.37389818e+01  9.12010839e+04  8.57793930e+01 
 9.33254301e+04  1.35395465e+01  9.33254301e+04  8.56802744e+01 
 9.54992586e+04  1.33401383e+01  9.54992586e+04  8.55788919e+01 
 9.77237221e+04  1.31407586e+01  9.77237221e+04  8.54751934e+01 
 1.00000000e+05  1.29414088e+01  1.00000000e+05  8.53691257e+01 
 1.02329299e+05  1.27420903e+01  1.02329299e+05  8.52606347e+01 
 1.04712855e+05  1.25428047e+01  1.04712855e+05  8.51496647e+01 
 1.07151931e+05  1.23435536e+01  1.07151931e+05  8.50361592e+01 
 1.09647820e+05  1.21443386e+01  1.09647820e+05  8.49200603e+01 
 1.12201845e+05  1.19451616e+01  1.12201845e+05  8.48013087e+01 
 1.14815362e+05  1.17460244e+01  1.14815362e+05  8.46798443e+01 
 1.17489755e+05  1.15469290e+01  1.17489755e+05  8.45556052e+01 
 1.20226443e+05  1.13478774e+01  1.20226443e+05  8.44285286e+01 
 1.23026877e+05  1.11488717e+01  1.23026877e+05  8.42985500e+01 
 1.25892541e+05  1.09499143e+01  1.25892541e+05  8.41656038e+01 
 1.28824955e+05  1.07510075e+01  1.28824955e+05  8.40296230e+01 
 1.31825674e+05  1.05521538e+01  1.31825674e+05  8.38905390e+01 
 1.34896288e+05  1.03533557e+01  1.34896288e+05  8.37482820e+01 
 1.38038426e+05  1.01546162e+01  1.38038426e+05  8.36027804e+01 
 1.41253754e+05  9.95593793e+00  1.41253754e+05  8.34539614e+01 
 1.44543977e+05  9.75732404e+00  1.44543977e+05  8.33017506e+01 
 1.47910839e+05  9.55877766e+00  1.47910839e+05  8.31460720e+01 
 1.51356125e+05  9.36030213e+00  1.51356125e+05  8.29868479e+01 
 1.54881662e+05  9.16190093e+00  1.54881662e+05  8.28239993e+01 
 1.58489319e+05  8.96357771e+00  1.58489319e+05  8.26574452e+01 
 1.62181010e+05  8.76533632e+00  1.62181010e+05  8.24871033e+01 
 1.65958691e+05  8.56718076e+00  1.65958691e+05  8.23128892e+01 
 1.69824365e+05  8.36911527e+00  1.69824365e+05  8.21347171e+01 
 1.73780083e+05  8.17114424e+00  1.73780083e+05  8.19524992e+01 
 1.77827941e+05  7.97327233e+00  1.77827941e+05  8.17661461e+01 
 1.81970086e+05  7.77550437e+00  1.81970086e+05  8.15755664e+01 
 1.86208714e+05  7.57784544e+00  1.86208714e+05  8.13806670e+01 
 1.90546072e+05  7.38030087e+00  1.90546072e+05  8.11813529e+01 
 1.94984460e+05  7.18287623e+00  1.94984460e+05  8.09775271e+01 
 1.99526231e+05  6.98557735e+00  1.99526231e+05  8.07690907e+01 
 2.04173794e+05  6.78841034e+00  2.04173794e+05  8.05559428e+01 
 2.08929613e+05  6.59138158e+00  2.08929613e+05  8.03379806e+01 
 2.13796209e+05  6.39449775e+00  2.13796209e+05  8.01150991e+01 
 2.18776162e+05  6.19776583e+00  2.18776162e+05  7.98871916e+01 
 2.23872114e+05  6.00119313e+00  2.23872114e+05  7.96541488e+01 
 2.29086765e+05  5.80478728e+00  2.29086765e+05  7.94158598e+01 
 2.34422882e+05  5.60855625e+00  2.34422882e+05  7.91722114e+01 
 2.39883292e+05  5.41250837e+00  2.39883292e+05  7.89230880e+01 
 2.45470892e+05  5.21665234e+00  2.45470892e+05  7.86683723e+01 
 2.51188643e+05  5.02099724e+00  2.51188643e+05  7.84079444e+01 
 2.57039578e+05  4.82555253e+00  2.57039578e+05  7.81416826e+01 
 2.63026799e+05  4.63032810e+00  2.63026799e+05  7.78694628e+01 
 2.69153480e+05  4.43533425e+00  2.69153480e+05  7.75911585e+01 
 2.75422870e+05  4.24058173e+00  2.75422870e+05  7.73066414e+01 
 2.81838293e+05  4.04608174e+00  2.81838293e+05  7.70157806e+01 
 2.88403150e+05  3.85184593e+00  2.88403150e+05  7.67184433e+01 
 2.95120923e+05  3.65788646e+00  2.95120923e+05  7.64144943e+01 
 3.01995172e+05  3.46421598e+00  3.01995172e+05  7.61037963e+01 
 3.09029543e+05  3.27084766e+00  3.09029543e+05  7.57862097e+01 
 3.16227766e+05  3.07779518e+00  3.16227766e+05  7.54615929e+01 
 3.23593657e+05  2.88507281e+00  3.23593657e+05  7.51298020e+01 
 3.31131121e+05  2.69269534e+00  3.31131121e+05  7.47906912e+01 
 3.38844156e+05  2.50067819e+00  3.38844156e+05  7.44441124e+01 
 3.46736850e+05  2.30903734e+00  3.46736850e+05  7.40899157e+01 
 3.54813389e+05  2.11778942e+00  3.54813389e+05  7.37279490e+01 
 3.63078055e+05  1.92695167e+00  3.63078055e+05  7.33580585e+01 
 3.71535229e+05  1.73654200e+00  3.71535229e+05  7.29800882e+01 
 3.80189396e+05  1.54657899e+00  3.80189396e+05  7.25938808e+01 
 3.89045145e+05  1.35708190e+00  3.89045145e+05  7.21992768e+01 
 3.98107171e+05  1.16807071e+00  3.98107171e+05  7.17961154e+01 
 4.07380278e+05  9.79566109e-01  4.07380278e+05  7.13842340e+01 
 4.16869383e+05  7.91589534e-01  4.16869383e+05  7.09634687e+01 
 4.26579519e+05  6.04163181e-01  4.26579519e+05  7.05336541e+01 
 4.36515832e+05  4.17310018e-01  4.36515832e+05  7.00946238e+01 
 4.46683592e+05  2.31053805e-01  4.46683592e+05  6.96462099e+01 
 4.57088190e+05  4.54191032e-02  4.57088190e+05  6.91882439e+01 
 4.67735141e+05 -1.39568705e-01  4.67735141e+05  6.87205562e+01 
 4.78630092e+05 -3.23883407e-01  4.78630092e+05  6.82429764e+01 
 4.89778819e+05 -5.07497945e-01  4.89778819e+05  6.77553336e+01 
 5.01187234e+05 -6.90384408e-01  5.01187234e+05  6.72574566e+01 
 5.12861384e+05 -8.72514022e-01  5.12861384e+05  6.67491736e+01 
 5.24807460e+05 -1.05385714e+00  5.24807460e+05  6.62303130e+01 
 5.37031796e+05 -1.23438325e+00  5.37031796e+05  6.57007029e+01 
 5.49540874e+05 -1.41406094e+00  5.49540874e+05  6.51601720e+01 
 5.62341325e+05 -1.59285793e+00  5.62341325e+05  6.46085491e+01 
 5.75439937e+05 -1.77074108e+00  5.75439937e+05  6.40456636e+01 
 5.88843655e+05 -1.94767634e+00  5.88843655e+05  6.34713458e+01 
 6.02559586e+05 -2.12362884e+00  6.02559586e+05  6.28854268e+01 
 6.16595002e+05 -2.29856282e+00  6.16595002e+05  6.22877389e+01 
 6.30957344e+05 -2.47244170e+00  6.30957344e+05  6.16781154e+01 
 6.45654229e+05 -2.64522808e+00  6.45654229e+05  6.10563915e+01 
 6.60693448e+05 -2.81688377e+00  6.60693448e+05  6.04224036e+01 
 6.76082975e+05 -2.98736982e+00  6.76082975e+05  5.97759903e+01 
 6.91830971e+05 -3.15664653e+00  6.91830971e+05  5.91169917e+01 
 7.07945784e+05 -3.32467353e+00  7.07945784e+05  5.84452502e+01 
 7.24435960e+05 -3.49140980e+00  7.24435960e+05  5.77606105e+01 
 7.41310241e+05 -3.65681372e+00  7.41310241e+05  5.70629193e+01 
 7.58577575e+05 -3.82084313e+00  7.58577575e+05  5.63520259e+01 
 7.76247117e+05 -3.98345541e+00  7.76247117e+05  5.56277821e+01 
 7.94328235e+05 -4.14460754e+00  7.94328235e+05  5.48900420e+01 
 8.12830516e+05 -4.30425615e+00  8.12830516e+05  5.41386623e+01 
 8.31763771e+05 -4.46235767e+00  8.31763771e+05  5.33735021e+01 
 8.51138038e+05 -4.61886837e+00  8.51138038e+05  5.25944230e+01 
 8.70963590e+05 -4.77374449e+00  8.70963590e+05  5.18012888e+01 
 8.91250938e+05 -4.92694234e+00  8.91250938e+05  5.09939655e+01 
 9.12010839e+05 -5.07841842e+00  9.12010839e+05  5.01723210e+01 
 9.33254301e+05 -5.22812957e+00  9.33254301e+05  4.93362250e+01 
 9.54992586e+05 -5.37603309e+00  9.54992586e+05  4.84855485e+01 
 9.77237221e+05 -5.52208689e+00  9.77237221e+05  4.76201634e+01 
 1.00000000e+06 -5.66624966e+00  1.00000000e+06  4.67399423e+01 
 1.02329299e+06 -5.80848104e+00  1.02329299e+06  4.58447579e+01 
 1.04712855e+06 -5.94874180e+00  1.04712855e+06  4.49344823e+01 
 1.07151931e+06 -6.08699402e+00  1.07151931e+06  4.40089866e+01 
 1.09647820e+06 -6.22320131e+00  1.09647820e+06  4.30681397e+01 
 1.12201845e+06 -6.35732904e+00  1.12201845e+06  4.21118082e+01 
 1.14815362e+06 -6.48934455e+00  1.14815362e+06  4.11398549e+01 
 1.17489755e+06 -6.61921738e+00  1.17489755e+06  4.01521380e+01 
 1.20226443e+06 -6.74691957e+00  1.20226443e+06  3.91485104e+01 
 1.23026877e+06 -6.87242588e+00  1.23026877e+06  3.81288181e+01 
 1.25892541e+06 -6.99571415e+00  1.25892541e+06  3.70928993e+01 
 1.28824955e+06 -7.11676551e+00  1.28824955e+06  3.60405829e+01 
 1.31825674e+06 -7.23556479e+00  1.31825674e+06  3.49716875e+01 
 1.34896288e+06 -7.35210080e+00  1.34896288e+06  3.38860199e+01 
 1.38038426e+06 -7.46636674e+00  1.38038426e+06  3.27833734e+01 
 1.41253754e+06 -7.57836054e+00  1.41253754e+06  3.16635267e+01 
 1.44543977e+06 -7.68808531e+00  1.44543977e+06  3.05262424e+01 
 1.47910839e+06 -7.79554974e+00  1.47910839e+06  2.93712652e+01 
 1.51356125e+06 -7.90076857e+00  1.51356125e+06  2.81983208e+01 
 1.54881662e+06 -8.00376311e+00  1.54881662e+06  2.70071144e+01 
 1.58489319e+06 -8.10456175e+00  1.58489319e+06  2.57973293e+01 
 1.62181010e+06 -8.20320052e+00  1.62181010e+06  2.45686257e+01 
 1.65958691e+06 -8.29972369e+00  1.65958691e+06  2.33206398e+01 
 1.69824365e+06 -8.39418445e+00  1.69824365e+06  2.20529829e+01 
 1.73780083e+06 -8.48664556e+00  1.73780083e+06  2.07652407e+01 
 1.77827941e+06 -8.57718012e+00  1.77827941e+06  1.94569732e+01 
 1.81970086e+06 -8.66587237e+00  1.81970086e+06  1.81277145e+01 
 1.86208714e+06 -8.75281850e+00  1.86208714e+06  1.67769741e+01 
 1.90546072e+06 -8.83812758e+00  1.90546072e+06  1.54042374e+01 
 1.94984460e+06 -8.92192252e+00  1.94984460e+06  1.40089679e+01 
 1.99526231e+06 -9.00434104e+00  1.99526231e+06  1.25906099e+01 
 2.04173794e+06 -9.08553676e+00  2.04173794e+06  1.11485918e+01 
 2.08929613e+06 -9.16568031e+00  2.08929613e+06  9.68233129e+00 
 2.13796209e+06 -9.24496044e+00  2.13796209e+06  8.19124067e+00 
 2.18776162e+06 -9.32358517e+00  2.18776162e+06  6.67473465e+00 
 2.23872114e+06 -9.40178297e+00  2.23872114e+06  5.13223903e+00 
 2.29086765e+06 -9.47980389e+00  2.29086765e+06  3.56320148e+00 
 2.34422882e+06 -9.55792062e+00  2.34422882e+06  1.96710420e+00 
 2.39883292e+06 -9.63642947e+00  2.39883292e+06  3.43478786e-01 
 2.45470892e+06 -9.71565122e+00  2.45470892e+06 -1.30807657e+00 
 2.51188643e+06 -9.79593174e+00  2.51188643e+06 -2.98787745e+00 
 2.57039578e+06 -9.87764228e+00  2.57039578e+06 -4.69613095e+00 
 2.63026799e+06 -9.96117950e+00  2.63026799e+06 -6.43291086e+00 
 2.69153480e+06 -1.00469649e+01  2.69153480e+06 -8.19813033e+00 
 2.75422870e+06 -1.01354438e+01  2.75422870e+06 -9.99151220e+00 
 2.81838293e+06 -1.02270836e+01  2.81838293e+06 -1.18125574e+01 
 2.88403150e+06 -1.03223708e+01  2.88403150e+06 -1.36605119e+01 
 2.95120923e+06 -1.04218082e+01  2.95120923e+06 -1.55343333e+01 
 3.01995172e+06 -1.05259094e+01  3.01995172e+06 -1.74326574e+01 
 3.09029543e+06 -1.06351939e+01  3.09029543e+06 -1.93537670e+01 
 3.16227766e+06 -1.07501796e+01  3.16227766e+06 -2.12955640e+01 
 3.23593657e+06 -1.08713749e+01  3.23593657e+06 -2.32555465e+01 
 3.31131121e+06 -1.09992693e+01  3.31131121e+06 -2.52307933e+01 
 3.38844156e+06 -1.11343233e+01  3.38844156e+06 -2.72179578e+01 
 3.46736850e+06 -1.12769572e+01  3.46736850e+06 -2.92132738e+01 
 3.54813389e+06 -1.14275395e+01  3.54813389e+06 -3.12125738e+01 
 3.63078055e+06 -1.15863754e+01  3.63078055e+06 -3.32113232e+01 
 3.71535229e+06 -1.17536958e+01  3.71535229e+06 -3.52046696e+01 
 3.80189396e+06 -1.19296470e+01  3.80189396e+06 -3.71875081e+01 
 3.89045145e+06 -1.21142825e+01  3.89045145e+06 -3.91545617e+01 
 3.98107171e+06 -1.23075564e+01  3.98107171e+06 -4.11004742e+01 
 4.07380278e+06 -1.25093201e+01  4.07380278e+06 -4.30199128e+01 
 4.16869383e+06 -1.27193216e+01  4.16869383e+06 -4.49076772e+01 
 4.26579519e+06 -1.29372085e+01  4.26579519e+06 -4.67588085e+01 
 4.36515832e+06 -1.31625338e+01  4.36515832e+06 -4.85686953e+01 
 4.46683592e+06 -1.33947653e+01  4.46683592e+06 -5.03331693e+01 
 4.57088190e+06 -1.36332977e+01  4.57088190e+06 -5.20485882e+01 
 4.67735141e+06 -1.38774667e+01  4.67735141e+06 -5.37118997e+01 
 4.78630092e+06 -1.41265648e+01  4.78630092e+06 -5.53206862e+01 
 4.89778819e+06 -1.43798573e+01  4.89778819e+06 -5.68731865e+01 
 5.01187234e+06 -1.46365990e+01  5.01187234e+06 -5.83682965e+01 
 5.12861384e+06 -1.48960499e+01  5.12861384e+06 -5.98055492e+01 
 5.24807460e+06 -1.51574887e+01  5.24807460e+06 -6.11850762e+01 
 5.37031796e+06 -1.54202252e+01  5.37031796e+06 -6.25075553e+01 
 5.49540874e+06 -1.56836105e+01  5.49540874e+06 -6.37741467e+01 
 5.62341325e+06 -1.59470440e+01  5.62341325e+06 -6.49864220e+01 
 5.75439937e+06 -1.62099785e+01  5.75439937e+06 -6.61462911e+01 
 5.88843655e+06 -1.64719231e+01  5.88843655e+06 -6.72559289e+01 
 6.02559586e+06 -1.67324438e+01  6.02559586e+06 -6.83177056e+01 
 6.16595002e+06 -1.69911623e+01  6.16595002e+06 -6.93341229e+01 
 6.30957344e+06 -1.72477534e+01  6.30957344e+06 -7.03077573e+01 
 6.45654229e+06 -1.75019419e+01  6.45654229e+06 -7.12412117e+01 
 6.60693448e+06 -1.77534975e+01  6.60693448e+06 -7.21370757e+01 
 6.76082975e+06 -1.80022308e+01  6.76082975e+06 -7.29978940e+01 
 6.91830971e+06 -1.82479884e+01  6.91830971e+06 -7.38261428e+01 
 7.07945784e+06 -1.84906477e+01  7.07945784e+06 -7.46242132e+01 
 7.24435960e+06 -1.87301128e+01  7.24435960e+06 -7.53944008e+01 
 7.41310241e+06 -1.89663103e+01  7.41310241e+06 -7.61388998e+01 
 7.58577575e+06 -1.91991852e+01  7.58577575e+06 -7.68598023e+01 
 7.76247117e+06 -1.94286980e+01  7.76247117e+06 -7.75590992e+01 
 7.94328235e+06 -1.96548217e+01  7.94328235e+06 -7.82386850e+01 
 8.12830516e+06 -1.98775395e+01  8.12830516e+06 -7.89003625e+01 
 8.31763771e+06 -2.00968427e+01  8.31763771e+06 -7.95458499e+01 
 8.51138038e+06 -2.03127292e+01  8.51138038e+06 -8.01767871e+01 
 8.70963590e+06 -2.05252023e+01  8.70963590e+06 -8.07947427e+01 
 8.91250938e+06 -2.07342698e+01  8.91250938e+06 -8.14012210e+01 
 9.12010839e+06 -2.09399432e+01  9.12010839e+06 -8.19976676e+01 
 9.33254301e+06 -2.11422371e+01  9.33254301e+06 -8.25854753e+01 
 9.54992586e+06 -2.13411691e+01  9.54992586e+06 -8.31659890e+01 
 9.77237221e+06 -2.15367595e+01  9.77237221e+06 -8.37405096e+01 
 1.00000000e+07 -2.17290312e+01  1.00000000e+07 -8.43102979e+01 
 1.02329299e+07 -2.19180095e+01  1.02329299e+07 -8.48765773e+01 
 1.04712855e+07 -2.21037226e+01  1.04712855e+07 -8.54405358e+01 
 1.07151931e+07 -2.22862010e+01  1.07151931e+07 -8.60033279e+01 
 1.09647820e+07 -2.24654781e+01  1.09647820e+07 -8.65660752e+01 
 1.12201845e+07 -2.26415901e+01  1.12201845e+07 -8.71298677e+01 
 1.14815362e+07 -2.28145761e+01  1.14815362e+07 -8.76957632e+01 
 1.17489755e+07 -2.29844781e+01  1.17489755e+07 -8.82647877e+01 
 1.20226443e+07 -2.31513413e+01  1.20226443e+07 -8.88379344e+01 
 1.23026877e+07 -2.33152139e+01  1.23026877e+07 -8.94161634e+01 
 1.25892541e+07 -2.34761473e+01  1.25892541e+07 -9.00004002e+01 
 1.28824955e+07 -2.36341961e+01  1.28824955e+07 -9.05915349e+01 
 1.31825674e+07 -2.37894180e+01  1.31825674e+07 -9.11904208e+01 
 1.34896288e+07 -2.39418739e+01  1.34896288e+07 -9.17978727e+01 
 1.38038426e+07 -2.40916279e+01  1.38038426e+07 -9.24146655e+01 
 1.41253754e+07 -2.42387471e+01  1.41253754e+07 -9.30415330e+01 
 1.44543977e+07 -2.43833016e+01  1.44543977e+07 -9.36791655e+01 
 1.47910839e+07 -2.45253644e+01  1.47910839e+07 -9.43282087e+01 
 1.51356125e+07 -2.46650115e+01  1.51356125e+07 -9.49892621e+01 
 1.54881662e+07 -2.48023213e+01  1.54881662e+07 -9.56628768e+01 
 1.58489319e+07 -2.49373750e+01  1.58489319e+07 -9.63495547e+01 
 1.62181010e+07 -2.50702559e+01  1.62181010e+07 -9.70497462e+01 
 1.65958691e+07 -2.52010500e+01  1.65958691e+07 -9.77638492e+01 
 1.69824365e+07 -2.53298450e+01  1.69824365e+07 -9.84922075e+01 
 1.73780083e+07 -2.54567307e+01  1.73780083e+07 -9.92351095e+01 
 1.77827941e+07 -2.55817985e+01  1.77827941e+07 -9.99927868e+01 
 1.81970086e+07 -2.57051414e+01  1.81970086e+07 -1.00765413e+02 
 1.86208714e+07 -2.58268538e+01  1.86208714e+07 -1.01553104e+02 
 1.90546072e+07 -2.59470312e+01  1.90546072e+07 -1.02355913e+02 
 1.94984460e+07 -2.60657699e+01  1.94984460e+07 -1.03173837e+02 
 1.99526231e+07 -2.61831670e+01  1.99526231e+07 -1.04006807e+02 
 2.04173794e+07 -2.62993200e+01  2.04173794e+07 -1.04854695e+02 
 2.08929613e+07 -2.64143269e+01  2.08929613e+07 -1.05717309e+02 
 2.13796209e+07 -2.65282855e+01  2.13796209e+07 -1.06594397e+02 
 2.18776162e+07 -2.66412937e+01  2.18776162e+07 -1.07485641e+02 
 2.23872114e+07 -2.67534486e+01  2.23872114e+07 -1.08390662e+02 
 2.29086765e+07 -2.68648472e+01  2.29086765e+07 -1.09309019e+02 
 2.34422882e+07 -2.69755853e+01  2.34422882e+07 -1.10240207e+02 
 2.39883292e+07 -2.70857578e+01  2.39883292e+07 -1.11183661e+02 
 2.45470892e+07 -2.71954582e+01  2.45470892e+07 -1.12138754e+02 
 2.51188643e+07 -2.73047787e+01  2.51188643e+07 -1.13104797e+02 
 2.57039578e+07 -2.74138097e+01  2.57039578e+07 -1.14081046e+02 
 2.63026799e+07 -2.75226395e+01  2.63026799e+07 -1.15066694e+02 
 2.69153480e+07 -2.76313545e+01  2.69153480e+07 -1.16060879e+02 
 2.75422870e+07 -2.77400386e+01  2.75422870e+07 -1.17062684e+02 
 2.81838293e+07 -2.78487731e+01  2.81838293e+07 -1.18071135e+02 
 2.88403150e+07 -2.79576364e+01  2.88403150e+07 -1.19085208e+02 
 2.95120923e+07 -2.80667040e+01  2.95120923e+07 -1.20103828e+02 
 3.01995172e+07 -2.81760480e+01  3.01995172e+07 -1.21125869e+02 
 3.09029543e+07 -2.82857372e+01  3.09029543e+07 -1.22150159e+02 
 3.16227766e+07 -2.83958365e+01  3.16227766e+07 -1.23175482e+02 
 3.23593657e+07 -2.85064069e+01  3.23593657e+07 -1.24200578e+02 
 3.31131121e+07 -2.86175052e+01  3.31131121e+07 -1.25224147e+02 
 3.38844156e+07 -2.87291837e+01  3.38844156e+07 -1.26244850e+02 
 3.46736850e+07 -2.88414901e+01  3.46736850e+07 -1.27261313e+02 
 3.54813389e+07 -2.89544672e+01  3.54813389e+07 -1.28272128e+02 
 3.63078055e+07 -2.90681524e+01  3.63078055e+07 -1.29275856e+02 
 3.71535229e+07 -2.91825780e+01  3.71535229e+07 -1.30271029e+02 
 3.80189396e+07 -2.92977701e+01  3.80189396e+07 -1.31256154e+02 
 3.89045145e+07 -2.94137489e+01  3.89045145e+07 -1.32229713e+02 
 3.98107171e+07 -2.95305283e+01  3.98107171e+07 -1.33190169e+02 
 4.07380278e+07 -2.96481155e+01  4.07380278e+07 -1.34135963e+02 
 4.16869383e+07 -2.97665104e+01  4.16869383e+07 -1.35065526e+02 
 4.26579519e+07 -2.98857056e+01  4.26579519e+07 -1.35977269e+02 
 4.36515832e+07 -3.00056861e+01  4.36515832e+07 -1.36869597e+02 
 4.46683592e+07 -3.01264282e+01  4.46683592e+07 -1.37740907e+02 
 4.57088190e+07 -3.02478999e+01  4.57088190e+07 -1.38589589e+02 
 4.67735141e+07 -3.03700598e+01  4.67735141e+07 -1.39414032e+02 
 4.78630092e+07 -3.04928570e+01  4.78630092e+07 -1.40212625e+02 
 4.89778819e+07 -3.06162304e+01  4.89778819e+07 -1.40983763e+02 
 5.01187234e+07 -3.07401080e+01  5.01187234e+07 -1.41725848e+02 
 5.12861384e+07 -3.08644068e+01  5.12861384e+07 -1.42437293e+02 
 5.24807460e+07 -3.09890315e+01  5.24807460e+07 -1.43116525e+02 
 5.37031796e+07 -3.11138746e+01  5.37031796e+07 -1.43761994e+02 
 5.49540874e+07 -3.12388151e+01  5.49540874e+07 -1.44372172e+02 
 5.62341325e+07 -3.13637185e+01  5.62341325e+07 -1.44945562e+02 
 5.75439937e+07 -3.14884355e+01  5.75439937e+07 -1.45480706e+02 
 5.88843655e+07 -3.16128018e+01  5.88843655e+07 -1.45976185e+02 
 6.02559586e+07 -3.17366373e+01  6.02559586e+07 -1.46430632e+02 
 6.16595002e+07 -3.18597457e+01  6.16595002e+07 -1.46842742e+02 
 6.30957344e+07 -3.19819135e+01  6.30957344e+07 -1.47211276e+02 
 6.45654229e+07 -3.21029103e+01  6.45654229e+07 -1.47535073e+02 
 6.60693448e+07 -3.22224879e+01  6.60693448e+07 -1.47813067e+02 
 6.76082975e+07 -3.23403805e+01  6.76082975e+07 -1.48044289e+02 
 6.91830971e+07 -3.24563047e+01  6.91830971e+07 -1.48227893e+02 
 7.07945784e+07 -3.25699595e+01  7.07945784e+07 -1.48363159e+02 
 7.24435960e+07 -3.26810272e+01  7.24435960e+07 -1.48449515e+02 
 7.41310241e+07 -3.27891741e+01  7.41310241e+07 -1.48486554e+02 
 7.58577575e+07 -3.28940518e+01  7.58577575e+07 -1.48474044e+02 
 7.76247117e+07 -3.29952986e+01  7.76247117e+07 -1.48411950e+02 
 7.94328235e+07 -3.30925420e+01  7.94328235e+07 -1.48300451e+02 
 8.12830516e+07 -3.31854008e+01  8.12830516e+07 -1.48139951e+02 
 8.31763771e+07 -3.32734883e+01  8.31763771e+07 -1.47931095e+02 
 8.51138038e+07 -3.33564159e+01  8.51138038e+07 -1.47674785e+02 
 8.70963590e+07 -3.34337968e+01  8.70963590e+07 -1.47372185e+02 
 8.91250938e+07 -3.35052503e+01  8.91250938e+07 -1.47024729e+02 
 9.12010839e+07 -3.35704070e+01  9.12010839e+07 -1.46634126e+02 
 9.33254301e+07 -3.36289133e+01  9.33254301e+07 -1.46202355e+02 
 9.54992586e+07 -3.36804365e+01  9.54992586e+07 -1.45731661e+02 
 9.77237221e+07 -3.37246706e+01  9.77237221e+07 -1.45224542e+02 
 1.00000000e+08 -3.37613405e+01  1.00000000e+08 -1.44683730e+02 
