 1.00000000e+00  8.14920981e+01  1.00000000e+00  1.78047919e+02 
 1.02329299e+00  8.14910649e+01  1.02329299e+00  1.78004251e+02 
 1.04712855e+00  8.14899901e+01  1.04712855e+00  1.77959680e+02 
 1.07151931e+00  8.14888726e+01  1.07151931e+00  1.77914191e+02 
 1.09647820e+00  8.14877108e+01  1.09647820e+00  1.77867770e+02 
 1.12201845e+00  8.14865034e+01  1.12201845e+00  1.77820403e+02 
 1.14815362e+00  8.14852490e+01  1.14815362e+00  1.77772075e+02 
 1.17489755e+00  8.14839461e+01  1.17489755e+00  1.77722771e+02 
 1.20226443e+00  8.14825935e+01  1.20226443e+00  1.77672478e+02 
 1.23026877e+00  8.14811896e+01  1.23026877e+00  1.77621179e+02 
 1.25892541e+00  8.14797330e+01  1.25892541e+00  1.77568861e+02 
 1.28824955e+00  8.14782223e+01  1.28824955e+00  1.77515509e+02 
 1.31825674e+00  8.14766562e+01  1.31825674e+00  1.77461109e+02 
 1.34896288e+00  8.14750330e+01  1.34896288e+00  1.77405646e+02 
 1.38038426e+00  8.14733516e+01  1.38038426e+00  1.77349104e+02 
 1.41253754e+00  8.14716105e+01  1.41253754e+00  1.77291470e+02 
 1.44543977e+00  8.14698084e+01  1.44543977e+00  1.77232729e+02 
 1.47910839e+00  8.14679439e+01  1.47910839e+00  1.77172865e+02 
 1.51356125e+00  8.14660157e+01  1.51356125e+00  1.77111865e+02 
 1.54881662e+00  8.14640226e+01  1.54881662e+00  1.77049712e+02 
 1.58489319e+00  8.14619634e+01  1.58489319e+00  1.76986392e+02 
 1.62181010e+00  8.14598369e+01  1.62181010e+00  1.76921890e+02 
 1.65958691e+00  8.14576421e+01  1.65958691e+00  1.76856190e+02 
 1.69824365e+00  8.14553777e+01  1.69824365e+00  1.76789276e+02 
 1.73780083e+00  8.14530429e+01  1.73780083e+00  1.76721133e+02 
 1.77827941e+00  8.14506368e+01  1.77827941e+00  1.76651744e+02 
 1.81970086e+00  8.14481584e+01  1.81970086e+00  1.76581093e+02 
 1.86208714e+00  8.14456070e+01  1.86208714e+00  1.76509163e+02 
 1.90546072e+00  8.14429818e+01  1.90546072e+00  1.76435936e+02 
 1.94984460e+00  8.14402824e+01  1.94984460e+00  1.76361394e+02 
 1.99526231e+00  8.14375080e+01  1.99526231e+00  1.76285520e+02 
 2.04173794e+00  8.14346584e+01  2.04173794e+00  1.76208293e+02 
 2.08929613e+00  8.14317330e+01  2.08929613e+00  1.76129694e+02 
 2.13796209e+00  8.14287317e+01  2.13796209e+00  1.76049702e+02 
 2.18776162e+00  8.14256543e+01  2.18776162e+00  1.75968295e+02 
 2.23872114e+00  8.14225007e+01  2.23872114e+00  1.75885452e+02 
 2.29086765e+00  8.14192709e+01  2.29086765e+00  1.75801148e+02 
 2.34422882e+00  8.14159650e+01  2.34422882e+00  1.75715359e+02 
 2.39883292e+00  8.14125830e+01  2.39883292e+00  1.75628059e+02 
 2.45470892e+00  8.14091254e+01  2.45470892e+00  1.75539220e+02 
 2.51188643e+00  8.14055924e+01  2.51188643e+00  1.75448814e+02 
 2.57039578e+00  8.14019843e+01  2.57039578e+00  1.75356812e+02 
 2.63026799e+00  8.13983017e+01  2.63026799e+00  1.75263180e+02 
 2.69153480e+00  8.13945449e+01  2.69153480e+00  1.75167886e+02 
 2.75422870e+00  8.13907146e+01  2.75422870e+00  1.75070894e+02 
 2.81838293e+00  8.13868112e+01  2.81838293e+00  1.74972169e+02 
 2.88403150e+00  8.13828353e+01  2.88403150e+00  1.74871669e+02 
 2.95120923e+00  8.13787875e+01  2.95120923e+00  1.74769356e+02 
 3.01995172e+00  8.13746683e+01  3.01995172e+00  1.74665186e+02 
 3.09029543e+00  8.13704782e+01  3.09029543e+00  1.74559113e+02 
 3.16227766e+00  8.13662177e+01  3.16227766e+00  1.74451092e+02 
 3.23593657e+00  8.13618871e+01  3.23593657e+00  1.74341071e+02 
 3.31131121e+00  8.13574867e+01  3.31131121e+00  1.74229000e+02 
 3.38844156e+00  8.13530169e+01  3.38844156e+00  1.74114824e+02 
 3.46736850e+00  8.13484776e+01  3.46736850e+00  1.73998488e+02 
 3.54813389e+00  8.13438688e+01  3.54813389e+00  1.73879932e+02 
 3.63078055e+00  8.13391903e+01  3.63078055e+00  1.73759096e+02 
 3.71535229e+00  8.13344416e+01  3.71535229e+00  1.73635915e+02 
 3.80189396e+00  8.13296223e+01  3.80189396e+00  1.73510325e+02 
 3.89045145e+00  8.13247314e+01  3.89045145e+00  1.73382257e+02 
 3.98107171e+00  8.13197679e+01  3.98107171e+00  1.73251641e+02 
 4.07380278e+00  8.13147305e+01  4.07380278e+00  1.73118404e+02 
 4.16869383e+00  8.13096177e+01  4.16869383e+00  1.72982471e+02 
 4.26579519e+00  8.13044274e+01  4.26579519e+00  1.72843765e+02 
 4.36515832e+00  8.12991576e+01  4.36515832e+00  1.72702207e+02 
 4.46683592e+00  8.12938057e+01  4.46683592e+00  1.72557715e+02 
 4.57088190e+00  8.12883688e+01  4.57088190e+00  1.72410207e+02 
 4.67735141e+00  8.12828436e+01  4.67735141e+00  1.72259596e+02 
 4.78630092e+00  8.12772266e+01  4.78630092e+00  1.72105795e+02 
 4.89778819e+00  8.12715137e+01  4.89778819e+00  1.71948715e+02 
 5.01187234e+00  8.12657004e+01  5.01187234e+00  1.71788265e+02 
 5.12861384e+00  8.12597820e+01  5.12861384e+00  1.71624354e+02 
 5.24807460e+00  8.12537532e+01  5.24807460e+00  1.71456885e+02 
 5.37031796e+00  8.12476081e+01  5.37031796e+00  1.71285765e+02 
 5.49540874e+00  8.12413406e+01  5.49540874e+00  1.71110895e+02 
 5.62341325e+00  8.12349441e+01  5.62341325e+00  1.70932177e+02 
 5.75439937e+00  8.12284113e+01  5.75439937e+00  1.70749512e+02 
 5.88843655e+00  8.12217347e+01  5.88843655e+00  1.70562799e+02 
 6.02559586e+00  8.12149060e+01  6.02559586e+00  1.70371935e+02 
 6.16595002e+00  8.12079166e+01  6.16595002e+00  1.70176818e+02 
 6.30957344e+00  8.12007573e+01  6.30957344e+00  1.69977344e+02 
 6.45654229e+00  8.11934183e+01  6.45654229e+00  1.69773408e+02 
 6.60693448e+00  8.11858895e+01  6.60693448e+00  1.69564905e+02 
 6.76082975e+00  8.11781599e+01  6.76082975e+00  1.69351728e+02 
 6.91830971e+00  8.11702181e+01  6.91830971e+00  1.69133771e+02 
 7.07945784e+00  8.11620522e+01  7.07945784e+00  1.68910928e+02 
 7.24435960e+00  8.11536497e+01  7.24435960e+00  1.68683089e+02 
 7.41310241e+00  8.11449973e+01  7.41310241e+00  1.68450148e+02 
 7.58577575e+00  8.11360813e+01  7.58577575e+00  1.68211997e+02 
 7.76247117e+00  8.11268873e+01  7.76247117e+00  1.67968528e+02 
 7.94328235e+00  8.11174003e+01  7.94328235e+00  1.67719633e+02 
 8.12830516e+00  8.11076046e+01  8.12830516e+00  1.67465203e+02 
 8.31763771e+00  8.10974840e+01  8.31763771e+00  1.67205132e+02 
 8.51138038e+00  8.10870215e+01  8.51138038e+00  1.66939313e+02 
 8.70963590e+00  8.10761994e+01  8.70963590e+00  1.66667638e+02 
 8.91250938e+00  8.10649993e+01  8.91250938e+00  1.66390001e+02 
 9.12010839e+00  8.10534023e+01  9.12010839e+00  1.66106298e+02 
 9.33254301e+00  8.10413885e+01  9.33254301e+00  1.65816425e+02 
 9.54992586e+00  8.10289376e+01  9.54992586e+00  1.65520278e+02 
 9.77237221e+00  8.10160282e+01  9.77237221e+00  1.65217755e+02 
 1.00000000e+01  8.10026384e+01  1.00000000e+01  1.64908756e+02 
 1.02329299e+01  8.09887455e+01  1.02329299e+01  1.64593183e+02 
 1.04712855e+01  8.09743259e+01  1.04712855e+01  1.64270937e+02 
 1.07151931e+01  8.09593554e+01  1.07151931e+01  1.63941926e+02 
 1.09647820e+01  8.09438088e+01  1.09647820e+01  1.63606055e+02 
 1.12201845e+01  8.09276603e+01  1.12201845e+01  1.63263236e+02 
 1.14815362e+01  8.09108831e+01  1.14815362e+01  1.62913381e+02 
 1.17489755e+01  8.08934498e+01  1.17489755e+01  1.62556406e+02 
 1.20226443e+01  8.08753320e+01  1.20226443e+01  1.62192229e+02 
 1.23026877e+01  8.08565005e+01  1.23026877e+01  1.61820775e+02 
 1.25892541e+01  8.08369253e+01  1.25892541e+01  1.61441969e+02 
 1.28824955e+01  8.08165756e+01  1.28824955e+01  1.61055742e+02 
 1.31825674e+01  8.07954196e+01  1.31825674e+01  1.60662031e+02 
 1.34896288e+01  8.07734250e+01  1.34896288e+01  1.60260774e+02 
 1.38038426e+01  8.07505585e+01  1.38038426e+01  1.59851919e+02 
 1.41253754e+01  8.07267858e+01  1.41253754e+01  1.59435417e+02 
 1.44543977e+01  8.07020722e+01  1.44543977e+01  1.59011224e+02 
 1.47910839e+01  8.06763820e+01  1.47910839e+01  1.58579304e+02 
 1.51356125e+01  8.06496787e+01  1.51356125e+01  1.58139628e+02 
 1.54881662e+01  8.06219252e+01  1.54881662e+01  1.57692173e+02 
 1.58489319e+01  8.05930837e+01  1.58489319e+01  1.57236925e+02 
 1.62181010e+01  8.05631157e+01  1.62181010e+01  1.56773876e+02 
 1.65958691e+01  8.05319820e+01  1.65958691e+01  1.56303028e+02 
 1.69824365e+01  8.04996430e+01  1.69824365e+01  1.55824390e+02 
 1.73780083e+01  8.04660583e+01  1.73780083e+01  1.55337983e+02 
 1.77827941e+01  8.04311873e+01  1.77827941e+01  1.54843835e+02 
 1.81970086e+01  8.03949888e+01  1.81970086e+01  1.54341986e+02 
 1.86208714e+01  8.03574212e+01  1.86208714e+01  1.53832483e+02 
 1.90546072e+01  8.03184428e+01  1.90546072e+01  1.53315388e+02 
 1.94984460e+01  8.02780115e+01  1.94984460e+01  1.52790770e+02 
 1.99526231e+01  8.02360852e+01  1.99526231e+01  1.52258713e+02 
 2.04173794e+01  8.01926216e+01  2.04173794e+01  1.51719309e+02 
 2.08929613e+01  8.01475784e+01  2.08929613e+01  1.51172665e+02 
 2.13796209e+01  8.01009138e+01  2.13796209e+01  1.50618899e+02 
 2.18776162e+01  8.00525857e+01  2.18776162e+01  1.50058140e+02 
 2.23872114e+01  8.00025526e+01  2.23872114e+01  1.49490532e+02 
 2.29086765e+01  7.99507735e+01  2.29086765e+01  1.48916229e+02 
 2.34422882e+01  7.98972079e+01  2.34422882e+01  1.48335399e+02 
 2.39883292e+01  7.98418158e+01  2.39883292e+01  1.47748224e+02 
 2.45470892e+01  7.97845581e+01  2.45470892e+01  1.47154897e+02 
 2.51188643e+01  7.97253966e+01  2.51188643e+01  1.46555623e+02 
 2.57039578e+01  7.96642941e+01  2.57039578e+01  1.45950622e+02 
 2.63026799e+01  7.96012144e+01  2.63026799e+01  1.45340123e+02 
 2.69153480e+01  7.95361229e+01  2.69153480e+01  1.44724371e+02 
 2.75422870e+01  7.94689859e+01  2.75422870e+01  1.44103619e+02 
 2.81838293e+01  7.93997716e+01  2.81838293e+01  1.43478133e+02 
 2.88403150e+01  7.93284494e+01  2.88403150e+01  1.42848192e+02 
 2.95120923e+01  7.92549909e+01  2.95120923e+01  1.42214081e+02 
 3.01995172e+01  7.91793690e+01  3.01995172e+01  1.41576098e+02 
 3.09029543e+01  7.91015588e+01  3.09029543e+01  1.40934550e+02 
 3.16227766e+01  7.90215375e+01  3.16227766e+01  1.40289753e+02 
 3.23593657e+01  7.89392842e+01  3.23593657e+01  1.39642029e+02 
 3.31131121e+01  7.88547803e+01  3.31131121e+01  1.38991710e+02 
 3.38844156e+01  7.87680093e+01  3.38844156e+01  1.38339132e+02 
 3.46736850e+01  7.86789572e+01  3.46736850e+01  1.37684637e+02 
 3.54813389e+01  7.85876124e+01  3.54813389e+01  1.37028573e+02 
 3.63078055e+01  7.84939655e+01  3.63078055e+01  1.36371292e+02 
 3.71535229e+01  7.83980099e+01  3.71535229e+01  1.35713146e+02 
 3.80189396e+01  7.82997412e+01  3.80189396e+01  1.35054492e+02 
 3.89045145e+01  7.81991575e+01  3.89045145e+01  1.34395686e+02 
 3.98107171e+01  7.80962597e+01  3.98107171e+01  1.33737086e+02 
 4.07380278e+01  7.79910509e+01  4.07380278e+01  1.33079048e+02 
 4.16869383e+01  7.78835368e+01  4.16869383e+01  1.32421925e+02 
 4.26579519e+01  7.77737257e+01  4.26579519e+01  1.31766069e+02 
 4.36515832e+01  7.76616280e+01  4.36515832e+01  1.31111827e+02 
 4.46683592e+01  7.75472568e+01  4.46683592e+01  1.30459542e+02 
 4.57088190e+01  7.74306273e+01  4.57088190e+01  1.29809553e+02 
 4.67735141e+01  7.73117570e+01  4.67735141e+01  1.29162189e+02 
 4.78630092e+01  7.71906656e+01  4.78630092e+01  1.28517775e+02 
 4.89778819e+01  7.70673750e+01  4.89778819e+01  1.27876627e+02 
 5.01187234e+01  7.69419089e+01  5.01187234e+01  1.27239052e+02 
 5.12861384e+01  7.68142930e+01  5.12861384e+01  1.26605350e+02 
 5.24807460e+01  7.66845549e+01  5.24807460e+01  1.25975809e+02 
 5.37031796e+01  7.65527238e+01  5.37031796e+01  1.25350707e+02 
 5.49540874e+01  7.64188304e+01  5.49540874e+01  1.24730312e+02 
 5.62341325e+01  7.62829072e+01  5.62341325e+01  1.24114881e+02 
 5.75439937e+01  7.61449876e+01  5.75439937e+01  1.23504658e+02 
 5.88843655e+01  7.60051067e+01  5.88843655e+01  1.22899876e+02 
 6.02559586e+01  7.58633005e+01  6.02559586e+01  1.22300757e+02 
 6.16595002e+01  7.57196061e+01  6.16595002e+01  1.21707508e+02 
 6.30957344e+01  7.55740613e+01  6.30957344e+01  1.21120327e+02 
 6.45654229e+01  7.54267049e+01  6.45654229e+01  1.20539397e+02 
 6.60693448e+01  7.52775763e+01  6.60693448e+01  1.19964889e+02 
 6.76082975e+01  7.51267154e+01  6.76082975e+01  1.19396962e+02 
 6.91830971e+01  7.49741627e+01  6.91830971e+01  1.18835763e+02 
 7.07945784e+01  7.48199589e+01  7.07945784e+01  1.18281425e+02 
 7.24435960e+01  7.46641449e+01  7.24435960e+01  1.17734071e+02 
 7.41310241e+01  7.45067620e+01  7.41310241e+01  1.17193811e+02 
 7.58577575e+01  7.43478511e+01  7.58577575e+01  1.16660742e+02 
 7.76247117e+01  7.41874535e+01  7.76247117e+01  1.16134952e+02 
 7.94328235e+01  7.40256102e+01  7.94328235e+01  1.15616516e+02 
 8.12830516e+01  7.38623620e+01  8.12830516e+01  1.15105500e+02 
 8.31763771e+01  7.36977494e+01  8.31763771e+01  1.14601957e+02 
 8.51138038e+01  7.35318126e+01  8.51138038e+01  1.14105932e+02 
 8.70963590e+01  7.33645914e+01  8.70963590e+01  1.13617458e+02 
 8.91250938e+01  7.31961252e+01  8.91250938e+01  1.13136561e+02 
 9.12010839e+01  7.30264526e+01  9.12010839e+01  1.12663257e+02 
 9.33254301e+01  7.28556121e+01  9.33254301e+01  1.12197552e+02 
 9.54992586e+01  7.26836411e+01  9.54992586e+01  1.11739445e+02 
 9.77237221e+01  7.25105768e+01  9.77237221e+01  1.11288928e+02 
 1.00000000e+02  7.23364553e+01  1.00000000e+02  1.10845984e+02 
 1.02329299e+02  7.21613124e+01  1.02329299e+02  1.10410590e+02 
 1.04712855e+02  7.19851827e+01  1.04712855e+02  1.09982715e+02 
 1.07151931e+02  7.18081006e+01  1.07151931e+02  1.09562322e+02 
 1.09647820e+02  7.16300991e+01  1.09647820e+02  1.09149371e+02 
 1.12201845e+02  7.14512110e+01  1.12201845e+02  1.08743811e+02 
 1.14815362e+02  7.12714679e+01  1.14815362e+02  1.08345592e+02 
 1.17489755e+02  7.10909006e+01  1.17489755e+02  1.07954655e+02 
 1.20226443e+02  7.09095394e+01  1.20226443e+02  1.07570937e+02 
 1.23026877e+02  7.07274135e+01  1.23026877e+02  1.07194373e+02 
 1.25892541e+02  7.05445512e+01  1.25892541e+02  1.06824893e+02 
 1.28824955e+02  7.03609803e+01  1.28824955e+02  1.06462422e+02 
 1.31825674e+02  7.01767275e+01  1.31825674e+02  1.06106885e+02 
 1.34896288e+02  6.99918189e+01  1.34896288e+02  1.05758202e+02 
 1.38038426e+02  6.98062796e+01  1.38038426e+02  1.05416291e+02 
 1.41253754e+02  6.96201340e+01  1.41253754e+02  1.05081067e+02 
 1.44543977e+02  6.94334058e+01  1.44543977e+02  1.04752445e+02 
 1.47910839e+02  6.92461179e+01  1.47910839e+02  1.04430336e+02 
 1.51356125e+02  6.90582922e+01  1.51356125e+02  1.04114650e+02 
 1.54881662e+02  6.88699501e+01  1.54881662e+02  1.03805296e+02 
 1.58489319e+02  6.86811124e+01  1.58489319e+02  1.03502182e+02 
 1.62181010e+02  6.84917987e+01  1.62181010e+02  1.03205215e+02 
 1.65958691e+02  6.83020285e+01  1.65958691e+02  1.02914300e+02 
 1.69824365e+02  6.81118201e+01  1.69824365e+02  1.02629344e+02 
 1.73780083e+02  6.79211914e+01  1.73780083e+02  1.02350250e+02 
 1.77827941e+02  6.77301596e+01  1.77827941e+02  1.02076924e+02 
 1.81970086e+02  6.75387414e+01  1.81970086e+02  1.01809271e+02 
 1.86208714e+02  6.73469525e+01  1.86208714e+02  1.01547194e+02 
 1.90546072e+02  6.71548085e+01  1.90546072e+02  1.01290598e+02 
 1.94984460e+02  6.69623240e+01  1.94984460e+02  1.01039388e+02 
 1.99526231e+02  6.67695132e+01  1.99526231e+02  1.00793470e+02 
 2.04173794e+02  6.65763899e+01  2.04173794e+02  1.00552748e+02 
 2.08929613e+02  6.63829672e+01  2.08929613e+02  1.00317129e+02 
 2.13796209e+02  6.61892576e+01  2.13796209e+02  1.00086520e+02 
 2.18776162e+02  6.59952734e+01  2.18776162e+02  9.98608281e+01 
 2.23872114e+02  6.58010261e+01  2.23872114e+02  9.96399611e+01 
 2.29086765e+02  6.56065269e+01  2.29086765e+02  9.94238281e+01 
 2.34422882e+02  6.54117865e+01  2.34422882e+02  9.92123390e+01 
 2.39883292e+02  6.52168154e+01  2.39883292e+02  9.90054044e+01 
 2.45470892e+02  6.50216233e+01  2.45470892e+02  9.88029360e+01 
 2.51188643e+02  6.48262197e+01  2.51188643e+02  9.86048465e+01 
 2.57039578e+02  6.46306137e+01  2.57039578e+02  9.84110495e+01 
 2.63026799e+02  6.44348140e+01  2.63026799e+02  9.82214600e+01 
 2.69153480e+02  6.42388291e+01  2.69153480e+02  9.80359938e+01 
 2.75422870e+02  6.40426669e+01  2.75422870e+02  9.78545680e+01 
 2.81838293e+02  6.38463351e+01  2.81838293e+02  9.76771007e+01 
 2.88403150e+02  6.36498410e+01  2.88403150e+02  9.75035113e+01 
 2.95120923e+02  6.34531918e+01  2.95120923e+02  9.73337205e+01 
 3.01995172e+02  6.32563942e+01  3.01995172e+02  9.71676498e+01 
 3.09029543e+02  6.30594546e+01  3.09029543e+02  9.70052224e+01 
 3.16227766e+02  6.28623792e+01  3.16227766e+02  9.68463623e+01 
 3.23593657e+02  6.26651741e+01  3.23593657e+02  9.66909951e+01 
 3.31131121e+02  6.24678448e+01  3.31131121e+02  9.65390473e+01 
 3.38844156e+02  6.22703968e+01  3.38844156e+02  9.63904468e+01 
 3.46736850e+02  6.20728354e+01  3.46736850e+02  9.62451226e+01 
 3.54813389e+02  6.18751654e+01  3.54813389e+02  9.61030052e+01 
 3.63078055e+02  6.16773918e+01  3.63078055e+02  9.59640260e+01 
 3.71535229e+02  6.14795190e+01  3.71535229e+02  9.58281178e+01 
 3.80189396e+02  6.12815514e+01  3.80189396e+02  9.56952146e+01 
 3.89045145e+02  6.10834933e+01  3.89045145e+02  9.55652514e+01 
 3.98107171e+02  6.08853485e+01  3.98107171e+02  9.54381647e+01 
 4.07380278e+02  6.06871210e+01  4.07380278e+02  9.53138919e+01 
 4.16869383e+02  6.04888143e+01  4.16869383e+02  9.51923717e+01 
 4.26579519e+02  6.02904321e+01  4.26579519e+02  9.50735441e+01 
 4.36515832e+02  6.00919776e+01  4.36515832e+02  9.49573500e+01 
 4.46683592e+02  5.98934541e+01  4.46683592e+02  9.48437316e+01 
 4.57088190e+02  5.96948646e+01  4.57088190e+02  9.47326320e+01 
 4.67735141e+02  5.94962120e+01  4.67735141e+02  9.46239957e+01 
 4.78630092e+02  5.92974991e+01  4.78630092e+02  9.45177681e+01 
 4.89778819e+02  5.90987287e+01  4.89778819e+02  9.44138957e+01 
 5.01187234e+02  5.88999033e+01  5.01187234e+02  9.43123262e+01 
 5.12861384e+02  5.87010253e+01  5.12861384e+02  9.42130081e+01 
 5.24807460e+02  5.85020971e+01  5.24807460e+02  9.41158911e+01 
 5.37031796e+02  5.83031209e+01  5.37031796e+02  9.40209259e+01 
 5.49540874e+02  5.81040988e+01  5.49540874e+02  9.39280642e+01 
 5.62341325e+02  5.79050329e+01  5.62341325e+02  9.38372585e+01 
 5.75439937e+02  5.77059252e+01  5.75439937e+02  9.37484626e+01 
 5.88843655e+02  5.75067775e+01  5.88843655e+02  9.36616310e+01 
 6.02559586e+02  5.73075916e+01  6.02559586e+02  9.35767192e+01 
 6.16595002e+02  5.71083691e+01  6.16595002e+02  9.34936837e+01 
 6.30957344e+02  5.69091119e+01  6.30957344e+02  9.34124816e+01 
 6.45654229e+02  5.67098213e+01  6.45654229e+02  9.33330713e+01 
 6.60693448e+02  5.65104989e+01  6.60693448e+02  9.32554118e+01 
 6.76082975e+02  5.63111461e+01  6.76082975e+02  9.31794630e+01 
 6.91830971e+02  5.61117643e+01  6.91830971e+02  9.31051857e+01 
 7.07945784e+02  5.59123547e+01  7.07945784e+02  9.30325414e+01 
 7.24435960e+02  5.57129187e+01  7.24435960e+02  9.29614925e+01 
 7.41310241e+02  5.55134573e+01  7.41310241e+02  9.28920022e+01 
 7.58577575e+02  5.53139718e+01  7.58577575e+02  9.28240344e+01 
 7.76247117e+02  5.51144631e+01  7.76247117e+02  9.27575538e+01 
 7.94328235e+02  5.49149324e+01  7.94328235e+02  9.26925258e+01 
 8.12830516e+02  5.47153807e+01  8.12830516e+02  9.26289166e+01 
 8.31763771e+02  5.45158088e+01  8.31763771e+02  9.25666930e+01 
 8.51138038e+02  5.43162177e+01  8.51138038e+02  9.25058226e+01 
 8.70963590e+02  5.41166082e+01  8.70963590e+02  9.24462736e+01 
 8.91250938e+02  5.39169812e+01  8.91250938e+02  9.23880149e+01 
 9.12010839e+02  5.37173375e+01  9.12010839e+02  9.23310161e+01 
 9.33254301e+02  5.35176778e+01  9.33254301e+02  9.22752474e+01 
 9.54992586e+02  5.33180027e+01  9.54992586e+02  9.22206797e+01 
 9.77237221e+02  5.31183131e+01  9.77237221e+02  9.21672842e+01 
 1.00000000e+03  5.29186096e+01  1.00000000e+03  9.21150331e+01 
 1.02329299e+03  5.27188927e+01  1.02329299e+03  9.20638990e+01 
 1.04712855e+03  5.25191631e+01  1.04712855e+03  9.20138551e+01 
 1.07151931e+03  5.23194214e+01  1.07151931e+03  9.19648751e+01 
 1.09647820e+03  5.21196681e+01  1.09647820e+03  9.19169332e+01 
 1.12201845e+03  5.19199037e+01  1.12201845e+03  9.18700044e+01 
 1.14815362e+03  5.17201287e+01  1.14815362e+03  9.18240639e+01 
 1.17489755e+03  5.15203437e+01  1.17489755e+03  9.17790877e+01 
 1.20226443e+03  5.13205489e+01  1.20226443e+03  9.17350519e+01 
 1.23026877e+03  5.11207450e+01  1.23026877e+03  9.16919336e+01 
 1.25892541e+03  5.09209323e+01  1.25892541e+03  9.16497100e+01 
 1.28824955e+03  5.07211111e+01  1.28824955e+03  9.16083588e+01 
 1.31825674e+03  5.05212820e+01  1.31825674e+03  9.15678584e+01 
 1.34896288e+03  5.03214452e+01  1.34896288e+03  9.15281873e+01 
 1.38038426e+03  5.01216010e+01  1.38038426e+03  9.14893247e+01 
 1.41253754e+03  4.99217499e+01  1.41253754e+03  9.14512500e+01 
 1.44543977e+03  4.97218921e+01  1.44543977e+03  9.14139432e+01 
 1.47910839e+03  4.95220280e+01  1.47910839e+03  9.13773846e+01 
 1.51356125e+03  4.93221577e+01  1.51356125e+03  9.13415550e+01 
 1.54881662e+03  4.91222817e+01  1.54881662e+03  9.13064354e+01 
 1.58489319e+03  4.89224000e+01  1.58489319e+03  9.12720073e+01 
 1.62181010e+03  4.87225132e+01  1.62181010e+03  9.12382525e+01 
 1.65958691e+03  4.85226212e+01  1.65958691e+03  9.12051532e+01 
 1.69824365e+03  4.83227244e+01  1.69824365e+03  9.11726919e+01 
 1.73780083e+03  4.81228230e+01  1.73780083e+03  9.11408515e+01 
 1.77827941e+03  4.79229172e+01  1.77827941e+03  9.11096152e+01 
 1.81970086e+03  4.77230072e+01  1.81970086e+03  9.10789664e+01 
 1.86208714e+03  4.75230932e+01  1.86208714e+03  9.10488889e+01 
 1.90546072e+03  4.73231754e+01  1.90546072e+03  9.10193668e+01 
 1.94984460e+03  4.71232539e+01  1.94984460e+03  9.09903847e+01 
 1.99526231e+03  4.69233289e+01  1.99526231e+03  9.09619270e+01 
 2.04173794e+03  4.67234006e+01  2.04173794e+03  9.09339788e+01 
 2.08929613e+03  4.65234692e+01  2.08929613e+03  9.09065252e+01 
 2.13796209e+03  4.63235347e+01  2.13796209e+03  9.08795519e+01 
 2.18776162e+03  4.61235973e+01  2.18776162e+03  9.08530444e+01 
 2.23872114e+03  4.59236571e+01  2.23872114e+03  9.08269888e+01 
 2.29086765e+03  4.57237143e+01  2.29086765e+03  9.08013713e+01 
 2.34422882e+03  4.55237690e+01  2.34422882e+03  9.07761783e+01 
 2.39883292e+03  4.53238213e+01  2.39883292e+03  9.07513965e+01 
 2.45470892e+03  4.51238713e+01  2.45470892e+03  9.07270128e+01 
 2.51188643e+03  4.49239192e+01  2.51188643e+03  9.07030143e+01 
 2.57039578e+03  4.47239649e+01  2.57039578e+03  9.06793882e+01 
 2.63026799e+03  4.45240087e+01  2.63026799e+03  9.06561221e+01 
 2.69153480e+03  4.43240506e+01  2.69153480e+03  9.06332036e+01 
 2.75422870e+03  4.41240907e+01  2.75422870e+03  9.06106206e+01 
 2.81838293e+03  4.39241291e+01  2.81838293e+03  9.05883612e+01 
 2.88403150e+03  4.37241658e+01  2.88403150e+03  9.05664135e+01 
 2.95120923e+03  4.35242010e+01  2.95120923e+03  9.05447660e+01 
 3.01995172e+03  4.33242347e+01  3.01995172e+03  9.05234072e+01 
 3.09029543e+03  4.31242671e+01  3.09029543e+03  9.05023256e+01 
 3.16227766e+03  4.29242980e+01  3.16227766e+03  9.04815103e+01 
 3.23593657e+03  4.27243277e+01  3.23593657e+03  9.04609502e+01 
 3.31131121e+03  4.25243562e+01  3.31131121e+03  9.04406343e+01 
 3.38844156e+03  4.23243835e+01  3.38844156e+03  9.04205519e+01 
 3.46736850e+03  4.21244098e+01  3.46736850e+03  9.04006924e+01 
 3.54813389e+03  4.19244350e+01  3.54813389e+03  9.03810452e+01 
 3.63078055e+03  4.17244592e+01  3.63078055e+03  9.03616000e+01 
 3.71535229e+03  4.15244825e+01  3.71535229e+03  9.03423464e+01 
 3.80189396e+03  4.13245049e+01  3.80189396e+03  9.03232743e+01 
 3.89045145e+03  4.11245264e+01  3.89045145e+03  9.03043734e+01 
 3.98107171e+03  4.09245472e+01  3.98107171e+03  9.02856339e+01 
 4.07380278e+03  4.07245672e+01  4.07380278e+03  9.02670457e+01 
 4.16869383e+03  4.05245866e+01  4.16869383e+03  9.02485991e+01 
 4.26579519e+03  4.03246052e+01  4.26579519e+03  9.02302842e+01 
 4.36515832e+03  4.01246233e+01  4.36515832e+03  9.02120914e+01 
 4.46683592e+03  3.99246407e+01  4.46683592e+03  9.01940109e+01 
 4.57088190e+03  3.97246576e+01  4.57088190e+03  9.01760333e+01 
 4.67735141e+03  3.95246740e+01  4.67735141e+03  9.01581490e+01 
 4.78630092e+03  3.93246900e+01  4.78630092e+03  9.01403485e+01 
 4.89778819e+03  3.91247054e+01  4.89778819e+03  9.01226223e+01 
 5.01187234e+03  3.89247205e+01  5.01187234e+03  9.01049612e+01 
 5.12861384e+03  3.87247352e+01  5.12861384e+03  9.00873556e+01 
 5.24807460e+03  3.85247495e+01  5.24807460e+03  9.00697963e+01 
 5.37031796e+03  3.83247636e+01  5.37031796e+03  9.00522740e+01 
 5.49540874e+03  3.81247773e+01  5.49540874e+03  9.00347794e+01 
 5.62341325e+03  3.79247908e+01  5.62341325e+03  9.00173033e+01 
 5.75439937e+03  3.77248040e+01  5.75439937e+03  8.99998362e+01 
 5.88843655e+03  3.75248171e+01  5.88843655e+03  8.99823691e+01 
 6.02559586e+03  3.73248300e+01  6.02559586e+03  8.99648926e+01 
 6.16595002e+03  3.71248427e+01  6.16595002e+03  8.99473974e+01 
 6.30957344e+03  3.69248553e+01  6.30957344e+03  8.99298744e+01 
 6.45654229e+03  3.67248678e+01  6.45654229e+03  8.99123141e+01 
 6.60693448e+03  3.65248803e+01  6.60693448e+03  8.98947074e+01 
 6.76082975e+03  3.63248927e+01  6.76082975e+03  8.98770448e+01 
 6.91830971e+03  3.61249051e+01  6.91830971e+03  8.98593169e+01 
 7.07945784e+03  3.59249175e+01  7.07945784e+03  8.98415145e+01 
 7.24435960e+03  3.57249300e+01  7.24435960e+03  8.98236281e+01 
 7.41310241e+03  3.55249425e+01  7.41310241e+03  8.98056481e+01 
 7.58577575e+03  3.53249551e+01  7.58577575e+03  8.97875651e+01 
 7.76247117e+03  3.51249678e+01  7.76247117e+03  8.97693694e+01 
 7.94328235e+03  3.49249807e+01  7.94328235e+03  8.97510514e+01 
 8.12830516e+03  3.47249938e+01  8.12830516e+03  8.97326015e+01 
 8.31763771e+03  3.45250070e+01  8.31763771e+03  8.97140097e+01 
 8.51138038e+03  3.43250205e+01  8.51138038e+03  8.96952663e+01 
 8.70963590e+03  3.41250342e+01  8.70963590e+03  8.96763613e+01 
 8.91250938e+03  3.39250483e+01  8.91250938e+03  8.96572848e+01 
 9.12010839e+03  3.37250626e+01  9.12010839e+03  8.96380265e+01 
 9.33254301e+03  3.35250773e+01  9.33254301e+03  8.96185763e+01 
 9.54992586e+03  3.33250924e+01  9.54992586e+03  8.95989238e+01 
 9.77237221e+03  3.31251079e+01  9.77237221e+03  8.95790587e+01 
 1.00000000e+04  3.29251238e+01  1.00000000e+04  8.95589704e+01 
 1.02329299e+04  3.27251402e+01  1.02329299e+04  8.95386483e+01 
 1.04712855e+04  3.25251571e+01  1.04712855e+04  8.95180816e+01 
 1.07151931e+04  3.23251746e+01  1.07151931e+04  8.94972593e+01 
 1.09647820e+04  3.21251926e+01  1.09647820e+04  8.94761705e+01 
 1.12201845e+04  3.19252113e+01  1.12201845e+04  8.94548039e+01 
 1.14815362e+04  3.17252306e+01  1.14815362e+04  8.94331483e+01 
 1.17489755e+04  3.15252507e+01  1.17489755e+04  8.94111921e+01 
 1.20226443e+04  3.13252714e+01  1.20226443e+04  8.93889238e+01 
 1.23026877e+04  3.11252930e+01  1.23026877e+04  8.93663314e+01 
 1.25892541e+04  3.09253154e+01  1.25892541e+04  8.93434031e+01 
 1.28824955e+04  3.07253387e+01  1.28824955e+04  8.93201267e+01 
 1.31825674e+04  3.05253629e+01  1.31825674e+04  8.92964898e+01 
 1.34896288e+04  3.03253882e+01  1.34896288e+04  8.92724798e+01 
 1.38038426e+04  3.01254144e+01  1.38038426e+04  8.92480842e+01 
 1.41253754e+04  2.99254418e+01  1.41253754e+04  8.92232899e+01 
 1.44543977e+04  2.97254703e+01  1.44543977e+04  8.91980838e+01 
 1.47910839e+04  2.95255000e+01  1.47910839e+04  8.91724525e+01 
 1.51356125e+04  2.93255310e+01  1.51356125e+04  8.91463824e+01 
 1.54881662e+04  2.91255633e+01  1.54881662e+04  8.91198598e+01 
 1.58489319e+04  2.89255970e+01  1.58489319e+04  8.90928705e+01 
 1.62181010e+04  2.87256322e+01  1.62181010e+04  8.90654003e+01 
 1.65958691e+04  2.85256690e+01  1.65958691e+04  8.90374346e+01 
 1.69824365e+04  2.83257074e+01  1.69824365e+04  8.90089585e+01 
 1.73780083e+04  2.81257475e+01  1.73780083e+04  8.89799570e+01 
 1.77827941e+04  2.79257895e+01  1.77827941e+04  8.89504146e+01 
 1.81970086e+04  2.77258333e+01  1.81970086e+04  8.89203158e+01 
 1.86208714e+04  2.75258791e+01  1.86208714e+04  8.88896446e+01 
 1.90546072e+04  2.73259270e+01  1.90546072e+04  8.88583847e+01 
 1.94984460e+04  2.71259770e+01  1.94984460e+04  8.88265195e+01 
 1.99526231e+04  2.69260294e+01  1.99526231e+04  8.87940321e+01 
 2.04173794e+04  2.67260841e+01  2.04173794e+04  8.87609054e+01 
 2.08929613e+04  2.65261414e+01  2.08929613e+04  8.87271217e+01 
 2.13796209e+04  2.63262013e+01  2.13796209e+04  8.86926632e+01 
 2.18776162e+04  2.61262640e+01  2.18776162e+04  8.86575116e+01 
 2.23872114e+04  2.59263296e+01  2.23872114e+04  8.86216482e+01 
 2.29086765e+04  2.57263982e+01  2.29086765e+04  8.85850541e+01 
 2.34422882e+04  2.55264700e+01  2.34422882e+04  8.85477098e+01 
 2.39883292e+04  2.53265451e+01  2.39883292e+04  8.85095955e+01 
 2.45470892e+04  2.51266237e+01  2.45470892e+04  8.84706911e+01 
 2.51188643e+04  2.49267060e+01  2.51188643e+04  8.84309759e+01 
 2.57039578e+04  2.47267921e+01  2.57039578e+04  8.83904289e+01 
 2.63026799e+04  2.45268823e+01  2.63026799e+04  8.83490285e+01 
 2.69153480e+04  2.43269766e+01  2.69153480e+04  8.83067529e+01 
 2.75422870e+04  2.41270754e+01  2.75422870e+04  8.82635795e+01 
 2.81838293e+04  2.39271788e+01  2.81838293e+04  8.82194857e+01 
 2.88403150e+04  2.37272870e+01  2.88403150e+04  8.81744478e+01 
 2.95120923e+04  2.35274003e+01  2.95120923e+04  8.81284422e+01 
 3.01995172e+04  2.33275190e+01  3.01995172e+04  8.80814444e+01 
 3.09029543e+04  2.31276431e+01  3.09029543e+04  8.80334294e+01 
 3.16227766e+04  2.29277732e+01  3.16227766e+04  8.79843719e+01 
 3.23593657e+04  2.27279093e+01  3.23593657e+04  8.79342459e+01 
 3.31131121e+04  2.25280518e+01  3.31131121e+04  8.78830247e+01 
 3.38844156e+04  2.23282011e+01  3.38844156e+04  8.78306813e+01 
 3.46736850e+04  2.21283573e+01  3.46736850e+04  8.77771878e+01 
 3.54813389e+04  2.19285209e+01  3.54813389e+04  8.77225160e+01 
 3.63078055e+04  2.17286922e+01  3.63078055e+04  8.76666369e+01 
 3.71535229e+04  2.15288716e+01  3.71535229e+04  8.76095208e+01 
 3.80189396e+04  2.13290594e+01  3.80189396e+04  8.75511375e+01 
 3.89045145e+04  2.11292561e+01  3.89045145e+04  8.74914560e+01 
 3.98107171e+04  2.09294620e+01  3.98107171e+04  8.74304447e+01 
 4.07380278e+04  2.07296777e+01  4.07380278e+04  8.73680713e+01 
 4.16869383e+04  2.05299035e+01  4.16869383e+04  8.73043028e+01 
 4.26579519e+04  2.03301399e+01  4.26579519e+04  8.72391052e+01 
 4.36515832e+04  2.01303876e+01  4.36515832e+04  8.71724442e+01 
 4.46683592e+04  1.99306469e+01  4.46683592e+04  8.71042843e+01 
 4.57088190e+04  1.97309184e+01  4.57088190e+04  8.70345895e+01 
 4.67735141e+04  1.95312027e+01  4.67735141e+04  8.69633227e+01 
 4.78630092e+04  1.93315005e+01  4.78630092e+04  8.68904464e+01 
 4.89778819e+04  1.91318124e+01  4.89778819e+04  8.68159217e+01 
 5.01187234e+04  1.89321389e+01  5.01187234e+04  8.67397094e+01 
 5.12861384e+04  1.87324809e+01  5.12861384e+04  8.66617688e+01 
 5.24807460e+04  1.85328391e+01  5.24807460e+04  8.65820589e+01 
 5.37031796e+04  1.83332141e+01  5.37031796e+04  8.65005373e+01 
 5.49540874e+04  1.81336069e+01  5.49540874e+04  8.64171608e+01 
 5.62341325e+04  1.79340183e+01  5.62341325e+04  8.63318853e+01 
 5.75439937e+04  1.77344491e+01  5.75439937e+04  8.62446656e+01 
 5.88843655e+04  1.75349003e+01  5.88843655e+04  8.61554554e+01 
 6.02559586e+04  1.73353729e+01  6.02559586e+04  8.60642075e+01 
 6.16595002e+04  1.71358678e+01  6.16595002e+04  8.59708736e+01 
 6.30957344e+04  1.69363861e+01  6.30957344e+04  8.58754042e+01 
 6.45654229e+04  1.67369290e+01  6.45654229e+04  8.57777487e+01 
 6.60693448e+04  1.65374975e+01  6.60693448e+04  8.56778554e+01 
 6.76082975e+04  1.63380930e+01  6.76082975e+04  8.55756713e+01 
 6.91830971e+04  1.61387166e+01  6.91830971e+04  8.54711422e+01 
 7.07945784e+04  1.59393699e+01  7.07945784e+04  8.53642129e+01 
 7.24435960e+04  1.57400540e+01  7.24435960e+04  8.52548266e+01 
 7.41310241e+04  1.55407706e+01  7.41310241e+04  8.51429253e+01 
 7.58577575e+04  1.53415212e+01  7.58577575e+04  8.50284498e+01 
 7.76247117e+04  1.51423073e+01  7.76247117e+04  8.49113393e+01 
 7.94328235e+04  1.49431307e+01  7.94328235e+04  8.47915318e+01 
 8.12830516e+04  1.47439932e+01  8.12830516e+04  8.46689637e+01 
 8.31763771e+04  1.45448966e+01  8.31763771e+04  8.45435701e+01 
 8.51138038e+04  1.43458429e+01  8.51138038e+04  8.44152844e+01 
 8.70963590e+04  1.41468341e+01  8.70963590e+04  8.42840387e+01 
 8.91250938e+04  1.39478724e+01  8.91250938e+04  8.41497633e+01 
 9.12010839e+04  1.37489600e+01  9.12010839e+04  8.40123869e+01 
 9.33254301e+04  1.35500993e+01  9.33254301e+04  8.38718367e+01 
 9.54992586e+04  1.33512927e+01  9.54992586e+04  8.37280380e+01 
 9.77237221e+04  1.31525428e+01  9.77237221e+04  8.35809145e+01 
 1.00000000e+05  1.29538524e+01  1.00000000e+05  8.34303881e+01 
 1.02329299e+05  1.27552243e+01  1.02329299e+05  8.32763787e+01 
 1.04712855e+05  1.25566614e+01  1.04712855e+05  8.31188046e+01 
 1.07151931e+05  1.23581669e+01  1.07151931e+05  8.29575820e+01 
 1.09647820e+05  1.21597441e+01  1.09647820e+05  8.27926250e+01 
 1.12201845e+05  1.19613964e+01  1.12201845e+05  8.26238460e+01 
 1.14815362e+05  1.17631274e+01  1.14815362e+05  8.24511551e+01 
 1.17489755e+05  1.15649408e+01  1.17489755e+05  8.22744603e+01 
 1.20226443e+05  1.13668406e+01  1.20226443e+05  8.20936674e+01 
 1.23026877e+05  1.11688310e+01  1.23026877e+05  8.19086800e+01 
 1.25892541e+05  1.09709163e+01  1.25892541e+05  8.17193994e+01 
 1.28824955e+05  1.07731011e+01  1.28824955e+05  8.15257244e+01 
 1.31825674e+05  1.05753900e+01  1.31825674e+05  8.13275516e+01 
 1.34896288e+05  1.03777881e+01  1.34896288e+05  8.11247749e+01 
 1.38038426e+05  1.01803007e+01  1.38038426e+05  8.09172856e+01 
 1.41253754e+05  9.98293320e+00  1.41253754e+05  8.07049727e+01 
 1.44543977e+05  9.78569135e+00  1.44543977e+05  8.04877220e+01 
 1.47910839e+05  9.58858118e+00  1.47910839e+05  8.02654169e+01 
 1.51356125e+05  9.39160899e+00  1.51356125e+05  8.00379378e+01 
 1.54881662e+05  9.19478139e+00  1.54881662e+05  7.98051621e+01 
 1.58489319e+05  8.99810530e+00  1.58489319e+05  7.95669641e+01 
 1.62181010e+05  8.80158796e+00  1.62181010e+05  7.93232151e+01 
 1.65958691e+05  8.60523696e+00  1.65958691e+05  7.90737833e+01 
 1.69824365e+05  8.40906024e+00  1.69824365e+05  7.88185332e+01 
 1.73780083e+05  8.21306611e+00  1.73780083e+05  7.85573262e+01 
 1.77827941e+05  8.01726330e+00  1.77827941e+05  7.82900200e+01 
 1.81970086e+05  7.82166090e+00  1.81970086e+05  7.80164688e+01 
 1.86208714e+05  7.62626846e+00  1.86208714e+05  7.77365229e+01 
 1.90546072e+05  7.43109596e+00  1.90546072e+05  7.74500288e+01 
 1.94984460e+05  7.23615384e+00  1.94984460e+05  7.71568291e+01 
 1.99526231e+05  7.04145302e+00  1.99526231e+05  7.68567621e+01 
 2.04173794e+05  6.84700493e+00  2.04173794e+05  7.65496618e+01 
 2.08929613e+05  6.65282152e+00  2.08929613e+05  7.62353580e+01 
 2.13796209e+05  6.45891528e+00  2.13796209e+05  7.59136759e+01 
 2.18776162e+05  6.26529926e+00  2.18776162e+05  7.55844358e+01 
 2.23872114e+05  6.07198712e+00  2.23872114e+05  7.52474533e+01 
 2.29086765e+05  5.87899310e+00  2.29086765e+05  7.49025388e+01 
 2.34422882e+05  5.68633212e+00  2.34422882e+05  7.45494978e+01 
 2.39883292e+05  5.49401973e+00  2.39883292e+05  7.41881300e+01 
 2.45470892e+05  5.30207219e+00  2.45470892e+05  7.38182296e+01 
 2.51188643e+05  5.11050644e+00  2.51188643e+05  7.34395852e+01 
 2.57039578e+05  4.91934020e+00  2.57039578e+05  7.30519792e+01 
 2.63026799e+05  4.72859195e+00  2.63026799e+05  7.26551876e+01 
 2.69153480e+05  4.53828095e+00  2.69153480e+05  7.22489802e+01 
 2.75422870e+05  4.34842731e+00  2.75422870e+05  7.18331198e+01 
 2.81838293e+05  4.15905198e+00  2.81838293e+05  7.14073623e+01 
 2.88403150e+05  3.97017681e+00  2.88403150e+05  7.09714564e+01 
 2.95120923e+05  3.78182455e+00  2.95120923e+05  7.05251429e+01 
 3.01995172e+05  3.59401893e+00  3.01995172e+05  7.00681551e+01 
 3.09029543e+05  3.40678462e+00  3.09029543e+05  6.96002177e+01 
 3.16227766e+05  3.22014734e+00  3.16227766e+05  6.91210470e+01 
 3.23593657e+05  3.03413383e+00  3.23593657e+05  6.86303502e+01 
 3.31131121e+05  2.84877192e+00  3.31131121e+05  6.81278255e+01 
 3.38844156e+05  2.66409054e+00  3.38844156e+05  6.76131607e+01 
 3.46736850e+05  2.48011976e+00  3.46736850e+05  6.70860340e+01 
 3.54813389e+05  2.29689083e+00  3.54813389e+05  6.65461125e+01 
 3.63078055e+05  2.11443620e+00  3.63078055e+05  6.59930522e+01 
 3.71535229e+05  1.93278954e+00  3.71535229e+05  6.54264972e+01 
 3.80189396e+05  1.75198579e+00  3.80189396e+05  6.48460795e+01 
 3.89045145e+05  1.57206119e+00  3.89045145e+05  6.42514179e+01 
 3.98107171e+05  1.39305326e+00  3.98107171e+05  6.36421176e+01 
 4.07380278e+05  1.21500089e+00  4.07380278e+05  6.30177694e+01 
 4.16869383e+05  1.03794429e+00  4.16869383e+05  6.23779491e+01 
 4.26579519e+05  8.61925049e-01  4.26579519e+05  6.17222163e+01 
 4.36515832e+05  6.86986144e-01  4.36515832e+05  6.10501138e+01 
 4.46683592e+05  5.13171924e-01  4.46683592e+05  6.03611665e+01 
 4.57088190e+05  3.40528123e-01  4.57088190e+05  5.96548804e+01 
 4.67735141e+05  1.69101848e-01  4.67735141e+05  5.89307417e+01 
 4.78630092e+05 -1.05843779e-03  4.78630092e+05  5.81882150e+01 
 4.89778819e+05 -1.69902943e-01  4.89778819e+05  5.74267426e+01 
 5.01187234e+05 -3.37380587e-01  5.01187234e+05  5.66457429e+01 
 5.12861384e+05 -5.03439054e-01  5.12861384e+05  5.58446085e+01 
 5.24807460e+05 -6.68024864e-01  5.24807460e+05  5.50227051e+01 
 5.37031796e+05 -8.31083457e-01  5.37031796e+05  5.41793697e+01 
 5.49540874e+05 -9.92559303e-01  5.49540874e+05  5.33139081e+01 
 5.62341325e+05 -1.15239604e+00  5.62341325e+05  5.24255933e+01 
 5.75439937e+05 -1.31053662e+00  5.75439937e+05  5.15136636e+01 
 5.88843655e+05 -1.46692353e+00  5.88843655e+05  5.05773192e+01 
 6.02559586e+05 -1.62149899e+00  6.02559586e+05  4.96157207e+01 
 6.16595002e+05 -1.77420527e+00  6.16595002e+05  4.86279856e+01 
 6.30957344e+05 -1.92498497e+00  6.30957344e+05  4.76131857e+01 
 6.45654229e+05 -2.07378141e+00  6.45654229e+05  4.65703439e+01 
 6.60693448e+05 -2.22053910e+00  6.60693448e+05  4.54984306e+01 
 6.76082975e+05 -2.36520421e+00  6.76082975e+05  4.43963603e+01 
 6.91830971e+05 -2.50772522e+00  6.91830971e+05  4.32629877e+01 
 7.07945784e+05 -2.64805356e+00  7.07945784e+05  4.20971039e+01 
 7.24435960e+05 -2.78614447e+00  7.24435960e+05  4.08974318e+01 
 7.41310241e+05 -2.92195788e+00  7.41310241e+05  3.96626220e+01 
 7.58577575e+05 -3.05545951e+00  7.58577575e+05  3.83912482e+01 
 7.76247117e+05 -3.18662206e+00  7.76247117e+05  3.70818026e+01 
 7.94328235e+05 -3.31542667e+00  7.94328235e+05  3.57326914e+01 
 8.12830516e+05 -3.44186448e+00  8.12830516e+05  3.43422297e+01 
 8.31763771e+05 -3.56593847e+00  8.31763771e+05  3.29086380e+01 
 8.51138038e+05 -3.68766556e+00  8.51138038e+05  3.14300371e+01 
 8.70963590e+05 -3.80707901e+00  8.70963590e+05  2.99044456e+01 
 8.91250938e+05 -3.92423104e+00  8.91250938e+05  2.83297763e+01 
 9.12010839e+05 -4.03919590e+00  9.12010839e+05  2.67038349e+01 
 9.33254301e+05 -4.15207323e+00  9.33254301e+05  2.50243199e+01 
 9.54992586e+05 -4.26299188e+00  9.54992586e+05  2.32888242e+01 
 9.77237221e+05 -4.37211408e+00  9.77237221e+05  2.14948392e+01 
 1.00000000e+06 -4.47964006e+00  1.00000000e+06  1.96397622e+01 
 1.02329299e+06 -4.58581314e+00  1.02329299e+06  1.77209083e+01 
 1.04712855e+06 -4.69092510e+00  1.04712855e+06  1.57355259e+01 
 1.07151931e+06 -4.79532203e+00  1.07151931e+06  1.36808197e+01 
 1.09647820e+06 -4.89941034e+00  1.09647820e+06  1.15539797e+01 
 1.12201845e+06 -5.00366298e+00  1.12201845e+06  9.35221927e+00 
 1.14815362e+06 -5.10862556e+00  1.14815362e+06  7.07282287e+00 
 1.17489755e+06 -5.21492214e+00  1.17489755e+06  4.71320454e+00 
 1.20226443e+06 -5.32326041e+00  1.20226443e+06  2.27097900e+00 
 1.23026877e+06 -5.43443573e+00  1.23026877e+06 -2.55954434e-01 
 1.25892541e+06 -5.54933359e+00  1.25892541e+06 -2.86931441e+00 
 1.28824955e+06 -5.66892977e+00  1.28824955e+06 -5.57032724e+00 
 1.31825674e+06 -5.79428766e+00  1.31825674e+06 -8.35960504e+00 
 1.34896288e+06 -5.92655183e+00  1.34896288e+06 -1.12370153e+01 
 1.38038426e+06 -6.06693728e+00  1.38038426e+06 -1.42015465e+01 
 1.41253754e+06 -6.21671365e+00  1.41253754e+06 -1.72511756e+01 
 1.44543977e+06 -6.37718416e+00  1.44543977e+06 -2.03827467e+01 
 1.47910839e+06 -6.54965892e+00  1.47910839e+06 -2.35918694e+01 
 1.51356125e+06 -6.73542335e+00  1.51356125e+06 -2.68728491e+01 
 1.54881662e+06 -6.93570219e+00  1.54881662e+06 -3.02186591e+01 
 1.58489319e+06 -7.15162106e+00  1.58489319e+06 -3.36209652e+01 
 1.62181010e+06 -7.38416723e+00  1.62181010e+06 -3.70702095e+01 
 1.65958691e+06 -7.63415231e+00  1.65958691e+06 -4.05557573e+01 
 1.69824365e+06 -7.90217959e+00  1.69824365e+06 -4.40661029e+01 
 1.73780083e+06 -8.18861843e+00  1.73780083e+06 -4.75891288e+01 
 1.77827941e+06 -8.49358820e+00  1.77827941e+06 -5.11124021e+01 
 1.81970086e+06 -8.81695281e+00  1.81970086e+06 -5.46234909e+01 
 1.86208714e+06 -9.15832674e+00  1.86208714e+06 -5.81102804e+01 
 1.90546072e+06 -9.51709164e+00  1.90546072e+06 -6.15612676e+01 
 1.94984460e+06 -9.89242229e+00  1.94984460e+06 -6.49658166e+01 
 1.99526231e+06 -1.02833196e+01  1.99526231e+06 -6.83143615e+01 
 2.04173794e+06 -1.06886479e+01  2.04173794e+06 -7.15985483e+01 
 2.08929613e+06 -1.11071740e+01  2.08929613e+06 -7.48113147e+01 
 2.13796209e+06 -1.15376058e+01  2.13796209e+06 -7.79469101e+01 
 2.18776162e+06 -1.19786275e+01  2.18776162e+06 -8.10008641e+01 
 2.23872114e+06 -1.24289306e+01  2.23872114e+06 -8.39699130e+01 
 2.29086765e+06 -1.28872406e+01  2.29086765e+06 -8.68518954e+01 
 2.34422882e+06 -1.33523370e+01  2.34422882e+06 -8.96456285e+01 
 2.39883292e+06 -1.38230685e+01  2.39883292e+06 -9.23507733e+01 
 2.45470892e+06 -1.42983632e+01  2.45470892e+06 -9.49676988e+01 
 2.51188643e+06 -1.47772344e+01  2.51188643e+06 -9.74973505e+01 
 2.57039578e+06 -1.52587823e+01  2.57039578e+06 -9.99411274e+01 
 2.63026799e+06 -1.57421931e+01  2.63026799e+06 -1.02300771e+02 
 2.69153480e+06 -1.62267361e+01  2.69153480e+06 -1.04578268e+02 
 2.75422870e+06 -1.67117582e+01  2.75422870e+06 -1.06775767e+02 
 2.81838293e+06 -1.71966782e+01  2.81838293e+06 -1.08895506e+02 
 2.88403150e+06 -1.76809801e+01  2.88403150e+06 -1.10939757e+02 
 2.95120923e+06 -1.81642053e+01  2.95120923e+06 -1.12910781e+02 
 3.01995172e+06 -1.86459461e+01  3.01995172e+06 -1.14810791e+02 
 3.09029543e+06 -1.91258379e+01  3.09029543e+06 -1.16641930e+02 
 3.16227766e+06 -1.96035525e+01  3.16227766e+06 -1.18406249e+02 
 3.23593657e+06 -2.00787918e+01  3.23593657e+06 -1.20105703e+02 
 3.31131121e+06 -2.05512811e+01  3.31131121e+06 -1.21742146e+02 
 3.38844156e+06 -2.10207639e+01  3.38844156e+06 -1.23317333e+02 
 3.46736850e+06 -2.14869969e+01  3.46736850e+06 -1.24832929e+02 
 3.54813389e+06 -2.19497456e+01  3.54813389e+06 -1.26290523e+02 
 3.63078055e+06 -2.24087808e+01  3.63078055e+06 -1.27691638e+02 
 3.71535229e+06 -2.28638753e+01  3.71535229e+06 -1.29037755e+02 
 3.80189396e+06 -2.33148025e+01  3.80189396e+06 -1.30330330e+02 
 3.89045145e+06 -2.37613343e+01  3.89045145e+06 -1.31570819e+02 
 3.98107171e+06 -2.42032414e+01  3.98107171e+06 -1.32760692e+02 
 4.07380278e+06 -2.46402930e+01  4.07380278e+06 -1.33901464e+02 
 4.16869383e+06 -2.50722586e+01  4.16869383e+06 -1.34994705e+02 
 4.26579519e+06 -2.54989092e+01  4.26579519e+06 -1.36042062e+02 
 4.36515832e+06 -2.59200203e+01  4.36515832e+06 -1.37045270e+02 
 4.46683592e+06 -2.63353745e+01  4.46683592e+06 -1.38006158e+02 
 4.57088190e+06 -2.67447650e+01  4.57088190e+06 -1.38926656e+02 
 4.67735141e+06 -2.71479991e+01  4.67735141e+06 -1.39808789e+02 
 4.78630092e+06 -2.75449012e+01  4.78630092e+06 -1.40654670e+02 
 4.89778819e+06 -2.79353162e+01  4.89778819e+06 -1.41466488e+02 
 5.01187234e+06 -2.83191122e+01  5.01187234e+06 -1.42246487e+02 
 5.12861384e+06 -2.86961824e+01  5.12861384e+06 -1.42996948e+02 
 5.24807460e+06 -2.90664464e+01  5.24807460e+06 -1.43720161e+02 
 5.37031796e+06 -2.94298511e+01  5.37031796e+06 -1.44418403e+02 
 5.49540874e+06 -2.97863702e+01  5.49540874e+06 -1.45093907e+02 
 5.62341325e+06 -3.01360033e+01  5.62341325e+06 -1.45748840e+02 
 5.75439937e+06 -3.04787742e+01  5.75439937e+06 -1.46385279e+02 
 5.88843655e+06 -3.08147290e+01  5.88843655e+06 -1.47005192e+02 
 6.02559586e+06 -3.11439328e+01  6.02559586e+06 -1.47610422e+02 
 6.16595002e+06 -3.14664672e+01  6.16595002e+06 -1.48202670e+02 
 6.30957344e+06 -3.17824273e+01  6.30957344e+06 -1.48783497e+02 
 6.45654229e+06 -3.20919183e+01  6.45654229e+06 -1.49354309e+02 
 6.60693448e+06 -3.23950525e+01  6.60693448e+06 -1.49916366e+02 
 6.76082975e+06 -3.26919471e+01  6.76082975e+06 -1.50470778e+02 
 6.91830971e+06 -3.29827211e+01  6.91830971e+06 -1.51018517e+02 
 7.07945784e+06 -3.32674935e+01  7.07945784e+06 -1.51560421e+02 
 7.24435960e+06 -3.35463817e+01  7.24435960e+06 -1.52097205e+02 
 7.41310241e+06 -3.38194998e+01  7.41310241e+06 -1.52629470e+02 
 7.58577575e+06 -3.40869579e+01  7.58577575e+06 -1.53157718e+02 
 7.76247117e+06 -3.43488610e+01  7.76247117e+06 -1.53682359e+02 
 7.94328235e+06 -3.46053092e+01  7.94328235e+06 -1.54203725e+02 
 8.12830516e+06 -3.48563970e+01  8.12830516e+06 -1.54722078e+02 
 8.31763771e+06 -3.51022136e+01  8.31763771e+06 -1.55237619e+02 
 8.51138038e+06 -3.53428431e+01  8.51138038e+06 -1.55750502e+02 
 8.70963590e+06 -3.55783649e+01  8.70963590e+06 -1.56260835e+02 
 8.91250938e+06 -3.58088543e+01  8.91250938e+06 -1.56768693e+02 
 9.12010839e+06 -3.60343826e+01  9.12010839e+06 -1.57274120e+02 
 9.33254301e+06 -3.62550181e+01  9.33254301e+06 -1.57777135e+02 
 9.54992586e+06 -3.64708266e+01  9.54992586e+06 -1.58277739e+02 
 9.77237221e+06 -3.66818717e+01  9.77237221e+06 -1.58775916e+02 
 1.00000000e+07 -3.68882159e+01  1.00000000e+07 -1.59271637e+02 
 1.02329299e+07 -3.70899204e+01  1.02329299e+07 -1.59764862e+02 
 1.04712855e+07 -3.72870464e+01  1.04712855e+07 -1.60255543e+02 
 1.07151931e+07 -3.74796548e+01  1.07151931e+07 -1.60743625e+02 
 1.09647820e+07 -3.76678072e+01  1.09647820e+07 -1.61229047e+02 
 1.12201845e+07 -3.78515658e+01  1.12201845e+07 -1.61711742e+02 
 1.14815362e+07 -3.80309941e+01  1.14815362e+07 -1.62191641e+02 
 1.17489755e+07 -3.82061567e+01  1.17489755e+07 -1.62668670e+02 
 1.20226443e+07 -3.83771200e+01  1.20226443e+07 -1.63142750e+02 
 1.23026877e+07 -3.85439520e+01  1.23026877e+07 -1.63613802e+02 
 1.25892541e+07 -3.87067223e+01  1.25892541e+07 -1.64081741e+02 
 1.28824955e+07 -3.88655026e+01  1.28824955e+07 -1.64546479e+02 
 1.31825674e+07 -3.90203664e+01  1.31825674e+07 -1.65007927e+02 
 1.34896288e+07 -3.91713891e+01  1.34896288e+07 -1.65465990e+02 
 1.38038426e+07 -3.93186477e+01  1.38038426e+07 -1.65920571e+02 
 1.41253754e+07 -3.94622213e+01  1.41253754e+07 -1.66371569e+02 
 1.44543977e+07 -3.96021902e+01  1.44543977e+07 -1.66818880e+02 
 1.47910839e+07 -3.97386366e+01  1.47910839e+07 -1.67262396e+02 
 1.51356125e+07 -3.98716439e+01  1.51356125e+07 -1.67702004e+02 
 1.54881662e+07 -4.00012965e+01  1.54881662e+07 -1.68137590e+02 
 1.58489319e+07 -4.01276801e+01  1.58489319e+07 -1.68569033e+02 
 1.62181010e+07 -4.02508810e+01  1.62181010e+07 -1.68996210e+02 
 1.65958691e+07 -4.03709862e+01  1.65958691e+07 -1.69418993e+02 
 1.69824365e+07 -4.04880829e+01  1.69824365e+07 -1.69837253e+02 
 1.73780083e+07 -4.06022586e+01  1.73780083e+07 -1.70250853e+02 
 1.77827941e+07 -4.07136007e+01  1.77827941e+07 -1.70659656e+02 
 1.81970086e+07 -4.08221963e+01  1.81970086e+07 -1.71063518e+02 
 1.86208714e+07 -4.09281319e+01  1.86208714e+07 -1.71462294e+02 
 1.90546072e+07 -4.10314932e+01  1.90546072e+07 -1.71855835e+02 
 1.94984460e+07 -4.11323650e+01  1.94984460e+07 -1.72243989e+02 
 1.99526231e+07 -4.12308308e+01  1.99526231e+07 -1.72626600e+02 
 2.04173794e+07 -4.13269726e+01  2.04173794e+07 -1.73003511e+02 
 2.08929613e+07 -4.14208709e+01  2.08929613e+07 -1.73374562e+02 
 2.13796209e+07 -4.15126042e+01  2.13796209e+07 -1.73739590e+02 
 2.18776162e+07 -4.16022490e+01  2.18776162e+07 -1.74098432e+02 
 2.23872114e+07 -4.16898793e+01  2.23872114e+07 -1.74450924e+02 
 2.29086765e+07 -4.17755669e+01  2.29086765e+07 -1.74796898e+02 
 2.34422882e+07 -4.18593809e+01  2.34422882e+07 -1.75136191e+02 
 2.39883292e+07 -4.19413877e+01  2.39883292e+07 -1.75468635e+02 
 2.45470892e+07 -4.20216507e+01  2.45470892e+07 -1.75794067e+02 
 2.51188643e+07 -4.21002301e+01  2.51188643e+07 -1.76112323e+02 
 2.57039578e+07 -4.21771831e+01  2.57039578e+07 -1.76423244e+02 
 2.63026799e+07 -4.22525636e+01  2.63026799e+07 -1.76726671e+02 
 2.69153480e+07 -4.23264221e+01  2.69153480e+07 -1.77022450e+02 
 2.75422870e+07 -4.23988057e+01  2.75422870e+07 -1.77310432e+02 
 2.81838293e+07 -4.24697577e+01  2.81838293e+07 -1.77590473e+02 
 2.88403150e+07 -4.25393183e+01  2.88403150e+07 -1.77862436e+02 
 2.95120923e+07 -4.26075237e+01  2.95120923e+07 -1.78126190e+02 
 3.01995172e+07 -4.26744069e+01  3.01995172e+07 -1.78381613e+02 
 3.09029543e+07 -4.27399970e+01  3.09029543e+07 -1.78628591e+02 
 3.16227766e+07 -4.28043198e+01  3.16227766e+07 -1.78867021e+02 
 3.23593657e+07 -4.28673973e+01  3.23593657e+07 -1.79096811e+02 
 3.31131121e+07 -4.29292484e+01  3.31131121e+07 -1.79317881e+02 
 3.38844156e+07 -4.29898884e+01  3.38844156e+07 -1.79530162e+02 
 3.46736850e+07 -4.30493295e+01  3.46736850e+07 -1.79733600e+02 
 3.54813389e+07 -4.31075805e+01  3.54813389e+07 -1.79928157e+02 
 3.63078055e+07 -4.31646475e+01  3.63078055e+07  1.79886191e+02 
 3.71535229e+07 -4.32205335e+01  3.71535229e+07  1.79709453e+02 
 3.80189396e+07 -4.32752389e+01  3.80189396e+07  1.79541619e+02 
 3.89045145e+07 -4.33287615e+01  3.89045145e+07  1.79382661e+02 
 3.98107171e+07 -4.33810969e+01  3.98107171e+07  1.79232535e+02 
 4.07380278e+07 -4.34322382e+01  4.07380278e+07  1.79091175e+02 
 4.16869383e+07 -4.34821769e+01  4.16869383e+07  1.78958499e+02 
 4.26579519e+07 -4.35309027e+01  4.26579519e+07  1.78834402e+02 
 4.36515832e+07 -4.35784038e+01  4.36515832e+07  1.78718761e+02 
 4.46683592e+07 -4.36246671e+01  4.46683592e+07  1.78611433e+02 
 4.57088190e+07 -4.36696784e+01  4.57088190e+07  1.78512252e+02 
 4.67735141e+07 -4.37134229e+01  4.67735141e+07  1.78421034e+02 
 4.78630092e+07 -4.37558852e+01  4.78630092e+07  1.78337574e+02 
 4.89778819e+07 -4.37970496e+01  4.89778819e+07  1.78261646e+02 
 5.01187234e+07 -4.38369004e+01  5.01187234e+07  1.78193006e+02 
 5.12861384e+07 -4.38754221e+01  5.12861384e+07  1.78131388e+02 
 5.24807460e+07 -4.39125996e+01  5.24807460e+07  1.78076509e+02 
 5.37031796e+07 -4.39484186e+01  5.37031796e+07  1.78028067e+02 
 5.49540874e+07 -4.39828657e+01  5.49540874e+07  1.77985741e+02 
 5.62341325e+07 -4.40159284e+01  5.62341325e+07  1.77949196e+02 
 5.75439937e+07 -4.40475960e+01  5.75439937e+07  1.77918078e+02 
 5.88843655e+07 -4.40778589e+01  5.88843655e+07  1.77892019e+02 
 6.02559586e+07 -4.41067097e+01  6.02559586e+07  1.77870637e+02 
 6.16595002e+07 -4.41341427e+01  6.16595002e+07  1.77853538e+02 
 6.30957344e+07 -4.41601542e+01  6.30957344e+07  1.77840314e+02 
 6.45654229e+07 -4.41847432e+01  6.45654229e+07  1.77830549e+02 
 6.60693448e+07 -4.42079106e+01  6.60693448e+07  1.77823815e+02 
 6.76082975e+07 -4.42296604e+01  6.76082975e+07  1.77819679e+02 
 6.91830971e+07 -4.42499988e+01  6.91830971e+07  1.77817699e+02 
 7.07945784e+07 -4.42689351e+01  7.07945784e+07  1.77817431e+02 
 7.24435960e+07 -4.42864813e+01  7.24435960e+07  1.77818426e+02 
 7.41310241e+07 -4.43026524e+01  7.41310241e+07  1.77820232e+02 
 7.58577575e+07 -4.43174663e+01  7.58577575e+07  1.77822398e+02 
 7.76247117e+07 -4.43309441e+01  7.76247117e+07  1.77824475e+02 
 7.94328235e+07 -4.43431096e+01  7.94328235e+07  1.77826015e+02 
 8.12830516e+07 -4.43539900e+01  8.12830516e+07  1.77826575e+02 
 8.31763771e+07 -4.43636151e+01  8.31763771e+07  1.77825718e+02 
 8.51138038e+07 -4.43720180e+01  8.51138038e+07  1.77823015e+02 
 8.70963590e+07 -4.43792346e+01  8.70963590e+07  1.77818046e+02 
 8.91250938e+07 -4.43853035e+01  8.91250938e+07  1.77810400e+02 
 9.12010839e+07 -4.43902661e+01  9.12010839e+07  1.77799679e+02 
 9.33254301e+07 -4.43941665e+01  9.33254301e+07  1.77785498e+02 
 9.54992586e+07 -4.43970511e+01  9.54992586e+07  1.77767485e+02 
 9.77237221e+07 -4.43989689e+01  9.77237221e+07  1.77745287e+02 
 1.00000000e+08 -4.43999708e+01  1.00000000e+08  1.77718564e+02 
