 1.00000000e+00  8.14921018e+01  1.00000000e+00  1.78048394e+02 
 1.02329299e+00  8.14910688e+01  1.02329299e+00  1.78004737e+02 
 1.04712855e+00  8.14899943e+01  1.04712855e+00  1.77960177e+02 
 1.07151931e+00  8.14888770e+01  1.07151931e+00  1.77914700e+02 
 1.09647820e+00  8.14877155e+01  1.09647820e+00  1.77868292e+02 
 1.12201845e+00  8.14865084e+01  1.12201845e+00  1.77820938e+02 
 1.14815362e+00  8.14852543e+01  1.14815362e+00  1.77772622e+02 
 1.17489755e+00  8.14839518e+01  1.17489755e+00  1.77723332e+02 
 1.20226443e+00  8.14825995e+01  1.20226443e+00  1.77673052e+02 
 1.23026877e+00  8.14811960e+01  1.23026877e+00  1.77621767e+02 
 1.25892541e+00  8.14797398e+01  1.25892541e+00  1.77569463e+02 
 1.28824955e+00  8.14782296e+01  1.28824955e+00  1.77516126e+02 
 1.31825674e+00  8.14766639e+01  1.31825674e+00  1.77461740e+02 
 1.34896288e+00  8.14750413e+01  1.34896288e+00  1.77406292e+02 
 1.38038426e+00  8.14733604e+01  1.38038426e+00  1.77349766e+02 
 1.41253754e+00  8.14716198e+01  1.41253754e+00  1.77292148e+02 
 1.44543977e+00  8.14698183e+01  1.44543977e+00  1.77233423e+02 
 1.47910839e+00  8.14679544e+01  1.47910839e+00  1.77173576e+02 
 1.51356125e+00  8.14660269e+01  1.51356125e+00  1.77112592e+02 
 1.54881662e+00  8.14640345e+01  1.54881662e+00  1.77050457e+02 
 1.58489319e+00  8.14619761e+01  1.58489319e+00  1.76987155e+02 
 1.62181010e+00  8.14598504e+01  1.62181010e+00  1.76922671e+02 
 1.65958691e+00  8.14576564e+01  1.65958691e+00  1.76856989e+02 
 1.69824365e+00  8.14553929e+01  1.69824365e+00  1.76790094e+02 
 1.73780083e+00  8.14530591e+01  1.73780083e+00  1.76721970e+02 
 1.77827941e+00  8.14506539e+01  1.77827941e+00  1.76652601e+02 
 1.81970086e+00  8.14481766e+01  1.81970086e+00  1.76581969e+02 
 1.86208714e+00  8.14456263e+01  1.86208714e+00  1.76510059e+02 
 1.90546072e+00  8.14430024e+01  1.90546072e+00  1.76436853e+02 
 1.94984460e+00  8.14403041e+01  1.94984460e+00  1.76362332e+02 
 1.99526231e+00  8.14375311e+01  1.99526231e+00  1.76286478e+02 
 2.04173794e+00  8.14346829e+01  2.04173794e+00  1.76209273e+02 
 2.08929613e+00  8.14317590e+01  2.08929613e+00  1.76130696e+02 
 2.13796209e+00  8.14287592e+01  2.13796209e+00  1.76050726e+02 
 2.18776162e+00  8.14256834e+01  2.18776162e+00  1.75969341e+02 
 2.23872114e+00  8.14225315e+01  2.23872114e+00  1.75886521e+02 
 2.29086765e+00  8.14193035e+01  2.29086765e+00  1.75802240e+02 
 2.34422882e+00  8.14159994e+01  2.34422882e+00  1.75716474e+02 
 2.39883292e+00  8.14126194e+01  2.39883292e+00  1.75629197e+02 
 2.45470892e+00  8.14091638e+01  2.45470892e+00  1.75540381e+02 
 2.51188643e+00  8.14056328e+01  2.51188643e+00  1.75449999e+02 
 2.57039578e+00  8.14020270e+01  2.57039578e+00  1.75358020e+02 
 2.63026799e+00  8.13983466e+01  2.63026799e+00  1.75264413e+02 
 2.69153480e+00  8.13945922e+01  2.69153480e+00  1.75169143e+02 
 2.75422870e+00  8.13907643e+01  2.75422870e+00  1.75072175e+02 
 2.81838293e+00  8.13868635e+01  2.81838293e+00  1.74973474e+02 
 2.88403150e+00  8.13828903e+01  2.88403150e+00  1.74872999e+02 
 2.95120923e+00  8.13788452e+01  2.95120923e+00  1.74770710e+02 
 3.01995172e+00  8.13747288e+01  3.01995172e+00  1.74666564e+02 
 3.09029543e+00  8.13705416e+01  3.09029543e+00  1.74560516e+02 
 3.16227766e+00  8.13662840e+01  3.16227766e+00  1.74452519e+02 
 3.23593657e+00  8.13619565e+01  3.23593657e+00  1.74342522e+02 
 3.31131121e+00  8.13575593e+01  3.31131121e+00  1.74230475e+02 
 3.38844156e+00  8.13530927e+01  3.38844156e+00  1.74116324e+02 
 3.46736850e+00  8.13485567e+01  3.46736850e+00  1.74000012e+02 
 3.54813389e+00  8.13439513e+01  3.54813389e+00  1.73881480e+02 
 3.63078055e+00  8.13392763e+01  3.63078055e+00  1.73760667e+02 
 3.71535229e+00  8.13345312e+01  3.71535229e+00  1.73637510e+02 
 3.80189396e+00  8.13297154e+01  3.80189396e+00  1.73511943e+02 
 3.89045145e+00  8.13248282e+01  3.89045145e+00  1.73383898e+02 
 3.98107171e+00  8.13198685e+01  3.98107171e+00  1.73253305e+02 
 4.07380278e+00  8.13148349e+01  4.07380278e+00  1.73120091e+02 
 4.16869383e+00  8.13097259e+01  4.16869383e+00  1.72984181e+02 
 4.26579519e+00  8.13045396e+01  4.26579519e+00  1.72845498e+02 
 4.36515832e+00  8.12992737e+01  4.36515832e+00  1.72703962e+02 
 4.46683592e+00  8.12939258e+01  4.46683592e+00  1.72559493e+02 
 4.57088190e+00  8.12884929e+01  4.57088190e+00  1.72412006e+02 
 4.67735141e+00  8.12829718e+01  4.67735141e+00  1.72261417e+02 
 4.78630092e+00  8.12773589e+01  4.78630092e+00  1.72107638e+02 
 4.89778819e+00  8.12716501e+01  4.89778819e+00  1.71950579e+02 
 5.01187234e+00  8.12658411e+01  5.01187234e+00  1.71790151e+02 
 5.12861384e+00  8.12599268e+01  5.12861384e+00  1.71626261e+02 
 5.24807460e+00  8.12539022e+01  5.24807460e+00  1.71458813e+02 
 5.37031796e+00  8.12477614e+01  5.37031796e+00  1.71287714e+02 
 5.49540874e+00  8.12414982e+01  5.49540874e+00  1.71112865e+02 
 5.62341325e+00  8.12351059e+01  5.62341325e+00  1.70934168e+02 
 5.75439937e+00  8.12285774e+01  5.75439937e+00  1.70751524e+02 
 5.88843655e+00  8.12219050e+01  5.88843655e+00  1.70564831e+02 
 6.02559586e+00  8.12150807e+01  6.02559586e+00  1.70373988e+02 
 6.16595002e+00  8.12080956e+01  6.16595002e+00  1.70178892e+02 
 6.30957344e+00  8.12009406e+01  6.30957344e+00  1.69979439e+02 
 6.45654229e+00  8.11936060e+01  6.45654229e+00  1.69775524e+02 
 6.60693448e+00  8.11860815e+01  6.60693448e+00  1.69567042e+02 
 6.76082975e+00  8.11783562e+01  6.76082975e+00  1.69353887e+02 
 6.91830971e+00  8.11704188e+01  6.91830971e+00  1.69135951e+02 
 7.07945784e+00  8.11622573e+01  7.07945784e+00  1.68913129e+02 
 7.24435960e+00  8.11538591e+01  7.24435960e+00  1.68685313e+02 
 7.41310241e+00  8.11452111e+01  7.41310241e+00  1.68452394e+02 
 7.58577575e+00  8.11362995e+01  7.58577575e+00  1.68214265e+02 
 7.76247117e+00  8.11271100e+01  7.76247117e+00  1.67970819e+02 
 7.94328235e+00  8.11176274e+01  7.94328235e+00  1.67721946e+02 
 8.12830516e+00  8.11078363e+01  8.12830516e+00  1.67467540e+02 
 8.31763771e+00  8.10977202e+01  8.31763771e+00  1.67207493e+02 
 8.51138038e+00  8.10872621e+01  8.51138038e+00  1.66941697e+02 
 8.70963590e+00  8.10764446e+01  8.70963590e+00  1.66670046e+02 
 8.91250938e+00  8.10652491e+01  8.91250938e+00  1.66392435e+02 
 9.12010839e+00  8.10536567e+01  9.12010839e+00  1.66108757e+02 
 9.33254301e+00  8.10416476e+01  9.33254301e+00  1.65818910e+02 
 9.54992586e+00  8.10292014e+01  9.54992586e+00  1.65522789e+02 
 9.77237221e+00  8.10162968e+01  9.77237221e+00  1.65220292e+02 
 1.00000000e+01  8.10029118e+01  1.00000000e+01  1.64911321e+02 
 1.02329299e+01  8.09890238e+01  1.02329299e+01  1.64595775e+02 
 1.04712855e+01  8.09746091e+01  1.04712855e+01  1.64273558e+02 
 1.07151931e+01  8.09596436e+01  1.07151931e+01  1.63944575e+02 
 1.09647820e+01  8.09441022e+01  1.09647820e+01  1.63608734e+02 
 1.12201845e+01  8.09279589e+01  1.12201845e+01  1.63265944e+02 
 1.14815362e+01  8.09111870e+01  1.14815362e+01  1.62916119e+02 
 1.17489755e+01  8.08937590e+01  1.17489755e+01  1.62559175e+02 
 1.20226443e+01  8.08756467e+01  1.20226443e+01  1.62195030e+02 
 1.23026877e+01  8.08568207e+01  1.23026877e+01  1.61823607e+02 
 1.25892541e+01  8.08372512e+01  1.25892541e+01  1.61444833e+02 
 1.28824955e+01  8.08169073e+01  1.28824955e+01  1.61058639e+02 
 1.31825674e+01  8.07957573e+01  1.31825674e+01  1.60664961e+02 
 1.34896288e+01  8.07737687e+01  1.34896288e+01  1.60263739e+02 
 1.38038426e+01  8.07509083e+01  1.38038426e+01  1.59854918e+02 
 1.41253754e+01  8.07271420e+01  1.41253754e+01  1.59438450e+02 
 1.44543977e+01  8.07024349e+01  1.44543977e+01  1.59014291e+02 
 1.47910839e+01  8.06767512e+01  1.47910839e+01  1.58582407e+02 
 1.51356125e+01  8.06500547e+01  1.51356125e+01  1.58142767e+02 
 1.54881662e+01  8.06223082e+01  1.54881662e+01  1.57695348e+02 
 1.58489319e+01  8.05934738e+01  1.58489319e+01  1.57240135e+02 
 1.62181010e+01  8.05635130e+01  1.62181010e+01  1.56777122e+02 
 1.65958691e+01  8.05323868e+01  1.65958691e+01  1.56306311e+02 
 1.69824365e+01  8.05000553e+01  1.69824365e+01  1.55827710e+02 
 1.73780083e+01  8.04664785e+01  1.73780083e+01  1.55341340e+02 
 1.77827941e+01  8.04316154e+01  1.77827941e+01  1.54847229e+02 
 1.81970086e+01  8.03954251e+01  1.81970086e+01  1.54345416e+02 
 1.86208714e+01  8.03578659e+01  1.86208714e+01  1.53835950e+02 
 1.90546072e+01  8.03188960e+01  1.90546072e+01  1.53318891e+02 
 1.94984460e+01  8.02784735e+01  1.94984460e+01  1.52794310e+02 
 1.99526231e+01  8.02365561e+01  1.99526231e+01  1.52262289e+02 
 2.04173794e+01  8.01931016e+01  2.04173794e+01  1.51722921e+02 
 2.08929613e+01  8.01480679e+01  2.08929613e+01  1.51176313e+02 
 2.13796209e+01  8.01014127e+01  2.13796209e+01  1.50622581e+02 
 2.18776162e+01  8.00530944e+01  2.18776162e+01  1.50061857e+02 
 2.23872114e+01  8.00030713e+01  2.23872114e+01  1.49494283e+02 
 2.29086765e+01  7.99513024e+01  2.29086765e+01  1.48920013e+02 
 2.34422882e+01  7.98977471e+01  2.34422882e+01  1.48339217e+02 
 2.39883292e+01  7.98423655e+01  2.39883292e+01  1.47752074e+02 
 2.45470892e+01  7.97851185e+01  2.45470892e+01  1.47158778e+02 
 2.51188643e+01  7.97259679e+01  2.51188643e+01  1.46559535e+02 
 2.57039578e+01  7.96648764e+01  2.57039578e+01  1.45954563e+02 
 2.63026799e+01  7.96018081e+01  2.63026799e+01  1.45344093e+02 
 2.69153480e+01  7.95367279e+01  2.69153480e+01  1.44728368e+02 
 2.75422870e+01  7.94696025e+01  2.75422870e+01  1.44107643e+02 
 2.81838293e+01  7.94003999e+01  2.81838293e+01  1.43482182e+02 
 2.88403150e+01  7.93290896e+01  2.88403150e+01  1.42852265e+02 
 2.95120923e+01  7.92556431e+01  2.95120923e+01  1.42218176e+02 
 3.01995172e+01  7.91800333e+01  3.01995172e+01  1.41580215e+02 
 3.09029543e+01  7.91022354e+01  3.09029543e+01  1.40938688e+02 
 3.16227766e+01  7.90222265e+01  3.16227766e+01  1.40293909e+02 
 3.23593657e+01  7.89399856e+01  3.23593657e+01  1.39646203e+02 
 3.31131121e+01  7.88554941e+01  3.31131121e+01  1.38995899e+02 
 3.38844156e+01  7.87687358e+01  3.38844156e+01  1.38343335e+02 
 3.46736850e+01  7.86796963e+01  3.46736850e+01  1.37688853e+02 
 3.54813389e+01  7.85883642e+01  3.54813389e+01  1.37032801e+02 
 3.63078055e+01  7.84947301e+01  3.63078055e+01  1.36375528e+02 
 3.71535229e+01  7.83987872e+01  3.71535229e+01  1.35717391e+02 
 3.80189396e+01  7.83005312e+01  3.80189396e+01  1.35058743e+02 
 3.89045145e+01  7.81999603e+01  3.89045145e+01  1.34399942e+02 
 3.98107171e+01  7.80970752e+01  3.98107171e+01  1.33741346e+02 
 4.07380278e+01  7.79918791e+01  4.07380278e+01  1.33083309e+02 
 4.16869383e+01  7.78843777e+01  4.16869383e+01  1.32426186e+02 
 4.26579519e+01  7.77745792e+01  4.26579519e+01  1.31770328e+02 
 4.36515832e+01  7.76624940e+01  4.36515832e+01  1.31116084e+02 
 4.46683592e+01  7.75481353e+01  4.46683592e+01  1.30463795e+02 
 4.57088190e+01  7.74315181e+01  4.57088190e+01  1.29813799e+02 
 4.67735141e+01  7.73126600e+01  4.67735141e+01  1.29166428e+02 
 4.78630092e+01  7.71915808e+01  4.78630092e+01  1.28522005e+02 
 4.89778819e+01  7.70683022e+01  4.89778819e+01  1.27880847e+02 
 5.01187234e+01  7.69428480e+01  5.01187234e+01  1.27243262e+02 
 5.12861384e+01  7.68152438e+01  5.12861384e+01  1.26609548e+02 
 5.24807460e+01  7.66855172e+01  5.24807460e+01  1.25979993e+02 
 5.37031796e+01  7.65536975e+01  5.37031796e+01  1.25354877e+02 
 5.49540874e+01  7.64198154e+01  5.49540874e+01  1.24734466e+02 
 5.62341325e+01  7.62839031e+01  5.62341325e+01  1.24119018e+02 
 5.75439937e+01  7.61459944e+01  5.75439937e+01  1.23508778e+02 
 5.88843655e+01  7.60061242e+01  5.88843655e+01  1.22903978e+02 
 6.02559586e+01  7.58643284e+01  6.02559586e+01  1.22304839e+02 
 6.16595002e+01  7.57206442e+01  6.16595002e+01  1.21711571e+02 
 6.30957344e+01  7.55751094e+01  6.30957344e+01  1.21124370e+02 
 6.45654229e+01  7.54277628e+01  6.45654229e+01  1.20543419e+02 
 6.60693448e+01  7.52786438e+01  6.60693448e+01  1.19968890e+02 
 6.76082975e+01  7.51277924e+01  6.76082975e+01  1.19400942e+02 
 6.91830971e+01  7.49752488e+01  6.91830971e+01  1.18839721e+02 
 7.07945784e+01  7.48210539e+01  7.07945784e+01  1.18285361e+02 
 7.24435960e+01  7.46652487e+01  7.24435960e+01  1.17737985e+02 
 7.41310241e+01  7.45078741e+01  7.41310241e+01  1.17197702e+02 
 7.58577575e+01  7.43489715e+01  7.58577575e+01  1.16664612e+02 
 7.76247117e+01  7.41885820e+01  7.76247117e+01  1.16138800e+02 
 7.94328235e+01  7.40267465e+01  7.94328235e+01  1.15620342e+02 
 8.12830516e+01  7.38635058e+01  8.12830516e+01  1.15109304e+02 
 8.31763771e+01  7.36989006e+01  8.31763771e+01  1.14605740e+02 
 8.51138038e+01  7.35329709e+01  8.51138038e+01  1.14109693e+02 
 8.70963590e+01  7.33657567e+01  8.70963590e+01  1.13621199e+02 
 8.91250938e+01  7.31972971e+01  8.91250938e+01  1.13140282e+02 
 9.12010839e+01  7.30276311e+01  9.12010839e+01  1.12666958e+02 
 9.33254301e+01  7.28567968e+01  9.33254301e+01  1.12201234e+02 
 9.54992586e+01  7.26848320e+01  9.54992586e+01  1.11743109e+02 
 9.77237221e+01  7.25117735e+01  9.77237221e+01  1.11292574e+02 
 1.00000000e+02  7.23376577e+01  1.00000000e+02  1.10849613e+02 
 1.02329299e+02  7.21625203e+01  1.02329299e+02  1.10414202e+02 
 1.04712855e+02  7.19863960e+01  1.04712855e+02  1.09986312e+02 
 1.07151931e+02  7.18093189e+01  1.07151931e+02  1.09565905e+02 
 1.09647820e+02  7.16313224e+01  1.09647820e+02  1.09152940e+02 
 1.12201845e+02  7.14524391e+01  1.12201845e+02  1.08747368e+02 
 1.14815362e+02  7.12727005e+01  1.14815362e+02  1.08349137e+02 
 1.17489755e+02  7.10921377e+01  1.17489755e+02  1.07958189e+02 
 1.20226443e+02  7.09107808e+01  1.20226443e+02  1.07574462e+02 
 1.23026877e+02  7.07286589e+01  1.23026877e+02  1.07197890e+02 
 1.25892541e+02  7.05458006e+01  1.25892541e+02  1.06828403e+02 
 1.28824955e+02  7.03622335e+01  1.28824955e+02  1.06465926e+02 
 1.31825674e+02  7.01779844e+01  1.31825674e+02  1.06110385e+02 
 1.34896288e+02  6.99930792e+01  1.34896288e+02  1.05761698e+02 
 1.38038426e+02  6.98075433e+01  1.38038426e+02  1.05419785e+02 
 1.41253754e+02  6.96214010e+01  1.41253754e+02  1.05084561e+02 
 1.44543977e+02  6.94346760e+01  1.44543977e+02  1.04755940e+02 
 1.47910839e+02  6.92473910e+01  1.47910839e+02  1.04433833e+02 
 1.51356125e+02  6.90595682e+01  1.51356125e+02  1.04118150e+02 
 1.54881662e+02  6.88712289e+01  1.54881662e+02  1.03808801e+02 
 1.58489319e+02  6.86823938e+01  1.58489319e+02  1.03505694e+02 
 1.62181010e+02  6.84930827e+01  1.62181010e+02  1.03208735e+02 
 1.65958691e+02  6.83033149e+01  1.65958691e+02  1.02917830e+02 
 1.69824365e+02  6.81131089e+01  1.69824365e+02  1.02632884e+02 
 1.73780083e+02  6.79224824e+01  1.73780083e+02  1.02353803e+02 
 1.77827941e+02  6.77314528e+01  1.77827941e+02  1.02080492e+02 
 1.81970086e+02  6.75400366e+01  1.81970086e+02  1.01812854e+02 
 1.86208714e+02  6.73482498e+01  1.86208714e+02  1.01550794e+02 
 1.90546072e+02  6.71561076e+01  1.90546072e+02  1.01294218e+02 
 1.94984460e+02  6.69636250e+01  1.94984460e+02  1.01043029e+02 
 1.99526231e+02  6.67708160e+01  1.99526231e+02  1.00797133e+02 
 2.04173794e+02  6.65776943e+01  2.04173794e+02  1.00556436e+02 
 2.08929613e+02  6.63842732e+01  2.08929613e+02  1.00320843e+02 
 2.13796209e+02  6.61905652e+01  2.13796209e+02  1.00090262e+02 
 2.18776162e+02  6.59965824e+01  2.18776162e+02  9.98645997e+01 
 2.23872114e+02  6.58023365e+01  2.23872114e+02  9.96437644e+01 
 2.29086765e+02  6.56078386e+01  2.29086765e+02  9.94276649e+01 
 2.34422882e+02  6.54130996e+01  2.34422882e+02  9.92162112e+01 
 2.39883292e+02  6.52181296e+01  2.39883292e+02  9.90093140e+01 
 2.45470892e+02  6.50229387e+01  2.45470892e+02  9.88068849e+01 
 2.51188643e+02  6.48275362e+01  2.51188643e+02  9.86088367e+01 
 2.57039578e+02  6.46319313e+01  2.57039578e+02  9.84150831e+01 
 2.63026799e+02  6.44361327e+01  2.63026799e+02  9.82255390e+01 
 2.69153480e+02  6.42401488e+01  2.69153480e+02  9.80401202e+01 
 2.75422870e+02  6.40439875e+01  2.75422870e+02  9.78587440e+01 
 2.81838293e+02  6.38476566e+01  2.81838293e+02  9.76813284e+01 
 2.88403150e+02  6.36511634e+01  2.88403150e+02  9.75077929e+01 
 2.95120923e+02  6.34545150e+01  2.95120923e+02  9.73380581e+01 
 3.01995172e+02  6.32577182e+01  3.01995172e+02  9.71720457e+01 
 3.09029543e+02  6.30607793e+01  3.09029543e+02  9.70096789e+01 
 3.16227766e+02  6.28637047e+01  3.16227766e+02  9.68508817e+01 
 3.23593657e+02  6.26665002e+01  3.23593657e+02  9.66955797e+01 
 3.31131121e+02  6.24691716e+01  3.31131121e+02  9.65436995e+01 
 3.38844156e+02  6.22717243e+01  3.38844156e+02  9.63951690e+01 
 3.46736850e+02  6.20741634e+01  3.46736850e+02  9.62499174e+01 
 3.54813389e+02  6.18764940e+01  3.54813389e+02  9.61078750e+01 
 3.63078055e+02  6.16787209e+01  3.63078055e+02  9.59689734e+01 
 3.71535229e+02  6.14808487e+01  3.71535229e+02  9.58331453e+01 
 3.80189396e+02  6.12828816e+01  3.80189396e+02  9.57003248e+01 
 3.89045145e+02  6.10848239e+01  3.89045145e+02  9.55704471e+01 
 3.98107171e+02  6.08866796e+01  3.98107171e+02  9.54434485e+01 
 4.07380278e+02  6.06884525e+01  4.07380278e+02  9.53192667e+01 
 4.16869383e+02  6.04901463e+01  4.16869383e+02  9.51978403e+01 
 4.26579519e+02  6.02917644e+01  4.26579519e+02  9.50791094e+01 
 4.36515832e+02  6.00933103e+01  4.36515832e+02  9.49630148e+01 
 4.46683592e+02  5.98947871e+01  4.46683592e+02  9.48494990e+01 
 4.57088190e+02  5.96961979e+01  4.57088190e+02  9.47385050e+01 
 4.67735141e+02  5.94975457e+01  4.67735141e+02  9.46299774e+01 
 4.78630092e+02  5.92988332e+01  4.78630092e+02  9.45238617e+01 
 4.89778819e+02  5.91000630e+01  4.89778819e+02  9.44201044e+01 
 5.01187234e+02  5.89012379e+01  5.01187234e+02  9.43186532e+01 
 5.12861384e+02  5.87023601e+01  5.12861384e+02  9.42194568e+01 
 5.24807460e+02  5.85034322e+01  5.24807460e+02  9.41224649e+01 
 5.37031796e+02  5.83044562e+01  5.37031796e+02  9.40276283e+01 
 5.49540874e+02  5.81054343e+01  5.49540874e+02  9.39348986e+01 
 5.62341325e+02  5.79063687e+01  5.62341325e+02  9.38442287e+01 
 5.75439937e+02  5.77072611e+01  5.75439937e+02  9.37555723e+01 
 5.88843655e+02  5.75081136e+01  5.88843655e+02  9.36688839e+01 
 6.02559586e+02  5.73089279e+01  6.02559586e+02  9.35841191e+01 
 6.16595002e+02  5.71097056e+01  6.16595002e+02  9.35012344e+01 
 6.30957344e+02  5.69104485e+01  6.30957344e+02  9.34201873e+01 
 6.45654229e+02  5.67111581e+01  6.45654229e+02  9.33409360e+01 
 6.60693448e+02  5.65118358e+01  6.60693448e+02  9.32634397e+01 
 6.76082975e+02  5.63124832e+01  6.76082975e+02  9.31876583e+01 
 6.91830971e+02  5.61131014e+01  6.91830971e+02  9.31135528e+01 
 7.07945784e+02  5.59136920e+01  7.07945784e+02  9.30410847e+01 
 7.24435960e+02  5.57142560e+01  7.24435960e+02  9.29702165e+01 
 7.41310241e+02  5.55147948e+01  7.41310241e+02  9.29009116e+01 
 7.58577575e+02  5.53153093e+01  7.58577575e+02  9.28331338e+01 
 7.76247117e+02  5.51158008e+01  7.76247117e+02  9.27668481e+01 
 7.94328235e+02  5.49162701e+01  7.94328235e+02  9.27020199e+01 
 8.12830516e+02  5.47167184e+01  8.12830516e+02  9.26386155e+01 
 8.31763771e+02  5.45171466e+01  8.31763771e+02  9.25766019e+01 
 8.51138038e+02  5.43175556e+01  8.51138038e+02  9.25159467e+01 
 8.70963590e+02  5.41179462e+01  8.70963590e+02  9.24566183e+01 
 8.91250938e+02  5.39183192e+01  8.91250938e+02  9.23985857e+01 
 9.12010839e+02  5.37186755e+01  9.12010839e+02  9.23418186e+01 
 9.33254301e+02  5.35190157e+01  9.33254301e+02  9.22862873e+01 
 9.54992586e+02  5.33193407e+01  9.54992586e+02  9.22319628e+01 
 9.77237221e+02  5.31196511e+01  9.77237221e+02  9.21788166e+01 
 1.00000000e+03  5.29199476e+01  1.00000000e+03  9.21268208e+01 
 1.02329299e+03  5.27202307e+01  1.02329299e+03  9.20759483e+01 
 1.04712855e+03  5.25205011e+01  1.04712855e+03  9.20261724e+01 
 1.07151931e+03  5.23207594e+01  1.07151931e+03  9.19774669e+01 
 1.09647820e+03  5.21210060e+01  1.09647820e+03  9.19298062e+01 
 1.12201845e+03  5.19212416e+01  1.12201845e+03  9.18831654e+01 
 1.14815362e+03  5.17214666e+01  1.14815362e+03  9.18375199e+01 
 1.17489755e+03  5.15216815e+01  1.17489755e+03  9.17928458e+01 
 1.20226443e+03  5.13218867e+01  1.20226443e+03  9.17491195e+01 
 1.23026877e+03  5.11220827e+01  1.23026877e+03  9.17063180e+01 
 1.25892541e+03  5.09222699e+01  1.25892541e+03  9.16644189e+01 
 1.28824955e+03  5.07224487e+01  1.28824955e+03  9.16234000e+01 
 1.31825674e+03  5.05226194e+01  1.31825674e+03  9.15832399e+01 
 1.34896288e+03  5.03227825e+01  1.34896288e+03  9.15439172e+01 
 1.38038426e+03  5.01229383e+01  1.38038426e+03  9.15054113e+01 
 1.41253754e+03  4.99230870e+01  1.41253754e+03  9.14677019e+01 
 1.44543977e+03  4.97232291e+01  1.44543977e+03  9.14307692e+01 
 1.47910839e+03  4.95233648e+01  1.47910839e+03  9.13945936e+01 
 1.51356125e+03  4.93234944e+01  1.51356125e+03  9.13591560e+01 
 1.54881662e+03  4.91236182e+01  1.54881662e+03  9.13244378e+01 
 1.58489319e+03  4.89237364e+01  1.58489319e+03  9.12904206e+01 
 1.62181010e+03  4.87238494e+01  1.62181010e+03  9.12570865e+01 
 1.65958691e+03  4.85239572e+01  1.65958691e+03  9.12244179e+01 
 1.69824365e+03  4.83240602e+01  1.69824365e+03  9.11923976e+01 
 1.73780083e+03  4.81241586e+01  1.73780083e+03  9.11610085e+01 
 1.77827941e+03  4.79242526e+01  1.77827941e+03  9.11302342e+01 
 1.81970086e+03  4.77243424e+01  1.81970086e+03  9.11000583e+01 
 1.86208714e+03  4.75244282e+01  1.86208714e+03  9.10704650e+01 
 1.90546072e+03  4.73245101e+01  1.90546072e+03  9.10414386e+01 
 1.94984460e+03  4.71245883e+01  1.94984460e+03  9.10129637e+01 
 1.99526231e+03  4.69246631e+01  1.99526231e+03  9.09850252e+01 
 2.04173794e+03  4.67247345e+01  2.04173794e+03  9.09576085e+01 
 2.08929613e+03  4.65248027e+01  2.08929613e+03  9.09306991e+01 
 2.13796209e+03  4.63248678e+01  2.13796209e+03  9.09042826e+01 
 2.18776162e+03  4.61249301e+01  2.18776162e+03  9.08783451e+01 
 2.23872114e+03  4.59249895e+01  2.23872114e+03  9.08528729e+01 
 2.29086765e+03  4.57250464e+01  2.29086765e+03  9.08278525e+01 
 2.34422882e+03  4.55251007e+01  2.34422882e+03  9.08032706e+01 
 2.39883292e+03  4.53251525e+01  2.39883292e+03  9.07791144e+01 
 2.45470892e+03  4.51252021e+01  2.45470892e+03  9.07553709e+01 
 2.51188643e+03  4.49252495e+01  2.51188643e+03  9.07320276e+01 
 2.57039578e+03  4.47252947e+01  2.57039578e+03  9.07090721e+01 
 2.63026799e+03  4.45253380e+01  2.63026799e+03  9.06864924e+01 
 2.69153480e+03  4.43253793e+01  2.69153480e+03  9.06642764e+01 
 2.75422870e+03  4.41254189e+01  2.75422870e+03  9.06424124e+01 
 2.81838293e+03  4.39254566e+01  2.81838293e+03  9.06208887e+01 
 2.88403150e+03  4.37254928e+01  2.88403150e+03  9.05996941e+01 
 2.95120923e+03  4.35255273e+01  2.95120923e+03  9.05788173e+01 
 3.01995172e+03  4.33255603e+01  3.01995172e+03  9.05582472e+01 
 3.09029543e+03  4.31255919e+01  3.09029543e+03  9.05379729e+01 
 3.16227766e+03  4.29256221e+01  3.16227766e+03  9.05179837e+01 
 3.23593657e+03  4.27256510e+01  3.23593657e+03  9.04982691e+01 
 3.31131121e+03  4.25256787e+01  3.31131121e+03  9.04788184e+01 
 3.38844156e+03  4.23257051e+01  3.38844156e+03  9.04596216e+01 
 3.46736850e+03  4.21257304e+01  3.46736850e+03  9.04406683e+01 
 3.54813389e+03  4.19257547e+01  3.54813389e+03  9.04219485e+01 
 3.63078055e+03  4.17257779e+01  3.63078055e+03  9.04034524e+01 
 3.71535229e+03  4.15258001e+01  3.71535229e+03  9.03851701e+01 
 3.80189396e+03  4.13258214e+01  3.80189396e+03  9.03670920e+01 
 3.89045145e+03  4.11258418e+01  3.89045145e+03  9.03492084e+01 
 3.98107171e+03  4.09258614e+01  3.98107171e+03  9.03315098e+01 
 4.07380278e+03  4.07258802e+01  4.07380278e+03  9.03139870e+01 
 4.16869383e+03  4.05258982e+01  4.16869383e+03  9.02966306e+01 
 4.26579519e+03  4.03259154e+01  4.26579519e+03  9.02794314e+01 
 4.36515832e+03  4.01259320e+01  4.36515832e+03  9.02623804e+01 
 4.46683592e+03  3.99259479e+01  4.46683592e+03  9.02454683e+01 
 4.57088190e+03  3.97259633e+01  4.57088190e+03  9.02286864e+01 
 4.67735141e+03  3.95259780e+01  4.67735141e+03  9.02120257e+01 
 4.78630092e+03  3.93259921e+01  4.78630092e+03  9.01954774e+01 
 4.89778819e+03  3.91260058e+01  4.89778819e+03  9.01790327e+01 
 5.01187234e+03  3.89260189e+01  5.01187234e+03  9.01626829e+01 
 5.12861384e+03  3.87260316e+01  5.12861384e+03  9.01464193e+01 
 5.24807460e+03  3.85260438e+01  5.24807460e+03  9.01302333e+01 
 5.37031796e+03  3.83260557e+01  5.37031796e+03  9.01141163e+01 
 5.49540874e+03  3.81260671e+01  5.49540874e+03  9.00980598e+01 
 5.62341325e+03  3.79260781e+01  5.62341325e+03  9.00820553e+01 
 5.75439937e+03  3.77260889e+01  5.75439937e+03  9.00660943e+01 
 5.88843655e+03  3.75260993e+01  5.88843655e+03  9.00501683e+01 
 6.02559586e+03  3.73261093e+01  6.02559586e+03  9.00342689e+01 
 6.16595002e+03  3.71261192e+01  6.16595002e+03  9.00183876e+01 
 6.30957344e+03  3.69261287e+01  6.30957344e+03  9.00025161e+01 
 6.45654229e+03  3.67261381e+01  6.45654229e+03  8.99866459e+01 
 6.60693448e+03  3.65261472e+01  6.60693448e+03  8.99707686e+01 
 6.76082975e+03  3.63261561e+01  6.76082975e+03  8.99548758e+01 
 6.91830971e+03  3.61261648e+01  6.91830971e+03  8.99389591e+01 
 7.07945784e+03  3.59261734e+01  7.07945784e+03  8.99230100e+01 
 7.24435960e+03  3.57261818e+01  7.24435960e+03  8.99070201e+01 
 7.41310241e+03  3.55261901e+01  7.41310241e+03  8.98909809e+01 
 7.58577575e+03  3.53261983e+01  7.58577575e+03  8.98748839e+01 
 7.76247117e+03  3.51262064e+01  7.76247117e+03  8.98587205e+01 
 7.94328235e+03  3.49262145e+01  7.94328235e+03  8.98424823e+01 
 8.12830516e+03  3.47262225e+01  8.12830516e+03  8.98261605e+01 
 8.31763771e+03  3.45262304e+01  8.31763771e+03  8.98097466e+01 
 8.51138038e+03  3.43262383e+01  8.51138038e+03  8.97932318e+01 
 8.70963590e+03  3.41262463e+01  8.70963590e+03  8.97766074e+01 
 8.91250938e+03  3.39262542e+01  8.91250938e+03  8.97598646e+01 
 9.12010839e+03  3.37262622e+01  9.12010839e+03  8.97429944e+01 
 9.33254301e+03  3.35262702e+01  9.33254301e+03  8.97259880e+01 
 9.54992586e+03  3.33262783e+01  9.54992586e+03  8.97088364e+01 
 9.77237221e+03  3.31262864e+01  9.77237221e+03  8.96915304e+01 
 1.00000000e+04  3.29262947e+01  1.00000000e+04  8.96740608e+01 
 1.02329299e+04  3.27263031e+01  1.02329299e+04  8.96564185e+01 
 1.04712855e+04  3.25263116e+01  1.04712855e+04  8.96385940e+01 
 1.07151931e+04  3.23263202e+01  1.07151931e+04  8.96205779e+01 
 1.09647820e+04  3.21263291e+01  1.09647820e+04  8.96023607e+01 
 1.12201845e+04  3.19263381e+01  1.12201845e+04  8.95839327e+01 
 1.14815362e+04  3.17263473e+01  1.14815362e+04  8.95652842e+01 
 1.17489755e+04  3.15263568e+01  1.17489755e+04  8.95464052e+01 
 1.20226443e+04  3.13263665e+01  1.20226443e+04  8.95272857e+01 
 1.23026877e+04  3.11263764e+01  1.23026877e+04  8.95079156e+01 
 1.25892541e+04  3.09263867e+01  1.25892541e+04  8.94882847e+01 
 1.28824955e+04  3.07263973e+01  1.28824955e+04  8.94683826e+01 
 1.31825674e+04  3.05264082e+01  1.31825674e+04  8.94481986e+01 
 1.34896288e+04  3.03264194e+01  1.34896288e+04  8.94277221e+01 
 1.38038426e+04  3.01264311e+01  1.38038426e+04  8.94069423e+01 
 1.41253754e+04  2.99264431e+01  1.41253754e+04  8.93858481e+01 
 1.44543977e+04  2.97264556e+01  1.44543977e+04  8.93644284e+01 
 1.47910839e+04  2.95264685e+01  1.47910839e+04  8.93426718e+01 
 1.51356125e+04  2.93264820e+01  1.51356125e+04  8.93205667e+01 
 1.54881662e+04  2.91264959e+01  1.54881662e+04  8.92981015e+01 
 1.58489319e+04  2.89265104e+01  1.58489319e+04  8.92752643e+01 
 1.62181010e+04  2.87265254e+01  1.62181010e+04  8.92520429e+01 
 1.65958691e+04  2.85265411e+01  1.65958691e+04  8.92284251e+01 
 1.69824365e+04  2.83265574e+01  1.69824365e+04  8.92043984e+01 
 1.73780083e+04  2.81265743e+01  1.73780083e+04  8.91799499e+01 
 1.77827941e+04  2.79265920e+01  1.77827941e+04  8.91550668e+01 
 1.81970086e+04  2.77266105e+01  1.81970086e+04  8.91297359e+01 
 1.86208714e+04  2.75266297e+01  1.86208714e+04  8.91039438e+01 
 1.90546072e+04  2.73266497e+01  1.90546072e+04  8.90776767e+01 
 1.94984460e+04  2.71266706e+01  1.94984460e+04  8.90509209e+01 
 1.99526231e+04  2.69266925e+01  1.99526231e+04  8.90236620e+01 
 2.04173794e+04  2.67267152e+01  2.04173794e+04  8.89958858e+01 
 2.08929613e+04  2.65267390e+01  2.08929613e+04  8.89675774e+01 
 2.13796209e+04  2.63267639e+01  2.13796209e+04  8.89387219e+01 
 2.18776162e+04  2.61267899e+01  2.18776162e+04  8.89093040e+01 
 2.23872114e+04  2.59268170e+01  2.23872114e+04  8.88793082e+01 
 2.29086765e+04  2.57268454e+01  2.29086765e+04  8.88487184e+01 
 2.34422882e+04  2.55268750e+01  2.34422882e+04  8.88175187e+01 
 2.39883292e+04  2.53269060e+01  2.39883292e+04  8.87856923e+01 
 2.45470892e+04  2.51269385e+01  2.45470892e+04  8.87532226e+01 
 2.51188643e+04  2.49269724e+01  2.51188643e+04  8.87200923e+01 
 2.57039578e+04  2.47270078e+01  2.57039578e+04  8.86862838e+01 
 2.63026799e+04  2.45270449e+01  2.63026799e+04  8.86517793e+01 
 2.69153480e+04  2.43270837e+01  2.69153480e+04  8.86165606e+01 
 2.75422870e+04  2.41271244e+01  2.75422870e+04  8.85806089e+01 
 2.81838293e+04  2.39271668e+01  2.81838293e+04  8.85439053e+01 
 2.88403150e+04  2.37272113e+01  2.88403150e+04  8.85064304e+01 
 2.95120923e+04  2.35272578e+01  2.95120923e+04  8.84681643e+01 
 3.01995172e+04  2.33273065e+01  3.01995172e+04  8.84290868e+01 
 3.09029543e+04  2.31273575e+01  3.09029543e+04  8.83891772e+01 
 3.16227766e+04  2.29274109e+01  3.16227766e+04  8.83484145e+01 
 3.23593657e+04  2.27274667e+01  3.23593657e+04  8.83067771e+01 
 3.31131121e+04  2.25275252e+01  3.31131121e+04  8.82642429e+01 
 3.38844156e+04  2.23275864e+01  3.38844156e+04  8.82207896e+01 
 3.46736850e+04  2.21276504e+01  3.46736850e+04  8.81763941e+01 
 3.54813389e+04  2.19277175e+01  3.54813389e+04  8.81310330e+01 
 3.63078055e+04  2.17277877e+01  3.63078055e+04  8.80846823e+01 
 3.71535229e+04  2.15278613e+01  3.71535229e+04  8.80373176e+01 
 3.80189396e+04  2.13279383e+01  3.80189396e+04  8.79889138e+01 
 3.89045145e+04  2.11280189e+01  3.89045145e+04  8.79394454e+01 
 3.98107171e+04  2.09281033e+01  3.98107171e+04  8.78888863e+01 
 4.07380278e+04  2.07281917e+01  4.07380278e+04  8.78372098e+01 
 4.16869383e+04  2.05282843e+01  4.16869383e+04  8.77843887e+01 
 4.26579519e+04  2.03283812e+01  4.26579519e+04  8.77303950e+01 
 4.36515832e+04  2.01284828e+01  4.36515832e+04  8.76752003e+01 
 4.46683592e+04  1.99285891e+01  4.46683592e+04  8.76187755e+01 
 4.57088190e+04  1.97287004e+01  4.57088190e+04  8.75610909e+01 
 4.67735141e+04  1.95288170e+01  4.67735141e+04  8.75021160e+01 
 4.78630092e+04  1.93289392e+01  4.78630092e+04  8.74418198e+01 
 4.89778819e+04  1.91290671e+01  4.89778819e+04  8.73801706e+01 
 5.01187234e+04  1.89292011e+01  5.01187234e+04  8.73171359e+01 
 5.12861384e+04  1.87293414e+01  5.12861384e+04  8.72526825e+01 
 5.24807460e+04  1.85294884e+01  5.24807460e+04  8.71867765e+01 
 5.37031796e+04  1.83296424e+01  5.37031796e+04  8.71193832e+01 
 5.49540874e+04  1.81298036e+01  5.49540874e+04  8.70504673e+01 
 5.62341325e+04  1.79299726e+01  5.62341325e+04  8.69799924e+01 
 5.75439937e+04  1.77301495e+01  5.75439937e+04  8.69079216e+01 
 5.88843655e+04  1.75303349e+01  5.88843655e+04  8.68342170e+01 
 6.02559586e+04  1.73305291e+01  6.02559586e+04  8.67588399e+01 
 6.16595002e+04  1.71307325e+01  6.16595002e+04  8.66817508e+01 
 6.30957344e+04  1.69309456e+01  6.30957344e+04  8.66029093e+01 
 6.45654229e+04  1.67311689e+01  6.45654229e+04  8.65222739e+01 
 6.60693448e+04  1.65314028e+01  6.60693448e+04  8.64398025e+01 
 6.76082975e+04  1.63316478e+01  6.76082975e+04  8.63554519e+01 
 6.91830971e+04  1.61319045e+01  6.91830971e+04  8.62691778e+01 
 7.07945784e+04  1.59321735e+01  7.07945784e+04  8.61809353e+01 
 7.24435960e+04  1.57324554e+01  7.24435960e+04  8.60906780e+01 
 7.41310241e+04  1.55327507e+01  7.41310241e+04  8.59983589e+01 
 7.58577575e+04  1.53330601e+01  7.58577575e+04  8.59039298e+01 
 7.76247117e+04  1.51333843e+01  7.76247117e+04  8.58073413e+01 
 7.94328235e+04  1.49337241e+01  7.94328235e+04  8.57085431e+01 
 8.12830516e+04  1.47340801e+01  8.12830516e+04  8.56074836e+01 
 8.31763771e+04  1.45344531e+01  8.31763771e+04  8.55041102e+01 
 8.51138038e+04  1.43348441e+01  8.51138038e+04  8.53983692e+01 
 8.70963590e+04  1.41352538e+01  8.70963590e+04  8.52902054e+01 
 8.91250938e+04  1.39356832e+01  8.91250938e+04  8.51795626e+01 
 9.12010839e+04  1.37361332e+01  9.12010839e+04  8.50663835e+01 
 9.33254301e+04  1.35366048e+01  9.33254301e+04  8.49506091e+01 
 9.54992586e+04  1.33370991e+01  9.54992586e+04  8.48321795e+01 
 9.77237221e+04  1.31376172e+01  9.77237221e+04  8.47110333e+01 
 1.00000000e+05  1.29381603e+01  1.00000000e+05  8.45871078e+01 
 1.02329299e+05  1.27387295e+01  1.02329299e+05  8.44603389e+01 
 1.04712855e+05  1.25393262e+01  1.04712855e+05  8.43306609e+01 
 1.07151931e+05  1.23399516e+01  1.07151931e+05  8.41980070e+01 
 1.09647820e+05  1.21406073e+01  1.09647820e+05  8.40623087e+01 
 1.12201845e+05  1.19412946e+01  1.12201845e+05  8.39234960e+01 
 1.14815362e+05  1.17420152e+01  1.14815362e+05  8.37814974e+01 
 1.17489755e+05  1.15427706e+01  1.17489755e+05  8.36362399e+01 
 1.20226443e+05  1.13435626e+01  1.20226443e+05  8.34876488e+01 
 1.23026877e+05  1.11443929e+01  1.23026877e+05  8.33356478e+01 
 1.25892541e+05  1.09452635e+01  1.25892541e+05  8.31801590e+01 
 1.28824955e+05  1.07461763e+01  1.28824955e+05  8.30211025e+01 
 1.31825674e+05  1.05471333e+01  1.31825674e+05  8.28583971e+01 
 1.34896288e+05  1.03481368e+01  1.34896288e+05  8.26919595e+01 
 1.38038426e+05  1.01491890e+01  1.38038426e+05  8.25217047e+01 
 1.41253754e+05  9.95029237e+00  1.41253754e+05  8.23475459e+01 
 1.44543977e+05  9.75144931e+00  1.44543977e+05  8.21693941e+01 
 1.47910839e+05  9.55266248e+00  1.47910839e+05  8.19871589e+01 
 1.51356125e+05  9.35393463e+00  1.51356125e+05  8.18007474e+01 
 1.54881662e+05  9.15526865e+00  1.54881662e+05  8.16100651e+01 
 1.58489319e+05  8.95666756e+00  1.58489319e+05  8.14150152e+01 
 1.62181010e+05  8.75813451e+00  1.62181010e+05  8.12154988e+01 
 1.65958691e+05  8.55967281e+00  1.65958691e+05  8.10114150e+01 
 1.69824365e+05  8.36128594e+00  1.69824365e+05  8.08026607e+01 
 1.73780083e+05  8.16297753e+00  1.73780083e+05  8.05891305e+01 
 1.77827941e+05  7.96475137e+00  1.77827941e+05  8.03707167e+01 
 1.81970086e+05  7.76661143e+00  1.81970086e+05  8.01473094e+01 
 1.86208714e+05  7.56856188e+00  1.86208714e+05  7.99187964e+01 
 1.90546072e+05  7.37060704e+00  1.90546072e+05  7.96850628e+01 
 1.94984460e+05  7.17275148e+00  1.94984460e+05  7.94459915e+01 
 1.99526231e+05  6.97499992e+00  1.99526231e+05  7.92014630e+01 
 2.04173794e+05  6.77735733e+00  2.04173794e+05  7.89513548e+01 
 2.08929613e+05  6.57982886e+00  2.08929613e+05  7.86955424e+01 
 2.13796209e+05  6.38241993e+00  2.13796209e+05  7.84338983e+01 
 2.18776162e+05  6.18513616e+00  2.18776162e+05  7.81662923e+01 
 2.23872114e+05  5.98798341e+00  2.23872114e+05  7.78925917e+01 
 2.29086765e+05  5.79096780e+00  2.29086765e+05  7.76126610e+01 
 2.34422882e+05  5.59409571e+00  2.34422882e+05  7.73263616e+01 
 2.39883292e+05  5.39737376e+00  2.39883292e+05  7.70335524e+01 
 2.45470892e+05  5.20080885e+00  2.45470892e+05  7.67340894e+01 
 2.51188643e+05  5.00440817e+00  2.51188643e+05  7.64278253e+01 
 2.57039578e+05  4.80817918e+00  2.57039578e+05  7.61146103e+01 
 2.63026799e+05  4.61212963e+00  2.63026799e+05  7.57942913e+01 
 2.69153480e+05  4.41626757e+00  2.69153480e+05  7.54667124e+01 
 2.75422870e+05  4.22060136e+00  2.75422870e+05  7.51317144e+01 
 2.81838293e+05  4.02513967e+00  2.81838293e+05  7.47891352e+01 
 2.88403150e+05  3.82989147e+00  2.88403150e+05  7.44388095e+01 
 2.95120923e+05  3.63486608e+00  2.95120923e+05  7.40805690e+01 
 3.01995172e+05  3.44007313e+00  3.01995172e+05  7.37142422e+01 
 3.09029543e+05  3.24552259e+00  3.09029543e+05  7.33396545e+01 
 3.16227766e+05  3.05122476e+00  3.16227766e+05  7.29566280e+01 
 3.23593657e+05  2.85719029e+00  3.23593657e+05  7.25649819e+01 
 3.31131121e+05  2.66343018e+00  3.31131121e+05  7.21645322e+01 
 3.38844156e+05  2.46995577e+00  3.38844156e+05  7.17550917e+01 
 3.46736850e+05  2.27677874e+00  3.46736850e+05  7.13364702e+01 
 3.54813389e+05  2.08391115e+00  3.54813389e+05  7.09084744e+01 
 3.63078055e+05  1.89136537e+00  3.63078055e+05  7.04709081e+01 
 3.71535229e+05  1.69915417e+00  3.71535229e+05  7.00235720e+01 
 3.80189396e+05  1.50729063e+00  3.80189396e+05  6.95662640e+01 
 3.89045145e+05  1.31578818e+00  3.89045145e+05  6.90987790e+01 
 3.98107171e+05  1.12466061e+00  3.98107171e+05  6.86209094e+01 
 4.07380278e+05  9.33922021e-01  4.07380278e+05  6.81324447e+01 
 4.16869383e+05  7.43586859e-01  4.16869383e+05  6.76331721e+01 
 4.26579519e+05  5.53669874e-01  4.26579519e+05  6.71228761e+01 
 4.36515832e+05  3.64186123e-01  4.36515832e+05  6.66013390e+01 
 4.46683592e+05  1.75150954e-01  4.46683592e+05  6.60683412e+01 
 4.57088190e+05 -1.34200122e-02  4.57088190e+05  6.55236607e+01 
 4.67735141e+05 -2.01510899e-01  4.67735141e+05  6.49670739e+01 
 4.78630092e+05 -3.89105597e-01  4.78630092e+05  6.43983557e+01 
 4.89778819e+05 -5.76187789e-01  4.89778819e+05  6.38172795e+01 
 5.01187234e+05 -7.62740977e-01  5.01187234e+05  6.32236176e+01 
 5.12861384e+05 -9.48748512e-01  5.12861384e+05  6.26171414e+01 
 5.24807460e+05 -1.13419363e+00  5.24807460e+05  6.19976219e+01 
 5.37031796e+05 -1.31905950e+00  5.37031796e+05  6.13648294e+01 
 5.49540874e+05 -1.50332924e+00  5.49540874e+05  6.07185349e+01 
 5.62341325e+05 -1.68698599e+00  5.62341325e+05  6.00585093e+01 
 5.75439937e+05 -1.87001295e+00  5.75439937e+05  5.93845247e+01 
 5.88843655e+05 -2.05239344e+00  5.88843655e+05  5.86963543e+01 
 6.02559586e+05 -2.23411096e+00  6.02559586e+05  5.79937730e+01 
 6.16595002e+05 -2.41514923e+00  6.16595002e+05  5.72765579e+01 
 6.30957344e+05 -2.59549232e+00  6.30957344e+05  5.65444891e+01 
 6.45654229e+05 -2.77512465e+00  6.45654229e+05  5.57973496e+01 
 6.60693448e+05 -2.95403111e+00  6.60693448e+05  5.50349266e+01 
 6.76082975e+05 -3.13219714e+00  6.76082975e+05  5.42570117e+01 
 6.91830971e+05 -3.30960881e+00  6.91830971e+05  5.34634017e+01 
 7.07945784e+05 -3.48625292e+00  7.07945784e+05  5.26538991e+01 
 7.24435960e+05 -3.66211708e+00  7.24435960e+05  5.18283134e+01 
 7.41310241e+05 -3.83718985e+00  7.41310241e+05  5.09864613e+01 
 7.58577575e+05 -4.01146079e+00  7.58577575e+05  5.01281677e+01 
 7.76247117e+05 -4.18492061e+00  7.76247117e+05  4.92532666e+01 
 7.94328235e+05 -4.35756127e+00  7.94328235e+05  4.83616022e+01 
 8.12830516e+05 -4.52937607e+00  8.12830516e+05  4.74530294e+01 
 8.31763771e+05 -4.70035982e+00  8.31763771e+05  4.65274149e+01 
 8.51138038e+05 -4.87050889e+00  8.51138038e+05  4.55846384e+01 
 8.70963590e+05 -5.03982139e+00  8.70963590e+05  4.46245935e+01 
 8.91250938e+05 -5.20829723e+00  8.91250938e+05  4.36471887e+01 
 9.12010839e+05 -5.37593829e+00  9.12010839e+05  4.26523483e+01 
 9.33254301e+05 -5.54274849e+00  9.33254301e+05  4.16400138e+01 
 9.54992586e+05 -5.70873390e+00  9.54992586e+05  4.06101450e+01 
 9.77237221e+05 -5.87390289e+00  9.77237221e+05  3.95627204e+01 
 1.00000000e+06 -6.03826618e+00  1.00000000e+06  3.84977393e+01 
 1.02329299e+06 -6.20183696e+00  1.02329299e+06  3.74152222e+01 
 1.04712855e+06 -6.36463098e+00  1.04712855e+06  3.63152119e+01 
 1.07151931e+06 -6.52666661e+00  1.07151931e+06  3.51977748e+01 
 1.09647820e+06 -6.68796489e+00  1.09647820e+06  3.40630016e+01 
 1.12201845e+06 -6.84854965e+00  1.12201845e+06  3.29110084e+01 
 1.14815362e+06 -7.00844747e+00  1.14815362e+06  3.17419375e+01 
 1.17489755e+06 -7.16768779e+00  1.17489755e+06  3.05559582e+01 
 1.20226443e+06 -7.32630288e+00  1.20226443e+06  2.93532679e+01 
 1.23026877e+06 -7.48432783e+00  1.23026877e+06  2.81340919e+01 
 1.25892541e+06 -7.64180061e+00  1.25892541e+06  2.68986848e+01 
 1.28824955e+06 -7.79876194e+00  1.28824955e+06  2.56473306e+01 
 1.31825674e+06 -7.95525537e+00  1.31825674e+06  2.43803430e+01 
 1.34896288e+06 -8.11132710e+00  1.34896288e+06  2.30980654e+01 
 1.38038426e+06 -8.26702602e+00  1.38038426e+06  2.18008715e+01 
 1.41253754e+06 -8.42240356e+00  1.41253754e+06  2.04891648e+01 
 1.44543977e+06 -8.57751360e+00  1.44543977e+06  1.91633784e+01 
 1.47910839e+06 -8.73241240e+00  1.47910839e+06  1.78239749e+01 
 1.51356125e+06 -8.88715844e+00  1.51356125e+06  1.64714457e+01 
 1.54881662e+06 -9.04181235e+00  1.54881662e+06  1.51063105e+01 
 1.58489319e+06 -9.19643670e+00  1.58489319e+06  1.37291164e+01 
 1.62181010e+06 -9.35109595e+00  1.62181010e+06  1.23404371e+01 
 1.65958691e+06 -9.50585624e+00  1.65958691e+06  1.09408720e+01 
 1.69824365e+06 -9.66078532e+00  1.69824365e+06  9.53104471e+00 
 1.73780083e+06 -9.81595233e+00  1.73780083e+06  8.11160261e+00 
 1.77827941e+06 -9.97142776e+00  1.77827941e+06  6.68321499e+00 
 1.81970086e+06 -1.01272833e+01  1.81970086e+06  5.24657210e+00 
 1.86208714e+06 -1.02835915e+01  1.86208714e+06  3.80238386e+00 
 1.90546072e+06 -1.04404262e+01  1.90546072e+06  2.35137869e+00 
 1.94984460e+06 -1.05978618e+01  1.94984460e+06  8.94302378e-01 
 1.99526231e+06 -1.07559735e+01  1.99526231e+06 -5.68082955e-01 
 2.04173794e+06 -1.09148372e+01  2.04173794e+06 -2.03499967e+00 
 2.08929613e+06 -1.10745293e+01  2.08929613e+06 -3.50565532e+00 
 2.13796209e+06 -1.12351269e+01  2.13796209e+06 -4.97924304e+00 
 2.18776162e+06 -1.13967071e+01  2.18776162e+06 -6.45494172e+00 
 2.23872114e+06 -1.15593477e+01  2.23872114e+06 -7.93191583e+00 
 2.29086765e+06 -1.17231263e+01  2.29086765e+06 -9.40931491e+00 
 2.34422882e+06 -1.18881210e+01  2.34422882e+06 -1.08862727e+01 
 2.39883292e+06 -1.20544094e+01  2.39883292e+06 -1.23619057e+01 
 2.45470892e+06 -1.22220690e+01  2.45470892e+06 -1.38353116e+01 
 2.51188643e+06 -1.23911764e+01  2.51188643e+06 -1.53055672e+01 
 2.57039578e+06 -1.25618076e+01  2.57039578e+06 -1.67717256e+01 
 2.63026799e+06 -1.27340369e+01  2.63026799e+06 -1.82328136e+01 
 2.69153480e+06 -1.29079367e+01  2.69153480e+06 -1.96878285e+01 
 2.75422870e+06 -1.30835765e+01  2.75422870e+06 -2.11357345e+01 
 2.81838293e+06 -1.32610225e+01  2.81838293e+06 -2.25754598e+01 
 2.88403150e+06 -1.34403360e+01  2.88403150e+06 -2.40058929e+01 
 2.95120923e+06 -1.36215728e+01  2.95120923e+06 -2.54258801e+01 
 3.01995172e+06 -1.38047812e+01  3.01995172e+06 -2.68342231e+01 
 3.09029543e+06 -1.39900008e+01  3.09029543e+06 -2.82296774e+01 
 3.16227766e+06 -1.41772607e+01  3.16227766e+06 -2.96109529e+01 
 3.23593657e+06 -1.43665771e+01  3.23593657e+06 -3.09767149e+01 
 3.31131121e+06 -1.45579519e+01  3.31131121e+06 -3.23255879e+01 
 3.38844156e+06 -1.47513699e+01  3.38844156e+06 -3.36561619e+01 
 3.46736850e+06 -1.49467968e+01  3.46736850e+06 -3.49670012e+01 
 3.54813389e+06 -1.51441771e+01  3.54813389e+06 -3.62566561e+01 
 3.63078055e+06 -1.53434319e+01  3.63078055e+06 -3.75236786e+01 
 3.71535229e+06 -1.55444574e+01  3.71535229e+06 -3.87666406e+01 
 3.80189396e+06 -1.57471231e+01  3.80189396e+06 -3.99841561e+01 
 3.89045145e+06 -1.59512716e+01  3.89045145e+06 -4.11749056e+01 
 3.98107171e+06 -1.61567178e+01  3.98107171e+06 -4.23376632e+01 
 4.07380278e+06 -1.63632499e+01  4.07380278e+06 -4.34713252e+01 
 4.16869383e+06 -1.65706307e+01  4.16869383e+06 -4.45749390e+01 
 4.26579519e+06 -1.67786000e+01  4.26579519e+06 -4.56477316e+01 
 4.36515832e+06 -1.69868778e+01  4.36515832e+06 -4.66891349e+01 
 4.46683592e+06 -1.71951684e+01  4.46683592e+06 -4.76988090e+01 
 4.57088190e+06 -1.74031652e+01  4.57088190e+06 -4.86766590e+01 
 4.67735141e+06 -1.76105563e+01  4.67735141e+06 -4.96228471e+01 
 4.78630092e+06 -1.78170301e+01  4.78630092e+06 -5.05377965e+01 
 4.89778819e+06 -1.80222815e+01  4.89778819e+06 -5.14221888e+01 
 5.01187234e+06 -1.82260171e+01  5.01187234e+06 -5.22769533e+01 
 5.12861384e+06 -1.84279613e+01  5.12861384e+06 -5.31032493e+01 
 5.24807460e+06 -1.86278604e+01  5.24807460e+06 -5.39024419e+01 
 5.37031796e+06 -1.88254869e+01  5.37031796e+06 -5.46760729e+01 
 5.49540874e+06 -1.90206423e+01  5.49540874e+06 -5.54258276e+01 
 5.62341325e+06 -1.92131589e+01  5.62341325e+06 -5.61534998e+01 
 5.75439937e+06 -1.94029006e+01  5.75439937e+06 -5.68609561e+01 
 5.88843655e+06 -1.95897631e+01  5.88843655e+06 -5.75501008e+01 
 6.02559586e+06 -1.97736722e+01  6.02559586e+06 -5.82228444e+01 
 6.16595002e+06 -1.99545824e+01  6.16595002e+06 -5.88810740e+01 
 6.30957344e+06 -2.01324742e+01  6.30957344e+06 -5.95266287e+01 
 6.45654229e+06 -2.03073513e+01  6.45654229e+06 -6.01612795e+01 
 6.60693448e+06 -2.04792374e+01  6.60693448e+06 -6.07867139e+01 
 6.76082975e+06 -2.06481730e+01  6.76082975e+06 -6.14045247e+01 
 6.91830971e+06 -2.08142121e+01  6.91830971e+06 -6.20162039e+01 
 7.07945784e+06 -2.09774191e+01  7.07945784e+06 -6.26231396e+01 
 7.24435960e+06 -2.11378662e+01  7.24435960e+06 -6.32266165e+01 
 7.41310241e+06 -2.12956307e+01  7.41310241e+06 -6.38278195e+01 
 7.58577575e+06 -2.14507926e+01  7.58577575e+06 -6.44278381e+01 
 7.76247117e+06 -2.16034332e+01  7.76247117e+06 -6.50276737e+01 
 7.94328235e+06 -2.17536333e+01  7.94328235e+06 -6.56282468e+01 
 8.12830516e+06 -2.19014718e+01  8.12830516e+06 -6.62304054e+01 
 8.31763771e+06 -2.20470251e+01  8.31763771e+06 -6.68349328e+01 
 8.51138038e+06 -2.21903666e+01  8.51138038e+06 -6.74425562e+01 
 8.70963590e+06 -2.23315658e+01  8.70963590e+06 -6.80539540e+01 
 8.91250938e+06 -2.24706885e+01  8.91250938e+06 -6.86697630e+01 
 9.12010839e+06 -2.26077966e+01  9.12010839e+06 -6.92905849e+01 
 9.33254301e+06 -2.27429483e+01  9.33254301e+06 -6.99169920e+01 
 9.54992586e+06 -2.28761980e+01  9.54992586e+06 -7.05495321e+01 
 9.77237221e+06 -2.30075971e+01  9.77237221e+06 -7.11887328e+01 
 1.00000000e+07 -2.31371939e+01  1.00000000e+07 -7.18351049e+01 
 1.02329299e+07 -2.32650341e+01  1.02329299e+07 -7.24891449e+01 
 1.04712855e+07 -2.33911614e+01  1.04712855e+07 -7.31513373e+01 
 1.07151931e+07 -2.35156176e+01  1.07151931e+07 -7.38221561e+01 
 1.09647820e+07 -2.36384430e+01  1.09647820e+07 -7.45020655e+01 
 1.12201845e+07 -2.37596772e+01  1.12201845e+07 -7.51915204e+01 
 1.14815362e+07 -2.38793592e+01  1.14815362e+07 -7.58909661e+01 
 1.17489755e+07 -2.39975274e+01  1.17489755e+07 -7.66008382e+01 
 1.20226443e+07 -2.41142209e+01  1.20226443e+07 -7.73215616e+01 
 1.23026877e+07 -2.42294787e+01  1.23026877e+07 -7.80535494e+01 
 1.25892541e+07 -2.43433407e+01  1.25892541e+07 -7.87972015e+01 
 1.28824955e+07 -2.44558476e+01  1.28824955e+07 -7.95529031e+01 
 1.31825674e+07 -2.45670416e+01  1.31825674e+07 -8.03210230e+01 
 1.34896288e+07 -2.46769657e+01  1.34896288e+07 -8.11019116e+01 
 1.38038426e+07 -2.47856646e+01  1.38038426e+07 -8.18958989e+01 
 1.41253754e+07 -2.48931847e+01  1.41253754e+07 -8.27032927e+01 
 1.44543977e+07 -2.49995739e+01  1.44543977e+07 -8.35243760e+01 
 1.47910839e+07 -2.51048819e+01  1.47910839e+07 -8.43594052e+01 
 1.51356125e+07 -2.52091602e+01  1.51356125e+07 -8.52086081e+01 
 1.54881662e+07 -2.53124619e+01  1.54881662e+07 -8.60721809e+01 
 1.58489319e+07 -2.54148422e+01  1.58489319e+07 -8.69502872e+01 
 1.62181010e+07 -2.55163578e+01  1.62181010e+07 -8.78430550e+01 
 1.65958691e+07 -2.56170671e+01  1.65958691e+07 -8.87505751e+01 
 1.69824365e+07 -2.57170302e+01  1.69824365e+07 -8.96728992e+01 
 1.73780083e+07 -2.58163086e+01  1.73780083e+07 -9.06100378e+01 
 1.77827941e+07 -2.59149655e+01  1.77827941e+07 -9.15619586e+01 
 1.81970086e+07 -2.60130649e+01  1.81970086e+07 -9.25285848e+01 
 1.86208714e+07 -2.61106726e+01  1.86208714e+07 -9.35097935e+01 
 1.90546072e+07 -2.62078549e+01  1.90546072e+07 -9.45054145e+01 
 1.94984460e+07 -2.63046792e+01  1.94984460e+07 -9.55152288e+01 
 1.99526231e+07 -2.64012136e+01  1.99526231e+07 -9.65389676e+01 
 2.04173794e+07 -2.64975267e+01  2.04173794e+07 -9.75763114e+01 
 2.08929613e+07 -2.65936875e+01  2.08929613e+07 -9.86268889e+01 
 2.13796209e+07 -2.66897651e+01  2.13796209e+07 -9.96902769e+01 
 2.18776162e+07 -2.67858287e+01  2.18776162e+07 -1.00765999e+02 
 2.23872114e+07 -2.68819472e+01  2.23872114e+07 -1.01853526e+02 
 2.29086765e+07 -2.69781892e+01  2.29086765e+07 -1.02952276e+02 
 2.34422882e+07 -2.70746226e+01  2.34422882e+07 -1.04061614e+02 
 2.39883292e+07 -2.71713146e+01  2.39883292e+07 -1.05180850e+02 
 2.45470892e+07 -2.72683313e+01  2.45470892e+07 -1.06309243e+02 
 2.51188643e+07 -2.73657376e+01  2.51188643e+07 -1.07446002e+02 
 2.57039578e+07 -2.74635971e+01  2.57039578e+07 -1.08590280e+02 
 2.63026799e+07 -2.75619717e+01  2.63026799e+07 -1.09741183e+02 
 2.69153480e+07 -2.76609216e+01  2.69153480e+07 -1.10897767e+02 
 2.75422870e+07 -2.77605047e+01  2.75422870e+07 -1.12059039e+02 
 2.81838293e+07 -2.78607770e+01  2.81838293e+07 -1.13223959e+02 
 2.88403150e+07 -2.79617919e+01  2.88403150e+07 -1.14391442e+02 
 2.95120923e+07 -2.80636001e+01  2.95120923e+07 -1.15560359e+02 
 3.01995172e+07 -2.81662495e+01  3.01995172e+07 -1.16729539e+02 
 3.09029543e+07 -2.82697850e+01  3.09029543e+07 -1.17897769e+02 
 3.16227766e+07 -2.83742479e+01  3.16227766e+07 -1.19063800e+02 
 3.23593657e+07 -2.84796764e+01  3.23593657e+07 -1.20226344e+02 
 3.31131121e+07 -2.85861047e+01  3.31131121e+07 -1.21384080e+02 
 3.38844156e+07 -2.86935631e+01  3.38844156e+07 -1.22535655e+02 
 3.46736850e+07 -2.88020775e+01  3.46736850e+07 -1.23679683e+02 
 3.54813389e+07 -2.89116696e+01  3.54813389e+07 -1.24814755e+02 
 3.63078055e+07 -2.90223564e+01  3.63078055e+07 -1.25939431e+02 
 3.71535229e+07 -2.91341495e+01  3.71535229e+07 -1.27052252e+02 
 3.80189396e+07 -2.92470558e+01  3.80189396e+07 -1.28151735e+02 
 3.89045145e+07 -2.93610763e+01  3.89045145e+07 -1.29236379e+02 
 3.98107171e+07 -2.94762061e+01  3.98107171e+07 -1.30304667e+02 
 4.07380278e+07 -2.95924343e+01  4.07380278e+07 -1.31355068e+02 
 4.16869383e+07 -2.97097434e+01  4.16869383e+07 -1.32386039e+02 
 4.26579519e+07 -2.98281090e+01  4.26579519e+07 -1.33396027e+02 
 4.36515832e+07 -2.99474994e+01  4.36515832e+07 -1.34383474e+02 
 4.46683592e+07 -3.00678752e+01  4.46683592e+07 -1.35346815e+02 
 4.57088190e+07 -3.01891888e+01  4.57088190e+07 -1.36284486e+02 
 4.67735141e+07 -3.03113840e+01  4.67735141e+07 -1.37194922e+02 
 4.78630092e+07 -3.04343958e+01  4.78630092e+07 -1.38076561e+02 
 4.89778819e+07 -3.05581490e+01  4.89778819e+07 -1.38927850e+02 
 5.01187234e+07 -3.06825587e+01  5.01187234e+07 -1.39747244e+02 
 5.12861384e+07 -3.08075289e+01  5.12861384e+07 -1.40533211e+02 
 5.24807460e+07 -3.09329525e+01  5.24807460e+07 -1.41284239e+02 
 5.37031796e+07 -3.10587100e+01  5.37031796e+07 -1.41998833e+02 
 5.49540874e+07 -3.11846696e+01  5.49540874e+07 -1.42675527e+02 
 5.62341325e+07 -3.13106858e+01  5.62341325e+07 -1.43312886e+02 
 5.75439937e+07 -3.14365994e+01  5.75439937e+07 -1.43909511e+02 
 5.88843655e+07 -3.15622364e+01  5.88843655e+07 -1.44464048e+02 
 6.02559586e+07 -3.16874073e+01  6.02559586e+07 -1.44975194e+02 
 6.16595002e+07 -3.18119070e+01  6.16595002e+07 -1.45441704e+02 
 6.30957344e+07 -3.19355138e+01  6.30957344e+07 -1.45862404e+02 
 6.45654229e+07 -3.20579891e+01  6.45654229e+07 -1.46236197e+02 
 6.60693448e+07 -3.21790773e+01  6.60693448e+07 -1.46562079e+02 
 6.76082975e+07 -3.22985052e+01  6.76082975e+07 -1.46839146e+02 
 6.91830971e+07 -3.24159825e+01  6.91830971e+07 -1.47066612e+02 
 7.07945784e+07 -3.25312017e+01  7.07945784e+07 -1.47243821e+02 
 7.24435960e+07 -3.26438387e+01  7.24435960e+07 -1.47370265e+02 
 7.41310241e+07 -3.27535540e+01  7.41310241e+07 -1.47445594e+02 
 7.58577575e+07 -3.28599934e+01  7.58577575e+07 -1.47469642e+02 
 7.76247117e+07 -3.29627899e+01  7.76247117e+07 -1.47442434e+02 
 7.94328235e+07 -3.30615657e+01  7.94328235e+07 -1.47364208e+02 
 8.12830516e+07 -3.31559349e+01  8.12830516e+07 -1.47235429e+02 
 8.31763771e+07 -3.32455063e+01  8.31763771e+07 -1.47056805e+02 
 8.51138038e+07 -3.33298867e+01  8.51138038e+07 -1.46829296e+02 
 8.70963590e+07 -3.34086855e+01  8.70963590e+07 -1.46554126e+02 
 8.91250938e+07 -3.34815183e+01  8.91250938e+07 -1.46232791e+02 
 9.12010839e+07 -3.35480122e+01  9.12010839e+07 -1.45867059e+02 
 9.33254301e+07 -3.36078107e+01  9.33254301e+07 -1.45458970e+02 
 9.54992586e+07 -3.36605785e+01  9.54992586e+07 -1.45010827e+02 
 9.77237221e+07 -3.37060071e+01  9.77237221e+07 -1.44525189e+02 
 1.00000000e+08 -3.37438198e+01  1.00000000e+08 -1.44004847e+02 
