 2.00000000e+01  3.20563318e-08  2.00000000e+01  1.02095446e-08 
 2.04658598e+01  3.20216304e-08  2.04658598e+01  1.01983536e-08 
 2.09425710e+01  3.19876817e-08  2.09425710e+01  1.01874088e-08 
 2.14303861e+01  3.19544703e-08  2.14303861e+01  1.01767051e-08 
 2.19295639e+01  3.19219810e-08  2.19295639e+01  1.01662373e-08 
 2.24403691e+01  3.18901987e-08  2.24403691e+01  1.01560003e-08 
 2.29630724e+01  3.18591088e-08  2.29630724e+01  1.01459893e-08 
 2.34979511e+01  3.18286969e-08  2.34979511e+01  1.01361993e-08 
 2.40452887e+01  3.17989489e-08  2.40452887e+01  1.01266256e-08 
 2.46053754e+01  3.17698508e-08  2.46053754e+01  1.01172636e-08 
 2.51785082e+01  3.17413892e-08  2.51785082e+01  1.01081087e-08 
 2.57649910e+01  3.17135505e-08  2.57649910e+01  1.00991565e-08 
 2.63651348e+01  3.16863218e-08  2.63651348e+01  1.00904025e-08 
 2.69792577e+01  3.16596902e-08  2.69792577e+01  1.00818426e-08 
 2.76076853e+01  3.16336431e-08  2.76076853e+01  1.00734725e-08 
 2.82507509e+01  3.16081681e-08  2.82507509e+01  1.00652881e-08 
 2.89087954e+01  3.15832531e-08  2.89087954e+01  1.00572853e-08 
 2.95821678e+01  3.15588863e-08  2.95821678e+01  1.00494604e-08 
 3.02712250e+01  3.15350560e-08  3.02712250e+01  1.00418093e-08 
 3.09763324e+01  3.15117508e-08  3.09763324e+01  1.00343283e-08 
 3.16978638e+01  3.14889595e-08  3.16978638e+01  1.00270137e-08 
 3.24362019e+01  3.14666711e-08  3.24362019e+01  1.00198620e-08 
 3.31917381e+01  3.14448750e-08  3.31917381e+01  1.00128695e-08 
 3.39648730e+01  3.14235604e-08  3.39648730e+01  1.00060327e-08 
 3.47560166e+01  3.14027172e-08  3.47560166e+01  9.99934836e-09 
 3.55655882e+01  3.13823352e-08  3.55655882e+01  9.99281304e-09 
 3.63940172e+01  3.13624045e-08  3.63940172e+01  9.98642351e-09 
 3.72417427e+01  3.13429153e-08  3.72417427e+01  9.98017658e-09 
 3.81092144e+01  3.13238583e-08  3.81092144e+01  9.97406913e-09 
 3.89968920e+01  3.13052239e-08  3.89968920e+01  9.96809809e-09 
 3.99052463e+01  3.12870032e-08  3.99052463e+01  9.96226048e-09 
 4.08347589e+01  3.12691871e-08  4.08347589e+01  9.95655337e-09 
 4.17859226e+01  3.12517668e-08  4.17859226e+01  9.95097389e-09 
 4.27592418e+01  3.12347339e-08  4.27592418e+01  9.94551923e-09 
 4.37552325e+01  3.12180799e-08  4.37552325e+01  9.94018665e-09 
 4.47744228e+01  3.12017966e-08  4.47744228e+01  9.93497346e-09 
 4.58173531e+01  3.11858758e-08  4.58173531e+01  9.92987703e-09 
 4.68845763e+01  3.11703097e-08  4.68845763e+01  9.92489478e-09 
 4.79766584e+01  3.11550906e-08  4.79766584e+01  9.92002420e-09 
 4.90941783e+01  3.11402109e-08  4.90941783e+01  9.91526282e-09 
 5.02377286e+01  3.11256632e-08  5.02377286e+01  9.91060823e-09 
 5.14079157e+01  3.11114402e-08  5.14079157e+01  9.90605806e-09 
 5.26053598e+01  3.10975348e-08  5.26053598e+01  9.90161000e-09 
 5.38306961e+01  3.10839401e-08  5.38306961e+01  9.89726181e-09 
 5.50845741e+01  3.10706492e-08  5.50845741e+01  9.89301125e-09 
 5.63676586e+01  3.10576555e-08  5.63676586e+01  9.88885618e-09 
 5.76806301e+01  3.10449525e-08  5.76806301e+01  9.88479446e-09 
 5.90241845e+01  3.10325337e-08  5.90241845e+01  9.88082404e-09 
 6.03990344e+01  3.10203929e-08  6.03990344e+01  9.87694288e-09 
 6.18059087e+01  3.10085240e-08  6.18059087e+01  9.87314900e-09 
 6.32455532e+01  3.09969210e-08  6.32455532e+01  9.86944046e-09 
 6.47187314e+01  3.09855780e-08  6.47187314e+01  9.86581537e-09 
 6.62262243e+01  3.09744894e-08  6.62262243e+01  9.86227186e-09 
 6.77688312e+01  3.09636494e-08  6.77688312e+01  9.85880812e-09 
 6.93473701e+01  3.09530526e-08  6.93473701e+01  9.85542237e-09 
 7.09626778e+01  3.09426936e-08  7.09626778e+01  9.85211288e-09 
 7.26156110e+01  3.09325671e-08  7.26156110e+01  9.84887795e-09 
 7.43070458e+01  3.09226681e-08  7.43070458e+01  9.84571591e-09 
 7.60378793e+01  3.09129914e-08  7.60378793e+01  9.84262514e-09 
 7.78090290e+01  3.09035321e-08  7.78090290e+01  9.83960404e-09 
 7.96214341e+01  3.08942855e-08  7.96214341e+01  9.83665107e-09 
 8.14760556e+01  3.08852467e-08  8.14760556e+01  9.83376469e-09 
 8.33738767e+01  3.08764112e-08  8.33738767e+01  9.83094342e-09 
 8.53159038e+01  3.08677745e-08  8.53159038e+01  9.82818580e-09 
 8.73031664e+01  3.08593321e-08  8.73031664e+01  9.82549042e-09 
 8.93367184e+01  3.08510796e-08  8.93367184e+01  9.82285587e-09 
 9.14176379e+01  3.08430130e-08  9.14176379e+01  9.82028080e-09 
 9.35470283e+01  3.08351280e-08  9.35470283e+01  9.81776387e-09 
 9.57260185e+01  3.08274206e-08  9.57260185e+01  9.81530378e-09 
 9.79557639e+01  3.08198869e-08  9.79557639e+01  9.81289926e-09 
 1.00237447e+02  3.08125229e-08  1.00237447e+02  9.81054906e-09 
 1.02572277e+02  3.08053248e-08  1.02572277e+02  9.80825197e-09 
 1.04961492e+02  3.07982891e-08  1.04961492e+02  9.80600678e-09 
 1.07406359e+02  3.07914120e-08  1.07406359e+02  9.80381234e-09 
 1.09908175e+02  3.07846899e-08  1.09908175e+02  9.80166752e-09 
 1.12468265e+02  3.07781195e-08  1.12468265e+02  9.79957118e-09 
 1.15087987e+02  3.07716974e-08  1.15087987e+02  9.79752225e-09 
 1.17768731e+02  3.07654202e-08  1.17768731e+02  9.79551966e-09 
 1.20511917e+02  3.07592846e-08  1.20511917e+02  9.79356236e-09 
 1.23319000e+02  3.07532876e-08  1.23319000e+02  9.79164935e-09 
 1.26191469e+02  3.07474259e-08  1.26191469e+02  9.78977962e-09 
 1.29130846e+02  3.07416966e-08  1.29130846e+02  9.78795220e-09 
 1.32138690e+02  3.07360968e-08  1.32138690e+02  9.78616614e-09 
 1.35216595e+02  3.07306234e-08  1.35216595e+02  9.78442051e-09 
 1.38366194e+02  3.07252737e-08  1.38366194e+02  9.78271439e-09 
 1.41589157e+02  3.07200448e-08  1.41589157e+02  9.78104690e-09 
 1.44887192e+02  3.07149341e-08  1.44887192e+02  9.77941717e-09 
 1.48262048e+02  3.07099390e-08  1.48262048e+02  9.77782435e-09 
 1.51715515e+02  3.07050567e-08  1.51715515e+02  9.77626760e-09 
 1.55249423e+02  3.07002849e-08  1.55249423e+02  9.77474612e-09 
 1.58865647e+02  3.06956209e-08  1.58865647e+02  9.77325910e-09 
 1.62566103e+02  3.06910624e-08  1.62566103e+02  9.77180577e-09 
 1.66352754e+02  3.06866070e-08  1.66352754e+02  9.77038538e-09 
 1.70227608e+02  3.06822524e-08  1.70227608e+02  9.76899717e-09 
 1.74192718e+02  3.06779963e-08  1.74192718e+02  9.76764042e-09 
 1.78250188e+02  3.06738365e-08  1.78250188e+02  9.76631443e-09 
 1.82402168e+02  3.06697708e-08  1.82402168e+02  9.76501849e-09 
 1.86650860e+02  3.06657971e-08  1.86650860e+02  9.76375193e-09 
 1.90998517e+02  3.06619133e-08  1.90998517e+02  9.76251408e-09 
 1.95447444e+02  3.06581174e-08  1.95447444e+02  9.76130431e-09 
 2.00000000e+02  3.06544074e-08  2.00000000e+02  9.76012196e-09 
 2.04658598e+02  3.06507814e-08  2.04658598e+02  9.75896643e-09 
 2.09425710e+02  3.06472375e-08  2.09425710e+02  9.75783711e-09 
 2.14303861e+02  3.06437738e-08  2.14303861e+02  9.75673340e-09 
 2.19295639e+02  3.06403885e-08  2.19295639e+02  9.75565473e-09 
 2.24403691e+02  3.06370798e-08  2.24403691e+02  9.75460053e-09 
 2.29630724e+02  3.06338461e-08  2.29630724e+02  9.75357025e-09 
 2.34979511e+02  3.06306856e-08  2.34979511e+02  9.75256334e-09 
 2.40452887e+02  3.06275966e-08  2.40452887e+02  9.75157928e-09 
 2.46053754e+02  3.06245776e-08  2.46053754e+02  9.75061755e-09 
 2.51785082e+02  3.06216269e-08  2.51785082e+02  9.74967764e-09 
 2.57649910e+02  3.06187430e-08  2.57649910e+02  9.74875907e-09 
 2.63651348e+02  3.06159244e-08  2.63651348e+02  9.74786135e-09 
 2.69792577e+02  3.06131697e-08  2.69792577e+02  9.74698400e-09 
 2.76076853e+02  3.06104773e-08  2.76076853e+02  9.74612657e-09 
 2.82507509e+02  3.06078458e-08  2.82507509e+02  9.74528861e-09 
 2.89087954e+02  3.06052739e-08  2.89087954e+02  9.74446967e-09 
 2.95821678e+02  3.06027602e-08  2.95821678e+02  9.74366932e-09 
 3.02712250e+02  3.06003035e-08  3.02712250e+02  9.74288714e-09 
 3.09763324e+02  3.05979023e-08  3.09763324e+02  9.74212273e-09 
 3.16978638e+02  3.05955555e-08  3.16978638e+02  9.74137568e-09 
 3.24362019e+02  3.05932617e-08  3.24362019e+02  9.74064559e-09 
 3.31917381e+02  3.05910199e-08  3.31917381e+02  9.73993208e-09 
 3.39648730e+02  3.05888287e-08  3.39648730e+02  9.73923478e-09 
 3.47560166e+02  3.05866871e-08  3.47560166e+02  9.73855331e-09 
 3.55655882e+02  3.05845940e-08  3.55655882e+02  9.73788733e-09 
 3.63940172e+02  3.05825481e-08  3.63940172e+02  9.73723647e-09 
 3.72417427e+02  3.05805485e-08  3.72417427e+02  9.73660040e-09 
 3.81092144e+02  3.05785941e-08  3.81092144e+02  9.73597878e-09 
 3.89968920e+02  3.05766839e-08  3.89968920e+02  9.73537129e-09 
 3.99052463e+02  3.05748167e-08  3.99052463e+02  9.73477759e-09 
 4.08347589e+02  3.05729917e-08  4.08347589e+02  9.73419739e-09 
 4.17859226e+02  3.05712079e-08  4.17859226e+02  9.73363037e-09 
 4.27592418e+02  3.05694644e-08  4.27592418e+02  9.73307623e-09 
 4.37552325e+02  3.05677602e-08  4.37552325e+02  9.73253469e-09 
 4.47744228e+02  3.05660943e-08  4.47744228e+02  9.73200545e-09 
 4.58173531e+02  3.05644660e-08  4.58173531e+02  9.73148825e-09 
 4.68845763e+02  3.05628744e-08  4.68845763e+02  9.73098279e-09 
 4.79766584e+02  3.05613185e-08  4.79766584e+02  9.73048883e-09 
 4.90941783e+02  3.05597977e-08  4.90941783e+02  9.73000609e-09 
 5.02377286e+02  3.05583110e-08  5.02377286e+02  9.72953433e-09 
 5.14079157e+02  3.05568578e-08  5.14079157e+02  9.72907329e-09 
 5.26053598e+02  3.05554371e-08  5.26053598e+02  9.72862273e-09 
 5.38306961e+02  3.05540483e-08  5.38306961e+02  9.72818242e-09 
 5.50845741e+02  3.05526906e-08  5.50845741e+02  9.72775212e-09 
 5.63676586e+02  3.05513632e-08  5.63676586e+02  9.72733160e-09 
 5.76806301e+02  3.05500656e-08  5.76806301e+02  9.72692064e-09 
 5.90241845e+02  3.05487969e-08  5.90241845e+02  9.72651902e-09 
 6.03990344e+02  3.05475565e-08  6.03990344e+02  9.72612654e-09 
 6.18059087e+02  3.05463438e-08  6.18059087e+02  9.72574298e-09 
 6.32455532e+02  3.05451580e-08  6.32455532e+02  9.72536815e-09 
 6.47187314e+02  3.05439985e-08  6.47187314e+02  9.72500184e-09 
 6.62262243e+02  3.05428648e-08  6.62262243e+02  9.72464386e-09 
 6.77688312e+02  3.05417561e-08  6.77688312e+02  9.72429403e-09 
 6.93473701e+02  3.05406719e-08  6.93473701e+02  9.72395215e-09 
 7.09626778e+02  3.05396117e-08  7.09626778e+02  9.72361805e-09 
 7.26156110e+02  3.05385747e-08  7.26156110e+02  9.72329155e-09 
 7.43070458e+02  3.05375606e-08  7.43070458e+02  9.72297247e-09 
 7.60378793e+02  3.05365686e-08  7.60378793e+02  9.72266066e-09 
 7.78090290e+02  3.05355983e-08  7.78090290e+02  9.72235594e-09 
 7.96214341e+02  3.05346491e-08  7.96214341e+02  9.72205815e-09 
 8.14760556e+02  3.05337205e-08  8.14760556e+02  9.72176714e-09 
 8.33738767e+02  3.05328120e-08  8.33738767e+02  9.72148276e-09 
 8.53159038e+02  3.05319230e-08  8.53159038e+02  9.72120484e-09 
 8.73031664e+02  3.05310532e-08  8.73031664e+02  9.72093325e-09 
 8.93367184e+02  3.05302020e-08  8.93367184e+02  9.72066784e-09 
 9.14176379e+02  3.05293689e-08  9.14176379e+02  9.72040847e-09 
 9.35470283e+02  3.05285534e-08  9.35470283e+02  9.72015501e-09 
 9.57260185e+02  3.05277552e-08  9.57260185e+02  9.71990732e-09 
 9.79557639e+02  3.05269736e-08  9.79557639e+02  9.71966527e-09 
 1.00237447e+03  3.05262084e-08  1.00237447e+03  9.71942873e-09 
 1.02572277e+03  3.05254590e-08  1.02572277e+03  9.71919757e-09 
 1.04961492e+03  3.05247251e-08  1.04961492e+03  9.71897168e-09 
 1.07406359e+03  3.05240061e-08  1.07406359e+03  9.71875094e-09 
 1.09908175e+03  3.05233017e-08  1.09908175e+03  9.71853522e-09 
 1.12468265e+03  3.05226115e-08  1.12468265e+03  9.71832442e-09 
 1.15087987e+03  3.05219350e-08  1.15087987e+03  9.71811843e-09 
 1.17768731e+03  3.05212718e-08  1.17768731e+03  9.71791712e-09 
 1.20511917e+03  3.05206216e-08  1.20511917e+03  9.71772041e-09 
 1.23319000e+03  3.05199839e-08  1.23319000e+03  9.71752818e-09 
 1.26191469e+03  3.05193584e-08  1.26191469e+03  9.71734033e-09 
 1.29130846e+03  3.05187447e-08  1.29130846e+03  9.71715677e-09 
 1.32138690e+03  3.05181423e-08  1.32138690e+03  9.71697739e-09 
 1.35216595e+03  3.05175510e-08  1.35216595e+03  9.71680211e-09 
 1.38366194e+03  3.05169703e-08  1.38366194e+03  9.71663082e-09 
 1.41589157e+03  3.05163998e-08  1.41589157e+03  9.71646345e-09 
 1.44887192e+03  3.05158393e-08  1.44887192e+03  9.71629989e-09 
 1.48262048e+03  3.05152882e-08  1.48262048e+03  9.71614007e-09 
 1.51715515e+03  3.05147463e-08  1.51715515e+03  9.71598390e-09 
 1.55249423e+03  3.05142132e-08  1.55249423e+03  9.71583130e-09 
 1.58865647e+03  3.05136884e-08  1.58865647e+03  9.71568218e-09 
 1.62566103e+03  3.05131718e-08  1.62566103e+03  9.71553647e-09 
 1.66352754e+03  3.05126627e-08  1.66352754e+03  9.71539410e-09 
 1.70227608e+03  3.05121610e-08  1.70227608e+03  9.71525498e-09 
 1.74192718e+03  3.05116663e-08  1.74192718e+03  9.71511905e-09 
 1.78250188e+03  3.05111781e-08  1.78250188e+03  9.71498623e-09 
 1.82402168e+03  3.05106961e-08  1.82402168e+03  9.71485645e-09 
 1.86650860e+03  3.05102200e-08  1.86650860e+03  9.71472964e-09 
 1.90998517e+03  3.05097493e-08  1.90998517e+03  9.71460575e-09 
 1.95447444e+03  3.05092837e-08  1.95447444e+03  9.71448469e-09 
 2.00000000e+03  3.05088228e-08  2.00000000e+03  9.71436642e-09 
 2.04658598e+03  3.05083663e-08  2.04658598e+03  9.71425086e-09 
 2.09425710e+03  3.05079136e-08  2.09425710e+03  9.71413796e-09 
 2.14303861e+03  3.05074645e-08  2.14303861e+03  9.71402765e-09 
 2.19295639e+03  3.05070185e-08  2.19295639e+03  9.71391989e-09 
 2.24403691e+03  3.05065752e-08  2.24403691e+03  9.71381460e-09 
 2.29630724e+03  3.05061343e-08  2.29630724e+03  9.71371175e-09 
 2.34979511e+03  3.05056953e-08  2.34979511e+03  9.71361127e-09 
 2.40452887e+03  3.05052577e-08  2.40452887e+03  9.71351311e-09 
 2.46053754e+03  3.05048212e-08  2.46053754e+03  9.71341722e-09 
 2.51785082e+03  3.05043852e-08  2.51785082e+03  9.71332355e-09 
 2.57649910e+03  3.05039495e-08  2.57649910e+03  9.71323206e-09 
 2.63651348e+03  3.05035134e-08  2.63651348e+03  9.71314269e-09 
 2.69792577e+03  3.05030764e-08  2.69792577e+03  9.71305540e-09 
 2.76076853e+03  3.05026383e-08  2.76076853e+03  9.71297014e-09 
 2.82507509e+03  3.05021983e-08  2.82507509e+03  9.71288686e-09 
 2.89087954e+03  3.05017560e-08  2.89087954e+03  9.71280554e-09 
 2.95821678e+03  3.05013109e-08  2.95821678e+03  9.71272612e-09 
 3.02712250e+03  3.05008625e-08  3.02712250e+03  9.71264856e-09 
 3.09763324e+03  3.05004101e-08  3.09763324e+03  9.71257283e-09 
 3.16978638e+03  3.04999532e-08  3.16978638e+03  9.71249888e-09 
 3.24362019e+03  3.04994913e-08  3.24362019e+03  9.71242668e-09 
 3.31917381e+03  3.04990236e-08  3.31917381e+03  9.71235618e-09 
 3.39648730e+03  3.04985496e-08  3.39648730e+03  9.71228737e-09 
 3.47560166e+03  3.04980686e-08  3.47560166e+03  9.71222019e-09 
 3.55655882e+03  3.04975799e-08  3.55655882e+03  9.71215462e-09 
 3.63940172e+03  3.04970828e-08  3.63940172e+03  9.71209062e-09 
 3.72417427e+03  3.04965766e-08  3.72417427e+03  9.71202816e-09 
 3.81092144e+03  3.04960606e-08  3.81092144e+03  9.71196721e-09 
 3.89968920e+03  3.04955339e-08  3.89968920e+03  9.71190775e-09 
 3.99052463e+03  3.04949958e-08  3.99052463e+03  9.71184973e-09 
 4.08347589e+03  3.04944454e-08  4.08347589e+03  9.71179313e-09 
 4.17859226e+03  3.04938818e-08  4.17859226e+03  9.71173793e-09 
 4.27592418e+03  3.04933042e-08  4.27592418e+03  9.71168410e-09 
 4.37552325e+03  3.04927115e-08  4.37552325e+03  9.71163161e-09 
 4.47744228e+03  3.04921028e-08  4.47744228e+03  9.71158043e-09 
 4.58173531e+03  3.04914771e-08  4.58173531e+03  9.71153055e-09 
 4.68845763e+03  3.04908333e-08  4.68845763e+03  9.71148194e-09 
 4.79766584e+03  3.04901703e-08  4.79766584e+03  9.71143457e-09 
 4.90941783e+03  3.04894869e-08  4.90941783e+03  9.71138843e-09 
 5.02377286e+03  3.04887820e-08  5.02377286e+03  9.71134349e-09 
 5.14079157e+03  3.04880542e-08  5.14079157e+03  9.71129973e-09 
 5.26053598e+03  3.04873024e-08  5.26053598e+03  9.71125714e-09 
 5.38306961e+03  3.04865250e-08  5.38306961e+03  9.71121570e-09 
 5.50845741e+03  3.04857207e-08  5.50845741e+03  9.71117538e-09 
 5.63676586e+03  3.04848880e-08  5.63676586e+03  9.71113617e-09 
 5.76806301e+03  3.04840254e-08  5.76806301e+03  9.71109806e-09 
 5.90241845e+03  3.04831312e-08  5.90241845e+03  9.71106103e-09 
 6.03990344e+03  3.04822038e-08  6.03990344e+03  9.71102506e-09 
 6.18059087e+03  3.04812413e-08  6.18059087e+03  9.71099015e-09 
 6.32455532e+03  3.04802420e-08  6.32455532e+03  9.71095627e-09 
 6.47187314e+03  3.04792040e-08  6.47187314e+03  9.71092342e-09 
 6.62262243e+03  3.04781251e-08  6.62262243e+03  9.71089158e-09 
 6.77688312e+03  3.04770034e-08  6.77688312e+03  9.71086075e-09 
 6.93473701e+03  3.04758366e-08  6.93473701e+03  9.71083091e-09 
 7.09626778e+03  3.04746225e-08  7.09626778e+03  9.71080205e-09 
 7.26156110e+03  3.04733586e-08  7.26156110e+03  9.71077417e-09 
 7.43070458e+03  3.04720425e-08  7.43070458e+03  9.71074727e-09 
 7.60378793e+03  3.04706716e-08  7.60378793e+03  9.71072132e-09 
 7.78090290e+03  3.04692430e-08  7.78090290e+03  9.71069634e-09 
 7.96214341e+03  3.04677541e-08  7.96214341e+03  9.71067231e-09 
 8.14760556e+03  3.04662017e-08  8.14760556e+03  9.71064923e-09 
 8.33738767e+03  3.04645828e-08  8.33738767e+03  9.71062710e-09 
 8.53159038e+03  3.04628941e-08  8.53159038e+03  9.71060591e-09 
 8.73031664e+03  3.04611322e-08  8.73031664e+03  9.71058567e-09 
 8.93367184e+03  3.04592935e-08  8.93367184e+03  9.71056637e-09 
 9.14176379e+03  3.04573744e-08  9.14176379e+03  9.71054803e-09 
 9.35470283e+03  3.04553709e-08  9.35470283e+03  9.71053063e-09 
 9.57260185e+03  3.04532790e-08  9.57260185e+03  9.71051418e-09 
 9.79557639e+03  3.04510944e-08  9.79557639e+03  9.71049869e-09 
 1.00237447e+04  3.04488126e-08  1.00237447e+04  9.71048417e-09 
 1.02572277e+04  3.04464290e-08  1.02572277e+04  9.71047061e-09 
 1.04961492e+04  3.04439388e-08  1.04961492e+04  9.71045804e-09 
 1.07406359e+04  3.04413368e-08  1.07406359e+04  9.71044645e-09 
 1.09908175e+04  3.04386178e-08  1.09908175e+04  9.71043585e-09 
 1.12468265e+04  3.04357762e-08  1.12468265e+04  9.71042627e-09 
 1.15087987e+04  3.04328061e-08  1.15087987e+04  9.71041771e-09 
 1.17768731e+04  3.04297015e-08  1.17768731e+04  9.71041019e-09 
 1.20511917e+04  3.04264560e-08  1.20511917e+04  9.71040372e-09 
 1.23319000e+04  3.04230631e-08  1.23319000e+04  9.71039832e-09 
 1.26191469e+04  3.04195157e-08  1.26191469e+04  9.71039401e-09 
 1.29130846e+04  3.04158066e-08  1.29130846e+04  9.71039082e-09 
 1.32138690e+04  3.04119283e-08  1.32138690e+04  9.71038875e-09 
 1.35216595e+04  3.04078727e-08  1.35216595e+04  9.71038784e-09 
 1.38366194e+04  3.04036316e-08  1.38366194e+04  9.71038812e-09 
 1.41589157e+04  3.03991964e-08  1.41589157e+04  9.71038961e-09 
 1.44887192e+04  3.03945580e-08  1.44887192e+04  9.71039234e-09 
 1.48262048e+04  3.03897069e-08  1.48262048e+04  9.71039634e-09 
 1.51715515e+04  3.03846333e-08  1.51715515e+04  9.71040165e-09 
 1.55249423e+04  3.03793268e-08  1.55249423e+04  9.71040830e-09 
 1.58865647e+04  3.03737767e-08  1.58865647e+04  9.71041633e-09 
 1.62566103e+04  3.03679716e-08  1.62566103e+04  9.71042579e-09 
 1.66352754e+04  3.03618999e-08  1.66352754e+04  9.71043671e-09 
 1.70227608e+04  3.03555492e-08  1.70227608e+04  9.71044914e-09 
 1.74192718e+04  3.03489068e-08  1.74192718e+04  9.71046313e-09 
 1.78250188e+04  3.03419591e-08  1.78250188e+04  9.71047873e-09 
 1.82402168e+04  3.03346922e-08  1.82402168e+04  9.71049600e-09 
 1.86650860e+04  3.03270916e-08  1.86650860e+04  9.71051499e-09 
 1.90998517e+04  3.03191420e-08  1.90998517e+04  9.71053576e-09 
 1.95447444e+04  3.03108274e-08  1.95447444e+04  9.71055838e-09 
 2.00000000e+04  3.03021313e-08  2.00000000e+04  9.71058291e-09 
