 2.00000000e+01  9.35996659e-09  2.00000000e+01  9.37433381e-09 
 2.04658598e+01  9.34647999e-09  2.04658598e+01  9.36069895e-09 
 2.09425710e+01  9.33331501e-09  2.09425710e+01  9.34739229e-09 
 2.14303861e+01  9.32046374e-09  2.14303861e+01  9.33440562e-09 
 2.19295639e+01  9.30791851e-09  2.19295639e+01  9.32173096e-09 
 2.24403691e+01  9.29567180e-09  2.24403691e+01  9.30936054e-09 
 2.29630724e+01  9.28371631e-09  2.29630724e+01  9.29728678e-09 
 2.34979511e+01  9.27204492e-09  2.34979511e+01  9.28550231e-09 
 2.40452887e+01  9.26065067e-09  2.40452887e+01  9.27399994e-09 
 2.46053754e+01  9.24952681e-09  2.46053754e+01  9.26277268e-09 
 2.51785082e+01  9.23866673e-09  2.51785082e+01  9.25181371e-09 
 2.57649910e+01  9.22806400e-09  2.57649910e+01  9.24111640e-09 
 2.63651348e+01  9.21771236e-09  2.63651348e+01  9.23067428e-09 
 2.69792577e+01  9.20760570e-09  2.69792577e+01  9.22048106e-09 
 2.76076853e+01  9.19773805e-09  2.76076853e+01  9.21053059e-09 
 2.82507509e+01  9.18810362e-09  2.82507509e+01  9.20081692e-09 
 2.89087954e+01  9.17869674e-09  2.89087954e+01  9.19133420e-09 
 2.95821678e+01  9.16951190e-09  2.95821678e+01  9.18207678e-09 
 3.02712250e+01  9.16054372e-09  3.02712250e+01  9.17303912e-09 
 3.09763324e+01  9.15178695e-09  3.09763324e+01  9.16421584e-09 
 3.16978638e+01  9.14323648e-09  3.16978638e+01  9.15560170e-09 
 3.24362019e+01  9.13488733e-09  3.24362019e+01  9.14719159e-09 
 3.31917381e+01  9.12673464e-09  3.31917381e+01  9.13898052e-09 
 3.39648730e+01  9.11877367e-09  3.39648730e+01  9.13096364e-09 
 3.47560166e+01  9.11099980e-09  3.47560166e+01  9.12313622e-09 
 3.55655882e+01  9.10340853e-09  3.55655882e+01  9.11549366e-09 
 3.63940172e+01  9.09599547e-09  3.63940172e+01  9.10803145e-09 
 3.72417427e+01  9.08875632e-09  3.72417427e+01  9.10074523e-09 
 3.81092144e+01  9.08168693e-09  3.81092144e+01  9.09363072e-09 
 3.89968920e+01  9.07478321e-09  3.89968920e+01  9.08668377e-09 
 3.99052463e+01  9.06804119e-09  3.99052463e+01  9.07990032e-09 
 4.08347589e+01  9.06145700e-09  4.08347589e+01  9.07327641e-09 
 4.17859226e+01  9.05502687e-09  4.17859226e+01  9.06680821e-09 
 4.27592418e+01  9.04874711e-09  4.27592418e+01  9.06049195e-09 
 4.37552325e+01  9.04261413e-09  4.37552325e+01  9.05432397e-09 
 4.47744228e+01  9.03662442e-09  4.47744228e+01  9.04830071e-09 
 4.58173531e+01  9.03077458e-09  4.58173531e+01  9.04241867e-09 
 4.68845763e+01  9.02506126e-09  4.68845763e+01  9.03667448e-09 
 4.79766584e+01  9.01948121e-09  4.79766584e+01  9.03106482e-09 
 4.90941783e+01  9.01403127e-09  4.90941783e+01  9.02558646e-09 
 5.02377286e+01  9.00870834e-09  5.02377286e+01  9.02023627e-09 
 5.14079157e+01  9.00350940e-09  5.14079157e+01  9.01501117e-09 
 5.26053598e+01  8.99843152e-09  5.26053598e+01  9.00990817e-09 
 5.38306961e+01  8.99347181e-09  5.38306961e+01  9.00492437e-09 
 5.50845741e+01  8.98862748e-09  5.50845741e+01  9.00005690e-09 
 5.63676586e+01  8.98389579e-09  5.63676586e+01  8.99530300e-09 
 5.76806301e+01  8.97927408e-09  5.76806301e+01  8.99065997e-09 
 5.90241845e+01  8.97475975e-09  5.90241845e+01  8.98612516e-09 
 6.03990344e+01  8.97035026e-09  6.03990344e+01  8.98169600e-09 
 6.18059087e+01  8.96604314e-09  6.18059087e+01  8.97736998e-09 
 6.32455532e+01  8.96183596e-09  6.32455532e+01  8.97314466e-09 
 6.47187314e+01  8.95772637e-09  6.47187314e+01  8.96901763e-09 
 6.62262243e+01  8.95371208e-09  6.62262243e+01  8.96498658e-09 
 6.77688312e+01  8.94979083e-09  6.77688312e+01  8.96104922e-09 
 6.93473701e+01  8.94596043e-09  6.93473701e+01  8.95720335e-09 
 7.09626778e+01  8.94221875e-09  7.09626778e+01  8.95344680e-09 
 7.26156110e+01  8.93856371e-09  7.26156110e+01  8.94977745e-09 
 7.43070458e+01  8.93499326e-09  7.43070458e+01  8.94619325e-09 
 7.60378793e+01  8.93150542e-09  7.60378793e+01  8.94269218e-09 
 7.78090290e+01  8.92809825e-09  7.78090290e+01  8.93927230e-09 
 7.96214341e+01  8.92476987e-09  7.96214341e+01  8.93593168e-09 
 8.14760556e+01  8.92151841e-09  8.14760556e+01  8.93266846e-09 
 8.33738767e+01  8.91834209e-09  8.33738767e+01  8.92948081e-09 
 8.53159038e+01  8.91523914e-09  8.53159038e+01  8.92636696e-09 
 8.73031664e+01  8.91220785e-09  8.73031664e+01  8.92332518e-09 
 8.93367184e+01  8.90924653e-09  8.93367184e+01  8.92035377e-09 
 9.14176379e+01  8.90635356e-09  9.14176379e+01  8.91745108e-09 
 9.35470283e+01  8.90352734e-09  9.35470283e+01  8.91461551e-09 
 9.57260185e+01  8.90076630e-09  9.57260185e+01  8.91184546e-09 
 9.79557639e+01  8.89806893e-09  9.79557639e+01  8.90913942e-09 
 1.00237447e+02  8.89543375e-09  1.00237447e+02  8.90649587e-09 
 1.02572277e+02  8.89285929e-09  1.02572277e+02  8.90391337e-09 
 1.04961492e+02  8.89034416e-09  1.04961492e+02  8.90139048e-09 
 1.07406359e+02  8.88788695e-09  1.07406359e+02  8.89892580e-09 
 1.09908175e+02  8.88548634e-09  1.09908175e+02  8.89651798e-09 
 1.12468265e+02  8.88314099e-09  1.12468265e+02  8.89416570e-09 
 1.15087987e+02  8.88084963e-09  1.15087987e+02  8.89186764e-09 
 1.17768731e+02  8.87861100e-09  1.17768731e+02  8.88962256e-09 
 1.20511917e+02  8.87642387e-09  1.20511917e+02  8.88742921e-09 
 1.23319000e+02  8.87428705e-09  1.23319000e+02  8.88528639e-09 
 1.26191469e+02  8.87219936e-09  1.26191469e+02  8.88319291e-09 
 1.29130846e+02  8.87015968e-09  1.29130846e+02  8.88114765e-09 
 1.32138690e+02  8.86816688e-09  1.32138690e+02  8.87914946e-09 
 1.35216595e+02  8.86621988e-09  1.35216595e+02  8.87719726e-09 
 1.38366194e+02  8.86431761e-09  1.38366194e+02  8.87528997e-09 
 1.41589157e+02  8.86245904e-09  1.41589157e+02  8.87342656e-09 
 1.44887192e+02  8.86064316e-09  1.44887192e+02  8.87160601e-09 
 1.48262048e+02  8.85886898e-09  1.48262048e+02  8.86982731e-09 
 1.51715515e+02  8.85713553e-09  1.51715515e+02  8.86808950e-09 
 1.55249423e+02  8.85544187e-09  1.55249423e+02  8.86639163e-09 
 1.58865647e+02  8.85378708e-09  1.58865647e+02  8.86473277e-09 
 1.62566103e+02  8.85217026e-09  1.62566103e+02  8.86311202e-09 
 1.66352754e+02  8.85059053e-09  1.66352754e+02  8.86152849e-09 
 1.70227608e+02  8.84904704e-09  1.70227608e+02  8.85998133e-09 
 1.74192718e+02  8.84753895e-09  1.74192718e+02  8.85846969e-09 
 1.78250188e+02  8.84606544e-09  1.78250188e+02  8.85699275e-09 
 1.82402168e+02  8.84462571e-09  1.82402168e+02  8.85554971e-09 
 1.86650860e+02  8.84321898e-09  1.86650860e+02  8.85413978e-09 
 1.90998517e+02  8.84184450e-09  1.90998517e+02  8.85276219e-09 
 1.95447444e+02  8.84050151e-09  1.95447444e+02  8.85141620e-09 
 2.00000000e+02  8.83918930e-09  2.00000000e+02  8.85010108e-09 
 2.04658598e+02  8.83790715e-09  2.04658598e+02  8.84881612e-09 
 2.09425710e+02  8.83665436e-09  2.09425710e+02  8.84756062e-09 
 2.14303861e+02  8.83543027e-09  2.14303861e+02  8.84633389e-09 
 2.19295639e+02  8.83423421e-09  2.19295639e+02  8.84513528e-09 
 2.24403691e+02  8.83306554e-09  2.24403691e+02  8.84396414e-09 
 2.29630724e+02  8.83192362e-09  2.29630724e+02  8.84281983e-09 
 2.34979511e+02  8.83080784e-09  2.34979511e+02  8.84170173e-09 
 2.40452887e+02  8.82971760e-09  2.40452887e+02  8.84060924e-09 
 2.46053754e+02  8.82865230e-09  2.46053754e+02  8.83954177e-09 
 2.51785082e+02  8.82761139e-09  2.51785082e+02  8.83849875e-09 
 2.57649910e+02  8.82659429e-09  2.57649910e+02  8.83747960e-09 
 2.63651348e+02  8.82560046e-09  2.63651348e+02  8.83648379e-09 
 2.69792577e+02  8.82462936e-09  2.69792577e+02  8.83551076e-09 
 2.76076853e+02  8.82368047e-09  2.76076853e+02  8.83456001e-09 
 2.82507509e+02  8.82275328e-09  2.82507509e+02  8.83363101e-09 
 2.89087954e+02  8.82184729e-09  2.89087954e+02  8.83272326e-09 
 2.95821678e+02  8.82096202e-09  2.95821678e+02  8.83183629e-09 
 3.02712250e+02  8.82009699e-09  3.02712250e+02  8.83096959e-09 
 3.09763324e+02  8.81925173e-09  3.09763324e+02  8.83012273e-09 
 3.16978638e+02  8.81842579e-09  3.16978638e+02  8.82929522e-09 
 3.24362019e+02  8.81761873e-09  3.24362019e+02  8.82848664e-09 
 3.31917381e+02  8.81683011e-09  3.31917381e+02  8.82769654e-09 
 3.39648730e+02  8.81605951e-09  3.39648730e+02  8.82692451e-09 
 3.47560166e+02  8.81530652e-09  3.47560166e+02  8.82617012e-09 
 3.55655882e+02  8.81457073e-09  3.55655882e+02  8.82543297e-09 
 3.63940172e+02  8.81385175e-09  3.63940172e+02  8.82471267e-09 
 3.72417427e+02  8.81314920e-09  3.72417427e+02  8.82400882e-09 
 3.81092144e+02  8.81246269e-09  3.81092144e+02  8.82332105e-09 
 3.89968920e+02  8.81179185e-09  3.89968920e+02  8.82264900e-09 
 3.99052463e+02  8.81113634e-09  3.99052463e+02  8.82199229e-09 
 4.08347589e+02  8.81049580e-09  4.08347589e+02  8.82135058e-09 
 4.17859226e+02  8.80986988e-09  4.17859226e+02  8.82072353e-09 
 4.27592418e+02  8.80925825e-09  4.27592418e+02  8.82011079e-09 
 4.37552325e+02  8.80866058e-09  4.37552325e+02  8.81951204e-09 
 4.47744228e+02  8.80807656e-09  4.47744228e+02  8.81892696e-09 
 4.58173531e+02  8.80750587e-09  4.58173531e+02  8.81835524e-09 
 4.68845763e+02  8.80694820e-09  4.68845763e+02  8.81779656e-09 
 4.79766584e+02  8.80640326e-09  4.79766584e+02  8.81725063e-09 
 4.90941783e+02  8.80587075e-09  4.90941783e+02  8.81671715e-09 
 5.02377286e+02  8.80535040e-09  5.02377286e+02  8.81619585e-09 
 5.14079157e+02  8.80484191e-09  5.14079157e+02  8.81568643e-09 
 5.26053598e+02  8.80434503e-09  5.26053598e+02  8.81518864e-09 
 5.38306961e+02  8.80385948e-09  5.38306961e+02  8.81470219e-09 
 5.50845741e+02  8.80338501e-09  5.50845741e+02  8.81422684e-09 
 5.63676586e+02  8.80292136e-09  5.63676586e+02  8.81376232e-09 
 5.76806301e+02  8.80246828e-09  5.76806301e+02  8.81330839e-09 
 5.90241845e+02  8.80202554e-09  5.90241845e+02  8.81286481e-09 
 6.03990344e+02  8.80159289e-09  6.03990344e+02  8.81243133e-09 
 6.18059087e+02  8.80117011e-09  6.18059087e+02  8.81200773e-09 
 6.32455532e+02  8.80075697e-09  6.32455532e+02  8.81159378e-09 
 6.47187314e+02  8.80035324e-09  6.47187314e+02  8.81118926e-09 
 6.62262243e+02  8.79995872e-09  6.62262243e+02  8.81079395e-09 
 6.77688312e+02  8.79957319e-09  6.77688312e+02  8.81040764e-09 
 6.93473701e+02  8.79919644e-09  6.93473701e+02  8.81003012e-09 
 7.09626778e+02  8.79882828e-09  7.09626778e+02  8.80966119e-09 
 7.26156110e+02  8.79846852e-09  7.26156110e+02  8.80930066e-09 
 7.43070458e+02  8.79811694e-09  7.43070458e+02  8.80894832e-09 
 7.60378793e+02  8.79777338e-09  7.60378793e+02  8.80860400e-09 
 7.78090290e+02  8.79743764e-09  7.78090290e+02  8.80826751e-09 
 7.96214341e+02  8.79710955e-09  7.96214341e+02  8.80793866e-09 
 8.14760556e+02  8.79678894e-09  8.14760556e+02  8.80761729e-09 
 8.33738767e+02  8.79647562e-09  8.33738767e+02  8.80730321e-09 
 8.53159038e+02  8.79616943e-09  8.53159038e+02  8.80699627e-09 
 8.73031664e+02  8.79587022e-09  8.73031664e+02  8.80669630e-09 
 8.93367184e+02  8.79557782e-09  8.93367184e+02  8.80640313e-09 
 9.14176379e+02  8.79529207e-09  9.14176379e+02  8.80611661e-09 
 9.35470283e+02  8.79501283e-09  9.35470283e+02  8.80583659e-09 
 9.57260185e+02  8.79473994e-09  9.57260185e+02  8.80556291e-09 
 9.79557639e+02  8.79447325e-09  9.79557639e+02  8.80529544e-09 
 1.00237447e+03  8.79421263e-09  1.00237447e+03  8.80503402e-09 
 1.02572277e+03  8.79395794e-09  1.02572277e+03  8.80477851e-09 
 1.04961492e+03  8.79370904e-09  1.04961492e+03  8.80452879e-09 
 1.07406359e+03  8.79346580e-09  1.07406359e+03  8.80428470e-09 
 1.09908175e+03  8.79322808e-09  1.09908175e+03  8.80404614e-09 
 1.12468265e+03  8.79299576e-09  1.12468265e+03  8.80381295e-09 
 1.15087987e+03  8.79276873e-09  1.15087987e+03  8.80358503e-09 
 1.17768731e+03  8.79254684e-09  1.17768731e+03  8.80336224e-09 
 1.20511917e+03  8.79233000e-09  1.20511917e+03  8.80314447e-09 
 1.23319000e+03  8.79211807e-09  1.23319000e+03  8.80293160e-09 
 1.26191469e+03  8.79191096e-09  1.26191469e+03  8.80272352e-09 
 1.29130846e+03  8.79170854e-09  1.29130846e+03  8.80252010e-09 
 1.32138690e+03  8.79151071e-09  1.32138690e+03  8.80232125e-09 
 1.35216595e+03  8.79131737e-09  1.35216595e+03  8.80212686e-09 
 1.38366194e+03  8.79112840e-09  1.38366194e+03  8.80193681e-09 
 1.41589157e+03  8.79094371e-09  1.41589157e+03  8.80175101e-09 
 1.44887192e+03  8.79076321e-09  1.44887192e+03  8.80156936e-09 
 1.48262048e+03  8.79058679e-09  1.48262048e+03  8.80139176e-09 
 1.51715515e+03  8.79041435e-09  1.51715515e+03  8.80121810e-09 
 1.55249423e+03  8.79024582e-09  1.55249423e+03  8.80104830e-09 
 1.58865647e+03  8.79008109e-09  1.58865647e+03  8.80088227e-09 
 1.62566103e+03  8.78992007e-09  1.62566103e+03  8.80071991e-09 
 1.66352754e+03  8.78976269e-09  1.66352754e+03  8.80056113e-09 
 1.70227608e+03  8.78960886e-09  1.70227608e+03  8.80040584e-09 
 1.74192718e+03  8.78945849e-09  1.74192718e+03  8.80025397e-09 
 1.78250188e+03  8.78931150e-09  1.78250188e+03  8.80010543e-09 
 1.82402168e+03  8.78916782e-09  1.82402168e+03  8.79996013e-09 
 1.86650860e+03  8.78902737e-09  1.86650860e+03  8.79981799e-09 
 1.90998517e+03  8.78889006e-09  1.90998517e+03  8.79967894e-09 
 1.95447444e+03  8.78875584e-09  1.95447444e+03  8.79954290e-09 
 2.00000000e+03  8.78862462e-09  2.00000000e+03  8.79940979e-09 
 2.04658598e+03  8.78849633e-09  2.04658598e+03  8.79927954e-09 
 2.09425710e+03  8.78837090e-09  2.09425710e+03  8.79915207e-09 
 2.14303861e+03  8.78824827e-09  2.14303861e+03  8.79902731e-09 
 2.19295639e+03  8.78812838e-09  2.19295639e+03  8.79890519e-09 
 2.24403691e+03  8.78801114e-09  2.24403691e+03  8.79878564e-09 
 2.29630724e+03  8.78789651e-09  2.29630724e+03  8.79866860e-09 
 2.34979511e+03  8.78778441e-09  2.34979511e+03  8.79855399e-09 
 2.40452887e+03  8.78767479e-09  2.40452887e+03  8.79844175e-09 
 2.46053754e+03  8.78756759e-09  2.46053754e+03  8.79833181e-09 
 2.51785082e+03  8.78746274e-09  2.51785082e+03  8.79822411e-09 
 2.57649910e+03  8.78736020e-09  2.57649910e+03  8.79811858e-09 
 2.63651348e+03  8.78725990e-09  2.63651348e+03  8.79801517e-09 
 2.69792577e+03  8.78716178e-09  2.69792577e+03  8.79791381e-09 
 2.76076853e+03  8.78706580e-09  2.76076853e+03  8.79781444e-09 
 2.82507509e+03  8.78697190e-09  2.82507509e+03  8.79771700e-09 
 2.89087954e+03  8.78688003e-09  2.89087954e+03  8.79762142e-09 
 2.95821678e+03  8.78679014e-09  2.95821678e+03  8.79752766e-09 
 3.02712250e+03  8.78670217e-09  3.02712250e+03  8.79743565e-09 
 3.09763324e+03  8.78661607e-09  3.09763324e+03  8.79734533e-09 
 3.16978638e+03  8.78653181e-09  3.16978638e+03  8.79725665e-09 
 3.24362019e+03  8.78644932e-09  3.24362019e+03  8.79716955e-09 
 3.31917381e+03  8.78636856e-09  3.31917381e+03  8.79708397e-09 
 3.39648730e+03  8.78628950e-09  3.39648730e+03  8.79699986e-09 
 3.47560166e+03  8.78621207e-09  3.47560166e+03  8.79691716e-09 
 3.55655882e+03  8.78613624e-09  3.55655882e+03  8.79683581e-09 
 3.63940172e+03  8.78606196e-09  3.63940172e+03  8.79675576e-09 
 3.72417427e+03  8.78598918e-09  3.72417427e+03  8.79667695e-09 
 3.81092144e+03  8.78591788e-09  3.81092144e+03  8.79659932e-09 
 3.89968920e+03  8.78584799e-09  3.89968920e+03  8.79652283e-09 
 3.99052463e+03  8.78577948e-09  3.99052463e+03  8.79644742e-09 
 4.08347589e+03  8.78571232e-09  4.08347589e+03  8.79637302e-09 
 4.17859226e+03  8.78564645e-09  4.17859226e+03  8.79629959e-09 
 4.27592418e+03  8.78558184e-09  4.27592418e+03  8.79622706e-09 
 4.37552325e+03  8.78551845e-09  4.37552325e+03  8.79615539e-09 
 4.47744228e+03  8.78545623e-09  4.47744228e+03  8.79608450e-09 
 4.58173531e+03  8.78539515e-09  4.58173531e+03  8.79601436e-09 
 4.68845763e+03  8.78533517e-09  4.68845763e+03  8.79594489e-09 
 4.79766584e+03  8.78527626e-09  4.79766584e+03  8.79587604e-09 
 4.90941783e+03  8.78521836e-09  4.90941783e+03  8.79580774e-09 
 5.02377286e+03  8.78516145e-09  5.02377286e+03  8.79573995e-09 
 5.14079157e+03  8.78510549e-09  5.14079157e+03  8.79567259e-09 
 5.26053598e+03  8.78505043e-09  5.26053598e+03  8.79560561e-09 
 5.38306961e+03  8.78499624e-09  5.38306961e+03  8.79553895e-09 
 5.50845741e+03  8.78494288e-09  5.50845741e+03  8.79547253e-09 
 5.63676586e+03  8.78489032e-09  5.63676586e+03  8.79540629e-09 
 5.76806301e+03  8.78483851e-09  5.76806301e+03  8.79534017e-09 
 5.90241845e+03  8.78478742e-09  5.90241845e+03  8.79527410e-09 
 6.03990344e+03  8.78473701e-09  6.03990344e+03  8.79520801e-09 
 6.18059087e+03  8.78468724e-09  6.18059087e+03  8.79514182e-09 
 6.32455532e+03  8.78463808e-09  6.32455532e+03  8.79507547e-09 
 6.47187314e+03  8.78458948e-09  6.47187314e+03  8.79500888e-09 
 6.62262243e+03  8.78454140e-09  6.62262243e+03  8.79494197e-09 
 6.77688312e+03  8.78449381e-09  6.77688312e+03  8.79487466e-09 
 6.93473701e+03  8.78444667e-09  6.93473701e+03  8.79480687e-09 
 7.09626778e+03  8.78439993e-09  7.09626778e+03  8.79473853e-09 
 7.26156110e+03  8.78435356e-09  7.26156110e+03  8.79466953e-09 
 7.43070458e+03  8.78430751e-09  7.43070458e+03  8.79459980e-09 
 7.60378793e+03  8.78426174e-09  7.60378793e+03  8.79452923e-09 
 7.78090290e+03  8.78421621e-09  7.78090290e+03  8.79445775e-09 
 7.96214341e+03  8.78417088e-09  7.96214341e+03  8.79438524e-09 
 8.14760556e+03  8.78412571e-09  8.14760556e+03  8.79431161e-09 
 8.33738767e+03  8.78408064e-09  8.33738767e+03  8.79423675e-09 
 8.53159038e+03  8.78403563e-09  8.53159038e+03  8.79416055e-09 
 8.73031664e+03  8.78399064e-09  8.73031664e+03  8.79408291e-09 
 8.93367184e+03  8.78394561e-09  8.93367184e+03  8.79400370e-09 
 9.14176379e+03  8.78390051e-09  9.14176379e+03  8.79392281e-09 
 9.35470283e+03  8.78385527e-09  9.35470283e+03  8.79384010e-09 
 9.57260185e+03  8.78380984e-09  9.57260185e+03  8.79375545e-09 
 9.79557639e+03  8.78376419e-09  9.79557639e+03  8.79366873e-09 
 1.00237447e+04  8.78371824e-09  1.00237447e+04  8.79357978e-09 
 1.02572277e+04  8.78367194e-09  1.02572277e+04  8.79348847e-09 
 1.04961492e+04  8.78362524e-09  1.04961492e+04  8.79339465e-09 
 1.07406359e+04  8.78357808e-09  1.07406359e+04  8.79329815e-09 
 1.09908175e+04  8.78353039e-09  1.09908175e+04  8.79319881e-09 
 1.12468265e+04  8.78348211e-09  1.12468265e+04  8.79309646e-09 
 1.15087987e+04  8.78343318e-09  1.15087987e+04  8.79299092e-09 
 1.17768731e+04  8.78338353e-09  1.17768731e+04  8.79288200e-09 
 1.20511917e+04  8.78333309e-09  1.20511917e+04  8.79276952e-09 
 1.23319000e+04  8.78328179e-09  1.23319000e+04  8.79265326e-09 
 1.26191469e+04  8.78322955e-09  1.26191469e+04  8.79253302e-09 
 1.29130846e+04  8.78317629e-09  1.29130846e+04  8.79240858e-09 
 1.32138690e+04  8.78312194e-09  1.32138690e+04  8.79227971e-09 
 1.35216595e+04  8.78306642e-09  1.35216595e+04  8.79214617e-09 
 1.38366194e+04  8.78300962e-09  1.38366194e+04  8.79200771e-09 
 1.41589157e+04  8.78295148e-09  1.41589157e+04  8.79186407e-09 
 1.44887192e+04  8.78289188e-09  1.44887192e+04  8.79171498e-09 
 1.48262048e+04  8.78283074e-09  1.48262048e+04  8.79156016e-09 
 1.51715515e+04  8.78276796e-09  1.51715515e+04  8.79139931e-09 
 1.55249423e+04  8.78270342e-09  1.55249423e+04  8.79123211e-09 
 1.58865647e+04  8.78263703e-09  1.58865647e+04  8.79105826e-09 
 1.62566103e+04  8.78256866e-09  1.62566103e+04  8.79087742e-09 
 1.66352754e+04  8.78249821e-09  1.66352754e+04  8.79068922e-09 
 1.70227608e+04  8.78242554e-09  1.70227608e+04  8.79049332e-09 
 1.74192718e+04  8.78235052e-09  1.74192718e+04  8.79028931e-09 
 1.78250188e+04  8.78227304e-09  1.78250188e+04  8.79007681e-09 
 1.82402168e+04  8.78219294e-09  1.82402168e+04  8.78985540e-09 
 1.86650860e+04  8.78211008e-09  1.86650860e+04  8.78962463e-09 
 1.90998517e+04  8.78202431e-09  1.90998517e+04  8.78938406e-09 
 1.95447444e+04  8.78193547e-09  1.95447444e+04  8.78913321e-09 
 2.00000000e+04  8.78184340e-09  2.00000000e+04  8.78887159e-09 
