-1.40000000e+01 -1.41900116e+01 -1.40000000e+01  1.39878936e+01 -1.40000000e+01  1.34116633e+01 -1.40000000e+01 -1.48666202e+01 -1.40000000e+01 -1.48666206e+01 
-1.39500000e+01 -1.41900117e+01 -1.39500000e+01  1.39549545e+01 -1.39500000e+01  1.34116630e+01 -1.39500000e+01 -1.48666198e+01 -1.39500000e+01 -1.48666206e+01 
-1.39000000e+01 -1.41900117e+01 -1.39000000e+01  1.39587776e+01 -1.39000000e+01  1.34116630e+01 -1.39000000e+01 -1.48666198e+01 -1.39000000e+01 -1.48666206e+01 
-1.38500000e+01 -1.41900117e+01 -1.38500000e+01  1.39662601e+01 -1.38500000e+01  1.34116630e+01 -1.38500000e+01 -1.48666198e+01 -1.38500000e+01 -1.48666206e+01 
-1.38000000e+01 -1.41900117e+01 -1.38000000e+01  1.39654977e+01 -1.38000000e+01  1.34116630e+01 -1.38000000e+01 -1.48666198e+01 -1.38000000e+01 -1.48666206e+01 
-1.37500000e+01 -1.41900117e+01 -1.37500000e+01  1.39665254e+01 -1.37500000e+01  1.34116630e+01 -1.37500000e+01 -1.48666198e+01 -1.37500000e+01 -1.48666206e+01 
-1.37000000e+01 -1.41900117e+01 -1.37000000e+01  1.39665985e+01 -1.37000000e+01  1.34116630e+01 -1.37000000e+01 -1.48666198e+01 -1.37000000e+01 -1.48666206e+01 
-1.36500000e+01 -1.41900117e+01 -1.36500000e+01  1.39666373e+01 -1.36500000e+01  1.34116630e+01 -1.36500000e+01 -1.48666198e+01 -1.36500000e+01 -1.48666206e+01 
-1.36000000e+01 -1.41900117e+01 -1.36000000e+01  1.39666603e+01 -1.36000000e+01  1.34116630e+01 -1.36000000e+01 -1.48666198e+01 -1.36000000e+01 -1.48666206e+01 
-1.35500000e+01 -1.41900117e+01 -1.35500000e+01  1.39666867e+01 -1.35500000e+01  1.34116630e+01 -1.35500000e+01 -1.48666198e+01 -1.35500000e+01 -1.48666206e+01 
-1.35000000e+01 -1.41900117e+01 -1.35000000e+01  1.39667177e+01 -1.35000000e+01  1.34116630e+01 -1.35000000e+01 -1.48666198e+01 -1.35000000e+01 -1.48666206e+01 
-1.34500000e+01 -1.41900117e+01 -1.34500000e+01  1.39667430e+01 -1.34500000e+01  1.34116630e+01 -1.34500000e+01 -1.48666198e+01 -1.34500000e+01 -1.48666206e+01 
-1.34000000e+01 -1.41900117e+01 -1.34000000e+01  1.39667691e+01 -1.34000000e+01  1.34116630e+01 -1.34000000e+01 -1.48666198e+01 -1.34000000e+01 -1.48666206e+01 
-1.33500000e+01 -1.41900117e+01 -1.33500000e+01  1.39667902e+01 -1.33500000e+01  1.34116630e+01 -1.33500000e+01 -1.48666198e+01 -1.33500000e+01 -1.48666206e+01 
-1.33000000e+01 -1.41900117e+01 -1.33000000e+01  1.39668166e+01 -1.33000000e+01  1.34116630e+01 -1.33000000e+01 -1.48666198e+01 -1.33000000e+01 -1.48666206e+01 
-1.32500000e+01 -1.41900117e+01 -1.32500000e+01  1.39668438e+01 -1.32500000e+01  1.34116630e+01 -1.32500000e+01 -1.48666198e+01 -1.32500000e+01 -1.48666206e+01 
-1.32000000e+01 -1.41900117e+01 -1.32000000e+01  1.39668650e+01 -1.32000000e+01  1.34116630e+01 -1.32000000e+01 -1.48666198e+01 -1.32000000e+01 -1.48666206e+01 
-1.31500000e+01 -1.41900117e+01 -1.31500000e+01  1.39668922e+01 -1.31500000e+01  1.34116630e+01 -1.31500000e+01 -1.48666198e+01 -1.31500000e+01 -1.48666206e+01 
-1.31000000e+01 -1.41900117e+01 -1.31000000e+01  1.39669174e+01 -1.31000000e+01  1.34116630e+01 -1.31000000e+01 -1.48666198e+01 -1.31000000e+01 -1.48666206e+01 
-1.30500000e+01 -1.41900117e+01 -1.30500000e+01  1.39669405e+01 -1.30500000e+01  1.34116630e+01 -1.30500000e+01 -1.48666198e+01 -1.30500000e+01 -1.48666206e+01 
-1.30000000e+01 -1.41900117e+01 -1.30000000e+01  1.39669665e+01 -1.30000000e+01  1.34116630e+01 -1.30000000e+01 -1.48666198e+01 -1.30000000e+01 -1.48666206e+01 
-1.29500000e+01 -1.41900117e+01 -1.29500000e+01  1.39669957e+01 -1.29500000e+01  1.34116630e+01 -1.29500000e+01 -1.48666198e+01 -1.29500000e+01 -1.48666206e+01 
-1.29000000e+01 -1.41900117e+01 -1.29000000e+01  1.39670183e+01 -1.29000000e+01  1.34116630e+01 -1.29000000e+01 -1.48666198e+01 -1.29000000e+01 -1.48666206e+01 
-1.28500000e+01 -1.41900117e+01 -1.28500000e+01  1.39670486e+01 -1.28500000e+01  1.34116630e+01 -1.28500000e+01 -1.48666198e+01 -1.28500000e+01 -1.48666206e+01 
-1.28000000e+01 -1.41900117e+01 -1.28000000e+01  1.39670696e+01 -1.28000000e+01  1.34116630e+01 -1.28000000e+01 -1.48666198e+01 -1.28000000e+01 -1.48666206e+01 
-1.27500000e+01 -1.41900117e+01 -1.27500000e+01  1.39670932e+01 -1.27500000e+01  1.34116630e+01 -1.27500000e+01 -1.48666198e+01 -1.27500000e+01 -1.48666206e+01 
-1.27000000e+01 -1.41900117e+01 -1.27000000e+01  1.39671240e+01 -1.27000000e+01  1.34116630e+01 -1.27000000e+01 -1.48666198e+01 -1.27000000e+01 -1.48666206e+01 
-1.26500000e+01 -1.41900117e+01 -1.26500000e+01  1.39671479e+01 -1.26500000e+01  1.34116630e+01 -1.26500000e+01 -1.48666198e+01 -1.26500000e+01 -1.48666206e+01 
-1.26000000e+01 -1.41900117e+01 -1.26000000e+01  1.39671733e+01 -1.26000000e+01  1.34116630e+01 -1.26000000e+01 -1.48666198e+01 -1.26000000e+01 -1.48666206e+01 
-1.25500000e+01 -1.41900117e+01 -1.25500000e+01  1.39672008e+01 -1.25500000e+01  1.34116630e+01 -1.25500000e+01 -1.48666198e+01 -1.25500000e+01 -1.48666206e+01 
-1.25000000e+01 -1.41900117e+01 -1.25000000e+01  1.39672272e+01 -1.25000000e+01  1.34116630e+01 -1.25000000e+01 -1.48666198e+01 -1.25000000e+01 -1.48666206e+01 
-1.24500000e+01 -1.41900117e+01 -1.24500000e+01  1.39672495e+01 -1.24500000e+01  1.34116630e+01 -1.24500000e+01 -1.48666198e+01 -1.24500000e+01 -1.48666206e+01 
-1.24000000e+01 -1.41900117e+01 -1.24000000e+01  1.39672782e+01 -1.24000000e+01  1.34116630e+01 -1.24000000e+01 -1.48666198e+01 -1.24000000e+01 -1.48666206e+01 
-1.23500000e+01 -1.41900117e+01 -1.23500000e+01  1.39673046e+01 -1.23500000e+01  1.34116630e+01 -1.23500000e+01 -1.48666198e+01 -1.23500000e+01 -1.48666206e+01 
-1.23000000e+01 -1.41900117e+01 -1.23000000e+01  1.39673302e+01 -1.23000000e+01  1.34116630e+01 -1.23000000e+01 -1.48666198e+01 -1.23000000e+01 -1.48666206e+01 
-1.22500000e+01 -1.41900117e+01 -1.22500000e+01  1.39673573e+01 -1.22500000e+01  1.34116630e+01 -1.22500000e+01 -1.48666198e+01 -1.22500000e+01 -1.48666206e+01 
-1.22000000e+01 -1.41900117e+01 -1.22000000e+01  1.39673799e+01 -1.22000000e+01  1.34116630e+01 -1.22000000e+01 -1.48666198e+01 -1.22000000e+01 -1.48666206e+01 
-1.21500000e+01 -1.41900117e+01 -1.21500000e+01  1.39674088e+01 -1.21500000e+01  1.34116630e+01 -1.21500000e+01 -1.48666198e+01 -1.21500000e+01 -1.48666206e+01 
-1.21000000e+01 -1.41900117e+01 -1.21000000e+01  1.39674357e+01 -1.21000000e+01  1.34116630e+01 -1.21000000e+01 -1.48666198e+01 -1.21000000e+01 -1.48666206e+01 
-1.20500000e+01 -1.41900117e+01 -1.20500000e+01  1.39674564e+01 -1.20500000e+01  1.34116630e+01 -1.20500000e+01 -1.48666198e+01 -1.20500000e+01 -1.48666206e+01 
-1.20000000e+01 -1.41900117e+01 -1.20000000e+01  1.39674824e+01 -1.20000000e+01  1.34116630e+01 -1.20000000e+01 -1.48666198e+01 -1.20000000e+01 -1.48666206e+01 
-1.19500000e+01 -1.41900117e+01 -1.19500000e+01  1.39675113e+01 -1.19500000e+01  1.34116630e+01 -1.19500000e+01 -1.48666198e+01 -1.19500000e+01 -1.48666206e+01 
-1.19000000e+01 -1.41900117e+01 -1.19000000e+01  1.39675354e+01 -1.19000000e+01  1.34116630e+01 -1.19000000e+01 -1.48666198e+01 -1.19000000e+01 -1.48666206e+01 
-1.18500000e+01 -1.41900117e+01 -1.18500000e+01  1.39675645e+01 -1.18500000e+01  1.34116630e+01 -1.18500000e+01 -1.48666198e+01 -1.18500000e+01 -1.48666206e+01 
-1.18000000e+01 -1.41900117e+01 -1.18000000e+01  1.39675895e+01 -1.18000000e+01  1.34116630e+01 -1.18000000e+01 -1.48666198e+01 -1.18000000e+01 -1.48666206e+01 
-1.17500000e+01 -1.41900117e+01 -1.17500000e+01  1.39676160e+01 -1.17500000e+01  1.34116630e+01 -1.17500000e+01 -1.48666198e+01 -1.17500000e+01 -1.48666206e+01 
-1.17000000e+01 -1.41900117e+01 -1.17000000e+01  1.39676396e+01 -1.17000000e+01  1.34116630e+01 -1.17000000e+01 -1.48666198e+01 -1.17000000e+01 -1.48666206e+01 
-1.16500000e+01 -1.41900117e+01 -1.16500000e+01  1.39676628e+01 -1.16500000e+01  1.34116630e+01 -1.16500000e+01 -1.48666198e+01 -1.16500000e+01 -1.48666206e+01 
-1.16000000e+01 -1.41900117e+01 -1.16000000e+01  1.39676935e+01 -1.16000000e+01  1.34116630e+01 -1.16000000e+01 -1.48666198e+01 -1.16000000e+01 -1.48666206e+01 
-1.15500000e+01 -1.41900117e+01 -1.15500000e+01  1.39677220e+01 -1.15500000e+01  1.34116630e+01 -1.15500000e+01 -1.48666198e+01 -1.15500000e+01 -1.48666206e+01 
-1.15000000e+01 -1.41900117e+01 -1.15000000e+01  1.39677459e+01 -1.15000000e+01  1.34116630e+01 -1.15000000e+01 -1.48666198e+01 -1.15000000e+01 -1.48666206e+01 
-1.14500000e+01 -1.41900117e+01 -1.14500000e+01  1.39677747e+01 -1.14500000e+01  1.34116630e+01 -1.14500000e+01 -1.48666198e+01 -1.14500000e+01 -1.48666206e+01 
-1.14000000e+01 -1.41900117e+01 -1.14000000e+01  1.39677976e+01 -1.14000000e+01  1.34116630e+01 -1.14000000e+01 -1.48666198e+01 -1.14000000e+01 -1.48666206e+01 
-1.13500000e+01 -1.41900117e+01 -1.13500000e+01  1.39678259e+01 -1.13500000e+01  1.34116630e+01 -1.13500000e+01 -1.48666198e+01 -1.13500000e+01 -1.48666206e+01 
-1.13000000e+01 -1.41900117e+01 -1.13000000e+01  1.39678536e+01 -1.13000000e+01  1.34116630e+01 -1.13000000e+01 -1.48666198e+01 -1.13000000e+01 -1.48666206e+01 
-1.12500000e+01 -1.41900117e+01 -1.12500000e+01  1.39678785e+01 -1.12500000e+01  1.34116630e+01 -1.12500000e+01 -1.48666198e+01 -1.12500000e+01 -1.48666206e+01 
-1.12000000e+01 -1.41900117e+01 -1.12000000e+01  1.39679023e+01 -1.12000000e+01  1.34116630e+01 -1.12000000e+01 -1.48666198e+01 -1.12000000e+01 -1.48666206e+01 
-1.11500000e+01 -1.41900117e+01 -1.11500000e+01  1.39679283e+01 -1.11500000e+01  1.34116630e+01 -1.11500000e+01 -1.48666198e+01 -1.11500000e+01 -1.48666206e+01 
-1.11000000e+01 -1.41900117e+01 -1.11000000e+01  1.39679613e+01 -1.11000000e+01  1.34116630e+01 -1.11000000e+01 -1.48666198e+01 -1.11000000e+01 -1.48666206e+01 
-1.10500000e+01 -1.41900117e+01 -1.10500000e+01  1.39679855e+01 -1.10500000e+01  1.34116630e+01 -1.10500000e+01 -1.48666198e+01 -1.10500000e+01 -1.48666206e+01 
-1.10000000e+01 -1.41900117e+01 -1.10000000e+01  1.39680151e+01 -1.10000000e+01  1.34116630e+01 -1.10000000e+01 -1.48666198e+01 -1.10000000e+01 -1.48666206e+01 
-1.09500000e+01 -1.41900117e+01 -1.09500000e+01  1.39680380e+01 -1.09500000e+01  1.34116630e+01 -1.09500000e+01 -1.48666198e+01 -1.09500000e+01 -1.48666206e+01 
-1.09000000e+01 -1.41900117e+01 -1.09000000e+01  1.39680639e+01 -1.09000000e+01  1.34116630e+01 -1.09000000e+01 -1.48666198e+01 -1.09000000e+01 -1.48666206e+01 
-1.08500000e+01 -1.41900117e+01 -1.08500000e+01  1.39680902e+01 -1.08500000e+01  1.34116630e+01 -1.08500000e+01 -1.48666198e+01 -1.08500000e+01 -1.48666206e+01 
-1.08000000e+01 -1.41900117e+01 -1.08000000e+01  1.39681129e+01 -1.08000000e+01  1.34116630e+01 -1.08000000e+01 -1.48666198e+01 -1.08000000e+01 -1.48666206e+01 
-1.07500000e+01 -1.41900117e+01 -1.07500000e+01  1.39681447e+01 -1.07500000e+01  1.34116630e+01 -1.07500000e+01 -1.48666198e+01 -1.07500000e+01 -1.48666206e+01 
-1.07000000e+01 -1.41900117e+01 -1.07000000e+01  1.39681725e+01 -1.07000000e+01  1.34116630e+01 -1.07000000e+01 -1.48666198e+01 -1.07000000e+01 -1.48666206e+01 
-1.06500000e+01 -1.41900117e+01 -1.06500000e+01  1.39681977e+01 -1.06500000e+01  1.34116630e+01 -1.06500000e+01 -1.48666198e+01 -1.06500000e+01 -1.48666206e+01 
-1.06000000e+01 -1.41900117e+01 -1.06000000e+01  1.39682266e+01 -1.06000000e+01  1.34116630e+01 -1.06000000e+01 -1.48666198e+01 -1.06000000e+01 -1.48666206e+01 
-1.05500000e+01 -1.41900117e+01 -1.05500000e+01  1.39682503e+01 -1.05500000e+01  1.34116630e+01 -1.05500000e+01 -1.48666198e+01 -1.05500000e+01 -1.48666206e+01 
-1.05000000e+01 -1.41900117e+01 -1.05000000e+01  1.39682788e+01 -1.05000000e+01  1.34116630e+01 -1.05000000e+01 -1.48666198e+01 -1.05000000e+01 -1.48666206e+01 
-1.04500000e+01 -1.41900117e+01 -1.04500000e+01  1.39683036e+01 -1.04500000e+01  1.34116630e+01 -1.04500000e+01 -1.48666198e+01 -1.04500000e+01 -1.48666206e+01 
-1.04000000e+01 -1.41900117e+01 -1.04000000e+01  1.39683313e+01 -1.04000000e+01  1.34116630e+01 -1.04000000e+01 -1.48666198e+01 -1.04000000e+01 -1.48666206e+01 
-1.03500000e+01 -1.41900117e+01 -1.03500000e+01  1.39683560e+01 -1.03500000e+01  1.34116630e+01 -1.03500000e+01 -1.48666198e+01 -1.03500000e+01 -1.48666206e+01 
-1.03000000e+01 -1.41900117e+01 -1.03000000e+01  1.39683849e+01 -1.03000000e+01  1.34116630e+01 -1.03000000e+01 -1.48666198e+01 -1.03000000e+01 -1.48666206e+01 
-1.02500000e+01 -1.41900117e+01 -1.02500000e+01  1.39684135e+01 -1.02500000e+01  1.34116630e+01 -1.02500000e+01 -1.48666198e+01 -1.02500000e+01 -1.48666206e+01 
-1.02000000e+01 -1.41900117e+01 -1.02000000e+01  1.39684455e+01 -1.02000000e+01  1.34116630e+01 -1.02000000e+01 -1.48666198e+01 -1.02000000e+01 -1.48666206e+01 
-1.01500000e+01 -1.41900117e+01 -1.01500000e+01  1.39684707e+01 -1.01500000e+01  1.34116630e+01 -1.01500000e+01 -1.48666198e+01 -1.01500000e+01 -1.48666206e+01 
-1.01000000e+01 -1.41900117e+01 -1.01000000e+01  1.39684938e+01 -1.01000000e+01  1.34116630e+01 -1.01000000e+01 -1.48666198e+01 -1.01000000e+01 -1.48666206e+01 
-1.00500000e+01 -1.41900117e+01 -1.00500000e+01  1.39685240e+01 -1.00500000e+01  1.34116630e+01 -1.00500000e+01 -1.48666198e+01 -1.00500000e+01 -1.48666206e+01 
-1.00000000e+01 -1.41900117e+01 -1.00000000e+01  1.39685491e+01 -1.00000000e+01  1.34116630e+01 -1.00000000e+01 -1.48666198e+01 -1.00000000e+01 -1.48666206e+01 
-9.95000000e+00 -1.41900117e+01 -9.95000000e+00  1.39685774e+01 -9.95000000e+00  1.34116630e+01 -9.95000000e+00 -1.48666198e+01 -9.95000000e+00 -1.48666206e+01 
-9.90000000e+00 -1.41900117e+01 -9.90000000e+00  1.39686029e+01 -9.90000000e+00  1.34116630e+01 -9.90000000e+00 -1.48666198e+01 -9.90000000e+00 -1.48666206e+01 
-9.85000000e+00 -1.41900117e+01 -9.85000000e+00  1.39686304e+01 -9.85000000e+00  1.34116630e+01 -9.85000000e+00 -1.48666198e+01 -9.85000000e+00 -1.48666206e+01 
-9.80000000e+00 -1.41900117e+01 -9.80000000e+00  1.39686605e+01 -9.80000000e+00  1.34116630e+01 -9.80000000e+00 -1.48666198e+01 -9.80000000e+00 -1.48666206e+01 
-9.75000000e+00 -1.41900117e+01 -9.75000000e+00  1.39686860e+01 -9.75000000e+00  1.34116630e+01 -9.75000000e+00 -1.48666198e+01 -9.75000000e+00 -1.48666206e+01 
-9.70000000e+00 -1.41900117e+01 -9.70000000e+00  1.39687106e+01 -9.70000000e+00  1.34116630e+01 -9.70000000e+00 -1.48666198e+01 -9.70000000e+00 -1.48666206e+01 
-9.65000000e+00 -1.41900117e+01 -9.65000000e+00  1.39687440e+01 -9.65000000e+00  1.34116630e+01 -9.65000000e+00 -1.48666198e+01 -9.65000000e+00 -1.48666206e+01 
-9.60000000e+00 -1.41900117e+01 -9.60000000e+00  1.39687684e+01 -9.60000000e+00  1.34116630e+01 -9.60000000e+00 -1.48666198e+01 -9.60000000e+00 -1.48666206e+01 
-9.55000000e+00 -1.41900117e+01 -9.55000000e+00  1.39687940e+01 -9.55000000e+00  1.34116630e+01 -9.55000000e+00 -1.48666198e+01 -9.55000000e+00 -1.48666206e+01 
-9.50000000e+00 -1.41900117e+01 -9.50000000e+00  1.39688216e+01 -9.50000000e+00  1.34116630e+01 -9.50000000e+00 -1.48666198e+01 -9.50000000e+00 -1.48666206e+01 
-9.45000000e+00 -1.41900117e+01 -9.45000000e+00  1.39688487e+01 -9.45000000e+00  1.34116630e+01 -9.45000000e+00 -1.48666198e+01 -9.45000000e+00 -1.48666206e+01 
-9.40000000e+00 -1.41900117e+01 -9.40000000e+00  1.39688783e+01 -9.40000000e+00  1.34116630e+01 -9.40000000e+00 -1.48666198e+01 -9.40000000e+00 -1.48666206e+01 
-9.35000000e+00 -1.41900117e+01 -9.35000000e+00  1.39689052e+01 -9.35000000e+00  1.34116630e+01 -9.35000000e+00 -1.48666198e+01 -9.35000000e+00 -1.48666206e+01 
-9.30000000e+00 -1.41900117e+01 -9.30000000e+00  1.39689320e+01 -9.30000000e+00  1.34116630e+01 -9.30000000e+00 -1.48666198e+01 -9.30000000e+00 -1.48666206e+01 
-9.25000000e+00 -1.41900117e+01 -9.25000000e+00  1.39689582e+01 -9.25000000e+00  1.34116630e+01 -9.25000000e+00 -1.48666198e+01 -9.25000000e+00 -1.48666206e+01 
-9.20000000e+00 -1.41900117e+01 -9.20000000e+00  1.39689849e+01 -9.20000000e+00  1.34116630e+01 -9.20000000e+00 -1.48666198e+01 -9.20000000e+00 -1.48666206e+01 
-9.15000000e+00 -1.41900117e+01 -9.15000000e+00  1.39690104e+01 -9.15000000e+00  1.34116630e+01 -9.15000000e+00 -1.48666198e+01 -9.15000000e+00 -1.48666206e+01 
-9.10000000e+00 -1.41900117e+01 -9.10000000e+00  1.39690427e+01 -9.10000000e+00  1.34116630e+01 -9.10000000e+00 -1.48666198e+01 -9.10000000e+00 -1.48666206e+01 
-9.05000000e+00 -1.41900117e+01 -9.05000000e+00  1.39690679e+01 -9.05000000e+00  1.34116630e+01 -9.05000000e+00 -1.48666198e+01 -9.05000000e+00 -1.48666206e+01 
-9.00000000e+00 -1.41900117e+01 -9.00000000e+00  1.39690977e+01 -9.00000000e+00  1.34116630e+01 -9.00000000e+00 -1.48666198e+01 -9.00000000e+00 -1.48666206e+01 
-8.95000000e+00 -1.41900117e+01 -8.95000000e+00  1.39691225e+01 -8.95000000e+00  1.34116630e+01 -8.95000000e+00 -1.48666198e+01 -8.95000000e+00 -1.48666206e+01 
-8.90000000e+00 -1.41900117e+01 -8.90000000e+00  1.39691501e+01 -8.90000000e+00  1.34116630e+01 -8.90000000e+00 -1.48666198e+01 -8.90000000e+00 -1.48666206e+01 
-8.85000000e+00 -1.41900117e+01 -8.85000000e+00  1.39691786e+01 -8.85000000e+00  1.34116630e+01 -8.85000000e+00 -1.48666198e+01 -8.85000000e+00 -1.48666206e+01 
-8.80000000e+00 -1.41900117e+01 -8.80000000e+00  1.39692087e+01 -8.80000000e+00  1.34116630e+01 -8.80000000e+00 -1.48666198e+01 -8.80000000e+00 -1.48666206e+01 
-8.75000000e+00 -1.41900117e+01 -8.75000000e+00  1.39692385e+01 -8.75000000e+00  1.34116630e+01 -8.75000000e+00 -1.48666198e+01 -8.75000000e+00 -1.48666206e+01 
-8.70000000e+00 -1.41900117e+01 -8.70000000e+00  1.39692634e+01 -8.70000000e+00  1.34116630e+01 -8.70000000e+00 -1.48666198e+01 -8.70000000e+00 -1.48666206e+01 
-8.65000000e+00 -1.41900117e+01 -8.65000000e+00  1.39692930e+01 -8.65000000e+00  1.34116630e+01 -8.65000000e+00 -1.48666198e+01 -8.65000000e+00 -1.48666206e+01 
-8.60000000e+00 -1.41900117e+01 -8.60000000e+00  1.39693146e+01 -8.60000000e+00  1.34116630e+01 -8.60000000e+00 -1.48666198e+01 -8.60000000e+00 -1.48666206e+01 
-8.55000000e+00 -1.41900117e+01 -8.55000000e+00  1.39693480e+01 -8.55000000e+00  1.34116630e+01 -8.55000000e+00 -1.48666198e+01 -8.55000000e+00 -1.48666206e+01 
-8.50000000e+00 -1.41900117e+01 -8.50000000e+00  1.39693766e+01 -8.50000000e+00  1.34116630e+01 -8.50000000e+00 -1.48666198e+01 -8.50000000e+00 -1.48666206e+01 
-8.45000000e+00 -1.41900117e+01 -8.45000000e+00  1.39694050e+01 -8.45000000e+00  1.34116630e+01 -8.45000000e+00 -1.48666198e+01 -8.45000000e+00 -1.48666206e+01 
-8.40000000e+00 -1.41900117e+01 -8.40000000e+00  1.39694314e+01 -8.40000000e+00  1.34116630e+01 -8.40000000e+00 -1.48666198e+01 -8.40000000e+00 -1.48666206e+01 
-8.35000000e+00 -1.41900117e+01 -8.35000000e+00  1.39694620e+01 -8.35000000e+00  1.34116630e+01 -8.35000000e+00 -1.48666198e+01 -8.35000000e+00 -1.48666206e+01 
-8.30000000e+00 -1.41900117e+01 -8.30000000e+00  1.39694902e+01 -8.30000000e+00  1.34116630e+01 -8.30000000e+00 -1.48666198e+01 -8.30000000e+00 -1.48666206e+01 
-8.25000000e+00 -1.41900117e+01 -8.25000000e+00  1.39695191e+01 -8.25000000e+00  1.34116630e+01 -8.25000000e+00 -1.48666198e+01 -8.25000000e+00 -1.48666206e+01 
-8.20000000e+00 -1.41900117e+01 -8.20000000e+00  1.39695460e+01 -8.20000000e+00  1.34116630e+01 -8.20000000e+00 -1.48666198e+01 -8.20000000e+00 -1.48666206e+01 
-8.15000000e+00 -1.41900117e+01 -8.15000000e+00  1.39695708e+01 -8.15000000e+00  1.34116630e+01 -8.15000000e+00 -1.48666198e+01 -8.15000000e+00 -1.48666206e+01 
-8.10000000e+00 -1.41900117e+01 -8.10000000e+00  1.39695987e+01 -8.10000000e+00  1.34116630e+01 -8.10000000e+00 -1.48666198e+01 -8.10000000e+00 -1.48666206e+01 
-8.05000000e+00 -1.41900117e+01 -8.05000000e+00  1.39696239e+01 -8.05000000e+00  1.34116630e+01 -8.05000000e+00 -1.48666198e+01 -8.05000000e+00 -1.48666206e+01 
-8.00000000e+00 -1.41900117e+01 -8.00000000e+00  1.39696594e+01 -8.00000000e+00  1.34116630e+01 -8.00000000e+00 -1.48666198e+01 -8.00000000e+00 -1.48666206e+01 
-7.95000000e+00 -1.41900117e+01 -7.95000000e+00  1.39696822e+01 -7.95000000e+00  1.34116630e+01 -7.95000000e+00 -1.48666198e+01 -7.95000000e+00 -1.48666206e+01 
-7.90000000e+00 -1.41900117e+01 -7.90000000e+00  1.39697096e+01 -7.90000000e+00  1.34116630e+01 -7.90000000e+00 -1.48666198e+01 -7.90000000e+00 -1.48666206e+01 
-7.85000000e+00 -1.41900117e+01 -7.85000000e+00  1.39697369e+01 -7.85000000e+00  1.34116630e+01 -7.85000000e+00 -1.48666198e+01 -7.85000000e+00 -1.48666206e+01 
-7.80000000e+00 -1.41900117e+01 -7.80000000e+00  1.39697692e+01 -7.80000000e+00  1.34116630e+01 -7.80000000e+00 -1.48666198e+01 -7.80000000e+00 -1.48666206e+01 
-7.75000000e+00 -1.41900117e+01 -7.75000000e+00  1.39698024e+01 -7.75000000e+00  1.34116630e+01 -7.75000000e+00 -1.48666198e+01 -7.75000000e+00 -1.48666206e+01 
-7.70000000e+00 -1.41900117e+01 -7.70000000e+00  1.39698258e+01 -7.70000000e+00  1.34116630e+01 -7.70000000e+00 -1.48666198e+01 -7.70000000e+00 -1.48666206e+01 
-7.65000000e+00 -1.41900117e+01 -7.65000000e+00  1.39698532e+01 -7.65000000e+00  1.34116630e+01 -7.65000000e+00 -1.48666198e+01 -7.65000000e+00 -1.48666206e+01 
-7.60000000e+00 -1.41900117e+01 -7.60000000e+00  1.39698852e+01 -7.60000000e+00  1.34116630e+01 -7.60000000e+00 -1.48666198e+01 -7.60000000e+00 -1.48666206e+01 
-7.55000000e+00 -1.41900117e+01 -7.55000000e+00  1.39699132e+01 -7.55000000e+00  1.34116630e+01 -7.55000000e+00 -1.48666198e+01 -7.55000000e+00 -1.48666206e+01 
-7.50000000e+00 -1.41900117e+01 -7.50000000e+00  1.39699413e+01 -7.50000000e+00  1.34116630e+01 -7.50000000e+00 -1.48666198e+01 -7.50000000e+00 -1.48666206e+01 
-7.45000000e+00 -1.41900117e+01 -7.45000000e+00  1.39699699e+01 -7.45000000e+00  1.34116630e+01 -7.45000000e+00 -1.48666198e+01 -7.45000000e+00 -1.48666206e+01 
-7.40000000e+00 -1.41900117e+01 -7.40000000e+00  1.39700024e+01 -7.40000000e+00  1.34116630e+01 -7.40000000e+00 -1.48666198e+01 -7.40000000e+00 -1.48666206e+01 
-7.35000000e+00 -1.41900117e+01 -7.35000000e+00  1.39700276e+01 -7.35000000e+00  1.34116630e+01 -7.35000000e+00 -1.48666198e+01 -7.35000000e+00 -1.48666206e+01 
-7.30000000e+00 -1.41900117e+01 -7.30000000e+00  1.39700540e+01 -7.30000000e+00  1.34116630e+01 -7.30000000e+00 -1.48666198e+01 -7.30000000e+00 -1.48666206e+01 
-7.25000000e+00 -1.41900117e+01 -7.25000000e+00  1.39700837e+01 -7.25000000e+00  1.34116630e+01 -7.25000000e+00 -1.48666198e+01 -7.25000000e+00 -1.48666206e+01 
-7.20000000e+00 -1.41900117e+01 -7.20000000e+00  1.39701100e+01 -7.20000000e+00  1.34116630e+01 -7.20000000e+00 -1.48666198e+01 -7.20000000e+00 -1.48666206e+01 
-7.15000000e+00 -1.41900117e+01 -7.15000000e+00  1.39701409e+01 -7.15000000e+00  1.34116630e+01 -7.15000000e+00 -1.48666198e+01 -7.15000000e+00 -1.48666206e+01 
-7.10000000e+00 -1.41900117e+01 -7.10000000e+00  1.39701683e+01 -7.10000000e+00  1.34116630e+01 -7.10000000e+00 -1.48666198e+01 -7.10000000e+00 -1.48666206e+01 
-7.05000000e+00 -1.41900117e+01 -7.05000000e+00  1.39702003e+01 -7.05000000e+00  1.34116630e+01 -7.05000000e+00 -1.48666198e+01 -7.05000000e+00 -1.48666206e+01 
-7.00000000e+00 -1.41900117e+01 -7.00000000e+00  1.39702266e+01 -7.00000000e+00  1.34116630e+01 -7.00000000e+00 -1.48666198e+01 -7.00000000e+00 -1.48666206e+01 
-6.95000000e+00 -1.41900117e+01 -6.95000000e+00  1.39702566e+01 -6.95000000e+00  1.34116630e+01 -6.95000000e+00 -1.48666198e+01 -6.95000000e+00 -1.48666206e+01 
-6.90000000e+00 -1.41900117e+01 -6.90000000e+00  1.39702876e+01 -6.90000000e+00  1.34116630e+01 -6.90000000e+00 -1.48666198e+01 -6.90000000e+00 -1.48666206e+01 
-6.85000000e+00 -1.41900117e+01 -6.85000000e+00  1.39703173e+01 -6.85000000e+00  1.34116630e+01 -6.85000000e+00 -1.48666198e+01 -6.85000000e+00 -1.48666206e+01 
-6.80000000e+00 -1.41900117e+01 -6.80000000e+00  1.39703434e+01 -6.80000000e+00  1.34116630e+01 -6.80000000e+00 -1.48666198e+01 -6.80000000e+00 -1.48666206e+01 
-6.75000000e+00 -1.41900117e+01 -6.75000000e+00  1.39703702e+01 -6.75000000e+00  1.34116630e+01 -6.75000000e+00 -1.48666198e+01 -6.75000000e+00 -1.48666206e+01 
-6.70000000e+00 -1.41900117e+01 -6.70000000e+00  1.39704037e+01 -6.70000000e+00  1.34116630e+01 -6.70000000e+00 -1.48666198e+01 -6.70000000e+00 -1.48666206e+01 
-6.65000000e+00 -1.41900117e+01 -6.65000000e+00  1.39704310e+01 -6.65000000e+00  1.34116630e+01 -6.65000000e+00 -1.48666198e+01 -6.65000000e+00 -1.48666206e+01 
-6.60000000e+00 -1.41900117e+01 -6.60000000e+00  1.39704610e+01 -6.60000000e+00  1.34116630e+01 -6.60000000e+00 -1.48666198e+01 -6.60000000e+00 -1.48666206e+01 
-6.55000000e+00 -1.41900117e+01 -6.55000000e+00  1.39704889e+01 -6.55000000e+00  1.34116630e+01 -6.55000000e+00 -1.48666198e+01 -6.55000000e+00 -1.48666206e+01 
-6.50000000e+00 -1.41900117e+01 -6.50000000e+00  1.39705181e+01 -6.50000000e+00  1.34116630e+01 -6.50000000e+00 -1.48666198e+01 -6.50000000e+00 -1.48666206e+01 
-6.45000000e+00 -1.41900117e+01 -6.45000000e+00  1.39705503e+01 -6.45000000e+00  1.34116630e+01 -6.45000000e+00 -1.48666198e+01 -6.45000000e+00 -1.48666206e+01 
-6.40000000e+00 -1.41900117e+01 -6.40000000e+00  1.39705794e+01 -6.40000000e+00  1.34116630e+01 -6.40000000e+00 -1.48666198e+01 -6.40000000e+00 -1.48666206e+01 
-6.35000000e+00 -1.41900117e+01 -6.35000000e+00  1.39706093e+01 -6.35000000e+00  1.34116630e+01 -6.35000000e+00 -1.48666198e+01 -6.35000000e+00 -1.48666206e+01 
-6.30000000e+00 -1.41900117e+01 -6.30000000e+00  1.39706366e+01 -6.30000000e+00  1.34116630e+01 -6.30000000e+00 -1.48666198e+01 -6.30000000e+00 -1.48666206e+01 
-6.25000000e+00 -1.41900117e+01 -6.25000000e+00  1.39706683e+01 -6.25000000e+00  1.34116630e+01 -6.25000000e+00 -1.48666198e+01 -6.25000000e+00 -1.48666206e+01 
-6.20000000e+00 -1.41900117e+01 -6.20000000e+00  1.39706954e+01 -6.20000000e+00  1.34116630e+01 -6.20000000e+00 -1.48666198e+01 -6.20000000e+00 -1.48666206e+01 
-6.15000000e+00 -1.41900117e+01 -6.15000000e+00  1.39707228e+01 -6.15000000e+00  1.34116630e+01 -6.15000000e+00 -1.48666198e+01 -6.15000000e+00 -1.48666206e+01 
-6.10000000e+00 -1.41900117e+01 -6.10000000e+00  1.39707484e+01 -6.10000000e+00  1.34116630e+01 -6.10000000e+00 -1.48666198e+01 -6.10000000e+00 -1.48666206e+01 
-6.05000000e+00 -1.41900117e+01 -6.05000000e+00  1.39707832e+01 -6.05000000e+00  1.34116630e+01 -6.05000000e+00 -1.48666198e+01 -6.05000000e+00 -1.48666206e+01 
-6.00000000e+00 -1.41900117e+01 -6.00000000e+00  1.39708159e+01 -6.00000000e+00  1.34116630e+01 -6.00000000e+00 -1.48666198e+01 -6.00000000e+00 -1.48666206e+01 
-5.95000000e+00 -1.41900117e+01 -5.95000000e+00  1.39708434e+01 -5.95000000e+00  1.34116630e+01 -5.95000000e+00 -1.48666198e+01 -5.95000000e+00 -1.48666206e+01 
-5.90000000e+00 -1.41900117e+01 -5.90000000e+00  1.39708694e+01 -5.90000000e+00  1.34116630e+01 -5.90000000e+00 -1.48666198e+01 -5.90000000e+00 -1.48666206e+01 
-5.85000000e+00 -1.41900117e+01 -5.85000000e+00  1.39708990e+01 -5.85000000e+00  1.34116630e+01 -5.85000000e+00 -1.48666198e+01 -5.85000000e+00 -1.48666206e+01 
-5.80000000e+00 -1.41900117e+01 -5.80000000e+00  1.39709354e+01 -5.80000000e+00  1.34116630e+01 -5.80000000e+00 -1.48666198e+01 -5.80000000e+00 -1.48666206e+01 
-5.75000000e+00 -1.41900117e+01 -5.75000000e+00  1.39709623e+01 -5.75000000e+00  1.34116630e+01 -5.75000000e+00 -1.48666198e+01 -5.75000000e+00 -1.48666206e+01 
-5.70000000e+00 -1.41900117e+01 -5.70000000e+00  1.39709905e+01 -5.70000000e+00  1.34116630e+01 -5.70000000e+00 -1.48666198e+01 -5.70000000e+00 -1.48666206e+01 
-5.65000000e+00 -1.41900117e+01 -5.65000000e+00  1.39710205e+01 -5.65000000e+00  1.34116630e+01 -5.65000000e+00 -1.48666198e+01 -5.65000000e+00 -1.48666206e+01 
-5.60000000e+00 -1.41900117e+01 -5.60000000e+00  1.39710489e+01 -5.60000000e+00  1.34116630e+01 -5.60000000e+00 -1.48666198e+01 -5.60000000e+00 -1.48666206e+01 
-5.55000000e+00 -1.41900117e+01 -5.55000000e+00  1.39710740e+01 -5.55000000e+00  1.34116630e+01 -5.55000000e+00 -1.48666198e+01 -5.55000000e+00 -1.48666206e+01 
-5.50000000e+00 -1.41900117e+01 -5.50000000e+00  1.39711138e+01 -5.50000000e+00  1.34116630e+01 -5.50000000e+00 -1.48666198e+01 -5.50000000e+00 -1.48666206e+01 
-5.45000000e+00 -1.41900117e+01 -5.45000000e+00  1.39711417e+01 -5.45000000e+00  1.34116630e+01 -5.45000000e+00 -1.48666198e+01 -5.45000000e+00 -1.48666206e+01 
-5.40000000e+00 -1.41900117e+01 -5.40000000e+00  1.39711700e+01 -5.40000000e+00  1.34116630e+01 -5.40000000e+00 -1.48666198e+01 -5.40000000e+00 -1.48666206e+01 
-5.35000000e+00 -1.41900117e+01 -5.35000000e+00  1.37708816e+01 -5.35000000e+00  1.34116392e+01 -5.35000000e+00 -1.48666198e+01 -5.35000000e+00 -1.48666206e+01 
-5.30000000e+00 -1.41900117e+01 -5.30000000e+00  1.36517656e+01 -5.30000000e+00  1.34096651e+01 -5.30000000e+00 -1.48666198e+01 -5.30000000e+00 -1.48666206e+01 
-5.25000000e+00 -1.41900117e+01 -5.25000000e+00  1.36132070e+01 -5.25000000e+00  1.34051648e+01 -5.25000000e+00 -1.48666198e+01 -5.25000000e+00 -1.48666206e+01 
-5.20000000e+00 -1.41900117e+01 -5.20000000e+00  1.35854645e+01 -5.20000000e+00  1.33987462e+01 -5.20000000e+00 -1.48666198e+01 -5.20000000e+00 -1.48666206e+01 
-5.15000000e+00 -1.41900117e+01 -5.15000000e+00  1.35638448e+01 -5.15000000e+00  1.33907717e+01 -5.15000000e+00 -1.48666197e+01 -5.15000000e+00 -1.48666206e+01 
-5.10000000e+00 -1.41900116e+01 -5.10000000e+00  1.35406447e+01 -5.10000000e+00  1.33814991e+01 -5.10000000e+00 -1.48666197e+01 -5.10000000e+00 -1.48666205e+01 
-5.05000000e+00 -1.41900116e+01 -5.05000000e+00  1.35155655e+01 -5.05000000e+00  1.33711076e+01 -5.05000000e+00 -1.48666196e+01 -5.05000000e+00 -1.48666205e+01 
-5.00000000e+00 -1.41900116e+01 -5.00000000e+00  1.34901418e+01 -5.00000000e+00  1.33597317e+01 -5.00000000e+00 -1.48666194e+01 -5.00000000e+00 -1.48666205e+01 
-4.95000000e+00 -1.41900116e+01 -4.95000000e+00  1.34642901e+01 -4.95000000e+00  1.33474709e+01 -4.95000000e+00 -1.48666193e+01 -4.95000000e+00 -1.48666204e+01 
-4.90000000e+00 -1.41900115e+01 -4.90000000e+00  1.34378856e+01 -4.90000000e+00  1.33344009e+01 -4.90000000e+00 -1.48666189e+01 -4.90000000e+00 -1.48666204e+01 
-4.85000000e+00 -1.41900115e+01 -4.85000000e+00  1.34108901e+01 -4.85000000e+00  1.33205807e+01 -4.85000000e+00 -1.48666184e+01 -4.85000000e+00 -1.48666204e+01 
-4.80000000e+00 -1.41900114e+01 -4.80000000e+00  1.33832929e+01 -4.80000000e+00  1.33060559e+01 -4.80000000e+00 -1.48666175e+01 -4.80000000e+00 -1.48666203e+01 
-4.75000000e+00 -1.41900114e+01 -4.75000000e+00  1.33550923e+01 -4.75000000e+00  1.32908622e+01 -4.75000000e+00 -1.48666159e+01 -4.75000000e+00 -1.48666202e+01 
-4.70000000e+00 -1.41900113e+01 -4.70000000e+00  1.33262911e+01 -4.70000000e+00  1.32750269e+01 -4.70000000e+00 -1.48666127e+01 -4.70000000e+00 -1.48666201e+01 
-4.65000000e+00 -1.41900111e+01 -4.65000000e+00  1.32968945e+01 -4.65000000e+00  1.32585710e+01 -4.65000000e+00 -1.48666054e+01 -4.65000000e+00 -1.48666199e+01 
-4.60000000e+00 -1.41900106e+01 -4.60000000e+00  1.32669073e+01 -4.60000000e+00  1.32415097e+01 -4.60000000e+00 -1.48665855e+01 -4.60000000e+00 -1.48666194e+01 
-4.55000000e+00 -1.41900085e+01 -4.55000000e+00  1.32363338e+01 -4.55000000e+00  1.32238543e+01 -4.55000000e+00 -1.48664974e+01 -4.55000000e+00 -1.48666173e+01 
-4.50000000e+00 -1.41144492e+01 -4.50000000e+00  1.32280844e+01 -4.50000000e+00  1.32222727e+01 -4.50000000e+00 -1.36010588e+01 -4.50000000e+00 -1.48359548e+01 
-4.45000000e+00 -1.39556387e+01 -4.45000000e+00  1.31945966e+01 -4.45000000e+00  1.31886409e+01 -4.45000000e+00 -1.32655094e+01 -4.45000000e+00 -1.48193230e+01 
-4.40000000e+00 -1.37931057e+01 -4.40000000e+00  1.32086303e+01 -4.40000000e+00  1.32020473e+01 -4.40000000e+00 -1.30065494e+01 -4.40000000e+00 -1.47499954e+01 
-4.35000000e+00 -1.36265253e+01 -4.35000000e+00  1.32540167e+01 -4.35000000e+00  1.32462447e+01 -4.35000000e+00 -1.27881800e+01 -4.35000000e+00 -1.46311353e+01 
-4.30000000e+00 -1.34604433e+01 -4.30000000e+00  1.32918685e+01 -4.30000000e+00  1.32828799e+01 -4.30000000e+00 -1.25841273e+01 -4.30000000e+00 -1.44996019e+01 
-4.25000000e+00 -1.33000761e+01 -4.25000000e+00  1.33072056e+01 -4.25000000e+00  1.32976147e+01 -4.25000000e+00 -1.23919444e+01 -4.25000000e+00 -1.43679778e+01 
-4.20000000e+00 -1.31443604e+01 -4.20000000e+00  1.32838898e+01 -4.20000000e+00  1.32743567e+01 -4.20000000e+00 -1.22202171e+01 -4.20000000e+00 -1.42255645e+01 
-4.15000000e+00 -1.29872503e+01 -4.15000000e+00  1.32369651e+01 -4.15000000e+00  1.32274681e+01 -4.15000000e+00 -1.20599069e+01 -4.15000000e+00 -1.40691066e+01 
-4.10000000e+00 -1.28298055e+01 -4.10000000e+00  1.31879631e+01 -4.10000000e+00  1.31784784e+01 -4.10000000e+00 -1.19005795e+01 -4.10000000e+00 -1.39110226e+01 
-4.05000000e+00 -1.26724225e+01 -4.05000000e+00  1.31386896e+01 -4.05000000e+00  1.31292249e+01 -4.05000000e+00 -1.17414922e+01 -4.05000000e+00 -1.37528404e+01 
-4.00000000e+00 -1.25150083e+01 -4.00000000e+00  1.30894696e+01 -4.00000000e+00  1.30800214e+01 -4.00000000e+00 -1.15823596e+01 -4.00000000e+00 -1.35946542e+01 
-3.95000000e+00 -1.23575777e+01 -3.95000000e+00  1.30401986e+01 -3.95000000e+00  1.30307656e+01 -3.95000000e+00 -1.14232471e+01 -3.95000000e+00 -1.34364292e+01 
-3.90000000e+00 -1.22001423e+01 -3.90000000e+00  1.29908793e+01 -3.90000000e+00  1.29814611e+01 -3.90000000e+00 -1.12641655e+01 -3.90000000e+00 -1.32781767e+01 
-3.85000000e+00 -1.20426991e+01 -3.85000000e+00  1.29415092e+01 -3.85000000e+00  1.29321054e+01 -3.85000000e+00 -1.11051136e+01 -3.85000000e+00 -1.31198920e+01 
-3.80000000e+00 -1.18852475e+01 -3.80000000e+00  1.28920862e+01 -3.80000000e+00  1.28826962e+01 -3.80000000e+00 -1.09460924e+01 -3.80000000e+00 -1.29615719e+01 
-3.75000000e+00 -1.17277866e+01 -3.75000000e+00  1.28426072e+01 -3.75000000e+00  1.28332303e+01 -3.75000000e+00 -1.07871036e+01 -3.75000000e+00 -1.28032128e+01 
-3.70000000e+00 -1.15703154e+01 -3.70000000e+00  1.27930676e+01 -3.70000000e+00  1.27837030e+01 -3.70000000e+00 -1.06281496e+01 -3.70000000e+00 -1.26448097e+01 
-3.65000000e+00 -1.14128324e+01 -3.65000000e+00  1.27434605e+01 -3.65000000e+00  1.27341073e+01 -3.65000000e+00 -1.04692340e+01 -3.65000000e+00 -1.24863557e+01 
-3.60000000e+00 -1.12553356e+01 -3.60000000e+00  1.26937745e+01 -3.60000000e+00  1.26844318e+01 -3.60000000e+00 -1.03103625e+01 -3.60000000e+00 -1.23278407e+01 
-3.55000000e+00 -1.10978223e+01 -3.55000000e+00  1.26439799e+01 -3.55000000e+00  1.26346464e+01 -3.55000000e+00 -1.01515522e+01 -3.55000000e+00 -1.21692422e+01 
-3.50000000e+00 -1.09402923e+01 -3.50000000e+00  1.25941014e+01 -3.50000000e+00  1.25847759e+01 -3.50000000e+00 -9.99278515e+00 -3.50000000e+00 -1.20105769e+01 
-3.45000000e+00 -1.07827631e+01 -3.45000000e+00  1.25442140e+01 -3.45000000e+00  1.25348965e+01 -3.45000000e+00 -9.83403111e+00 -3.45000000e+00 -1.18519096e+01 
-3.40000000e+00 -1.06252319e+01 -3.40000000e+00  1.24943271e+01 -3.40000000e+00  1.24850175e+01 -3.40000000e+00 -9.67527999e+00 -3.40000000e+00 -1.16932441e+01 
-3.35000000e+00 -1.04676995e+01 -3.35000000e+00  1.24444401e+01 -3.35000000e+00  1.24351382e+01 -3.35000000e+00 -9.51653315e+00 -3.35000000e+00 -1.15345808e+01 
-3.30000000e+00 -1.03101665e+01 -3.30000000e+00  1.23945530e+01 -3.30000000e+00  1.23852588e+01 -3.30000000e+00 -9.35779077e+00 -3.30000000e+00 -1.13759197e+01 
-3.25000000e+00 -1.01526326e+01 -3.25000000e+00  1.23446659e+01 -3.25000000e+00  1.23353793e+01 -3.25000000e+00 -9.19905267e+00 -3.25000000e+00 -1.12172610e+01 
-3.20000000e+00 -9.99509814e+00 -3.20000000e+00  1.22947787e+01 -3.20000000e+00  1.22854997e+01 -3.20000000e+00 -9.04031873e+00 -3.20000000e+00 -1.10586045e+01 
-3.15000000e+00 -9.83756298e+00 -3.15000000e+00  1.22448916e+01 -3.15000000e+00  1.22356200e+01 -3.15000000e+00 -8.88158880e+00 -3.15000000e+00 -1.08999502e+01 
-3.10000000e+00 -9.68002719e+00 -3.10000000e+00  1.21950043e+01 -3.10000000e+00  1.21857402e+01 -3.10000000e+00 -8.72286276e+00 -3.10000000e+00 -1.07412979e+01 
-3.05000000e+00 -9.52249081e+00 -3.05000000e+00  1.21451171e+01 -3.05000000e+00  1.21358603e+01 -3.05000000e+00 -8.56414049e+00 -3.05000000e+00 -1.05826477e+01 
-3.00000000e+00 -9.36495385e+00 -3.00000000e+00  1.20952298e+01 -3.00000000e+00  1.20859802e+01 -3.00000000e+00 -8.40542186e+00 -3.00000000e+00 -1.04239996e+01 
-2.95000000e+00 -9.20741636e+00 -2.95000000e+00  1.20453425e+01 -2.95000000e+00  1.20361002e+01 -2.95000000e+00 -8.24670676e+00 -2.95000000e+00 -1.02653534e+01 
-2.90000000e+00 -9.04987836e+00 -2.90000000e+00  1.19954551e+01 -2.90000000e+00  1.19862200e+01 -2.90000000e+00 -8.08799509e+00 -2.90000000e+00 -1.01067091e+01 
-2.85000000e+00 -8.89233986e+00 -2.85000000e+00  1.19455678e+01 -2.85000000e+00  1.19363397e+01 -2.85000000e+00 -7.92928675e+00 -2.85000000e+00 -9.94806663e+00 
-2.80000000e+00 -8.73480090e+00 -2.80000000e+00  1.18956804e+01 -2.80000000e+00  1.18864594e+01 -2.80000000e+00 -7.77058164e+00 -2.80000000e+00 -9.78942602e+00 
-2.75000000e+00 -8.57726149e+00 -2.75000000e+00  1.18457930e+01 -2.75000000e+00  1.18365791e+01 -2.75000000e+00 -7.61187966e+00 -2.75000000e+00 -9.63078720e+00 
-2.70000000e+00 -8.41972165e+00 -2.70000000e+00  1.17959056e+01 -2.70000000e+00  1.17866986e+01 -2.70000000e+00 -7.45318072e+00 -2.70000000e+00 -9.47215011e+00 
-2.65000000e+00 -8.26218141e+00 -2.65000000e+00  1.17460181e+01 -2.65000000e+00  1.17368181e+01 -2.65000000e+00 -7.29448473e+00 -2.65000000e+00 -9.31351471e+00 
-2.60000000e+00 -8.10464078e+00 -2.60000000e+00  1.16961307e+01 -2.60000000e+00  1.16869376e+01 -2.60000000e+00 -7.13579162e+00 -2.60000000e+00 -9.15488098e+00 
-2.55000000e+00 -7.94709979e+00 -2.55000000e+00  1.16462432e+01 -2.55000000e+00  1.16370570e+01 -2.55000000e+00 -6.97710129e+00 -2.55000000e+00 -8.99624887e+00 
-2.50000000e+00 -7.78955845e+00 -2.50000000e+00  1.15963558e+01 -2.50000000e+00  1.15871764e+01 -2.50000000e+00 -6.81841367e+00 -2.50000000e+00 -8.83761833e+00 
-2.45000000e+00 -7.63201677e+00 -2.45000000e+00  1.15464683e+01 -2.45000000e+00  1.15372957e+01 -2.45000000e+00 -6.65972870e+00 -2.45000000e+00 -8.67898935e+00 
-2.40000000e+00 -7.47447477e+00 -2.40000000e+00  1.14965809e+01 -2.40000000e+00  1.14874150e+01 -2.40000000e+00 -6.50104628e+00 -2.40000000e+00 -8.52036187e+00 
-2.35000000e+00 -7.31693247e+00 -2.35000000e+00  1.14466934e+01 -2.35000000e+00  1.14375342e+01 -2.35000000e+00 -6.34236637e+00 -2.35000000e+00 -8.36173587e+00 
-2.30000000e+00 -7.15938988e+00 -2.30000000e+00  1.13968059e+01 -2.30000000e+00  1.13876535e+01 -2.30000000e+00 -6.18368888e+00 -2.30000000e+00 -8.20311132e+00 
-2.25000000e+00 -7.00184702e+00 -2.25000000e+00  1.13469185e+01 -2.25000000e+00  1.13377727e+01 -2.25000000e+00 -6.02501376e+00 -2.25000000e+00 -8.04448817e+00 
-2.20000000e+00 -6.84430389e+00 -2.20000000e+00  1.12970310e+01 -2.20000000e+00  1.12878918e+01 -2.20000000e+00 -5.86634093e+00 -2.20000000e+00 -7.88586640e+00 
-2.15000000e+00 -6.68676051e+00 -2.15000000e+00  1.12471435e+01 -2.15000000e+00  1.12380110e+01 -2.15000000e+00 -5.70767035e+00 -2.15000000e+00 -7.72724598e+00 
-2.10000000e+00 -6.52921690e+00 -2.10000000e+00  1.11972561e+01 -2.10000000e+00  1.11881301e+01 -2.10000000e+00 -5.54900195e+00 -2.10000000e+00 -7.56862688e+00 
-2.05000000e+00 -6.37167306e+00 -2.05000000e+00  1.11473686e+01 -2.05000000e+00  1.11382492e+01 -2.05000000e+00 -5.39033568e+00 -2.05000000e+00 -7.41000906e+00 
-2.00000000e+00 -6.21412900e+00 -2.00000000e+00  1.10974812e+01 -2.00000000e+00  1.10883683e+01 -2.00000000e+00 -5.23167148e+00 -2.00000000e+00 -7.25139251e+00 
-1.95000000e+00 -6.05658474e+00 -1.95000000e+00  1.10475937e+01 -1.95000000e+00  1.10384874e+01 -1.95000000e+00 -5.07300930e+00 -1.95000000e+00 -7.09277718e+00 
-1.90000000e+00 -5.89904029e+00 -1.90000000e+00  1.09977063e+01 -1.90000000e+00  1.09886065e+01 -1.90000000e+00 -4.91434909e+00 -1.90000000e+00 -6.93416306e+00 
-1.85000000e+00 -5.74149566e+00 -1.85000000e+00  1.09478189e+01 -1.85000000e+00  1.09387256e+01 -1.85000000e+00 -4.75569080e+00 -1.85000000e+00 -6.77555012e+00 
-1.80000000e+00 -5.58395085e+00 -1.80000000e+00  1.08979315e+01 -1.80000000e+00  1.08888446e+01 -1.80000000e+00 -4.59703437e+00 -1.80000000e+00 -6.61693833e+00 
-1.75000000e+00 -5.42640587e+00 -1.75000000e+00  1.08480441e+01 -1.75000000e+00  1.08389637e+01 -1.75000000e+00 -4.43837978e+00 -1.75000000e+00 -6.45832766e+00 
-1.70000000e+00 -5.26886074e+00 -1.70000000e+00  1.07981567e+01 -1.70000000e+00  1.07890827e+01 -1.70000000e+00 -4.27972696e+00 -1.70000000e+00 -6.29971810e+00 
-1.65000000e+00 -5.11131547e+00 -1.65000000e+00  1.07482694e+01 -1.65000000e+00  1.07392018e+01 -1.65000000e+00 -4.12107588e+00 -1.65000000e+00 -6.14110961e+00 
-1.60000000e+00 -4.95377005e+00 -1.60000000e+00  1.06983820e+01 -1.60000000e+00  1.06893208e+01 -1.60000000e+00 -3.96242649e+00 -1.60000000e+00 -5.98250218e+00 
-1.55000000e+00 -4.79622451e+00 -1.55000000e+00  1.06484947e+01 -1.55000000e+00  1.06394399e+01 -1.55000000e+00 -3.80377876e+00 -1.55000000e+00 -5.82389578e+00 
-1.50000000e+00 -4.63867884e+00 -1.50000000e+00  1.05986074e+01 -1.50000000e+00  1.05895589e+01 -1.50000000e+00 -3.64513264e+00 -1.50000000e+00 -5.66529038e+00 
-1.45000000e+00 -4.48113306e+00 -1.45000000e+00  1.05487201e+01 -1.45000000e+00  1.05396780e+01 -1.45000000e+00 -3.48648809e+00 -1.45000000e+00 -5.50668597e+00 
-1.40000000e+00 -4.32358717e+00 -1.40000000e+00  1.04988328e+01 -1.40000000e+00  1.04897971e+01 -1.40000000e+00 -3.32784508e+00 -1.40000000e+00 -5.34808252e+00 
-1.35000000e+00 -4.16604117e+00 -1.35000000e+00  1.04489455e+01 -1.35000000e+00  1.04399162e+01 -1.35000000e+00 -3.16920357e+00 -1.35000000e+00 -5.18948002e+00 
-1.30000000e+00 -4.00849509e+00 -1.30000000e+00  1.03990583e+01 -1.30000000e+00  1.03900352e+01 -1.30000000e+00 -3.01056352e+00 -1.30000000e+00 -5.03087844e+00 
-1.25000000e+00 -3.85094892e+00 -1.25000000e+00  1.03491711e+01 -1.25000000e+00  1.03401544e+01 -1.25000000e+00 -2.85192490e+00 -1.25000000e+00 -4.87227776e+00 
-1.20000000e+00 -3.69340266e+00 -1.20000000e+00  1.02992839e+01 -1.20000000e+00  1.02902735e+01 -1.20000000e+00 -2.69328768e+00 -1.20000000e+00 -4.71367796e+00 
-1.15000000e+00 -3.53585633e+00 -1.15000000e+00  1.02493967e+01 -1.15000000e+00  1.02403926e+01 -1.15000000e+00 -2.53465182e+00 -1.15000000e+00 -4.55507902e+00 
-1.10000000e+00 -3.37830994e+00 -1.10000000e+00  1.01995096e+01 -1.10000000e+00  1.01905117e+01 -1.10000000e+00 -2.37601729e+00 -1.10000000e+00 -4.39648093e+00 
-1.05000000e+00 -3.22076348e+00 -1.05000000e+00  1.01496225e+01 -1.05000000e+00  1.01406309e+01 -1.05000000e+00 -2.21738406e+00 -1.05000000e+00 -4.23788366e+00 
-1.00000000e+00 -3.06321696e+00 -1.00000000e+00  1.00997354e+01 -1.00000000e+00  1.00907501e+01 -1.00000000e+00 -2.05875210e+00 -1.00000000e+00 -4.07928719e+00 
-9.50000000e-01 -2.90567040e+00 -9.50000000e-01  1.00498483e+01 -9.50000000e-01  1.00408693e+01 -9.50000000e-01 -1.90012138e+00 -9.50000000e-01 -3.92069151e+00 
-9.00000000e-01 -2.74812379e+00 -9.00000000e-01  9.99996125e+00 -9.00000000e-01  9.99098850e+00 -9.00000000e-01 -1.74149186e+00 -9.00000000e-01 -3.76209661e+00 
-8.50000000e-01 -2.59057713e+00 -8.50000000e-01  9.95007422e+00 -8.50000000e-01  9.94110774e+00 -8.50000000e-01 -1.58286353e+00 -8.50000000e-01 -3.60350245e+00 
-8.00000000e-01 -2.43303045e+00 -8.00000000e-01  9.90018723e+00 -8.00000000e-01  9.89122701e+00 -8.00000000e-01 -1.42423636e+00 -8.00000000e-01 -3.44490903e+00 
-7.50000000e-01 -2.27548373e+00 -7.50000000e-01  9.85030026e+00 -7.50000000e-01  9.84134629e+00 -7.50000000e-01 -1.26561031e+00 -7.50000000e-01 -3.28631633e+00 
-7.00000000e-01 -2.11793699e+00 -7.00000000e-01  9.80041332e+00 -7.00000000e-01  9.79146560e+00 -7.00000000e-01 -1.10698536e+00 -7.00000000e-01 -3.12772433e+00 
-6.50000000e-01 -1.96039023e+00 -6.50000000e-01  9.75052641e+00 -6.50000000e-01  9.74158494e+00 -6.50000000e-01 -9.48361488e-01 -6.50000000e-01 -2.96913302e+00 
-6.00000000e-01 -1.80284345e+00 -6.00000000e-01  9.70063953e+00 -6.00000000e-01  9.69170431e+00 -6.00000000e-01 -7.89738666e-01 -6.00000000e-01 -2.81054237e+00 
-5.50000000e-01 -1.64529666e+00 -5.50000000e-01  9.65075267e+00 -5.50000000e-01  9.64182370e+00 -5.50000000e-01 -6.31116870e-01 -5.50000000e-01 -2.65195238e+00 
-5.00000000e-01 -1.48774987e+00 -5.00000000e-01  9.60086585e+00 -5.00000000e-01  9.59194312e+00 -5.00000000e-01 -4.72496075e-01 -5.00000000e-01 -2.49336303e+00 
-4.50000000e-01 -1.33020308e+00 -4.50000000e-01  9.55097906e+00 -4.50000000e-01  9.54206257e+00 -4.50000000e-01 -3.13876259e-01 -4.50000000e-01 -2.33477430e+00 
-4.00000000e-01 -1.17265629e+00 -4.00000000e-01  9.50109230e+00 -4.00000000e-01  9.49218205e+00 -4.00000000e-01 -1.55257397e-01 -4.00000000e-01 -2.17618618e+00 
-3.50000000e-01 -1.01510950e+00 -3.50000000e-01  9.45120557e+00 -3.50000000e-01  9.44230157e+00 -3.50000000e-01  3.36053232e-03 -3.50000000e-01 -2.01759866e+00 
-3.00000000e-01 -8.57562731e-01 -3.00000000e-01  9.40131887e+00 -3.00000000e-01  9.39242111e+00 -3.00000000e-01  1.61977551e-01 -3.00000000e-01 -1.85901171e+00 
-2.50000000e-01 -7.00015975e-01 -2.50000000e-01  9.35143221e+00 -2.50000000e-01  9.34254069e+00 -2.50000000e-01  3.20593681e-01 -2.50000000e-01 -1.70042533e+00 
-2.00000000e-01 -5.42469239e-01 -2.00000000e-01  9.30154557e+00 -2.00000000e-01  9.29266031e+00 -2.00000000e-01  4.79208944e-01 -2.00000000e-01 -1.54183950e+00 
-1.50000000e-01 -3.84922527e-01 -1.50000000e-01  9.25165897e+00 -1.50000000e-01  9.24277996e+00 -1.50000000e-01  6.37823359e-01 -1.50000000e-01 -1.38325421e+00 
-1.00000000e-01 -2.27375843e-01 -1.00000000e-01  9.20177241e+00 -1.00000000e-01  9.19289964e+00 -1.00000000e-01  7.96436948e-01 -1.00000000e-01 -1.22466944e+00 
-5.00000000e-02 -6.98291913e-02 -5.00000000e-02  9.15188588e+00 -5.00000000e-02  9.14301936e+00 -5.00000000e-02  9.55049731e-01 -5.00000000e-02 -1.06608518e+00 
 6.44900799e-14  8.77174249e-02  6.44900799e-14  9.10199938e+00  6.44900799e-14  9.09313912e+00  6.44900799e-14  1.11366173e+00  6.44900799e-14 -9.07501418e-01 
 5.00000000e-02  2.45264001e-01  5.00000000e-02  9.05211292e+00  5.00000000e-02  9.04325892e+00  5.00000000e-02  1.27227296e+00  5.00000000e-02 -7.48918139e-01 
 1.00000000e-01  4.02810534e-01  1.00000000e-01  9.00222649e+00  1.00000000e-01  8.99337876e+00  1.00000000e-01  1.43088344e+00  1.00000000e-01 -5.90335332e-01 
 1.50000000e-01  5.60357020e-01  1.50000000e-01  8.95234010e+00  1.50000000e-01  8.94349863e+00  1.50000000e-01  1.58949319e+00  1.50000000e-01 -4.31752983e-01 
 2.00000000e-01  7.17903455e-01  2.00000000e-01  8.90245375e+00  2.00000000e-01  8.89361855e+00  2.00000000e-01  1.74810222e+00  2.00000000e-01 -2.73171079e-01 
 2.50000000e-01  8.75449836e-01  2.50000000e-01  8.85256743e+00  2.50000000e-01  8.84373851e+00  2.50000000e-01  1.90671057e+00  2.50000000e-01 -1.14589608e-01 
 3.00000000e-01  1.03299616e+00  3.00000000e-01  8.80268115e+00  3.00000000e-01  8.79385851e+00  3.00000000e-01  2.06531824e+00  3.00000000e-01  4.39914428e-02 
 3.50000000e-01  1.19054242e+00  3.50000000e-01  8.75279491e+00  3.50000000e-01  8.74397856e+00  3.50000000e-01  2.22392525e+00  3.50000000e-01  2.02572085e-01 
 4.00000000e-01  1.34808861e+00  4.00000000e-01  8.70290870e+00  4.00000000e-01  8.69409865e+00  4.00000000e-01  2.38253162e+00  4.00000000e-01  3.61152330e-01 
 4.50000000e-01  1.50563474e+00  4.50000000e-01  8.65302254e+00  4.50000000e-01  8.64421878e+00  4.50000000e-01  2.54113736e+00  4.50000000e-01  5.19732191e-01 
 5.00000000e-01  1.66318079e+00  5.00000000e-01  8.60313641e+00  5.00000000e-01  8.59433896e+00  5.00000000e-01  2.69974250e+00  5.00000000e-01  6.78311679e-01 
 5.50000000e-01  1.82072677e+00  5.50000000e-01  8.55325032e+00  5.50000000e-01  8.54445919e+00  5.50000000e-01  2.85834704e+00  5.50000000e-01  8.36890807e-01 
 6.00000000e-01  1.97827267e+00  6.00000000e-01  8.50336427e+00  6.00000000e-01  8.49457946e+00  6.00000000e-01  3.01695101e+00  6.00000000e-01  9.95469584e-01 
 6.50000000e-01  2.13581848e+00  6.50000000e-01  8.45347826e+00  6.50000000e-01  8.44469978e+00  6.50000000e-01  3.17555442e+00  6.50000000e-01  1.15404802e+00 
 7.00000000e-01  2.29336421e+00  7.00000000e-01  8.40359229e+00  7.00000000e-01  8.39482015e+00  7.00000000e-01  3.33415728e+00  7.00000000e-01  1.31262614e+00 
 7.50000000e-01  2.45090985e+00  7.50000000e-01  8.35370637e+00  7.50000000e-01  8.34494057e+00  7.50000000e-01  3.49275961e+00  7.50000000e-01  1.47120393e+00 
 8.00000000e-01  2.60845540e+00  8.00000000e-01  8.30382048e+00  8.00000000e-01  8.29506103e+00  8.00000000e-01  3.65136144e+00  8.00000000e-01  1.62978143e+00 
 8.50000000e-01  2.76600085e+00  8.50000000e-01  8.25393463e+00  8.50000000e-01  8.24518155e+00  8.50000000e-01  3.80996276e+00  8.50000000e-01  1.78835863e+00 
 9.00000000e-01  2.92354620e+00  9.00000000e-01  8.20404883e+00  9.00000000e-01  8.19530212e+00  9.00000000e-01  3.96856360e+00  9.00000000e-01  1.94693554e+00 
 9.50000000e-01  3.08109145e+00  9.50000000e-01  8.15416307e+00  9.50000000e-01  8.14542274e+00  9.50000000e-01  4.12716397e+00  9.50000000e-01  2.10551219e+00 
 1.00000000e+00  3.23863659e+00  1.00000000e+00  8.10427735e+00  1.00000000e+00  8.09554341e+00  1.00000000e+00  4.28576388e+00  1.00000000e+00  2.26408857e+00 
 1.05000000e+00  3.39618161e+00  1.05000000e+00  8.05439167e+00  1.05000000e+00  8.04566414e+00  1.05000000e+00  4.44436335e+00  1.05000000e+00  2.42266471e+00 
 1.10000000e+00  3.55372653e+00  1.10000000e+00  8.00450604e+00  1.10000000e+00  7.99578492e+00  1.10000000e+00  4.60296240e+00  1.10000000e+00  2.58124061e+00 
 1.15000000e+00  3.71127133e+00  1.15000000e+00  7.95462045e+00  1.15000000e+00  7.94590576e+00  1.15000000e+00  4.76156104e+00  1.15000000e+00  2.73981627e+00 
 1.20000000e+00  3.86881601e+00  1.20000000e+00  7.90473490e+00  1.20000000e+00  7.89602665e+00  1.20000000e+00  4.92015927e+00  1.20000000e+00  2.89839172e+00 
 1.25000000e+00  4.02636056e+00  1.25000000e+00  7.85484940e+00  1.25000000e+00  7.84614760e+00  1.25000000e+00  5.07875712e+00  1.25000000e+00  3.05696696e+00 
 1.30000000e+00  4.18390499e+00  1.30000000e+00  7.80496395e+00  1.30000000e+00  7.79626861e+00  1.30000000e+00  5.23735461e+00  1.30000000e+00  3.21554200e+00 
 1.35000000e+00  4.34144929e+00  1.35000000e+00  7.75507854e+00  1.35000000e+00  7.74638967e+00  1.35000000e+00  5.39595173e+00  1.35000000e+00  3.37411686e+00 
 1.40000000e+00  4.49899345e+00  1.40000000e+00  7.70519317e+00  1.40000000e+00  7.69651079e+00  1.40000000e+00  5.55454851e+00  1.40000000e+00  3.53269154e+00 
 1.45000000e+00  4.65653748e+00  1.45000000e+00  7.65530785e+00  1.45000000e+00  7.64663197e+00  1.45000000e+00  5.71314495e+00  1.45000000e+00  3.69126605e+00 
 1.50000000e+00  4.81408136e+00  1.50000000e+00  7.60542258e+00  1.50000000e+00  7.59675322e+00  1.50000000e+00  5.87174108e+00  1.50000000e+00  3.84984041e+00 
 1.55000000e+00  4.97162510e+00  1.55000000e+00  7.55553736e+00  1.55000000e+00  7.54687452e+00  1.55000000e+00  6.03033690e+00  1.55000000e+00  4.00841461e+00 
 1.60000000e+00  5.12916869e+00  1.60000000e+00  7.50565218e+00  1.60000000e+00  7.49699588e+00  1.60000000e+00  6.18893243e+00  1.60000000e+00  4.16698869e+00 
 1.65000000e+00  5.28671213e+00  1.65000000e+00  7.45576705e+00  1.65000000e+00  7.44711731e+00  1.65000000e+00  6.34752768e+00  1.65000000e+00  4.32556263e+00 
 1.70000000e+00  5.44425542e+00  1.70000000e+00  7.40588196e+00  1.70000000e+00  7.39723880e+00  1.70000000e+00  6.50612266e+00  1.70000000e+00  4.48413646e+00 
 1.75000000e+00  5.60179854e+00  1.75000000e+00  7.35599693e+00  1.75000000e+00  7.34736035e+00  1.75000000e+00  6.66471739e+00  1.75000000e+00  4.64271019e+00 
 1.80000000e+00  5.75934151e+00  1.80000000e+00  7.30611194e+00  1.80000000e+00  7.29748197e+00  1.80000000e+00  6.82331188e+00  1.80000000e+00  4.80128382e+00 
 1.85000000e+00  5.91688430e+00  1.85000000e+00  7.25622701e+00  1.85000000e+00  7.24760365e+00  1.85000000e+00  6.98190613e+00  1.85000000e+00  4.95985736e+00 
 1.90000000e+00  6.07442693e+00  1.90000000e+00  7.20634212e+00  1.90000000e+00  7.19772540e+00  1.90000000e+00  7.14050017e+00  1.90000000e+00  5.11843083e+00 
 1.95000000e+00  6.23196938e+00  1.95000000e+00  7.15645728e+00  1.95000000e+00  7.14784722e+00  1.95000000e+00  7.29909401e+00  1.95000000e+00  5.27700422e+00 
 2.00000000e+00  6.38951166e+00  2.00000000e+00  7.10657249e+00  2.00000000e+00  7.09796910e+00  2.00000000e+00  7.45768765e+00  2.00000000e+00  5.43557757e+00 
 2.05000000e+00  6.54705376e+00  2.05000000e+00  7.05668776e+00  2.05000000e+00  7.04809105e+00  2.05000000e+00  7.61628111e+00  2.05000000e+00  5.59415087e+00 
 2.10000000e+00  6.70459567e+00  2.10000000e+00  7.00680307e+00  2.10000000e+00  6.99821307e+00  2.10000000e+00  7.77487440e+00  2.10000000e+00  5.75272413e+00 
 2.15000000e+00  6.86213739e+00  2.15000000e+00  6.95691844e+00  2.15000000e+00  6.94833517e+00  2.15000000e+00  7.93346753e+00  2.15000000e+00  5.91129736e+00 
 2.20000000e+00  7.01967892e+00  2.20000000e+00  6.90703386e+00  2.20000000e+00  6.89845733e+00  2.20000000e+00  8.09206052e+00  2.20000000e+00  6.06987058e+00 
 2.25000000e+00  7.17722025e+00  2.25000000e+00  6.85714933e+00  2.25000000e+00  6.84857956e+00  2.25000000e+00  8.25065338e+00  2.25000000e+00  6.22844379e+00 
 2.30000000e+00  7.33476138e+00  2.30000000e+00  6.80726486e+00  2.30000000e+00  6.79870187e+00  2.30000000e+00  8.40924611e+00  2.30000000e+00  6.38701700e+00 
 2.35000000e+00  7.49230230e+00  2.35000000e+00  6.75738044e+00  2.35000000e+00  6.74882425e+00  2.35000000e+00  8.56783874e+00  2.35000000e+00  6.54559023e+00 
 2.40000000e+00  7.64984302e+00  2.40000000e+00  6.70749607e+00  2.40000000e+00  6.69894671e+00  2.40000000e+00  8.72643127e+00  2.40000000e+00  6.70416348e+00 
 2.45000000e+00  7.80738352e+00  2.45000000e+00  6.65761176e+00  2.45000000e+00  6.64906924e+00  2.45000000e+00  8.88502372e+00  2.45000000e+00  6.86273676e+00 
 2.50000000e+00  7.96492381e+00  2.50000000e+00  6.60772750e+00  2.50000000e+00  6.59919185e+00  2.50000000e+00  9.04361609e+00  2.50000000e+00  7.02131009e+00 
 2.55000000e+00  8.12246387e+00  2.55000000e+00  6.55784330e+00  2.55000000e+00  6.54931453e+00  2.55000000e+00  9.20220840e+00  2.55000000e+00  7.17988347e+00 
 2.60000000e+00  8.28000371e+00  2.60000000e+00  6.50795915e+00  2.60000000e+00  6.49943730e+00  2.60000000e+00  9.36080067e+00  2.60000000e+00  7.33845691e+00 
 2.65000000e+00  8.43754332e+00  2.65000000e+00  6.45807506e+00  2.65000000e+00  6.44956014e+00  2.65000000e+00  9.51939289e+00  2.65000000e+00  7.49703043e+00 
 2.70000000e+00  8.59508269e+00  2.70000000e+00  6.40819103e+00  2.70000000e+00  6.39968306e+00  2.70000000e+00  9.67798509e+00  2.70000000e+00  7.65560403e+00 
 2.75000000e+00  8.75262182e+00  2.75000000e+00  6.35830705e+00  2.75000000e+00  6.34980606e+00  2.75000000e+00  9.83657727e+00  2.75000000e+00  7.81417772e+00 
 2.80000000e+00  8.91016071e+00  2.80000000e+00  6.30842314e+00  2.80000000e+00  6.29992915e+00  2.80000000e+00  9.99516946e+00  2.80000000e+00  7.97275152e+00 
 2.85000000e+00  9.06769934e+00  2.85000000e+00  6.25853928e+00  2.85000000e+00  6.25005232e+00  2.85000000e+00  1.01537616e+01  2.85000000e+00  8.13132544e+00 
 2.90000000e+00  9.22523773e+00  2.90000000e+00  6.20865548e+00  2.90000000e+00  6.20017557e+00  2.90000000e+00  1.03123539e+01  2.90000000e+00  8.28989947e+00 
 2.95000000e+00  9.38277585e+00  2.95000000e+00  6.15877174e+00  2.95000000e+00  6.15029890e+00  2.95000000e+00  1.04709461e+01  2.95000000e+00  8.44847365e+00 
 3.00000000e+00  9.54031371e+00  3.00000000e+00  6.10888806e+00  3.00000000e+00  6.10042233e+00  3.00000000e+00  1.06295384e+01  3.00000000e+00  8.60704796e+00 
 3.05000000e+00  9.69785130e+00  3.05000000e+00  6.05900444e+00  3.05000000e+00  6.05054584e+00  3.05000000e+00  1.07881308e+01  3.05000000e+00  8.76562244e+00 
 3.10000000e+00  9.85538862e+00  3.10000000e+00  6.00912088e+00  3.10000000e+00  6.00066944e+00  3.10000000e+00  1.09467232e+01  3.10000000e+00  8.92419708e+00 
 3.15000000e+00  1.00129257e+01  3.15000000e+00  5.95923738e+00  3.15000000e+00  5.95079313e+00  3.15000000e+00  1.11053157e+01  3.15000000e+00  9.08277190e+00 
 3.20000000e+00  1.01704624e+01  3.20000000e+00  5.90935395e+00  3.20000000e+00  5.90091690e+00  3.20000000e+00  1.12639083e+01  3.20000000e+00  9.24134690e+00 
 3.25000000e+00  1.03279989e+01  3.25000000e+00  5.85947058e+00  3.25000000e+00  5.85104077e+00  3.25000000e+00  1.14225010e+01  3.25000000e+00  9.39992211e+00 
 3.30000000e+00  1.04855350e+01  3.30000000e+00  5.80958727e+00  3.30000000e+00  5.80116474e+00  3.30000000e+00  1.15810938e+01  3.30000000e+00  9.55849752e+00 
 3.35000000e+00  1.06430709e+01  3.35000000e+00  5.75970403e+00  3.35000000e+00  5.75128880e+00  3.35000000e+00  1.17396867e+01  3.35000000e+00  9.71707316e+00 
 3.40000000e+00  1.08006064e+01  3.40000000e+00  5.70982085e+00  3.40000000e+00  5.70141295e+00  3.40000000e+00  1.18982798e+01  3.40000000e+00  9.87564902e+00 
 3.45000000e+00  1.09581417e+01  3.45000000e+00  5.65993774e+00  3.45000000e+00  5.65153720e+00  3.45000000e+00  1.20568731e+01  3.45000000e+00  1.00342251e+01 
 3.50000000e+00  1.11156766e+01  3.50000000e+00  5.61005469e+00  3.50000000e+00  5.60166154e+00  3.50000000e+00  1.22154665e+01  3.50000000e+00  1.01928015e+01 
 3.55000000e+00  1.12732112e+01  3.55000000e+00  5.56017171e+00  3.55000000e+00  5.55178599e+00  3.55000000e+00  1.23740601e+01  3.55000000e+00  1.03513781e+01 
 3.60000000e+00  1.14307455e+01  3.60000000e+00  5.51028880e+00  3.60000000e+00  5.50191054e+00  3.60000000e+00  1.25326539e+01  3.60000000e+00  1.05099550e+01 
 3.65000000e+00  1.15882794e+01  3.65000000e+00  5.46040596e+00  3.65000000e+00  5.45203519e+00  3.65000000e+00  1.26912479e+01  3.65000000e+00  1.06685322e+01 
 3.70000000e+00  1.17458129e+01  3.70000000e+00  5.41052318e+00  3.70000000e+00  5.40215994e+00  3.70000000e+00  1.28498421e+01  3.70000000e+00  1.08271097e+01 
 3.75000000e+00  1.19033462e+01  3.75000000e+00  5.36064048e+00  3.75000000e+00  5.35228480e+00  3.75000000e+00  1.30084365e+01  3.75000000e+00  1.09856875e+01 
 3.80000000e+00  1.20608790e+01  3.80000000e+00  5.31075785e+00  3.80000000e+00  5.30240976e+00  3.80000000e+00  1.31670312e+01  3.80000000e+00  1.11442657e+01 
 3.85000000e+00  1.22184115e+01  3.85000000e+00  5.26087528e+00  3.85000000e+00  5.25253483e+00  3.85000000e+00  1.33256262e+01  3.85000000e+00  1.13028441e+01 
 3.90000000e+00  1.23759435e+01  3.90000000e+00  5.21099281e+00  3.90000000e+00  5.20266003e+00  3.90000000e+00  1.34842213e+01  3.90000000e+00  1.14614228e+01 
 3.95000000e+00  1.25334653e+01  3.95000000e+00  5.16111148e+00  3.95000000e+00  5.15278742e+00  3.95000000e+00  1.36428067e+01  3.95000000e+00  1.16199919e+01 
 4.00000000e+00  1.26900390e+01  4.00000000e+00  5.11133325e+00  4.00000000e+00  5.10311325e+00  4.00000000e+00  1.38004384e+01  4.00000000e+00  1.17776075e+01 
 4.05000000e+00  1.28241098e+01  4.05000000e+00  5.06399971e+00  4.05000000e+00  5.05814704e+00  4.05000000e+00  1.39354157e+01  4.05000000e+00  1.19125710e+01 
 4.10000000e+00  1.29191931e+01  4.10000000e+00  5.02088024e+00  4.10000000e+00  5.02131585e+00  4.10000000e+00  1.40311421e+01  4.10000000e+00  1.20082876e+01 
 4.15000000e+00  1.29653221e+01  4.15000000e+00  4.98296646e+00  4.15000000e+00  4.99461300e+00  4.15000000e+00  1.40775833e+01  4.15000000e+00  1.20547241e+01 
 4.20000000e+00  1.29907112e+01  4.20000000e+00  4.94714364e+00  4.20000000e+00  4.97208395e+00  4.20000000e+00  1.41031443e+01  4.20000000e+00  1.20802824e+01 
 4.25000000e+00  1.29995122e+01  4.25000000e+00  4.91290087e+00  4.25000000e+00  4.95279620e+00  4.25000000e+00  1.41120049e+01  4.25000000e+00  1.20891420e+01 
 4.30000000e+00  1.30013693e+01  4.30000000e+00  4.87918141e+00  4.30000000e+00  4.93471847e+00  4.30000000e+00  1.41138746e+01  4.30000000e+00  1.20910115e+01 
 4.35000000e+00  1.30018531e+01  4.35000000e+00  4.84539224e+00  4.35000000e+00  4.91669338e+00  4.35000000e+00  1.41143617e+01  4.35000000e+00  1.20914985e+01 
 4.40000000e+00  1.30007689e+01  4.40000000e+00  4.81154744e+00  4.40000000e+00  4.89874988e+00  4.40000000e+00  1.41132702e+01  4.40000000e+00  1.20904070e+01 
 4.45000000e+00  1.29983345e+01  4.45000000e+00  4.77761911e+00  4.45000000e+00  4.88083324e+00  4.45000000e+00  1.41108194e+01  4.45000000e+00  1.20879563e+01 
 4.50000000e+00  1.29949537e+01  4.50000000e+00  4.74356221e+00  4.50000000e+00  4.86285295e+00  4.50000000e+00  1.41074158e+01  4.50000000e+00  1.20845530e+01 
 4.55000000e+00  1.29908894e+01  4.55000000e+00  4.70934705e+00  4.55000000e+00  4.84474800e+00  4.55000000e+00  1.41033240e+01  4.55000000e+00  1.20804615e+01 
 4.60000000e+00  1.29863119e+01  4.60000000e+00  4.67495374e+00  4.60000000e+00  4.82647636e+00  4.60000000e+00  1.40987156e+01  4.60000000e+00  1.20758535e+01 
 4.65000000e+00  1.29813428e+01  4.65000000e+00  4.64036741e+00  4.65000000e+00  4.80800595e+00  4.65000000e+00  1.40937128e+01  4.65000000e+00  1.20708512e+01 
 4.70000000e+00  1.29760716e+01  4.70000000e+00  4.60557628e+00  4.70000000e+00  4.78931090e+00  4.70000000e+00  1.40884061e+01  4.70000000e+00  1.20655449e+01 
 4.75000000e+00  1.29705671e+01  4.75000000e+00  4.57057047e+00  4.75000000e+00  4.77036933e+00  4.75000000e+00  1.40828643e+01  4.75000000e+00  1.20600036e+01 
 4.80000000e+00  1.29648829e+01  4.80000000e+00  4.53534120e+00  4.80000000e+00  4.75116193e+00  4.80000000e+00  1.40771417e+01  4.80000000e+00  1.20542814e+01 
 4.85000000e+00  1.29590624e+01  4.85000000e+00  4.49988031e+00  4.85000000e+00  4.73167103e+00  4.85000000e+00  1.40712819e+01  4.85000000e+00  1.20484221e+01 
 4.90000000e+00  1.29531414e+01  4.90000000e+00  4.46417984e+00  4.90000000e+00  4.71187994e+00  4.90000000e+00  1.40653208e+01  4.90000000e+00  1.20424616e+01 
 4.95000000e+00  1.29471502e+01  4.95000000e+00  4.42823174e+00  4.95000000e+00  4.69177249e+00  4.95000000e+00  1.40592892e+01  4.95000000e+00  1.20364305e+01 
 5.00000000e+00  1.29411152e+01  5.00000000e+00  4.39202769e+00  5.00000000e+00  4.67133270e+00  5.00000000e+00  1.40532134e+01  5.00000000e+00  1.20303552e+01 
 5.05000000e+00  1.29350596e+01  5.05000000e+00  4.35555883e+00  5.05000000e+00  4.65054454e+00  5.05000000e+00  1.40471169e+01  5.05000000e+00  1.20242592e+01 
 5.10000000e+00  1.29290046e+01  5.10000000e+00  4.31881560e+00  5.10000000e+00  4.62939175e+00  5.10000000e+00  1.40410209e+01  5.10000000e+00  1.20181637e+01 
 5.15000000e+00  1.29229697e+01  5.15000000e+00  4.28178758e+00  5.15000000e+00  4.60785771e+00  5.15000000e+00  1.40349452e+01  5.15000000e+00  1.20120886e+01 
 5.20000000e+00  1.29169735e+01  5.20000000e+00  4.24446324e+00  5.20000000e+00  4.58592538e+00  5.20000000e+00  1.40289085e+01  5.20000000e+00  1.20060524e+01 
 5.25000000e+00  1.29110339e+01  5.25000000e+00  4.20682975e+00  5.25000000e+00  4.56357726e+00  5.25000000e+00  1.40229288e+01  5.25000000e+00  1.20000732e+01 
 5.30000000e+00  1.29051688e+01  5.30000000e+00  4.16887272e+00  5.30000000e+00  4.54079551e+00  5.30000000e+00  1.40170240e+01  5.30000000e+00  1.19941689e+01 
 5.35000000e+00  1.28993959e+01  5.35000000e+00  4.13057592e+00  5.35000000e+00  4.51756209e+00  5.35000000e+00  1.40112121e+01  5.35000000e+00  1.19883574e+01 
 5.40000000e+00  1.28937335e+01  5.40000000e+00  4.09192093e+00  5.40000000e+00  4.49385913e+00  5.40000000e+00  1.40055115e+01  5.40000000e+00  1.19826573e+01 
 5.45000000e+00  1.28882009e+01  5.45000000e+00  4.05288673e+00  5.45000000e+00  4.46966953e+00  5.45000000e+00  1.39999415e+01  5.45000000e+00  1.19770878e+01 
 5.50000000e+00  1.28828185e+01  5.50000000e+00  4.01344913e+00  5.50000000e+00  4.44497801e+00  5.50000000e+00  1.39945227e+01  5.50000000e+00  1.19716694e+01 
 5.55000000e+00  1.28776081e+01  5.55000000e+00  3.97358019e+00  5.55000000e+00  4.41977287e+00  5.55000000e+00  1.39892772e+01  5.55000000e+00  1.19664243e+01 
 5.60000000e+00  1.28725940e+01  5.60000000e+00  3.93324731e+00  5.60000000e+00  4.39404885e+00  5.60000000e+00  1.39842292e+01  5.60000000e+00  1.19613768e+01 
 5.65000000e+00  1.28678031e+01  5.65000000e+00  3.89241217e+00  5.65000000e+00  4.36781220e+00  5.65000000e+00  1.39794059e+01  5.65000000e+00  1.19565539e+01 
 5.70000000e+00  1.28632659e+01  5.70000000e+00  3.85102930e+00  5.70000000e+00  4.34108945e+00  5.70000000e+00  1.39748381e+01  5.70000000e+00  1.19519863e+01 
 5.75000000e+00  1.28590175e+01  5.75000000e+00  3.80904413e+00  5.75000000e+00  4.31394350e+00  5.75000000e+00  1.39705610e+01  5.75000000e+00  1.19477096e+01 
 5.80000000e+00  1.28550992e+01  5.80000000e+00  3.76639030e+00  5.80000000e+00  4.28650453e+00  5.80000000e+00  1.39666163e+01  5.80000000e+00  1.19437652e+01 
 5.85000000e+00  1.28515609e+01  5.85000000e+00  3.72298595e+00  5.85000000e+00  4.25903375e+00  5.85000000e+00  1.39630541e+01  5.85000000e+00  1.19402032e+01 
 5.90000000e+00  1.28484643e+01  5.90000000e+00  3.67872817e+00  5.90000000e+00  4.23206746e+00  5.90000000e+00  1.39599366e+01  5.90000000e+00  1.19370859e+01 
 5.95000000e+00  1.28458893e+01  5.95000000e+00  3.63348480e+00  5.95000000e+00  4.20678615e+00  5.95000000e+00  1.39573443e+01  5.95000000e+00  1.19344938e+01 
 6.00000000e+00  1.28439456e+01  6.00000000e+00  3.58707954e+00  6.00000000e+00  4.18728195e+00  6.00000000e+00  1.39553875e+01  6.00000000e+00  1.19325370e+01 
 6.05000000e+00  1.28427841e+01  6.05000000e+00  3.53927748e+00  6.05000000e+00  4.18691793e+00  6.05000000e+00  1.39542182e+01  6.05000000e+00  1.19313677e+01 
 6.10000000e+00  1.28425459e+01  6.10000000e+00  3.48985446e+00  6.10000000e+00  4.42219689e+00  6.10000000e+00  1.39539785e+01  6.10000000e+00  1.19311278e+01 
 6.15000000e+00  1.28425430e+01  6.15000000e+00  3.44001050e+00  6.15000000e+00  4.37346213e+00  6.15000000e+00  1.39539757e+01  6.15000000e+00  1.19311249e+01 
 6.20000000e+00  1.28425402e+01  6.20000000e+00  3.39016659e+00  6.20000000e+00  4.32818700e+00  6.20000000e+00  1.39539729e+01  6.20000000e+00  1.19311219e+01 
 6.25000000e+00  1.28425374e+01  6.25000000e+00  3.34032272e+00  6.25000000e+00  4.27821888e+00  6.25000000e+00  1.39539701e+01  6.25000000e+00  1.19311190e+01 
 6.30000000e+00  1.28425345e+01  6.30000000e+00  3.29047891e+00  6.30000000e+00  4.22875095e+00  6.30000000e+00  1.39539673e+01  6.30000000e+00  1.19311160e+01 
 6.35000000e+00  1.28425317e+01  6.35000000e+00  3.24063514e+00  6.35000000e+00  4.17891635e+00  6.35000000e+00  1.39539645e+01  6.35000000e+00  1.19311131e+01 
 6.40000000e+00  1.28425288e+01  6.40000000e+00  3.19079141e+00  6.40000000e+00  4.12908188e+00  6.40000000e+00  1.39539618e+01  6.40000000e+00  1.19311102e+01 
 6.45000000e+00  1.28425260e+01  6.45000000e+00  3.14094774e+00  6.45000000e+00  4.07923992e+00  6.45000000e+00  1.39539590e+01  6.45000000e+00  1.19311072e+01 
 6.50000000e+00  1.28425231e+01  6.50000000e+00  3.09110411e+00  6.50000000e+00  4.02939974e+00  6.50000000e+00  1.39539562e+01  6.50000000e+00  1.19311043e+01 
 6.55000000e+00  1.28425203e+01  6.55000000e+00  3.04126054e+00  6.55000000e+00  3.97955590e+00  6.55000000e+00  1.39539534e+01  6.55000000e+00  1.19311013e+01 
 6.60000000e+00  1.28425174e+01  6.60000000e+00  2.99141701e+00  6.60000000e+00  3.92971670e+00  6.60000000e+00  1.39539506e+01  6.60000000e+00  1.19310984e+01 
 6.65000000e+00  1.28425146e+01  6.65000000e+00  2.94157352e+00  6.65000000e+00  3.87987873e+00  6.65000000e+00  1.39539478e+01  6.65000000e+00  1.19310955e+01 
 6.70000000e+00  1.28425118e+01  6.70000000e+00  2.89173009e+00  6.70000000e+00  3.83004526e+00  6.70000000e+00  1.39539451e+01  6.70000000e+00  1.19310925e+01 
 6.75000000e+00  1.28425089e+01  6.75000000e+00  2.84188670e+00  6.75000000e+00  3.78020292e+00  6.75000000e+00  1.39539423e+01  6.75000000e+00  1.19310896e+01 
 6.80000000e+00  1.28425061e+01  6.80000000e+00  2.79204336e+00  6.80000000e+00  3.73036285e+00  6.80000000e+00  1.39539395e+01  6.80000000e+00  1.19310867e+01 
 6.85000000e+00  1.28425033e+01  6.85000000e+00  2.74220007e+00  6.85000000e+00  3.68052719e+00  6.85000000e+00  1.39539367e+01  6.85000000e+00  1.19310837e+01 
 6.90000000e+00  1.28425004e+01  6.90000000e+00  2.69235683e+00  6.90000000e+00  3.63068550e+00  6.90000000e+00  1.39539339e+01  6.90000000e+00  1.19310808e+01 
 6.95000000e+00  1.28424976e+01  6.95000000e+00  2.64251363e+00  6.95000000e+00  3.58084136e+00  6.95000000e+00  1.39539311e+01  6.95000000e+00  1.19310779e+01 
 7.00000000e+00  1.28424947e+01  7.00000000e+00  2.59267049e+00  7.00000000e+00  3.53100744e+00  7.00000000e+00  1.39539284e+01  7.00000000e+00  1.19310749e+01 
 7.05000000e+00  1.28424919e+01  7.05000000e+00  2.54282739e+00  7.05000000e+00  3.48116748e+00  7.05000000e+00  1.39539256e+01  7.05000000e+00  1.19310720e+01 
 7.10000000e+00  1.28424891e+01  7.10000000e+00  2.49298434e+00  7.10000000e+00  3.43132387e+00  7.10000000e+00  1.39539228e+01  7.10000000e+00  1.19310691e+01 
 7.15000000e+00  1.28424862e+01  7.15000000e+00  2.44314133e+00  7.15000000e+00  3.38148701e+00  7.15000000e+00  1.39539200e+01  7.15000000e+00  1.19310661e+01 
 7.20000000e+00  1.28424834e+01  7.20000000e+00  2.39329838e+00  7.20000000e+00  3.33165151e+00  7.20000000e+00  1.39539173e+01  7.20000000e+00  1.19310632e+01 
 7.25000000e+00  1.28424806e+01  7.25000000e+00  2.34345547e+00  7.25000000e+00  3.28180826e+00  7.25000000e+00  1.39539145e+01  7.25000000e+00  1.19310603e+01 
 7.30000000e+00  1.28424777e+01  7.30000000e+00  2.29361261e+00  7.30000000e+00  3.23197689e+00  7.30000000e+00  1.39539117e+01  7.30000000e+00  1.19310574e+01 
 7.35000000e+00  1.28424749e+01  7.35000000e+00  2.24376980e+00  7.35000000e+00  3.18212736e+00  7.35000000e+00  1.39539089e+01  7.35000000e+00  1.19310544e+01 
 7.40000000e+00  1.28424721e+01  7.40000000e+00  2.19392704e+00  7.40000000e+00  3.13228874e+00  7.40000000e+00  1.39539062e+01  7.40000000e+00  1.19310515e+01 
 7.45000000e+00  1.28424692e+01  7.45000000e+00  2.14408433e+00  7.45000000e+00  3.08245504e+00  7.45000000e+00  1.39539034e+01  7.45000000e+00  1.19310486e+01 
 7.50000000e+00  1.28424664e+01  7.50000000e+00  2.09424166e+00  7.50000000e+00  3.03261568e+00  7.50000000e+00  1.39539006e+01  7.50000000e+00  1.19310456e+01 
 7.55000000e+00  1.28424636e+01  7.55000000e+00  2.04439905e+00  7.55000000e+00  2.98277665e+00  7.55000000e+00  1.39538978e+01  7.55000000e+00  1.19310427e+01 
 7.60000000e+00  1.28424608e+01  7.60000000e+00  1.99455648e+00  7.60000000e+00  2.93293971e+00  7.60000000e+00  1.39538951e+01  7.60000000e+00  1.19310398e+01 
 7.65000000e+00  1.28424579e+01  7.65000000e+00  1.94471396e+00  7.65000000e+00  2.88310533e+00  7.65000000e+00  1.39538923e+01  7.65000000e+00  1.19310369e+01 
 7.70000000e+00  1.28424551e+01  7.70000000e+00  1.89487149e+00  7.70000000e+00  2.83326487e+00  7.70000000e+00  1.39538895e+01  7.70000000e+00  1.19310340e+01 
 7.75000000e+00  1.28424523e+01  7.75000000e+00  1.84502906e+00  7.75000000e+00  2.78342722e+00  7.75000000e+00  1.39538868e+01  7.75000000e+00  1.19310310e+01 
 7.80000000e+00  1.28424494e+01  7.80000000e+00  1.79518669e+00  7.80000000e+00  2.73358419e+00  7.80000000e+00  1.39538840e+01  7.80000000e+00  1.19310281e+01 
 7.85000000e+00  1.28424466e+01  7.85000000e+00  1.74534436e+00  7.85000000e+00  2.68374701e+00  7.85000000e+00  1.39538812e+01  7.85000000e+00  1.19310252e+01 
 7.90000000e+00  1.28424438e+01  7.90000000e+00  1.69550208e+00  7.90000000e+00  2.63391158e+00  7.90000000e+00  1.39538784e+01  7.90000000e+00  1.19310223e+01 
 7.95000000e+00  1.28424410e+01  7.95000000e+00  1.64565985e+00  7.95000000e+00  2.58407108e+00  7.95000000e+00  1.39538757e+01  7.95000000e+00  1.19310193e+01 
 8.00000000e+00  1.28424382e+01  8.00000000e+00  1.59591935e+00  8.00000000e+00  2.53433170e+00  8.00000000e+00  1.39538729e+01  8.00000000e+00  1.19310164e+01 
 8.05000000e+00  1.28424354e+01  8.05000000e+00  1.54754534e+00  8.05000000e+00  2.48597130e+00  8.05000000e+00  1.39538702e+01  8.05000000e+00  1.19310136e+01 
 8.10000000e+00  1.28424328e+01  8.10000000e+00  1.50090962e+00  8.10000000e+00  2.43933235e+00  8.10000000e+00  1.39538676e+01  8.10000000e+00  1.19310109e+01 
 8.15000000e+00  1.28424302e+01  8.15000000e+00  1.45599984e+00  8.15000000e+00  2.39442927e+00  8.15000000e+00  1.39538652e+01  8.15000000e+00  1.19310082e+01 
 8.20000000e+00  1.28424278e+01  8.20000000e+00  1.41279821e+00  8.20000000e+00  2.35122728e+00  8.20000000e+00  1.39538628e+01  8.20000000e+00  1.19310057e+01 
 8.25000000e+00  1.28424255e+01  8.25000000e+00  1.37128082e+00  8.25000000e+00  2.30971565e+00  8.25000000e+00  1.39538605e+01  8.25000000e+00  1.19310033e+01 
 8.30000000e+00  1.28424232e+01  8.30000000e+00  1.33141752e+00  8.30000000e+00  2.26985669e+00  8.30000000e+00  1.39538583e+01  8.30000000e+00  1.19310010e+01 
 8.35000000e+00  1.28424211e+01  8.35000000e+00  1.29317619e+00  8.35000000e+00  2.23161978e+00  8.35000000e+00  1.39538562e+01  8.35000000e+00  1.19309988e+01 
 8.40000000e+00  1.28424191e+01  8.40000000e+00  1.25651754e+00  8.40000000e+00  2.19495797e+00  8.40000000e+00  1.39538543e+01  8.40000000e+00  1.19309967e+01 
 8.45000000e+00  1.28424173e+01  8.45000000e+00  1.22139951e+00  8.45000000e+00  2.15985033e+00  8.45000000e+00  1.39538525e+01  8.45000000e+00  1.19309948e+01 
 8.50000000e+00  1.28424157e+01  8.50000000e+00  1.18777686e+00  8.50000000e+00  2.12622768e+00  8.50000000e+00  1.39538509e+01  8.50000000e+00  1.19309932e+01 
 8.55000000e+00  1.28424145e+01  8.55000000e+00  1.15560174e+00  8.55000000e+00  2.09405278e+00  8.55000000e+00  1.39538498e+01  8.55000000e+00  1.19309920e+01 
 8.60000000e+00  1.28424142e+01  8.60000000e+00  1.12482403e+00  8.60000000e+00  2.06327647e+00  8.60000000e+00  1.39538495e+01  8.60000000e+00  1.19309916e+01 
 8.65000000e+00  1.28424158e+01  8.65000000e+00  1.09539145e+00  8.65000000e+00  2.03384585e+00  8.65000000e+00  1.39538512e+01  8.65000000e+00  1.19309932e+01 
 8.70000000e+00  1.28424223e+01  8.70000000e+00  1.06724876e+00  8.70000000e+00  2.00570955e+00  8.70000000e+00  1.39538577e+01  8.70000000e+00  1.19309996e+01 
 8.75000000e+00  1.28424409e+01  8.75000000e+00  1.04033460e+00  8.75000000e+00  1.97879094e+00  8.75000000e+00  1.39538765e+01  8.75000000e+00  1.19310184e+01 
 8.80000000e+00  1.28424921e+01  8.80000000e+00  1.01457203e+00  8.80000000e+00  1.95303143e+00  8.80000000e+00  1.39539281e+01  8.80000000e+00  1.19310698e+01 
 8.85000000e+00  1.28426318e+01  8.85000000e+00  9.89838289e-01  8.85000000e+00  1.92828327e+00  8.85000000e+00  1.39540688e+01  8.85000000e+00  1.19312105e+01 
 8.90000000e+00  1.28430073e+01  8.90000000e+00  9.65896357e-01  8.90000000e+00  1.90430462e+00  8.90000000e+00  1.39544469e+01  8.90000000e+00  1.19315884e+01 
 8.95000000e+00  1.28439472e+01  8.95000000e+00  9.42273579e-01  8.95000000e+00  1.88058880e+00  8.95000000e+00  1.39553932e+01  8.95000000e+00  1.19325346e+01 
 9.00000000e+00  1.28459558e+01  9.00000000e+00  9.18255263e-01  9.00000000e+00  1.85637183e+00  9.00000000e+00  1.39574154e+01  9.00000000e+00  1.19345565e+01 
 9.05000000e+00  1.28493772e+01  9.05000000e+00  8.93295338e-01  9.05000000e+00  1.83107486e+00  9.05000000e+00  1.39608600e+01  9.05000000e+00  1.19380006e+01 
 9.10000000e+00  1.28541412e+01  9.10000000e+00  8.67362439e-01  9.10000000e+00  1.80465127e+00  9.10000000e+00  1.39656562e+01  9.10000000e+00  1.19427963e+01 
 9.15000000e+00  1.28599514e+01  9.15000000e+00  8.40730754e-01  9.15000000e+00  1.77741971e+00  9.15000000e+00  1.39715057e+01  9.15000000e+00  1.19486452e+01 
 9.20000000e+00  1.28665246e+01  9.20000000e+00  8.13684466e-01  9.20000000e+00  1.74967033e+00  9.20000000e+00  1.39781235e+01  9.20000000e+00  1.19552622e+01 
 9.25000000e+00  1.28736563e+01  9.25000000e+00  7.86428432e-01  9.25000000e+00  1.72163872e+00  9.25000000e+00  1.39853035e+01  9.25000000e+00  1.19624413e+01 
 9.30000000e+00  1.28812019e+01  9.30000000e+00  7.59104732e-01  9.30000000e+00  1.69346288e+00  9.30000000e+00  1.39929001e+01  9.30000000e+00  1.19700371e+01 
 9.35000000e+00  1.28890778e+01  9.35000000e+00  7.31782512e-01  9.35000000e+00  1.66522121e+00  9.35000000e+00  1.40008294e+01  9.35000000e+00  1.19779655e+01 
 9.40000000e+00  1.28972074e+01  9.40000000e+00  7.04530407e-01  9.40000000e+00  1.63698132e+00  9.40000000e+00  1.40090140e+01  9.40000000e+00  1.19861492e+01 
 9.45000000e+00  1.29055384e+01  9.45000000e+00  6.77387556e-01  9.45000000e+00  1.60878839e+00  9.45000000e+00  1.40174014e+01  9.45000000e+00  1.19945356e+01 
 9.50000000e+00  1.29140299e+01  9.50000000e+00  6.50380051e-01  9.50000000e+00  1.58065038e+00  9.50000000e+00  1.40259504e+01  9.50000000e+00  1.20030837e+01 
 9.55000000e+00  1.29226474e+01  9.55000000e+00  6.23526749e-01  9.55000000e+00  1.55259915e+00  9.55000000e+00  1.40346262e+01  9.55000000e+00  1.20117585e+01 
 9.60000000e+00  1.29313599e+01  9.60000000e+00  5.96841601e-01  9.60000000e+00  1.52463949e+00  9.60000000e+00  1.40433978e+01  9.60000000e+00  1.20205291e+01 
 9.65000000e+00  1.29401386e+01  9.65000000e+00  5.70335351e-01  9.65000000e+00  1.49677079e+00  9.65000000e+00  1.40522359e+01  9.65000000e+00  1.20293662e+01 
 9.70000000e+00  1.29489547e+01  9.70000000e+00  5.44016741e-01  9.70000000e+00  1.46900634e+00  9.70000000e+00  1.40611118e+01  9.70000000e+00  1.20382411e+01 
 9.75000000e+00  1.29577786e+01  9.75000000e+00  5.17893420e-01  9.75000000e+00  1.44132912e+00  9.75000000e+00  1.40699954e+01  9.75000000e+00  1.20471237e+01 
 9.80000000e+00  1.29665781e+01  9.80000000e+00  4.91972686e-01  9.80000000e+00  1.41374799e+00  9.80000000e+00  1.40788545e+01  9.80000000e+00  1.20559818e+01 
 9.85000000e+00  1.29753170e+01  9.85000000e+00  4.66262205e-01  9.85000000e+00  1.38624585e+00  9.85000000e+00  1.40876525e+01  9.85000000e+00  1.20647789e+01 
 9.90000000e+00  1.29839530e+01  9.90000000e+00  4.40770885e-01  9.90000000e+00  1.35881802e+00  9.90000000e+00  1.40963470e+01  9.90000000e+00  1.20734724e+01 
 9.95000000e+00  1.29924355e+01  9.95000000e+00  4.15510213e-01  9.95000000e+00  1.33145726e+00  9.95000000e+00  1.41048870e+01  9.95000000e+00  1.20820115e+01 
 1.00000000e+01  1.30007023e+01  1.00000000e+01  3.90496767e-01  1.00000000e+01  1.30415256e+00  1.00000000e+01  1.41132098e+01  1.00000000e+01  1.20903333e+01 
 1.00500000e+01  1.30086747e+01  1.00500000e+01  3.65757450e-01  1.00500000e+01  1.27688351e+00  1.00500000e+01  1.41212362e+01  1.00500000e+01  1.20983588e+01 
 1.01000000e+01  1.30162512e+01  1.01000000e+01  3.41340919e-01  1.01000000e+01  1.24966774e+00  1.01000000e+01  1.41288640e+01  1.01000000e+01  1.21059857e+01 
 1.01500000e+01  1.30232956e+01  1.01500000e+01  3.17342390e-01  1.01500000e+01  1.22251264e+00  1.01500000e+01  1.41359562e+01  1.01500000e+01  1.21130771e+01 
 1.02000000e+01  1.30296124e+01  1.02000000e+01  2.93953642e-01  1.02000000e+01  1.19551548e+00  1.02000000e+01  1.41423158e+01  1.02000000e+01  1.21194360e+01 
 1.02500000e+01  1.30348758e+01  1.02500000e+01  2.71544978e-01  1.02500000e+01  1.16884609e+00  1.02500000e+01  1.41476148e+01  1.02500000e+01  1.21247344e+01 
 1.03000000e+01  1.30384176e+01  1.03000000e+01  2.50734654e-01  1.03000000e+01  1.14276227e+00  1.03000000e+01  1.41511807e+01  1.03000000e+01  1.21282998e+01 
 1.03500000e+01  1.30384675e+01  1.03500000e+01  2.32350795e-01  1.03500000e+01  1.11746203e+00  1.03500000e+01  1.41512310e+01  1.03500000e+01  1.21283500e+01 
 1.04000000e+01  1.30305287e+01  1.04000000e+01  2.17004545e-01  1.04000000e+01  1.09247570e+00  1.04000000e+01  1.41432384e+01  1.04000000e+01  1.21203582e+01 
 1.04500000e+01  1.29976616e+01  1.04500000e+01  2.05088868e-01  1.04500000e+01  1.06614180e+00  1.04500000e+01  1.41101489e+01  1.04500000e+01  1.20872718e+01 
 1.05000000e+01  1.28246627e+01  1.05000000e+01  1.97038852e-01  1.05000000e+01  1.03490049e+00  1.05000000e+01  1.39359797e+01  1.05000000e+01  1.19131200e+01 
 1.05500000e+01 -1.41916079e+01  1.05500000e+01  6.73241527e-02  1.05500000e+01  1.82076254e-01  1.05500000e+01 -1.48682425e+01  1.05500000e+01 -1.48682436e+01 
 1.06000000e+01 -1.41899906e+01  1.06000000e+01  6.73249899e-02  1.06000000e+01  1.32088514e-01  1.06000000e+01 -1.48665984e+01  1.06000000e+01 -1.48665991e+01 
 1.06500000e+01 -1.41899905e+01  1.06500000e+01  6.73262229e-02  1.06500000e+01  8.20967404e-02  1.06500000e+01 -1.48665983e+01  1.06500000e+01 -1.48665990e+01 
 1.07000000e+01 -1.41899904e+01  1.07000000e+01  6.73274558e-02  1.07000000e+01  3.20988676e-02  1.07000000e+01 -1.48665982e+01  1.07000000e+01 -1.48665989e+01 
 1.07500000e+01 -1.41899903e+01  1.07500000e+01  6.73286887e-02  1.07500000e+01 -1.78904138e-02  1.07500000e+01 -1.48665981e+01  1.07500000e+01 -1.48665989e+01 
 1.08000000e+01 -1.41899903e+01  1.08000000e+01  6.73299213e-02  1.08000000e+01 -6.78869861e-02  1.08000000e+01 -1.48665981e+01  1.08000000e+01 -1.48665988e+01 
 1.08500000e+01 -1.41899902e+01  1.08500000e+01  6.73311537e-02  1.08500000e+01 -1.17874304e-01  1.08500000e+01 -1.48665980e+01  1.08500000e+01 -1.48665987e+01 
 1.09000000e+01 -1.41899901e+01  1.09000000e+01  6.73323859e-02  1.09000000e+01 -1.67870589e-01  1.09000000e+01 -1.48665979e+01  1.09000000e+01 -1.48665986e+01 
 1.09500000e+01 -1.41899901e+01  1.09500000e+01  6.73336179e-02  1.09500000e+01 -2.17863694e-01  1.09500000e+01 -1.48665978e+01  1.09500000e+01 -1.48665986e+01 
 1.10000000e+01 -1.41899900e+01  1.10000000e+01  6.73348497e-02  1.10000000e+01 -2.67853280e-01  1.10000000e+01 -1.48665978e+01  1.10000000e+01 -1.48665985e+01 
 1.10500000e+01 -1.41899899e+01  1.10500000e+01  6.73360812e-02  1.10500000e+01 -3.17846997e-01  1.10500000e+01 -1.48665977e+01  1.10500000e+01 -1.48665984e+01 
 1.11000000e+01 -1.41899898e+01  1.11000000e+01  6.73373126e-02  1.11000000e+01 -3.67842957e-01  1.11000000e+01 -1.48665976e+01  1.11000000e+01 -1.48665983e+01 
 1.11500000e+01 -1.41899898e+01  1.11500000e+01  6.73385437e-02  1.11500000e+01 -4.17834957e-01  1.11500000e+01 -1.48665975e+01  1.11500000e+01 -1.48665983e+01 
 1.12000000e+01 -1.41899897e+01  1.12000000e+01  6.73397746e-02  1.12000000e+01 -4.67826051e-01  1.12000000e+01 -1.48665975e+01  1.12000000e+01 -1.48665982e+01 
 1.12500000e+01 -1.41899896e+01  1.12500000e+01  6.73410053e-02  1.12500000e+01 -5.17820378e-01  1.12500000e+01 -1.48665974e+01  1.12500000e+01 -1.48665981e+01 
 1.13000000e+01 -1.41899895e+01  1.13000000e+01  6.73422358e-02  1.13000000e+01 -5.67813905e-01  1.13000000e+01 -1.48665973e+01  1.13000000e+01 -1.48665981e+01 
 1.13500000e+01 -1.41899895e+01  1.13500000e+01  6.73434661e-02  1.13500000e+01 -6.17806965e-01  1.13500000e+01 -1.48665973e+01  1.13500000e+01 -1.48665980e+01 
 1.14000000e+01 -1.41899894e+01  1.14000000e+01  6.73446961e-02  1.14000000e+01 -6.67797078e-01  1.14000000e+01 -1.48665972e+01  1.14000000e+01 -1.48665979e+01 
 1.14500000e+01 -1.41899893e+01  1.14500000e+01  6.73459260e-02  1.14500000e+01 -7.17790216e-01  1.14500000e+01 -1.48665971e+01  1.14500000e+01 -1.48665978e+01 
 1.15000000e+01 -1.41899892e+01  1.15000000e+01  6.73471556e-02  1.15000000e+01 -7.67783945e-01  1.15000000e+01 -1.48665970e+01  1.15000000e+01 -1.48665978e+01 
 1.15500000e+01 -1.41899892e+01  1.15500000e+01  6.73483851e-02  1.15500000e+01 -8.17776712e-01  1.15500000e+01 -1.48665970e+01  1.15500000e+01 -1.48665977e+01 
 1.16000000e+01 -1.41899891e+01  1.16000000e+01  6.73496143e-02  1.16000000e+01 -8.67769077e-01  1.16000000e+01 -1.48665969e+01  1.16000000e+01 -1.48665976e+01 
 1.16500000e+01 -1.41899890e+01  1.16500000e+01  6.73508433e-02  1.16500000e+01 -9.17762276e-01  1.16500000e+01 -1.48665968e+01  1.16500000e+01 -1.48665975e+01 
 1.17000000e+01 -1.41899890e+01  1.17000000e+01  6.73520721e-02  1.17000000e+01 -9.67756683e-01  1.17000000e+01 -1.48665967e+01  1.17000000e+01 -1.48665975e+01 
 1.17500000e+01 -1.41899889e+01  1.17500000e+01  6.73533007e-02  1.17500000e+01 -1.01774333e+00  1.17500000e+01 -1.48665967e+01  1.17500000e+01 -1.48665974e+01 
 1.18000000e+01 -1.41899888e+01  1.18000000e+01  6.73545290e-02  1.18000000e+01 -1.06774019e+00  1.18000000e+01 -1.48665966e+01  1.18000000e+01 -1.48665973e+01 
 1.18500000e+01 -1.41899887e+01  1.18500000e+01  6.73557572e-02  1.18500000e+01 -1.11773110e+00  1.18500000e+01 -1.48665965e+01  1.18500000e+01 -1.48665972e+01 
 1.19000000e+01 -1.41899887e+01  1.19000000e+01  6.73569851e-02  1.19000000e+01 -1.16772902e+00  1.19000000e+01 -1.48665964e+01  1.19000000e+01 -1.48665972e+01 
 1.19500000e+01 -1.41899886e+01  1.19500000e+01  6.73582129e-02  1.19500000e+01 -1.21772004e+00  1.19500000e+01 -1.48665964e+01  1.19500000e+01 -1.48665971e+01 
 1.20000000e+01 -1.41899885e+01  1.20000000e+01  6.73594404e-02  1.20000000e+01 -1.26771247e+00  1.20000000e+01 -1.48665963e+01  1.20000000e+01 -1.48665970e+01 
 1.20500000e+01 -1.41899885e+01  1.20500000e+01  6.73606677e-02  1.20500000e+01 -1.31770656e+00  1.20500000e+01 -1.48665962e+01  1.20500000e+01 -1.48665969e+01 
 1.21000000e+01 -1.41899884e+01  1.21000000e+01  6.73618948e-02  1.21000000e+01 -1.36769765e+00  1.21000000e+01 -1.48665961e+01  1.21000000e+01 -1.48665969e+01 
 1.21500000e+01 -1.41899883e+01  1.21500000e+01  6.73631217e-02  1.21500000e+01 -1.41769084e+00  1.21500000e+01 -1.48665961e+01  1.21500000e+01 -1.48665968e+01 
 1.22000000e+01 -1.41899882e+01  1.22000000e+01  6.73643483e-02  1.22000000e+01 -1.46768693e+00  1.22000000e+01 -1.48665960e+01  1.22000000e+01 -1.48665967e+01 
 1.22500000e+01 -1.41899882e+01  1.22500000e+01  6.73655748e-02  1.22500000e+01 -1.51767512e+00  1.22500000e+01 -1.48665959e+01  1.22500000e+01 -1.48665967e+01 
 1.23000000e+01 -1.41899881e+01  1.23000000e+01  6.73668011e-02  1.23000000e+01 -1.56767317e+00  1.23000000e+01 -1.48665959e+01  1.23000000e+01 -1.48665966e+01 
 1.23500000e+01 -1.41899880e+01  1.23500000e+01  6.73680271e-02  1.23500000e+01 -1.61766206e+00  1.23500000e+01 -1.48665958e+01  1.23500000e+01 -1.48665965e+01 
 1.24000000e+01 -1.41899879e+01  1.24000000e+01  6.73692529e-02  1.24000000e+01 -1.66765462e+00  1.24000000e+01 -1.48665957e+01  1.24000000e+01 -1.48665964e+01 
 1.24500000e+01 -1.41899879e+01  1.24500000e+01  6.73704786e-02  1.24500000e+01 -1.71764801e+00  1.24500000e+01 -1.48665956e+01  1.24500000e+01 -1.48665964e+01 
 1.25000000e+01 -1.41899878e+01  1.25000000e+01  6.73717040e-02  1.25000000e+01 -1.76764259e+00  1.25000000e+01 -1.48665956e+01  1.25000000e+01 -1.48665963e+01 
 1.25500000e+01 -1.41899877e+01  1.25500000e+01  6.73729292e-02  1.25500000e+01 -1.81763701e+00  1.25500000e+01 -1.48665955e+01  1.25500000e+01 -1.48665962e+01 
 1.26000000e+01 -1.41899877e+01  1.26000000e+01  6.73741541e-02  1.26000000e+01 -1.86762796e+00  1.26000000e+01 -1.48665954e+01  1.26000000e+01 -1.48665961e+01 
 1.26500000e+01 -1.41899876e+01  1.26500000e+01  6.73753789e-02  1.26500000e+01 -1.91761821e+00  1.26500000e+01 -1.48665953e+01  1.26500000e+01 -1.48665961e+01 
 1.27000000e+01 -1.41899875e+01  1.27000000e+01  6.73766035e-02  1.27000000e+01 -1.96761560e+00  1.27000000e+01 -1.48665953e+01  1.27000000e+01 -1.48665960e+01 
 1.27500000e+01 -1.41899874e+01  1.27500000e+01  6.73778278e-02  1.27500000e+01 -2.01760843e+00  1.27500000e+01 -1.48665952e+01  1.27500000e+01 -1.48665959e+01 
 1.28000000e+01 -1.41899874e+01  1.28000000e+01  6.73790520e-02  1.28000000e+01 -2.06759939e+00  1.28000000e+01 -1.48665951e+01  1.28000000e+01 -1.48665958e+01 
 1.28500000e+01 -1.41899873e+01  1.28500000e+01  6.73802759e-02  1.28500000e+01 -2.11759379e+00  1.28500000e+01 -1.48665950e+01  1.28500000e+01 -1.48665958e+01 
 1.29000000e+01 -1.41899872e+01  1.29000000e+01  6.73814996e-02  1.29000000e+01 -2.16758177e+00  1.29000000e+01 -1.48665950e+01  1.29000000e+01 -1.48665957e+01 
 1.29500000e+01 -1.41899871e+01  1.29500000e+01  6.73827232e-02  1.29500000e+01 -2.21757606e+00  1.29500000e+01 -1.48665949e+01  1.29500000e+01 -1.48665956e+01 
 1.30000000e+01 -1.41899871e+01  1.30000000e+01  6.73839465e-02  1.30000000e+01 -2.26757136e+00  1.30000000e+01 -1.48665948e+01  1.30000000e+01 -1.48665955e+01 
 1.30500000e+01 -1.41899870e+01  1.30500000e+01  6.73851696e-02  1.30500000e+01 -2.31755875e+00  1.30500000e+01 -1.48665947e+01  1.30500000e+01 -1.48665955e+01 
 1.31000000e+01 -1.41899869e+01  1.31000000e+01  6.73863924e-02  1.31000000e+01 -2.36755455e+00  1.31000000e+01 -1.48665947e+01  1.31000000e+01 -1.48665954e+01 
 1.31500000e+01 -1.41899869e+01  1.31500000e+01  6.73876151e-02  1.31500000e+01 -2.41754990e+00  1.31500000e+01 -1.48665946e+01  1.31500000e+01 -1.48665953e+01 
 1.32000000e+01 -1.41899868e+01  1.32000000e+01  6.73888376e-02  1.32000000e+01 -2.46753945e+00  1.32000000e+01 -1.48665945e+01  1.32000000e+01 -1.48665953e+01 
 1.32500000e+01 -1.41899867e+01  1.32500000e+01  6.73900598e-02  1.32500000e+01 -2.51753717e+00  1.32500000e+01 -1.48665945e+01  1.32500000e+01 -1.48665952e+01 
 1.33000000e+01 -1.41899866e+01  1.33000000e+01  6.73912819e-02  1.33000000e+01 -2.56752713e+00  1.33000000e+01 -1.48665944e+01  1.33000000e+01 -1.48665951e+01 
 1.33500000e+01 -1.41899866e+01  1.33500000e+01  6.73925037e-02  1.33500000e+01 -2.61752332e+00  1.33500000e+01 -1.48665943e+01  1.33500000e+01 -1.48665950e+01 
 1.34000000e+01 -1.41899865e+01  1.34000000e+01  6.73937253e-02  1.34000000e+01 -2.66751412e+00  1.34000000e+01 -1.48665942e+01  1.34000000e+01 -1.48665950e+01 
 1.34500000e+01 -1.41899864e+01  1.34500000e+01  6.73949467e-02  1.34500000e+01 -2.71750813e+00  1.34500000e+01 -1.48665942e+01  1.34500000e+01 -1.48665949e+01 
 1.35000000e+01 -1.41899864e+01  1.35000000e+01  6.73961679e-02  1.35000000e+01 -2.76749668e+00  1.35000000e+01 -1.48665941e+01  1.35000000e+01 -1.48665948e+01 
 1.35500000e+01 -1.41899863e+01  1.35500000e+01  6.73973889e-02  1.35500000e+01 -2.81749128e+00  1.35500000e+01 -1.48665940e+01  1.35500000e+01 -1.48665947e+01 
 1.36000000e+01 -1.41899862e+01  1.36000000e+01  6.73986097e-02  1.36000000e+01 -2.86748557e+00  1.36000000e+01 -1.48665939e+01  1.36000000e+01 -1.48665947e+01 
 1.36500000e+01 -1.41899861e+01  1.36500000e+01  6.73998303e-02  1.36500000e+01 -2.91747537e+00  1.36500000e+01 -1.48665939e+01  1.36500000e+01 -1.48665946e+01 
 1.37000000e+01 -1.41899861e+01  1.37000000e+01  6.74010507e-02  1.37000000e+01 -2.96747414e+00  1.37000000e+01 -1.48665938e+01  1.37000000e+01 -1.48665945e+01 
 1.37500000e+01 -1.41899860e+01  1.37500000e+01  6.74022708e-02  1.37500000e+01 -3.01746844e+00  1.37500000e+01 -1.48665937e+01  1.37500000e+01 -1.48665945e+01 
 1.38000000e+01 -1.41899859e+01  1.38000000e+01  6.74034908e-02  1.38000000e+01 -3.06745484e+00  1.38000000e+01 -1.48665937e+01  1.38000000e+01 -1.48665944e+01 
 1.38500000e+01 -1.41899859e+01  1.38500000e+01  6.74047105e-02  1.38500000e+01 -3.11745156e+00  1.38500000e+01 -1.48665936e+01  1.38500000e+01 -1.48665943e+01 
 1.39000000e+01 -1.41899858e+01  1.39000000e+01  6.74059301e-02  1.39000000e+01 -3.16744456e+00  1.39000000e+01 -1.48665935e+01  1.39000000e+01 -1.48665942e+01 
 1.39500000e+01 -1.41899857e+01  1.39500000e+01  6.74071494e-02  1.39500000e+01 -3.21743735e+00  1.39500000e+01 -1.48665934e+01  1.39500000e+01 -1.48665942e+01 
 1.40000000e+01 -1.41899856e+01  1.40000000e+01  6.74083685e-02  1.40000000e+01 -3.26743077e+00  1.40000000e+01 -1.48665934e+01  1.40000000e+01 -1.48665941e+01 
