 2.00000000e+01  1.25903922e-08  2.00000000e+01  8.87892392e-09 
 2.09425710e+01  1.25528436e-08  2.09425710e+01  8.85220823e-09 
 2.19295639e+01  1.25169658e-08  2.19295639e+01  8.82669287e-09 
 2.29630724e+01  1.24826855e-08  2.29630724e+01  8.80232399e-09 
 2.40452887e+01  1.24499322e-08  2.40452887e+01  8.77905013e-09 
 2.51785082e+01  1.24186388e-08  2.51785082e+01  8.75682214e-09 
 2.63651348e+01  1.23887409e-08  2.63651348e+01  8.73559308e-09 
 2.76076853e+01  1.23601767e-08  2.76076853e+01  8.71531812e-09 
 2.89087954e+01  1.23328875e-08  2.89087954e+01  8.69595443e-09 
 3.02712250e+01  1.23068167e-08  3.02712250e+01  8.67746108e-09 
 3.16978638e+01  1.22819105e-08  3.16978638e+01  8.65979902e-09 
 3.31917381e+01  1.22581171e-08  3.31917381e+01  8.64293091e-09 
 3.47560166e+01  1.22353874e-08  3.47560166e+01  8.62682110e-09 
 3.63940172e+01  1.22136740e-08  3.63940172e+01  8.61143553e-09 
 3.81092144e+01  1.21929319e-08  3.81092144e+01  8.59674169e-09 
 3.99052463e+01  1.21731178e-08  3.99052463e+01  8.58270851e-09 
 4.17859226e+01  1.21541906e-08  4.17859226e+01  8.56930630e-09 
 4.37552325e+01  1.21361106e-08  4.37552325e+01  8.55650673e-09 
 4.58173531e+01  1.21188403e-08  4.58173531e+01  8.54428273e-09 
 4.79766584e+01  1.21023436e-08  4.79766584e+01  8.53260843e-09 
 5.02377286e+01  1.20865859e-08  5.02377286e+01  8.52145913e-09 
 5.26053598e+01  1.20715343e-08  5.26053598e+01  8.51081125e-09 
 5.50845741e+01  1.20571574e-08  5.50845741e+01  8.50064226e-09 
 5.76806301e+01  1.20434250e-08  5.76806301e+01  8.49093063e-09 
 6.03990344e+01  1.20303084e-08  6.03990344e+01  8.48165580e-09 
 6.32455532e+01  1.20177799e-08  6.32455532e+01  8.47279815e-09 
 6.62262243e+01  1.20058135e-08  6.62262243e+01  8.46433892e-09 
 6.93473701e+01  1.19943839e-08  6.93473701e+01  8.45626021e-09 
 7.26156110e+01  1.19834671e-08  7.26156110e+01  8.44854490e-09 
 7.60378793e+01  1.19730402e-08  7.60378793e+01  8.44117666e-09 
 7.96214341e+01  1.19630812e-08  7.96214341e+01  8.43413988e-09 
 8.33738767e+01  1.19535694e-08  8.33738767e+01  8.42741967e-09 
 8.73031664e+01  1.19444845e-08  8.73031664e+01  8.42100178e-09 
 9.14176379e+01  1.19358075e-08  9.14176379e+01  8.41487263e-09 
 9.57260185e+01  1.19275202e-08  9.57260185e+01  8.40901922e-09 
 1.00237447e+02  1.19196050e-08  1.00237447e+02  8.40342916e-09 
 1.04961492e+02  1.19120453e-08  1.04961492e+02  8.39809060e-09 
 1.09908175e+02  1.19048252e-08  1.09908175e+02  8.39299224e-09 
 1.15087987e+02  1.18979294e-08  1.15087987e+02  8.38812327e-09 
 1.20511917e+02  1.18913434e-08  1.20511917e+02  8.38347336e-09 
 1.26191469e+02  1.18850534e-08  1.26191469e+02  8.37903268e-09 
 1.32138690e+02  1.18790459e-08  1.32138690e+02  8.37479180e-09 
 1.38366194e+02  1.18733084e-08  1.38366194e+02  8.37074175e-09 
 1.44887192e+02  1.18678288e-08  1.44887192e+02  8.36687393e-09 
 1.51715515e+02  1.18625954e-08  1.51715515e+02  8.36318014e-09 
 1.58865647e+02  1.18575972e-08  1.58865647e+02  8.35965257e-09 
 1.66352754e+02  1.18528236e-08  1.66352754e+02  8.35628372e-09 
 1.74192718e+02  1.18482647e-08  1.74192718e+02  8.35306647e-09 
 1.82402168e+02  1.18439106e-08  1.82402168e+02  8.34999398e-09 
 1.90998517e+02  1.18397523e-08  1.90998517e+02  8.34705976e-09 
 2.00000000e+02  1.18357809e-08  2.00000000e+02  8.34425757e-09 
 2.09425710e+02  1.18319881e-08  2.09425710e+02  8.34158147e-09 
 2.19295639e+02  1.18283658e-08  2.19295639e+02  8.33902580e-09 
 2.29630724e+02  1.18249063e-08  2.29630724e+02  8.33658513e-09 
 2.40452887e+02  1.18216024e-08  2.40452887e+02  8.33425429e-09 
 2.51785082e+02  1.18184471e-08  2.51785082e+02  8.33202834e-09 
 2.63651348e+02  1.18154336e-08  2.63651348e+02  8.32990256e-09 
 2.76076853e+02  1.18125555e-08  2.76076853e+02  8.32787243e-09 
 2.89087954e+02  1.18098069e-08  2.89087954e+02  8.32593367e-09 
 3.02712250e+02  1.18071819e-08  3.02712250e+02  8.32408214e-09 
 3.16978638e+02  1.18046749e-08  3.16978638e+02  8.32231394e-09 
 3.31917381e+02  1.18022806e-08  3.31917381e+02  8.32062530e-09 
 3.47560166e+02  1.17999940e-08  3.47560166e+02  8.31901266e-09 
 3.63940172e+02  1.17978101e-08  3.63940172e+02  8.31747258e-09 
 3.81092144e+02  1.17957244e-08  3.81092144e+02  8.31600181e-09 
 3.99052463e+02  1.17937325e-08  3.99052463e+02  8.31459721e-09 
 4.17859226e+02  1.17918301e-08  4.17859226e+02  8.31325583e-09 
 4.37552325e+02  1.17900132e-08  4.37552325e+02  8.31197480e-09 
 4.58173531e+02  1.17882779e-08  4.58173531e+02  8.31075142e-09 
 4.79766584e+02  1.17866206e-08  4.79766584e+02  8.30958308e-09 
 5.02377286e+02  1.17850378e-08  5.02377286e+02  8.30846731e-09 
 5.26053598e+02  1.17835260e-08  5.26053598e+02  8.30740175e-09 
 5.50845741e+02  1.17820821e-08  5.50845741e+02  8.30638413e-09 
 5.76806301e+02  1.17807031e-08  5.76806301e+02  8.30541229e-09 
 6.03990344e+02  1.17793859e-08  6.03990344e+02  8.30448418e-09 
 6.32455532e+02  1.17781278e-08  6.32455532e+02  8.30359782e-09 
 6.62262243e+02  1.17769261e-08  6.62262243e+02  8.30275133e-09 
 6.93473701e+02  1.17757783e-08  6.93473701e+02  8.30194292e-09 
 7.26156110e+02  1.17746819e-08  7.26156110e+02  8.30117087e-09 
 7.60378793e+02  1.17736345e-08  7.60378793e+02  8.30043355e-09 
 7.96214341e+02  1.17726341e-08  7.96214341e+02  8.29972938e-09 
 8.33738767e+02  1.17716783e-08  8.33738767e+02  8.29905688e-09 
 8.73031664e+02  1.17707652e-08  8.73031664e+02  8.29841461e-09 
 9.14176379e+02  1.17698928e-08  9.14176379e+02  8.29780121e-09 
 9.57260185e+02  1.17690592e-08  9.57260185e+02  8.29721539e-09 
 1.00237447e+03  1.17682628e-08  1.00237447e+03  8.29665589e-09 
 1.04961492e+03  1.17675017e-08  1.04961492e+03  8.29612152e-09 
 1.09908175e+03  1.17667743e-08  1.09908175e+03  8.29561116e-09 
 1.15087987e+03  1.17660790e-08  1.15087987e+03  8.29512371e-09 
 1.20511917e+03  1.17654144e-08  1.20511917e+03  8.29465814e-09 
 1.26191469e+03  1.17647790e-08  1.26191469e+03  8.29421347e-09 
 1.32138690e+03  1.17641714e-08  1.32138690e+03  8.29378873e-09 
 1.38366194e+03  1.17635903e-08  1.38366194e+03  8.29338304e-09 
 1.44887192e+03  1.17630345e-08  1.44887192e+03  8.29299552e-09 
 1.51715515e+03  1.17625026e-08  1.51715515e+03  8.29262534e-09 
 1.58865647e+03  1.17619936e-08  1.58865647e+03  8.29227173e-09 
 1.66352754e+03  1.17615062e-08  1.66352754e+03  8.29193392e-09 
 1.74192718e+03  1.17610395e-08  1.74192718e+03  8.29161119e-09 
 1.82402168e+03  1.17605922e-08  1.82402168e+03  8.29130285e-09 
 1.90998517e+03  1.17601635e-08  1.90998517e+03  8.29100825e-09 
 2.00000000e+03  1.17597524e-08  2.00000000e+03  8.29072674e-09 
 2.09425710e+03  1.17593578e-08  2.09425710e+03  8.29045773e-09 
 2.19295639e+03  1.17589788e-08  2.19295639e+03  8.29020063e-09 
 2.29630724e+03  1.17586146e-08  2.29630724e+03  8.28995489e-09 
 2.40452887e+03  1.17582642e-08  2.40452887e+03  8.28971998e-09 
 2.51785082e+03  1.17579267e-08  2.51785082e+03  8.28949538e-09 
 2.63651348e+03  1.17576014e-08  2.63651348e+03  8.28928062e-09 
 2.76076853e+03  1.17572874e-08  2.76076853e+03  8.28907521e-09 
 2.89087954e+03  1.17569838e-08  2.89087954e+03  8.28887872e-09 
 3.02712250e+03  1.17566899e-08  3.02712250e+03  8.28869070e-09 
 3.16978638e+03  1.17564047e-08  3.16978638e+03  8.28851074e-09 
 3.31917381e+03  1.17561276e-08  3.31917381e+03  8.28833843e-09 
 3.47560166e+03  1.17558575e-08  3.47560166e+03  8.28817340e-09 
 3.63940172e+03  1.17555938e-08  3.63940172e+03  8.28801526e-09 
 3.81092144e+03  1.17553356e-08  3.81092144e+03  8.28786366e-09 
 3.99052463e+03  1.17550819e-08  3.99052463e+03  8.28771824e-09 
 4.17859226e+03  1.17548320e-08  4.17859226e+03  8.28757866e-09 
 4.37552325e+03  1.17545849e-08  4.37552325e+03  8.28744460e-09 
 4.58173531e+03  1.17543396e-08  4.58173531e+03  8.28731573e-09 
 4.79766584e+03  1.17540953e-08  4.79766584e+03  8.28719174e-09 
 5.02377286e+03  1.17538508e-08  5.02377286e+03  8.28707231e-09 
 5.26053598e+03  1.17536052e-08  5.26053598e+03  8.28695715e-09 
 5.50845741e+03  1.17533572e-08  5.50845741e+03  8.28684595e-09 
 5.76806301e+03  1.17531057e-08  5.76806301e+03  8.28673843e-09 
 6.03990344e+03  1.17528495e-08  6.03990344e+03  8.28663428e-09 
 6.32455532e+03  1.17525872e-08  6.32455532e+03  8.28653321e-09 
 6.62262243e+03  1.17523173e-08  6.62262243e+03  8.28643493e-09 
 6.93473701e+03  1.17520385e-08  6.93473701e+03  8.28633915e-09 
 7.26156110e+03  1.17517489e-08  7.26156110e+03  8.28624556e-09 
 7.60378793e+03  1.17514470e-08  7.60378793e+03  8.28615387e-09 
 7.96214341e+03  1.17511307e-08  7.96214341e+03  8.28606376e-09 
 8.33738767e+03  1.17507981e-08  8.33738767e+03  8.28597492e-09 
 8.73031664e+03  1.17504469e-08  8.73031664e+03  8.28588702e-09 
 9.14176379e+03  1.17500748e-08  9.14176379e+03  8.28579973e-09 
 9.57260185e+03  1.17496791e-08  9.57260185e+03  8.28571270e-09 
 1.00237447e+04  1.17492570e-08  1.00237447e+04  8.28562556e-09 
 1.04961492e+04  1.17488055e-08  1.04961492e+04  8.28553793e-09 
 1.09908175e+04  1.17483213e-08  1.09908175e+04  8.28544941e-09 
 1.15087987e+04  1.17478006e-08  1.15087987e+04  8.28535957e-09 
 1.20511917e+04  1.17472396e-08  1.20511917e+04  8.28526796e-09 
 1.26191469e+04  1.17466340e-08  1.26191469e+04  8.28517411e-09 
 1.32138690e+04  1.17459790e-08  1.32138690e+04  8.28507749e-09 
 1.38366194e+04  1.17452696e-08  1.38366194e+04  8.28497757e-09 
 1.44887192e+04  1.17445001e-08  1.44887192e+04  8.28487376e-09 
 1.51715515e+04  1.17436644e-08  1.51715515e+04  8.28476544e-09 
 1.58865647e+04  1.17427558e-08  1.58865647e+04  8.28465191e-09 
 1.66352754e+04  1.17417671e-08  1.66352754e+04  8.28453245e-09 
 1.74192718e+04  1.17406903e-08  1.74192718e+04  8.28440628e-09 
 1.82402168e+04  1.17395166e-08  1.82402168e+04  8.28427253e-09 
 1.90998517e+04  1.17382366e-08  1.90998517e+04  8.28413027e-09 
 2.00000000e+04  1.17368399e-08  2.00000000e+04  8.28397851e-09 
