 1.00000000e+00  7.86907373e+01  1.00000000e+00  1.79486307e+02 
 1.02329299e+00  7.86907242e+01  1.02329299e+00  1.79474341e+02 
 1.04712855e+00  7.86907105e+01  1.04712855e+00  1.79462095e+02 
 1.07151931e+00  7.86906962e+01  1.07151931e+00  1.79449565e+02 
 1.09647820e+00  7.86906811e+01  1.09647820e+00  1.79436742e+02 
 1.12201845e+00  7.86906654e+01  1.12201845e+00  1.79423621e+02 
 1.14815362e+00  7.86906489e+01  1.14815362e+00  1.79410194e+02 
 1.17489755e+00  7.86906317e+01  1.17489755e+00  1.79396454e+02 
 1.20226443e+00  7.86906136e+01  1.20226443e+00  1.79382394e+02 
 1.23026877e+00  7.86905946e+01  1.23026877e+00  1.79368007e+02 
 1.25892541e+00  7.86905748e+01  1.25892541e+00  1.79353284e+02 
 1.28824955e+00  7.86905540e+01  1.28824955e+00  1.79338219e+02 
 1.31825674e+00  7.86905322e+01  1.31825674e+00  1.79322802e+02 
 1.34896288e+00  7.86905094e+01  1.34896288e+00  1.79307027e+02 
 1.38038426e+00  7.86904855e+01  1.38038426e+00  1.79290883e+02 
 1.41253754e+00  7.86904605e+01  1.41253754e+00  1.79274364e+02 
 1.44543977e+00  7.86904343e+01  1.44543977e+00  1.79257460e+02 
 1.47910839e+00  7.86904068e+01  1.47910839e+00  1.79240162e+02 
 1.51356125e+00  7.86903780e+01  1.51356125e+00  1.79222461e+02 
 1.54881662e+00  7.86903479e+01  1.54881662e+00  1.79204347e+02 
 1.58489319e+00  7.86903164e+01  1.58489319e+00  1.79185812e+02 
 1.62181010e+00  7.86902833e+01  1.62181010e+00  1.79166845e+02 
 1.65958691e+00  7.86902487e+01  1.65958691e+00  1.79147435e+02 
 1.69824365e+00  7.86902124e+01  1.69824365e+00  1.79127574e+02 
 1.73780083e+00  7.86901744e+01  1.73780083e+00  1.79107250e+02 
 1.77827941e+00  7.86901346e+01  1.77827941e+00  1.79086452e+02 
 1.81970086e+00  7.86900930e+01  1.81970086e+00  1.79065170e+02 
 1.86208714e+00  7.86900493e+01  1.86208714e+00  1.79043392e+02 
 1.90546072e+00  7.86900036e+01  1.90546072e+00  1.79021106e+02 
 1.94984460e+00  7.86899557e+01  1.94984460e+00  1.78998302e+02 
 1.99526231e+00  7.86899056e+01  1.99526231e+00  1.78974966e+02 
 2.04173794e+00  7.86898531e+01  2.04173794e+00  1.78951086e+02 
 2.08929613e+00  7.86897980e+01  2.08929613e+00  1.78926650e+02 
 2.13796209e+00  7.86897404e+01  2.13796209e+00  1.78901644e+02 
 2.18776162e+00  7.86896801e+01  2.18776162e+00  1.78876056e+02 
 2.23872114e+00  7.86896169e+01  2.23872114e+00  1.78849871e+02 
 2.29086765e+00  7.86895507e+01  2.29086765e+00  1.78823076e+02 
 2.34422882e+00  7.86894813e+01  2.34422882e+00  1.78795657e+02 
 2.39883292e+00  7.86894087e+01  2.39883292e+00  1.78767599e+02 
 2.45470892e+00  7.86893326e+01  2.45470892e+00  1.78738887e+02 
 2.51188643e+00  7.86892529e+01  2.51188643e+00  1.78709506e+02 
 2.57039578e+00  7.86891694e+01  2.57039578e+00  1.78679441e+02 
 2.63026799e+00  7.86890820e+01  2.63026799e+00  1.78648674e+02 
 2.69153480e+00  7.86889905e+01  2.69153480e+00  1.78617191e+02 
 2.75422870e+00  7.86888945e+01  2.75422870e+00  1.78584974e+02 
 2.81838293e+00  7.86887941e+01  2.81838293e+00  1.78552006e+02 
 2.88403150e+00  7.86886888e+01  2.88403150e+00  1.78518270e+02 
 2.95120923e+00  7.86885786e+01  2.95120923e+00  1.78483747e+02 
 3.01995172e+00  7.86884632e+01  3.01995172e+00  1.78448420e+02 
 3.09029543e+00  7.86883422e+01  3.09029543e+00  1.78412269e+02 
 3.16227766e+00  7.86882155e+01  3.16227766e+00  1.78375275e+02 
 3.23593657e+00  7.86880828e+01  3.23593657e+00  1.78337420e+02 
 3.31131121e+00  7.86879438e+01  3.31131121e+00  1.78298682e+02 
 3.38844156e+00  7.86877982e+01  3.38844156e+00  1.78259040e+02 
 3.46736850e+00  7.86876457e+01  3.46736850e+00  1.78218475e+02 
 3.54813389e+00  7.86874859e+01  3.54813389e+00  1.78176964e+02 
 3.63078055e+00  7.86873185e+01  3.63078055e+00  1.78134485e+02 
 3.71535229e+00  7.86871431e+01  3.71535229e+00  1.78091016e+02 
 3.80189396e+00  7.86869594e+01  3.80189396e+00  1.78046533e+02 
 3.89045145e+00  7.86867669e+01  3.89045145e+00  1.78001013e+02 
 3.98107171e+00  7.86865652e+01  3.98107171e+00  1.77954432e+02 
 4.07380278e+00  7.86863539e+01  4.07380278e+00  1.77906765e+02 
 4.16869383e+00  7.86861326e+01  4.16869383e+00  1.77857986e+02 
 4.26579519e+00  7.86859007e+01  4.26579519e+00  1.77808069e+02 
 4.36515832e+00  7.86856577e+01  4.36515832e+00  1.77756989e+02 
 4.46683592e+00  7.86854031e+01  4.46683592e+00  1.77704717e+02 
 4.57088190e+00  7.86851363e+01  4.57088190e+00  1.77651226e+02 
 4.67735141e+00  7.86848567e+01  4.67735141e+00  1.77596487e+02 
 4.78630092e+00  7.86845638e+01  4.78630092e+00  1.77540472e+02 
 4.89778819e+00  7.86842569e+01  4.89778819e+00  1.77483150e+02 
 5.01187234e+00  7.86839352e+01  5.01187234e+00  1.77424491e+02 
 5.12861384e+00  7.86835981e+01  5.12861384e+00  1.77364464e+02 
 5.24807460e+00  7.86832448e+01  5.24807460e+00  1.77303036e+02 
 5.37031796e+00  7.86828746e+01  5.37031796e+00  1.77240175e+02 
 5.49540874e+00  7.86824866e+01  5.49540874e+00  1.77175848e+02 
 5.62341325e+00  7.86820799e+01  5.62341325e+00  1.77110020e+02 
 5.75439937e+00  7.86816536e+01  5.75439937e+00  1.77042656e+02 
 5.88843655e+00  7.86812068e+01  5.88843655e+00  1.76973720e+02 
 6.02559586e+00  7.86807384e+01  6.02559586e+00  1.76903176e+02 
 6.16595002e+00  7.86802475e+01  6.16595002e+00  1.76830986e+02 
 6.30957344e+00  7.86797328e+01  6.30957344e+00  1.76757111e+02 
 6.45654229e+00  7.86791933e+01  6.45654229e+00  1.76681513e+02 
 6.60693448e+00  7.86786276e+01  6.60693448e+00  1.76604150e+02 
 6.76082975e+00  7.86780345e+01  6.76082975e+00  1.76524983e+02 
 6.91830971e+00  7.86774127e+01  6.91830971e+00  1.76443968e+02 
 7.07945784e+00  7.86767607e+01  7.07945784e+00  1.76361062e+02 
 7.24435960e+00  7.86760771e+01  7.24435960e+00  1.76276222e+02 
 7.41310241e+00  7.86753602e+01  7.41310241e+00  1.76189402e+02 
 7.58577575e+00  7.86746083e+01  7.58577575e+00  1.76100557e+02 
 7.76247117e+00  7.86738199e+01  7.76247117e+00  1.76009639e+02 
 7.94328235e+00  7.86729930e+01  7.94328235e+00  1.75916599e+02 
 8.12830516e+00  7.86721257e+01  8.12830516e+00  1.75821389e+02 
 8.31763771e+00  7.86712159e+01  8.31763771e+00  1.75723958e+02 
 8.51138038e+00  7.86702617e+01  8.51138038e+00  1.75624255e+02 
 8.70963590e+00  7.86692607e+01  8.70963590e+00  1.75522226e+02 
 8.91250938e+00  7.86682106e+01  8.91250938e+00  1.75417818e+02 
 9.12010839e+00  7.86671089e+01  9.12010839e+00  1.75310976e+02 
 9.33254301e+00  7.86659530e+01  9.33254301e+00  1.75201643e+02 
 9.54992586e+00  7.86647402e+01  9.54992586e+00  1.75089763e+02 
 9.77237221e+00  7.86634676e+01  9.77237221e+00  1.74975275e+02 
 1.00000000e+01  7.86621323e+01  1.00000000e+01  1.74858121e+02 
 1.02329299e+01  7.86607310e+01  1.02329299e+01  1.74738239e+02 
 1.04712855e+01  7.86592604e+01  1.04712855e+01  1.74615565e+02 
 1.07151931e+01  7.86577170e+01  1.07151931e+01  1.74490038e+02 
 1.09647820e+01  7.86560971e+01  1.09647820e+01  1.74361590e+02 
 1.12201845e+01  7.86543969e+01  1.12201845e+01  1.74230157e+02 
 1.14815362e+01  7.86526122e+01  1.14815362e+01  1.74095669e+02 
 1.17489755e+01  7.86507389e+01  1.17489755e+01  1.73958057e+02 
 1.20226443e+01  7.86487723e+01  1.20226443e+01  1.73817252e+02 
 1.23026877e+01  7.86467079e+01  1.23026877e+01  1.73673181e+02 
 1.25892541e+01  7.86445406e+01  1.25892541e+01  1.73525771e+02 
 1.28824955e+01  7.86422652e+01  1.28824955e+01  1.73374947e+02 
 1.31825674e+01  7.86398763e+01  1.31825674e+01  1.73220633e+02 
 1.34896288e+01  7.86373682e+01  1.34896288e+01  1.73062752e+02 
 1.38038426e+01  7.86347348e+01  1.38038426e+01  1.72901226e+02 
 1.41253754e+01  7.86319698e+01  1.41253754e+01  1.72735973e+02 
 1.44543977e+01  7.86290666e+01  1.44543977e+01  1.72566914e+02 
 1.47910839e+01  7.86260182e+01  1.47910839e+01  1.72393965e+02 
 1.51356125e+01  7.86228175e+01  1.51356125e+01  1.72217043e+02 
 1.54881662e+01  7.86194567e+01  1.54881662e+01  1.72036062e+02 
 1.58489319e+01  7.86159278e+01  1.58489319e+01  1.71850936e+02 
 1.62181010e+01  7.86122227e+01  1.62181010e+01  1.71661578e+02 
 1.65958691e+01  7.86083323e+01  1.65958691e+01  1.71467899e+02 
 1.69824365e+01  7.86042478e+01  1.69824365e+01  1.71269809e+02 
 1.73780083e+01  7.85999593e+01  1.73780083e+01  1.71067217e+02 
 1.77827941e+01  7.85954571e+01  1.77827941e+01  1.70860032e+02 
 1.81970086e+01  7.85907305e+01  1.81970086e+01  1.70648161e+02 
 1.86208714e+01  7.85857687e+01  1.86208714e+01  1.70431510e+02 
 1.90546072e+01  7.85805603e+01  1.90546072e+01  1.70209985e+02 
 1.94984460e+01  7.85750934e+01  1.94984460e+01  1.69983491e+02 
 1.99526231e+01  7.85693556e+01  1.99526231e+01  1.69751931e+02 
 2.04173794e+01  7.85633340e+01  2.04173794e+01  1.69515211e+02 
 2.08929613e+01  7.85570151e+01  2.08929613e+01  1.69273232e+02 
 2.13796209e+01  7.85503849e+01  2.13796209e+01  1.69025898e+02 
 2.18776162e+01  7.85434288e+01  2.18776162e+01  1.68773112e+02 
 2.23872114e+01  7.85361316e+01  2.23872114e+01  1.68514774e+02 
 2.29086765e+01  7.85284776e+01  2.29086765e+01  1.68250789e+02 
 2.34422882e+01  7.85204503e+01  2.34422882e+01  1.67981059e+02 
 2.39883292e+01  7.85120327e+01  2.39883292e+01  1.67705486e+02 
 2.45470892e+01  7.85032073e+01  2.45470892e+01  1.67423973e+02 
 2.51188643e+01  7.84939555e+01  2.51188643e+01  1.67136423e+02 
 2.57039578e+01  7.84842585e+01  2.57039578e+01  1.66842742e+02 
 2.63026799e+01  7.84740965e+01  2.63026799e+01  1.66542835e+02 
 2.69153480e+01  7.84634492e+01  2.69153480e+01  1.66236607e+02 
 2.75422870e+01  7.84522955e+01  2.75422870e+01  1.65923965e+02 
 2.81838293e+01  7.84406136e+01  2.81838293e+01  1.65604819e+02 
 2.88403150e+01  7.84283809e+01  2.88403150e+01  1.65279079e+02 
 2.95120923e+01  7.84155741e+01  2.95120923e+01  1.64946656e+02 
 3.01995172e+01  7.84021692e+01  3.01995172e+01  1.64607466e+02 
 3.09029543e+01  7.83881414e+01  3.09029543e+01  1.64261424e+02 
 3.16227766e+01  7.83734651e+01  3.16227766e+01  1.63908449e+02 
 3.23593657e+01  7.83581140e+01  3.23593657e+01  1.63548463e+02 
 3.31131121e+01  7.83420609e+01  3.31131121e+01  1.63181391e+02 
 3.38844156e+01  7.83252780e+01  3.38844156e+01  1.62807160e+02 
 3.46736850e+01  7.83077366e+01  3.46736850e+01  1.62425702e+02 
 3.54813389e+01  7.82894071e+01  3.54813389e+01  1.62036952e+02 
 3.63078055e+01  7.82702594e+01  3.63078055e+01  1.61640849e+02 
 3.71535229e+01  7.82502624e+01  3.71535229e+01  1.61237338e+02 
 3.80189396e+01  7.82293843e+01  3.80189396e+01  1.60826367e+02 
 3.89045145e+01  7.82075925e+01  3.89045145e+01  1.60407890e+02 
 3.98107171e+01  7.81848538e+01  3.98107171e+01  1.59981866e+02 
 4.07380278e+01  7.81611340e+01  4.07380278e+01  1.59548260e+02 
 4.16869383e+01  7.81363985e+01  4.16869383e+01  1.59107044e+02 
 4.26579519e+01  7.81106117e+01  4.26579519e+01  1.58658196e+02 
 4.36515832e+01  7.80837375e+01  4.36515832e+01  1.58201699e+02 
 4.46683592e+01  7.80557392e+01  4.46683592e+01  1.57737547e+02 
 4.57088190e+01  7.80265792e+01  4.57088190e+01  1.57265738e+02 
 4.67735141e+01  7.79962198e+01  4.67735141e+01  1.56786281e+02 
 4.78630092e+01  7.79646223e+01  4.78630092e+01  1.56299191e+02 
 4.89778819e+01  7.79317478e+01  4.89778819e+01  1.55804494e+02 
 5.01187234e+01  7.78975569e+01  5.01187234e+01  1.55302223e+02 
 5.12861384e+01  7.78620097e+01  5.12861384e+01  1.54792422e+02 
 5.24807460e+01  7.78250662e+01  5.24807460e+01  1.54275144e+02 
 5.37031796e+01  7.77866859e+01  5.37031796e+01  1.53750453e+02 
 5.49540874e+01  7.77468282e+01  5.49540874e+01  1.53218423e+02 
 5.62341325e+01  7.77054525e+01  5.62341325e+01  1.52679139e+02 
 5.75439937e+01  7.76625180e+01  5.75439937e+01  1.52132696e+02 
 5.88843655e+01  7.76179840e+01  5.88843655e+01  1.51579202e+02 
 6.02559586e+01  7.75718100e+01  6.02559586e+01  1.51018777e+02 
 6.16595002e+01  7.75239556e+01  6.16595002e+01  1.50451549e+02 
 6.30957344e+01  7.74743809e+01  6.30957344e+01  1.49877662e+02 
 6.45654229e+01  7.74230463e+01  6.45654229e+01  1.49297271e+02 
 6.60693448e+01  7.73699126e+01  6.60693448e+01  1.48710541e+02 
 6.76082975e+01  7.73149416e+01  6.76082975e+01  1.48117652e+02 
 6.91830971e+01  7.72580955e+01  6.91830971e+01  1.47518795e+02 
 7.07945784e+01  7.71993375e+01  7.07945784e+01  1.46914172e+02 
 7.24435960e+01  7.71386318e+01  7.24435960e+01  1.46303998e+02 
 7.41310241e+01  7.70759436e+01  7.41310241e+01  1.45688501e+02 
 7.58577575e+01  7.70112393e+01  7.58577575e+01  1.45067917e+02 
 7.76247117e+01  7.69444867e+01  7.76247117e+01  1.44442497e+02 
 7.94328235e+01  7.68756549e+01  7.94328235e+01  1.43812501e+02 
 8.12830516e+01  7.68047145e+01  8.12830516e+01  1.43178200e+02 
 8.31763771e+01  7.67316379e+01  8.31763771e+01  1.42539874e+02 
 8.51138038e+01  7.66563992e+01  8.51138038e+01  1.41897816e+02 
 8.70963590e+01  7.65789741e+01  8.70963590e+01  1.41252323e+02 
 8.91250938e+01  7.64993406e+01  8.91250938e+01  1.40603705e+02 
 9.12010839e+01  7.64174784e+01  9.12010839e+01  1.39952278e+02 
 9.33254301e+01  7.63333695e+01  9.33254301e+01  1.39298364e+02 
 9.54992586e+01  7.62469979e+01  9.54992586e+01  1.38642292e+02 
 9.77237221e+01  7.61583500e+01  9.77237221e+01  1.37984398e+02 
 1.00000000e+02  7.60674144e+01  1.00000000e+02  1.37325022e+02 
 1.02329299e+02  7.59741820e+01  1.02329299e+02  1.36664506e+02 
 1.04712855e+02  7.58786461e+01  1.04712855e+02  1.36003197e+02 
 1.07151931e+02  7.57808026e+01  1.07151931e+02  1.35341444e+02 
 1.09647820e+02  7.56806495e+01  1.09647820e+02  1.34679596e+02 
 1.12201845e+02  7.55781875e+01  1.12201845e+02  1.34018004e+02 
 1.14815362e+02  7.54734196e+01  1.14815362e+02  1.33357016e+02 
 1.17489755e+02  7.53663513e+01  1.17489755e+02  1.32696981e+02 
 1.20226443e+02  7.52569904e+01  1.20226443e+02  1.32038243e+02 
 1.23026877e+02  7.51453470e+01  1.23026877e+02  1.31381145e+02 
 1.25892541e+02  7.50314339e+01  1.25892541e+02  1.30726024e+02 
 1.28824955e+02  7.49152657e+01  1.28824955e+02  1.30073212e+02 
 1.31825674e+02  7.47968595e+01  1.31825674e+02  1.29423037e+02 
 1.34896288e+02  7.46762345e+01  1.34896288e+02  1.28775818e+02 
 1.38038426e+02  7.45534120e+01  1.38038426e+02  1.28131868e+02 
 1.41253754e+02  7.44284150e+01  1.41253754e+02  1.27491490e+02 
 1.44543977e+02  7.43012689e+01  1.44543977e+02  1.26854981e+02 
 1.47910839e+02  7.41720004e+01  1.47910839e+02  1.26222627e+02 
 1.51356125e+02  7.40406382e+01  1.51356125e+02  1.25594704e+02 
 1.54881662e+02  7.39072126e+01  1.54881662e+02  1.24971478e+02 
 1.58489319e+02  7.37717552e+01  1.58489319e+02  1.24353204e+02 
 1.62181010e+02  7.36342991e+01  1.62181010e+02  1.23740126e+02 
 1.65958691e+02  7.34948786e+01  1.65958691e+02  1.23132476e+02 
 1.69824365e+02  7.33535293e+01  1.69824365e+02  1.22530476e+02 
 1.73780083e+02  7.32102876e+01  1.73780083e+02  1.21934333e+02 
 1.77827941e+02  7.30651910e+01  1.77827941e+02  1.21344245e+02 
 1.81970086e+02  7.29182777e+01  1.81970086e+02  1.20760395e+02 
 1.86208714e+02  7.27695867e+01  1.86208714e+02  1.20182956e+02 
 1.90546072e+02  7.26191575e+01  1.90546072e+02  1.19612086e+02 
 1.94984460e+02  7.24670300e+01  1.94984460e+02  1.19047935e+02 
 1.99526231e+02  7.23132448e+01  1.99526231e+02  1.18490637e+02 
 2.04173794e+02  7.21578423e+01  2.04173794e+02  1.17940315e+02 
 2.08929613e+02  7.20008634e+01  2.08929613e+02  1.17397082e+02 
 2.13796209e+02  7.18423490e+01  2.13796209e+02  1.16861037e+02 
 2.18776162e+02  7.16823400e+01  2.18776162e+02  1.16332268e+02 
 2.23872114e+02  7.15208772e+01  2.23872114e+02  1.15810853e+02 
 2.29086765e+02  7.13580012e+01  2.29086765e+02  1.15296859e+02 
 2.34422882e+02  7.11937524e+01  2.34422882e+02  1.14790342e+02 
 2.39883292e+02  7.10281708e+01  2.39883292e+02  1.14291348e+02 
 2.45470892e+02  7.08612962e+01  2.45470892e+02  1.13799913e+02 
 2.51188643e+02  7.06931679e+01  2.51188643e+02  1.13316064e+02 
 2.57039578e+02  7.05238245e+01  2.57039578e+02  1.12839818e+02 
 2.63026799e+02  7.03533043e+01  2.63026799e+02  1.12371184e+02 
 2.69153480e+02  7.01816449e+01  2.69153480e+02  1.11910164e+02 
 2.75422870e+02  7.00088833e+01  2.75422870e+02  1.11456749e+02 
 2.81838293e+02  6.98350560e+01  2.81838293e+02  1.11010926e+02 
 2.88403150e+02  6.96601985e+01  2.88403150e+02  1.10572671e+02 
 2.95120923e+02  6.94843457e+01  2.95120923e+02  1.10141957e+02 
 3.01995172e+02  6.93075319e+01  3.01995172e+02  1.09718748e+02 
 3.09029543e+02  6.91297904e+01  3.09029543e+02  1.09303005e+02 
 3.16227766e+02  6.89511539e+01  3.16227766e+02  1.08894679e+02 
 3.23593657e+02  6.87716543e+01  3.23593657e+02  1.08493720e+02 
 3.31131121e+02  6.85913226e+01  3.31131121e+02  1.08100070e+02 
 3.38844156e+02  6.84101890e+01  3.38844156e+02  1.07713670e+02 
 3.46736850e+02  6.82282830e+01  3.46736850e+02  1.07334453e+02 
 3.54813389e+02  6.80456331e+01  3.54813389e+02  1.06962350e+02 
 3.63078055e+02  6.78622672e+01  3.63078055e+02  1.06597290e+02 
 3.71535229e+02  6.76782122e+01  3.71535229e+02  1.06239195e+02 
 3.80189396e+02  6.74934942e+01  3.80189396e+02  1.05887988e+02 
 3.89045145e+02  6.73081388e+01  3.89045145e+02  1.05543587e+02 
 3.98107171e+02  6.71221703e+01  3.98107171e+02  1.05205908e+02 
 4.07380278e+02  6.69356127e+01  4.07380278e+02  1.04874865e+02 
 4.16869383e+02  6.67484890e+01  4.16869383e+02  1.04550371e+02 
 4.26579519e+02  6.65608215e+01  4.26579519e+02  1.04232336e+02 
 4.36515832e+02  6.63726316e+01  4.36515832e+02  1.03920670e+02 
 4.46683592e+02  6.61839401e+01  4.46683592e+02  1.03615280e+02 
 4.57088190e+02  6.59947672e+01  4.57088190e+02  1.03316073e+02 
 4.67735141e+02  6.58051322e+01  4.67735141e+02  1.03022956e+02 
 4.78630092e+02  6.56150538e+01  4.78630092e+02  1.02735834e+02 
 4.89778819e+02  6.54245500e+01  4.89778819e+02  1.02454612e+02 
 5.01187234e+02  6.52336382e+01  5.01187234e+02  1.02179194e+02 
 5.12861384e+02  6.50423351e+01  5.12861384e+02  1.01909486e+02 
 5.24807460e+02  6.48506569e+01  5.24807460e+02  1.01645392e+02 
 5.37031796e+02  6.46586190e+01  5.37031796e+02  1.01386816e+02 
 5.49540874e+02  6.44662364e+01  5.49540874e+02  1.01133662e+02 
 5.62341325e+02  6.42735234e+01  5.62341325e+02  1.00885836e+02 
 5.75439937e+02  6.40804938e+01  5.75439937e+02  1.00643244e+02 
 5.88843655e+02  6.38871610e+01  5.88843655e+02  1.00405791e+02 
 6.02559586e+02  6.36935376e+01  6.02559586e+02  1.00173383e+02 
 6.16595002e+02  6.34996360e+01  6.16595002e+02  9.99459277e+01 
 6.30957344e+02  6.33054679e+01  6.30957344e+02  9.97233329e+01 
 6.45654229e+02  6.31110446e+01  6.45654229e+02  9.95055073e+01 
 6.60693448e+02  6.29163770e+01  6.60693448e+02  9.92923602e+01 
 6.76082975e+02  6.27214755e+01  6.76082975e+02  9.90838020e+01 
 6.91830971e+02  6.25263502e+01  6.91830971e+02  9.88797440e+01 
 7.07945784e+02  6.23310105e+01  7.07945784e+02  9.86800985e+01 
 7.24435960e+02  6.21354658e+01  7.24435960e+02  9.84847789e+01 
 7.41310241e+02  6.19397248e+01  7.41310241e+02  9.82936996e+01 
 7.58577575e+02  6.17437960e+01  7.58577575e+02  9.81067761e+01 
 7.76247117e+02  6.15476875e+01  7.76247117e+02  9.79239250e+01 
 7.94328235e+02  6.13514071e+01  7.94328235e+02  9.77450641e+01 
 8.12830516e+02  6.11549623e+01  8.12830516e+02  9.75701124e+01 
 8.31763771e+02  6.09583602e+01  8.31763771e+02  9.73989901e+01 
 8.51138038e+02  6.07616077e+01  8.51138038e+02  9.72316183e+01 
 8.70963590e+02  6.05647112e+01  8.70963590e+02  9.70679198e+01 
 8.91250938e+02  6.03676772e+01  8.91250938e+02  9.69078183e+01 
 9.12010839e+02  6.01705115e+01  9.12010839e+02  9.67512387e+01 
 9.33254301e+02  5.99732200e+01  9.33254301e+02  9.65981073e+01 
 9.54992586e+02  5.97758082e+01  9.54992586e+02  9.64483515e+01 
 9.77237221e+02  5.95782813e+01  9.77237221e+02  9.63018999e+01 
 1.00000000e+03  5.93806444e+01  1.00000000e+03  9.61586826e+01 
 1.02329299e+03  5.91829024e+01  1.02329299e+03  9.60186305e+01 
 1.04712855e+03  5.89850598e+01  1.04712855e+03  9.58816761e+01 
 1.07151931e+03  5.87871212e+01  1.07151931e+03  9.57477529e+01 
 1.09647820e+03  5.85890906e+01  1.09647820e+03  9.56167956e+01 
 1.12201845e+03  5.83909723e+01  1.12201845e+03  9.54887401e+01 
 1.14815362e+03  5.81927700e+01  1.14815362e+03  9.53635238e+01 
 1.17489755e+03  5.79944876e+01  1.17489755e+03  9.52410847e+01 
 1.20226443e+03  5.77961284e+01  1.20226443e+03  9.51213624e+01 
 1.23026877e+03  5.75976960e+01  1.23026877e+03  9.50042976e+01 
 1.25892541e+03  5.73991936e+01  1.25892541e+03  9.48898320e+01 
 1.28824955e+03  5.72006242e+01  1.28824955e+03  9.47779085e+01 
 1.31825674e+03  5.70019909e+01  1.31825674e+03  9.46684710e+01 
 1.34896288e+03  5.68032965e+01  1.34896288e+03  9.45614648e+01 
 1.38038426e+03  5.66045437e+01  1.38038426e+03  9.44568359e+01 
 1.41253754e+03  5.64057350e+01  1.41253754e+03  9.43545317e+01 
 1.44543977e+03  5.62068731e+01  1.44543977e+03  9.42545004e+01 
 1.47910839e+03  5.60079602e+01  1.47910839e+03  9.41566914e+01 
 1.51356125e+03  5.58089987e+01  1.51356125e+03  9.40610550e+01 
 1.54881662e+03  5.56099906e+01  1.54881662e+03  9.39675426e+01 
 1.58489319e+03  5.54109382e+01  1.58489319e+03  9.38761066e+01 
 1.62181010e+03  5.52118432e+01  1.62181010e+03  9.37867003e+01 
 1.65958691e+03  5.50127077e+01  1.65958691e+03  9.36992780e+01 
 1.69824365e+03  5.48135335e+01  1.69824365e+03  9.36137949e+01 
 1.73780083e+03  5.46143222e+01  1.73780083e+03  9.35302071e+01 
 1.77827941e+03  5.44150756e+01  1.77827941e+03  9.34484718e+01 
 1.81970086e+03  5.42157952e+01  1.81970086e+03  9.33685468e+01 
 1.86208714e+03  5.40164825e+01  1.86208714e+03  9.32903911e+01 
 1.90546072e+03  5.38171390e+01  1.90546072e+03  9.32139642e+01 
 1.94984460e+03  5.36177661e+01  1.94984460e+03  9.31392267e+01 
 1.99526231e+03  5.34183650e+01  1.99526231e+03  9.30661399e+01 
 2.04173794e+03  5.32189370e+01  2.04173794e+03  9.29946660e+01 
 2.08929613e+03  5.30194834e+01  2.08929613e+03  9.29247680e+01 
 2.13796209e+03  5.28200052e+01  2.13796209e+03  9.28564096e+01 
 2.18776162e+03  5.26205036e+01  2.18776162e+03  9.27895553e+01 
 2.23872114e+03  5.24209796e+01  2.23872114e+03  9.27241703e+01 
 2.29086765e+03  5.22214343e+01  2.29086765e+03  9.26602207e+01 
 2.34422882e+03  5.20218685e+01  2.34422882e+03  9.25976731e+01 
 2.39883292e+03  5.18222833e+01  2.39883292e+03  9.25364948e+01 
 2.45470892e+03  5.16226794e+01  2.45470892e+03  9.24766541e+01 
 2.51188643e+03  5.14230577e+01  2.51188643e+03  9.24181197e+01 
 2.57039578e+03  5.12234190e+01  2.57039578e+03  9.23608609e+01 
 2.63026799e+03  5.10237641e+01  2.63026799e+03  9.23048479e+01 
 2.69153480e+03  5.08240937e+01  2.69153480e+03  9.22500514e+01 
 2.75422870e+03  5.06244085e+01  2.75422870e+03  9.21964426e+01 
 2.81838293e+03  5.04247092e+01  2.81838293e+03  9.21439935e+01 
 2.88403150e+03  5.02249963e+01  2.88403150e+03  9.20926767e+01 
 2.95120923e+03  5.00252705e+01  2.95120923e+03  9.20424652e+01 
 3.01995172e+03  4.98255325e+01  3.01995172e+03  9.19933326e+01 
 3.09029543e+03  4.96257826e+01  3.09029543e+03  9.19452533e+01 
 3.16227766e+03  4.94260215e+01  3.16227766e+03  9.18982019e+01 
 3.23593657e+03  4.92262497e+01  3.23593657e+03  9.18521537e+01 
 3.31131121e+03  4.90264676e+01  3.31131121e+03  9.18070845e+01 
 3.38844156e+03  4.88266758e+01  3.38844156e+03  9.17629707e+01 
 3.46736850e+03  4.86268745e+01  3.46736850e+03  9.17197890e+01 
 3.54813389e+03  4.84270644e+01  3.54813389e+03  9.16775167e+01 
 3.63078055e+03  4.82272457e+01  3.63078055e+03  9.16361315e+01 
 3.71535229e+03  4.80274189e+01  3.71535229e+03  9.15956117e+01 
 3.80189396e+03  4.78275843e+01  3.80189396e+03  9.15559360e+01 
 3.89045145e+03  4.76277422e+01  3.89045145e+03  9.15170833e+01 
 3.98107171e+03  4.74278931e+01  3.98107171e+03  9.14790334e+01 
 4.07380278e+03  4.72280372e+01  4.07380278e+03  9.14417660e+01 
 4.16869383e+03  4.70281748e+01  4.16869383e+03  9.14052615e+01 
 4.26579519e+03  4.68283062e+01  4.26579519e+03  9.13695007e+01 
 4.36515832e+03  4.66284318e+01  4.36515832e+03  9.13344647e+01 
 4.46683592e+03  4.64285517e+01  4.46683592e+03  9.13001351e+01 
 4.57088190e+03  4.62286662e+01  4.57088190e+03  9.12664936e+01 
 4.67735141e+03  4.60287756e+01  4.67735141e+03  9.12335226e+01 
 4.78630092e+03  4.58288801e+01  4.78630092e+03  9.12012047e+01 
 4.89778819e+03  4.56289798e+01  4.89778819e+03  9.11695227e+01 
 5.01187234e+03  4.54290752e+01  5.01187234e+03  9.11384599e+01 
 5.12861384e+03  4.52291662e+01  5.12861384e+03  9.11079999e+01 
 5.24807460e+03  4.50292532e+01  5.24807460e+03  9.10781267e+01 
 5.37031796e+03  4.48293362e+01  5.37031796e+03  9.10488244e+01 
 5.49540874e+03  4.46294156e+01  5.49540874e+03  9.10200775e+01 
 5.62341325e+03  4.44294913e+01  5.62341325e+03  9.09918709e+01 
 5.75439937e+03  4.42295637e+01  5.75439937e+03  9.09641896e+01 
 5.88843655e+03  4.40296329e+01  5.88843655e+03  9.09370190e+01 
 6.02559586e+03  4.38296990e+01  6.02559586e+03  9.09103447e+01 
 6.16595002e+03  4.36297621e+01  6.16595002e+03  9.08841527e+01 
 6.30957344e+03  4.34298224e+01  6.30957344e+03  9.08584290e+01 
 6.45654229e+03  4.32298800e+01  6.45654229e+03  9.08331600e+01 
 6.60693448e+03  4.30299350e+01  6.60693448e+03  9.08083324e+01 
 6.76082975e+03  4.28299876e+01  6.76082975e+03  9.07839331e+01 
 6.91830971e+03  4.26300378e+01  6.91830971e+03  9.07599490e+01 
 7.07945784e+03  4.24300859e+01  7.07945784e+03  9.07363677e+01 
 7.24435960e+03  4.22301317e+01  7.24435960e+03  9.07131764e+01 
 7.41310241e+03  4.20301756e+01  7.41310241e+03  9.06903630e+01 
 7.58577575e+03  4.18302175e+01  7.58577575e+03  9.06679155e+01 
 7.76247117e+03  4.16302575e+01  7.76247117e+03  9.06458218e+01 
 7.94328235e+03  4.14302958e+01  7.94328235e+03  9.06240703e+01 
 8.12830516e+03  4.12303324e+01  8.12830516e+03  9.06026496e+01 
 8.31763771e+03  4.10303674e+01  8.31763771e+03  9.05815481e+01 
 8.51138038e+03  4.08304009e+01  8.51138038e+03  9.05607549e+01 
 8.70963590e+03  4.06304329e+01  8.70963590e+03  9.05402588e+01 
 8.91250938e+03  4.04304635e+01  8.91250938e+03  9.05200490e+01 
 9.12010839e+03  4.02304927e+01  9.12010839e+03  9.05001149e+01 
 9.33254301e+03  4.00305207e+01  9.33254301e+03  9.04804457e+01 
 9.54992586e+03  3.98305475e+01  9.54992586e+03  9.04610312e+01 
 9.77237221e+03  3.96305731e+01  9.77237221e+03  9.04418610e+01 
 1.00000000e+04  3.94305977e+01  1.00000000e+04  9.04229250e+01 
 1.02329299e+04  3.92306211e+01  1.02329299e+04  9.04042132e+01 
 1.04712855e+04  3.90306436e+01  1.04712855e+04  9.03857156e+01 
 1.07151931e+04  3.88306652e+01  1.07151931e+04  9.03674224e+01 
 1.09647820e+04  3.86306858e+01  1.09647820e+04  9.03493240e+01 
 1.12201845e+04  3.84307056e+01  1.12201845e+04  9.03314107e+01 
 1.14815362e+04  3.82307245e+01  1.14815362e+04  9.03136731e+01 
 1.17489755e+04  3.80307427e+01  1.17489755e+04  9.02961017e+01 
 1.20226443e+04  3.78307602e+01  1.20226443e+04  9.02786873e+01 
 1.23026877e+04  3.76307769e+01  1.23026877e+04  9.02614207e+01 
 1.25892541e+04  3.74307930e+01  1.25892541e+04  9.02442926e+01 
 1.28824955e+04  3.72308084e+01  1.28824955e+04  9.02272940e+01 
 1.31825674e+04  3.70308233e+01  1.31825674e+04  9.02104159e+01 
 1.34896288e+04  3.68308375e+01  1.34896288e+04  9.01936493e+01 
 1.38038426e+04  3.66308513e+01  1.38038426e+04  9.01769854e+01 
 1.41253754e+04  3.64308645e+01  1.41253754e+04  9.01604153e+01 
 1.44543977e+04  3.62308772e+01  1.44543977e+04  9.01439303e+01 
 1.47910839e+04  3.60308895e+01  1.47910839e+04  9.01275216e+01 
 1.51356125e+04  3.58309014e+01  1.51356125e+04  9.01111805e+01 
 1.54881662e+04  3.56309129e+01  1.54881662e+04  9.00948984e+01 
 1.58489319e+04  3.54309239e+01  1.58489319e+04  9.00786666e+01 
 1.62181010e+04  3.52309347e+01  1.62181010e+04  9.00624766e+01 
 1.65958691e+04  3.50309451e+01  1.65958691e+04  9.00463197e+01 
 1.69824365e+04  3.48309552e+01  1.69824365e+04  9.00301873e+01 
 1.73780083e+04  3.46309650e+01  1.73780083e+04  9.00140711e+01 
 1.77827941e+04  3.44309745e+01  1.77827941e+04  8.99979623e+01 
 1.81970086e+04  3.42309838e+01  1.81970086e+04  8.99818525e+01 
 1.86208714e+04  3.40309928e+01  1.86208714e+04  8.99657331e+01 
 1.90546072e+04  3.38310017e+01  1.90546072e+04  8.99495956e+01 
 1.94984460e+04  3.36310104e+01  1.94984460e+04  8.99334315e+01 
 1.99526231e+04  3.34310189e+01  1.99526231e+04  8.99172321e+01 
 2.04173794e+04  3.32310272e+01  2.04173794e+04  8.99009889e+01 
 2.08929613e+04  3.30310354e+01  2.08929613e+04  8.98846933e+01 
 2.13796209e+04  3.28310435e+01  2.13796209e+04  8.98683367e+01 
 2.18776162e+04  3.26310515e+01  2.18776162e+04  8.98519103e+01 
 2.23872114e+04  3.24310594e+01  2.23872114e+04  8.98354056e+01 
 2.29086765e+04  3.22310672e+01  2.29086765e+04  8.98188137e+01 
 2.34422882e+04  3.20310750e+01  2.34422882e+04  8.98021258e+01 
 2.39883292e+04  3.18310828e+01  2.39883292e+04  8.97853332e+01 
 2.45470892e+04  3.16310905e+01  2.45470892e+04  8.97684269e+01 
 2.51188643e+04  3.14310983e+01  2.51188643e+04  8.97513980e+01 
 2.57039578e+04  3.12311061e+01  2.57039578e+04  8.97342375e+01 
 2.63026799e+04  3.10311139e+01  2.63026799e+04  8.97169362e+01 
 2.69153480e+04  3.08311217e+01  2.69153480e+04  8.96994851e+01 
 2.75422870e+04  3.06311296e+01  2.75422870e+04  8.96818748e+01 
 2.81838293e+04  3.04311377e+01  2.81838293e+04  8.96640961e+01 
 2.88403150e+04  3.02311458e+01  2.88403150e+04  8.96461395e+01 
 2.95120923e+04  3.00311540e+01  2.95120923e+04  8.96279956e+01 
 3.01995172e+04  2.98311624e+01  3.01995172e+04  8.96096547e+01 
 3.09029543e+04  2.96311709e+01  3.09029543e+04  8.95911072e+01 
 3.16227766e+04  2.94311796e+01  3.16227766e+04  8.95723432e+01 
 3.23593657e+04  2.92311885e+01  3.23593657e+04  8.95533528e+01 
 3.31131121e+04  2.90311976e+01  3.31131121e+04  8.95341259e+01 
 3.38844156e+04  2.88312070e+01  3.38844156e+04  8.95146525e+01 
 3.46736850e+04  2.86312166e+01  3.46736850e+04  8.94949221e+01 
 3.54813389e+04  2.84312265e+01  3.54813389e+04  8.94749244e+01 
 3.63078055e+04  2.82312367e+01  3.63078055e+04  8.94546489e+01 
 3.71535229e+04  2.80312472e+01  3.71535229e+04  8.94340846e+01 
 3.80189396e+04  2.78312581e+01  3.80189396e+04  8.94132209e+01 
 3.89045145e+04  2.76312693e+01  3.89045145e+04  8.93920467e+01 
 3.98107171e+04  2.74312809e+01  3.98107171e+04  8.93705508e+01 
 4.07380278e+04  2.72312930e+01  4.07380278e+04  8.93487219e+01 
 4.16869383e+04  2.70313055e+01  4.16869383e+04  8.93265484e+01 
 4.26579519e+04  2.68313185e+01  4.26579519e+04  8.93040186e+01 
 4.36515832e+04  2.66313320e+01  4.36515832e+04  8.92811206e+01 
 4.46683592e+04  2.64313460e+01  4.46683592e+04  8.92578424e+01 
 4.57088190e+04  2.62313606e+01  4.57088190e+04  8.92341717e+01 
 4.67735141e+04  2.60313758e+01  4.67735141e+04  8.92100960e+01 
 4.78630092e+04  2.58313917e+01  4.78630092e+04  8.91856025e+01 
 4.89778819e+04  2.56314082e+01  4.89778819e+04  8.91606784e+01 
 5.01187234e+04  2.54314255e+01  5.01187234e+04  8.91353106e+01 
 5.12861384e+04  2.52314435e+01  5.12861384e+04  8.91094857e+01 
 5.24807460e+04  2.50314623e+01  5.24807460e+04  8.90831901e+01 
 5.37031796e+04  2.48314819e+01  5.37031796e+04  8.90564099e+01 
 5.49540874e+04  2.46315025e+01  5.49540874e+04  8.90291310e+01 
 5.62341325e+04  2.44315240e+01  5.62341325e+04  8.90013391e+01 
 5.75439937e+04  2.42315465e+01  5.75439937e+04  8.89730196e+01 
 5.88843655e+04  2.40315701e+01  5.88843655e+04  8.89441576e+01 
 6.02559586e+04  2.38315947e+01  6.02559586e+04  8.89147379e+01 
 6.16595002e+04  2.36316206e+01  6.16595002e+04  8.88847451e+01 
 6.30957344e+04  2.34316476e+01  6.30957344e+04  8.88541634e+01 
 6.45654229e+04  2.32316760e+01  6.45654229e+04  8.88229767e+01 
 6.60693448e+04  2.30317058e+01  6.60693448e+04  8.87911687e+01 
 6.76082975e+04  2.28317370e+01  6.76082975e+04  8.87587228e+01 
 6.91830971e+04  2.26317697e+01  6.91830971e+04  8.87256218e+01 
 7.07945784e+04  2.24318041e+01  7.07945784e+04  8.86918484e+01 
 7.24435960e+04  2.22318401e+01  7.24435960e+04  8.86573850e+01 
 7.41310241e+04  2.20318779e+01  7.41310241e+04  8.86222135e+01 
 7.58577575e+04  2.18319177e+01  7.58577575e+04  8.85863155e+01 
 7.76247117e+04  2.16319594e+01  7.76247117e+04  8.85496722e+01 
 7.94328235e+04  2.14320033e+01  7.94328235e+04  8.85122645e+01 
 8.12830516e+04  2.12320494e+01  8.12830516e+04  8.84740728e+01 
 8.31763771e+04  2.10320978e+01  8.31763771e+04  8.84350772e+01 
 8.51138038e+04  2.08321487e+01  8.51138038e+04  8.83952573e+01 
 8.70963590e+04  2.06322022e+01  8.70963590e+04  8.83545922e+01 
 8.91250938e+04  2.04322585e+01  8.91250938e+04  8.83130610e+01 
 9.12010839e+04  2.02323178e+01  9.12010839e+04  8.82706417e+01 
 9.33254301e+04  2.00323801e+01  9.33254301e+04  8.82273125e+01 
 9.54992586e+04  1.98324456e+01  9.54992586e+04  8.81830506e+01 
 9.77237221e+04  1.96325147e+01  9.77237221e+04  8.81378332e+01 
 1.00000000e+05  1.94325873e+01  1.00000000e+05  8.80916365e+01 
 1.02329299e+05  1.92326638e+01  1.02329299e+05  8.80444368e+01 
 1.04712855e+05  1.90327444e+01  1.04712855e+05  8.79962093e+01 
 1.07151931e+05  1.88328293e+01  1.07151931e+05  8.79469290e+01 
 1.09647820e+05  1.86329187e+01  1.09647820e+05  8.78965705e+01 
 1.12201845e+05  1.84330129e+01  1.12201845e+05  8.78451074e+01 
 1.14815362e+05  1.82331122e+01  1.14815362e+05  8.77925132e+01 
 1.17489755e+05  1.80332169e+01  1.17489755e+05  8.77387606e+01 
 1.20226443e+05  1.78333272e+01  1.20226443e+05  8.76838217e+01 
 1.23026877e+05  1.76334436e+01  1.23026877e+05  8.76276680e+01 
 1.25892541e+05  1.74335664e+01  1.25892541e+05  8.75702705e+01 
 1.28824955e+05  1.72336958e+01  1.28824955e+05  8.75115994e+01 
 1.31825674e+05  1.70338324e+01  1.31825674e+05  8.74516244e+01 
 1.34896288e+05  1.68339766e+01  1.34896288e+05  8.73903144e+01 
 1.38038426e+05  1.66341287e+01  1.38038426e+05  8.73276378e+01 
 1.41253754e+05  1.64342893e+01  1.41253754e+05  8.72635620e+01 
 1.44543977e+05  1.62344588e+01  1.44543977e+05  8.71980539e+01 
 1.47910839e+05  1.60346377e+01  1.47910839e+05  8.71310797e+01 
 1.51356125e+05  1.58348267e+01  1.51356125e+05  8.70626046e+01 
 1.54881662e+05  1.56350262e+01  1.54881662e+05  8.69925934e+01 
 1.58489319e+05  1.54352369e+01  1.58489319e+05  8.69210096e+01 
 1.62181010e+05  1.52354595e+01  1.62181010e+05  8.68478163e+01 
 1.65958691e+05  1.50356947e+01  1.65958691e+05  8.67729756e+01 
 1.69824365e+05  1.48359431e+01  1.69824365e+05  8.66964487e+01 
 1.73780083e+05  1.46362055e+01  1.73780083e+05  8.66181959e+01 
 1.77827941e+05  1.44364828e+01  1.77827941e+05  8.65381768e+01 
 1.81970086e+05  1.42367758e+01  1.81970086e+05  8.64563496e+01 
 1.86208714e+05  1.40370853e+01  1.86208714e+05  8.63726720e+01 
 1.90546072e+05  1.38374125e+01  1.90546072e+05  8.62871006e+01 
 1.94984460e+05  1.36377581e+01  1.94984460e+05  8.61995907e+01 
 1.99526231e+05  1.34381234e+01  1.99526231e+05  8.61100968e+01 
 2.04173794e+05  1.32385094e+01  2.04173794e+05  8.60185724e+01 
 2.08929613e+05  1.30389173e+01  2.08929613e+05  8.59249696e+01 
 2.13796209e+05  1.28393483e+01  2.13796209e+05  8.58292395e+01 
 2.18776162e+05  1.26398036e+01  2.18776162e+05  8.57313322e+01 
 2.23872114e+05  1.24402848e+01  2.23872114e+05  8.56311963e+01 
 2.29086765e+05  1.22407931e+01  2.29086765e+05  8.55287793e+01 
 2.34422882e+05  1.20413301e+01  2.34422882e+05  8.54240274e+01 
 2.39883292e+05  1.18418973e+01  2.39883292e+05  8.53168856e+01 
 2.45470892e+05  1.16424964e+01  2.45470892e+05  8.52072974e+01 
 2.51188643e+05  1.14431291e+01  2.51188643e+05  8.50952049e+01 
 2.57039578e+05  1.12437972e+01  2.57039578e+05  8.49805490e+01 
 2.63026799e+05  1.10445026e+01  2.63026799e+05  8.48632688e+01 
 2.69153480e+05  1.08452473e+01  2.69153480e+05  8.47433022e+01 
 2.75422870e+05  1.06460334e+01  2.75422870e+05  8.46205855e+01 
 2.81838293e+05  1.04468629e+01  2.81838293e+05  8.44950533e+01 
 2.88403150e+05  1.02477383e+01  2.88403150e+05  8.43666386e+01 
 2.95120923e+05  1.00486618e+01  2.95120923e+05  8.42352729e+01 
 3.01995172e+05  9.84963591e+00  3.01995172e+05  8.41008857e+01 
 3.09029543e+05  9.65066326e+00  3.09029543e+05  8.39634051e+01 
 3.16227766e+05  9.45174653e+00  3.16227766e+05  8.38227571e+01 
 3.23593657e+05  9.25288855e+00  3.23593657e+05  8.36788660e+01 
 3.31131121e+05  9.05409225e+00  3.31131121e+05  8.35316541e+01 
 3.38844156e+05  8.85536073e+00  3.38844156e+05  8.33810420e+01 
 3.46736850e+05  8.65669718e+00  3.46736850e+05  8.32269480e+01 
 3.54813389e+05  8.45810497e+00  3.54813389e+05  8.30692886e+01 
 3.63078055e+05  8.25958759e+00  3.63078055e+05  8.29079781e+01 
 3.71535229e+05  8.06114871e+00  3.71535229e+05  8.27429287e+01 
 3.80189396e+05  7.86279212e+00  3.80189396e+05  8.25740503e+01 
 3.89045145e+05  7.66452182e+00  3.89045145e+05  8.24012507e+01 
 3.98107171e+05  7.46634196e+00  3.98107171e+05  8.22244352e+01 
 4.07380278e+05  7.26825687e+00  4.07380278e+05  8.20435070e+01 
 4.16869383e+05  7.07027108e+00  4.16869383e+05  8.18583666e+01 
 4.26579519e+05  6.87238932e+00  4.26579519e+05  8.16689121e+01 
 4.36515832e+05  6.67461652e+00  4.36515832e+05  8.14750391e+01 
 4.46683592e+05  6.47695783e+00  4.46683592e+05  8.12766405e+01 
 4.57088190e+05  6.27941862e+00  4.57088190e+05  8.10736065e+01 
 4.67735141e+05  6.08200453e+00  4.67735141e+05  8.08658246e+01 
 4.78630092e+05  5.88472141e+00  4.78630092e+05  8.06531794e+01 
 4.89778819e+05  5.68757539e+00  4.89778819e+05  8.04355526e+01 
 5.01187234e+05  5.49057288e+00  5.01187234e+05  8.02128228e+01 
 5.12861384e+05  5.29372056e+00  5.12861384e+05  7.99848656e+01 
 5.24807460e+05  5.09702543e+00  5.24807460e+05  7.97515533e+01 
 5.37031796e+05  4.90049479e+00  5.37031796e+05  7.95127551e+01 
 5.49540874e+05  4.70413628e+00  5.49540874e+05  7.92683367e+01 
 5.62341325e+05  4.50795788e+00  5.62341325e+05  7.90181603e+01 
 5.75439937e+05  4.31196793e+00  5.75439937e+05  7.87620845e+01 
 5.88843655e+05  4.11617516e+00  5.88843655e+05  7.84999643e+01 
 6.02559586e+05  3.92058868e+00  6.02559586e+05  7.82316509e+01 
 6.16595002e+05  3.72521803e+00  6.16595002e+05  7.79569912e+01 
 6.30957344e+05  3.53007319e+00  6.30957344e+05  7.76758285e+01 
 6.45654229e+05  3.33516459e+00  6.45654229e+05  7.73880016e+01 
 6.60693448e+05  3.14050313e+00  6.60693448e+05  7.70933449e+01 
 6.76082975e+05  2.94610021e+00  6.76082975e+05  7.67916884e+01 
 6.91830971e+05  2.75196777e+00  6.91830971e+05  7.64828573e+01 
 7.07945784e+05  2.55811829e+00  7.07945784e+05  7.61666720e+01 
 7.24435960e+05  2.36456481e+00  7.24435960e+05  7.58429478e+01 
 7.41310241e+05  2.17132099e+00  7.41310241e+05  7.55114950e+01 
 7.58577575e+05  1.97840109e+00  7.58577575e+05  7.51721180e+01 
 7.76247117e+05  1.78582004e+00  7.76247117e+05  7.48246158e+01 
 7.94328235e+05  1.59359345e+00  7.94328235e+05  7.44687816e+01 
 8.12830516e+05  1.40173764e+00  8.12830516e+05  7.41044023e+01 
 8.31763771e+05  1.21026969e+00  8.31763771e+05  7.37312583e+01 
 8.51138038e+05  1.01920743e+00  8.51138038e+05  7.33491234e+01 
 8.70963590e+05  8.28569528e-01  8.70963590e+05  7.29577646e+01 
 8.91250938e+05  6.38375471e-01  8.91250938e+05  7.25569412e+01 
 9.12010839e+05  4.48645645e-01  9.12010839e+05  7.21464050e+01 
 9.33254301e+05  2.59401345e-01  9.33254301e+05  7.17259000e+01 
 9.54992586e+05  7.06648249e-02  9.54992586e+05  7.12951613e+01 
 9.77237221e+05 -1.17540672e-01  9.77237221e+05  7.08539156e+01 
 1.00000000e+06 -3.05190869e-01  1.00000000e+06  7.04018799e+01 
 1.02329299e+06 -4.92260417e-01  1.02329299e+06  6.99387617e+01 
 1.04712855e+06 -6.78722857e-01  1.04712855e+06  6.94642580e+01 
 1.07151931e+06 -8.64550576e-01  1.07151931e+06  6.89780548e+01 
 1.09647820e+06 -1.04971477e+00  1.09647820e+06  6.84798267e+01 
 1.12201845e+06 -1.23418540e+00  1.12201845e+06  6.79692360e+01 
 1.14815362e+06 -1.41793115e+00  1.14815362e+06  6.74459319e+01 
 1.17489755e+06 -1.60091941e+00  1.17489755e+06  6.69095502e+01 
 1.20226443e+06 -1.78311621e+00  1.20226443e+06  6.63597118e+01 
 1.23026877e+06 -1.96448619e+00  1.23026877e+06  6.57960220e+01 
 1.25892541e+06 -2.14499259e+00  1.25892541e+06  6.52180696e+01 
 1.28824955e+06 -2.32459721e+00  1.28824955e+06  6.46254257e+01 
 1.31825674e+06 -2.50326039e+00  1.31825674e+06  6.40176425e+01 
 1.34896288e+06 -2.68094097e+00  1.34896288e+06  6.33942519e+01 
 1.38038426e+06 -2.85759634e+00  1.38038426e+06  6.27547639e+01 
 1.41253754e+06 -3.03318239e+00  1.41253754e+06  6.20986656e+01 
 1.44543977e+06 -3.20765354e+00  1.44543977e+06  6.14254187e+01 
 1.47910839e+06 -3.38096279e+00  1.47910839e+06  6.07344581e+01 
 1.51356125e+06 -3.55306174e+00  1.51356125e+06  6.00251899e+01 
 1.54881662e+06 -3.72390068e+00  1.54881662e+06  5.92969888e+01 
 1.58489319e+06 -3.89342869e+00  1.58489319e+06  5.85491957e+01 
 1.62181010e+06 -4.06159377e+00  1.62181010e+06  5.77811156e+01 
 1.65958691e+06 -4.22834298e+00  1.65958691e+06  5.69920137e+01 
 1.69824365e+06 -4.39362269e+00  1.69824365e+06  5.61811133e+01 
 1.73780083e+06 -4.55737886e+00  1.73780083e+06  5.53475916e+01 
 1.77827941e+06 -4.71955729e+00  1.77827941e+06  5.44905766e+01 
 1.81970086e+06 -4.88010414e+00  1.81970086e+06  5.36091429e+01 
 1.86208714e+06 -5.03896635e+00  1.86208714e+06  5.27023075e+01 
 1.90546072e+06 -5.19609224e+00  1.90546072e+06  5.17690255e+01 
 1.94984460e+06 -5.35143228e+00  1.94984460e+06  5.08081854e+01 
 1.99526231e+06 -5.50493991e+00  1.99526231e+06  4.98186042e+01 
 2.04173794e+06 -5.65657258e+00  2.04173794e+06  4.87990225e+01 
 2.08929613e+06 -5.80629296e+00  2.08929613e+06  4.77480995e+01 
 2.13796209e+06 -5.95407036e+00  2.13796209e+06  4.66644080e+01 
 2.18776162e+06 -6.09988239e+00  2.18776162e+06  4.55464299e+01 
 2.23872114e+06 -6.24371691e+00  2.23872114e+06  4.43925518e+01 
 2.29086765e+06 -6.38557426e+00  2.29086765e+06  4.32010619e+01 
 2.34422882e+06 -6.52546982e+00  2.34422882e+06  4.19701471e+01 
 2.39883292e+06 -6.66343691e+00  2.39883292e+06  4.06978925e+01 
 2.45470892e+06 -6.79953011e+00  2.45470892e+06  3.93822827e+01 
 2.51188643e+06 -6.93382888e+00  2.51188643e+06  3.80212055e+01 
 2.57039578e+06 -7.06644161e+00  2.57039578e+06  3.66124591e+01 
 2.63026799e+06 -7.19750998e+00  2.63026799e+06  3.51537640e+01 
 2.69153480e+06 -7.32721355e+00  2.69153480e+06  3.36427793e+01 
 2.75422870e+06 -7.45577464e+00  2.75422870e+06  3.20771264e+01 
 2.81838293e+06 -7.58346309e+00  2.81838293e+06  3.04544185e+01 
 2.88403150e+06 -7.71060095e+00  2.88403150e+06  2.87722997e+01 
 2.95120923e+06 -7.83756672e+00  2.95120923e+06  2.70284918e+01 
 3.01995172e+06 -7.96479875e+00  3.01995172e+06  2.52208517e+01 
 3.09029543e+06 -8.09279753e+00  3.09029543e+06  2.33474380e+01 
 3.16227766e+06 -8.22212636e+00  3.16227766e+06  2.14065859e+01 
 3.23593657e+06 -8.35340990e+00  3.23593657e+06  1.93969907e+01 
 3.31131121e+06 -8.48733012e+00  3.31131121e+06  1.73177951e+01 
 3.38844156e+06 -8.62461933e+00  3.38844156e+06  1.51686787e+01 
 3.46736850e+06 -8.76604982e+00  3.46736850e+06  1.29499435e+01 
 3.54813389e+06 -8.91242010e+00  3.54813389e+06  1.06625898e+01 
 3.63078055e+06 -9.06453797e+00  3.63078055e+06  8.30837610e+00 
 3.71535229e+06 -9.22320065e+00  3.71535229e+06  5.88985713e+00 
 3.80189396e+06 -9.38917301e+00  3.80189396e+06  3.41039199e+00 
 3.89045145e+06 -9.56316500e+00  3.89045145e+06  8.74119713e-01 
 3.98107171e+06 -9.74580952e+00  3.98107171e+06 -1.71410097e+00 
 4.07380278e+06 -9.93764250e+00  4.07380278e+06 -4.34878664e+00 
 4.16869383e+06 -1.01390865e+01  4.16869383e+06 -7.02395489e+00 
 4.26579519e+06 -1.03504393e+01  4.26579519e+06 -9.73327357e+00 
 4.36515832e+06 -1.05718678e+01  4.36515832e+06 -1.24702235e+01 
 4.46683592e+06 -1.08034085e+01  4.46683592e+06 -1.52282639e+01 
 4.57088190e+06 -1.10449734e+01  4.57088190e+06 -1.80009885e+01 
 4.67735141e+06 -1.12963614e+01  4.67735141e+06 -2.07822631e+01 
 4.78630092e+06 -1.15572727e+01  4.78630092e+06 -2.35663361e+01 
 4.89778819e+06 -1.18273266e+01  4.89778819e+06 -2.63479190e+01 
 5.01187234e+06 -1.21060799e+01  5.01187234e+06 -2.91222333e+01 
 5.12861384e+06 -1.23930446e+01  5.12861384e+06 -3.18850285e+01 
 5.24807460e+06 -1.26877046e+01  5.24807460e+06 -3.46325731e+01 
 5.37031796e+06 -1.29895297e+01  5.37031796e+06 -3.73616258e+01 
 5.49540874e+06 -1.32979868e+01  5.49540874e+06 -4.00693930e+01 
 5.62341325e+06 -1.36125492e+01  5.62341325e+06 -4.27534777e+01 
 5.75439937e+06 -1.39327017e+01  5.75439937e+06 -4.54118270e+01 
 5.88843655e+06 -1.42579448e+01  5.88843655e+06 -4.80426807e+01 
 6.02559586e+06 -1.45877960e+01  6.02559586e+06 -5.06445254e+01 
 6.16595002e+06 -1.49217904e+01  6.16595002e+06 -5.32160552e+01 
 6.30957344e+06 -1.52594796e+01  6.30957344e+06 -5.57561400e+01 
 6.45654229e+06 -1.56004309e+01  6.45654229e+06 -5.82638009e+01 
 6.60693448e+06 -1.59442255e+01  6.60693448e+06 -6.07381930e+01 
 6.76082975e+06 -1.62904572e+01  6.76082975e+06 -6.31785934e+01 
 6.91830971e+06 -1.66387313e+01  6.91830971e+06 -6.55843939e+01 
 7.07945784e+06 -1.69886633e+01  7.07945784e+06 -6.79550969e+01 
 7.24435960e+06 -1.73398790e+01  7.24435960e+06 -7.02903137e+01 
 7.41310241e+06 -1.76920135e+01  7.41310241e+06 -7.25897635e+01 
 7.58577575e+06 -1.80447120e+01  7.58577575e+06 -7.48532730e+01 
 7.76247117e+06 -1.83976294e+01  7.76247117e+06 -7.70807756e+01 
 7.94328235e+06 -1.87504316e+01  7.94328235e+06 -7.92723100e+01 
 8.12830516e+06 -1.91027954e+01  8.12830516e+06 -8.14280180e+01 
 8.31763771e+06 -1.94544098e+01  8.31763771e+06 -8.35481404e+01 
 8.51138038e+06 -1.98049763e+01  8.51138038e+06 -8.56330132e+01 
 8.70963590e+06 -2.01542099e+01  8.70963590e+06 -8.76830620e+01 
 8.91250938e+06 -2.05018393e+01  8.91250938e+06 -8.96987953e+01 
 9.12010839e+06 -2.08476079e+01  9.12010839e+06 -9.16807981e+01 
 9.33254301e+06 -2.11912738e+01  9.33254301e+06 -9.36297239e+01 
 9.54992586e+06 -2.15326101e+01  9.54992586e+06 -9.55462873e+01 
 9.77237221e+06 -2.18714055e+01  9.77237221e+06 -9.74312561e+01 
 1.00000000e+07 -2.22074639e+01  1.00000000e+07 -9.92854428e+01 
 1.02329299e+07 -2.25406043e+01  1.02329299e+07 -1.01109697e+02 
 1.04712855e+07 -2.28706612e+01  1.04712855e+07 -1.02904899e+02 
 1.07151931e+07 -2.31974838e+01  1.07151931e+07 -1.04671950e+02 
 1.09647820e+07 -2.35209358e+01  1.09647820e+07 -1.06411767e+02 
 1.12201845e+07 -2.38408953e+01  1.12201845e+07 -1.08125274e+02 
 1.14815362e+07 -2.41572542e+01  1.14815362e+07 -1.09813401e+02 
 1.17489755e+07 -2.44699177e+01  1.17489755e+07 -1.11477070e+02 
 1.20226443e+07 -2.47788038e+01  1.20226443e+07 -1.13117198e+02 
 1.23026877e+07 -2.50838431e+01  1.23026877e+07 -1.14734685e+02 
 1.25892541e+07 -2.53849779e+01  1.25892541e+07 -1.16330417e+02 
 1.28824955e+07 -2.56821620e+01  1.28824955e+07 -1.17905253e+02 
 1.31825674e+07 -2.59753598e+01  1.31825674e+07 -1.19460030e+02 
 1.34896288e+07 -2.62645463e+01  1.34896288e+07 -1.20995554e+02 
 1.38038426e+07 -2.65497062e+01  1.38038426e+07 -1.22512598e+02 
 1.41253754e+07 -2.68308335e+01  1.41253754e+07 -1.24011902e+02 
 1.44543977e+07 -2.71079314e+01  1.44543977e+07 -1.25494168e+02 
 1.47910839e+07 -2.73810111e+01  1.47910839e+07 -1.26960059e+02 
 1.51356125e+07 -2.76500919e+01  1.51356125e+07 -1.28410197e+02 
 1.54881662e+07 -2.79152008e+01  1.54881662e+07 -1.29845161e+02 
 1.58489319e+07 -2.81763717e+01  1.58489319e+07 -1.31265486e+02 
 1.62181010e+07 -2.84336453e+01  1.62181010e+07 -1.32671666e+02 
 1.65958691e+07 -2.86870685e+01  1.65958691e+07 -1.34064144e+02 
 1.69824365e+07 -2.89366943e+01  1.69824365e+07 -1.35443321e+02 
 1.73780083e+07 -2.91825811e+01  1.73780083e+07 -1.36809549e+02 
 1.77827941e+07 -2.94247923e+01  1.77827941e+07 -1.38163135e+02 
 1.81970086e+07 -2.96633966e+01  1.81970086e+07 -1.39504339e+02 
 1.86208714e+07 -2.98984666e+01  1.86208714e+07 -1.40833372e+02 
 1.90546072e+07 -3.01300795e+01  1.90546072e+07 -1.42150401e+02 
 1.94984460e+07 -3.03583158e+01  1.94984460e+07 -1.43455546e+02 
 1.99526231e+07 -3.05832597e+01  1.99526231e+07 -1.44748882e+02 
 2.04173794e+07 -3.08049983e+01  2.04173794e+07 -1.46030436e+02 
 2.08929613e+07 -3.10236216e+01  2.08929613e+07 -1.47300195e+02 
 2.13796209e+07 -3.12392218e+01  2.13796209e+07 -1.48558099e+02 
 2.18776162e+07 -3.14518931e+01  2.18776162e+07 -1.49804047e+02 
 2.23872114e+07 -3.16617314e+01  2.23872114e+07 -1.51037896e+02 
 2.29086765e+07 -3.18688341e+01  2.29086765e+07 -1.52259464e+02 
 2.34422882e+07 -3.20732992e+01  2.34422882e+07 -1.53468527e+02 
 2.39883292e+07 -3.22752255e+01  2.39883292e+07 -1.54664825e+02 
 2.45470892e+07 -3.24747119e+01  2.45470892e+07 -1.55848062e+02 
 2.51188643e+07 -3.26718572e+01  2.51188643e+07 -1.57017904e+02 
 2.57039578e+07 -3.28667597e+01  2.57039578e+07 -1.58173985e+02 
 2.63026799e+07 -3.30595168e+01  2.63026799e+07 -1.59315907e+02 
 2.69153480e+07 -3.32502243e+01  2.69153480e+07 -1.60443240e+02 
 2.75422870e+07 -3.34389768e+01  2.75422870e+07 -1.61555525e+02 
 2.81838293e+07 -3.36258664e+01  2.81838293e+07 -1.62652276e+02 
 2.88403150e+07 -3.38109830e+01  2.88403150e+07 -1.63732980e+02 
 2.95120923e+07 -3.39944135e+01  2.95120923e+07 -1.64797100e+02 
 3.01995172e+07 -3.41762417e+01  3.01995172e+07 -1.65844077e+02 
 3.09029543e+07 -3.43565475e+01  3.09029543e+07 -1.66873330e+02 
 3.16227766e+07 -3.45354072e+01  3.16227766e+07 -1.67884261e+02 
 3.23593657e+07 -3.47128922e+01  3.23593657e+07 -1.68876253e+02 
 3.31131121e+07 -3.48890695e+01  3.31131121e+07 -1.69848674e+02 
 3.38844156e+07 -3.50640007e+01  3.38844156e+07 -1.70800879e+02 
 3.46736850e+07 -3.52377420e+01  3.46736850e+07 -1.71732212e+02 
 3.54813389e+07 -3.54103435e+01  3.54813389e+07 -1.72642006e+02 
 3.63078055e+07 -3.55818493e+01  3.63078055e+07 -1.73529589e+02 
 3.71535229e+07 -3.57522966e+01  3.71535229e+07 -1.74394282e+02 
 3.80189396e+07 -3.59217158e+01  3.80189396e+07 -1.75235405e+02 
 3.89045145e+07 -3.60901298e+01  3.89045145e+07 -1.76052276e+02 
 3.98107171e+07 -3.62575541e+01  3.98107171e+07 -1.76844216e+02 
 4.07380278e+07 -3.64239961e+01  4.07380278e+07 -1.77610549e+02 
 4.16869383e+07 -3.65894551e+01  4.16869383e+07 -1.78350608e+02 
 4.26579519e+07 -3.67539215e+01  4.26579519e+07 -1.79063734e+02 
 4.36515832e+07 -3.69173773e+01  4.36515832e+07 -1.79749283e+02 
 4.46683592e+07 -3.70797953e+01  4.46683592e+07  1.79593375e+02 
 4.57088190e+07 -3.72411388e+01  4.57088190e+07  1.78964850e+02 
 4.67735141e+07 -3.74013620e+01  4.67735141e+07  1.78365730e+02 
 4.78630092e+07 -3.75604090e+01  4.78630092e+07  1.77796575e+02 
 4.89778819e+07 -3.77182142e+01  4.89778819e+07  1.77257916e+02 
 5.01187234e+07 -3.78747023e+01  5.01187234e+07  1.76750252e+02 
 5.12861384e+07 -3.80297876e+01  5.12861384e+07  1.76274039e+02 
 5.24807460e+07 -3.81833744e+01  5.24807460e+07  1.75829693e+02 
 5.37031796e+07 -3.83353569e+01  5.37031796e+07  1.75417581e+02 
 5.49540874e+07 -3.84856196e+01  5.49540874e+07  1.75038017e+02 
 5.62341325e+07 -3.86340365e+01  5.62341325e+07  1.74691256e+02 
 5.75439937e+07 -3.87804726e+01  5.75439937e+07  1.74377489e+02 
 5.88843655e+07 -3.89247830e+01  5.88843655e+07  1.74096836e+02 
 6.02559586e+07 -3.90668140e+01  6.02559586e+07  1.73849342e+02 
 6.16595002e+07 -3.92064034e+01  6.16595002e+07  1.73634967e+02 
 6.30957344e+07 -3.93433809e+01  6.30957344e+07  1.73453585e+02 
 6.45654229e+07 -3.94775691e+01  6.45654229e+07  1.73304972e+02 
 6.60693448e+07 -3.96087843e+01  6.60693448e+07  1.73188800e+02 
 6.76082975e+07 -3.97368374e+01  6.76082975e+07  1.73104636e+02 
 6.91830971e+07 -3.98615351e+01  6.91830971e+07  1.73051930e+02 
 7.07945784e+07 -3.99826812e+01  7.07945784e+07  1.73030009e+02 
 7.24435960e+07 -4.01000784e+01  7.24435960e+07  1.73038078e+02 
 7.41310241e+07 -4.02135296e+01  7.41310241e+07  1.73075207e+02 
 7.58577575e+07 -4.03228399e+01  7.58577575e+07  1.73140334e+02 
 7.76247117e+07 -4.04278186e+01  7.76247117e+07  1.73232259e+02 
 7.94328235e+07 -4.05282815e+01  7.94328235e+07  1.73349643e+02 
 8.12830516e+07 -4.06240530e+01  8.12830516e+07  1.73491010e+02 
 8.31763771e+07 -4.07149684e+01  8.31763771e+07  1.73654748e+02 
 8.51138038e+07 -4.08008768e+01  8.51138038e+07  1.73839113e+02 
 8.70963590e+07 -4.08816430e+01  8.70963590e+07  1.74042236e+02 
 8.91250938e+07 -4.09571503e+01  8.91250938e+07  1.74262133e+02 
 9.12010839e+07 -4.10273029e+01  9.12010839e+07  1.74496711e+02 
 9.33254301e+07 -4.10920277e+01  9.33254301e+07  1.74743788e+02 
 9.54992586e+07 -4.11512768e+01  9.54992586e+07  1.75001104e+02 
 9.77237221e+07 -4.12050289e+01  9.77237221e+07  1.75266340e+02 
 1.00000000e+08 -4.12532906e+01  1.00000000e+08  1.75537138e+02 
