 2.00000000e+01  9.38779413e-09  2.00000000e+01  9.40245323e-09 
 2.04658598e+01  9.37434835e-09  2.04658598e+01  9.38885846e-09 
 2.09425710e+01  9.36122328e-09  2.09425710e+01  9.37559100e-09 
 2.14303861e+01  9.34841104e-09  2.14303861e+01  9.36264268e-09 
 2.19295639e+01  9.33590397e-09  2.19295639e+01  9.35000552e-09 
 2.24403691e+01  9.32369456e-09  2.24403691e+01  9.33767176e-09 
 2.29630724e+01  9.31177555e-09  2.29630724e+01  9.32563386e-09 
 2.34979511e+01  9.30013981e-09  2.34979511e+01  9.31388444e-09 
 2.40452887e+01  9.28878042e-09  2.40452887e+01  9.30241634e-09 
 2.46053754e+01  9.27769063e-09  2.46053754e+01  9.29122259e-09 
 2.51785082e+01  9.26686386e-09  2.51785082e+01  9.28029639e-09 
 2.57649910e+01  9.25629370e-09  2.57649910e+01  9.26963111e-09 
 2.63651348e+01  9.24597389e-09  2.63651348e+01  9.25922030e-09 
 2.69792577e+01  9.23589833e-09  2.69792577e+01  9.24905769e-09 
 2.76076853e+01  9.22606110e-09  2.76076853e+01  9.23913716e-09 
 2.82507509e+01  9.21645640e-09  2.82507509e+01  9.22945274e-09 
 2.89087954e+01  9.20707857e-09  2.89087954e+01  9.21999862e-09 
 2.95821678e+01  9.19792213e-09  2.95821678e+01  9.21076916e-09 
 3.02712250e+01  9.18898171e-09  3.02712250e+01  9.20175883e-09 
 3.09763324e+01  9.18025208e-09  3.09763324e+01  9.19296227e-09 
 3.16978638e+01  9.17172813e-09  3.16978638e+01  9.18437425e-09 
 3.24362019e+01  9.16340491e-09  3.24362019e+01  9.17598967e-09 
 3.31917381e+01  9.15527756e-09  3.31917381e+01  9.16780356e-09 
 3.39648730e+01  9.14734136e-09  3.39648730e+01  9.15981108e-09 
 3.47560166e+01  9.13959170e-09  3.47560166e+01  9.15200752e-09 
 3.55655882e+01  9.13202409e-09  3.55655882e+01  9.14438827e-09 
 3.63940172e+01  9.12463416e-09  3.63940172e+01  9.13694886e-09 
 3.72417427e+01  9.11741763e-09  3.72417427e+01  9.12968492e-09 
 3.81092144e+01  9.11037034e-09  3.81092144e+01  9.12259220e-09 
 3.89968920e+01  9.10348822e-09  3.89968920e+01  9.11566655e-09 
 3.99052463e+01  9.09676733e-09  3.99052463e+01  9.10890392e-09 
 4.08347589e+01  9.09020379e-09  4.08347589e+01  9.10230038e-09 
 4.17859226e+01  9.08379385e-09  4.17859226e+01  9.09585208e-09 
 4.27592418e+01  9.07753382e-09  4.27592418e+01  9.08955528e-09 
 4.37552325e+01  9.07142013e-09  4.37552325e+01  9.08340633e-09 
 4.47744228e+01  9.06544929e-09  4.47744228e+01  9.07740167e-09 
 4.58173531e+01  9.05961788e-09  4.58173531e+01  9.07153783e-09 
 4.68845763e+01  9.05392259e-09  4.68845763e+01  9.06581142e-09 
 4.79766584e+01  9.04836017e-09  4.79766584e+01  9.06021915e-09 
 4.90941783e+01  9.04292746e-09  4.90941783e+01  9.05475780e-09 
 5.02377286e+01  9.03762137e-09  5.02377286e+01  9.04942423e-09 
 5.14079157e+01  9.03243891e-09  5.14079157e+01  9.04421539e-09 
 5.26053598e+01  9.02737713e-09  5.26053598e+01  9.03912830e-09 
 5.38306961e+01  9.02243317e-09  5.38306961e+01  9.03416004e-09 
 5.50845741e+01  9.01760424e-09  5.50845741e+01  9.02930778e-09 
 5.63676586e+01  9.01288761e-09  5.63676586e+01  9.02456875e-09 
 5.76806301e+01  9.00828063e-09  5.76806301e+01  9.01994026e-09 
 5.90241845e+01  9.00378070e-09  5.90241845e+01  9.01541967e-09 
 6.03990344e+01  8.99938529e-09  6.03990344e+01  9.01100441e-09 
 6.18059087e+01  8.99509193e-09  6.18059087e+01  9.00669199e-09 
 6.32455532e+01  8.99089821e-09  6.32455532e+01  9.00247997e-09 
 6.47187314e+01  8.98680179e-09  6.47187314e+01  8.99836595e-09 
 6.62262243e+01  8.98280036e-09  6.62262243e+01  8.99434762e-09 
 6.77688312e+01  8.97889170e-09  6.77688312e+01  8.99042270e-09 
 6.93473701e+01  8.97507361e-09  6.93473701e+01  8.98658899e-09 
 7.09626778e+01  8.97134397e-09  7.09626778e+01  8.98284434e-09 
 7.26156110e+01  8.96770070e-09  7.26156110e+01  8.97918663e-09 
 7.43070458e+01  8.96414176e-09  7.43070458e+01  8.97561381e-09 
 7.60378793e+01  8.96066518e-09  7.60378793e+01  8.97212387e-09 
 7.78090290e+01  8.95726902e-09  7.78090290e+01  8.96871487e-09 
 7.96214341e+01  8.95395140e-09  7.96214341e+01  8.96538490e-09 
 8.14760556e+01  8.95071048e-09  8.14760556e+01  8.96213209e-09 
 8.33738767e+01  8.94754445e-09  8.33738767e+01  8.95895463e-09 
 8.53159038e+01  8.94445157e-09  8.53159038e+01  8.95585074e-09 
 8.73031664e+01  8.94143012e-09  8.73031664e+01  8.95281870e-09 
 8.93367184e+01  8.93847844e-09  8.93367184e+01  8.94985682e-09 
 9.14176379e+01  8.93559488e-09  9.14176379e+01  8.94696345e-09 
 9.35470283e+01  8.93277787e-09  9.35470283e+01  8.94413698e-09 
 9.57260185e+01  8.93002584e-09  9.57260185e+01  8.94137584e-09 
 9.79557639e+01  8.92733727e-09  9.79557639e+01  8.93867851e-09 
 1.00237447e+02  8.92471070e-09  1.00237447e+02  8.93604349e-09 
 1.02572277e+02  8.92214466e-09  1.02572277e+02  8.93346933e-09 
 1.04961492e+02  8.91963776e-09  1.04961492e+02  8.93095458e-09 
 1.07406359e+02  8.91718861e-09  1.07406359e+02  8.92849788e-09 
 1.09908175e+02  8.91479587e-09  1.09908175e+02  8.92609786e-09 
 1.12468265e+02  8.91245822e-09  1.12468265e+02  8.92375319e-09 
 1.15087987e+02  8.91017439e-09  1.15087987e+02  8.92146260e-09 
 1.17768731e+02  8.90794312e-09  1.17768731e+02  8.91922480e-09 
 1.20511917e+02  8.90576319e-09  1.20511917e+02  8.91703858e-09 
 1.23319000e+02  8.90363341e-09  1.23319000e+02  8.91490273e-09 
 1.26191469e+02  8.90155261e-09  1.26191469e+02  8.91281608e-09 
 1.29130846e+02  8.89951966e-09  1.29130846e+02  8.91077748e-09 
 1.32138690e+02  8.89753344e-09  1.32138690e+02  8.90878581e-09 
 1.35216595e+02  8.89559287e-09  1.35216595e+02  8.90683999e-09 
 1.38366194e+02  8.89369690e-09  1.38366194e+02  8.90493894e-09 
 1.41589157e+02  8.89184448e-09  1.41589157e+02  8.90308162e-09 
 1.44887192e+02  8.89003462e-09  1.44887192e+02  8.90126703e-09 
 1.48262048e+02  8.88826632e-09  1.48262048e+02  8.89949416e-09 
 1.51715515e+02  8.88653862e-09  1.51715515e+02  8.89776205e-09 
 1.55249423e+02  8.88485058e-09  1.55249423e+02  8.89606975e-09 
 1.58865647e+02  8.88320129e-09  1.58865647e+02  8.89441634e-09 
 1.62566103e+02  8.88158985e-09  1.62566103e+02  8.89280092e-09 
 1.66352754e+02  8.88001538e-09  1.66352754e+02  8.89122261e-09 
 1.70227608e+02  8.87847703e-09  1.70227608e+02  8.88968054e-09 
 1.74192718e+02  8.87697396e-09  1.74192718e+02  8.88817388e-09 
 1.78250188e+02  8.87550536e-09  1.78250188e+02  8.88670181e-09 
 1.82402168e+02  8.87407044e-09  1.82402168e+02  8.88526353e-09 
 1.86650860e+02  8.87266841e-09  1.86650860e+02  8.88385825e-09 
 1.90998517e+02  8.87129852e-09  1.90998517e+02  8.88248522e-09 
 1.95447444e+02  8.86996002e-09  1.95447444e+02  8.88114368e-09 
 2.00000000e+02  8.86865219e-09  2.00000000e+02  8.87983292e-09 
 2.04658598e+02  8.86737433e-09  2.04658598e+02  8.87855221e-09 
 2.09425710e+02  8.86612574e-09  2.09425710e+02  8.87730086e-09 
 2.14303861e+02  8.86490575e-09  2.14303861e+02  8.87607821e-09 
 2.19295639e+02  8.86371370e-09  2.19295639e+02  8.87488357e-09 
 2.24403691e+02  8.86254895e-09  2.24403691e+02  8.87371631e-09 
 2.29630724e+02  8.86141086e-09  2.29630724e+02  8.87257580e-09 
 2.34979511e+02  8.86029882e-09  2.34979511e+02  8.87146142e-09 
 2.40452887e+02  8.85921224e-09  2.40452887e+02  8.87037257e-09 
 2.46053754e+02  8.85815053e-09  2.46053754e+02  8.86930865e-09 
 2.51785082e+02  8.85711311e-09  2.51785082e+02  8.86826910e-09 
 2.57649910e+02  8.85609944e-09  2.57649910e+02  8.86725334e-09 
 2.63651348e+02  8.85510895e-09  2.63651348e+02  8.86626085e-09 
 2.69792577e+02  8.85414112e-09  2.69792577e+02  8.86529107e-09 
 2.76076853e+02  8.85319542e-09  2.76076853e+02  8.86434348e-09 
 2.82507509e+02  8.85227136e-09  2.82507509e+02  8.86341758e-09 
 2.89087954e+02  8.85136843e-09  2.89087954e+02  8.86251287e-09 
 2.95821678e+02  8.85048614e-09  2.95821678e+02  8.86162885e-09 
 3.02712250e+02  8.84962403e-09  3.02712250e+02  8.86076505e-09 
 3.09763324e+02  8.84878162e-09  3.09763324e+02  8.85992101e-09 
 3.16978638e+02  8.84795847e-09  3.16978638e+02  8.85909628e-09 
 3.24362019e+02  8.84715413e-09  3.24362019e+02  8.85829040e-09 
 3.31917381e+02  8.84636818e-09  3.31917381e+02  8.85750295e-09 
 3.39648730e+02  8.84560018e-09  3.39648730e+02  8.85673350e-09 
 3.47560166e+02  8.84484974e-09  3.47560166e+02  8.85598163e-09 
 3.55655882e+02  8.84411644e-09  3.55655882e+02  8.85524695e-09 
 3.63940172e+02  8.84339989e-09  3.63940172e+02  8.85452906e-09 
 3.72417427e+02  8.84269971e-09  3.72417427e+02  8.85382758e-09 
 3.81092144e+02  8.84201553e-09  3.81092144e+02  8.85314212e-09 
 3.89968920e+02  8.84134697e-09  3.89968920e+02  8.85247232e-09 
 3.99052463e+02  8.84069368e-09  3.99052463e+02  8.85181781e-09 
 4.08347589e+02  8.84005530e-09  4.08347589e+02  8.85117826e-09 
 4.17859226e+02  8.83943151e-09  4.17859226e+02  8.85055331e-09 
 4.27592418e+02  8.83882195e-09  4.27592418e+02  8.84994263e-09 
 4.37552325e+02  8.83822631e-09  4.37552325e+02  8.84934590e-09 
 4.47744228e+02  8.83764427e-09  4.47744228e+02  8.84876278e-09 
 4.58173531e+02  8.83707551e-09  4.58173531e+02  8.84819298e-09 
 4.68845763e+02  8.83651974e-09  4.68845763e+02  8.84763617e-09 
 4.79766584e+02  8.83597665e-09  4.79766584e+02  8.84709208e-09 
 4.90941783e+02  8.83544595e-09  4.90941783e+02  8.84656040e-09 
 5.02377286e+02  8.83492736e-09  5.02377286e+02  8.84604085e-09 
 5.14079157e+02  8.83442061e-09  5.14079157e+02  8.84553315e-09 
 5.26053598e+02  8.83392541e-09  5.26053598e+02  8.84503703e-09 
 5.38306961e+02  8.83344152e-09  5.38306961e+02  8.84455222e-09 
 5.50845741e+02  8.83296866e-09  5.50845741e+02  8.84407847e-09 
 5.63676586e+02  8.83250658e-09  5.63676586e+02  8.84361551e-09 
 5.76806301e+02  8.83205505e-09  5.76806301e+02  8.84316311e-09 
 5.90241845e+02  8.83161381e-09  5.90241845e+02  8.84272103e-09 
 6.03990344e+02  8.83118263e-09  6.03990344e+02  8.84228901e-09 
 6.18059087e+02  8.83076129e-09  6.18059087e+02  8.84186684e-09 
 6.32455532e+02  8.83034955e-09  6.32455532e+02  8.84145428e-09 
 6.47187314e+02  8.82994720e-09  6.47187314e+02  8.84105112e-09 
 6.62262243e+02  8.82955402e-09  6.62262243e+02  8.84065714e-09 
 6.77688312e+02  8.82916981e-09  6.77688312e+02  8.84027213e-09 
 6.93473701e+02  8.82879434e-09  6.93473701e+02  8.83989589e-09 
 7.09626778e+02  8.82842744e-09  7.09626778e+02  8.83952820e-09 
 7.26156110e+02  8.82806890e-09  7.26156110e+02  8.83916888e-09 
 7.43070458e+02  8.82771852e-09  7.43070458e+02  8.83881774e-09 
 7.60378793e+02  8.82737613e-09  7.60378793e+02  8.83847458e-09 
 7.78090290e+02  8.82704154e-09  7.78090290e+02  8.83813922e-09 
 7.96214341e+02  8.82671457e-09  7.96214341e+02  8.83781148e-09 
 8.14760556e+02  8.82639505e-09  8.14760556e+02  8.83749119e-09 
 8.33738767e+02  8.82608280e-09  8.33738767e+02  8.83717818e-09 
 8.53159038e+02  8.82577766e-09  8.53159038e+02  8.83687227e-09 
 8.73031664e+02  8.82547947e-09  8.73031664e+02  8.83657331e-09 
 8.93367184e+02  8.82518806e-09  8.93367184e+02  8.83628113e-09 
 9.14176379e+02  8.82490329e-09  9.14176379e+02  8.83599557e-09 
 9.35470283e+02  8.82462500e-09  9.35470283e+02  8.83571650e-09 
 9.57260185e+02  8.82435304e-09  9.57260185e+02  8.83544374e-09 
 9.79557639e+02  8.82408727e-09  9.79557639e+02  8.83517717e-09 
 1.00237447e+03  8.82382754e-09  1.00237447e+03  8.83491663e-09 
 1.02572277e+03  8.82357372e-09  1.02572277e+03  8.83466198e-09 
 1.04961492e+03  8.82332567e-09  1.04961492e+03  8.83441310e-09 
 1.07406359e+03  8.82308326e-09  1.07406359e+03  8.83416984e-09 
 1.09908175e+03  8.82284635e-09  1.09908175e+03  8.83393207e-09 
 1.12468265e+03  8.82261483e-09  1.12468265e+03  8.83369967e-09 
 1.15087987e+03  8.82238857e-09  1.15087987e+03  8.83347251e-09 
 1.17768731e+03  8.82216745e-09  1.17768731e+03  8.83325048e-09 
 1.20511917e+03  8.82195134e-09  1.20511917e+03  8.83303344e-09 
 1.23319000e+03  8.82174015e-09  1.23319000e+03  8.83282128e-09 
 1.26191469e+03  8.82153374e-09  1.26191469e+03  8.83261390e-09 
 1.29130846e+03  8.82133202e-09  1.29130846e+03  8.83241117e-09 
 1.32138690e+03  8.82113487e-09  1.32138690e+03  8.83221298e-09 
 1.35216595e+03  8.82094218e-09  1.35216595e+03  8.83201924e-09 
 1.38366194e+03  8.82075387e-09  1.38366194e+03  8.83182983e-09 
 1.41589157e+03  8.82056981e-09  1.41589157e+03  8.83164465e-09 
 1.44887192e+03  8.82038993e-09  1.44887192e+03  8.83146361e-09 
 1.48262048e+03  8.82021411e-09  1.48262048e+03  8.83128660e-09 
 1.51715515e+03  8.82004227e-09  1.51715515e+03  8.83111352e-09 
 1.55249423e+03  8.81987432e-09  1.55249423e+03  8.83094429e-09 
 1.58865647e+03  8.81971015e-09  1.58865647e+03  8.83077881e-09 
 1.62566103e+03  8.81954970e-09  1.62566103e+03  8.83061699e-09 
 1.66352754e+03  8.81939286e-09  1.66352754e+03  8.83045873e-09 
 1.70227608e+03  8.81923955e-09  1.70227608e+03  8.83030397e-09 
 1.74192718e+03  8.81908970e-09  1.74192718e+03  8.83015260e-09 
 1.78250188e+03  8.81894323e-09  1.78250188e+03  8.83000455e-09 
 1.82402168e+03  8.81880004e-09  1.82402168e+03  8.82985973e-09 
 1.86650860e+03  8.81866007e-09  1.86650860e+03  8.82971806e-09 
 1.90998517e+03  8.81852325e-09  1.90998517e+03  8.82957947e-09 
 1.95447444e+03  8.81838949e-09  1.95447444e+03  8.82944387e-09 
 2.00000000e+03  8.81825872e-09  2.00000000e+03  8.82931120e-09 
 2.04658598e+03  8.81813088e-09  2.04658598e+03  8.82918137e-09 
 2.09425710e+03  8.81800589e-09  2.09425710e+03  8.82905432e-09 
 2.14303861e+03  8.81788369e-09  2.14303861e+03  8.82892997e-09 
 2.19295639e+03  8.81776421e-09  2.19295639e+03  8.82880825e-09 
 2.24403691e+03  8.81764739e-09  2.24403691e+03  8.82868909e-09 
 2.29630724e+03  8.81753316e-09  2.29630724e+03  8.82857242e-09 
 2.34979511e+03  8.81742145e-09  2.34979511e+03  8.82845818e-09 
 2.40452887e+03  8.81731222e-09  2.40452887e+03  8.82834630e-09 
 2.46053754e+03  8.81720540e-09  2.46053754e+03  8.82823671e-09 
 2.51785082e+03  8.81710092e-09  2.51785082e+03  8.82812936e-09 
 2.57649910e+03  8.81699874e-09  2.57649910e+03  8.82802417e-09 
 2.63651348e+03  8.81689880e-09  2.63651348e+03  8.82792108e-09 
 2.69792577e+03  8.81680104e-09  2.69792577e+03  8.82782004e-09 
 2.76076853e+03  8.81670540e-09  2.76076853e+03  8.82772098e-09 
 2.82507509e+03  8.81661184e-09  2.82507509e+03  8.82762384e-09 
 2.89087954e+03  8.81652030e-09  2.89087954e+03  8.82752856e-09 
 2.95821678e+03  8.81643073e-09  2.95821678e+03  8.82743509e-09 
 3.02712250e+03  8.81634308e-09  3.02712250e+03  8.82734336e-09 
 3.09763324e+03  8.81625730e-09  3.09763324e+03  8.82725332e-09 
 3.16978638e+03  8.81617334e-09  3.16978638e+03  8.82716490e-09 
 3.24362019e+03  8.81609116e-09  3.24362019e+03  8.82707806e-09 
 3.31917381e+03  8.81601071e-09  3.31917381e+03  8.82699274e-09 
 3.39648730e+03  8.81593194e-09  3.39648730e+03  8.82690887e-09 
 3.47560166e+03  8.81585480e-09  3.47560166e+03  8.82682641e-09 
 3.55655882e+03  8.81577926e-09  3.55655882e+03  8.82674530e-09 
 3.63940172e+03  8.81570526e-09  3.63940172e+03  8.82666548e-09 
 3.72417427e+03  8.81563277e-09  3.72417427e+03  8.82658689e-09 
 3.81092144e+03  8.81556174e-09  3.81092144e+03  8.82650948e-09 
 3.89968920e+03  8.81549213e-09  3.89968920e+03  8.82643320e-09 
 3.99052463e+03  8.81542389e-09  3.99052463e+03  8.82635799e-09 
 4.08347589e+03  8.81535700e-09  4.08347589e+03  8.82628380e-09 
 4.17859226e+03  8.81529139e-09  4.17859226e+03  8.82621056e-09 
 4.27592418e+03  8.81522705e-09  4.27592418e+03  8.82613822e-09 
 4.37552325e+03  8.81516392e-09  4.37552325e+03  8.82606673e-09 
 4.47744228e+03  8.81510196e-09  4.47744228e+03  8.82599603e-09 
 4.58173531e+03  8.81504114e-09  4.58173531e+03  8.82592605e-09 
 4.68845763e+03  8.81498142e-09  4.68845763e+03  8.82585675e-09 
 4.79766584e+03  8.81492276e-09  4.79766584e+03  8.82578806e-09 
 4.90941783e+03  8.81486513e-09  4.90941783e+03  8.82571993e-09 
 5.02377286e+03  8.81480847e-09  5.02377286e+03  8.82565229e-09 
 5.14079157e+03  8.81475276e-09  5.14079157e+03  8.82558508e-09 
 5.26053598e+03  8.81469796e-09  5.26053598e+03  8.82551824e-09 
 5.38306961e+03  8.81464403e-09  5.38306961e+03  8.82545171e-09 
 5.50845741e+03  8.81459093e-09  5.50845741e+03  8.82538543e-09 
 5.63676586e+03  8.81453863e-09  5.63676586e+03  8.82531932e-09 
 5.76806301e+03  8.81448708e-09  5.76806301e+03  8.82525333e-09 
 5.90241845e+03  8.81443625e-09  5.90241845e+03  8.82518738e-09 
 6.03990344e+03  8.81438611e-09  6.03990344e+03  8.82512140e-09 
 6.18059087e+03  8.81433660e-09  6.18059087e+03  8.82505532e-09 
 6.32455532e+03  8.81428771e-09  6.32455532e+03  8.82498908e-09 
 6.47187314e+03  8.81423938e-09  6.47187314e+03  8.82492259e-09 
 6.62262243e+03  8.81419158e-09  6.62262243e+03  8.82485577e-09 
 6.77688312e+03  8.81414427e-09  6.77688312e+03  8.82478856e-09 
 6.93473701e+03  8.81409741e-09  6.93473701e+03  8.82472086e-09 
 7.09626778e+03  8.81405097e-09  7.09626778e+03  8.82465260e-09 
 7.26156110e+03  8.81400489e-09  7.26156110e+03  8.82458368e-09 
 7.43070458e+03  8.81395914e-09  7.43070458e+03  8.82451403e-09 
 7.60378793e+03  8.81391368e-09  7.60378793e+03  8.82444354e-09 
 7.78090290e+03  8.81386847e-09  7.78090290e+03  8.82437212e-09 
 7.96214341e+03  8.81382346e-09  7.96214341e+03  8.82429967e-09 
 8.14760556e+03  8.81377861e-09  8.14760556e+03  8.82422610e-09 
 8.33738767e+03  8.81373388e-09  8.33738767e+03  8.82415130e-09 
 8.53159038e+03  8.81368922e-09  8.53159038e+03  8.82407515e-09 
 8.73031664e+03  8.81364458e-09  8.73031664e+03  8.82399756e-09 
 8.93367184e+03  8.81359992e-09  8.93367184e+03  8.82391839e-09 
 9.14176379e+03  8.81355519e-09  9.14176379e+03  8.82383753e-09 
 9.35470283e+03  8.81351034e-09  9.35470283e+03  8.82375486e-09 
 9.57260185e+03  8.81346532e-09  9.57260185e+03  8.82367024e-09 
 9.79557639e+03  8.81342008e-09  9.79557639e+03  8.82358353e-09 
 1.00237447e+04  8.81337455e-09  1.00237447e+04  8.82349461e-09 
 1.02572277e+04  8.81332870e-09  1.02572277e+04  8.82340331e-09 
 1.04961492e+04  8.81328246e-09  1.04961492e+04  8.82330950e-09 
 1.07406359e+04  8.81323577e-09  1.07406359e+04  8.82321300e-09 
 1.09908175e+04  8.81318857e-09  1.09908175e+04  8.82311366e-09 
 1.12468265e+04  8.81314080e-09  1.12468265e+04  8.82301131e-09 
 1.15087987e+04  8.81309240e-09  1.15087987e+04  8.82290576e-09 
 1.17768731e+04  8.81304329e-09  1.17768731e+04  8.82279682e-09 
 1.20511917e+04  8.81299342e-09  1.20511917e+04  8.82268432e-09 
 1.23319000e+04  8.81294271e-09  1.23319000e+04  8.82256804e-09 
 1.26191469e+04  8.81289108e-09  1.26191469e+04  8.82244776e-09 
 1.29130846e+04  8.81283847e-09  1.29130846e+04  8.82232329e-09 
 1.32138690e+04  8.81278478e-09  1.32138690e+04  8.82219437e-09 
 1.35216595e+04  8.81272995e-09  1.35216595e+04  8.82206078e-09 
 1.38366194e+04  8.81267388e-09  1.38366194e+04  8.82192226e-09 
 1.41589157e+04  8.81261648e-09  1.41589157e+04  8.82177856e-09 
 1.44887192e+04  8.81255767e-09  1.44887192e+04  8.82162940e-09 
 1.48262048e+04  8.81249735e-09  1.48262048e+04  8.82147450e-09 
 1.51715515e+04  8.81243541e-09  1.51715515e+04  8.82131357e-09 
 1.55249423e+04  8.81237177e-09  1.55249423e+04  8.82114629e-09 
 1.58865647e+04  8.81230630e-09  1.58865647e+04  8.82097234e-09 
 1.62566103e+04  8.81223890e-09  1.62566103e+04  8.82079139e-09 
 1.66352754e+04  8.81216946e-09  1.66352754e+04  8.82060308e-09 
 1.70227608e+04  8.81209784e-09  1.70227608e+04  8.82040705e-09 
 1.74192718e+04  8.81202393e-09  1.74192718e+04  8.82020292e-09 
 1.78250188e+04  8.81194760e-09  1.78250188e+04  8.81999028e-09 
 1.82402168e+04  8.81186870e-09  1.82402168e+04  8.81976871e-09 
 1.86650860e+04  8.81178710e-09  1.86650860e+04  8.81953779e-09 
 1.90998517e+04  8.81170264e-09  1.90998517e+04  8.81929705e-09 
 1.95447444e+04  8.81161518e-09  1.95447444e+04  8.81904603e-09 
 2.00000000e+04  8.81152455e-09  2.00000000e+04  8.81878421e-09 
