 2.00000000e+01  1.51746011e-08  2.00000000e+01  1.07245926e-08 
 2.04658598e+01  1.51589176e-08  2.04658598e+01  1.07133622e-08 
 2.09425710e+01  1.51435927e-08  2.09425710e+01  1.07023922e-08 
 2.14303861e+01  1.51286182e-08  2.14303861e+01  1.06916763e-08 
 2.19295639e+01  1.51139862e-08  2.19295639e+01  1.06812087e-08 
 2.24403691e+01  1.50996887e-08  2.24403691e+01  1.06709835e-08 
 2.29630724e+01  1.50857182e-08  2.29630724e+01  1.06609950e-08 
 2.34979511e+01  1.50720671e-08  2.34979511e+01  1.06512376e-08 
 2.40452887e+01  1.50587282e-08  2.40452887e+01  1.06417059e-08 
 2.46053754e+01  1.50456942e-08  2.46053754e+01  1.06323947e-08 
 2.51785082e+01  1.50329583e-08  2.51785082e+01  1.06232988e-08 
 2.57649910e+01  1.50205135e-08  2.57649910e+01  1.06144131e-08 
 2.63651348e+01  1.50083532e-08  2.63651348e+01  1.06057326e-08 
 2.69792577e+01  1.49964709e-08  2.69792577e+01  1.05972527e-08 
 2.76076853e+01  1.49848603e-08  2.76076853e+01  1.05889686e-08 
 2.82507509e+01  1.49735151e-08  2.82507509e+01  1.05808758e-08 
 2.89087954e+01  1.49624292e-08  2.89087954e+01  1.05729697e-08 
 2.95821678e+01  1.49515967e-08  2.95821678e+01  1.05652460e-08 
 3.02712250e+01  1.49410117e-08  3.02712250e+01  1.05577005e-08 
 3.09763324e+01  1.49306687e-08  3.09763324e+01  1.05503289e-08 
 3.16978638e+01  1.49205621e-08  3.16978638e+01  1.05431273e-08 
 3.24362019e+01  1.49106865e-08  3.24362019e+01  1.05360917e-08 
 3.31917381e+01  1.49010365e-08  3.31917381e+01  1.05292182e-08 
 3.39648730e+01  1.48916070e-08  3.39648730e+01  1.05225030e-08 
 3.47560166e+01  1.48823930e-08  3.47560166e+01  1.05159425e-08 
 3.55655882e+01  1.48733895e-08  3.55655882e+01  1.05095331e-08 
 3.63940172e+01  1.48645917e-08  3.63940172e+01  1.05032712e-08 
 3.72417427e+01  1.48559950e-08  3.72417427e+01  1.04971534e-08 
 3.81092144e+01  1.48475946e-08  3.81092144e+01  1.04911764e-08 
 3.89968920e+01  1.48393861e-08  3.89968920e+01  1.04853368e-08 
 3.99052463e+01  1.48313651e-08  3.99052463e+01  1.04796316e-08 
 4.08347589e+01  1.48235274e-08  4.08347589e+01  1.04740576e-08 
 4.17859226e+01  1.48158687e-08  4.17859226e+01  1.04686117e-08 
 4.27592418e+01  1.48083848e-08  4.27592418e+01  1.04632910e-08 
 4.37552325e+01  1.48010720e-08  4.37552325e+01  1.04580926e-08 
 4.47744228e+01  1.47939261e-08  4.47744228e+01  1.04530136e-08 
 4.58173531e+01  1.47869434e-08  4.58173531e+01  1.04480513e-08 
 4.68845763e+01  1.47801202e-08  4.68845763e+01  1.04432029e-08 
 4.79766584e+01  1.47734527e-08  4.79766584e+01  1.04384659e-08 
 4.90941783e+01  1.47669375e-08  4.90941783e+01  1.04338377e-08 
 5.02377286e+01  1.47605711e-08  5.02377286e+01  1.04293156e-08 
 5.14079157e+01  1.47543500e-08  5.14079157e+01  1.04248974e-08 
 5.26053598e+01  1.47482710e-08  5.26053598e+01  1.04205806e-08 
 5.38306961e+01  1.47423307e-08  5.38306961e+01  1.04163628e-08 
 5.50845741e+01  1.47365260e-08  5.50845741e+01  1.04122418e-08 
 5.63676586e+01  1.47308538e-08  5.63676586e+01  1.04082152e-08 
 5.76806301e+01  1.47253111e-08  5.76806301e+01  1.04042811e-08 
 5.90241845e+01  1.47198950e-08  5.90241845e+01  1.04004371e-08 
 6.03990344e+01  1.47146024e-08  6.03990344e+01  1.03966812e-08 
 6.18059087e+01  1.47094306e-08  6.18059087e+01  1.03930115e-08 
 6.32455532e+01  1.47043769e-08  6.32455532e+01  1.03894258e-08 
 6.47187314e+01  1.46994385e-08  6.47187314e+01  1.03859224e-08 
 6.62262243e+01  1.46946127e-08  6.62262243e+01  1.03824992e-08 
 6.77688312e+01  1.46898971e-08  6.77688312e+01  1.03791544e-08 
 6.93473701e+01  1.46852891e-08  6.93473701e+01  1.03758862e-08 
 7.09626778e+01  1.46807863e-08  7.09626778e+01  1.03726929e-08 
 7.26156110e+01  1.46763862e-08  7.26156110e+01  1.03695727e-08 
 7.43070458e+01  1.46720864e-08  7.43070458e+01  1.03665240e-08 
 7.60378793e+01  1.46678848e-08  7.60378793e+01  1.03635450e-08 
 7.78090290e+01  1.46637790e-08  7.78090290e+01  1.03606343e-08 
 7.96214341e+01  1.46597669e-08  7.96214341e+01  1.03577902e-08 
 8.14760556e+01  1.46558463e-08  8.14760556e+01  1.03550111e-08 
 8.33738767e+01  1.46520151e-08  8.33738767e+01  1.03522957e-08 
 8.53159038e+01  1.46482713e-08  8.53159038e+01  1.03496424e-08 
 8.73031664e+01  1.46446129e-08  8.73031664e+01  1.03470498e-08 
 8.93367184e+01  1.46410379e-08  8.93367184e+01  1.03445165e-08 
 9.14176379e+01  1.46375445e-08  9.14176379e+01  1.03420411e-08 
 9.35470283e+01  1.46341308e-08  9.35470283e+01  1.03396224e-08 
 9.57260185e+01  1.46307948e-08  9.57260185e+01  1.03372590e-08 
 9.79557639e+01  1.46275350e-08  9.79557639e+01  1.03349496e-08 
 1.00237447e+02  1.46243495e-08  1.00237447e+02  1.03326930e-08 
 1.02572277e+02  1.46212367e-08  1.02572277e+02  1.03304881e-08 
 1.04961492e+02  1.46181948e-08  1.04961492e+02  1.03283335e-08 
 1.07406359e+02  1.46152223e-08  1.07406359e+02  1.03262281e-08 
 1.09908175e+02  1.46123175e-08  1.09908175e+02  1.03241709e-08 
 1.12468265e+02  1.46094790e-08  1.12468265e+02  1.03221607e-08 
 1.15087987e+02  1.46067052e-08  1.15087987e+02  1.03201965e-08 
 1.17768731e+02  1.46039946e-08  1.17768731e+02  1.03182771e-08 
 1.20511917e+02  1.46013458e-08  1.20511917e+02  1.03164016e-08 
 1.23319000e+02  1.45987574e-08  1.23319000e+02  1.03145689e-08 
 1.26191469e+02  1.45962281e-08  1.26191469e+02  1.03127781e-08 
 1.29130846e+02  1.45937563e-08  1.29130846e+02  1.03110282e-08 
 1.32138690e+02  1.45913409e-08  1.32138690e+02  1.03093183e-08 
 1.35216595e+02  1.45889806e-08  1.35216595e+02  1.03076474e-08 
 1.38366194e+02  1.45866740e-08  1.38366194e+02  1.03060147e-08 
 1.41589157e+02  1.45844201e-08  1.41589157e+02  1.03044193e-08 
 1.44887192e+02  1.45822175e-08  1.44887192e+02  1.03028603e-08 
 1.48262048e+02  1.45800651e-08  1.48262048e+02  1.03013369e-08 
 1.51715515e+02  1.45779617e-08  1.51715515e+02  1.02998483e-08 
 1.55249423e+02  1.45759063e-08  1.55249423e+02  1.02983936e-08 
 1.58865647e+02  1.45738977e-08  1.58865647e+02  1.02969722e-08 
 1.62566103e+02  1.45719349e-08  1.62566103e+02  1.02955832e-08 
 1.66352754e+02  1.45700168e-08  1.66352754e+02  1.02942259e-08 
 1.70227608e+02  1.45681424e-08  1.70227608e+02  1.02928996e-08 
 1.74192718e+02  1.45663107e-08  1.74192718e+02  1.02916036e-08 
 1.78250188e+02  1.45645208e-08  1.78250188e+02  1.02903371e-08 
 1.82402168e+02  1.45627716e-08  1.82402168e+02  1.02890996e-08 
 1.86650860e+02  1.45610623e-08  1.86650860e+02  1.02878902e-08 
 1.90998517e+02  1.45593920e-08  1.90998517e+02  1.02867085e-08 
 1.95447444e+02  1.45577597e-08  1.95447444e+02  1.02855538e-08 
 2.00000000e+02  1.45561645e-08  2.00000000e+02  1.02844253e-08 
 2.04658598e+02  1.45546057e-08  2.04658598e+02  1.02833227e-08 
 2.09425710e+02  1.45530825e-08  2.09425710e+02  1.02822452e-08 
 2.14303861e+02  1.45515939e-08  2.14303861e+02  1.02811922e-08 
 2.19295639e+02  1.45501392e-08  2.19295639e+02  1.02801633e-08 
 2.24403691e+02  1.45487176e-08  2.24403691e+02  1.02791578e-08 
 2.29630724e+02  1.45473285e-08  2.29630724e+02  1.02781753e-08 
 2.34979511e+02  1.45459709e-08  2.34979511e+02  1.02772152e-08 
 2.40452887e+02  1.45446443e-08  2.40452887e+02  1.02762770e-08 
 2.46053754e+02  1.45433479e-08  2.46053754e+02  1.02753602e-08 
 2.51785082e+02  1.45420810e-08  2.51785082e+02  1.02744643e-08 
 2.57649910e+02  1.45408430e-08  2.57649910e+02  1.02735888e-08 
 2.63651348e+02  1.45396331e-08  2.63651348e+02  1.02727333e-08 
 2.69792577e+02  1.45384508e-08  2.69792577e+02  1.02718973e-08 
 2.76076853e+02  1.45372954e-08  2.76076853e+02  1.02710803e-08 
 2.82507509e+02  1.45361663e-08  2.82507509e+02  1.02702820e-08 
 2.89087954e+02  1.45350630e-08  2.89087954e+02  1.02695019e-08 
 2.95821678e+02  1.45339847e-08  2.95821678e+02  1.02687395e-08 
 3.02712250e+02  1.45329310e-08  3.02712250e+02  1.02679946e-08 
 3.09763324e+02  1.45319012e-08  3.09763324e+02  1.02672666e-08 
 3.16978638e+02  1.45308949e-08  3.16978638e+02  1.02665552e-08 
 3.24362019e+02  1.45299115e-08  3.24362019e+02  1.02658600e-08 
 3.31917381e+02  1.45289505e-08  3.31917381e+02  1.02651807e-08 
 3.39648730e+02  1.45280114e-08  3.39648730e+02  1.02645169e-08 
 3.47560166e+02  1.45270936e-08  3.47560166e+02  1.02638682e-08 
 3.55655882e+02  1.45261967e-08  3.55655882e+02  1.02632342e-08 
 3.63940172e+02  1.45253202e-08  3.63940172e+02  1.02626148e-08 
 3.72417427e+02  1.45244636e-08  3.72417427e+02  1.02620094e-08 
 3.81092144e+02  1.45236265e-08  3.81092144e+02  1.02614178e-08 
 3.89968920e+02  1.45228084e-08  3.89968920e+02  1.02608398e-08 
 3.99052463e+02  1.45220090e-08  3.99052463e+02  1.02602748e-08 
 4.08347589e+02  1.45212277e-08  4.08347589e+02  1.02597228e-08 
 4.17859226e+02  1.45204642e-08  4.17859226e+02  1.02591834e-08 
 4.27592418e+02  1.45197180e-08  4.27592418e+02  1.02586562e-08 
 4.37552325e+02  1.45189888e-08  4.37552325e+02  1.02581410e-08 
 4.47744228e+02  1.45182762e-08  4.47744228e+02  1.02576376e-08 
 4.58173531e+02  1.45175797e-08  4.58173531e+02  1.02571457e-08 
 4.68845763e+02  1.45168991e-08  4.68845763e+02  1.02566649e-08 
 4.79766584e+02  1.45162339e-08  4.79766584e+02  1.02561951e-08 
 4.90941783e+02  1.45155839e-08  4.90941783e+02  1.02557360e-08 
 5.02377286e+02  1.45149486e-08  5.02377286e+02  1.02552874e-08 
 5.14079157e+02  1.45143277e-08  5.14079157e+02  1.02548490e-08 
 5.26053598e+02  1.45137209e-08  5.26053598e+02  1.02544206e-08 
 5.38306961e+02  1.45131278e-08  5.38306961e+02  1.02540019e-08 
 5.50845741e+02  1.45125482e-08  5.50845741e+02  1.02535928e-08 
 5.63676586e+02  1.45119818e-08  5.63676586e+02  1.02531930e-08 
 5.76806301e+02  1.45114281e-08  5.76806301e+02  1.02528023e-08 
 5.90241845e+02  1.45108870e-08  5.90241845e+02  1.02524205e-08 
 6.03990344e+02  1.45103582e-08  6.03990344e+02  1.02520474e-08 
 6.18059087e+02  1.45098414e-08  6.18059087e+02  1.02516828e-08 
 6.32455532e+02  1.45093362e-08  6.32455532e+02  1.02513264e-08 
 6.47187314e+02  1.45088424e-08  6.47187314e+02  1.02509782e-08 
 6.62262243e+02  1.45083599e-08  6.62262243e+02  1.02506380e-08 
 6.77688312e+02  1.45078882e-08  6.77688312e+02  1.02503055e-08 
 6.93473701e+02  1.45074272e-08  6.93473701e+02  1.02499805e-08 
 7.09626778e+02  1.45069765e-08  7.09626778e+02  1.02496630e-08 
 7.26156110e+02  1.45065361e-08  7.26156110e+02  1.02493526e-08 
 7.43070458e+02  1.45061055e-08  7.43070458e+02  1.02490494e-08 
 7.60378793e+02  1.45056847e-08  7.60378793e+02  1.02487530e-08 
 7.78090290e+02  1.45052733e-08  7.78090290e+02  1.02484634e-08 
 7.96214341e+02  1.45048712e-08  7.96214341e+02  1.02481804e-08 
 8.14760556e+02  1.45044781e-08  8.14760556e+02  1.02479038e-08 
 8.33738767e+02  1.45040938e-08  8.33738767e+02  1.02476335e-08 
 8.53159038e+02  1.45037181e-08  8.53159038e+02  1.02473694e-08 
 8.73031664e+02  1.45033509e-08  8.73031664e+02  1.02471113e-08 
 8.93367184e+02  1.45029919e-08  8.93367184e+02  1.02468590e-08 
 9.14176379e+02  1.45026408e-08  9.14176379e+02  1.02466125e-08 
 9.35470283e+02  1.45022976e-08  9.35470283e+02  1.02463716e-08 
 9.57260185e+02  1.45019621e-08  9.57260185e+02  1.02461362e-08 
 9.79557639e+02  1.45016340e-08  9.79557639e+02  1.02459062e-08 
 1.00237447e+03  1.45013132e-08  1.00237447e+03  1.02456813e-08 
 1.02572277e+03  1.45009995e-08  1.02572277e+03  1.02454616e-08 
 1.04961492e+03  1.45006927e-08  1.04961492e+03  1.02452469e-08 
 1.07406359e+03  1.45003927e-08  1.07406359e+03  1.02450371e-08 
 1.09908175e+03  1.45000993e-08  1.09908175e+03  1.02448320e-08 
 1.12468265e+03  1.44998124e-08  1.12468265e+03  1.02446316e-08 
 1.15087987e+03  1.44995317e-08  1.15087987e+03  1.02444357e-08 
 1.17768731e+03  1.44992572e-08  1.17768731e+03  1.02442443e-08 
 1.20511917e+03  1.44989886e-08  1.20511917e+03  1.02440573e-08 
 1.23319000e+03  1.44987259e-08  1.23319000e+03  1.02438745e-08 
 1.26191469e+03  1.44984688e-08  1.26191469e+03  1.02436958e-08 
 1.29130846e+03  1.44982173e-08  1.29130846e+03  1.02435212e-08 
 1.32138690e+03  1.44979712e-08  1.32138690e+03  1.02433506e-08 
 1.35216595e+03  1.44977304e-08  1.35216595e+03  1.02431838e-08 
 1.38366194e+03  1.44974947e-08  1.38366194e+03  1.02430209e-08 
 1.41589157e+03  1.44972639e-08  1.41589157e+03  1.02428616e-08 
 1.44887192e+03  1.44970381e-08  1.44887192e+03  1.02427059e-08 
 1.48262048e+03  1.44968169e-08  1.48262048e+03  1.02425538e-08 
 1.51715515e+03  1.44966004e-08  1.51715515e+03  1.02424051e-08 
 1.55249423e+03  1.44963883e-08  1.55249423e+03  1.02422598e-08 
 1.58865647e+03  1.44961806e-08  1.58865647e+03  1.02421178e-08 
 1.62566103e+03  1.44959772e-08  1.62566103e+03  1.02419790e-08 
 1.66352754e+03  1.44957778e-08  1.66352754e+03  1.02418433e-08 
 1.70227608e+03  1.44955825e-08  1.70227608e+03  1.02417107e-08 
 1.74192718e+03  1.44953910e-08  1.74192718e+03  1.02415811e-08 
 1.78250188e+03  1.44952033e-08  1.78250188e+03  1.02414544e-08 
 1.82402168e+03  1.44950192e-08  1.82402168e+03  1.02413306e-08 
 1.86650860e+03  1.44948387e-08  1.86650860e+03  1.02412096e-08 
 1.90998517e+03  1.44946616e-08  1.90998517e+03  1.02410913e-08 
 1.95447444e+03  1.44944878e-08  1.95447444e+03  1.02409757e-08 
 2.00000000e+03  1.44943172e-08  2.00000000e+03  1.02408627e-08 
 2.04658598e+03  1.44941498e-08  2.04658598e+03  1.02407523e-08 
 2.09425710e+03  1.44939853e-08  2.09425710e+03  1.02406443e-08 
 2.14303861e+03  1.44938237e-08  2.14303861e+03  1.02405387e-08 
 2.19295639e+03  1.44936649e-08  2.19295639e+03  1.02404356e-08 
 2.24403691e+03  1.44935087e-08  2.24403691e+03  1.02403347e-08 
 2.29630724e+03  1.44933551e-08  2.29630724e+03  1.02402361e-08 
 2.34979511e+03  1.44932040e-08  2.34979511e+03  1.02401397e-08 
 2.40452887e+03  1.44930553e-08  2.40452887e+03  1.02400455e-08 
 2.46053754e+03  1.44929088e-08  2.46053754e+03  1.02399533e-08 
 2.51785082e+03  1.44927644e-08  2.51785082e+03  1.02398633e-08 
 2.57649910e+03  1.44926221e-08  2.57649910e+03  1.02397752e-08 
 2.63651348e+03  1.44924817e-08  2.63651348e+03  1.02396891e-08 
 2.69792577e+03  1.44923432e-08  2.69792577e+03  1.02396049e-08 
 2.76076853e+03  1.44922064e-08  2.76076853e+03  1.02395226e-08 
 2.82507509e+03  1.44920712e-08  2.82507509e+03  1.02394420e-08 
 2.89087954e+03  1.44919375e-08  2.89087954e+03  1.02393633e-08 
 2.95821678e+03  1.44918053e-08  2.95821678e+03  1.02392863e-08 
 3.02712250e+03  1.44916743e-08  3.02712250e+03  1.02392110e-08 
 3.09763324e+03  1.44915445e-08  3.09763324e+03  1.02391373e-08 
 3.16978638e+03  1.44914158e-08  3.16978638e+03  1.02390653e-08 
 3.24362019e+03  1.44912881e-08  3.24362019e+03  1.02389948e-08 
 3.31917381e+03  1.44911612e-08  3.31917381e+03  1.02389259e-08 
 3.39648730e+03  1.44910350e-08  3.39648730e+03  1.02388584e-08 
 3.47560166e+03  1.44909094e-08  3.47560166e+03  1.02387924e-08 
 3.55655882e+03  1.44907844e-08  3.55655882e+03  1.02387278e-08 
 3.63940172e+03  1.44906597e-08  3.63940172e+03  1.02386646e-08 
 3.72417427e+03  1.44905352e-08  3.72417427e+03  1.02386028e-08 
 3.81092144e+03  1.44904109e-08  3.81092144e+03  1.02385422e-08 
 3.89968920e+03  1.44902866e-08  3.89968920e+03  1.02384830e-08 
 3.99052463e+03  1.44901621e-08  3.99052463e+03  1.02384250e-08 
 4.08347589e+03  1.44900373e-08  4.08347589e+03  1.02383681e-08 
 4.17859226e+03  1.44899121e-08  4.17859226e+03  1.02383125e-08 
 4.27592418e+03  1.44897863e-08  4.27592418e+03  1.02382580e-08 
 4.37552325e+03  1.44896598e-08  4.37552325e+03  1.02382046e-08 
 4.47744228e+03  1.44895324e-08  4.47744228e+03  1.02381523e-08 
 4.58173531e+03  1.44894041e-08  4.58173531e+03  1.02381011e-08 
 4.68845763e+03  1.44892745e-08  4.68845763e+03  1.02380509e-08 
 4.79766584e+03  1.44891436e-08  4.79766584e+03  1.02380016e-08 
 4.90941783e+03  1.44890111e-08  4.90941783e+03  1.02379533e-08 
 5.02377286e+03  1.44888769e-08  5.02377286e+03  1.02379060e-08 
 5.14079157e+03  1.44887409e-08  5.14079157e+03  1.02378596e-08 
 5.26053598e+03  1.44886028e-08  5.26053598e+03  1.02378140e-08 
 5.38306961e+03  1.44884624e-08  5.38306961e+03  1.02377693e-08 
 5.50845741e+03  1.44883195e-08  5.50845741e+03  1.02377253e-08 
 5.63676586e+03  1.44881740e-08  5.63676586e+03  1.02376822e-08 
 5.76806301e+03  1.44880255e-08  5.76806301e+03  1.02376398e-08 
 5.90241845e+03  1.44878739e-08  5.90241845e+03  1.02375982e-08 
 6.03990344e+03  1.44877189e-08  6.03990344e+03  1.02375573e-08 
 6.18059087e+03  1.44875604e-08  6.18059087e+03  1.02375170e-08 
 6.32455532e+03  1.44873979e-08  6.32455532e+03  1.02374774e-08 
 6.47187314e+03  1.44872314e-08  6.47187314e+03  1.02374385e-08 
 6.62262243e+03  1.44870604e-08  6.62262243e+03  1.02374001e-08 
 6.77688312e+03  1.44868847e-08  6.77688312e+03  1.02373622e-08 
 6.93473701e+03  1.44867041e-08  6.93473701e+03  1.02373250e-08 
 7.09626778e+03  1.44865182e-08  7.09626778e+03  1.02372882e-08 
 7.26156110e+03  1.44863266e-08  7.26156110e+03  1.02372519e-08 
 7.43070458e+03  1.44861291e-08  7.43070458e+03  1.02372161e-08 
 7.60378793e+03  1.44859253e-08  7.60378793e+03  1.02371807e-08 
 7.78090290e+03  1.44857148e-08  7.78090290e+03  1.02371457e-08 
 7.96214341e+03  1.44854973e-08  7.96214341e+03  1.02371111e-08 
 8.14760556e+03  1.44852723e-08  8.14760556e+03  1.02370768e-08 
 8.33738767e+03  1.44850395e-08  8.33738767e+03  1.02370429e-08 
 8.53159038e+03  1.44847984e-08  8.53159038e+03  1.02370092e-08 
 8.73031664e+03  1.44845486e-08  8.73031664e+03  1.02369758e-08 
 8.93367184e+03  1.44842895e-08  8.93367184e+03  1.02369426e-08 
 9.14176379e+03  1.44840208e-08  9.14176379e+03  1.02369097e-08 
 9.35470283e+03  1.44837419e-08  9.35470283e+03  1.02368768e-08 
 9.57260185e+03  1.44834522e-08  9.57260185e+03  1.02368442e-08 
 9.79557639e+03  1.44831512e-08  9.79557639e+03  1.02368116e-08 
 1.00237447e+04  1.44828383e-08  1.00237447e+04  1.02367791e-08 
 1.02572277e+04  1.44825130e-08  1.02572277e+04  1.02367466e-08 
 1.04961492e+04  1.44821745e-08  1.04961492e+04  1.02367142e-08 
 1.07406359e+04  1.44818222e-08  1.07406359e+04  1.02366817e-08 
 1.09908175e+04  1.44814554e-08  1.09908175e+04  1.02366492e-08 
 1.12468265e+04  1.44810734e-08  1.12468265e+04  1.02366165e-08 
 1.15087987e+04  1.44806754e-08  1.15087987e+04  1.02365837e-08 
 1.17768731e+04  1.44802607e-08  1.17768731e+04  1.02365508e-08 
 1.20511917e+04  1.44798283e-08  1.20511917e+04  1.02365176e-08 
 1.23319000e+04  1.44793775e-08  1.23319000e+04  1.02364842e-08 
 1.26191469e+04  1.44789074e-08  1.26191469e+04  1.02364505e-08 
 1.29130846e+04  1.44784169e-08  1.29130846e+04  1.02364164e-08 
 1.32138690e+04  1.44779051e-08  1.32138690e+04  1.02363819e-08 
 1.35216595e+04  1.44773709e-08  1.35216595e+04  1.02363471e-08 
 1.38366194e+04  1.44768134e-08  1.38366194e+04  1.02363117e-08 
 1.41589157e+04  1.44762312e-08  1.41589157e+04  1.02362758e-08 
 1.44887192e+04  1.44756234e-08  1.44887192e+04  1.02362394e-08 
 1.48262048e+04  1.44749885e-08  1.48262048e+04  1.02362023e-08 
 1.51715515e+04  1.44743254e-08  1.51715515e+04  1.02361645e-08 
 1.55249423e+04  1.44736326e-08  1.55249423e+04  1.02361260e-08 
 1.58865647e+04  1.44729088e-08  1.58865647e+04  1.02360867e-08 
 1.62566103e+04  1.44721525e-08  1.62566103e+04  1.02360466e-08 
 1.66352754e+04  1.44713621e-08  1.66352754e+04  1.02360055e-08 
 1.70227608e+04  1.44705360e-08  1.70227608e+04  1.02359634e-08 
 1.74192718e+04  1.44696726e-08  1.74192718e+04  1.02359203e-08 
 1.78250188e+04  1.44687700e-08  1.78250188e+04  1.02358761e-08 
 1.82402168e+04  1.44678264e-08  1.82402168e+04  1.02358307e-08 
 1.86650860e+04  1.44668399e-08  1.86650860e+04  1.02357840e-08 
 1.90998517e+04  1.44658085e-08  1.90998517e+04  1.02357360e-08 
 1.95447444e+04  1.44647299e-08  1.95447444e+04  1.02356865e-08 
 2.00000000e+04  1.44636022e-08  2.00000000e+04  1.02356356e-08 
