 2.00000000e+01  1.69337816e+03  2.00000000e+01  3.13944773e-02 
 2.24403691e+01  1.50938462e+03  2.24403691e+01  3.13944698e-02 
 2.51785082e+01  1.34541587e+03  2.51785082e+01  3.13945620e-02 
 2.82507509e+01  1.19929725e+03  2.82507509e+01  3.13948198e-02 
 3.16978638e+01  1.06909063e+03  3.16978638e+01  3.13953181e-02 
 3.55655882e+01  9.53068794e+02  3.55655882e+01  3.13961419e-02 
 3.99052463e+01  8.49692568e+02  3.99052463e+01  3.13973883e-02 
 4.47744228e+01  7.57590463e+02  4.47744228e+01  3.13991704e-02 
 5.02377286e+01  6.75540493e+02  5.02377286e+01  3.14016220e-02 
 5.63676586e+01  6.02453984e+02  5.63676586e+01  3.14049046e-02 
 6.32455532e+01  5.37361134e+02  6.32455532e+01  3.14092172e-02 
 7.09626778e+01  4.79398148e+02  7.09626778e+01  3.14148071e-02 
 7.96214341e+01  4.27795770e+02  7.96214341e+01  3.14219844e-02 
 8.93367184e+01  3.81869061e+02  8.93367184e+01  3.14311394e-02 
 1.00237447e+02  3.41008288e+02  1.00237447e+02  3.14427641e-02 
 1.12468265e+02  3.04670795e+02  1.12468265e+02  3.14574791e-02 
 1.26191469e+02  2.72373756e+02  1.26191469e+02  3.14760658e-02 
 1.41589157e+02  2.43687694e+02  1.41589157e+02  3.14995082e-02 
 1.58865647e+02  2.18230686e+02  1.58865647e+02  3.15290436e-02 
 1.78250188e+02  1.95663168e+02  1.78250188e+02  3.15662260e-02 
 2.00000000e+02  1.75683251e+02  2.00000000e+02  3.16130050e-02 
 2.24403691e+02  1.58022491e+02  2.24403691e+02  3.16718233e-02 
 2.51785082e+02  1.42442044e+02  2.51785082e+02  3.17457364e-02 
 2.82507509e+02  1.28729132e+02  2.82507509e+02  3.18385596e-02 
 3.16978638e+02  1.16693798e+02  3.16978638e+02  3.19550465e-02 
 3.55655882e+02  1.06165897e+02  3.55655882e+02  3.21011040e-02 
 3.99052463e+02  9.69923150e+01  3.99052463e+02  3.22840480e-02 
 4.47744228e+02  8.90344239e+01  4.47744228e+02  3.25129034e-02 
 5.02377286e+02  8.21658116e+01  5.02377286e+02  3.27987497e-02 
 5.63676586e+02  7.62703328e+01  5.63676586e+02  3.31551085e-02 
 6.32455532e+02  7.12405499e+01  6.32455532e+02  3.35983664e-02 
 7.09626778e+02  6.69766080e+01  7.09626778e+02  3.41482164e-02 
 7.96214341e+02  6.33855573e+01  7.96214341e+02  3.48280962e-02 
 8.93367184e+02  6.03810774e+01  8.93367184e+02  3.56655901e-02 
 1.00237447e+03  5.78835064e+01  1.00237447e+03  3.66927603e-02 
 1.12468265e+03  5.58200371e+01  1.12468265e+03  3.79463725e-02 
 1.26191469e+03  5.41249354e+01  1.26191469e+03  3.94679933e-02 
 1.41589157e+03  5.27396607e+01  1.41589157e+03  4.13039608e-02 
 1.58865647e+03  5.16128141e+01  1.58865647e+03  4.35052616e-02 
 1.78250188e+03  5.06998903e+01  1.78250188e+03  4.61273801e-02 
 2.00000000e+03  4.99628524e+01  2.00000000e+03  4.92302117e-02 
 2.24403691e+03  4.93695737e+01  2.24403691e+03  5.28781367e-02 
 2.51785082e+03  4.88932009e+01  2.51785082e+03  5.71403341e-02 
 2.82507509e+03  4.85114903e+01  2.82507509e+03  6.20913839e-02 
 3.16978638e+03  4.82061574e+01  3.16978638e+03  6.78121659e-02 
 3.55655882e+03  4.79622687e+01  3.55655882e+03  7.43910327e-02 
 3.99052463e+03  4.77676929e+01  3.99052463e+03  8.19252169e-02 
 4.47744228e+03  4.76126187e+01  4.47744228e+03  9.05224318e-02 
 5.02377286e+03  4.74891405e+01  5.02377286e+03  1.00302633e-01 
 5.63676586e+03  4.73909078e+01  5.63676586e+03  1.11399925e-01 
 6.32455532e+03  4.73128329e+01  6.32455532e+03  1.23964611e-01 
 7.09626778e+03  4.72508492e+01  7.09626778e+03  1.38165398e-01 
 7.96214341e+03  4.72017135e+01  7.96214341e+03  1.54191778e-01 
 8.93367184e+03  4.71628459e+01  8.93367184e+03  1.72256616e-01 
 1.00237447e+04  4.71321997e+01  1.00237447e+04  1.92598960e-01 
 1.12468265e+04  4.71081573e+01  1.12468265e+04  2.15487120e-01 
 1.26191469e+04  4.70894473e+01  1.26191469e+04  2.41222022e-01 
 1.41589157e+04  4.70750786e+01  1.41589157e+04  2.70140863e-01 
 1.58865647e+04  4.70642888e+01  1.58865647e+04  3.02621071e-01 
 1.78250188e+04  4.70565042e+01  1.78250188e+04  3.39084571e-01 
 2.00000000e+04  4.70513094e+01  2.00000000e+04  3.80002311e-01 
 2.24403691e+04  4.70484250e+01  2.24403691e+04  4.25899002e-01 
 2.51785082e+04  4.70476923e+01  2.51785082e+04  4.77357965e-01 
 2.82507509e+04  4.70490635e+01  2.82507509e+04  5.35025918e-01 
 3.16978638e+04  4.70525975e+01  3.16978638e+04  5.99617452e-01 
 3.55655882e+04  4.70584603e+01  3.55655882e+04  6.71918859e-01 
 3.99052463e+04  4.70669289e+01  3.99052463e+04  7.52790804e-01 
 4.47744228e+04  4.70783996e+01  4.47744228e+04  8.43169192e-01 
 5.02377286e+04  4.70933982e+01  5.02377286e+04  9.44063388e-01 
 5.63676586e+04  4.71125916e+01  5.63676586e+04  1.05655075e+00 
 6.32455532e+04  4.71367996e+01  6.32455532e+04  1.18176630e+00 
 7.09626778e+04  4.71670027e+01  7.09626778e+04  1.32088636e+00 
 7.96214341e+04  4.72043434e+01  7.96214341e+04  1.47510519e+00 
 8.93367184e+04  4.72501143e+01  8.93367184e+04  1.64560448e+00 
 1.00237447e+05  4.73057282e+01  1.00237447e+05  1.83351699e+00 
 1.12468265e+05  4.73726643e+01  1.12468265e+05  2.03988790e+00 
 1.26191469e+05  4.74523850e+01  1.26191469e+05  2.26564127e+00 
 1.41589157e+05  4.75462267e+01  1.41589157e+05  2.51156291e+00 
 1.58865647e+05  4.76552740e+01  1.58865647e+05  2.77831535e+00 
 1.78250188e+05  4.77802405e+01  1.78250188e+05  3.06650214e+00 
 2.00000000e+05  4.79213925e+01  2.00000000e+05  3.37679630e+00 
