 2.00000000e+01  1.56738347e-08  2.00000000e+01  1.10771365e-08 
 2.04658598e+01  1.56467038e-08  2.04658598e+01  1.10578116e-08 
 2.09425710e+01  1.56201609e-08  2.09425710e+01  1.10389096e-08 
 2.14303861e+01  1.55941939e-08  2.14303861e+01  1.10204214e-08 
 2.19295639e+01  1.55687907e-08  2.19295639e+01  1.10023384e-08 
 2.24403691e+01  1.55439398e-08  2.24403691e+01  1.09846519e-08 
 2.29630724e+01  1.55196295e-08  2.29630724e+01  1.09673535e-08 
 2.34979511e+01  1.54958488e-08  2.34979511e+01  1.09504349e-08 
 2.40452887e+01  1.54725865e-08  2.40452887e+01  1.09338882e-08 
 2.46053754e+01  1.54498317e-08  2.46053754e+01  1.09177053e-08 
 2.51785082e+01  1.54275739e-08  2.51785082e+01  1.09018785e-08 
 2.57649910e+01  1.54058027e-08  2.57649910e+01  1.08864002e-08 
 2.63651348e+01  1.53845077e-08  2.63651348e+01  1.08712629e-08 
 2.69792577e+01  1.53636790e-08  2.69792577e+01  1.08564594e-08 
 2.76076853e+01  1.53433068e-08  2.76076853e+01  1.08419824e-08 
 2.82507509e+01  1.53233813e-08  2.82507509e+01  1.08278251e-08 
 2.89087954e+01  1.53038932e-08  2.89087954e+01  1.08139805e-08 
 2.95821678e+01  1.52848332e-08  2.95821678e+01  1.08004418e-08 
 3.02712250e+01  1.52661922e-08  3.02712250e+01  1.07872026e-08 
 3.09763324e+01  1.52479612e-08  3.09763324e+01  1.07742563e-08 
 3.16978638e+01  1.52301317e-08  3.16978638e+01  1.07615967e-08 
 3.24362019e+01  1.52126949e-08  3.24362019e+01  1.07492175e-08 
 3.31917381e+01  1.51956426e-08  3.31917381e+01  1.07371127e-08 
 3.39648730e+01  1.51789664e-08  3.39648730e+01  1.07252763e-08 
 3.47560166e+01  1.51626585e-08  3.47560166e+01  1.07137026e-08 
 3.55655882e+01  1.51467108e-08  3.55655882e+01  1.07023859e-08 
 3.63940172e+01  1.51311156e-08  3.63940172e+01  1.06913205e-08 
 3.72417427e+01  1.51158654e-08  3.72417427e+01  1.06805010e-08 
 3.81092144e+01  1.51009527e-08  3.81092144e+01  1.06699220e-08 
 3.89968920e+01  1.50863703e-08  3.89968920e+01  1.06595784e-08 
 3.99052463e+01  1.50721110e-08  3.99052463e+01  1.06494650e-08 
 4.08347589e+01  1.50581680e-08  4.08347589e+01  1.06395768e-08 
 4.17859226e+01  1.50445342e-08  4.17859226e+01  1.06299088e-08 
 4.27592418e+01  1.50312031e-08  4.27592418e+01  1.06204564e-08 
 4.37552325e+01  1.50181681e-08  4.37552325e+01  1.06112146e-08 
 4.47744228e+01  1.50054227e-08  4.47744228e+01  1.06021790e-08 
 4.58173531e+01  1.49929607e-08  4.58173531e+01  1.05933451e-08 
 4.68845763e+01  1.49807759e-08  4.68845763e+01  1.05847083e-08 
 4.79766584e+01  1.49688623e-08  4.79766584e+01  1.05762645e-08 
 4.90941783e+01  1.49572140e-08  4.90941783e+01  1.05680093e-08 
 5.02377286e+01  1.49458252e-08  5.02377286e+01  1.05599386e-08 
 5.14079157e+01  1.49346903e-08  5.14079157e+01  1.05520484e-08 
 5.26053598e+01  1.49238036e-08  5.26053598e+01  1.05443346e-08 
 5.38306961e+01  1.49131598e-08  5.38306961e+01  1.05367935e-08 
 5.50845741e+01  1.49027536e-08  5.50845741e+01  1.05294212e-08 
 5.63676586e+01  1.48925797e-08  5.63676586e+01  1.05222140e-08 
 5.76806301e+01  1.48826330e-08  5.76806301e+01  1.05151682e-08 
 5.90241845e+01  1.48729087e-08  5.90241845e+01  1.05082803e-08 
 6.03990344e+01  1.48634017e-08  6.03990344e+01  1.05015468e-08 
 6.18059087e+01  1.48541074e-08  6.18059087e+01  1.04949643e-08 
 6.32455532e+01  1.48450210e-08  6.32455532e+01  1.04885294e-08 
 6.47187314e+01  1.48361380e-08  6.47187314e+01  1.04822389e-08 
 6.62262243e+01  1.48274539e-08  6.62262243e+01  1.04760896e-08 
 6.77688312e+01  1.48189643e-08  6.77688312e+01  1.04700784e-08 
 6.93473701e+01  1.48106649e-08  6.93473701e+01  1.04642022e-08 
 7.09626778e+01  1.48025515e-08  7.09626778e+01  1.04584580e-08 
 7.26156110e+01  1.47946201e-08  7.26156110e+01  1.04528428e-08 
 7.43070458e+01  1.47868666e-08  7.43070458e+01  1.04473539e-08 
 7.60378793e+01  1.47792870e-08  7.60378793e+01  1.04419884e-08 
 7.78090290e+01  1.47718775e-08  7.78090290e+01  1.04367435e-08 
 7.96214341e+01  1.47646344e-08  7.96214341e+01  1.04316166e-08 
 8.14760556e+01  1.47575540e-08  8.14760556e+01  1.04266051e-08 
 8.33738767e+01  1.47506326e-08  8.33738767e+01  1.04217064e-08 
 8.53159038e+01  1.47438667e-08  8.53159038e+01  1.04169180e-08 
 8.73031664e+01  1.47372530e-08  8.73031664e+01  1.04122374e-08 
 8.93367184e+01  1.47307879e-08  8.93367184e+01  1.04076622e-08 
 9.14176379e+01  1.47244682e-08  9.14176379e+01  1.04031901e-08 
 9.35470283e+01  1.47182907e-08  9.35470283e+01  1.03988187e-08 
 9.57260185e+01  1.47122522e-08  9.57260185e+01  1.03945459e-08 
 9.79557639e+01  1.47063496e-08  9.79557639e+01  1.03903694e-08 
 1.00237447e+02  1.47005799e-08  1.00237447e+02  1.03862871e-08 
 1.02572277e+02  1.46949402e-08  1.02572277e+02  1.03822968e-08 
 1.04961492e+02  1.46894274e-08  1.04961492e+02  1.03783966e-08 
 1.07406359e+02  1.46840389e-08  1.07406359e+02  1.03745843e-08 
 1.09908175e+02  1.46787718e-08  1.09908175e+02  1.03708581e-08 
 1.12468265e+02  1.46736234e-08  1.12468265e+02  1.03672160e-08 
 1.15087987e+02  1.46685911e-08  1.15087987e+02  1.03636561e-08 
 1.17768731e+02  1.46636722e-08  1.17768731e+02  1.03601766e-08 
 1.20511917e+02  1.46588643e-08  1.20511917e+02  1.03567756e-08 
 1.23319000e+02  1.46541649e-08  1.23319000e+02  1.03534515e-08 
 1.26191469e+02  1.46495714e-08  1.26191469e+02  1.03502025e-08 
 1.29130846e+02  1.46450817e-08  1.29130846e+02  1.03470269e-08 
 1.32138690e+02  1.46406933e-08  1.32138690e+02  1.03439230e-08 
 1.35216595e+02  1.46364040e-08  1.35216595e+02  1.03408893e-08 
 1.38366194e+02  1.46322115e-08  1.38366194e+02  1.03379242e-08 
 1.41589157e+02  1.46281137e-08  1.41589157e+02  1.03350261e-08 
 1.44887192e+02  1.46241084e-08  1.44887192e+02  1.03321936e-08 
 1.48262048e+02  1.46201937e-08  1.48262048e+02  1.03294251e-08 
 1.51715515e+02  1.46163674e-08  1.51715515e+02  1.03267192e-08 
 1.55249423e+02  1.46126276e-08  1.55249423e+02  1.03240745e-08 
 1.58865647e+02  1.46089723e-08  1.58865647e+02  1.03214897e-08 
 1.62566103e+02  1.46053996e-08  1.62566103e+02  1.03189634e-08 
 1.66352754e+02  1.46019077e-08  1.66352754e+02  1.03164942e-08 
 1.70227608e+02  1.45984948e-08  1.70227608e+02  1.03140809e-08 
 1.74192718e+02  1.45951591e-08  1.74192718e+02  1.03117223e-08 
 1.78250188e+02  1.45918988e-08  1.78250188e+02  1.03094171e-08 
 1.82402168e+02  1.45887122e-08  1.82402168e+02  1.03071640e-08 
 1.86650860e+02  1.45855978e-08  1.86650860e+02  1.03049620e-08 
 1.90998517e+02  1.45825538e-08  1.90998517e+02  1.03028098e-08 
 1.95447444e+02  1.45795788e-08  1.95447444e+02  1.03007064e-08 
 2.00000000e+02  1.45766710e-08  2.00000000e+02  1.02986507e-08 
 2.04658598e+02  1.45738291e-08  2.04658598e+02  1.02966415e-08 
 2.09425710e+02  1.45710516e-08  2.09425710e+02  1.02946778e-08 
 2.14303861e+02  1.45683369e-08  2.14303861e+02  1.02927586e-08 
 2.19295639e+02  1.45656836e-08  2.19295639e+02  1.02908830e-08 
 2.24403691e+02  1.45630905e-08  2.24403691e+02  1.02890498e-08 
 2.29630724e+02  1.45605561e-08  2.29630724e+02  1.02872582e-08 
 2.34979511e+02  1.45580791e-08  2.34979511e+02  1.02855072e-08 
 2.40452887e+02  1.45556582e-08  2.40452887e+02  1.02837959e-08 
 2.46053754e+02  1.45532922e-08  2.46053754e+02  1.02821234e-08 
 2.51785082e+02  1.45509798e-08  2.51785082e+02  1.02804888e-08 
 2.57649910e+02  1.45487197e-08  2.57649910e+02  1.02788913e-08 
 2.63651348e+02  1.45465109e-08  2.63651348e+02  1.02773300e-08 
 2.69792577e+02  1.45443522e-08  2.69792577e+02  1.02758042e-08 
 2.76076853e+02  1.45422423e-08  2.76076853e+02  1.02743129e-08 
 2.82507509e+02  1.45401803e-08  2.82507509e+02  1.02728555e-08 
 2.89087954e+02  1.45381650e-08  2.89087954e+02  1.02714311e-08 
 2.95821678e+02  1.45361954e-08  2.95821678e+02  1.02700391e-08 
 3.02712250e+02  1.45342705e-08  3.02712250e+02  1.02686786e-08 
 3.09763324e+02  1.45323892e-08  3.09763324e+02  1.02673490e-08 
 3.16978638e+02  1.45305506e-08  3.16978638e+02  1.02660496e-08 
 3.24362019e+02  1.45287536e-08  3.24362019e+02  1.02647796e-08 
 3.31917381e+02  1.45269974e-08  3.31917381e+02  1.02635385e-08 
 3.39648730e+02  1.45252810e-08  3.39648730e+02  1.02623256e-08 
 3.47560166e+02  1.45236035e-08  3.47560166e+02  1.02611402e-08 
 3.55655882e+02  1.45219641e-08  3.55655882e+02  1.02599817e-08 
 3.63940172e+02  1.45203619e-08  3.63940172e+02  1.02588495e-08 
 3.72417427e+02  1.45187959e-08  3.72417427e+02  1.02577430e-08 
 3.81092144e+02  1.45172655e-08  3.81092144e+02  1.02566616e-08 
 3.89968920e+02  1.45157698e-08  3.89968920e+02  1.02556048e-08 
 3.99052463e+02  1.45143081e-08  3.99052463e+02  1.02545719e-08 
 4.08347589e+02  1.45128794e-08  4.08347589e+02  1.02535625e-08 
 4.17859226e+02  1.45114832e-08  4.17859226e+02  1.02525761e-08 
 4.27592418e+02  1.45101187e-08  4.27592418e+02  1.02516120e-08 
 4.37552325e+02  1.45087851e-08  4.37552325e+02  1.02506699e-08 
 4.47744228e+02  1.45074817e-08  4.47744228e+02  1.02497491e-08 
 4.58173531e+02  1.45062079e-08  4.58173531e+02  1.02488493e-08 
 4.68845763e+02  1.45049630e-08  4.68845763e+02  1.02479699e-08 
 4.79766584e+02  1.45037463e-08  4.79766584e+02  1.02471104e-08 
 4.90941783e+02  1.45025571e-08  4.90941783e+02  1.02462705e-08 
 5.02377286e+02  1.45013950e-08  5.02377286e+02  1.02454497e-08 
 5.14079157e+02  1.45002592e-08  5.14079157e+02  1.02446475e-08 
 5.26053598e+02  1.44991491e-08  5.26053598e+02  1.02438635e-08 
 5.38306961e+02  1.44980642e-08  5.38306961e+02  1.02430974e-08 
 5.50845741e+02  1.44970039e-08  5.50845741e+02  1.02423486e-08 
 5.63676586e+02  1.44959676e-08  5.63676586e+02  1.02416169e-08 
 5.76806301e+02  1.44949548e-08  5.76806301e+02  1.02409018e-08 
 5.90241845e+02  1.44939650e-08  5.90241845e+02  1.02402030e-08 
 6.03990344e+02  1.44929975e-08  6.03990344e+02  1.02395200e-08 
 6.18059087e+02  1.44920520e-08  6.18059087e+02  1.02388525e-08 
 6.32455532e+02  1.44911279e-08  6.32455532e+02  1.02382002e-08 
 6.47187314e+02  1.44902247e-08  6.47187314e+02  1.02375628e-08 
 6.62262243e+02  1.44893419e-08  6.62262243e+02  1.02369398e-08 
 6.77688312e+02  1.44884792e-08  6.77688312e+02  1.02363310e-08 
 6.93473701e+02  1.44876359e-08  6.93473701e+02  1.02357360e-08 
 7.09626778e+02  1.44868117e-08  7.09626778e+02  1.02351545e-08 
 7.26156110e+02  1.44860061e-08  7.26156110e+02  1.02345863e-08 
 7.43070458e+02  1.44852188e-08  7.43070458e+02  1.02340309e-08 
 7.60378793e+02  1.44844492e-08  7.60378793e+02  1.02334882e-08 
 7.78090290e+02  1.44836970e-08  7.78090290e+02  1.02329578e-08 
 7.96214341e+02  1.44829618e-08  7.96214341e+02  1.02324395e-08 
 8.14760556e+02  1.44822432e-08  8.14760556e+02  1.02319329e-08 
 8.33738767e+02  1.44815408e-08  8.33738767e+02  1.02314379e-08 
 8.53159038e+02  1.44808542e-08  8.53159038e+02  1.02309541e-08 
 8.73031664e+02  1.44801831e-08  8.73031664e+02  1.02304813e-08 
 8.93367184e+02  1.44795270e-08  8.93367184e+02  1.02300193e-08 
 9.14176379e+02  1.44788858e-08  9.14176379e+02  1.02295677e-08 
 9.35470283e+02  1.44782589e-08  9.35470283e+02  1.02291265e-08 
 9.57260185e+02  1.44776462e-08  9.57260185e+02  1.02286952e-08 
 9.79557639e+02  1.44770472e-08  9.79557639e+02  1.02282737e-08 
 1.00237447e+03  1.44764616e-08  1.00237447e+03  1.02278619e-08 
 1.02572277e+03  1.44758891e-08  1.02572277e+03  1.02274594e-08 
 1.04961492e+03  1.44753295e-08  1.04961492e+03  1.02270660e-08 
 1.07406359e+03  1.44747823e-08  1.07406359e+03  1.02266816e-08 
 1.09908175e+03  1.44742474e-08  1.09908175e+03  1.02263059e-08 
 1.12468265e+03  1.44737244e-08  1.12468265e+03  1.02259387e-08 
 1.15087987e+03  1.44732130e-08  1.15087987e+03  1.02255799e-08 
 1.17768731e+03  1.44727130e-08  1.17768731e+03  1.02252292e-08 
 1.20511917e+03  1.44722241e-08  1.20511917e+03  1.02248865e-08 
 1.23319000e+03  1.44717461e-08  1.23319000e+03  1.02245516e-08 
 1.26191469e+03  1.44712786e-08  1.26191469e+03  1.02242243e-08 
 1.29130846e+03  1.44708214e-08  1.29130846e+03  1.02239044e-08 
 1.32138690e+03  1.44703743e-08  1.32138690e+03  1.02235918e-08 
 1.35216595e+03  1.44699370e-08  1.35216595e+03  1.02232863e-08 
 1.38366194e+03  1.44695093e-08  1.38366194e+03  1.02229877e-08 
 1.41589157e+03  1.44690910e-08  1.41589157e+03  1.02226959e-08 
 1.44887192e+03  1.44686818e-08  1.44887192e+03  1.02224107e-08 
 1.48262048e+03  1.44682814e-08  1.48262048e+03  1.02221320e-08 
 1.51715515e+03  1.44678898e-08  1.51715515e+03  1.02218597e-08 
 1.55249423e+03  1.44675066e-08  1.55249423e+03  1.02215935e-08 
 1.58865647e+03  1.44671316e-08  1.58865647e+03  1.02213333e-08 
 1.62566103e+03  1.44667647e-08  1.62566103e+03  1.02210791e-08 
 1.66352754e+03  1.44664056e-08  1.66352754e+03  1.02208306e-08 
 1.70227608e+03  1.44660541e-08  1.70227608e+03  1.02205877e-08 
 1.74192718e+03  1.44657101e-08  1.74192718e+03  1.02203504e-08 
 1.78250188e+03  1.44653732e-08  1.78250188e+03  1.02201184e-08 
 1.82402168e+03  1.44650435e-08  1.82402168e+03  1.02198917e-08 
 1.86650860e+03  1.44647205e-08  1.86650860e+03  1.02196701e-08 
 1.90998517e+03  1.44644042e-08  1.90998517e+03  1.02194535e-08 
 1.95447444e+03  1.44640944e-08  1.95447444e+03  1.02192419e-08 
 2.00000000e+03  1.44637909e-08  2.00000000e+03  1.02190350e-08 
 2.04658598e+03  1.44634935e-08  2.04658598e+03  1.02188328e-08 
 2.09425710e+03  1.44632021e-08  2.09425710e+03  1.02186352e-08 
 2.14303861e+03  1.44629164e-08  2.14303861e+03  1.02184421e-08 
 2.19295639e+03  1.44626363e-08  2.19295639e+03  1.02182533e-08 
 2.24403691e+03  1.44623617e-08  2.24403691e+03  1.02180687e-08 
 2.29630724e+03  1.44620923e-08  2.29630724e+03  1.02178884e-08 
 2.34979511e+03  1.44618279e-08  2.34979511e+03  1.02177121e-08 
 2.40452887e+03  1.44615686e-08  2.40452887e+03  1.02175398e-08 
 2.46053754e+03  1.44613139e-08  2.46053754e+03  1.02173713e-08 
 2.51785082e+03  1.44610639e-08  2.51785082e+03  1.02172067e-08 
 2.57649910e+03  1.44608183e-08  2.57649910e+03  1.02170457e-08 
 2.63651348e+03  1.44605770e-08  2.63651348e+03  1.02168884e-08 
 2.69792577e+03  1.44603398e-08  2.69792577e+03  1.02167346e-08 
 2.76076853e+03  1.44601066e-08  2.76076853e+03  1.02165842e-08 
 2.82507509e+03  1.44598772e-08  2.82507509e+03  1.02164373e-08 
 2.89087954e+03  1.44596515e-08  2.89087954e+03  1.02162936e-08 
 2.95821678e+03  1.44594292e-08  2.95821678e+03  1.02161531e-08 
 3.02712250e+03  1.44592102e-08  3.02712250e+03  1.02160158e-08 
 3.09763324e+03  1.44589945e-08  3.09763324e+03  1.02158815e-08 
 3.16978638e+03  1.44587817e-08  3.16978638e+03  1.02157502e-08 
 3.24362019e+03  1.44585719e-08  3.24362019e+03  1.02156218e-08 
 3.31917381e+03  1.44583647e-08  3.31917381e+03  1.02154963e-08 
 3.39648730e+03  1.44581601e-08  3.39648730e+03  1.02153736e-08 
 3.47560166e+03  1.44579578e-08  3.47560166e+03  1.02152535e-08 
 3.55655882e+03  1.44577578e-08  3.55655882e+03  1.02151362e-08 
 3.63940172e+03  1.44575598e-08  3.63940172e+03  1.02150214e-08 
 3.72417427e+03  1.44573638e-08  3.72417427e+03  1.02149091e-08 
 3.81092144e+03  1.44571694e-08  3.81092144e+03  1.02147993e-08 
 3.89968920e+03  1.44569767e-08  3.89968920e+03  1.02146919e-08 
 3.99052463e+03  1.44567853e-08  3.99052463e+03  1.02145868e-08 
 4.08347589e+03  1.44565951e-08  4.08347589e+03  1.02144840e-08 
 4.17859226e+03  1.44564060e-08  4.17859226e+03  1.02143835e-08 
 4.27592418e+03  1.44562178e-08  4.27592418e+03  1.02142851e-08 
 4.37552325e+03  1.44560302e-08  4.37552325e+03  1.02141888e-08 
 4.47744228e+03  1.44558432e-08  4.47744228e+03  1.02140946e-08 
 4.58173531e+03  1.44556564e-08  4.58173531e+03  1.02140024e-08 
 4.68845763e+03  1.44554698e-08  4.68845763e+03  1.02139121e-08 
 4.79766584e+03  1.44552831e-08  4.79766584e+03  1.02138237e-08 
 4.90941783e+03  1.44550961e-08  4.90941783e+03  1.02137372e-08 
 5.02377286e+03  1.44549086e-08  5.02377286e+03  1.02136525e-08 
 5.14079157e+03  1.44547204e-08  5.14079157e+03  1.02135696e-08 
 5.26053598e+03  1.44545313e-08  5.26053598e+03  1.02134884e-08 
 5.38306961e+03  1.44543411e-08  5.38306961e+03  1.02134088e-08 
 5.50845741e+03  1.44541495e-08  5.50845741e+03  1.02133308e-08 
 5.63676586e+03  1.44539563e-08  5.63676586e+03  1.02132544e-08 
 5.76806301e+03  1.44537612e-08  5.76806301e+03  1.02131796e-08 
 5.90241845e+03  1.44535640e-08  5.90241845e+03  1.02131062e-08 
 6.03990344e+03  1.44533644e-08  6.03990344e+03  1.02130342e-08 
 6.18059087e+03  1.44531623e-08  6.18059087e+03  1.02129636e-08 
 6.32455532e+03  1.44529572e-08  6.32455532e+03  1.02128944e-08 
 6.47187314e+03  1.44527489e-08  6.47187314e+03  1.02128264e-08 
 6.62262243e+03  1.44525371e-08  6.62262243e+03  1.02127598e-08 
 6.77688312e+03  1.44523215e-08  6.77688312e+03  1.02126943e-08 
 6.93473701e+03  1.44521018e-08  6.93473701e+03  1.02126300e-08 
 7.09626778e+03  1.44518776e-08  7.09626778e+03  1.02125669e-08 
 7.26156110e+03  1.44516486e-08  7.26156110e+03  1.02125048e-08 
 7.43070458e+03  1.44514145e-08  7.43070458e+03  1.02124438e-08 
 7.60378793e+03  1.44511748e-08  7.60378793e+03  1.02123838e-08 
 7.78090290e+03  1.44509292e-08  7.78090290e+03  1.02123248e-08 
 7.96214341e+03  1.44506774e-08  7.96214341e+03  1.02122667e-08 
 8.14760556e+03  1.44504188e-08  8.14760556e+03  1.02122095e-08 
 8.33738767e+03  1.44501530e-08  8.33738767e+03  1.02121532e-08 
 8.53159038e+03  1.44498796e-08  8.53159038e+03  1.02120976e-08 
 8.73031664e+03  1.44495982e-08  8.73031664e+03  1.02120429e-08 
 8.93367184e+03  1.44493082e-08  8.93367184e+03  1.02119888e-08 
 9.14176379e+03  1.44490091e-08  9.14176379e+03  1.02119354e-08 
 9.35470283e+03  1.44487004e-08  9.35470283e+03  1.02118827e-08 
 9.57260185e+03  1.44483815e-08  9.57260185e+03  1.02118306e-08 
 9.79557639e+03  1.44480520e-08  9.79557639e+03  1.02117790e-08 
 1.00237447e+04  1.44477110e-08  1.00237447e+04  1.02117280e-08 
 1.02572277e+04  1.44473582e-08  1.02572277e+04  1.02116774e-08 
 1.04961492e+04  1.44469927e-08  1.04961492e+04  1.02116273e-08 
 1.07406359e+04  1.44466139e-08  1.07406359e+04  1.02115775e-08 
 1.09908175e+04  1.44462211e-08  1.09908175e+04  1.02115281e-08 
 1.12468265e+04  1.44458136e-08  1.12468265e+04  1.02114790e-08 
 1.15087987e+04  1.44453905e-08  1.15087987e+04  1.02114302e-08 
 1.17768731e+04  1.44449511e-08  1.17768731e+04  1.02113816e-08 
 1.20511917e+04  1.44444945e-08  1.20511917e+04  1.02113331e-08 
 1.23319000e+04  1.44440199e-08  1.23319000e+04  1.02112847e-08 
 1.26191469e+04  1.44435263e-08  1.26191469e+04  1.02112364e-08 
 1.29130846e+04  1.44430127e-08  1.29130846e+04  1.02111881e-08 
 1.32138690e+04  1.44424782e-08  1.32138690e+04  1.02111398e-08 
 1.35216595e+04  1.44419216e-08  1.35216595e+04  1.02110914e-08 
 1.38366194e+04  1.44413420e-08  1.38366194e+04  1.02110429e-08 
 1.41589157e+04  1.44407381e-08  1.41589157e+04  1.02109941e-08 
 1.44887192e+04  1.44401087e-08  1.44887192e+04  1.02109451e-08 
 1.48262048e+04  1.44394527e-08  1.48262048e+04  1.02108958e-08 
 1.51715515e+04  1.44387686e-08  1.51715515e+04  1.02108461e-08 
 1.55249423e+04  1.44380551e-08  1.55249423e+04  1.02107960e-08 
 1.58865647e+04  1.44373108e-08  1.58865647e+04  1.02107454e-08 
 1.62566103e+04  1.44365342e-08  1.62566103e+04  1.02106942e-08 
 1.66352754e+04  1.44357237e-08  1.66352754e+04  1.02106424e-08 
 1.70227608e+04  1.44348778e-08  1.70227608e+04  1.02105899e-08 
 1.74192718e+04  1.44339945e-08  1.74192718e+04  1.02105366e-08 
 1.78250188e+04  1.44330723e-08  1.78250188e+04  1.02104825e-08 
 1.82402168e+04  1.44321092e-08  1.82402168e+04  1.02104274e-08 
 1.86650860e+04  1.44311033e-08  1.86650860e+04  1.02103714e-08 
 1.90998517e+04  1.44300526e-08  1.90998517e+04  1.02103143e-08 
 1.95447444e+04  1.44289548e-08  1.95447444e+04  1.02102560e-08 
 2.00000000e+04  1.44278078e-08  2.00000000e+04  1.02101964e-08 
