 2.00000000e+01  9.78599433e-09  2.00000000e+01  9.80101549e-09 
 2.04658598e+01  9.76360315e-09  2.04658598e+01  9.77845669e-09 
 2.09425710e+01  9.74170324e-09  2.09425710e+01  9.75639649e-09 
 2.14303861e+01  9.72028417e-09  2.14303861e+01  9.73482411e-09 
 2.19295639e+01  9.69933571e-09  2.19295639e+01  9.71372901e-09 
 2.24403691e+01  9.67884785e-09  2.24403691e+01  9.69310085e-09 
 2.29630724e+01  9.65881075e-09  2.29630724e+01  9.67292952e-09 
 2.34979511e+01  9.63921481e-09  2.34979511e+01  9.65320511e-09 
 2.40452887e+01  9.62005060e-09  2.40452887e+01  9.63391794e-09 
 2.46053754e+01  9.60130887e-09  2.46053754e+01  9.61505851e-09 
 2.51785082e+01  9.58298057e-09  2.51785082e+01  9.59661753e-09 
 2.57649910e+01  9.56505685e-09  2.57649910e+01  9.57858590e-09 
 2.63651348e+01  9.54752900e-09  2.63651348e+01  9.56095471e-09 
 2.69792577e+01  9.53038853e-09  2.69792577e+01  9.54371526e-09 
 2.76076853e+01  9.51362710e-09  2.76076853e+01  9.52685899e-09 
 2.82507509e+01  9.49723654e-09  2.82507509e+01  9.51037757e-09 
 2.89087954e+01  9.48120884e-09  2.89087954e+01  9.49426281e-09 
 2.95821678e+01  9.46553619e-09  2.95821678e+01  9.47850670e-09 
 3.02712250e+01  9.45021090e-09  3.02712250e+01  9.46310142e-09 
 3.09763324e+01  9.43522546e-09  3.09763324e+01  9.44803929e-09 
 3.16978638e+01  9.42057251e-09  3.16978638e+01  9.43331280e-09 
 3.24362019e+01  9.40624485e-09  3.24362019e+01  9.41891461e-09 
 3.31917381e+01  9.39223541e-09  3.31917381e+01  9.40483752e-09 
 3.39648730e+01  9.37853728e-09  3.39648730e+01  9.39107450e-09 
 3.47560166e+01  9.36514370e-09  3.47560166e+01  9.37761866e-09 
 3.55655882e+01  9.35204804e-09  3.55655882e+01  9.36446325e-09 
 3.63940172e+01  9.33924382e-09  3.63940172e+01  9.35160167e-09 
 3.72417427e+01  9.32672467e-09  3.72417427e+01  9.33902748e-09 
 3.81092144e+01  9.31448439e-09  3.81092144e+01  9.32673434e-09 
 3.89968920e+01  9.30251687e-09  3.89968920e+01  9.31471608e-09 
 3.99052463e+01  9.29081617e-09  3.99052463e+01  9.30296664e-09 
 4.08347589e+01  9.27937644e-09  4.08347589e+01  9.29148010e-09 
 4.17859226e+01  9.26819198e-09  4.17859226e+01  9.28025066e-09 
 4.27592418e+01  9.25725718e-09  4.27592418e+01  9.26927266e-09 
 4.37552325e+01  9.24656659e-09  4.37552325e+01  9.25854054e-09 
 4.47744228e+01  9.23611483e-09  4.47744228e+01  9.24804887e-09 
 4.58173531e+01  9.22589667e-09  4.58173531e+01  9.23779235e-09 
 4.68845763e+01  9.21590697e-09  4.68845763e+01  9.22776576e-09 
 4.79766584e+01  9.20614071e-09  4.79766584e+01  9.21796404e-09 
 4.90941783e+01  9.19659297e-09  4.90941783e+01  9.20838219e-09 
 5.02377286e+01  9.18725894e-09  5.02377286e+01  9.19901535e-09 
 5.14079157e+01  9.17813392e-09  5.14079157e+01  9.18985876e-09 
 5.26053598e+01  9.16921329e-09  5.26053598e+01  9.18090776e-09 
 5.38306961e+01  9.16049254e-09  5.38306961e+01  9.17215779e-09 
 5.50845741e+01  9.15196726e-09  5.50845741e+01  9.16360438e-09 
 5.63676586e+01  9.14363313e-09  5.63676586e+01  9.15524317e-09 
 5.76806301e+01  9.13548593e-09  5.76806301e+01  9.14706990e-09 
 5.90241845e+01  9.12752152e-09  5.90241845e+01  9.13908038e-09 
 6.03990344e+01  9.11973585e-09  6.03990344e+01  9.13127053e-09 
 6.18059087e+01  9.11212497e-09  6.18059087e+01  9.12363636e-09 
 6.32455532e+01  9.10468501e-09  6.32455532e+01  9.11617396e-09 
 6.47187314e+01  9.09741217e-09  6.47187314e+01  9.10887950e-09 
 6.62262243e+01  9.09030274e-09  6.62262243e+01  9.10174924e-09 
 6.77688312e+01  9.08335311e-09  6.77688312e+01  9.09477952e-09 
 6.93473701e+01  9.07655971e-09  6.93473701e+01  9.08796676e-09 
 7.09626778e+01  9.06991908e-09  7.09626778e+01  9.08130747e-09 
 7.26156110e+01  9.06342783e-09  7.26156110e+01  9.07479822e-09 
 7.43070458e+01  9.05708263e-09  7.43070458e+01  9.06843566e-09 
 7.60378793e+01  9.05088023e-09  7.60378793e+01  9.06221651e-09 
 7.78090290e+01  9.04481744e-09  7.78090290e+01  9.05613757e-09 
 7.96214341e+01  9.03889117e-09  7.96214341e+01  9.05019571e-09 
 8.14760556e+01  9.03309837e-09  8.14760556e+01  9.04438787e-09 
 8.33738767e+01  9.02743606e-09  8.33738767e+01  9.03871104e-09 
 8.53159038e+01  9.02190134e-09  8.53159038e+01  9.03316229e-09 
 8.73031664e+01  9.01649135e-09  8.73031664e+01  9.02773877e-09 
 8.93367184e+01  9.01120331e-09  8.93367184e+01  9.02243766e-09 
 9.14176379e+01  9.00603450e-09  9.14176379e+01  9.01725623e-09 
 9.35470283e+01  9.00098225e-09  9.35470283e+01  9.01219178e-09 
 9.57260185e+01  8.99604396e-09  9.57260185e+01  9.00724171e-09 
 9.79557639e+01  8.99121708e-09  9.79557639e+01  9.00240345e-09 
 1.00237447e+02  8.98649912e-09  1.00237447e+02  8.99767449e-09 
 1.02572277e+02  8.98188763e-09  1.02572277e+02  8.99305238e-09 
 1.04961492e+02  8.97738025e-09  1.04961492e+02  8.98853471e-09 
 1.07406359e+02  8.97297463e-09  1.07406359e+02  8.98411916e-09 
 1.09908175e+02  8.96866849e-09  1.09908175e+02  8.97980341e-09 
 1.12468265e+02  8.96445962e-09  1.12468265e+02  8.97558524e-09 
 1.15087987e+02  8.96034582e-09  1.15087987e+02  8.97146245e-09 
 1.17768731e+02  8.95632496e-09  1.17768731e+02  8.96743290e-09 
 1.20511917e+02  8.95239496e-09  1.20511917e+02  8.96349449e-09 
 1.23319000e+02  8.94855378e-09  1.23319000e+02  8.95964517e-09 
 1.26191469e+02  8.94479943e-09  1.26191469e+02  8.95588294e-09 
 1.29130846e+02  8.94112996e-09  1.29130846e+02  8.95220584e-09 
 1.32138690e+02  8.93754345e-09  1.32138690e+02  8.94861195e-09 
 1.35216595e+02  8.93403805e-09  1.35216595e+02  8.94509940e-09 
 1.38366194e+02  8.93061194e-09  1.38366194e+02  8.94166637e-09 
 1.41589157e+02  8.92726333e-09  1.41589157e+02  8.93831105e-09 
 1.44887192e+02  8.92399048e-09  1.44887192e+02  8.93503170e-09 
 1.48262048e+02  8.92079168e-09  1.48262048e+02  8.93182661e-09 
 1.51715515e+02  8.91766527e-09  1.51715515e+02  8.92869410e-09 
 1.55249423e+02  8.91460962e-09  1.55249423e+02  8.92563254e-09 
 1.58865647e+02  8.91162314e-09  1.58865647e+02  8.92264033e-09 
 1.62566103e+02  8.90870427e-09  1.62566103e+02  8.91971591e-09 
 1.66352754e+02  8.90585148e-09  1.66352754e+02  8.91685774e-09 
 1.70227608e+02  8.90306330e-09  1.70227608e+02  8.91406434e-09 
 1.74192718e+02  8.90033826e-09  1.74192718e+02  8.91133423e-09 
 1.78250188e+02  8.89767493e-09  1.78250188e+02  8.90866600e-09 
 1.82402168e+02  8.89507194e-09  1.82402168e+02  8.90605824e-09 
 1.86650860e+02  8.89252792e-09  1.86650860e+02  8.90350960e-09 
 1.90998517e+02  8.89004153e-09  1.90998517e+02  8.90101873e-09 
 1.95447444e+02  8.88761148e-09  1.95447444e+02  8.89858433e-09 
 2.00000000e+02  8.88523650e-09  2.00000000e+02  8.89620513e-09 
 2.04658598e+02  8.88291535e-09  2.04658598e+02  8.89387988e-09 
 2.09425710e+02  8.88064681e-09  2.09425710e+02  8.89160736e-09 
 2.14303861e+02  8.87842969e-09  2.14303861e+02  8.88938637e-09 
 2.19295639e+02  8.87626283e-09  2.19295639e+02  8.88721576e-09 
 2.24403691e+02  8.87414510e-09  2.24403691e+02  8.88509438e-09 
 2.29630724e+02  8.87207538e-09  2.29630724e+02  8.88302113e-09 
 2.34979511e+02  8.87005260e-09  2.34979511e+02  8.88099491e-09 
 2.40452887e+02  8.86807569e-09  2.40452887e+02  8.87901466e-09 
 2.46053754e+02  8.86614362e-09  2.46053754e+02  8.87707933e-09 
 2.51785082e+02  8.86425537e-09  2.51785082e+02  8.87518792e-09 
 2.57649910e+02  8.86240995e-09  2.57649910e+02  8.87333943e-09 
 2.63651348e+02  8.86060639e-09  2.63651348e+02  8.87153289e-09 
 2.69792577e+02  8.85884376e-09  2.69792577e+02  8.86976735e-09 
 2.76076853e+02  8.85712111e-09  2.76076853e+02  8.86804188e-09 
 2.82507509e+02  8.85543755e-09  2.82507509e+02  8.86635557e-09 
 2.89087954e+02  8.85379219e-09  2.89087954e+02  8.86470754e-09 
 2.95821678e+02  8.85218417e-09  2.95821678e+02  8.86309692e-09 
 3.02712250e+02  8.85061264e-09  3.02712250e+02  8.86152287e-09 
 3.09763324e+02  8.84907678e-09  3.09763324e+02  8.85998454e-09 
 3.16978638e+02  8.84757579e-09  3.16978638e+02  8.85848115e-09 
 3.24362019e+02  8.84610886e-09  3.24362019e+02  8.85701188e-09 
 3.31917381e+02  8.84467523e-09  3.31917381e+02  8.85557598e-09 
 3.39648730e+02  8.84327415e-09  3.39648730e+02  8.85417268e-09 
 3.47560166e+02  8.84190487e-09  3.47560166e+02  8.85280125e-09 
 3.55655882e+02  8.84056669e-09  3.55655882e+02  8.85146096e-09 
 3.63940172e+02  8.83925888e-09  3.63940172e+02  8.85015110e-09 
 3.72417427e+02  8.83798078e-09  3.72417427e+02  8.84887100e-09 
 3.81092144e+02  8.83673169e-09  3.81092144e+02  8.84761996e-09 
 3.89968920e+02  8.83551097e-09  3.89968920e+02  8.84639734e-09 
 3.99052463e+02  8.83431798e-09  3.99052463e+02  8.84520249e-09 
 4.08347589e+02  8.83315207e-09  4.08347589e+02  8.84403477e-09 
 4.17859226e+02  8.83201265e-09  4.17859226e+02  8.84289358e-09 
 4.27592418e+02  8.83089911e-09  4.27592418e+02  8.84177831e-09 
 4.37552325e+02  8.82981085e-09  4.37552325e+02  8.84068837e-09 
 4.47744228e+02  8.82874732e-09  4.47744228e+02  8.83962319e-09 
 4.58173531e+02  8.82770795e-09  4.58173531e+02  8.83858220e-09 
 4.68845763e+02  8.82669219e-09  4.68845763e+02  8.83756486e-09 
 4.79766584e+02  8.82569950e-09  4.79766584e+02  8.83657063e-09 
 4.90941783e+02  8.82472936e-09  4.90941783e+02  8.83559899e-09 
 5.02377286e+02  8.82378127e-09  5.02377286e+02  8.83464942e-09 
 5.14079157e+02  8.82285471e-09  5.14079157e+02  8.83372141e-09 
 5.26053598e+02  8.82194920e-09  5.26053598e+02  8.83281449e-09 
 5.38306961e+02  8.82106427e-09  5.38306961e+02  8.83192817e-09 
 5.50845741e+02  8.82019945e-09  5.50845741e+02  8.83106198e-09 
 5.63676586e+02  8.81935427e-09  5.63676586e+02  8.83021547e-09 
 5.76806301e+02  8.81852830e-09  5.76806301e+02  8.82938819e-09 
 5.90241845e+02  8.81772110e-09  5.90241845e+02  8.82857970e-09 
 6.03990344e+02  8.81693224e-09  6.03990344e+02  8.82778957e-09 
 6.18059087e+02  8.81616130e-09  6.18059087e+02  8.82701739e-09 
 6.32455532e+02  8.81540788e-09  6.32455532e+02  8.82626274e-09 
 6.47187314e+02  8.81467159e-09  6.47187314e+02  8.82552524e-09 
 6.62262243e+02  8.81395202e-09  6.62262243e+02  8.82480448e-09 
 6.77688312e+02  8.81324881e-09  6.77688312e+02  8.82410010e-09 
 6.93473701e+02  8.81256157e-09  6.93473701e+02  8.82341170e-09 
 7.09626778e+02  8.81188996e-09  7.09626778e+02  8.82273894e-09 
 7.26156110e+02  8.81123360e-09  7.26156110e+02  8.82208146e-09 
 7.43070458e+02  8.81059216e-09  7.43070458e+02  8.82143890e-09 
 7.60378793e+02  8.80996530e-09  7.60378793e+02  8.82081092e-09 
 7.78090290e+02  8.80935268e-09  7.78090290e+02  8.82019721e-09 
 7.96214341e+02  8.80875398e-09  7.96214341e+02  8.81959742e-09 
 8.14760556e+02  8.80816888e-09  8.14760556e+02  8.81901124e-09 
 8.33738767e+02  8.80759708e-09  8.33738767e+02  8.81843837e-09 
 8.53159038e+02  8.80703827e-09  8.53159038e+02  8.81787849e-09 
 8.73031664e+02  8.80649216e-09  8.73031664e+02  8.81733131e-09 
 8.93367184e+02  8.80595846e-09  8.93367184e+02  8.81679654e-09 
 9.14176379e+02  8.80543688e-09  9.14176379e+02  8.81627390e-09 
 9.35470283e+02  8.80492715e-09  9.35470283e+02  8.81576311e-09 
 9.57260185e+02  8.80442900e-09  9.57260185e+02  8.81526390e-09 
 9.79557639e+02  8.80394217e-09  9.79557639e+02  8.81477601e-09 
 1.00237447e+03  8.80346639e-09  1.00237447e+03  8.81429917e-09 
 1.02572277e+03  8.80300143e-09  1.02572277e+03  8.81383313e-09 
 1.04961492e+03  8.80254702e-09  1.04961492e+03  8.81337764e-09 
 1.07406359e+03  8.80210293e-09  1.07406359e+03  8.81293247e-09 
 1.09908175e+03  8.80166893e-09  1.09908175e+03  8.81249737e-09 
 1.12468265e+03  8.80124478e-09  1.12468265e+03  8.81207211e-09 
 1.15087987e+03  8.80083026e-09  1.15087987e+03  8.81165648e-09 
 1.17768731e+03  8.80042515e-09  1.17768731e+03  8.81125024e-09 
 1.20511917e+03  8.80002923e-09  1.20511917e+03  8.81085318e-09 
 1.23319000e+03  8.79964231e-09  1.23319000e+03  8.81046509e-09 
 1.26191469e+03  8.79926416e-09  1.26191469e+03  8.81008576e-09 
 1.29130846e+03  8.79889459e-09  1.29130846e+03  8.80971499e-09 
 1.32138690e+03  8.79853340e-09  1.32138690e+03  8.80935258e-09 
 1.35216595e+03  8.79818041e-09  1.35216595e+03  8.80899834e-09 
 1.38366194e+03  8.79783542e-09  1.38366194e+03  8.80865208e-09 
 1.41589157e+03  8.79749825e-09  1.41589157e+03  8.80831361e-09 
 1.44887192e+03  8.79716872e-09  1.44887192e+03  8.80798275e-09 
 1.48262048e+03  8.79684667e-09  1.48262048e+03  8.80765933e-09 
 1.51715515e+03  8.79653190e-09  1.51715515e+03  8.80734317e-09 
 1.55249423e+03  8.79622427e-09  1.55249423e+03  8.80703411e-09 
 1.58865647e+03  8.79592360e-09  1.58865647e+03  8.80673196e-09 
 1.62566103e+03  8.79562974e-09  1.62566103e+03  8.80643659e-09 
 1.66352754e+03  8.79534252e-09  1.66352754e+03  8.80614781e-09 
 1.70227608e+03  8.79506180e-09  1.70227608e+03  8.80586549e-09 
 1.74192718e+03  8.79478743e-09  1.74192718e+03  8.80558946e-09 
 1.78250188e+03  8.79451926e-09  1.78250188e+03  8.80531958e-09 
 1.82402168e+03  8.79425715e-09  1.82402168e+03  8.80505570e-09 
 1.86650860e+03  8.79400095e-09  1.86650860e+03  8.80479768e-09 
 1.90998517e+03  8.79375053e-09  1.90998517e+03  8.80454538e-09 
 1.95447444e+03  8.79350576e-09  1.95447444e+03  8.80429865e-09 
 2.00000000e+03  8.79326651e-09  2.00000000e+03  8.80405738e-09 
 2.04658598e+03  8.79303264e-09  2.04658598e+03  8.80382142e-09 
 2.09425710e+03  8.79280404e-09  2.09425710e+03  8.80359064e-09 
 2.14303861e+03  8.79258058e-09  2.14303861e+03  8.80336492e-09 
 2.19295639e+03  8.79236213e-09  2.19295639e+03  8.80314414e-09 
 2.24403691e+03  8.79214860e-09  2.24403691e+03  8.80292817e-09 
 2.29630724e+03  8.79193985e-09  2.29630724e+03  8.80271689e-09 
 2.34979511e+03  8.79173578e-09  2.34979511e+03  8.80251019e-09 
 2.40452887e+03  8.79153627e-09  2.40452887e+03  8.80230795e-09 
 2.46053754e+03  8.79134122e-09  2.46053754e+03  8.80211006e-09 
 2.51785082e+03  8.79115053e-09  2.51785082e+03  8.80191641e-09 
 2.57649910e+03  8.79096409e-09  2.57649910e+03  8.80172689e-09 
 2.63651348e+03  8.79078180e-09  2.63651348e+03  8.80154138e-09 
 2.69792577e+03  8.79060356e-09  2.69792577e+03  8.80135980e-09 
 2.76076853e+03  8.79042927e-09  2.76076853e+03  8.80118202e-09 
 2.82507509e+03  8.79025885e-09  2.82507509e+03  8.80100796e-09 
 2.89087954e+03  8.79009219e-09  2.89087954e+03  8.80083751e-09 
 2.95821678e+03  8.78992921e-09  2.95821678e+03  8.80067057e-09 
 3.02712250e+03  8.78976982e-09  3.02712250e+03  8.80050705e-09 
 3.09763324e+03  8.78961392e-09  3.09763324e+03  8.80034685e-09 
 3.16978638e+03  8.78946144e-09  3.16978638e+03  8.80018987e-09 
 3.24362019e+03  8.78931230e-09  3.24362019e+03  8.80003602e-09 
 3.31917381e+03  8.78916639e-09  3.31917381e+03  8.79988521e-09 
 3.39648730e+03  8.78902366e-09  3.39648730e+03  8.79973735e-09 
 3.47560166e+03  8.78888401e-09  3.47560166e+03  8.79959236e-09 
 3.55655882e+03  8.78874738e-09  3.55655882e+03  8.79945013e-09 
 3.63940172e+03  8.78861367e-09  3.63940172e+03  8.79931058e-09 
 3.72417427e+03  8.78848283e-09  3.72417427e+03  8.79917363e-09 
 3.81092144e+03  8.78835477e-09  3.81092144e+03  8.79903918e-09 
 3.89968920e+03  8.78822943e-09  3.89968920e+03  8.79890716e-09 
 3.99052463e+03  8.78810672e-09  3.99052463e+03  8.79877748e-09 
 4.08347589e+03  8.78798659e-09  4.08347589e+03  8.79865005e-09 
 4.17859226e+03  8.78786895e-09  4.17859226e+03  8.79852479e-09 
 4.27592418e+03  8.78775376e-09  4.27592418e+03  8.79840161e-09 
 4.37552325e+03  8.78764093e-09  4.37552325e+03  8.79828044e-09 
 4.47744228e+03  8.78753040e-09  4.47744228e+03  8.79816118e-09 
 4.58173531e+03  8.78742211e-09  4.58173531e+03  8.79804376e-09 
 4.68845763e+03  8.78731599e-09  4.68845763e+03  8.79792809e-09 
 4.79766584e+03  8.78721198e-09  4.79766584e+03  8.79781410e-09 
 4.90941783e+03  8.78711002e-09  4.90941783e+03  8.79770168e-09 
 5.02377286e+03  8.78701005e-09  5.02377286e+03  8.79759077e-09 
 5.14079157e+03  8.78691199e-09  5.14079157e+03  8.79748128e-09 
 5.26053598e+03  8.78681581e-09  5.26053598e+03  8.79737312e-09 
 5.38306961e+03  8.78672143e-09  5.38306961e+03  8.79726621e-09 
 5.50845741e+03  8.78662879e-09  5.50845741e+03  8.79716046e-09 
 5.63676586e+03  8.78653784e-09  5.63676586e+03  8.79705579e-09 
 5.76806301e+03  8.78644852e-09  5.76806301e+03  8.79695211e-09 
 5.90241845e+03  8.78636077e-09  5.90241845e+03  8.79684933e-09 
 6.03990344e+03  8.78627453e-09  6.03990344e+03  8.79674736e-09 
 6.18059087e+03  8.78618975e-09  6.18059087e+03  8.79664612e-09 
 6.32455532e+03  8.78610637e-09  6.32455532e+03  8.79654551e-09 
 6.47187314e+03  8.78602433e-09  6.47187314e+03  8.79644543e-09 
 6.62262243e+03  8.78594357e-09  6.62262243e+03  8.79634580e-09 
 6.77688312e+03  8.78586404e-09  6.77688312e+03  8.79624651e-09 
 6.93473701e+03  8.78578569e-09  6.93473701e+03  8.79614748e-09 
 7.09626778e+03  8.78570845e-09  7.09626778e+03  8.79604859e-09 
 7.26156110e+03  8.78563227e-09  7.26156110e+03  8.79594975e-09 
 7.43070458e+03  8.78555709e-09  7.43070458e+03  8.79585085e-09 
 7.60378793e+03  8.78548286e-09  7.60378793e+03  8.79575178e-09 
 7.78090290e+03  8.78540951e-09  7.78090290e+03  8.79565244e-09 
 7.96214341e+03  8.78533699e-09  7.96214341e+03  8.79555270e-09 
 8.14760556e+03  8.78526525e-09  8.14760556e+03  8.79545247e-09 
 8.33738767e+03  8.78519421e-09  8.33738767e+03  8.79535161e-09 
 8.53159038e+03  8.78512382e-09  8.53159038e+03  8.79525000e-09 
 8.73031664e+03  8.78505403e-09  8.73031664e+03  8.79514753e-09 
 8.93367184e+03  8.78498477e-09  8.93367184e+03  8.79504405e-09 
 9.14176379e+03  8.78491598e-09  9.14176379e+03  8.79493944e-09 
 9.35470283e+03  8.78484759e-09  9.35470283e+03  8.79483355e-09 
 9.57260185e+03  8.78477954e-09  9.57260185e+03  8.79472625e-09 
 9.79557639e+03  8.78471178e-09  9.79557639e+03  8.79461738e-09 
 1.00237447e+04  8.78464422e-09  1.00237447e+04  8.79450681e-09 
 1.02572277e+04  8.78457681e-09  1.02572277e+04  8.79439435e-09 
 1.04961492e+04  8.78450947e-09  1.04961492e+04  8.79427986e-09 
 1.07406359e+04  8.78444214e-09  1.07406359e+04  8.79416317e-09 
 1.09908175e+04  8.78437474e-09  1.09908175e+04  8.79404409e-09 
 1.12468265e+04  8.78430720e-09  1.12468265e+04  8.79392246e-09 
 1.15087987e+04  8.78423945e-09  1.15087987e+04  8.79379806e-09 
 1.17768731e+04  8.78417140e-09  1.17768731e+04  8.79367073e-09 
 1.20511917e+04  8.78410298e-09  1.20511917e+04  8.79354024e-09 
 1.23319000e+04  8.78403411e-09  1.23319000e+04  8.79340638e-09 
 1.26191469e+04  8.78396469e-09  1.26191469e+04  8.79326895e-09 
 1.29130846e+04  8.78389465e-09  1.29130846e+04  8.79312770e-09 
 1.32138690e+04  8.78382390e-09  1.32138690e+04  8.79298240e-09 
 1.35216595e+04  8.78375234e-09  1.35216595e+04  8.79283281e-09 
 1.38366194e+04  8.78367988e-09  1.38366194e+04  8.79267866e-09 
 1.41589157e+04  8.78360642e-09  1.41589157e+04  8.79251968e-09 
 1.44887192e+04  8.78353186e-09  1.44887192e+04  8.79235561e-09 
 1.48262048e+04  8.78345610e-09  1.48262048e+04  8.79218614e-09 
 1.51715515e+04  8.78337902e-09  1.51715515e+04  8.79201097e-09 
 1.55249423e+04  8.78330051e-09  1.55249423e+04  8.79182979e-09 
 1.58865647e+04  8.78322047e-09  1.58865647e+04  8.79164226e-09 
 1.62566103e+04  8.78313875e-09  1.62566103e+04  8.79144805e-09 
 1.66352754e+04  8.78305526e-09  1.66352754e+04  8.79124679e-09 
 1.70227608e+04  8.78296984e-09  1.70227608e+04  8.79103812e-09 
 1.74192718e+04  8.78288237e-09  1.74192718e+04  8.79082164e-09 
 1.78250188e+04  8.78279270e-09  1.78250188e+04  8.79059694e-09 
 1.82402168e+04  8.78270070e-09  1.82402168e+04  8.79036360e-09 
 1.86650860e+04  8.78260621e-09  1.86650860e+04  8.79012119e-09 
 1.90998517e+04  8.78250907e-09  1.90998517e+04  8.78986923e-09 
 1.95447444e+04  8.78240912e-09  1.95447444e+04  8.78960725e-09 
 2.00000000e+04  8.78230619e-09  2.00000000e+04  8.78933475e-09 
