 2.00000000e+01  1.99269986e-08  2.00000000e+01  1.99490277e-08 
 2.04658598e+01  1.97391787e-08  2.04658598e+01  1.97607309e-08 
 2.09425710e+01  1.95538930e-08  2.09425710e+01  1.95749882e-08 
 2.14303861e+01  1.93711148e-08  2.14303861e+01  1.93917717e-08 
 2.19295639e+01  1.91908176e-08  2.19295639e+01  1.92110542e-08 
 2.24403691e+01  1.90129752e-08  2.24403691e+01  1.90328085e-08 
 2.29630724e+01  1.88375615e-08  2.29630724e+01  1.88570077e-08 
 2.34979511e+01  1.86645509e-08  2.34979511e+01  1.86836253e-08 
 2.40452887e+01  1.84939178e-08  2.40452887e+01  1.85126350e-08 
 2.46053754e+01  1.83256370e-08  2.46053754e+01  1.83440108e-08 
 2.51785082e+01  1.81596834e-08  2.51785082e+01  1.81777270e-08 
 2.57649910e+01  1.79960321e-08  2.57649910e+01  1.80137582e-08 
 2.63651348e+01  1.78346585e-08  2.63651348e+01  1.78520790e-08 
 2.69792577e+01  1.76755384e-08  2.69792577e+01  1.76926646e-08 
 2.76076853e+01  1.75186474e-08  2.76076853e+01  1.75354903e-08 
 2.82507509e+01  1.73639617e-08  2.82507509e+01  1.73805315e-08 
 2.89087954e+01  1.72114576e-08  2.89087954e+01  1.72277640e-08 
 2.95821678e+01  1.70611114e-08  2.95821678e+01  1.70771639e-08 
 3.02712250e+01  1.69128998e-08  3.02712250e+01  1.69287074e-08 
 3.09763324e+01  1.67667998e-08  3.09763324e+01  1.67823709e-08 
 3.16978638e+01  1.66227884e-08  3.16978638e+01  1.66381311e-08 
 3.24362019e+01  1.64808429e-08  3.24362019e+01  1.64959650e-08 
 3.31917381e+01  1.63409407e-08  3.31917381e+01  1.63558497e-08 
 3.39648730e+01  1.62030596e-08  3.39648730e+01  1.62177624e-08 
 3.47560166e+01  1.60671773e-08  3.47560166e+01  1.60816808e-08 
 3.55655882e+01  1.59332719e-08  3.55655882e+01  1.59475825e-08 
 3.63940172e+01  1.58013217e-08  3.63940172e+01  1.58154454e-08 
 3.72417427e+01  1.56713049e-08  3.72417427e+01  1.56852479e-08 
 3.81092144e+01  1.55432003e-08  3.81092144e+01  1.55569680e-08 
 3.89968920e+01  1.54169865e-08  3.89968920e+01  1.54305844e-08 
 3.99052463e+01  1.52926424e-08  3.99052463e+01  1.53060757e-08 
 4.08347589e+01  1.51701472e-08  4.08347589e+01  1.51834209e-08 
 4.17859226e+01  1.50494801e-08  4.17859226e+01  1.50625989e-08 
 4.27592418e+01  1.49306206e-08  4.27592418e+01  1.49435890e-08 
 4.37552325e+01  1.48135482e-08  4.37552325e+01  1.48263707e-08 
 4.47744228e+01  1.46982426e-08  4.47744228e+01  1.47109234e-08 
 4.58173531e+01  1.45846839e-08  4.58173531e+01  1.45972268e-08 
 4.68845763e+01  1.44728519e-08  4.68845763e+01  1.44852610e-08 
 4.79766584e+01  1.43627270e-08  4.79766584e+01  1.43750060e-08 
 4.90941783e+01  1.42542895e-08  4.90941783e+01  1.42664419e-08 
 5.02377286e+01  1.41475199e-08  5.02377286e+01  1.41595492e-08 
 5.14079157e+01  1.40423988e-08  5.14079157e+01  1.40543083e-08 
 5.26053598e+01  1.39389071e-08  5.26053598e+01  1.39507000e-08 
 5.38306961e+01  1.38370257e-08  5.38306961e+01  1.38487051e-08 
 5.50845741e+01  1.37367357e-08  5.50845741e+01  1.37483045e-08 
 5.63676586e+01  1.36380183e-08  5.63676586e+01  1.36494794e-08 
 5.76806301e+01  1.35408549e-08  5.76806301e+01  1.35522110e-08 
 5.90241845e+01  1.34452269e-08  5.90241845e+01  1.34564807e-08 
 6.03990344e+01  1.33511159e-08  6.03990344e+01  1.33622701e-08 
 6.18059087e+01  1.32585039e-08  6.18059087e+01  1.32695608e-08 
 6.32455532e+01  1.31673726e-08  6.32455532e+01  1.31783346e-08 
 6.47187314e+01  1.30777040e-08  6.47187314e+01  1.30885735e-08 
 6.62262243e+01  1.29894803e-08  6.62262243e+01  1.30002595e-08 
 6.77688312e+01  1.29026838e-08  6.77688312e+01  1.29133750e-08 
 6.93473701e+01  1.28172970e-08  6.93473701e+01  1.28279021e-08 
 7.09626778e+01  1.27333022e-08  7.09626778e+01  1.27438233e-08 
 7.26156110e+01  1.26506822e-08  7.26156110e+01  1.26611213e-08 
 7.43070458e+01  1.25694198e-08  7.43070458e+01  1.25797788e-08 
 7.60378793e+01  1.24894978e-08  7.60378793e+01  1.24997786e-08 
 7.78090290e+01  1.24108993e-08  7.78090290e+01  1.24211037e-08 
 7.96214341e+01  1.23336075e-08  7.96214341e+01  1.23437371e-08 
 8.14760556e+01  1.22576055e-08  8.14760556e+01  1.22676621e-08 
 8.33738767e+01  1.21828768e-08  8.33738767e+01  1.21928621e-08 
 8.53159038e+01  1.21094049e-08  8.53159038e+01  1.21193204e-08 
 8.73031664e+01  1.20371734e-08  8.73031664e+01  1.20470207e-08 
 8.93367184e+01  1.19661660e-08  8.93367184e+01  1.19759466e-08 
 9.14176379e+01  1.18963666e-08  9.14176379e+01  1.19060821e-08 
 9.35470283e+01  1.18277593e-08  9.35470283e+01  1.18374109e-08 
 9.57260185e+01  1.17603280e-08  9.57260185e+01  1.17699173e-08 
 9.79557639e+01  1.16940571e-08  9.79557639e+01  1.17035853e-08 
 1.00237447e+02  1.16289308e-08  1.00237447e+02  1.16383993e-08 
 1.02572277e+02  1.15649336e-08  1.02572277e+02  1.15743437e-08 
 1.04961492e+02  1.15020500e-08  1.04961492e+02  1.15114030e-08 
 1.07406359e+02  1.14402649e-08  1.07406359e+02  1.14495620e-08 
 1.09908175e+02  1.13795629e-08  1.09908175e+02  1.13888053e-08 
 1.12468265e+02  1.13199291e-08  1.12468265e+02  1.13291178e-08 
 1.15087987e+02  1.12613483e-08  1.15087987e+02  1.12704847e-08 
 1.17768731e+02  1.12038060e-08  1.17768731e+02  1.12128910e-08 
 1.20511917e+02  1.11472872e-08  1.20511917e+02  1.11563220e-08 
 1.23319000e+02  1.10917774e-08  1.23319000e+02  1.11007630e-08 
 1.26191469e+02  1.10372622e-08  1.26191469e+02  1.10461996e-08 
 1.29130846e+02  1.09837271e-08  1.29130846e+02  1.09926175e-08 
 1.32138690e+02  1.09311580e-08  1.32138690e+02  1.09400022e-08 
 1.35216595e+02  1.08795408e-08  1.35216595e+02  1.08883398e-08 
 1.38366194e+02  1.08288614e-08  1.38366194e+02  1.08376162e-08 
 1.41589157e+02  1.07791060e-08  1.41589157e+02  1.07878174e-08 
 1.44887192e+02  1.07302608e-08  1.44887192e+02  1.07389298e-08 
 1.48262048e+02  1.06823122e-08  1.48262048e+02  1.06909397e-08 
 1.51715515e+02  1.06352467e-08  1.51715515e+02  1.06438336e-08 
 1.55249423e+02  1.05890510e-08  1.55249423e+02  1.05975980e-08 
 1.58865647e+02  1.05437117e-08  1.58865647e+02  1.05522197e-08 
 1.62566103e+02  1.04992158e-08  1.62566103e+02  1.05076856e-08 
 1.66352754e+02  1.04555503e-08  1.66352754e+02  1.04639827e-08 
 1.70227608e+02  1.04127022e-08  1.70227608e+02  1.04210979e-08 
 1.74192718e+02  1.03706588e-08  1.74192718e+02  1.03790187e-08 
 1.78250188e+02  1.03294075e-08  1.78250188e+02  1.03377323e-08 
 1.82402168e+02  1.02889358e-08  1.82402168e+02  1.02972262e-08 
 1.86650860e+02  1.02492313e-08  1.86650860e+02  1.02574880e-08 
 1.90998517e+02  1.02102818e-08  1.90998517e+02  1.02185054e-08 
 1.95447444e+02  1.01720751e-08  1.95447444e+02  1.01802664e-08 
 2.00000000e+02  1.01345993e-08  2.00000000e+02  1.01427590e-08 
 2.04658598e+02  1.00978424e-08  2.04658598e+02  1.01059711e-08 
 2.09425710e+02  1.00617929e-08  2.09425710e+02  1.00698912e-08 
 2.14303861e+02  1.00264389e-08  2.14303861e+02  1.00345075e-08 
 2.19295639e+02  9.99176917e-09  2.19295639e+02  9.99980867e-09 
 2.24403691e+02  9.95777224e-09  2.24403691e+02  9.96578323e-09 
 2.29630724e+02  9.92443691e-09  2.29630724e+02  9.93241998e-09 
 2.34979511e+02  9.89175210e-09  2.34979511e+02  9.89970782e-09 
 2.40452887e+02  9.85970683e-09  2.40452887e+02  9.86763577e-09 
 2.46053754e+02  9.82829028e-09  2.46053754e+02  9.83619300e-09 
 2.51785082e+02  9.79749175e-09  2.51785082e+02  9.80536879e-09 
 2.57649910e+02  9.76730065e-09  2.57649910e+02  9.77515255e-09 
 2.63651348e+02  9.73770656e-09  2.63651348e+02  9.74553382e-09 
 2.69792577e+02  9.70869914e-09  2.69792577e+02  9.71650229e-09 
 2.76076853e+02  9.68026821e-09  2.76076853e+02  9.68804775e-09 
 2.82507509e+02  9.65240372e-09  2.82507509e+02  9.66016014e-09 
 2.89087954e+02  9.62509574e-09  2.89087954e+02  9.63282951e-09 
 2.95821678e+02  9.59833446e-09  2.95821678e+02  9.60604606e-09 
 3.02712250e+02  9.57211021e-09  3.02712250e+02  9.57980010e-09 
 3.09763324e+02  9.54641344e-09  3.09763324e+02  9.55408207e-09 
 3.16978638e+02  9.52123474e-09  3.16978638e+02  9.52888256e-09 
 3.24362019e+02  9.49656482e-09  3.24362019e+02  9.50419226e-09 
 3.31917381e+02  9.47239451e-09  3.31917381e+02  9.48000199e-09 
 3.39648730e+02  9.44871477e-09  3.39648730e+02  9.45630271e-09 
 3.47560166e+02  9.42551669e-09  3.47560166e+02  9.43308550e-09 
 3.55655882e+02  9.40279149e-09  3.55655882e+02  9.41034156e-09 
 3.63940172e+02  9.38053049e-09  3.63940172e+02  9.38806222e-09 
 3.72417427e+02  9.35872516e-09  3.72417427e+02  9.36623893e-09 
 3.81092144e+02  9.33736708e-09  3.81092144e+02  9.34486327e-09 
 3.89968920e+02  9.31644796e-09  3.89968920e+02  9.32392694e-09 
 3.99052463e+02  9.29595963e-09  3.99052463e+02  9.30342175e-09 
 4.08347589e+02  9.27589404e-09  4.08347589e+02  9.28333966e-09 
 4.17859226e+02  9.25624325e-09  4.17859226e+02  9.26367272e-09 
 4.27592418e+02  9.23699946e-09  4.27592418e+02  9.24441311e-09 
 4.37552325e+02  9.21815498e-09  4.37552325e+02  9.22555314e-09 
 4.47744228e+02  9.19970223e-09  4.47744228e+02  9.20708523e-09 
 4.58173531e+02  9.18163375e-09  4.58173531e+02  9.18900191e-09 
 4.68845763e+02  9.16394221e-09  4.68845763e+02  9.17129583e-09 
 4.79766584e+02  9.14662039e-09  4.79766584e+02  9.15395978e-09 
 4.90941783e+02  9.12966116e-09  4.90941783e+02  9.13698662e-09 
 5.02377286e+02  9.11305754e-09  5.02377286e+02  9.12036935e-09 
 5.14079157e+02  9.09680264e-09  5.14079157e+02  9.10410110e-09 
 5.26053598e+02  9.08088968e-09  5.26053598e+02  9.08817507e-09 
 5.38306961e+02  9.06531201e-09  5.38306961e+02  9.07258459e-09 
 5.50845741e+02  9.05006308e-09  5.50845741e+02  9.05732312e-09 
 5.63676586e+02  9.03513643e-09  5.63676586e+02  9.04238420e-09 
 5.76806301e+02  9.02052574e-09  5.76806301e+02  9.02776148e-09 
 5.90241845e+02  9.00622476e-09  5.90241845e+02  9.01344873e-09 
 6.03990344e+02  8.99222738e-09  6.03990344e+02  8.99943982e-09 
 6.18059087e+02  8.97852757e-09  6.18059087e+02  8.98572872e-09 
 6.32455532e+02  8.96511942e-09  6.32455532e+02  8.97230951e-09 
 6.47187314e+02  8.95199710e-09  6.47187314e+02  8.95917636e-09 
 6.62262243e+02  8.93915490e-09  6.62262243e+02  8.94632356e-09 
 6.77688312e+02  8.92658720e-09  6.77688312e+02  8.93374547e-09 
 6.93473701e+02  8.91428849e-09  6.93473701e+02  8.92143658e-09 
 7.09626778e+02  8.90225334e-09  7.09626778e+02  8.90939147e-09 
 7.26156110e+02  8.89047643e-09  7.26156110e+02  8.89760478e-09 
 7.43070458e+02  8.87895252e-09  7.43070458e+02  8.88607131e-09 
 7.60378793e+02  8.86767648e-09  7.60378793e+02  8.87478589e-09 
 7.78090290e+02  8.85664326e-09  7.78090290e+02  8.86374348e-09 
 7.96214341e+02  8.84584791e-09  7.96214341e+02  8.85293912e-09 
 8.14760556e+02  8.83528556e-09  8.14760556e+02  8.84236794e-09 
 8.33738767e+02  8.82495145e-09  8.33738767e+02  8.83202517e-09 
 8.53159038e+02  8.81484087e-09  8.53159038e+02  8.82190611e-09 
 8.73031664e+02  8.80494923e-09  8.73031664e+02  8.81200614e-09 
 8.93367184e+02  8.79527201e-09  8.93367184e+02  8.80232077e-09 
 9.14176379e+02  8.78580478e-09  9.14176379e+02  8.79284554e-09 
 9.35470283e+02  8.77654320e-09  9.35470283e+02  8.78357610e-09 
 9.57260185e+02  8.76748298e-09  9.57260185e+02  8.77450818e-09 
 9.79557639e+02  8.75861995e-09  9.79557639e+02  8.76563758e-09 
 1.00237447e+03  8.74995000e-09  1.00237447e+03  8.75696020e-09 
 1.02572277e+03  8.74146909e-09  1.02572277e+03  8.74847200e-09 
 1.04961492e+03  8.73317327e-09  1.04961492e+03  8.74016903e-09 
 1.07406359e+03  8.72505867e-09  1.07406359e+03  8.73204739e-09 
 1.09908175e+03  8.71712147e-09  1.09908175e+03  8.72410328e-09 
 1.12468265e+03  8.70935795e-09  1.12468265e+03  8.71633297e-09 
 1.15087987e+03  8.70176446e-09  1.15087987e+03  8.70873279e-09 
 1.17768731e+03  8.69433739e-09  1.17768731e+03  8.70129916e-09 
 1.20511917e+03  8.68707325e-09  1.20511917e+03  8.69402855e-09 
 1.23319000e+03  8.67996857e-09  1.23319000e+03  8.68691751e-09 
 1.26191469e+03  8.67301998e-09  1.26191469e+03  8.67996265e-09 
 1.29130846e+03  8.66622416e-09  1.29130846e+03  8.67316066e-09 
 1.32138690e+03  8.65957786e-09  1.32138690e+03  8.66650827e-09 
 1.35216595e+03  8.65307790e-09  1.35216595e+03  8.66000232e-09 
 1.38366194e+03  8.64672116e-09  1.38366194e+03  8.65363966e-09 
 1.41589157e+03  8.64050457e-09  1.41589157e+03  8.64741723e-09 
 1.44887192e+03  8.63442515e-09  1.44887192e+03  8.64133204e-09 
 1.48262048e+03  8.62847994e-09  1.48262048e+03  8.63538113e-09 
 1.51715515e+03  8.62266608e-09  1.51715515e+03  8.62956163e-09 
 1.55249423e+03  8.61698074e-09  1.55249423e+03  8.62387071e-09 
 1.58865647e+03  8.61142115e-09  1.58865647e+03  8.61830560e-09 
 1.62566103e+03  8.60598462e-09  1.62566103e+03  8.61286360e-09 
 1.66352754e+03  8.60066847e-09  1.66352754e+03  8.60754203e-09 
 1.70227608e+03  8.59547013e-09  1.70227608e+03  8.60233830e-09 
 1.74192718e+03  8.59038703e-09  1.74192718e+03  8.59724986e-09 
 1.78250188e+03  8.58541669e-09  1.78250188e+03  8.59227420e-09 
 1.82402168e+03  8.58055666e-09  1.82402168e+03  8.58740888e-09 
 1.86650860e+03  8.57580455e-09  1.86650860e+03  8.58265151e-09 
 1.90998517e+03  8.57115801e-09  1.90998517e+03  8.57799973e-09 
 1.95447444e+03  8.56661475e-09  1.95447444e+03  8.57345124e-09 
 2.00000000e+03  8.56217252e-09  2.00000000e+03  8.56900379e-09 
 2.04658598e+03  8.55782912e-09  2.04658598e+03  8.56465517e-09 
 2.09425710e+03  8.55358240e-09  2.09425710e+03  8.56040322e-09 
 2.14303861e+03  8.54943024e-09  2.14303861e+03  8.55624582e-09 
 2.19295639e+03  8.54537057e-09  2.19295639e+03  8.55218091e-09 
 2.24403691e+03  8.54140137e-09  2.24403691e+03  8.54820645e-09 
 2.29630724e+03  8.53752066e-09  2.29630724e+03  8.54432044e-09 
 2.34979511e+03  8.53372650e-09  2.34979511e+03  8.54052096e-09 
 2.40452887e+03  8.53001699e-09  2.40452887e+03  8.53680609e-09 
 2.46053754e+03  8.52639026e-09  2.46053754e+03  8.53317395e-09 
 2.51785082e+03  8.52284450e-09  2.51785082e+03  8.52962274e-09 
 2.57649910e+03  8.51937793e-09  2.57649910e+03  8.52615065e-09 
 2.63651348e+03  8.51598880e-09  2.63651348e+03  8.52275593e-09 
 2.69792577e+03  8.51267539e-09  2.69792577e+03  8.51943687e-09 
 2.76076853e+03  8.50943604e-09  2.76076853e+03  8.51619179e-09 
 2.82507509e+03  8.50626912e-09  2.82507509e+03  8.51301904e-09 
 2.89087954e+03  8.50317301e-09  2.89087954e+03  8.50991702e-09 
 2.95821678e+03  8.50014616e-09  2.95821678e+03  8.50688414e-09 
 3.02712250e+03  8.49718702e-09  3.02712250e+03  8.50391886e-09 
 3.09763324e+03  8.49429409e-09  3.09763324e+03  8.50101967e-09 
 3.16978638e+03  8.49146590e-09  3.16978638e+03  8.49818508e-09 
 3.24362019e+03  8.48870101e-09  3.24362019e+03  8.49541366e-09 
 3.31917381e+03  8.48599802e-09  3.31917381e+03  8.49270398e-09 
 3.39648730e+03  8.48335554e-09  3.39648730e+03  8.49005465e-09 
 3.47560166e+03  8.48077222e-09  3.47560166e+03  8.48746430e-09 
 3.55655882e+03  8.47824675e-09  3.55655882e+03  8.48493161e-09 
 3.63940172e+03  8.47577783e-09  3.63940172e+03  8.48245528e-09 
 3.72417427e+03  8.47336418e-09  3.72417427e+03  8.48003402e-09 
 3.81092144e+03  8.47100459e-09  3.81092144e+03  8.47766658e-09 
 3.89968920e+03  8.46869783e-09  3.89968920e+03  8.47535174e-09 
 3.99052463e+03  8.46644271e-09  3.99052463e+03  8.47308829e-09 
 4.08347589e+03  8.46423809e-09  4.08347589e+03  8.47087506e-09 
 4.17859226e+03  8.46208281e-09  4.17859226e+03  8.46871090e-09 
 4.27592418e+03  8.45997576e-09  4.27592418e+03  8.46659469e-09 
 4.37552325e+03  8.45791587e-09  4.37552325e+03  8.46452530e-09 
 4.47744228e+03  8.45590205e-09  4.47744228e+03  8.46250167e-09 
 4.58173531e+03  8.45393328e-09  4.58173531e+03  8.46052272e-09 
 4.68845763e+03  8.45200852e-09  4.68845763e+03  8.45858743e-09 
 4.79766584e+03  8.45012678e-09  4.79766584e+03  8.45669477e-09 
 4.90941783e+03  8.44828709e-09  4.90941783e+03  8.45484373e-09 
 5.02377286e+03  8.44648847e-09  5.02377286e+03  8.45303335e-09 
 5.14079157e+03  8.44473000e-09  5.14079157e+03  8.45126266e-09 
 5.26053598e+03  8.44301075e-09  5.26053598e+03  8.44953073e-09 
 5.38306961e+03  8.44132983e-09  5.38306961e+03  8.44783661e-09 
 5.50845741e+03  8.43968636e-09  5.50845741e+03  8.44617942e-09 
 5.63676586e+03  8.43807947e-09  5.63676586e+03  8.44455826e-09 
 5.76806301e+03  8.43650833e-09  5.76806301e+03  8.44297227e-09 
 5.90241845e+03  8.43497210e-09  5.90241845e+03  8.44142057e-09 
 6.03990344e+03  8.43346997e-09  6.03990344e+03  8.43990234e-09 
 6.18059087e+03  8.43200116e-09  6.18059087e+03  8.43841675e-09 
 6.32455532e+03  8.43056488e-09  6.32455532e+03  8.43696299e-09 
 6.47187314e+03  8.42916038e-09  6.47187314e+03  8.43554026e-09 
 6.62262243e+03  8.42778691e-09  6.62262243e+03  8.43414779e-09 
 6.77688312e+03  8.42644374e-09  6.77688312e+03  8.43278479e-09 
 6.93473701e+03  8.42513015e-09  6.93473701e+03  8.43145052e-09 
 7.09626778e+03  8.42384544e-09  7.09626778e+03  8.43014424e-09 
 7.26156110e+03  8.42258892e-09  7.26156110e+03  8.42886520e-09 
 7.43070458e+03  8.42135992e-09  7.43070458e+03  8.42761270e-09 
 7.60378793e+03  8.42015778e-09  7.60378793e+03  8.42638601e-09 
 7.78090290e+03  8.41898185e-09  7.78090290e+03  8.42518445e-09 
 7.96214341e+03  8.41783148e-09  7.96214341e+03  8.42400732e-09 
 8.14760556e+03  8.41670607e-09  8.14760556e+03  8.42285394e-09 
 8.33738767e+03  8.41560499e-09  8.33738767e+03  8.42172364e-09 
 8.53159038e+03  8.41452763e-09  8.53159038e+03  8.42061576e-09 
 8.73031664e+03  8.41347343e-09  8.73031664e+03  8.41952965e-09 
 8.93367184e+03  8.41244178e-09  8.93367184e+03  8.41846466e-09 
 9.14176379e+03  8.41143212e-09  9.14176379e+03  8.41742016e-09 
 9.35470283e+03  8.41044389e-09  9.35470283e+03  8.41639550e-09 
 9.57260185e+03  8.40947653e-09  9.57260185e+03  8.41539006e-09 
 9.79557639e+03  8.40852952e-09  9.79557639e+03  8.41440323e-09 
 1.00237447e+04  8.40760231e-09  1.00237447e+04  8.41343438e-09 
 1.02572277e+04  8.40669437e-09  1.02572277e+04  8.41248290e-09 
 1.04961492e+04  8.40580520e-09  1.04961492e+04  8.41154820e-09 
 1.07406359e+04  8.40493428e-09  1.07406359e+04  8.41062965e-09 
 1.09908175e+04  8.40408112e-09  1.09908175e+04  8.40972668e-09 
 1.12468265e+04  8.40324520e-09  1.12468265e+04  8.40883867e-09 
 1.15087987e+04  8.40242606e-09  1.15087987e+04  8.40796503e-09 
 1.17768731e+04  8.40162321e-09  1.17768731e+04  8.40710516e-09 
 1.20511917e+04  8.40083616e-09  1.20511917e+04  8.40625848e-09 
 1.23319000e+04  8.40006446e-09  1.23319000e+04  8.40542439e-09 
 1.26191469e+04  8.39930764e-09  1.26191469e+04  8.40460229e-09 
 1.29130846e+04  8.39856523e-09  1.29130846e+04  8.40379159e-09 
 1.32138690e+04  8.39783679e-09  1.32138690e+04  8.40299169e-09 
 1.35216595e+04  8.39712185e-09  1.35216595e+04  8.40220200e-09 
 1.38366194e+04  8.39641998e-09  1.38366194e+04  8.40142190e-09 
 1.41589157e+04  8.39573073e-09  1.41589157e+04  8.40065080e-09 
 1.44887192e+04  8.39505366e-09  1.44887192e+04  8.39988809e-09 
 1.48262048e+04  8.39438832e-09  1.48262048e+04  8.39913314e-09 
 1.51715515e+04  8.39373430e-09  1.51715515e+04  8.39838534e-09 
 1.55249423e+04  8.39309114e-09  1.55249423e+04  8.39764406e-09 
 1.58865647e+04  8.39245843e-09  1.58865647e+04  8.39690867e-09 
 1.62566103e+04  8.39183572e-09  1.62566103e+04  8.39617852e-09 
 1.66352754e+04  8.39122258e-09  1.66352754e+04  8.39545295e-09 
 1.70227608e+04  8.39061860e-09  1.70227608e+04  8.39473132e-09 
 1.74192718e+04  8.39002333e-09  1.74192718e+04  8.39401293e-09 
 1.78250188e+04  8.38943634e-09  1.78250188e+04  8.39329712e-09 
 1.82402168e+04  8.38885720e-09  1.82402168e+04  8.39258318e-09 
 1.86650860e+04  8.38828548e-09  1.86650860e+04  8.39187040e-09 
 1.90998517e+04  8.38772075e-09  1.90998517e+04  8.39115806e-09 
 1.95447444e+04  8.38716255e-09  1.95447444e+04  8.39044541e-09 
 2.00000000e+04  8.38661046e-09  2.00000000e+04  8.38973170e-09 
