 2.00000000e+01  9.31031913e-09  2.00000000e+01  9.32418143e-09 
 2.09425710e+01  9.28351992e-09  2.09425710e+01  9.29709462e-09 
 2.19295639e+01  9.25798202e-09  2.19295639e+01  9.27129408e-09 
 2.29630724e+01  9.23364440e-09  2.29630724e+01  9.24671651e-09 
 2.40452887e+01  9.21044908e-09  2.40452887e+01  9.22330189e-09 
 2.51785082e+01  9.18834097e-09  2.51785082e+01  9.20099327e-09 
 2.63651348e+01  9.16726774e-09  2.63651348e+01  9.17973663e-09 
 2.76076853e+01  9.14717965e-09  2.76076853e+01  9.15948071e-09 
 2.89087954e+01  9.12802945e-09  2.89087954e+01  9.14017686e-09 
 3.02712250e+01  9.10977221e-09  3.02712250e+01  9.12177891e-09 
 3.16978638e+01  9.09236526e-09  3.16978638e+01  9.10424304e-09 
 3.31917381e+01  9.07576801e-09  3.31917381e+01  9.08752763e-09 
 3.47560166e+01  9.05994190e-09  3.47560166e+01  9.07159316e-09 
 3.63940172e+01  9.04485026e-09  3.63940172e+01  9.05640211e-09 
 3.81092144e+01  9.03045821e-09  3.81092144e+01  9.04191884e-09 
 3.99052463e+01  9.01673261e-09  3.99052463e+01  9.02810947e-09 
 4.17859226e+01  9.00364192e-09  4.17859226e+01  9.01494184e-09 
 4.37552325e+01  8.99115615e-09  4.37552325e+01  9.00238537e-09 
 4.58173531e+01  8.97924677e-09  4.58173531e+01  8.99041099e-09 
 4.79766584e+01  8.96788665e-09  4.79766584e+01  8.97899108e-09 
 5.02377286e+01  8.95704997e-09  5.02377286e+01  8.96809937e-09 
 5.26053598e+01  8.94671215e-09  5.26053598e+01  8.95771089e-09 
 5.50845741e+01  8.93684980e-09  5.50845741e+01  8.94780189e-09 
 5.76806301e+01  8.92744069e-09  5.76806301e+01  8.93834979e-09 
 6.03990344e+01  8.91846362e-09  6.03990344e+01  8.92933307e-09 
 6.32455532e+01  8.90989842e-09  6.32455532e+01  8.92073132e-09 
 6.62262243e+01  8.90172591e-09  6.62262243e+01  8.91252506e-09 
 6.93473701e+01  8.89392779e-09  6.93473701e+01  8.90469579e-09 
 7.26156110e+01  8.88648667e-09  7.26156110e+01  8.89722589e-09 
 7.60378793e+01  8.87938596e-09  7.60378793e+01  8.89009858e-09 
 7.96214341e+01  8.87260988e-09  7.96214341e+01  8.88329791e-09 
 8.33738767e+01  8.86614339e-09  8.33738767e+01  8.87680866e-09 
 8.73031664e+01  8.85997215e-09  8.73031664e+01  8.87061636e-09 
 9.14176379e+01  8.85408253e-09  9.14176379e+01  8.86470722e-09 
 9.57260185e+01  8.84846152e-09  9.57260185e+01  8.85906813e-09 
 1.00237447e+02  8.84309672e-09  1.00237447e+02  8.85368656e-09 
 1.04961492e+02  8.83797633e-09  1.04961492e+02  8.84855062e-09 
 1.09908175e+02  8.83308910e-09  1.09908175e+02  8.84364895e-09 
 1.15087987e+02  8.82842429e-09  1.15087987e+02  8.83897074e-09 
 1.20511917e+02  8.82397170e-09  1.20511917e+02  8.83450568e-09 
 1.26191469e+02  8.81972156e-09  1.26191469e+02  8.83024396e-09 
 1.32138690e+02  8.81566460e-09  1.32138690e+02  8.82617622e-09 
 1.38366194e+02  8.81179195e-09  1.38366194e+02  8.82229353e-09 
 1.44887192e+02  8.80809517e-09  1.44887192e+02  8.81858741e-09 
 1.51715515e+02  8.80456622e-09  1.51715515e+02  8.81504975e-09 
 1.58865647e+02  8.80119741e-09  1.58865647e+02  8.81167281e-09 
 1.66352754e+02  8.79798142e-09  1.66352754e+02  8.80844924e-09 
 1.74192718e+02  8.79491127e-09  1.74192718e+02  8.80537202e-09 
 1.82402168e+02  8.79198031e-09  1.82402168e+02  8.80243444e-09 
 1.90998517e+02  8.78918217e-09  1.90998517e+02  8.79963012e-09 
 2.00000000e+02  8.78651081e-09  2.00000000e+02  8.79695297e-09 
 2.09425710e+02  8.78396045e-09  2.09425710e+02  8.79439720e-09 
 2.19295639e+02  8.78152557e-09  2.19295639e+02  8.79195724e-09 
 2.29630724e+02  8.77920092e-09  2.29630724e+02  8.78962784e-09 
 2.40452887e+02  8.77698149e-09  2.40452887e+02  8.78740393e-09 
 2.51785082e+02  8.77486247e-09  2.51785082e+02  8.78528073e-09 
 2.63651348e+02  8.77283932e-09  2.63651348e+02  8.78325364e-09 
 2.76076853e+02  8.77090768e-09  2.76076853e+02  8.78131829e-09 
 2.89087954e+02  8.76906338e-09  2.89087954e+02  8.77947051e-09 
 3.02712250e+02  8.76730247e-09  3.02712250e+02  8.77770631e-09 
 3.16978638e+02  8.76562116e-09  3.16978638e+02  8.77602190e-09 
 3.31917381e+02  8.76401583e-09  3.31917381e+02  8.77441365e-09 
 3.47560166e+02  8.76248305e-09  3.47560166e+02  8.77287810e-09 
 3.63940172e+02  8.76101952e-09  3.63940172e+02  8.77141195e-09 
 3.81092144e+02  8.75962211e-09  3.81092144e+02  8.77001206e-09 
 3.99052463e+02  8.75828782e-09  3.99052463e+02  8.76867542e-09 
 4.17859226e+02  8.75701380e-09  4.17859226e+02  8.76739915e-09 
 4.37552325e+02  8.75579731e-09  4.37552325e+02  8.76618053e-09 
 4.58173531e+02  8.75463575e-09  4.58173531e+02  8.76501694e-09 
 4.79766584e+02  8.75352664e-09  4.79766584e+02  8.76390589e-09 
 5.02377286e+02  8.75246762e-09  5.02377286e+02  8.76284500e-09 
 5.26053598e+02  8.75145640e-09  5.26053598e+02  8.76183199e-09 
 5.50845741e+02  8.75049084e-09  5.50845741e+02  8.76086471e-09 
 5.76806301e+02  8.74956887e-09  5.76806301e+02  8.75994107e-09 
 6.03990344e+02  8.74868853e-09  6.03990344e+02  8.75905911e-09 
 6.32455532e+02  8.74784793e-09  6.32455532e+02  8.75821694e-09 
 6.62262243e+02  8.74704528e-09  6.62262243e+02  8.75741277e-09 
 6.93473701e+02  8.74627888e-09  6.93473701e+02  8.75664486e-09 
 7.26156110e+02  8.74554709e-09  7.26156110e+02  8.75591159e-09 
 7.60378793e+02  8.74484836e-09  7.60378793e+02  8.75521139e-09 
 7.96214341e+02  8.74418118e-09  7.96214341e+02  8.75454276e-09 
 8.33738767e+02  8.74354416e-09  8.33738767e+02  8.75390428e-09 
 8.73031664e+02  8.74293592e-09  8.73031664e+02  8.75329458e-09 
 9.14176379e+02  8.74235518e-09  9.14176379e+02  8.75271237e-09 
 9.57260185e+02  8.74180071e-09  9.57260185e+02  8.75215640e-09 
 1.00237447e+03  8.74127133e-09  1.00237447e+03  8.75162549e-09 
 1.04961492e+03  8.74076591e-09  1.04961492e+03  8.75111851e-09 
 1.09908175e+03  8.74028339e-09  1.09908175e+03  8.75063437e-09 
 1.15087987e+03  8.73982274e-09  1.15087987e+03  8.75017205e-09 
 1.20511917e+03  8.73938299e-09  1.20511917e+03  8.74973055e-09 
 1.26191469e+03  8.73896322e-09  1.26191469e+03  8.74930895e-09 
 1.32138690e+03  8.73856252e-09  1.32138690e+03  8.74890634e-09 
 1.38366194e+03  8.73818008e-09  1.38366194e+03  8.74852187e-09 
 1.44887192e+03  8.73781506e-09  1.44887192e+03  8.74815471e-09 
 1.51715515e+03  8.73746672e-09  1.51715515e+03  8.74780408e-09 
 1.58865647e+03  8.73713432e-09  1.58865647e+03  8.74746925e-09 
 1.66352754e+03  8.73681717e-09  1.66352754e+03  8.74714948e-09 
 1.74192718e+03  8.73651460e-09  1.74192718e+03  8.74684412e-09 
 1.82402168e+03  8.73622599e-09  1.82402168e+03  8.74655250e-09 
 1.90998517e+03  8.73595074e-09  1.90998517e+03  8.74627400e-09 
 2.00000000e+03  8.73568829e-09  2.00000000e+03  8.74600803e-09 
 2.09425710e+03  8.73543809e-09  2.09425710e+03  8.74575403e-09 
 2.19295639e+03  8.73519963e-09  2.19295639e+03  8.74551146e-09 
 2.29630724e+03  8.73497244e-09  2.29630724e+03  8.74527979e-09 
 2.40452887e+03  8.73475604e-09  2.40452887e+03  8.74505854e-09 
 2.51785082e+03  8.73455002e-09  2.51785082e+03  8.74484723e-09 
 2.63651348e+03  8.73435397e-09  2.63651348e+03  8.74464542e-09 
 2.76076853e+03  8.73416750e-09  2.76076853e+03  8.74445267e-09 
 2.89087954e+03  8.73399026e-09  2.89087954e+03  8.74426857e-09 
 3.02712250e+03  8.73382190e-09  3.02712250e+03  8.74409274e-09 
 3.16978638e+03  8.73366212e-09  3.16978638e+03  8.74392479e-09 
 3.31917381e+03  8.73351062e-09  3.31917381e+03  8.74376437e-09 
 3.47560166e+03  8.73336714e-09  3.47560166e+03  8.74361113e-09 
 3.63940172e+03  8.73323144e-09  3.63940172e+03  8.74346476e-09 
 3.81092144e+03  8.73310328e-09  3.81092144e+03  8.74332493e-09 
 3.99052463e+03  8.73298247e-09  3.99052463e+03  8.74319134e-09 
 4.17859226e+03  8.73286883e-09  4.17859226e+03  8.74306372e-09 
 4.37552325e+03  8.73276221e-09  4.37552325e+03  8.74294178e-09 
 4.58173531e+03  8.73266246e-09  4.58173531e+03  8.74282527e-09 
 4.79766584e+03  8.73256948e-09  4.79766584e+03  8.74271394e-09 
 5.02377286e+03  8.73248319e-09  5.02377286e+03  8.74260754e-09 
 5.26053598e+03  8.73240353e-09  5.26053598e+03  8.74250585e-09 
 5.50845741e+03  8.73233046e-09  5.50845741e+03  8.74240864e-09 
 5.76806301e+03  8.73226398e-09  5.76806301e+03  8.74231571e-09 
 6.03990344e+03  8.73220410e-09  6.03990344e+03  8.74222686e-09 
 6.32455532e+03  8.73215088e-09  6.32455532e+03  8.74214189e-09 
 6.62262243e+03  8.73210441e-09  6.62262243e+03  8.74206062e-09 
 6.93473701e+03  8.73206479e-09  6.93473701e+03  8.74198286e-09 
 7.26156110e+03  8.73203219e-09  7.26156110e+03  8.74190846e-09 
 7.60378793e+03  8.73200678e-09  7.60378793e+03  8.74183725e-09 
 7.96214341e+03  8.73198880e-09  7.96214341e+03  8.74176906e-09 
 8.33738767e+03  8.73197852e-09  8.33738767e+03  8.74170375e-09 
 8.73031664e+03  8.73197626e-09  8.73031664e+03  8.74164118e-09 
 9.14176379e+03  8.73198239e-09  9.14176379e+03  8.74158120e-09 
 9.57260185e+03  8.73199733e-09  9.57260185e+03  8.74152369e-09 
 1.00237447e+04  8.73202157e-09  1.00237447e+04  8.74146850e-09 
 1.04961492e+04  8.73205564e-09  1.04961492e+04  8.74141554e-09 
 1.09908175e+04  8.73210016e-09  1.09908175e+04  8.74136466e-09 
 1.15087987e+04  8.73215583e-09  1.15087987e+04  8.74131577e-09 
 1.20511917e+04  8.73222340e-09  1.20511917e+04  8.74126875e-09 
 1.26191469e+04  8.73230374e-09  1.26191469e+04  8.74122351e-09 
 1.32138690e+04  8.73239780e-09  1.32138690e+04  8.74117995e-09 
 1.38366194e+04  8.73250664e-09  1.38366194e+04  8.74113797e-09 
 1.44887192e+04  8.73263144e-09  1.44887192e+04  8.74109751e-09 
 1.51715515e+04  8.73277350e-09  1.51715515e+04  8.74105848e-09 
 1.58865647e+04  8.73293426e-09  1.58865647e+04  8.74102082e-09 
 1.66352754e+04  8.73311530e-09  1.66352754e+04  8.74098448e-09 
 1.74192718e+04  8.73331839e-09  1.74192718e+04  8.74094941e-09 
 1.82402168e+04  8.73354545e-09  1.82402168e+04  8.74091558e-09 
 1.90998517e+04  8.73379862e-09  1.90998517e+04  8.74088299e-09 
 2.00000000e+04  8.73408025e-09  2.00000000e+04  8.74085163e-09 
