 2.00000000e+01  7.45136018e+01 
 2.24403691e+01  7.42276264e+01 
 2.51785082e+01  7.38922353e+01 
 2.82507509e+01  7.35036226e+01 
 3.16978638e+01  7.30590517e+01 
 3.55655882e+01  7.25571196e+01 
 3.99052463e+01  7.19979024e+01 
 4.47744228e+01  7.13829498e+01 
 5.02377286e+01  7.07151311e+01 
 5.63676586e+01  6.99983652e+01 
 6.32455532e+01  6.92372851e+01 
 7.09626778e+01  6.84368926e+01 
 7.96214341e+01  6.76022495e+01 
 8.93367184e+01  6.67382331e+01 
 1.00237447e+02  6.58493652e+01 
 1.12468265e+02  6.49397116e+01 
 1.26191469e+02  6.40128395e+01 
 1.41589157e+02  6.30718171e+01 
 1.58865647e+02  6.21192422e+01 
 1.78250188e+02  6.11572861e+01 
 2.00000000e+02  6.01877452e+01 
 2.24403691e+02  5.92120936e+01 
 2.51785082e+02  5.82315329e+01 
 2.82507509e+02  5.72470375e+01 
 3.16978638e+02  5.62593944e+01 
 3.55655882e+02  5.52692370e+01 
 3.99052463e+02  5.42770736e+01 
 4.47744228e+02  5.32833117e+01 
 5.02377286e+02  5.22882772e+01 
 5.63676586e+02  5.12922305e+01 
 6.32455532e+02  5.02953797e+01 
 7.09626778e+02  4.92978908e+01 
 7.96214341e+02  4.82998965e+01 
 8.93367184e+02  4.73015031e+01 
 1.00237447e+03  4.63027956e+01 
 1.12468265e+03  4.53038427e+01 
 1.26191469e+03  4.43046999e+01 
 1.41589157e+03  4.33054129e+01 
 1.58865647e+03  4.23060194e+01 
 1.78250188e+03  4.13065519e+01 
 2.00000000e+03  4.03070385e+01 
 2.24403691e+03  3.93075051e+01 
 2.51785082e+03  3.83079767e+01 
 2.82507509e+03  3.73084784e+01 
 3.16978638e+03  3.63090367e+01 
 3.55655882e+03  3.53096814e+01 
 3.99052463e+03  3.43104468e+01 
 4.47744228e+03  3.33113735e+01 
 5.02377286e+03  3.23125109e+01 
 5.63676586e+03  3.13139192e+01 
 6.32455532e+03  3.03156731e+01 
 7.09626778e+03  2.93178655e+01 
 7.96214341e+03  2.83206125e+01 
 8.93367184e+03  2.73240590e+01 
 1.00237447e+04  2.63283866e+01 
 1.12468265e+04  2.53338226e+01 
 1.26191469e+04  2.43406516e+01 
 1.41589157e+04  2.33492295e+01 
 1.58865647e+04  2.23600006e+01 
 1.78250188e+04  2.13735194e+01 
 2.00000000e+04  2.03904751e+01 
 2.24403691e+04  1.94117229e+01 
 2.51785082e+04  1.84383194e+01 
 2.82507509e+04  1.74715641e+01 
 3.16978638e+04  1.65130455e+01 
 3.55655882e+04  1.55646912e+01 
 3.99052463e+04  1.46288188e+01 
 4.47744228e+04  1.37081819e+01 
 5.02377286e+04  1.28060053e+01 
 5.63676586e+04  1.19259978e+01 
 6.32455532e+04  1.10723291e+01 
 7.09626778e+04  1.02495557e+01 
 7.96214341e+04  9.46248108e+00 
 8.93367184e+04  8.71594116e+00 
 1.00237447e+05  8.01451556e+00 
 1.12468265e+05  7.36218332e+00 
 1.26191469e+05  6.76195895e+00 
 1.41589157e+05  6.21556026e+00 
 1.58865647e+05  5.72316321e+00 
 1.78250188e+05  5.28328794e+00 
 2.00000000e+05  4.89283443e+00 
