 2.00000000e+01  1.69337741e+03  2.00000000e+01  1.31488992e-03 
 2.24403691e+01  1.50938372e+03  2.24403691e+01  1.34062903e-03 
 2.51785082e+01  1.34541482e+03  2.51785082e+01  1.37242521e-03 
 2.82507509e+01  1.19929603e+03  2.82507509e+01  1.41152757e-03 
 3.16978638e+01  1.06908923e+03  3.16978638e+01  1.45936652e-03 
 3.55655882e+01  9.53067184e+02  3.55655882e+01  1.51755574e-03 
 3.99052463e+01  8.49690733e+02  3.99052463e+01  1.58788935e-03 
 4.47744228e+01  7.57588379e+02  4.47744228e+01  1.67233611e-03 
 5.02377286e+01  6.75538134e+02  5.02377286e+01  1.77303320e-03 
 5.63676586e+01  6.02451318e+02  5.63676586e+01  1.89228322e-03 
 6.32455532e+01  5.37358126e+02  6.32455532e+01  2.03255806e-03 
 7.09626778e+01  4.79394760e+02  7.09626778e+01  2.19651217e-03 
 7.96214341e+01  4.27791959e+02  7.96214341e+01  2.38700715e-03 
 8.93367184e+01  3.81864779e+02  8.93367184e+01  2.60714753e-03 
 1.00237447e+02  3.41003481e+02  1.00237447e+02  2.86032690e-03 
 1.12468265e+02  3.04665405e+02  1.12468265e+02  3.15028289e-03 
 1.26191469e+02  2.72367718e+02  1.26191469e+02  3.48115950e-03 
 1.41589157e+02  2.43680937e+02  1.41589157e+02  3.85757558e-03 
 1.58865647e+02  2.18223134e+02  1.58865647e+02  4.28469915e-03 
 1.78250188e+02  1.95654739e+02  1.78250188e+02  4.76832763e-03 
 2.00000000e+02  1.75673857e+02  2.00000000e+02  5.31497460e-03 
 2.24403691e+02  1.58012043e+02  2.24403691e+02  5.93196436e-03 
 2.51785082e+02  1.42430449e+02  2.51785082e+02  6.62753546e-03 
 2.82507509e+02  1.28716298e+02  2.82507509e+02  7.41095500e-03 
 3.16978638e+02  1.16679637e+02  3.16978638e+02  8.29264535e-03 
 3.55655882e+02  1.06150329e+02  3.55655882e+02  9.28432526e-03 
 3.99052463e+02  9.69752725e+01  3.99052463e+02  1.03991674e-02 
 4.47744228e+02  8.90158565e+01  4.47744228e+02  1.16519747e-02 
 5.02377286e+02  8.21456910e+01  5.02377286e+02  1.30593779e-02 
 5.63676586e+02  7.62486564e+01  5.63676586e+02  1.46400568e-02 
 6.32455532e+02  7.12173432e+01  6.32455532e+02  1.64149890e-02 
 7.09626778e+02  6.69519250e+01  7.09626778e+02  1.84077281e-02 
 7.96214341e+02  6.33594780e+01  7.96214341e+02  2.06447168e-02 
 8.93367184e+02  6.03537037e+01  8.93367184e+02  2.31556377e-02 
 1.00237447e+03  5.78549567e+01  1.00237447e+03  2.59738071e-02 
 1.12468265e+03  5.57904391e+01  1.12468265e+03  2.91366165e-02 
 1.26191469e+03  5.40944201e+01  1.26191469e+03  3.26860289e-02 
 1.41589157e+03  5.27083568e+01  1.41589157e+03  3.66691344e-02 
 1.58865647e+03  5.15808437e+01  1.58865647e+03  4.11387742e-02 
 1.78250188e+03  5.06673663e+01  1.78250188e+03  4.61542406e-02 
 2.00000000e+03  4.99298771e+01  2.00000000e+03  5.17820612e-02 
 2.24403691e+03  4.93362385e+01  2.24403691e+03  5.80968792e-02 
 2.51785082e+03  4.88595874e+01  2.51785082e+03  6.51824394e-02 
 2.82507509e+03  4.84776716e+01  2.82507509e+03  7.31326936e-02 
 3.16978638e+03  4.81721996e+01  3.16978638e+03  8.20530390e-02 
 3.55655882e+03  4.79282334e+01  3.55655882e+03  9.20617050e-02 
 3.99052463e+03  4.77336393e+01  3.99052463e+03  1.03291305e-01 
 4.47744228e+03  4.75786062e+01  4.47744228e+03  1.15890574e-01 
 5.02377286e+03  4.74552315e+01  5.02377286e+03  1.30026307e-01 
 5.63676586e+03  4.73571707e+01  5.63676586e+03  1.45885527e-01 
 6.32455532e+03  4.72793455e+01  6.32455532e+03  1.63677899e-01 
 7.09626778e+03  4.72177026e+01  7.09626778e+03  1.83638422e-01 
 7.96214341e+03  4.71690173e+01  7.96214341e+03  2.06030413e-01 
 8.93367184e+03  4.71307335e+01  8.93367184e+03  2.31148815e-01 
 1.00237447e+04  4.71008352e+01  1.00237447e+04  2.59323852e-01 
 1.12468265e+04  4.70777446e+01  1.12468265e+04  2.90925042e-01 
 1.26191469e+04  4.70602404e+01  1.26191469e+04  3.26365579e-01 
 1.41589157e+04  4.70473949e+01  1.41589157e+04  3.66107090e-01 
 1.58865647e+04  4.70385255e+01  1.58865647e+04  4.10664732e-01 
 1.78250188e+04  4.70331586e+01  1.78250188e+04  4.60612593e-01 
 2.00000000e+04  4.70310044e+01  2.00000000e+04  5.16589292e-01 
 2.24403691e+04  4.70319401e+01  2.24403691e+04  5.79303636e-01 
 2.51785082e+04  4.70360023e+01  2.51785082e+04  6.49540100e-01 
 2.82507509e+04  4.70433855e+01  2.82507509e+04  7.28163778e-01 
 3.16978638e+04  4.70544486e+01  3.16978638e+04  8.16124317e-01 
 3.55655882e+04  4.70697270e+01  3.55655882e+04  9.14458131e-01 
 3.99052463e+04  4.70899497e+01  3.99052463e+04  1.02428797e+00 
 4.47744228e+04  4.71160623e+01  4.47744228e+04  1.14681862e+00 
 5.02377286e+04  4.71492519e+01  5.02377286e+04  1.28332713e+00 
 5.63676586e+04  4.71909726e+01  5.63676586e+04  1.43514590e+00 
 6.32455532e+04  4.72429673e+01  6.32455532e+04  1.60363635e+00 
 7.09626778e+04  4.73072792e+01  7.09626778e+04  1.79015152e+00 
 7.96214341e+04  4.73862456e+01  7.96214341e+04  1.99598610e+00 
 8.93367184e+04  4.74824636e+01  8.93367184e+04  2.22231422e+00 
 1.00237447e+05  4.75987166e+01  1.00237447e+05  2.47011771e+00 
 1.12468265e+05  4.77378542e+01  1.12468265e+05  2.74011203e+00 
 1.26191469e+05  4.79026232e+01  1.26191469e+05  3.03268208e+00 
 1.41589157e+05  4.80954629e+01  1.41589157e+05  3.34784637e+00 
 1.58865647e+05  4.83182941e+01  1.58865647e+05  3.68527125e+00 
 1.78250188e+05  4.85723550e+01  1.78250188e+05  4.04435597e+00 
 2.00000000e+05  4.88581463e+01  2.00000000e+05  4.42439883e+00 
