 2.00000000e+01  1.69337681e+03  2.00000000e+01  2.91773776e-03 
 2.24403691e+01  1.50938305e+03  2.24403691e+01  2.97486781e-03 
 2.51785082e+01  1.34541407e+03  2.51785082e+01  3.04544161e-03 
 2.82507509e+01  1.19929519e+03  2.82507509e+01  3.13223144e-03 
 3.16978638e+01  1.06908829e+03  3.16978638e+01  3.23841187e-03 
 3.55655882e+01  9.53066133e+02  3.55655882e+01  3.36756409e-03 
 3.99052463e+01  8.49689555e+02  3.99052463e+01  3.52366973e-03 
 4.47744228e+01  7.57587059e+02  4.47744228e+01  3.71109788e-03 
 5.02377286e+01  6.75536653e+02  5.02377286e+01  3.93459131e-03 
 5.63676586e+01  6.02449658e+02  5.63676586e+01  4.19925992e-03 
 6.32455532e+01  5.37356266e+02  6.32455532e+01  4.51058915e-03 
 7.09626778e+01  4.79392676e+02  7.09626778e+01  4.87446970e-03 
 7.96214341e+01  4.27789623e+02  7.96214341e+01  5.29725194e-03 
 8.93367184e+01  3.81862163e+02  8.93367184e+01  5.78582539e-03 
 1.00237447e+02  3.41000552e+02  1.00237447e+02  6.34772119e-03 
 1.12468265e+02  3.04662126e+02  1.12468265e+02  6.99123401e-03 
 1.26191469e+02  2.72364051e+02  1.26191469e+02  7.72556041e-03 
 1.41589157e+02  2.43676838e+02  1.41589157e+02  8.56095083e-03 
 1.58865647e+02  2.18218558e+02  1.58865647e+02  9.50887448e-03 
 1.78250188e+02  1.95649635e+02  1.78250188e+02  1.05821974e-02 
 2.00000000e+02  1.75668174e+02  2.00000000e+02  1.17953749e-02 
 2.24403691e+02  1.58005726e+02  2.24403691e+02  1.31646615e-02 
 2.51785082e+02  1.42423442e+02  2.51785082e+02  1.47083406e-02 
 2.82507509e+02  1.28708546e+02  2.82507509e+02  1.64469781e-02 
 3.16978638e+02  1.16671089e+02  3.16978638e+02  1.84037034e-02 
 3.55655882e+02  1.06140937e+02  3.55655882e+02  2.06045228e-02 
 3.99052463e+02  9.69649968e+01  3.99052463e+02  2.30786686e-02 
 4.47744228e+02  8.90046692e+01  4.47744228e+02  2.58589904e-02 
 5.02377286e+02  8.21335778e+01  5.02377286e+02  2.89823934e-02 
 5.63676586e+02  7.62356198e+01  5.63676586e+02  3.24903288e-02 
 6.32455532e+02  7.12034037e+01  6.32455532e+02  3.64293450e-02 
 7.09626778e+02  6.69371216e+01  7.09626778e+02  4.08517050e-02 
 7.96214341e+02  6.33438675e+01  7.96214341e+02  4.58160794e-02 
 8.93367184e+02  6.03373585e+01  8.93367184e+02  5.13883234e-02 
 1.00237447e+03  5.78379616e+01  1.00237447e+03  5.76423483e-02 
 1.12468265e+03  5.57728885e+01  1.12468265e+03  6.46610988e-02 
 1.26191469e+03  5.40764146e+01  1.26191469e+03  7.25376490e-02 
 1.41589157e+03  5.26900009e+01  1.41589157e+03  8.13764291e-02 
 1.58865647e+03  5.15622451e+01  1.58865647e+03  9.12946019e-02 
 1.78250188e+03  5.06486356e+01  1.78250188e+03  1.02423602e-01 
 2.00000000e+03  4.99111293e+01  2.00000000e+03  1.14910858e-01 
 2.24403691e+03  4.93175959e+01  2.24403691e+03  1.28921722e-01 
 2.51785082e+03  4.88411835e+01  2.51785082e+03  1.44641620e-01 
 2.82507509e+03  4.84596561e+01  2.82507509e+03  1.62278452e-01 
 3.16978638e+03  4.81547457e+01  3.16978638e+03  1.82065271e-01 
 3.55655882e+03  4.79115455e+01  3.55655882e+03  2.04263256e-01 
 3.99052463e+03  4.77179635e+01  3.99052463e+03  2.29165010e-01 
 4.47744228e+03  4.75642431e+01  4.47744228e+03  2.57098214e-01 
 5.02377286e+03  4.74425515e+01  5.02377286e+03  2.88429638e-01 
 5.63676586e+03  4.73466333e+01  5.63676586e+03  3.23569550e-01 
 6.32455532e+03  4.72715231e+01  6.32455532e+03  3.62976500e-01 
 7.09626778e+03  4.72133107e+01  7.09626778e+03  4.07162482e-01 
 7.96214341e+03  4.71689507e+01  7.96214341e+03  4.56698432e-01 
 8.93367184e+03  4.71361127e+01  8.93367184e+03  5.12219976e-01 
 1.00237447e+04  4.71130630e+01  1.00237447e+04  5.74433304e-01 
 1.12468265e+04  4.70985762e+01  1.12468265e+04  6.44120953e-01 
 1.26191469e+04  4.70918699e+01  1.26191469e+04  7.22147163e-01 
 1.41589157e+04  4.70925611e+01  1.41589157e+04  8.09462346e-01 
 1.58865647e+04  4.71006403e+01  1.58865647e+04  9.07105958e-01 
 1.78250188e+04  4.71164618e+01  1.78250188e+04  1.01620680e+00 
 2.00000000e+04  4.71407467e+01  2.00000000e+04  1.13797944e+00 
 2.24403691e+04  4.71745980e+01  2.24403691e+04  1.27371488e+00 
 2.51785082e+04  4.72195214e+01  2.51785082e+04  1.42476323e+00 
 2.82507509e+04  4.72774500e+01  2.82507509e+04  1.59250529e+00 
 3.16978638e+04  4.73507628e+01  3.16978638e+04  1.77830958e+00 
 3.55655882e+04  4.74422878e+01  3.55655882e+04  1.98347074e+00 
 3.99052463e+04  4.75552738e+01  3.99052463e+04  2.20912521e+00 
 4.47744228e+04  4.76933127e+01  4.47744228e+04  2.45614118e+00 
 5.02377286e+04  4.78601873e+01  5.02377286e+04  2.72498167e+00 
 5.63676586e+04  4.80596239e+01  5.63676586e+04  3.01554439e+00 
 6.32455532e+04  4.82949319e+01  6.32455532e+04  3.32698877e+00 
 7.09626778e+04  4.85685342e+01  7.09626778e+04  3.65757013e+00 
 7.96214341e+04  4.88814191e+01  7.96214341e+04  4.00451218e+00 
 8.93367184e+04  4.92325908e+01  8.93367184e+04  4.36395753e+00 
 1.00237447e+05  4.96186366e+01  1.00237447e+05  4.73103857e+00 
 1.12468265e+05  5.00335506e+01  1.12468265e+05  5.10010046e+00 
 1.26191469e+05  5.04689376e+01  1.26191469e+05  5.46508207e+00 
 1.41589157e+05  5.09146442e+01  1.41589157e+05  5.82002286e+00 
 1.58865647e+05  5.13597536e+01  1.58865647e+05  6.15962428e+00 
 1.78250188e+05  5.17937620e+01  1.78250188e+05  6.47977077e+00 
 2.00000000e+05  5.22076989e+01  2.00000000e+05  6.77791985e+00 
