 2.00000000e+01  9.00206744e-09  2.00000000e+01  9.01225748e-09 
 2.04658598e+01  8.98803388e-09  2.04658598e+01  8.99808538e-09 
 2.09425710e+01  8.97433355e-09  2.09425710e+01  8.98425275e-09 
 2.14303861e+01  8.96095832e-09  2.14303861e+01  8.97075119e-09 
 2.19295639e+01  8.94790028e-09  2.19295639e+01  8.95757250e-09 
 2.24403691e+01  8.93515170e-09  2.24403691e+01  8.94470869e-09 
 2.29630724e+01  8.92270507e-09  2.29630724e+01  8.93215198e-09 
 2.34979511e+01  8.91055305e-09  2.34979511e+01  8.91989481e-09 
 2.40452887e+01  8.89868848e-09  2.40452887e+01  8.90792979e-09 
 2.46053754e+01  8.88710440e-09  2.46053754e+01  8.89624972e-09 
 2.51785082e+01  8.87579400e-09  2.51785082e+01  8.88484760e-09 
 2.57649910e+01  8.86475065e-09  2.57649910e+01  8.87371660e-09 
 2.63651348e+01  8.85396790e-09  2.63651348e+01  8.86285008e-09 
 2.69792577e+01  8.84343944e-09  2.69792577e+01  8.85224155e-09 
 2.76076853e+01  8.83315913e-09  2.76076853e+01  8.84188470e-09 
 2.82507509e+01  8.82312097e-09  2.82507509e+01  8.83177337e-09 
 2.89087954e+01  8.81331912e-09  2.89087954e+01  8.82190156e-09 
 2.95821678e+01  8.80374789e-09  2.95821678e+01  8.81226344e-09 
 3.02712250e+01  8.79440173e-09  3.02712250e+01  8.80285331e-09 
 3.09763324e+01  8.78527521e-09  3.09763324e+01  8.79366562e-09 
 3.16978638e+01  8.77636306e-09  3.16978638e+01  8.78469495e-09 
 3.24362019e+01  8.76766012e-09  3.24362019e+01  8.77593605e-09 
 3.31917381e+01  8.75916137e-09  3.31917381e+01  8.76738376e-09 
 3.39648730e+01  8.75086192e-09  3.39648730e+01  8.75903308e-09 
 3.47560166e+01  8.74275698e-09  3.47560166e+01  8.75087914e-09 
 3.55655882e+01  8.73484190e-09  3.55655882e+01  8.74291716e-09 
 3.63940172e+01  8.72711214e-09  3.63940172e+01  8.73514252e-09 
 3.72417427e+01  8.71956326e-09  3.72417427e+01  8.72755068e-09 
 3.81092144e+01  8.71219094e-09  3.81092144e+01  8.72013725e-09 
 3.89968920e+01  8.70499097e-09  3.89968920e+01  8.71289792e-09 
 3.99052463e+01  8.69795923e-09  3.99052463e+01  8.70582850e-09 
 4.08347589e+01  8.69109171e-09  4.08347589e+01  8.69892491e-09 
 4.17859226e+01  8.68438451e-09  4.17859226e+01  8.69218316e-09 
 4.27592418e+01  8.67783380e-09  4.27592418e+01  8.68559937e-09 
 4.37552325e+01  8.67143587e-09  4.37552325e+01  8.67916976e-09 
 4.47744228e+01  8.66518708e-09  4.47744228e+01  8.67289062e-09 
 4.58173531e+01  8.65908389e-09  4.58173531e+01  8.66675836e-09 
 4.68845763e+01  8.65312284e-09  4.68845763e+01  8.66076946e-09 
 4.79766584e+01  8.64730056e-09  4.79766584e+01  8.65492050e-09 
 4.90941783e+01  8.64161377e-09  4.90941783e+01  8.64920815e-09 
 5.02377286e+01  8.63605926e-09  5.02377286e+01  8.64362913e-09 
 5.14079157e+01  8.63063389e-09  5.14079157e+01  8.63818028e-09 
 5.26053598e+01  8.62533461e-09  5.26053598e+01  8.63285849e-09 
 5.38306961e+01  8.62015844e-09  5.38306961e+01  8.62766075e-09 
 5.50845741e+01  8.61510248e-09  5.50845741e+01  8.62258410e-09 
 5.63676586e+01  8.61016388e-09  5.63676586e+01  8.61762566e-09 
 5.76806301e+01  8.60533987e-09  5.76806301e+01  8.61278264e-09 
 5.90241845e+01  8.60062776e-09  5.90241845e+01  8.60805229e-09 
 6.03990344e+01  8.59602491e-09  6.03990344e+01  8.60343195e-09 
 6.18059087e+01  8.59152875e-09  6.18059087e+01  8.59891901e-09 
 6.32455532e+01  8.58713676e-09  6.32455532e+01  8.59451092e-09 
 6.47187314e+01  8.58284650e-09  6.47187314e+01  8.59020522e-09 
 6.62262243e+01  8.57865558e-09  6.62262243e+01  8.58599948e-09 
 6.77688312e+01  8.57456166e-09  6.77688312e+01  8.58189134e-09 
 6.93473701e+01  8.57056246e-09  6.93473701e+01  8.57787849e-09 
 7.09626778e+01  8.56665577e-09  7.09626778e+01  8.57395870e-09 
 7.26156110e+01  8.56283941e-09  7.26156110e+01  8.57012977e-09 
 7.43070458e+01  8.55911127e-09  7.43070458e+01  8.56638955e-09 
 7.60378793e+01  8.55546928e-09  7.60378793e+01  8.56273597e-09 
 7.78090290e+01  8.55191143e-09  7.78090290e+01  8.55916698e-09 
 7.96214341e+01  8.54843574e-09  7.96214341e+01  8.55568060e-09 
 8.14760556e+01  8.54504030e-09  8.14760556e+01  8.55227489e-09 
 8.33738767e+01  8.54172323e-09  8.33738767e+01  8.54894795e-09 
 8.53159038e+01  8.53848269e-09  8.53159038e+01  8.54569794e-09 
 8.73031664e+01  8.53531691e-09  8.73031664e+01  8.54252305e-09 
 8.93367184e+01  8.53222413e-09  8.93367184e+01  8.53942152e-09 
 9.14176379e+01  8.52920266e-09  9.14176379e+01  8.53639163e-09 
 9.35470283e+01  8.52625083e-09  9.35470283e+01  8.53343172e-09 
 9.57260185e+01  8.52336702e-09  9.57260185e+01  8.53054013e-09 
 9.79557639e+01  8.52054964e-09  9.79557639e+01  8.52771528e-09 
 1.00237447e+02  8.51779715e-09  1.00237447e+02  8.52495560e-09 
 1.02572277e+02  8.51510804e-09  1.02572277e+02  8.52225958e-09 
 1.04961492e+02  8.51248083e-09  1.04961492e+02  8.51962572e-09 
 1.07406359e+02  8.50991409e-09  1.07406359e+02  8.51705258e-09 
 1.09908175e+02  8.50740641e-09  1.09908175e+02  8.51453875e-09 
 1.12468265e+02  8.50495641e-09  1.12468265e+02  8.51208283e-09 
 1.15087987e+02  8.50256276e-09  1.15087987e+02  8.50968348e-09 
 1.17768731e+02  8.50022415e-09  1.17768731e+02  8.50733938e-09 
 1.20511917e+02  8.49793930e-09  1.20511917e+02  8.50504925e-09 
 1.23319000e+02  8.49570696e-09  1.23319000e+02  8.50281184e-09 
 1.26191469e+02  8.49352593e-09  1.26191469e+02  8.50062590e-09 
 1.29130846e+02  8.49139500e-09  1.29130846e+02  8.49849026e-09 
 1.32138690e+02  8.48931302e-09  1.32138690e+02  8.49640374e-09 
 1.35216595e+02  8.48727885e-09  1.35216595e+02  8.49436520e-09 
 1.38366194e+02  8.48529139e-09  1.38366194e+02  8.49237353e-09 
 1.41589157e+02  8.48334956e-09  1.41589157e+02  8.49042764e-09 
 1.44887192e+02  8.48145230e-09  1.44887192e+02  8.48852646e-09 
 1.48262048e+02  8.47959857e-09  1.48262048e+02  8.48666896e-09 
 1.51715515e+02  8.47778738e-09  1.51715515e+02  8.48485414e-09 
 1.55249423e+02  8.47601774e-09  1.55249423e+02  8.48308099e-09 
 1.58865647e+02  8.47428869e-09  1.58865647e+02  8.48134856e-09 
 1.62566103e+02  8.47259929e-09  1.62566103e+02  8.47965590e-09 
 1.66352754e+02  8.47094863e-09  1.66352754e+02  8.47800209e-09 
 1.70227608e+02  8.46933581e-09  1.70227608e+02  8.47638624e-09 
 1.74192718e+02  8.46775996e-09  1.74192718e+02  8.47480746e-09 
 1.78250188e+02  8.46622022e-09  1.78250188e+02  8.47326490e-09 
 1.82402168e+02  8.46471577e-09  1.82402168e+02  8.47175772e-09 
 1.86650860e+02  8.46324579e-09  1.86650860e+02  8.47028510e-09 
 1.90998517e+02  8.46180948e-09  1.90998517e+02  8.46884625e-09 
 1.95447444e+02  8.46040607e-09  1.95447444e+02  8.46744039e-09 
 2.00000000e+02  8.45903480e-09  2.00000000e+02  8.46606675e-09 
 2.04658598e+02  8.45769494e-09  2.04658598e+02  8.46472459e-09 
 2.09425710e+02  8.45638575e-09  2.09425710e+02  8.46341319e-09 
 2.14303861e+02  8.45510653e-09  2.14303861e+02  8.46213183e-09 
 2.19295639e+02  8.45385659e-09  2.19295639e+02  8.46087982e-09 
 2.24403691e+02  8.45263526e-09  2.24403691e+02  8.45965649e-09 
 2.29630724e+02  8.45144188e-09  2.29630724e+02  8.45846118e-09 
 2.34979511e+02  8.45027581e-09  2.34979511e+02  8.45729323e-09 
 2.40452887e+02  8.44913641e-09  2.40452887e+02  8.45615203e-09 
 2.46053754e+02  8.44802308e-09  2.46053754e+02  8.45503695e-09 
 2.51785082e+02  8.44693521e-09  2.51785082e+02  8.45394738e-09 
 2.57649910e+02  8.44587223e-09  2.57649910e+02  8.45288276e-09 
 2.63651348e+02  8.44483355e-09  2.63651348e+02  8.45184250e-09 
 2.69792577e+02  8.44381863e-09  2.69792577e+02  8.45082603e-09 
 2.76076853e+02  8.44282691e-09  2.76076853e+02  8.44983282e-09 
 2.82507509e+02  8.44185786e-09  2.82507509e+02  8.44886233e-09 
 2.89087954e+02  8.44091097e-09  2.89087954e+02  8.44791403e-09 
 2.95821678e+02  8.43998571e-09  2.95821678e+02  8.44698742e-09 
 3.02712250e+02  8.43908161e-09  3.02712250e+02  8.44608199e-09 
 3.09763324e+02  8.43819816e-09  3.09763324e+02  8.44519727e-09 
 3.16978638e+02  8.43733490e-09  3.16978638e+02  8.44433277e-09 
 3.24362019e+02  8.43649137e-09  3.24362019e+02  8.44348803e-09 
 3.31917381e+02  8.43566710e-09  3.31917381e+02  8.44266260e-09 
 3.39648730e+02  8.43486167e-09  3.39648730e+02  8.44185603e-09 
 3.47560166e+02  8.43407463e-09  3.47560166e+02  8.44106789e-09 
 3.55655882e+02  8.43330557e-09  3.55655882e+02  8.44029775e-09 
 3.63940172e+02  8.43255407e-09  3.63940172e+02  8.43954521e-09 
 3.72417427e+02  8.43181974e-09  3.72417427e+02  8.43880986e-09 
 3.81092144e+02  8.43110217e-09  3.81092144e+02  8.43809131e-09 
 3.89968920e+02  8.43040098e-09  3.89968920e+02  8.43738916e-09 
 3.99052463e+02  8.42971581e-09  3.99052463e+02  8.43670305e-09 
 4.08347589e+02  8.42904627e-09  4.08347589e+02  8.43603260e-09 
 4.17859226e+02  8.42839202e-09  4.17859226e+02  8.43537745e-09 
 4.27592418e+02  8.42775270e-09  4.27592418e+02  8.43473726e-09 
 4.37552325e+02  8.42712798e-09  4.37552325e+02  8.43411169e-09 
 4.47744228e+02  8.42651751e-09  4.47744228e+02  8.43350039e-09 
 4.58173531e+02  8.42592097e-09  4.58173531e+02  8.43290304e-09 
 4.68845763e+02  8.42533804e-09  4.68845763e+02  8.43231931e-09 
 4.79766584e+02  8.42476841e-09  4.79766584e+02  8.43174891e-09 
 4.90941783e+02  8.42421178e-09  4.90941783e+02  8.43119151e-09 
 5.02377286e+02  8.42366784e-09  5.02377286e+02  8.43064683e-09 
 5.14079157e+02  8.42313631e-09  5.14079157e+02  8.43011457e-09 
 5.26053598e+02  8.42261691e-09  5.26053598e+02  8.42959445e-09 
 5.38306961e+02  8.42210935e-09  5.38306961e+02  8.42908618e-09 
 5.50845741e+02  8.42161337e-09  5.50845741e+02  8.42858950e-09 
 5.63676586e+02  8.42112870e-09  5.63676586e+02  8.42810415e-09 
 5.76806301e+02  8.42065507e-09  5.76806301e+02  8.42762985e-09 
 5.90241845e+02  8.42019225e-09  5.90241845e+02  8.42716636e-09 
 6.03990344e+02  8.41973997e-09  6.03990344e+02  8.42671343e-09 
 6.18059087e+02  8.41929801e-09  6.18059087e+02  8.42627081e-09 
 6.32455532e+02  8.41886612e-09  6.32455532e+02  8.42583828e-09 
 6.47187314e+02  8.41844407e-09  6.47187314e+02  8.42541560e-09 
 6.62262243e+02  8.41803165e-09  6.62262243e+02  8.42500254e-09 
 6.77688312e+02  8.41762861e-09  6.77688312e+02  8.42459888e-09 
 6.93473701e+02  8.41723477e-09  6.93473701e+02  8.42420440e-09 
 7.09626778e+02  8.41684989e-09  7.09626778e+02  8.42381891e-09 
 7.26156110e+02  8.41647378e-09  7.26156110e+02  8.42344218e-09 
 7.43070458e+02  8.41610624e-09  7.43070458e+02  8.42307402e-09 
 7.60378793e+02  8.41574707e-09  7.60378793e+02  8.42271423e-09 
 7.78090290e+02  8.41539608e-09  7.78090290e+02  8.42236261e-09 
 7.96214341e+02  8.41505308e-09  7.96214341e+02  8.42201899e-09 
 8.14760556e+02  8.41471789e-09  8.14760556e+02  8.42168318e-09 
 8.33738767e+02  8.41439033e-09  8.33738767e+02  8.42135499e-09 
 8.53159038e+02  8.41407022e-09  8.53159038e+02  8.42103425e-09 
 8.73031664e+02  8.41375740e-09  8.73031664e+02  8.42072079e-09 
 8.93367184e+02  8.41345170e-09  8.93367184e+02  8.42041445e-09 
 9.14176379e+02  8.41315295e-09  9.14176379e+02  8.42011505e-09 
 9.35470283e+02  8.41286099e-09  9.35470283e+02  8.41982244e-09 
 9.57260185e+02  8.41257568e-09  9.57260185e+02  8.41953646e-09 
 9.79557639e+02  8.41229685e-09  9.79557639e+02  8.41925695e-09 
 1.00237447e+03  8.41202436e-09  1.00237447e+03  8.41898378e-09 
 1.02572277e+03  8.41175806e-09  1.02572277e+03  8.41871678e-09 
 1.04961492e+03  8.41149782e-09  1.04961492e+03  8.41845582e-09 
 1.07406359e+03  8.41124348e-09  1.07406359e+03  8.41820076e-09 
 1.09908175e+03  8.41099492e-09  1.09908175e+03  8.41795146e-09 
 1.12468265e+03  8.41075201e-09  1.12468265e+03  8.41770778e-09 
 1.15087987e+03  8.41051461e-09  1.15087987e+03  8.41746960e-09 
 1.17768731e+03  8.41028259e-09  1.17768731e+03  8.41723679e-09 
 1.20511917e+03  8.41005584e-09  1.20511917e+03  8.41700922e-09 
 1.23319000e+03  8.40983423e-09  1.23319000e+03  8.41678677e-09 
 1.26191469e+03  8.40961765e-09  1.26191469e+03  8.41656932e-09 
 1.29130846e+03  8.40940597e-09  1.29130846e+03  8.41635675e-09 
 1.32138690e+03  8.40919908e-09  1.32138690e+03  8.41614895e-09 
 1.35216595e+03  8.40899688e-09  1.35216595e+03  8.41594580e-09 
 1.38366194e+03  8.40879925e-09  1.38366194e+03  8.41574720e-09 
 1.41589157e+03  8.40860610e-09  1.41589157e+03  8.41555303e-09 
 1.44887192e+03  8.40841731e-09  1.44887192e+03  8.41536320e-09 
 1.48262048e+03  8.40823278e-09  1.48262048e+03  8.41517759e-09 
 1.51715515e+03  8.40805242e-09  1.51715515e+03  8.41499612e-09 
 1.55249423e+03  8.40787613e-09  1.55249423e+03  8.41481867e-09 
 1.58865647e+03  8.40770381e-09  1.58865647e+03  8.41464515e-09 
 1.62566103e+03  8.40753538e-09  1.62566103e+03  8.41447547e-09 
 1.66352754e+03  8.40737073e-09  1.66352754e+03  8.41430954e-09 
 1.70227608e+03  8.40720979e-09  1.70227608e+03  8.41414725e-09 
 1.74192718e+03  8.40705247e-09  1.74192718e+03  8.41398854e-09 
 1.78250188e+03  8.40689868e-09  1.78250188e+03  8.41383329e-09 
 1.82402168e+03  8.40674833e-09  1.82402168e+03  8.41368144e-09 
 1.86650860e+03  8.40660135e-09  1.86650860e+03  8.41353289e-09 
 1.90998517e+03  8.40645766e-09  1.90998517e+03  8.41338757e-09 
 1.95447444e+03  8.40631718e-09  1.95447444e+03  8.41324539e-09 
 2.00000000e+03  8.40617983e-09  2.00000000e+03  8.41310627e-09 
 2.04658598e+03  8.40604555e-09  2.04658598e+03  8.41297014e-09 
 2.09425710e+03  8.40591424e-09  2.09425710e+03  8.41283691e-09 
 2.14303861e+03  8.40578586e-09  2.14303861e+03  8.41270652e-09 
 2.19295639e+03  8.40566032e-09  2.19295639e+03  8.41257889e-09 
 2.24403691e+03  8.40553755e-09  2.24403691e+03  8.41245394e-09 
 2.29630724e+03  8.40541749e-09  2.29630724e+03  8.41233160e-09 
 2.34979511e+03  8.40530008e-09  2.34979511e+03  8.41221181e-09 
 2.40452887e+03  8.40518524e-09  2.40452887e+03  8.41209450e-09 
 2.46053754e+03  8.40507292e-09  2.46053754e+03  8.41197959e-09 
 2.51785082e+03  8.40496306e-09  2.51785082e+03  8.41186701e-09 
 2.57649910e+03  8.40485558e-09  2.57649910e+03  8.41175671e-09 
 2.63651348e+03  8.40475044e-09  2.63651348e+03  8.41164862e-09 
 2.69792577e+03  8.40464757e-09  2.69792577e+03  8.41154267e-09 
 2.76076853e+03  8.40454692e-09  2.76076853e+03  8.41143880e-09 
 2.82507509e+03  8.40444843e-09  2.82507509e+03  8.41133694e-09 
 2.89087954e+03  8.40435205e-09  2.89087954e+03  8.41123703e-09 
 2.95821678e+03  8.40425771e-09  2.95821678e+03  8.41113901e-09 
 3.02712250e+03  8.40416538e-09  3.02712250e+03  8.41104283e-09 
 3.09763324e+03  8.40407498e-09  3.09763324e+03  8.41094841e-09 
 3.16978638e+03  8.40398648e-09  3.16978638e+03  8.41085570e-09 
 3.24362019e+03  8.40389982e-09  3.24362019e+03  8.41076464e-09 
 3.31917381e+03  8.40381496e-09  3.31917381e+03  8.41067516e-09 
 3.39648730e+03  8.40373183e-09  3.39648730e+03  8.41058722e-09 
 3.47560166e+03  8.40365040e-09  3.47560166e+03  8.41050075e-09 
 3.55655882e+03  8.40357061e-09  3.55655882e+03  8.41041569e-09 
 3.63940172e+03  8.40349242e-09  3.63940172e+03  8.41033199e-09 
 3.72417427e+03  8.40341578e-09  3.72417427e+03  8.41024959e-09 
 3.81092144e+03  8.40334065e-09  3.81092144e+03  8.41016842e-09 
 3.89968920e+03  8.40326698e-09  3.89968920e+03  8.41008843e-09 
 3.99052463e+03  8.40319472e-09  3.99052463e+03  8.41000956e-09 
 4.08347589e+03  8.40312383e-09  4.08347589e+03  8.40993176e-09 
 4.17859226e+03  8.40305427e-09  4.17859226e+03  8.40985496e-09 
 4.27592418e+03  8.40298599e-09  4.27592418e+03  8.40977911e-09 
 4.37552325e+03  8.40291895e-09  4.37552325e+03  8.40970414e-09 
 4.47744228e+03  8.40285310e-09  4.47744228e+03  8.40963000e-09 
 4.58173531e+03  8.40278841e-09  4.58173531e+03  8.40955662e-09 
 4.68845763e+03  8.40272483e-09  4.68845763e+03  8.40948395e-09 
 4.79766584e+03  8.40266231e-09  4.79766584e+03  8.40941192e-09 
 4.90941783e+03  8.40260082e-09  4.90941783e+03  8.40934047e-09 
 5.02377286e+03  8.40254032e-09  5.02377286e+03  8.40926954e-09 
 5.14079157e+03  8.40248075e-09  5.14079157e+03  8.40919906e-09 
 5.26053598e+03  8.40242209e-09  5.26053598e+03  8.40912898e-09 
 5.38306961e+03  8.40236428e-09  5.38306961e+03  8.40905921e-09 
 5.50845741e+03  8.40230728e-09  5.50845741e+03  8.40898970e-09 
 5.63676586e+03  8.40225106e-09  5.63676586e+03  8.40892038e-09 
 5.76806301e+03  8.40219558e-09  5.76806301e+03  8.40885118e-09 
 5.90241845e+03  8.40214077e-09  5.90241845e+03  8.40878202e-09 
 6.03990344e+03  8.40208662e-09  6.03990344e+03  8.40871283e-09 
 6.18059087e+03  8.40203307e-09  6.18059087e+03  8.40864354e-09 
 6.32455532e+03  8.40198007e-09  6.32455532e+03  8.40857408e-09 
 6.47187314e+03  8.40192760e-09  6.47187314e+03  8.40850435e-09 
 6.62262243e+03  8.40187559e-09  6.62262243e+03  8.40843429e-09 
 6.77688312e+03  8.40182401e-09  6.77688312e+03  8.40836380e-09 
 6.93473701e+03  8.40177281e-09  6.93473701e+03  8.40829281e-09 
 7.09626778e+03  8.40172195e-09  7.09626778e+03  8.40822123e-09 
 7.26156110e+03  8.40167137e-09  7.26156110e+03  8.40814896e-09 
 7.43070458e+03  8.40162103e-09  7.43070458e+03  8.40807591e-09 
 7.60378793e+03  8.40157089e-09  7.60378793e+03  8.40800199e-09 
 7.78090290e+03  8.40152089e-09  7.78090290e+03  8.40792709e-09 
 7.96214341e+03  8.40147098e-09  7.96214341e+03  8.40785112e-09 
 8.14760556e+03  8.40142112e-09  8.14760556e+03  8.40777397e-09 
 8.33738767e+03  8.40137124e-09  8.33738767e+03  8.40769553e-09 
 8.53159038e+03  8.40132130e-09  8.53159038e+03  8.40761568e-09 
 8.73031664e+03  8.40127124e-09  8.73031664e+03  8.40753430e-09 
 8.93367184e+03  8.40122100e-09  8.93367184e+03  8.40745128e-09 
 9.14176379e+03  8.40117053e-09  9.14176379e+03  8.40736649e-09 
 9.35470283e+03  8.40111977e-09  9.35470283e+03  8.40727979e-09 
 9.57260185e+03  8.40106865e-09  9.57260185e+03  8.40719105e-09 
 9.79557639e+03  8.40101712e-09  9.79557639e+03  8.40710012e-09 
 1.00237447e+04  8.40096510e-09  1.00237447e+04  8.40700687e-09 
 1.02572277e+04  8.40091253e-09  1.02572277e+04  8.40691113e-09 
 1.04961492e+04  8.40085935e-09  1.04961492e+04  8.40681274e-09 
 1.07406359e+04  8.40080548e-09  1.07406359e+04  8.40671155e-09 
 1.09908175e+04  8.40075084e-09  1.09908175e+04  8.40660737e-09 
 1.12468265e+04  8.40069537e-09  1.12468265e+04  8.40650003e-09 
 1.15087987e+04  8.40063898e-09  1.15087987e+04  8.40638934e-09 
 1.17768731e+04  8.40058159e-09  1.17768731e+04  8.40627511e-09 
 1.20511917e+04  8.40052312e-09  1.20511917e+04  8.40615712e-09 
 1.23319000e+04  8.40046348e-09  1.23319000e+04  8.40603517e-09 
 1.26191469e+04  8.40040258e-09  1.26191469e+04  8.40590904e-09 
 1.29130846e+04  8.40034032e-09  1.29130846e+04  8.40577850e-09 
 1.32138690e+04  8.40027661e-09  1.32138690e+04  8.40564331e-09 
 1.35216595e+04  8.40021135e-09  1.35216595e+04  8.40550321e-09 
 1.38366194e+04  8.40014442e-09  1.38366194e+04  8.40535794e-09 
 1.41589157e+04  8.40007573e-09  1.41589157e+04  8.40520724e-09 
 1.44887192e+04  8.40000515e-09  1.44887192e+04  8.40505081e-09 
 1.48262048e+04  8.39993257e-09  1.48262048e+04  8.40488837e-09 
 1.51715515e+04  8.39985787e-09  1.51715515e+04  8.40471959e-09 
 1.55249423e+04  8.39978091e-09  1.55249423e+04  8.40454416e-09 
 1.58865647e+04  8.39970157e-09  1.58865647e+04  8.40436173e-09 
 1.62566103e+04  8.39961970e-09  1.62566103e+04  8.40417196e-09 
 1.66352754e+04  8.39953516e-09  1.66352754e+04  8.40397448e-09 
 1.70227608e+04  8.39944779e-09  1.70227608e+04  8.40376889e-09 
 1.74192718e+04  8.39935745e-09  1.74192718e+04  8.40355481e-09 
 1.78250188e+04  8.39926396e-09  1.78250188e+04  8.40333180e-09 
 1.82402168e+04  8.39916716e-09  1.82402168e+04  8.40309944e-09 
 1.86650860e+04  8.39906686e-09  1.86650860e+04  8.40285726e-09 
 1.90998517e+04  8.39896289e-09  1.90998517e+04  8.40260479e-09 
 1.95447444e+04  8.39885504e-09  1.95447444e+04  8.40234152e-09 
 2.00000000e+04  8.39874311e-09  2.00000000e+04  8.40206694e-09 
