 2.00000000e+01  6.10717131e+01 
 2.24403691e+01  6.14487837e+01 
 2.51785082e+01  6.18810789e+01 
 2.82507509e+01  6.23701882e+01 
 3.16978638e+01  6.29162178e+01 
 3.55655882e+01  6.35177621e+01 
 3.99052463e+01  6.41720235e+01 
 4.47744228e+01  6.48750562e+01 
 5.02377286e+01  6.56220838e+01 
 5.63676586e+01  6.64078332e+01 
 6.32455532e+01  6.72268381e+01 
 7.09626778e+01  6.80736777e+01 
 7.96214341e+01  6.89431382e+01 
 8.93367184e+01  6.98302980e+01 
 1.00237447e+02  7.07305468e+01 
 1.12468265e+02  7.16395532e+01 
 1.26191469e+02  7.25531963e+01 
 1.41589157e+02  7.34674732e+01 
 1.58865647e+02  7.43783954e+01 
 1.78250188e+02  7.52818819e+01 
 2.00000000e+02  7.61736612e+01 
 2.24403691e+02  7.70491905e+01 
 2.51785082e+02  7.79036059e+01 
 2.82507509e+02  7.87317176e+01 
 3.16978638e+02  7.95280640e+01 
 3.55655882e+02  8.02870391e+01 
 3.99052463e+02  8.10030957e+01 
 4.47744228e+02  8.16710189e+01 
 5.02377286e+02  8.22862428e+01 
 5.63676586e+02  8.28451672e+01 
 6.32455532e+02  8.33454192e+01 
 7.09626778e+02  8.37860039e+01 
 7.96214341e+02  8.41673085e+01 
 8.93367184e+02  8.44909496e+01 
 1.00237447e+03  8.47594890e+01 
 1.12468265e+03  8.49760652e+01 
 1.26191469e+03  8.51439949e+01 
 1.41589157e+03  8.52663976e+01 
 1.58865647e+03  8.53458765e+01 
 1.78250188e+03  8.53842750e+01 
 2.00000000e+03  8.53825151e+01 
 2.24403691e+03  8.53405163e+01 
 2.51785082e+03  8.52571928e+01 
 2.82507509e+03  8.51305290e+01 
 3.16978638e+03  8.49577355e+01 
 3.55655882e+03  8.47354849e+01 
 3.99052463e+03  8.44602227e+01 
 4.47744228e+03  8.41285315e+01 
 5.02377286e+03  8.37375146e+01 
 5.63676586e+03  8.32851457e+01 
 6.32455532e+03  8.27705301e+01 
 7.09626778e+03  8.21940270e+01 
 7.96214341e+03  8.15572124e+01 
 8.93367184e+03  8.08626876e+01 
 1.00237447e+04  8.01137739e+01 
 1.12468265e+04  7.93141452e+01 
 1.26191469e+04  7.84674569e+01 
 1.41589157e+04  7.75770148e+01 
 1.58865647e+04  7.66455121e+01 
 1.78250188e+04  7.56748493e+01 
 2.00000000e+04  7.46660374e+01 
 2.24403691e+04  7.36191866e+01 
 2.51785082e+04  7.25335775e+01 
 2.82507509e+04  7.14078183e+01 
 3.16978638e+04  7.02400896e+01 
 3.55655882e+04  6.90284740e+01 
 3.99052463e+04  6.77713567e+01 
 4.47744228e+04  6.64678672e+01 
 5.02377286e+04  6.51183137e+01 
 5.63676586e+04  6.37245487e+01 
 6.32455532e+04  6.22902044e+01 
 7.09626778e+04  6.08207510e+01 
 7.96214341e+04  5.93233581e+01 
 8.93367184e+04  5.78065697e+01 
 1.00237447e+05  5.62798268e+01 
 1.12468265e+05  5.47528888e+01 
 1.26191469e+05  5.32352076e+01 
 1.41589157e+05  5.17353102e+01 
 1.58865647e+05  5.02602462e+01 
 1.78250188e+05  4.88151522e+01 
 2.00000000e+05  4.74029766e+01 
