 2.00000000e+01  7.80112917e+01 
 2.24403691e+01  7.85831331e+01 
 2.51785082e+01  7.91220555e+01 
 2.82507509e+01  7.96216551e+01 
 3.16978638e+01  8.00773052e+01 
 3.55655882e+01  8.04862956e+01 
 3.99052463e+01  8.08478131e+01 
 4.47744228e+01  8.11627652e+01 
 5.02377286e+01  8.14334792e+01 
 5.63676586e+01  8.16633267e+01 
 6.32455532e+01  8.18563324e+01 
 7.09626778e+01  8.20168153e+01 
 7.96214341e+01  8.21490956e+01 
 8.93367184e+01  8.22572791e+01 
 1.00237447e+02  8.23451182e+01 
 1.12468265e+02  8.24159374e+01 
 1.26191469e+02  8.24726076e+01 
 1.41589157e+02  8.25175534e+01 
 1.58865647e+02  8.25527811e+01 
 1.78250188e+02  8.25799159e+01 
 2.00000000e+02  8.26002420e+01 
 2.24403691e+02  8.26147398e+01 
 2.51785082e+02  8.26241181e+01 
 2.82507509e+02  8.26288396e+01 
 3.16978638e+02  8.26291378e+01 
 3.55655882e+02  8.26250258e+01 
 3.99052463e+02  8.26162966e+01 
 4.47744228e+02  8.26025142e+01 
 5.02377286e+02  8.25829966e+01 
 5.63676586e+02  8.25567898e+01 
 6.32455532e+02  8.25226336e+01 
 7.09626778e+02  8.24789214e+01 
 7.96214341e+02  8.24236538e+01 
 8.93367184e+02  8.23543927e+01 
 1.00237447e+03  8.22682191e+01 
 1.12468265e+03  8.21617057e+01 
 1.26191469e+03  8.20309133e+01 
 1.41589157e+03  8.18714279e+01 
 1.58865647e+03  8.16784527e+01 
 1.78250188e+03  8.14469673e+01 
 2.00000000e+03  8.11719621e+01 
 2.24403691e+03  8.08487384e+01 
 2.51785082e+03  8.04732518e+01 
 2.82507509e+03  8.00424536e+01 
 3.16978638e+03  7.95545774e+01 
 3.55655882e+03  7.90093165e+01 
 3.99052463e+03  7.84078565e+01 
 4.47744228e+03  7.77527562e+01 
 5.02377286e+03  7.70477014e+01 
 5.63676586e+03  7.62971804e+01 
 6.32455532e+03  7.55061363e+01 
 7.09626778e+03  7.46796459e+01 
 7.96214341e+03  7.38226579e+01 
 8.93367184e+03  7.29398037e+01 
 1.00237447e+04  7.20352816e+01 
 1.12468265e+04  7.11128008e+01 
 1.26191469e+04  7.01755739e+01 
 1.41589157e+04  6.92263397e+01 
 1.58865647e+04  6.82674062e+01 
 1.78250188e+04  6.73007020e+01 
 2.00000000e+04  6.63278315e+01 
 2.24403691e+04  6.53501275e+01 
 2.51785082e+04  6.43687000e+01 
 2.82507509e+04  6.33844804e+01 
 3.16978638e+04  6.23982589e+01 
 3.55655882e+04  6.14107167e+01 
 3.99052463e+04  6.04224525e+01 
 4.47744228e+04  5.94340019e+01 
 5.02377286e+04  5.84458508e+01 
 5.63676586e+04  5.74584407e+01 
 6.32455532e+04  5.64721635e+01 
 7.09626778e+04  5.54873460e+01 
 7.96214341e+04  5.45042205e+01 
 8.93367184e+04  5.35228815e+01 
 1.00237447e+05  5.25432309e+01 
 1.12468265e+05  5.15649148e+01 
 1.26191469e+05  5.05872638e+01 
 1.41589157e+05  4.96092463e+01 
 1.58865647e+05  4.86294479e+01 
 1.78250188e+05  4.76460851e+01 
 2.00000000e+05  4.66570510e+01 
