 2.00000000e+01  8.49246614e+01 
 2.24403691e+01  8.54959198e+01 
 2.51785082e+01  8.60342179e+01 
 2.82507509e+01  8.65331654e+01 
 3.16978638e+01  8.69881520e+01 
 3.55655882e+01  8.73964847e+01 
 3.99052463e+01  8.77573669e+01 
 4.47744228e+01  8.80717210e+01 
 5.02377286e+01  8.83418851e+01 
 5.63676586e+01  8.85712382e+01 
 6.32455532e+01  8.87638081e+01 
 7.09626778e+01  8.89239137e+01 
 7.96214341e+01  8.90558723e+01 
 8.93367184e+01  8.91637854e+01 
 1.00237447e+02  8.92514000e+01 
 1.12468265e+02  8.93220350e+01 
 1.26191469e+02  8.93785556e+01 
 1.41589157e+02  8.94233815e+01 
 1.58865647e+02  8.94585144e+01 
 1.78250188e+02  8.94855760e+01 
 2.00000000e+02  8.95058470e+01 
 2.24403691e+02  8.95203056e+01 
 2.51785082e+02  8.95296588e+01 
 2.82507509e+02  8.95343683e+01 
 3.16978638e+02  8.95346668e+01 
 3.55655882e+02  8.95305676e+01 
 3.99052463e+02  8.95218642e+01 
 4.47744228e+02  8.95081219e+01 
 5.02377286e+02  8.94886604e+01 
 5.63676586e+02  8.94625281e+01 
 6.32455532e+02  8.94284682e+01 
 7.09626778e+02  8.93848777e+01 
 7.96214341e+02  8.93297618e+01 
 8.93367184e+02  8.92606876e+01 
 1.00237447e+03  8.91747417e+01 
 1.12468265e+03  8.90685022e+01 
 1.26191469e+03  8.89380352e+01 
 1.41589157e+03  8.87789309e+01 
 1.58865647e+03  8.85863943e+01 
 1.78250188e+03  8.83554036e+01 
 2.00000000e+03  8.80809434e+01 
 2.24403691e+03  8.77583040e+01 
 2.51785082e+03  8.73834234e+01 
 2.82507509e+03  8.69532300e+01 
 3.16978638e+03  8.64659289e+01 
 3.55655882e+03  8.59211813e+01 
 3.99052463e+03  8.53201382e+01 
 4.47744228e+03  8.46653227e+01 
 5.02377286e+03  8.39603841e+01 
 5.63676586e+03  8.32097733e+01 
 6.32455532e+03  8.24183931e+01 
 7.09626778e+03  8.15912749e+01 
 7.96214341e+03  8.07333131e+01 
 8.93367184e+03  7.98490726e+01 
 1.00237447e+04  7.89426676e+01 
 1.12468265e+04  7.80177008e+01 
 1.26191469e+04  7.70772491e+01 
 1.41589157e+04  7.61238791e+01 
 1.58865647e+04  7.51596812e+01 
 1.78250188e+04  7.41863099e+01 
 2.00000000e+04  7.32050257e+01 
 2.24403691e+04  7.22167319e+01 
 2.51785082e+04  7.12220045e+01 
 2.82507509e+04  7.02211135e+01 
 3.16978638e+04  6.92140352e+01 
 3.55655882e+04  6.82004551e+01 
 3.99052463e+04  6.71797637e+01 
 4.47744228e+04  6.61510451e+01 
 5.02377286e+04  6.51130620e+01 
 5.63676586e+04  6.40642421e+01 
 6.32455532e+04  6.30026691e+01 
 7.09626778e+04  6.19260883e+01 
 7.96214341e+04  6.08319353e+01 
 8.93367184e+04  5.97173962e+01 
 1.00237447e+05  5.85795103e+01 
 1.12468265e+05  5.74153155e+01 
 1.26191469e+05  5.62220314e+01 
 1.41589157e+05  5.49972586e+01 
 1.58865647e+05  5.37391612e+01 
 1.78250188e+05  5.24465900e+01 
 2.00000000e+05  5.11191124e+01 
