 2.00000000e+01  1.69337848e+03  2.00000000e+01  6.96620128e-02 
 2.24403691e+01  1.50938504e+03  2.24403691e+01  6.96620013e-02 
 2.51785082e+01  1.34541641e+03  2.51785082e+01  6.96622427e-02 
 2.82507509e+01  1.19929791e+03  2.82507509e+01  6.96628709e-02 
 3.16978638e+01  1.06909142e+03  3.16978638e+01  6.96640422e-02 
 3.55655882e+01  9.53069714e+02  3.55655882e+01  6.96659381e-02 
 3.99052463e+01  8.49693637e+02  3.99052463e+01  6.96687694e-02 
 4.47744228e+01  7.57591694e+02  4.47744228e+01  6.96727841e-02 
 5.02377286e+01  6.75541903e+02  5.02377286e+01  6.96782777e-02 
 5.63676586e+01  6.02455590e+02  5.63676586e+01  6.96856084e-02 
 6.32455532e+01  5.37362957e+02  6.32455532e+01  6.96952178e-02 
 7.09626778e+01  4.79400212e+02  7.09626778e+01  6.97076550e-02 
 7.96214341e+01  4.27798100e+02  7.96214341e+01  6.97236091e-02 
 8.93367184e+01  3.81871687e+02  8.93367184e+01  6.97439469e-02 
 1.00237447e+02  3.41011243e+02  1.00237447e+02  6.97697611e-02 
 1.12468265e+02  3.04674115e+02  1.12468265e+02  6.98024290e-02 
 1.26191469e+02  2.72377481e+02  1.26191469e+02  6.98436856e-02 
 1.41589157e+02  2.43691867e+02  1.41589157e+02  6.98957149e-02 
 1.58865647e+02  2.18235355e+02  1.58865647e+02  6.99612627e-02 
 1.78250188e+02  1.95668383e+02  1.78250188e+02  7.00437779e-02 
 2.00000000e+02  1.75689066e+02  2.00000000e+02  7.01475870e-02 
 2.24403691e+02  1.58028963e+02  2.24403691e+02  7.02781106e-02 
 2.51785082e+02  1.42449230e+02  2.51785082e+02  7.04421291e-02 
 2.82507509e+02  1.28737089e+02  2.82507509e+02  7.06481088e-02 
 3.16978638e+02  1.16702581e+02  3.16978638e+02  7.09065982e-02 
 3.55655882e+02  1.06175557e+02  3.55655882e+02  7.12307047e-02 
 3.99052463e+02  9.70028942e+01  3.99052463e+02  7.16366621e-02 
 4.47744228e+02  8.90459553e+01  4.47744228e+02  7.21444967e-02 
 5.02377286e+02  8.21783145e+01  5.02377286e+02  7.27787930e-02 
 5.63676586e+02  7.62838113e+01  5.63676586e+02  7.35695547e-02 
 6.32455532e+02  7.12549914e+01  6.32455532e+02  7.45531417e-02 
 7.09626778e+02  6.69919835e+01  7.09626778e+02  7.57732502e-02 
 7.96214341e+02  6.34018225e+01  7.96214341e+02  7.72818836e-02 
 8.93367184e+02  6.03981760e+01  8.93367184e+02  7.91402446e-02 
 1.00237447e+03  5.79013741e+01  1.00237447e+03  8.14194687e-02 
 1.12468265e+03  5.58386059e+01  1.12468265e+03  8.42011227e-02 
 1.26191469e+03  5.41441381e+01  1.26191469e+03  8.75774191e-02 
 1.41589157e+03  5.27594353e+01  1.41589157e+03  9.16511478e-02 
 1.58865647e+03  5.16331071e+01  1.58865647e+03  9.65353982e-02 
 1.78250188e+03  5.07206597e+01  1.78250188e+03  1.02353219e-01 
 2.00000000e+03  4.99840699e+01  2.00000000e+03  1.09237418e-01 
 2.24403691e+03  4.93912265e+01  2.24403691e+03  1.17330711e-01 
 2.51785082e+03  4.89152940e+01  2.51785082e+03  1.26786405e-01 
 2.82507509e+03  4.85340481e+01  2.82507509e+03  1.37769709e-01 
 3.16978638e+03  4.82292265e+01  3.16978638e+03  1.50459694e-01 
 3.55655882e+03  4.79859212e+01  3.55655882e+03  1.65051848e-01 
 3.99052463e+03  4.77920307e+01  3.99052463e+03  1.81761133e-01 
 4.47744228e+03  4.76377794e+01  4.47744228e+03  2.00825435e-01 
 5.02377286e+03  4.75153050e+01  5.02377286e+03  2.22509345e-01 
 5.63676586e+03  4.74183097e+01  5.63676586e+03  2.47108191e-01 
 6.32455532e+03  4.73417712e+01  6.32455532e+03  2.74952323e-01 
 7.09626778e+03  4.72817037e+01  7.09626778e+03  3.06411622e-01 
 7.96214341e+03  4.72349651e+01  7.96214341e+03  3.41900252e-01 
 8.93367184e+03  4.71991014e+01  8.93367184e+03  3.81881643e-01 
 1.00237447e+04  4.71722228e+01  1.00237447e+04  4.26873677e-01 
 1.12468265e+04  4.71529083e+01  1.12468265e+04  4.77454025e-01 
 1.26191469e+04  4.71401313e+01  1.26191469e+04  5.34265505e-01 
 1.41589157e+04  4.71332060e+01  1.41589157e+04  5.98021277e-01 
 1.58865647e+04  4.71317493e+01  1.58865647e+04  6.69509559e-01 
 1.78250188e+04  4.71356580e+01  1.78250188e+04  7.49597411e-01 
 2.00000000e+04  4.71450973e+01  2.00000000e+04  8.39232927e-01 
 2.24403691e+04  4.71605014e+01  2.24403691e+04  9.39444912e-01 
 2.51785082e+04  4.71825829e+01  2.51785082e+04  1.05133876e+00 
 2.82507509e+04  4.72123487e+01  2.82507509e+04  1.17608686e+00 
 3.16978638e+04  4.72511219e+01  3.16978638e+04  1.31491133e+00 
 3.55655882e+04  4.73005619e+01  3.55655882e+04  1.46905628e+00 
 3.99052463e+04  4.73626802e+01  3.99052463e+04  1.63974656e+00 
 4.47744228e+04  4.74398389e+01  4.47744228e+04  1.82812920e+00 
 5.02377286e+04  4.75347222e+01  5.02377286e+04  2.03519446e+00 
 5.63676586e+04  4.76502626e+01  5.63676586e+04  2.26167416e+00 
 6.32455532e+04  4.77895036e+01  6.32455532e+04  2.50791749e+00 
 7.09626778e+04  4.79553818e+01  7.09626778e+04  2.77374936e+00 
 7.96214341e+04  4.81504168e+01  7.96214341e+04  3.05832285e+00 
 8.93367184e+04  4.83763160e+01  8.93367184e+04  3.35998674e+00 
 1.00237447e+05  4.86335260e+01  1.00237447e+05  3.67619843e+00 
 1.12468265e+05  4.89208027e+01  1.12468265e+05  4.00351942e+00 
 1.26191469e+05  4.92348979e+01  1.26191469e+05  4.33772973e+00 
 1.41589157e+05  4.95704781e+01  1.41589157e+05  4.67408470e+00 
 1.58865647e+05  4.99203650e+01  1.58865647e+05  5.00771110e+00 
 1.78250188e+05  5.02761173e+01  1.78250188e+05  5.33410434e+00 
 2.00000000e+05  5.06288780e+01  2.00000000e+05  5.64965705e+00 
