 2.00000000e+01  6.95595878e+01 
 2.24403691e+01  6.93604332e+01 
 2.51785082e+01  6.91218048e+01 
 2.82507509e+01  6.88387362e+01 
 3.16978638e+01  6.85066284e+01 
 3.55655882e+01  6.81215968e+01 
 3.99052463e+01  6.76808074e+01 
 4.47744228e+01  6.71827477e+01 
 5.02377286e+01  6.66273806e+01 
 5.63676586e+01  6.60161496e+01 
 6.32455532e+01  6.53518343e+01 
 7.09626778e+01  6.46382865e+01 
 7.96214341e+01  6.38800973e+01 
 8.93367184e+01  6.30822508e+01 
 1.00237447e+02  6.22498114e+01 
 1.12468265e+02  6.13876739e+01 
 1.26191469e+02  6.05003879e+01 
 1.41589157e+02  5.95920519e+01 
 1.58865647e+02  5.86662677e+01 
 1.78250188e+02  5.77261373e+01 
 2.00000000e+02  5.67742894e+01 
 2.24403691e+02  5.58129234e+01 
 2.51785082e+02  5.48438598e+01 
 2.82507509e+02  5.38685936e+01 
 3.16978638e+02  5.28883439e+01 
 3.55655882e+02  5.19040997e+01 
 3.99052463e+02  5.09166602e+01 
 4.47744228e+02  4.99266687e+01 
 5.02377286e+02  4.89346420e+01 
 5.63676586e+02  4.79409945e+01 
 6.32455532e+02  4.69460580e+01 
 7.09626778e+02  4.59500980e+01 
 7.96214341e+02  4.49533270e+01 
 8.93367184e+02  4.39559154e+01 
 1.00237447e+03  4.29579999e+01 
 1.12468265e+03  4.19596909e+01 
 1.26191469e+03  4.09610779e+01 
 1.41589157e+03  3.99622347e+01 
 1.58865647e+03  3.89632227e+01 
 1.78250188e+03  3.79640943e+01 
 2.00000000e+03  3.69648959e+01 
 2.24403691e+03  3.59656702e+01 
 2.51785082e+03  3.49664582e+01 
 2.82507509e+03  3.39673020e+01 
 3.16978638e+03  3.29682463e+01 
 3.55655882e+03  3.19693414e+01 
 3.99052463e+03  3.09706455e+01 
 4.47744228e+03  2.99722278e+01 
 5.02377286e+03  2.89741721e+01 
 5.63676586e+03  2.79765814e+01 
 6.32455532e+03  2.69795831e+01 
 7.09626778e+03  2.59833357e+01 
 7.96214341e+03  2.49880367e+01 
 8.93367184e+03  2.39939328e+01 
 1.00237447e+04  2.30013323e+01 
 1.12468265e+04  2.20106203e+01 
 1.26191469e+04  2.10222772e+01 
 1.41589157e+04  2.00369016e+01 
 1.58865647e+04  1.90552371e+01 
 1.78250188e+04  1.80782052e+01 
 2.00000000e+04  1.71069431e+01 
 2.24403691e+04  1.61428472e+01 
 2.51785082e+04  1.51876211e+01 
 2.82507509e+04  1.42433276e+01 
 3.16978638e+04  1.33124393e+01 
 3.55655882e+04  1.23978841e+01 
 3.99052463e+04  1.15030758e+01 
 4.47744228e+04  1.06319199e+01 
 5.02377286e+04  9.78877837e+00 
 5.63676586e+04  8.97838065e+00 
 6.32455532e+04  8.20566463e+00 
 7.09626778e+04  7.47554325e+00 
 7.96214341e+04  6.79260171e+00 
 8.93367184e+04  6.16074925e+00 
 1.00237447e+05  5.58286720e+00 
 1.12468265e+05  5.06050751e+00 
 1.26191469e+05  4.59369508e+00 
 1.41589157e+05  4.18087121e+00 
 1.58865647e+05  3.81898653e+00 
 1.78250188e+05  3.50372000e+00 
 2.00000000e+05  3.22977748e+00 
