 2.00000000e+01  1.69337779e+03  2.00000000e+01  2.21090800e-02 
 2.24403691e+01  1.50938418e+03  2.24403691e+01  2.21105969e-02 
 2.51785082e+01  1.34541537e+03  2.51785082e+01  2.21125411e-02 
 2.82507509e+01  1.19929668e+03  2.82507509e+01  2.21150529e-02 
 3.16978638e+01  1.06908998e+03  3.16978638e+01  2.21183038e-02 
 3.55655882e+01  9.53068052e+02  3.55655882e+01  2.21225042e-02 
 3.99052463e+01  8.49691727e+02  3.99052463e+01  2.21279119e-02 
 4.47744228e+01  7.57589512e+02  4.47744228e+01  2.21348450e-02 
 5.02377286e+01  6.75539420e+02  5.02377286e+01  2.21436971e-02 
 5.63676586e+01  6.02452774e+02  5.63676586e+01  2.21549583e-02 
 6.32455532e+01  5.37359772e+02  6.32455532e+01  2.21692406e-02 
 7.09626778e+01  4.79396617e+02  7.09626778e+01  2.21873103e-02 
 7.96214341e+01  4.27794050e+02  7.96214341e+01  2.22101281e-02 
 8.93367184e+01  3.81867130e+02  8.93367184e+01  2.22388989e-02 
 1.00237447e+02  3.41006122e+02  1.00237447e+02  2.22751327e-02 
 1.12468265e+02  3.04668368e+02  1.12468265e+02  2.23207205e-02 
 1.26191469e+02  2.72371039e+02  1.26191469e+02  2.23780263e-02 
 1.41589157e+02  2.43684654e+02  1.41589157e+02  2.24499999e-02 
 1.58865647e+02  2.18227290e+02  1.58865647e+02  2.25403134e-02 
 1.78250188e+02  1.95659378e+02  1.78250188e+02  2.26535244e-02 
 2.00000000e+02  1.75679028e+02  2.00000000e+02  2.27952693e-02 
 2.24403691e+02  1.58017796e+02  2.24403691e+02  2.29724880e-02 
 2.51785082e+02  1.42436833e+02  2.51785082e+02  2.31936807e-02 
 2.82507509e+02  1.28723365e+02  2.82507509e+02  2.34691919e-02 
 3.16978638e+02  1.16687436e+02  3.16978638e+02  2.38115156e-02 
 3.55655882e+02  1.06158903e+02  3.55655882e+02  2.42356075e-02 
 3.99052463e+02  9.69846584e+01  3.99052463e+02  2.47591858e-02 
 4.47744228e+02  8.90260824e+01  4.47744228e+02  2.54029959e-02 
 5.02377286e+02  8.21567723e+01  5.02377286e+02  2.61910147e-02 
 5.63676586e+02  7.62605943e+01  5.63676586e+02  2.71505722e-02 
 6.32455532e+02  7.12301235e+01  6.32455532e+02  2.83123810e-02 
 7.09626778e+02  6.69655176e+01  7.09626778e+02  2.97104834e-02 
 7.96214341e+02  6.33738385e+01  7.96214341e+02  3.13821499e-02 
 8.93367184e+02  6.03687754e+01  8.93367184e+02  3.33677849e-02 
 1.00237447e+03  5.78706738e+01  1.00237447e+03  3.57109068e-02 
 1.12468265e+03  5.58067305e+01  1.12468265e+03  3.84582680e-02 
 1.26191469e+03  5.41112127e+01  1.26191469e+03  4.16601626e-02 
 1.41589157e+03  5.27255784e+01  1.41589157e+03  4.53709428e-02 
 1.58865647e+03  5.15984255e+01  1.58865647e+03  4.96497420e-02 
 1.78250188e+03  5.06852442e+01  1.78250188e+03  5.45613806e-02 
 2.00000000e+03  4.99479924e+01  2.00000000e+03  6.01774266e-02 
 2.24403691e+03  4.93545377e+01  2.24403691e+03  6.65773853e-02 
 2.51785082e+03  4.88780219e+01  2.51785082e+03  7.38500006e-02 
 2.82507509e+03  4.84961964e+01  2.82507509e+03  8.20946637e-02 
 3.16978638e+03  4.81907724e+01  3.16978638e+03  9.14229350e-02 
 3.55655882e+03  4.79468127e+01  3.55655882e+03  1.01960195e-01 
 3.99052463e+03  4.77521832e+01  3.99052463e+03  1.13847447e-01 
 4.47744228e+03  4.75970701e+01  4.47744228e+03  1.27243297e-01 
 5.02377286e+03  4.74735663e+01  5.02377286e+03  1.42326144e-01 
 5.63676586e+03  4.73753200e+01  5.63676586e+03  1.59296614e-01 
 6.32455532e+03  4.72972430e+01  6.32455532e+03  1.78380272e-01 
 7.09626778e+03  4.72352687e+01  7.09626778e+03  1.99830662e-01 
 7.96214341e+03  4.71861547e+01  7.96214341e+03  2.23932702e-01 
 8.93367184e+03  4.71473223e+01  8.93367184e+03  2.51006496e-01 
 1.00237447e+04  4.71167268e+01  1.00237447e+04  2.81411622e-01 
 1.12468265e+04  4.70927538e+01  1.12468265e+04  3.15551933e-01 
 1.26191469e+04  4.70741360e+01  1.26191469e+04  3.53880967e-01 
 1.41589157e+04  4.70598881e+01  1.41589157e+04  3.96908021e-01 
 1.58865647e+04  4.70492554e+01  1.58865647e+04  4.45204987e-01 
 1.78250188e+04  4.70416745e+01  1.78250188e+04  4.99414045e-01 
 2.00000000e+04  4.70367442e+01  2.00000000e+04  5.60256323e-01 
 2.24403691e+04  4.70342041e+01  2.24403691e+04  6.28541649e-01 
 2.51785082e+04  4.70339216e+01  2.51785082e+04  7.05179539e-01 
 2.82507509e+04  4.70358853e+01  2.82507509e+04  7.91191569e-01 
 3.16978638e+04  4.70402053e+01  3.16978638e+04  8.87725310e-01 
 3.55655882e+04  4.70471199e+01  3.55655882e+04  9.96069976e-01 
 3.99052463e+04  4.70570097e+01  3.99052463e+04  1.11767397e+00 
 4.47744228e+04  4.70704207e+01  4.47744228e+04  1.25416440e+00 
 5.02377286e+04  4.70880966e+01  5.02377286e+04  1.40736856e+00 
 5.63676586e+04  4.71110230e+01  5.63676586e+04  1.57933722e+00 
 6.32455532e+04  4.71404873e+01  6.32455532e+04  1.77236881e+00 
 7.09626778e+04  4.71781559e+01  7.09626778e+04  1.98903342e+00 
 7.96214341e+04  4.72261739e+01  7.96214341e+04  2.23219353e+00 
 8.93367184e+04  4.72872905e+01  8.93367184e+04  2.50501688e+00 
 1.00237447e+05  4.73650115e+01  1.00237447e+05  2.81097344e+00 
 1.12468265e+05  4.74637774e+01  1.12468265e+05  3.15380400e+00 
 1.26191469e+05  4.75891523e+01  1.26191469e+05  3.53744196e+00 
 1.41589157e+05  4.77479961e+01  1.41589157e+05  3.96586359e+00 
 1.58865647e+05  4.79485611e+01  1.58865647e+05  4.44283710e+00 
 1.78250188e+05  4.82004187e+01  1.78250188e+05  4.97154239e+00 
 2.00000000e+05  4.85140854e+01  2.00000000e+05  5.55404755e+00 
