 2.00000000e+01  5.66467494e+01 
 2.24403691e+01  5.62917209e+01 
 2.51785082e+01  5.59869822e+01 
 2.82507509e+01  5.57283802e+01 
 3.16978638e+01  5.55111861e+01 
 3.55655882e+01  5.53304342e+01 
 3.99052463e+01  5.51812066e+01 
 4.47744228e+01  5.50588462e+01 
 5.02377286e+01  5.49590960e+01 
 5.63676586e+01  5.48781712e+01 
 6.32455532e+01  5.48127824e+01 
 7.09626778e+01  5.47601211e+01 
 7.96214341e+01  5.47178241e+01 
 8.93367184e+01  5.46839257e+01 
 1.00237447e+02  5.46568062e+01 
 1.12468265e+02  5.46351405e+01 
 1.26191469e+02  5.46178514e+01 
 1.41589157e+02  5.46040669e+01 
 1.58865647e+02  5.45930840e+01 
 1.78250188e+02  5.45843376e+01 
 2.00000000e+02  5.45773746e+01 
 2.24403691e+02  5.45718320e+01 
 2.51785082e+02  5.45674198e+01 
 2.82507509e+02  5.45639061e+01 
 3.16978638e+02  5.45611059e+01 
 3.55655882e+02  5.45588714e+01 
 3.99052463e+02  5.45570843e+01 
 4.47744228e+02  5.45556499e+01 
 5.02377286e+02  5.45544923e+01 
 5.63676586e+02  5.45535500e+01 
 6.32455532e+02  5.45527729e+01 
 7.09626778e+02  5.45521197e+01 
 7.96214341e+02  5.45515558e+01 
 8.93367184e+02  5.45510510e+01 
 1.00237447e+03  5.45505785e+01 
 1.12468265e+03  5.45501133e+01 
 1.26191469e+03  5.45496305e+01 
 1.41589157e+03  5.45491044e+01 
 1.58865647e+03  5.45485071e+01 
 1.78250188e+03  5.45478068e+01 
 2.00000000e+03  5.45469663e+01 
 2.24403691e+03  5.45459408e+01 
 2.51785082e+03  5.45446760e+01 
 2.82507509e+03  5.45431048e+01 
 3.16978638e+03  5.45411438e+01 
 3.55655882e+03  5.45386893e+01 
 3.99052463e+03  5.45356116e+01 
 4.47744228e+03  5.45317482e+01 
 5.02377286e+03  5.45268960e+01 
 5.63676586e+03  5.45208004e+01 
 6.32455532e+03  5.45131429e+01 
 7.09626778e+03  5.45035257e+01 
 7.96214341e+03  5.44914517e+01 
 8.93367184e+03  5.44763022e+01 
 1.00237447e+04  5.44573083e+01 
 1.12468265e+04  5.44335179e+01 
 1.26191469e+04  5.44037572e+01 
 1.41589157e+04  5.43665860e+01 
 1.58865647e+04  5.43202496e+01 
 1.78250188e+04  5.42626270e+01 
 2.00000000e+04  5.41911814e+01 
 2.24403691e+04  5.41029169e+01 
 2.51785082e+04  5.39943520e+01 
 2.82507509e+04  5.38615205e+01 
 3.16978638e+04  5.37000151e+01 
 3.55655882e+04  5.35050888e+01 
 3.99052463e+04  5.32718252e+01 
 4.47744228e+04  5.29953832e+01 
 5.02377286e+04  5.26713062e+01 
 5.63676586e+04  5.22958658e+01 
 6.32455532e+04  5.18663953e+01 
 7.09626778e+04  5.13815540e+01 
 7.96214341e+04  5.08414664e+01 
 8.93367184e+04  5.02476986e+01 
 1.00237447e+05  4.96030633e+01 
 1.12468265e+05  4.89112731e+01 
 1.26191469e+05  4.81764872e+01 
 1.41589157e+05  4.74028033e+01 
 1.58865647e+05  4.65937457e+01 
 1.78250188e+05  4.57517974e+01 
 2.00000000e+05  4.48780227e+01 
