 2.00000000e+01  2.63478953e-08  2.00000000e+01  8.37429835e-09 
 2.09425710e+01  2.62639878e-08  2.09425710e+01  8.34740668e-09 
 2.19295639e+01  2.61836166e-08  2.19295639e+01  8.32165985e-09 
 2.29630724e+01  2.61066423e-08  2.29630724e+01  8.29701154e-09 
 2.40452887e+01  2.60329299e-08  2.40452887e+01  8.27341710e-09 
 2.51785082e+01  2.59623493e-08  2.51785082e+01  8.25083355e-09 
 2.63651348e+01  2.58947748e-08  2.63651348e+01  8.22921949e-09 
 2.76076853e+01  2.58300852e-08  2.76076853e+01  8.20853508e-09 
 2.89087954e+01  2.57681635e-08  2.89087954e+01  8.18874198e-09 
 3.02712250e+01  2.57088972e-08  3.02712250e+01  8.16980330e-09 
 3.16978638e+01  2.56521776e-08  3.16978638e+01  8.15168356e-09 
 3.31917381e+01  2.55979003e-08  3.31917381e+01  8.13434865e-09 
 3.47560166e+01  2.55459645e-08  3.47560166e+01  8.11776576e-09 
 3.63940172e+01  2.54962734e-08  3.63940172e+01  8.10190339e-09 
 3.81092144e+01  2.54487336e-08  3.81092144e+01  8.08673125e-09 
 3.99052463e+01  2.54032557e-08  3.99052463e+01  8.07222023e-09 
 4.17859226e+01  2.53597533e-08  4.17859226e+01  8.05834240e-09 
 4.37552325e+01  2.53181436e-08  4.37552325e+01  8.04507093e-09 
 4.58173531e+01  2.52783468e-08  4.58173531e+01  8.03238005e-09 
 4.79766584e+01  2.52402866e-08  4.79766584e+01  8.02024505e-09 
 5.02377286e+01  2.52038894e-08  5.02377286e+01  8.00864218e-09 
 5.26053598e+01  2.51690845e-08  5.26053598e+01  7.99754870e-09 
 5.50845741e+01  2.51358043e-08  5.50845741e+01  7.98694275e-09 
 5.76806301e+01  2.51039837e-08  5.76806301e+01  7.97680340e-09 
 6.03990344e+01  2.50735602e-08  6.03990344e+01  7.96711056e-09 
 6.32455532e+01  2.50444741e-08  6.32455532e+01  7.95784496e-09 
 6.62262243e+01  2.50166678e-08  6.62262243e+01  7.94898816e-09 
 6.93473701e+01  2.49900862e-08  6.93473701e+01  7.94052244e-09 
 7.26156110e+01  2.49646766e-08  7.26156110e+01  7.93243087e-09 
 7.60378793e+01  2.49403882e-08  7.60378793e+01  7.92469717e-09 
 7.96214341e+01  2.49171726e-08  7.96214341e+01  7.91730580e-09 
 8.33738767e+01  2.48949833e-08  8.33738767e+01  7.91024183e-09 
 8.73031664e+01  2.48737755e-08  8.73031664e+01  7.90349098e-09 
 9.14176379e+01  2.48535067e-08  9.14176379e+01  7.89703957e-09 
 9.57260185e+01  2.48341358e-08  9.57260185e+01  7.89087451e-09 
 1.00237447e+02  2.48156238e-08  1.00237447e+02  7.88498326e-09 
 1.04961492e+02  2.47979331e-08  1.04961492e+02  7.87935379e-09 
 1.09908175e+02  2.47810277e-08  1.09908175e+02  7.87397464e-09 
 1.15087987e+02  2.47648732e-08  1.15087987e+02  7.86883478e-09 
 1.20511917e+02  2.47494367e-08  1.20511917e+02  7.86392370e-09 
 1.26191469e+02  2.47346867e-08  1.26191469e+02  7.85923132e-09 
 1.32138690e+02  2.47205929e-08  1.32138690e+02  7.85474800e-09 
 1.38366194e+02  2.47071265e-08  1.38366194e+02  7.85046451e-09 
 1.44887192e+02  2.46942598e-08  1.44887192e+02  7.84637204e-09 
 1.51715515e+02  2.46819664e-08  1.51715515e+02  7.84246213e-09 
 1.58865647e+02  2.46702209e-08  1.58865647e+02  7.83872671e-09 
 1.66352754e+02  2.46589992e-08  1.66352754e+02  7.83515805e-09 
 1.74192718e+02  2.46482780e-08  1.74192718e+02  7.83174878e-09 
 1.82402168e+02  2.46380352e-08  1.82402168e+02  7.82849182e-09 
 1.90998517e+02  2.46282497e-08  1.90998517e+02  7.82538042e-09 
 2.00000000e+02  2.46189011e-08  2.00000000e+02  7.82240811e-09 
 2.09425710e+02  2.46099700e-08  2.09425710e+02  7.81956872e-09 
 2.19295639e+02  2.46014379e-08  2.19295639e+02  7.81685633e-09 
 2.29630724e+02  2.45932871e-08  2.29630724e+02  7.81426531e-09 
 2.40452887e+02  2.45855006e-08  2.40452887e+02  7.81179026e-09 
 2.51785082e+02  2.45780621e-08  2.51785082e+02  7.80942600e-09 
 2.63651348e+02  2.45709562e-08  2.63651348e+02  7.80716761e-09 
 2.76076853e+02  2.45641680e-08  2.76076853e+02  7.80501037e-09 
 2.89087954e+02  2.45576834e-08  2.89087954e+02  7.80294977e-09 
 3.02712250e+02  2.45514888e-08  3.02712250e+02  7.80098150e-09 
 3.16978638e+02  2.45455713e-08  3.16978638e+02  7.79910144e-09 
 3.31917381e+02  2.45399183e-08  3.31917381e+02  7.79730565e-09 
 3.47560166e+02  2.45345182e-08  3.47560166e+02  7.79559038e-09 
 3.63940172e+02  2.45293595e-08  3.63940172e+02  7.79395202e-09 
 3.81092144e+02  2.45244314e-08  3.81092144e+02  7.79238714e-09 
 3.99052463e+02  2.45197236e-08  3.99052463e+02  7.79089246e-09 
 4.17859226e+02  2.45152262e-08  4.17859226e+02  7.78946484e-09 
 4.37552325e+02  2.45109296e-08  4.37552325e+02  7.78810128e-09 
 4.58173531e+02  2.45068249e-08  4.58173531e+02  7.78679891e-09 
 4.79766584e+02  2.45029033e-08  4.79766584e+02  7.78555499e-09 
 5.02377286e+02  2.44991565e-08  5.02377286e+02  7.78436692e-09 
 5.26053598e+02  2.44955767e-08  5.26053598e+02  7.78323219e-09 
 5.50845741e+02  2.44921563e-08  5.50845741e+02  7.78214842e-09 
 5.76806301e+02  2.44888879e-08  5.76806301e+02  7.78111331e-09 
 6.03990344e+02  2.44857647e-08  6.03990344e+02  7.78012470e-09 
 6.32455532e+02  2.44827799e-08  6.32455532e+02  7.77918050e-09 
 6.62262243e+02  2.44799273e-08  6.62262243e+02  7.77827872e-09 
 6.93473701e+02  2.44772007e-08  6.93473701e+02  7.77741746e-09 
 7.26156110e+02  2.44745942e-08  7.26156110e+02  7.77659490e-09 
 7.60378793e+02  2.44721023e-08  7.60378793e+02  7.77580932e-09 
 7.96214341e+02  2.44697195e-08  7.96214341e+02  7.77505905e-09 
 8.33738767e+02  2.44674407e-08  8.33738767e+02  7.77434251e-09 
 8.73031664e+02  2.44652610e-08  8.73031664e+02  7.77365819e-09 
 9.14176379e+02  2.44631756e-08  9.14176379e+02  7.77300465e-09 
 9.57260185e+02  2.44611799e-08  9.57260185e+02  7.77238050e-09 
 1.00237447e+03  2.44592694e-08  1.00237447e+03  7.77178444e-09 
 1.04961492e+03  2.44574400e-08  1.04961492e+03  7.77121520e-09 
 1.09908175e+03  2.44556876e-08  1.09908175e+03  7.77067158e-09 
 1.15087987e+03  2.44540081e-08  1.15087987e+03  7.77015243e-09 
 1.20511917e+03  2.44523978e-08  1.20511917e+03  7.76965667e-09 
 1.26191469e+03  2.44508529e-08  1.26191469e+03  7.76918324e-09 
 1.32138690e+03  2.44493698e-08  1.32138690e+03  7.76873114e-09 
 1.38366194e+03  2.44479450e-08  1.38366194e+03  7.76829942e-09 
 1.44887192e+03  2.44465750e-08  1.44887192e+03  7.76788717e-09 
 1.51715515e+03  2.44452566e-08  1.51715515e+03  7.76749353e-09 
 1.58865647e+03  2.44439865e-08  1.58865647e+03  7.76711765e-09 
 1.66352754e+03  2.44427613e-08  1.66352754e+03  7.76675876e-09 
 1.74192718e+03  2.44415780e-08  1.74192718e+03  7.76641608e-09 
 1.82402168e+03  2.44404334e-08  1.82402168e+03  7.76608892e-09 
 1.90998517e+03  2.44393242e-08  1.90998517e+03  7.76577656e-09 
 2.00000000e+03  2.44382475e-08  2.00000000e+03  7.76547837e-09 
 2.09425710e+03  2.44372000e-08  2.09425710e+03  7.76519371e-09 
 2.19295639e+03  2.44361785e-08  2.19295639e+03  7.76492199e-09 
 2.29630724e+03  2.44351800e-08  2.29630724e+03  7.76466263e-09 
 2.40452887e+03  2.44342011e-08  2.40452887e+03  7.76441510e-09 
 2.51785082e+03  2.44332385e-08  2.51785082e+03  7.76417888e-09 
 2.63651348e+03  2.44322888e-08  2.63651348e+03  7.76395348e-09 
 2.76076853e+03  2.44313485e-08  2.76076853e+03  7.76373843e-09 
 2.89087954e+03  2.44304140e-08  2.89087954e+03  7.76353329e-09 
 3.02712250e+03  2.44294814e-08  3.02712250e+03  7.76333762e-09 
 3.16978638e+03  2.44285469e-08  3.16978638e+03  7.76315104e-09 
 3.31917381e+03  2.44276063e-08  3.31917381e+03  7.76297315e-09 
 3.47560166e+03  2.44266551e-08  3.47560166e+03  7.76280361e-09 
 3.63940172e+03  2.44256889e-08  3.63940172e+03  7.76264205e-09 
 3.81092144e+03  2.44247027e-08  3.81092144e+03  7.76248817e-09 
 3.99052463e+03  2.44236913e-08  3.99052463e+03  7.76234165e-09 
 4.17859226e+03  2.44226491e-08  4.17859226e+03  7.76220221e-09 
 4.37552325e+03  2.44215702e-08  4.37552325e+03  7.76206957e-09 
 4.58173531e+03  2.44204481e-08  4.58173531e+03  7.76194347e-09 
 4.79766584e+03  2.44192760e-08  4.79766584e+03  7.76182369e-09 
 5.02377286e+03  2.44180464e-08  5.02377286e+03  7.76170999e-09 
 5.26053598e+03  2.44167514e-08  5.26053598e+03  7.76160218e-09 
 5.50845741e+03  2.44153822e-08  5.50845741e+03  7.76150005e-09 
 5.76806301e+03  2.44139294e-08  5.76806301e+03  7.76140345e-09 
 6.03990344e+03  2.44123828e-08  6.03990344e+03  7.76131219e-09 
 6.32455532e+03  2.44107314e-08  6.32455532e+03  7.76122615e-09 
 6.62262243e+03  2.44089631e-08  6.62262243e+03  7.76114519e-09 
 6.93473701e+03  2.44070648e-08  6.93473701e+03  7.76106921e-09 
 7.26156110e+03  2.44050221e-08  7.26156110e+03  7.76099810e-09 
 7.60378793e+03  2.44028195e-08  7.60378793e+03  7.76093179e-09 
 7.96214341e+03  2.44004401e-08  7.96214341e+03  7.76087022e-09 
 8.33738767e+03  2.43978652e-08  8.33738767e+03  7.76081334e-09 
 8.73031664e+03  2.43950748e-08  8.73031664e+03  7.76076112e-09 
 9.14176379e+03  2.43920466e-08  9.14176379e+03  7.76071357e-09 
 9.57260185e+03  2.43887567e-08  9.57260185e+03  7.76067069e-09 
 1.00237447e+04  2.43851786e-08  1.00237447e+04  7.76063252e-09 
 1.04961492e+04  2.43812837e-08  1.04961492e+04  7.76059911e-09 
 1.09908175e+04  2.43770404e-08  1.09908175e+04  7.76057055e-09 
 1.15087987e+04  2.43724146e-08  1.15087987e+04  7.76054693e-09 
 1.20511917e+04  2.43673686e-08  1.20511917e+04  7.76052839e-09 
 1.26191469e+04  2.43618615e-08  1.26191469e+04  7.76051509e-09 
 1.32138690e+04  2.43558486e-08  1.32138690e+04  7.76050722e-09 
 1.38366194e+04  2.43492809e-08  1.38366194e+04  7.76050499e-09 
 1.44887192e+04  2.43421051e-08  1.44887192e+04  7.76050867e-09 
 1.51715515e+04  2.43342628e-08  1.51715515e+04  7.76051854e-09 
 1.58865647e+04  2.43256906e-08  1.58865647e+04  7.76053495e-09 
 1.66352754e+04  2.43163188e-08  1.66352754e+04  7.76055828e-09 
 1.74192718e+04  2.43060719e-08  1.74192718e+04  7.76058894e-09 
 1.82402168e+04  2.42948672e-08  1.82402168e+04  7.76062742e-09 
 1.90998517e+04  2.42826147e-08  1.90998517e+04  7.76067426e-09 
 2.00000000e+04  2.42692163e-08  2.00000000e+04  7.76073005e-09 
