 2.00000000e+01  1.69337820e+03  2.00000000e+01  3.01191097e-02 
 2.24403691e+01  1.50938465e+03  2.24403691e+01  3.01114450e-02 
 2.51785082e+01  1.34541590e+03  2.51785082e+01  3.01044501e-02 
 2.82507509e+01  1.19929727e+03  2.82507509e+01  3.00982977e-02 
 3.16978638e+01  1.06909064e+03  3.16978638e+01  3.00931195e-02 
 3.55655882e+01  9.53068790e+02  3.55655882e+01  3.00890128e-02 
 3.99052463e+01  8.49692551e+02  3.99052463e+01  3.00860520e-02 
 4.47744228e+01  7.57590433e+02  4.47744228e+01  3.00843031e-02 
 5.02377286e+01  6.75540449e+02  5.02377286e+01  3.00838389e-02 
 5.63676586e+01  6.02453925e+02  5.63676586e+01  3.00847550e-02 
 6.32455532e+01  5.37361058e+02  6.32455532e+01  3.00871855e-02 
 7.09626778e+01  4.79398055e+02  7.09626778e+01  3.00913192e-02 
 7.96214341e+01  4.27795658e+02  7.96214341e+01  3.00974162e-02 
 8.93367184e+01  3.81868929e+02  8.93367184e+01  3.01058276e-02 
 1.00237447e+02  3.41008134e+02  1.00237447e+02  3.01170175e-02 
 1.12468265e+02  3.04670617e+02  1.12468265e+02  3.01315907e-02 
 1.26191469e+02  2.72373552e+02  1.26191469e+02  3.01503256e-02 
 1.41589157e+02  2.43687461e+02  1.41589157e+02  3.01742164e-02 
 1.58865647e+02  2.18230423e+02  1.58865647e+02  3.02045245e-02 
 1.78250188e+02  1.95662870e+02  1.78250188e+02  3.02428442e-02 
 2.00000000e+02  1.75682916e+02  2.00000000e+02  3.02911825e-02 
 2.24403691e+02  1.58022117e+02  2.24403691e+02  3.03520596e-02 
 2.51785082e+02  1.42441626e+02  2.51785082e+02  3.04286314e-02 
 2.82507509e+02  1.28728667e+02  2.82507509e+02  3.05248403e-02 
 3.16978638e+02  1.16693283e+02  3.16978638e+02  3.06455970e-02 
 3.55655882e+02  1.06165330e+02  3.55655882e+02  3.07970001e-02 
 3.99052463e+02  9.69916924e+01  3.99052463e+02  3.09865950e-02 
 4.47744228e+02  8.90337445e+01  4.47744228e+02  3.12236768e-02 
 5.02377286e+02  8.21650743e+01  5.02377286e+02  3.15196352e-02 
 5.63676586e+02  7.62695376e+01  5.63676586e+02  3.18883394e-02 
 6.32455532e+02  7.12396977e+01  6.32455532e+02  3.23465505e-02 
 7.09626778e+02  6.69757009e+01  7.09626778e+02  3.29143469e-02 
 7.96214341e+02  6.33845982e+01  7.96214341e+02  3.36155344e-02 
 8.93367184e+02  6.03800701e+01  8.93367184e+02  3.44780120e-02 
 1.00237447e+03  5.78824553e+01  1.00237447e+03  3.55340560e-02 
 1.12468265e+03  5.58189468e+01  1.12468265e+03  3.68204944e-02 
 1.26191469e+03  5.41238107e+01  1.26191469e+03  3.83787558e-02 
 1.41589157e+03  5.27385062e+01  1.41589157e+03  4.02548038e-02 
 1.58865647e+03  5.16116341e+01  1.58865647e+03  4.24990015e-02 
 1.78250188e+03  5.06986889e+01  1.78250188e+03  4.51659780e-02 
 2.00000000e+03  4.99616331e+01  2.00000000e+03  4.83145896e-02 
 2.24403691e+03  4.93683394e+01  2.24403691e+03  5.20080647e-02 
 2.51785082e+03  4.88919544e+01  2.51785082e+03  5.63143987e-02 
 2.82507509e+03  4.85102337e+01  2.82507509e+03  6.13070330e-02 
 3.16978638e+03  4.82048926e+01  3.16978638e+03  6.70658119e-02 
 3.55655882e+03  4.79609971e+01  3.55655882e+03  7.36781909e-02 
 3.99052463e+03  4.77664157e+01  3.99052463e+03  8.12406548e-02 
 4.47744228e+03  4.76113368e+01  4.47744228e+03  8.98603090e-02 
 5.02377286e+03  4.74878546e+01  5.02377286e+03  9.96566180e-02 
 5.63676586e+03  4.73896185e+01  5.63676586e+03  1.10763282e-01 
 6.32455532e+03  4.73115404e+01  6.32455532e+03  1.23330252e-01 
 7.09626778e+03  4.72495536e+01  7.09626778e+03  1.37525909e-01 
 7.96214341e+03  4.72004150e+01  7.96214341e+03  1.53539408e-01 
 8.93367184e+03  4.71615444e+01  8.93367184e+03  1.71583247e-01 
 1.00237447e+04  4.71308947e+01  1.00237447e+04  1.91896057e-01 
 1.12468265e+04  4.71068484e+01  1.12468265e+04  2.14745658e-01 
 1.26191469e+04  4.70881338e+01  1.26191469e+04  2.40432396e-01 
 1.41589157e+04  4.70737596e+01  1.41589157e+04  2.69292792e-01 
 1.58865647e+04  4.70629631e+01  1.58865647e+04  3.01703482e-01 
 1.78250188e+04  4.70551702e+01  1.78250188e+04  3.38085473e-01 
 2.00000000e+04  4.70499652e+01  2.00000000e+04  3.78908655e-01 
 2.24403691e+04  4.70470680e+01  2.24403691e+04  4.24696537e-01 
 2.51785082e+04  4.70463193e+01  2.51785082e+04  4.76031077e-01 
 2.82507509e+04  4.70476706e+01  2.82507509e+04  5.33557463e-01 
 3.16978638e+04  4.70511796e+01  3.16978638e+04  5.97988581e-01 
 3.55655882e+04  4.70570111e+01  3.55655882e+04  6.70108842e-01 
 3.99052463e+04  4.70654408e+01  3.99052463e+04  7.50776852e-01 
 4.47744228e+04  4.70768629e+01  4.47744228e+04  8.40926294e-01 
 5.02377286e+04  4.70918011e+01  5.02377286e+04  9.41564159e-01 
 5.63676586e+04  4.71109195e+01  5.63676586e+04  1.05376532e+00 
 6.32455532e+04  4.71350349e+01  6.32455532e+04  1.17866224e+00 
 7.09626778e+04  4.71651241e+01  7.09626778e+04  1.31742870e+00 
 7.96214341e+04  4.72023253e+01  7.96214341e+04  1.47125649e+00 
 8.93367184e+04  4.72479264e+01  8.93367184e+04  1.64132509e+00 
 1.00237447e+05  4.73033354e+01  1.00237447e+05  1.82876532e+00 
 1.12468265e+05  4.73700263e+01  1.12468265e+05  2.03462090e+00 
 1.26191469e+05  4.74494564e+01  1.26191469e+05  2.25981498e+00 
 1.41589157e+05  4.75429578e+01  1.41589157e+05  2.50513302e+00 
 1.58865647e+05  4.76516110e+01  1.58865647e+05  2.77123761e+00 
 1.78250188e+05  4.77761273e+01  1.78250188e+05  3.05873252e+00 
 2.00000000e+05  4.79167707e+01  2.00000000e+05  3.36829069e+00 
