 2.00000000e+01  1.27087046e-08  2.00000000e+01  8.96326458e-09 
 2.09425710e+01  1.26715178e-08  2.09425710e+01  8.93679901e-09 
 2.19295639e+01  1.26359874e-08  2.19295639e+01  8.91152384e-09 
 2.29630724e+01  1.26020404e-08  2.29630724e+01  8.88738555e-09 
 2.40452887e+01  1.25696071e-08  2.40452887e+01  8.86433302e-09 
 2.51785082e+01  1.25386205e-08  2.51785082e+01  8.84231743e-09 
 2.63651348e+01  1.25090168e-08  2.63651348e+01  8.82129215e-09 
 2.76076853e+01  1.24807349e-08  2.76076853e+01  8.80121266e-09 
 2.89087954e+01  1.24537162e-08  2.89087954e+01  8.78203644e-09 
 3.02712250e+01  1.24279047e-08  3.02712250e+01  8.76372286e-09 
 3.16978638e+01  1.24032471e-08  3.16978638e+01  8.74623315e-09 
 3.31917381e+01  1.23796920e-08  3.31917381e+01  8.72953025e-09 
 3.47560166e+01  1.23571905e-08  3.47560166e+01  8.71357880e-09 
 3.63940172e+01  1.23356959e-08  3.63940172e+01  8.69834499e-09 
 3.81092144e+01  1.23151632e-08  3.81092144e+01  8.68379657e-09 
 3.99052463e+01  1.22955499e-08  3.99052463e+01  8.66990272e-09 
 4.17859226e+01  1.22768148e-08  4.17859226e+01  8.65663399e-09 
 4.37552325e+01  1.22589190e-08  4.37552325e+01  8.64396228e-09 
 4.58173531e+01  1.22418250e-08  4.58173531e+01  8.63186074e-09 
 4.79766584e+01  1.22254970e-08  4.79766584e+01  8.62030372e-09 
 5.02377286e+01  1.22099009e-08  5.02377286e+01  8.60926675e-09 
 5.26053598e+01  1.21950041e-08  5.26053598e+01  8.59872642e-09 
 5.50845741e+01  1.21807753e-08  5.50845741e+01  8.58866040e-09 
 5.76806301e+01  1.21671847e-08  5.76806301e+01  8.57904735e-09 
 6.03990344e+01  1.21542037e-08  6.03990344e+01  8.56986690e-09 
 6.32455532e+01  1.21418051e-08  6.32455532e+01  8.56109959e-09 
 6.62262243e+01  1.21299629e-08  6.62262243e+01  8.55272684e-09 
 6.93473701e+01  1.21186522e-08  6.93473701e+01  8.54473088e-09 
 7.26156110e+01  1.21078492e-08  7.26156110e+01  8.53709477e-09 
 7.60378793e+01  1.20975312e-08  7.60378793e+01  8.52980233e-09 
 7.96214341e+01  1.20876765e-08  7.96214341e+01  8.52283807e-09 
 8.33738767e+01  1.20782642e-08  8.33738767e+01  8.51618725e-09 
 8.73031664e+01  1.20692747e-08  8.73031664e+01  8.50983575e-09 
 9.14176379e+01  1.20606889e-08  9.14176379e+01  8.50377011e-09 
 9.57260185e+01  1.20524887e-08  9.57260185e+01  8.49797746e-09 
 1.00237447e+02  1.20446570e-08  1.00237447e+02  8.49244552e-09 
 1.04961492e+02  1.20371771e-08  1.04961492e+02  8.48716255e-09 
 1.09908175e+02  1.20300333e-08  1.09908175e+02  8.48211735e-09 
 1.15087987e+02  1.20232104e-08  1.15087987e+02  8.47729923e-09 
 1.20511917e+02  1.20166942e-08  1.20511917e+02  8.47269795e-09 
 1.26191469e+02  1.20104708e-08  1.26191469e+02  8.46830377e-09 
 1.32138690e+02  1.20045271e-08  1.32138690e+02  8.46410736e-09 
 1.38366194e+02  1.19988506e-08  1.38366194e+02  8.46009982e-09 
 1.44887192e+02  1.19934292e-08  1.44887192e+02  8.45627265e-09 
 1.51715515e+02  1.19882515e-08  1.51715515e+02  8.45261773e-09 
 1.58865647e+02  1.19833066e-08  1.58865647e+02  8.44912732e-09 
 1.66352754e+02  1.19785839e-08  1.66352754e+02  8.44579399e-09 
 1.74192718e+02  1.19740736e-08  1.74192718e+02  8.44261070e-09 
 1.82402168e+02  1.19697661e-08  1.82402168e+02  8.43957068e-09 
 1.90998517e+02  1.19656522e-08  1.90998517e+02  8.43666748e-09 
 2.00000000e+02  1.19617233e-08  2.00000000e+02  8.43389494e-09 
 2.09425710e+02  1.19579710e-08  2.09425710e+02  8.43124720e-09 
 2.19295639e+02  1.19543875e-08  2.19295639e+02  8.42871862e-09 
 2.29630724e+02  1.19509651e-08  2.29630724e+02  8.42630385e-09 
 2.40452887e+02  1.19476966e-08  2.40452887e+02  8.42399775e-09 
 2.51785082e+02  1.19445750e-08  2.51785082e+02  8.42179545e-09 
 2.63651348e+02  1.19415938e-08  2.63651348e+02  8.41969227e-09 
 2.76076853e+02  1.19387466e-08  2.76076853e+02  8.41768375e-09 
 2.89087954e+02  1.19360275e-08  2.89087954e+02  8.41576562e-09 
 3.02712250e+02  1.19334306e-08  3.02712250e+02  8.41393383e-09 
 3.16978638e+02  1.19309505e-08  3.16978638e+02  8.41218447e-09 
 3.31917381e+02  1.19285818e-08  3.31917381e+02  8.41051385e-09 
 3.47560166e+02  1.19263197e-08  3.47560166e+02  8.40891841e-09 
 3.63940172e+02  1.19241592e-08  3.63940172e+02  8.40739478e-09 
 3.81092144e+02  1.19220959e-08  3.81092144e+02  8.40593972e-09 
 3.99052463e+02  1.19201252e-08  3.99052463e+02  8.40455014e-09 
 4.17859226e+02  1.19182432e-08  4.17859226e+02  8.40322310e-09 
 4.37552325e+02  1.19164456e-08  4.37552325e+02  8.40195578e-09 
 4.58173531e+02  1.19147289e-08  4.58173531e+02  8.40074549e-09 
 4.79766584e+02  1.19130892e-08  4.79766584e+02  8.39958967e-09 
 5.02377286e+02  1.19115231e-08  5.02377286e+02  8.39848586e-09 
 5.26053598e+02  1.19100274e-08  5.26053598e+02  8.39743173e-09 
 5.50845741e+02  1.19085987e-08  5.50845741e+02  8.39642503e-09 
 5.76806301e+02  1.19072342e-08  5.76806301e+02  8.39546362e-09 
 6.03990344e+02  1.19059308e-08  6.03990344e+02  8.39454548e-09 
 6.32455532e+02  1.19046858e-08  6.32455532e+02  8.39366865e-09 
 6.62262243e+02  1.19034966e-08  6.62262243e+02  8.39283127e-09 
 6.93473701e+02  1.19023606e-08  6.93473701e+02  8.39203156e-09 
 7.26156110e+02  1.19012754e-08  7.26156110e+02  8.39126783e-09 
 7.60378793e+02  1.19002387e-08  7.60378793e+02  8.39053846e-09 
 7.96214341e+02  1.18992483e-08  7.96214341e+02  8.38984189e-09 
 8.33738767e+02  1.18983020e-08  8.33738767e+02  8.38917665e-09 
 8.73031664e+02  1.18973979e-08  8.73031664e+02  8.38854133e-09 
 9.14176379e+02  1.18965339e-08  9.14176379e+02  8.38793458e-09 
 9.57260185e+02  1.18957083e-08  9.57260185e+02  8.38735511e-09 
 1.00237447e+03  1.18949192e-08  1.00237447e+03  8.38680169e-09 
 1.04961492e+03  1.18941650e-08  1.04961492e+03  8.38627314e-09 
 1.09908175e+03  1.18934440e-08  1.09908175e+03  8.38576835e-09 
 1.15087987e+03  1.18927546e-08  1.15087987e+03  8.38528623e-09 
 1.20511917e+03  1.18920954e-08  1.20511917e+03  8.38482577e-09 
 1.26191469e+03  1.18914649e-08  1.26191469e+03  8.38438598e-09 
 1.32138690e+03  1.18908618e-08  1.32138690e+03  8.38396593e-09 
 1.38366194e+03  1.18902846e-08  1.38366194e+03  8.38356473e-09 
 1.44887192e+03  1.18897322e-08  1.44887192e+03  8.38318152e-09 
 1.51715515e+03  1.18892033e-08  1.51715515e+03  8.38281549e-09 
 1.58865647e+03  1.18886966e-08  1.58865647e+03  8.38246585e-09 
 1.66352754e+03  1.18882111e-08  1.66352754e+03  8.38213186e-09 
 1.74192718e+03  1.18877457e-08  1.74192718e+03  8.38181282e-09 
 1.82402168e+03  1.18872992e-08  1.82402168e+03  8.38150803e-09 
 1.90998517e+03  1.18868706e-08  1.90998517e+03  8.38121684e-09 
 2.00000000e+03  1.18864590e-08  2.00000000e+03  8.38093864e-09 
 2.09425710e+03  1.18860632e-08  2.09425710e+03  8.38067282e-09 
 2.19295639e+03  1.18856824e-08  2.19295639e+03  8.38041882e-09 
 2.29630724e+03  1.18853156e-08  2.29630724e+03  8.38017609e-09 
 2.40452887e+03  1.18849618e-08  2.40452887e+03  8.37994410e-09 
 2.51785082e+03  1.18846202e-08  2.51785082e+03  8.37972236e-09 
 2.63651348e+03  1.18842898e-08  2.63651348e+03  8.37951039e-09 
 2.76076853e+03  1.18839698e-08  2.76076853e+03  8.37930772e-09 
 2.89087954e+03  1.18836591e-08  2.89087954e+03  8.37911391e-09 
 3.02712250e+03  1.18833570e-08  3.02712250e+03  8.37892855e-09 
 3.16978638e+03  1.18830625e-08  3.16978638e+03  8.37875121e-09 
 3.31917381e+03  1.18827747e-08  3.31917381e+03  8.37858152e-09 
 3.47560166e+03  1.18824927e-08  3.47560166e+03  8.37841909e-09 
 3.63940172e+03  1.18822154e-08  3.63940172e+03  8.37826357e-09 
 3.81092144e+03  1.18819420e-08  3.81092144e+03  8.37811460e-09 
 3.99052463e+03  1.18816713e-08  3.99052463e+03  8.37797184e-09 
 4.17859226e+03  1.18814025e-08  4.17859226e+03  8.37783497e-09 
 4.37552325e+03  1.18811343e-08  4.37552325e+03  8.37770366e-09 
 4.58173531e+03  1.18808658e-08  4.58173531e+03  8.37757762e-09 
 4.79766584e+03  1.18805955e-08  4.79766584e+03  8.37745655e-09 
 5.02377286e+03  1.18803225e-08  5.02377286e+03  8.37734014e-09 
 5.26053598e+03  1.18800452e-08  5.26053598e+03  8.37722812e-09 
 5.50845741e+03  1.18797623e-08  5.50845741e+03  8.37712021e-09 
 5.76806301e+03  1.18794724e-08  5.76806301e+03  8.37701612e-09 
 6.03990344e+03  1.18791737e-08  6.03990344e+03  8.37691560e-09 
 6.32455532e+03  1.18788648e-08  6.32455532e+03  8.37681837e-09 
 6.62262243e+03  1.18785436e-08  6.62262243e+03  8.37672416e-09 
 6.93473701e+03  1.18782082e-08  6.93473701e+03  8.37663271e-09 
 7.26156110e+03  1.18778566e-08  7.26156110e+03  8.37654376e-09 
 7.60378793e+03  1.18774863e-08  7.60378793e+03  8.37645702e-09 
 7.96214341e+03  1.18770951e-08  7.96214341e+03  8.37637224e-09 
 8.33738767e+03  1.18766801e-08  8.33738767e+03  8.37628913e-09 
 8.73031664e+03  1.18762384e-08  8.73031664e+03  8.37620742e-09 
 9.14176379e+03  1.18757670e-08  9.14176379e+03  8.37612681e-09 
 9.57260185e+03  1.18752623e-08  9.57260185e+03  8.37604701e-09 
 1.00237447e+04  1.18747206e-08  1.00237447e+04  8.37596771e-09 
 1.04961492e+04  1.18741379e-08  1.04961492e+04  8.37588859e-09 
 1.09908175e+04  1.18735097e-08  1.09908175e+04  8.37580932e-09 
 1.15087987e+04  1.18728311e-08  1.15087987e+04  8.37572954e-09 
 1.20511917e+04  1.18720969e-08  1.20511917e+04  8.37564890e-09 
 1.26191469e+04  1.18713014e-08  1.26191469e+04  8.37556699e-09 
 1.32138690e+04  1.18704382e-08  1.32138690e+04  8.37548341e-09 
 1.38366194e+04  1.18695004e-08  1.38366194e+04  8.37539772e-09 
 1.44887192e+04  1.18684806e-08  1.44887192e+04  8.37530945e-09 
 1.51715515e+04  1.18673705e-08  1.51715515e+04  8.37521810e-09 
 1.58865647e+04  1.18661612e-08  1.58865647e+04  8.37512313e-09 
 1.66352754e+04  1.18648429e-08  1.66352754e+04  8.37502397e-09 
 1.74192718e+04  1.18634048e-08  1.74192718e+04  8.37492000e-09 
 1.82402168e+04  1.18618354e-08  1.82402168e+04  8.37481054e-09 
 1.90998517e+04  1.18601217e-08  1.90998517e+04  8.37469488e-09 
 2.00000000e+04  1.18582500e-08  2.00000000e+04  8.37457223e-09 
