 2.00000000e+01  5.21263966e-08  2.00000000e+01  1.66016116e-08 
 2.04658598e+01  5.17351305e-08  2.04658598e+01  1.64767736e-08 
 2.09425710e+01  5.13498609e-08  2.09425710e+01  1.63538587e-08 
 2.14303861e+01  5.09705198e-08  2.14303861e+01  1.62328446e-08 
 2.19295639e+01  5.05970398e-08  2.19295639e+01  1.61137090e-08 
 2.24403691e+01  5.02293538e-08  2.24403691e+01  1.59964301e-08 
 2.29630724e+01  4.98673951e-08  2.29630724e+01  1.58809858e-08 
 2.34979511e+01  4.95110975e-08  2.34979511e+01  1.57673546e-08 
 2.40452887e+01  4.91603951e-08  2.40452887e+01  1.56555148e-08 
 2.46053754e+01  4.88152224e-08  2.46053754e+01  1.55454451e-08 
 2.51785082e+01  4.84755144e-08  2.51785082e+01  1.54371243e-08 
 2.57649910e+01  4.81412063e-08  2.57649910e+01  1.53305312e-08 
 2.63651348e+01  4.78122340e-08  2.63651348e+01  1.52256450e-08 
 2.69792577e+01  4.74885334e-08  2.69792577e+01  1.51224449e-08 
 2.76076853e+01  4.71700412e-08  2.76076853e+01  1.50209102e-08 
 2.82507509e+01  4.68566943e-08  2.82507509e+01  1.49210206e-08 
 2.89087954e+01  4.65484299e-08  2.89087954e+01  1.48227556e-08 
 2.95821678e+01  4.62451858e-08  2.95821678e+01  1.47260951e-08 
 3.02712250e+01  4.59469000e-08  3.02712250e+01  1.46310191e-08 
 3.09763324e+01  4.56535111e-08  3.09763324e+01  1.45375076e-08 
 3.16978638e+01  4.53649579e-08  3.16978638e+01  1.44455410e-08 
 3.24362019e+01  4.50811798e-08  3.24362019e+01  1.43550996e-08 
 3.31917381e+01  4.48021163e-08  3.31917381e+01  1.42661640e-08 
 3.39648730e+01  4.45277076e-08  3.39648730e+01  1.41787147e-08 
 3.47560166e+01  4.42578942e-08  3.47560166e+01  1.40927328e-08 
 3.55655882e+01  4.39926169e-08  3.55655882e+01  1.40081990e-08 
 3.63940172e+01  4.37318169e-08  3.63940172e+01  1.39250944e-08 
 3.72417427e+01  4.34754360e-08  3.72417427e+01  1.38434004e-08 
 3.81092144e+01  4.32234162e-08  3.81092144e+01  1.37630983e-08 
 3.89968920e+01  4.29756999e-08  3.89968920e+01  1.36841696e-08 
 3.99052463e+01  4.27322301e-08  3.99052463e+01  1.36065958e-08 
 4.08347589e+01  4.24929499e-08  4.08347589e+01  1.35303589e-08 
 4.17859226e+01  4.22578031e-08  4.17859226e+01  1.34554407e-08 
 4.27592418e+01  4.20267337e-08  4.27592418e+01  1.33818232e-08 
 4.37552325e+01  4.17996861e-08  4.37552325e+01  1.33094887e-08 
 4.47744228e+01  4.15766054e-08  4.47744228e+01  1.32384195e-08 
 4.58173531e+01  4.13574367e-08  4.58173531e+01  1.31685980e-08 
 4.68845763e+01  4.11421259e-08  4.68845763e+01  1.31000068e-08 
 4.79766584e+01  4.09306189e-08  4.79766584e+01  1.30326288e-08 
 4.90941783e+01  4.07228624e-08  4.90941783e+01  1.29664466e-08 
 5.02377286e+01  4.05188032e-08  5.02377286e+01  1.29014435e-08 
 5.14079157e+01  4.03183888e-08  5.14079157e+01  1.28376024e-08 
 5.26053598e+01  4.01215670e-08  5.26053598e+01  1.27749068e-08 
 5.38306961e+01  3.99282860e-08  5.38306961e+01  1.27133400e-08 
 5.50845741e+01  3.97384944e-08  5.50845741e+01  1.26528857e-08 
 5.63676586e+01  3.95521412e-08  5.63676586e+01  1.25935274e-08 
 5.76806301e+01  3.93691761e-08  5.76806301e+01  1.25352491e-08 
 5.90241845e+01  3.91895488e-08  5.90241845e+01  1.24780348e-08 
 6.03990344e+01  3.90132099e-08  6.03990344e+01  1.24218686e-08 
 6.18059087e+01  3.88401100e-08  6.18059087e+01  1.23667348e-08 
 6.32455532e+01  3.86702005e-08  6.32455532e+01  1.23126178e-08 
 6.47187314e+01  3.85034329e-08  6.47187314e+01  1.22595021e-08 
 6.62262243e+01  3.83397595e-08  6.62262243e+01  1.22073726e-08 
 6.77688312e+01  3.81791328e-08  6.77688312e+01  1.21562139e-08 
 6.93473701e+01  3.80215058e-08  6.93473701e+01  1.21060111e-08 
 7.09626778e+01  3.78668320e-08  7.09626778e+01  1.20567494e-08 
 7.26156110e+01  3.77150653e-08  7.26156110e+01  1.20084141e-08 
 7.43070458e+01  3.75661600e-08  7.43070458e+01  1.19609905e-08 
 7.60378793e+01  3.74200710e-08  7.60378793e+01  1.19144643e-08 
 7.78090290e+01  3.72767536e-08  7.78090290e+01  1.18688211e-08 
 7.96214341e+01  3.71361634e-08  7.96214341e+01  1.18240469e-08 
 8.14760556e+01  3.69982567e-08  8.14760556e+01  1.17801277e-08 
 8.33738767e+01  3.68629901e-08  8.33738767e+01  1.17370496e-08 
 8.53159038e+01  3.67303208e-08  8.53159038e+01  1.16947990e-08 
 8.73031664e+01  3.66002063e-08  8.73031664e+01  1.16533623e-08 
 8.93367184e+01  3.64726046e-08  8.93367184e+01  1.16127261e-08 
 9.14176379e+01  3.63474742e-08  9.14176379e+01  1.15728772e-08 
 9.35470283e+01  3.62247742e-08  9.35470283e+01  1.15338026e-08 
 9.57260185e+01  3.61044639e-08  9.57260185e+01  1.14954892e-08 
 9.79557639e+01  3.59865033e-08  9.79557639e+01  1.14579243e-08 
 1.00237447e+02  3.58708526e-08  1.00237447e+02  1.14210953e-08 
 1.02572277e+02  3.57574728e-08  1.02572277e+02  1.13849896e-08 
 1.04961492e+02  3.56463252e-08  1.04961492e+02  1.13495950e-08 
 1.07406359e+02  3.55373714e-08  1.07406359e+02  1.13148991e-08 
 1.09908175e+02  3.54305738e-08  1.09908175e+02  1.12808901e-08 
 1.12468265e+02  3.53258950e-08  1.12468265e+02  1.12475560e-08 
 1.15087987e+02  3.52232982e-08  1.15087987e+02  1.12148850e-08 
 1.17768731e+02  3.51227470e-08  1.17768731e+02  1.11828656e-08 
 1.20511917e+02  3.50242056e-08  1.20511917e+02  1.11514863e-08 
 1.23319000e+02  3.49276384e-08  1.23319000e+02  1.11207359e-08 
 1.26191469e+02  3.48330106e-08  1.26191469e+02  1.10906031e-08 
 1.29130846e+02  3.47402876e-08  1.29130846e+02  1.10610770e-08 
 1.32138690e+02  3.46494353e-08  1.32138690e+02  1.10321468e-08 
 1.35216595e+02  3.45604202e-08  1.35216595e+02  1.10038016e-08 
 1.38366194e+02  3.44732091e-08  1.38366194e+02  1.09760311e-08 
 1.41589157e+02  3.43877694e-08  1.41589157e+02  1.09488247e-08 
 1.44887192e+02  3.43040687e-08  1.44887192e+02  1.09221722e-08 
 1.48262048e+02  3.42220755e-08  1.48262048e+02  1.08960634e-08 
 1.51715515e+02  3.41417583e-08  1.51715515e+02  1.08704885e-08 
 1.55249423e+02  3.40630862e-08  1.55249423e+02  1.08454375e-08 
 1.58865647e+02  3.39860289e-08  1.58865647e+02  1.08209007e-08 
 1.62566103e+02  3.39105563e-08  1.62566103e+02  1.07968687e-08 
 1.66352754e+02  3.38366390e-08  1.66352754e+02  1.07733319e-08 
 1.70227608e+02  3.37642478e-08  1.70227608e+02  1.07502812e-08 
 1.74192718e+02  3.36933541e-08  1.74192718e+02  1.07277074e-08 
 1.78250188e+02  3.36239296e-08  1.78250188e+02  1.07056015e-08 
 1.82402168e+02  3.35559465e-08  1.82402168e+02  1.06839546e-08 
 1.86650860e+02  3.34893775e-08  1.86650860e+02  1.06627580e-08 
 1.90998517e+02  3.34241956e-08  1.90998517e+02  1.06420032e-08 
 1.95447444e+02  3.33603743e-08  1.95447444e+02  1.06216817e-08 
 2.00000000e+02  3.32978875e-08  2.00000000e+02  1.06017852e-08 
 2.04658598e+02  3.32367094e-08  2.04658598e+02  1.05823055e-08 
 2.09425710e+02  3.31768149e-08  2.09425710e+02  1.05632345e-08 
 2.14303861e+02  3.31181790e-08  2.14303861e+02  1.05445643e-08 
 2.19295639e+02  3.30607772e-08  2.19295639e+02  1.05262872e-08 
 2.24403691e+02  3.30045856e-08  2.24403691e+02  1.05083954e-08 
 2.29630724e+02  3.29495803e-08  2.29630724e+02  1.04908814e-08 
 2.34979511e+02  3.28957381e-08  2.34979511e+02  1.04737378e-08 
 2.40452887e+02  3.28430362e-08  2.40452887e+02  1.04569573e-08 
 2.46053754e+02  3.27914519e-08  2.46053754e+02  1.04405328e-08 
 2.51785082e+02  3.27409633e-08  2.51785082e+02  1.04244572e-08 
 2.57649910e+02  3.26915484e-08  2.57649910e+02  1.04087235e-08 
 2.63651348e+02  3.26431860e-08  2.63651348e+02  1.03933250e-08 
 2.69792577e+02  3.25958550e-08  2.69792577e+02  1.03782549e-08 
 2.76076853e+02  3.25495348e-08  2.76076853e+02  1.03635067e-08 
 2.82507509e+02  3.25042051e-08  2.82507509e+02  1.03490740e-08 
 2.89087954e+02  3.24598459e-08  2.89087954e+02  1.03349503e-08 
 2.95821678e+02  3.24164377e-08  2.95821678e+02  1.03211294e-08 
 3.02712250e+02  3.23739612e-08  3.02712250e+02  1.03076053e-08 
 3.09763324e+02  3.23323975e-08  3.09763324e+02  1.02943719e-08 
 3.16978638e+02  3.22917281e-08  3.16978638e+02  1.02814232e-08 
 3.24362019e+02  3.22519348e-08  3.24362019e+02  1.02687536e-08 
 3.31917381e+02  3.22129996e-08  3.31917381e+02  1.02563572e-08 
 3.39648730e+02  3.21749049e-08  3.39648730e+02  1.02442286e-08 
 3.47560166e+02  3.21376336e-08  3.47560166e+02  1.02323621e-08 
 3.55655882e+02  3.21011687e-08  3.55655882e+02  1.02207525e-08 
 3.63940172e+02  3.20654936e-08  3.63940172e+02  1.02093943e-08 
 3.72417427e+02  3.20305920e-08  3.72417427e+02  1.01982826e-08 
 3.81092144e+02  3.19964478e-08  3.81092144e+02  1.01874120e-08 
 3.89968920e+02  3.19630454e-08  3.89968920e+02  1.01767777e-08 
 3.99052463e+02  3.19303694e-08  3.99052463e+02  1.01663747e-08 
 4.08347589e+02  3.18984045e-08  4.08347589e+02  1.01561983e-08 
 4.17859226e+02  3.18671360e-08  4.17859226e+02  1.01462436e-08 
 4.27592418e+02  3.18365494e-08  4.27592418e+02  1.01365061e-08 
 4.37552325e+02  3.18066303e-08  4.37552325e+02  1.01269812e-08 
 4.47744228e+02  3.17773647e-08  4.47744228e+02  1.01176645e-08 
 4.58173531e+02  3.17487389e-08  4.58173531e+02  1.01085515e-08 
 4.68845763e+02  3.17207394e-08  4.68845763e+02  1.00996381e-08 
 4.79766584e+02  3.16933531e-08  4.79766584e+02  1.00909199e-08 
 4.90941783e+02  3.16665669e-08  4.90941783e+02  1.00823929e-08 
 5.02377286e+02  3.16403681e-08  5.02377286e+02  1.00740531e-08 
 5.14079157e+02  3.16147444e-08  5.14079157e+02  1.00658964e-08 
 5.26053598e+02  3.15896834e-08  5.26053598e+02  1.00579190e-08 
 5.38306961e+02  3.15651733e-08  5.38306961e+02  1.00501171e-08 
 5.50845741e+02  3.15412022e-08  5.50845741e+02  1.00424870e-08 
 5.63676586e+02  3.15177587e-08  5.63676586e+02  1.00350249e-08 
 5.76806301e+02  3.14948315e-08  5.76806301e+02  1.00277273e-08 
 5.90241845e+02  3.14724095e-08  5.90241845e+02  1.00205907e-08 
 6.03990344e+02  3.14504820e-08  6.03990344e+02  1.00136116e-08 
 6.18059087e+02  3.14290382e-08  6.18059087e+02  1.00067867e-08 
 6.32455532e+02  3.14080679e-08  6.32455532e+02  1.00001127e-08 
 6.47187314e+02  3.13875607e-08  6.47187314e+02  9.99358631e-09 
 6.62262243e+02  3.13675067e-08  6.62262243e+02  9.98720434e-09 
 6.77688312e+02  3.13478962e-08  6.77688312e+02  9.98096371e-09 
 6.93473701e+02  3.13287195e-08  6.93473701e+02  9.97486137e-09 
 7.09626778e+02  3.13099672e-08  7.09626778e+02  9.96889433e-09 
 7.26156110e+02  3.12916301e-08  7.26156110e+02  9.96305967e-09 
 7.43070458e+02  3.12736993e-08  7.43070458e+02  9.95735453e-09 
 7.60378793e+02  3.12561658e-08  7.60378793e+02  9.95177610e-09 
 7.78090290e+02  3.12390210e-08  7.78090290e+02  9.94632163e-09 
 7.96214341e+02  3.12222565e-08  7.96214341e+02  9.94098844e-09 
 8.14760556e+02  3.12058639e-08  8.14760556e+02  9.93577388e-09 
 8.33738767e+02  3.11898351e-08  8.33738767e+02  9.93067539e-09 
 8.53159038e+02  3.11741622e-08  8.53159038e+02  9.92569042e-09 
 8.73031664e+02  3.11588373e-08  8.73031664e+02  9.92081652e-09 
 8.93367184e+02  3.11438527e-08  8.93367184e+02  9.91605125e-09 
 9.14176379e+02  3.11292011e-08  9.14176379e+02  9.91139224e-09 
 9.35470283e+02  3.11148750e-08  9.35470283e+02  9.90683718e-09 
 9.57260185e+02  3.11008673e-08  9.57260185e+02  9.90238379e-09 
 9.79557639e+02  3.10871710e-08  9.79557639e+02  9.89802984e-09 
 1.00237447e+03  3.10737791e-08  1.00237447e+03  9.89377315e-09 
 1.02572277e+03  3.10606849e-08  1.02572277e+03  9.88961159e-09 
 1.04961492e+03  3.10478819e-08  1.04961492e+03  9.88554308e-09 
 1.07406359e+03  3.10353634e-08  1.07406359e+03  9.88156557e-09 
 1.09908175e+03  3.10231233e-08  1.09908175e+03  9.87767706e-09 
 1.12468265e+03  3.10111553e-08  1.12468265e+03  9.87387559e-09 
 1.15087987e+03  3.09994533e-08  1.15087987e+03  9.87015925e-09 
 1.17768731e+03  3.09880114e-08  1.17768731e+03  9.86652616e-09 
 1.20511917e+03  3.09768237e-08  1.20511917e+03  9.86297449e-09 
 1.23319000e+03  3.09658846e-08  1.23319000e+03  9.85950243e-09 
 1.26191469e+03  3.09551883e-08  1.26191469e+03  9.85610824e-09 
 1.29130846e+03  3.09447296e-08  1.29130846e+03  9.85279019e-09 
 1.32138690e+03  3.09345029e-08  1.32138690e+03  9.84954660e-09 
 1.35216595e+03  3.09245031e-08  1.35216595e+03  9.84637583e-09 
 1.38366194e+03  3.09147249e-08  1.38366194e+03  9.84327625e-09 
 1.41589157e+03  3.09051634e-08  1.41589157e+03  9.84024630e-09 
 1.44887192e+03  3.08958136e-08  1.44887192e+03  9.83728443e-09 
 1.48262048e+03  3.08866707e-08  1.48262048e+03  9.83438913e-09 
 1.51715515e+03  3.08777299e-08  1.51715515e+03  9.83155893e-09 
 1.55249423e+03  3.08689866e-08  1.55249423e+03  9.82879238e-09 
 1.58865647e+03  3.08604362e-08  1.58865647e+03  9.82608807e-09 
 1.62566103e+03  3.08520742e-08  1.62566103e+03  9.82344461e-09 
 1.66352754e+03  3.08438964e-08  1.66352754e+03  9.82086066e-09 
 1.70227608e+03  3.08358984e-08  1.70227608e+03  9.81833488e-09 
 1.74192718e+03  3.08280759e-08  1.74192718e+03  9.81586599e-09 
 1.78250188e+03  3.08204249e-08  1.78250188e+03  9.81345271e-09 
 1.82402168e+03  3.08129414e-08  1.82402168e+03  9.81109382e-09 
 1.86650860e+03  3.08056213e-08  1.86650860e+03  9.80878809e-09 
 1.90998517e+03  3.07984609e-08  1.90998517e+03  9.80653435e-09 
 1.95447444e+03  3.07914562e-08  1.95447444e+03  9.80433143e-09 
 2.00000000e+03  3.07846035e-08  2.00000000e+03  9.80217821e-09 
 2.04658598e+03  3.07778992e-08  2.04658598e+03  9.80007356e-09 
 2.09425710e+03  3.07713396e-08  2.09425710e+03  9.79801641e-09 
 2.14303861e+03  3.07649213e-08  2.14303861e+03  9.79600570e-09 
 2.19295639e+03  3.07586407e-08  2.19295639e+03  9.79404039e-09 
 2.24403691e+03  3.07524944e-08  2.24403691e+03  9.79211946e-09 
 2.29630724e+03  3.07464791e-08  2.29630724e+03  9.79024193e-09 
 2.34979511e+03  3.07405915e-08  2.34979511e+03  9.78840682e-09 
 2.40452887e+03  3.07348283e-08  2.40452887e+03  9.78661319e-09 
 2.46053754e+03  3.07291863e-08  2.46053754e+03  9.78486010e-09 
 2.51785082e+03  3.07236625e-08  2.51785082e+03  9.78314665e-09 
 2.57649910e+03  3.07182537e-08  2.57649910e+03  9.78147196e-09 
 2.63651348e+03  3.07129568e-08  2.63651348e+03  9.77983515e-09 
 2.69792577e+03  3.07077690e-08  2.69792577e+03  9.77823538e-09 
 2.76076853e+03  3.07026872e-08  2.76076853e+03  9.77667182e-09 
 2.82507509e+03  3.06977085e-08  2.82507509e+03  9.77514366e-09 
 2.89087954e+03  3.06928302e-08  2.89087954e+03  9.77365010e-09 
 2.95821678e+03  3.06880492e-08  2.95821678e+03  9.77219037e-09 
 3.02712250e+03  3.06833629e-08  3.02712250e+03  9.77076371e-09 
 3.09763324e+03  3.06787684e-08  3.09763324e+03  9.76936938e-09 
 3.16978638e+03  3.06742632e-08  3.16978638e+03  9.76800666e-09 
 3.24362019e+03  3.06698443e-08  3.24362019e+03  9.76667484e-09 
 3.31917381e+03  3.06655093e-08  3.31917381e+03  9.76537323e-09 
 3.39648730e+03  3.06612553e-08  3.39648730e+03  9.76410115e-09 
 3.47560166e+03  3.06570799e-08  3.47560166e+03  9.76285794e-09 
 3.55655882e+03  3.06529804e-08  3.55655882e+03  9.76164295e-09 
 3.63940172e+03  3.06489542e-08  3.63940172e+03  9.76045555e-09 
 3.72417427e+03  3.06449988e-08  3.72417427e+03  9.75929512e-09 
 3.81092144e+03  3.06411116e-08  3.81092144e+03  9.75816106e-09 
 3.89968920e+03  3.06372900e-08  3.89968920e+03  9.75705278e-09 
 3.99052463e+03  3.06335316e-08  3.99052463e+03  9.75596970e-09 
 4.08347589e+03  3.06298338e-08  4.08347589e+03  9.75491126e-09 
 4.17859226e+03  3.06261940e-08  4.17859226e+03  9.75387691e-09 
 4.27592418e+03  3.06226098e-08  4.27592418e+03  9.75286611e-09 
 4.37552325e+03  3.06190787e-08  4.37552325e+03  9.75187833e-09 
 4.47744228e+03  3.06155981e-08  4.47744228e+03  9.75091306e-09 
 4.58173531e+03  3.06121656e-08  4.58173531e+03  9.74996980e-09 
 4.68845763e+03  3.06087785e-08  4.68845763e+03  9.74904805e-09 
 4.79766584e+03  3.06054343e-08  4.79766584e+03  9.74814734e-09 
 4.90941783e+03  3.06021305e-08  4.90941783e+03  9.74726719e-09 
 5.02377286e+03  3.05988645e-08  5.02377286e+03  9.74640716e-09 
 5.14079157e+03  3.05956337e-08  5.14079157e+03  9.74556679e-09 
 5.26053598e+03  3.05924354e-08  5.26053598e+03  9.74474565e-09 
 5.38306961e+03  3.05892671e-08  5.38306961e+03  9.74394331e-09 
 5.50845741e+03  3.05861261e-08  5.50845741e+03  9.74315935e-09 
 5.63676586e+03  3.05830096e-08  5.63676586e+03  9.74239336e-09 
 5.76806301e+03  3.05799149e-08  5.76806301e+03  9.74164496e-09 
 5.90241845e+03  3.05768392e-08  5.90241845e+03  9.74091374e-09 
 6.03990344e+03  3.05737797e-08  6.03990344e+03  9.74019934e-09 
 6.18059087e+03  3.05707335e-08  6.18059087e+03  9.73950138e-09 
 6.32455532e+03  3.05676977e-08  6.32455532e+03  9.73881950e-09 
 6.47187314e+03  3.05646693e-08  6.47187314e+03  9.73815335e-09 
 6.62262243e+03  3.05616451e-08  6.62262243e+03  9.73750259e-09 
 6.77688312e+03  3.05586222e-08  6.77688312e+03  9.73686687e-09 
 6.93473701e+03  3.05555973e-08  6.93473701e+03  9.73624587e-09 
 7.09626778e+03  3.05525672e-08  7.09626778e+03  9.73563928e-09 
 7.26156110e+03  3.05495284e-08  7.26156110e+03  9.73504678e-09 
 7.43070458e+03  3.05464777e-08  7.43070458e+03  9.73446806e-09 
 7.60378793e+03  3.05434114e-08  7.60378793e+03  9.73390283e-09 
 7.78090290e+03  3.05403259e-08  7.78090290e+03  9.73335081e-09 
 7.96214341e+03  3.05372176e-08  7.96214341e+03  9.73281170e-09 
 8.14760556e+03  3.05340825e-08  8.14760556e+03  9.73228524e-09 
 8.33738767e+03  3.05309168e-08  8.33738767e+03  9.73177115e-09 
 8.53159038e+03  3.05277163e-08  8.53159038e+03  9.73126918e-09 
 8.73031664e+03  3.05244769e-08  8.73031664e+03  9.73077908e-09 
 8.93367184e+03  3.05211941e-08  8.93367184e+03  9.73030059e-09 
 9.14176379e+03  3.05178637e-08  9.14176379e+03  9.72983347e-09 
 9.35470283e+03  3.05144808e-08  9.35470283e+03  9.72937749e-09 
 9.57260185e+03  3.05110407e-08  9.57260185e+03  9.72893243e-09 
 9.79557639e+03  3.05075385e-08  9.79557639e+03  9.72849806e-09 
 1.00237447e+04  3.05039689e-08  1.00237447e+04  9.72807417e-09 
 1.02572277e+04  3.05003267e-08  1.02572277e+04  9.72766054e-09 
 1.04961492e+04  3.04966063e-08  1.04961492e+04  9.72725698e-09 
 1.07406359e+04  3.04928021e-08  1.07406359e+04  9.72686329e-09 
 1.09908175e+04  3.04889080e-08  1.09908175e+04  9.72647928e-09 
 1.12468265e+04  3.04849179e-08  1.12468265e+04  9.72610476e-09 
 1.15087987e+04  3.04808253e-08  1.15087987e+04  9.72573955e-09 
 1.17768731e+04  3.04766236e-08  1.17768731e+04  9.72538348e-09 
 1.20511917e+04  3.04723058e-08  1.20511917e+04  9.72503638e-09 
 1.23319000e+04  3.04678649e-08  1.23319000e+04  9.72469810e-09 
 1.26191469e+04  3.04632931e-08  1.26191469e+04  9.72436847e-09 
 1.29130846e+04  3.04585829e-08  1.29130846e+04  9.72404733e-09 
 1.32138690e+04  3.04537260e-08  1.32138690e+04  9.72373456e-09 
 1.35216595e+04  3.04487139e-08  1.35216595e+04  9.72343001e-09 
 1.38366194e+04  3.04435380e-08  1.38366194e+04  9.72313353e-09 
 1.41589157e+04  3.04381891e-08  1.41589157e+04  9.72284502e-09 
 1.44887192e+04  3.04326576e-08  1.44887192e+04  9.72256433e-09 
 1.48262048e+04  3.04269336e-08  1.48262048e+04  9.72229135e-09 
 1.51715515e+04  3.04210067e-08  1.51715515e+04  9.72202598e-09 
 1.55249423e+04  3.04148663e-08  1.55249423e+04  9.72176810e-09 
 1.58865647e+04  3.04085010e-08  1.58865647e+04  9.72151761e-09 
 1.62566103e+04  3.04018992e-08  1.62566103e+04  9.72127442e-09 
 1.66352754e+04  3.03950486e-08  1.66352754e+04  9.72103844e-09 
 1.70227608e+04  3.03879367e-08  1.70227608e+04  9.72080958e-09 
 1.74192718e+04  3.03805501e-08  1.74192718e+04  9.72058776e-09 
 1.78250188e+04  3.03728750e-08  1.78250188e+04  9.72037291e-09 
 1.82402168e+04  3.03648972e-08  1.82402168e+04  9.72016496e-09 
 1.86650860e+04  3.03566015e-08  1.86650860e+04  9.71996385e-09 
 1.90998517e+04  3.03479725e-08  1.90998517e+04  9.71976953e-09 
 1.95447444e+04  3.03389938e-08  1.95447444e+04  9.71958194e-09 
 2.00000000e+04  3.03296485e-08  2.00000000e+04  9.71940105e-09 
