 1.00000000e+00  7.88470324e+01  1.00000000e+00  1.79175245e+02 
 1.02329299e+00  7.88464210e+01  1.02329299e+00  1.79157218e+02 
 1.04712855e+00  7.88457855e+01  1.04712855e+00  1.79138846e+02 
 1.07151931e+00  7.88451252e+01  1.07151931e+00  1.79120126e+02 
 1.09647820e+00  7.88444393e+01  1.09647820e+00  1.79101054e+02 
 1.12201845e+00  7.88437272e+01  1.12201845e+00  1.79081626e+02 
 1.14815362e+00  7.88429881e+01  1.14815362e+00  1.79061840e+02 
 1.17489755e+00  7.88422212e+01  1.17489755e+00  1.79041691e+02 
 1.20226443e+00  7.88414258e+01  1.20226443e+00  1.79021177e+02 
 1.23026877e+00  7.88406011e+01  1.23026877e+00  1.79000295e+02 
 1.25892541e+00  7.88397465e+01  1.25892541e+00  1.78979042e+02 
 1.28824955e+00  7.88388613e+01  1.28824955e+00  1.78957415e+02 
 1.31825674e+00  7.88379447e+01  1.31825674e+00  1.78935412e+02 
 1.34896288e+00  7.88369960e+01  1.34896288e+00  1.78913031e+02 
 1.38038426e+00  7.88360147e+01  1.38038426e+00  1.78890269e+02 
 1.41253754e+00  7.88350000e+01  1.41253754e+00  1.78867124e+02 
 1.44543977e+00  7.88339514e+01  1.44543977e+00  1.78843595e+02 
 1.47910839e+00  7.88328684e+01  1.47910839e+00  1.78819680e+02 
 1.51356125e+00  7.88317503e+01  1.51356125e+00  1.78795376e+02 
 1.54881662e+00  7.88305967e+01  1.54881662e+00  1.78770684e+02 
 1.58489319e+00  7.88294071e+01  1.58489319e+00  1.78745600e+02 
 1.62181010e+00  7.88281811e+01  1.62181010e+00  1.78720125e+02 
 1.65958691e+00  7.88269185e+01  1.65958691e+00  1.78694256e+02 
 1.69824365e+00  7.88256188e+01  1.69824365e+00  1.78667992e+02 
 1.73780083e+00  7.88242820e+01  1.73780083e+00  1.78641333e+02 
 1.77827941e+00  7.88229077e+01  1.77827941e+00  1.78614277e+02 
 1.81970086e+00  7.88214959e+01  1.81970086e+00  1.78586823e+02 
 1.86208714e+00  7.88200466e+01  1.86208714e+00  1.78558970e+02 
 1.90546072e+00  7.88185599e+01  1.90546072e+00  1.78530717e+02 
 1.94984460e+00  7.88170358e+01  1.94984460e+00  1.78502062e+02 
 1.99526231e+00  7.88154746e+01  1.99526231e+00  1.78473004e+02 
 2.04173794e+00  7.88138766e+01  2.04173794e+00  1.78443540e+02 
 2.08929613e+00  7.88122422e+01  2.08929613e+00  1.78413670e+02 
 2.13796209e+00  7.88105719e+01  2.13796209e+00  1.78383391e+02 
 2.18776162e+00  7.88088662e+01  2.18776162e+00  1.78352700e+02 
 2.23872114e+00  7.88071258e+01  2.23872114e+00  1.78321594e+02 
 2.29086765e+00  7.88053515e+01  2.29086765e+00  1.78290069e+02 
 2.34422882e+00  7.88035441e+01  2.34422882e+00  1.78258123e+02 
 2.39883292e+00  7.88017046e+01  2.39883292e+00  1.78225749e+02 
 2.45470892e+00  7.87998340e+01  2.45470892e+00  1.78192944e+02 
 2.51188643e+00  7.87979334e+01  2.51188643e+00  1.78159701e+02 
 2.57039578e+00  7.87960040e+01  2.57039578e+00  1.78126014e+02 
 2.63026799e+00  7.87940473e+01  2.63026799e+00  1.78091876e+02 
 2.69153480e+00  7.87920644e+01  2.69153480e+00  1.78057278e+02 
 2.75422870e+00  7.87900569e+01  2.75422870e+00  1.78022211e+02 
 2.81838293e+00  7.87880264e+01  2.81838293e+00  1.77986666e+02 
 2.88403150e+00  7.87859743e+01  2.88403150e+00  1.77950630e+02 
 2.95120923e+00  7.87839024e+01  2.95120923e+00  1.77914094e+02 
 3.01995172e+00  7.87818123e+01  3.01995172e+00  1.77877042e+02 
 3.09029543e+00  7.87797058e+01  3.09029543e+00  1.77839461e+02 
 3.16227766e+00  7.87775846e+01  3.16227766e+00  1.77801335e+02 
 3.23593657e+00  7.87754505e+01  3.23593657e+00  1.77762648e+02 
 3.31131121e+00  7.87733053e+01  3.31131121e+00  1.77723382e+02 
 3.38844156e+00  7.87711509e+01  3.38844156e+00  1.77683517e+02 
 3.46736850e+00  7.87689891e+01  3.46736850e+00  1.77643033e+02 
 3.54813389e+00  7.87668216e+01  3.54813389e+00  1.77601909e+02 
 3.63078055e+00  7.87646502e+01  3.63078055e+00  1.77560121e+02 
 3.71535229e+00  7.87624767e+01  3.71535229e+00  1.77517644e+02 
 3.80189396e+00  7.87603028e+01  3.80189396e+00  1.77474454e+02 
 3.89045145e+00  7.87581301e+01  3.89045145e+00  1.77430522e+02 
 3.98107171e+00  7.87559601e+01  3.98107171e+00  1.77385821e+02 
 4.07380278e+00  7.87537945e+01  4.07380278e+00  1.77340321e+02 
 4.16869383e+00  7.87516347e+01  4.16869383e+00  1.77293992e+02 
 4.26579519e+00  7.87494819e+01  4.26579519e+00  1.77246800e+02 
 4.36515832e+00  7.87473376e+01  4.36515832e+00  1.77198713e+02 
 4.46683592e+00  7.87452027e+01  4.46683592e+00  1.77149695e+02 
 4.57088190e+00  7.87430784e+01  4.57088190e+00  1.77099712e+02 
 4.67735141e+00  7.87409656e+01  4.67735141e+00  1.77048727e+02 
 4.78630092e+00  7.87388651e+01  4.78630092e+00  1.76996700e+02 
 4.89778819e+00  7.87367776e+01  4.89778819e+00  1.76943593e+02 
 5.01187234e+00  7.87347036e+01  5.01187234e+00  1.76889367e+02 
 5.12861384e+00  7.87326436e+01  5.12861384e+00  1.76833979e+02 
 5.24807460e+00  7.87305979e+01  5.24807460e+00  1.76777388e+02 
 5.37031796e+00  7.87285667e+01  5.37031796e+00  1.76719550e+02 
 5.49540874e+00  7.87265499e+01  5.49540874e+00  1.76660422e+02 
 5.62341325e+00  7.87245474e+01  5.62341325e+00  1.76599959e+02 
 5.75439937e+00  7.87225590e+01  5.75439937e+00  1.76538114e+02 
 5.88843655e+00  7.87205842e+01  5.88843655e+00  1.76474842e+02 
 6.02559586e+00  7.87186226e+01  6.02559586e+00  1.76410095e+02 
 6.16595002e+00  7.87166733e+01  6.16595002e+00  1.76343824e+02 
 6.30957344e+00  7.87147356e+01  6.30957344e+00  1.76275981e+02 
 6.45654229e+00  7.87128085e+01  6.45654229e+00  1.76206517e+02 
 6.60693448e+00  7.87108909e+01  6.60693448e+00  1.76135380e+02 
 6.76082975e+00  7.87089815e+01  6.76082975e+00  1.76062519e+02 
 6.91830971e+00  7.87070788e+01  6.91830971e+00  1.75987883e+02 
 7.07945784e+00  7.87051814e+01  7.07945784e+00  1.75911419e+02 
 7.24435960e+00  7.87032876e+01  7.24435960e+00  1.75833074e+02 
 7.41310241e+00  7.87013955e+01  7.41310241e+00  1.75752793e+02 
 7.58577575e+00  7.86995033e+01  7.58577575e+00  1.75670522e+02 
 7.76247117e+00  7.86976087e+01  7.76247117e+00  1.75586205e+02 
 7.94328235e+00  7.86957096e+01  7.94328235e+00  1.75499786e+02 
 8.12830516e+00  7.86938035e+01  8.12830516e+00  1.75411208e+02 
 8.31763771e+00  7.86918880e+01  8.31763771e+00  1.75320413e+02 
 8.51138038e+00  7.86899605e+01  8.51138038e+00  1.75227342e+02 
 8.70963590e+00  7.86880180e+01  8.70963590e+00  1.75131936e+02 
 8.91250938e+00  7.86860577e+01  8.91250938e+00  1.75034136e+02 
 9.12010839e+00  7.86840766e+01  9.12010839e+00  1.74933879e+02 
 9.33254301e+00  7.86820712e+01  9.33254301e+00  1.74831104e+02 
 9.54992586e+00  7.86800383e+01  9.54992586e+00  1.74725748e+02 
 9.77237221e+00  7.86779744e+01  9.77237221e+00  1.74617747e+02 
 1.00000000e+01  7.86758757e+01  1.00000000e+01  1.74507036e+02 
 1.02329299e+01  7.86737383e+01  1.02329299e+01  1.74393551e+02 
 1.04712855e+01  7.86715582e+01  1.04712855e+01  1.74277224e+02 
 1.07151931e+01  7.86693313e+01  1.07151931e+01  1.74157987e+02 
 1.09647820e+01  7.86670530e+01  1.09647820e+01  1.74035773e+02 
 1.12201845e+01  7.86647189e+01  1.12201845e+01  1.73910511e+02 
 1.14815362e+01  7.86623242e+01  1.14815362e+01  1.73782130e+02 
 1.17489755e+01  7.86598638e+01  1.17489755e+01  1.73650559e+02 
 1.20226443e+01  7.86573326e+01  1.20226443e+01  1.73515725e+02 
 1.23026877e+01  7.86547252e+01  1.23026877e+01  1.73377554e+02 
 1.25892541e+01  7.86520360e+01  1.25892541e+01  1.73235970e+02 
 1.28824955e+01  7.86492590e+01  1.28824955e+01  1.73090898e+02 
 1.31825674e+01  7.86463881e+01  1.31825674e+01  1.72942259e+02 
 1.34896288e+01  7.86434170e+01  1.34896288e+01  1.72789975e+02 
 1.38038426e+01  7.86403390e+01  1.38038426e+01  1.72633967e+02 
 1.41253754e+01  7.86371472e+01  1.41253754e+01  1.72474153e+02 
 1.44543977e+01  7.86338343e+01  1.44543977e+01  1.72310452e+02 
 1.47910839e+01  7.86303928e+01  1.47910839e+01  1.72142779e+02 
 1.51356125e+01  7.86268148e+01  1.51356125e+01  1.71971052e+02 
 1.54881662e+01  7.86230921e+01  1.54881662e+01  1.71795184e+02 
 1.58489319e+01  7.86192163e+01  1.58489319e+01  1.71615088e+02 
 1.62181010e+01  7.86151784e+01  1.62181010e+01  1.71430678e+02 
 1.65958691e+01  7.86109691e+01  1.65958691e+01  1.71241865e+02 
 1.69824365e+01  7.86065787e+01  1.69824365e+01  1.71048559e+02 
 1.73780083e+01  7.86019973e+01  1.73780083e+01  1.70850670e+02 
 1.77827941e+01  7.85972142e+01  1.77827941e+01  1.70648105e+02 
 1.81970086e+01  7.85922187e+01  1.81970086e+01  1.70440774e+02 
 1.86208714e+01  7.85869993e+01  1.86208714e+01  1.70228582e+02 
 1.90546072e+01  7.85815442e+01  1.90546072e+01  1.70011435e+02 
 1.94984460e+01  7.85758411e+01  1.94984460e+01  1.69789241e+02 
 1.99526231e+01  7.85698772e+01  1.99526231e+01  1.69561902e+02 
 2.04173794e+01  7.85636391e+01  2.04173794e+01  1.69329324e+02 
 2.08929613e+01  7.85571131e+01  2.08929613e+01  1.69091411e+02 
 2.13796209e+01  7.85502847e+01  2.13796209e+01  1.68848066e+02 
 2.18776162e+01  7.85431390e+01  2.18776162e+01  1.68599193e+02 
 2.23872114e+01  7.85356605e+01  2.23872114e+01  1.68344694e+02 
 2.29086765e+01  7.85278331e+01  2.29086765e+01  1.68084475e+02 
 2.34422882e+01  7.85196400e+01  2.34422882e+01  1.67818436e+02 
 2.39883292e+01  7.85110640e+01  2.39883292e+01  1.67546484e+02 
 2.45470892e+01  7.85020870e+01  2.45470892e+01  1.67268520e+02 
 2.51188643e+01  7.84926905e+01  2.51188643e+01  1.66984451e+02 
 2.57039578e+01  7.84828553e+01  2.57039578e+01  1.66694181e+02 
 2.63026799e+01  7.84725613e+01  2.63026799e+01  1.66397617e+02 
 2.69153480e+01  7.84617880e+01  2.69153480e+01  1.66094666e+02 
 2.75422870e+01  7.84505140e+01  2.75422870e+01  1.65785235e+02 
 2.81838293e+01  7.84387172e+01  2.81838293e+01  1.65469236e+02 
 2.88403150e+01  7.84263750e+01  2.88403150e+01  1.65146579e+02 
 2.95120923e+01  7.84134638e+01  2.95120923e+01  1.64817177e+02 
 3.01995172e+01  7.83999594e+01  3.01995172e+01  1.64480946e+02 
 3.09029543e+01  7.83858367e+01  3.09029543e+01  1.64137803e+02 
 3.16227766e+01  7.83710701e+01  3.16227766e+01  1.63787668e+02 
 3.23593657e+01  7.83556330e+01  3.23593657e+01  1.63430463e+02 
 3.31131121e+01  7.83394982e+01  3.31131121e+01  1.63066115e+02 
 3.38844156e+01  7.83226375e+01  3.38844156e+01  1.62694551e+02 
 3.46736850e+01  7.83050221e+01  3.46736850e+01  1.62315706e+02 
 3.54813389e+01  7.82866224e+01  3.54813389e+01  1.61929514e+02 
 3.63078055e+01  7.82674080e+01  3.63078055e+01  1.61535916e+02 
 3.71535229e+01  7.82473478e+01  3.71535229e+01  1.61134858e+02 
 3.80189396e+01  7.82264098e+01  3.80189396e+01  1.60726288e+02 
 3.89045145e+01  7.82045613e+01  3.89045145e+01  1.60310162e+02 
 3.98107171e+01  7.81817690e+01  3.98107171e+01  1.59886439e+02 
 4.07380278e+01  7.81579985e+01  4.07380278e+01  1.59455087e+02 
 4.16869383e+01  7.81332151e+01  4.16869383e+01  1.59016076e+02 
 4.26579519e+01  7.81073833e+01  4.26579519e+01  1.58569386e+02 
 4.36515832e+01  7.80804666e+01  4.36515832e+01  1.58115002e+02 
 4.46683592e+01  7.80524284e+01  4.46683592e+01  1.57652917e+02 
 4.57088190e+01  7.80232310e+01  4.57088190e+01  1.57183132e+02 
 4.67735141e+01  7.79928365e+01  4.67735141e+01  1.56705654e+02 
 4.78630092e+01  7.79612063e+01  4.78630092e+01  1.56220502e+02 
 4.89778819e+01  7.79283013e+01  4.89778819e+01  1.55727699e+02 
 5.01187234e+01  7.78940819e+01  5.01187234e+01  1.55227283e+02 
 5.12861384e+01  7.78585084e+01  5.12861384e+01  1.54719295e+02 
 5.24807460e+01  7.78215405e+01  5.24807460e+01  1.54203792e+02 
 5.37031796e+01  7.77831377e+01  5.37031796e+01  1.53680836e+02 
 5.49540874e+01  7.77432595e+01  5.49540874e+01  1.53150503e+02 
 5.62341325e+01  7.77018650e+01  5.62341325e+01  1.52612878e+02 
 5.75439937e+01  7.76589134e+01  5.75439937e+01  1.52068057e+02 
 5.88843655e+01  7.76143640e+01  5.88843655e+01  1.51516150e+02 
 6.02559586e+01  7.75681762e+01  6.02559586e+01  1.50957274e+02 
 6.16595002e+01  7.75203096e+01  6.16595002e+01  1.50391562e+02 
 6.30957344e+01  7.74707242e+01  6.30957344e+01  1.49819157e+02 
 6.45654229e+01  7.74193802e+01  6.45654229e+01  1.49240213e+02 
 6.60693448e+01  7.73662387e+01  6.60693448e+01  1.48654897e+02 
 6.76082975e+01  7.73112611e+01  6.76082975e+01  1.48063390e+02 
 6.91830971e+01  7.72544097e+01  6.91830971e+01  1.47465881e+02 
 7.07945784e+01  7.71956477e+01  7.07945784e+01  1.46862576e+02 
 7.24435960e+01  7.71349392e+01  7.24435960e+01  1.46253689e+02 
 7.41310241e+01  7.70722492e+01  7.41310241e+01  1.45639447e+02 
 7.58577575e+01  7.70075443e+01  7.58577575e+01  1.45020089e+02 
 7.76247117e+01  7.69407921e+01  7.76247117e+01  1.44395865e+02 
 7.94328235e+01  7.68719617e+01  7.94328235e+01  1.43767036e+02 
 8.12830516e+01  7.68010238e+01  8.12830516e+01  1.43133873e+02 
 8.31763771e+01  7.67279505e+01  8.31763771e+01  1.42496658e+02 
 8.51138038e+01  7.66527159e+01  8.51138038e+01  1.41855682e+02 
 8.70963590e+01  7.65752958e+01  8.70963590e+01  1.41211244e+02 
 8.91250938e+01  7.64956680e+01  8.91250938e+01  1.40563655e+02 
 9.12010839e+01  7.64138123e+01  9.12010839e+01  1.39913229e+02 
 9.33254301e+01  7.63297106e+01  9.33254301e+01  1.39260291e+02 
 9.54992586e+01  7.62433468e+01  9.54992586e+01  1.38605170e+02 
 9.77237221e+01  7.61547073e+01  9.77237221e+01  1.37948202e+02 
 1.00000000e+02  7.60637807e+01  1.00000000e+02  1.37289726e+02 
 1.02329299e+02  7.59705578e+01  1.02329299e+02  1.36630086e+02 
 1.04712855e+02  7.58750320e+01  1.04712855e+02  1.35969630e+02 
 1.07151931e+02  7.57771989e+01  1.07151931e+02  1.35308706e+02 
 1.09647820e+02  7.56770566e+01  1.09647820e+02  1.34647665e+02 
 1.12201845e+02  7.55746059e+01  1.12201845e+02  1.33986856e+02 
 1.14815362e+02  7.54698495e+01  1.14815362e+02  1.33326630e+02 
 1.17489755e+02  7.53627930e+01  1.17489755e+02  1.32667334e+02 
 1.20226443e+02  7.52534442e+01  1.20226443e+02  1.32009315e+02 
 1.23026877e+02  7.51418132e+01  1.23026877e+02  1.31352914e+02 
 1.25892541e+02  7.50279125e+01  1.25892541e+02  1.30698470e+02 
 1.28824955e+02  7.49117570e+01  1.28824955e+02  1.30046315e+02 
 1.31825674e+02  7.47933636e+01  1.31825674e+02  1.29396777e+02 
 1.34896288e+02  7.46727515e+01  1.34896288e+02  1.28750176e+02 
 1.38038426e+02  7.45499419e+01  1.38038426e+02  1.28106824e+02 
 1.41253754e+02  7.44249579e+01  1.41253754e+02  1.27467027e+02 
 1.44543977e+02  7.42978248e+01  1.44543977e+02  1.26831080e+02 
 1.47910839e+02  7.41685693e+01  1.47910839e+02  1.26199270e+02 
 1.51356125e+02  7.40372201e+01  1.51356125e+02  1.25571873e+02 
 1.54881662e+02  7.39038073e+01  1.54881662e+02  1.24949157e+02 
 1.58489319e+02  7.37683627e+01  1.58489319e+02  1.24331377e+02 
 1.62181010e+02  7.36309194e+01  1.62181010e+02  1.23718776e+02 
 1.65958691e+02  7.34915115e+01  1.65958691e+02  1.23111588e+02 
 1.69824365e+02  7.33501746e+01  1.69824365e+02  1.22510033e+02 
 1.73780083e+02  7.32069453e+01  1.73780083e+02  1.21914321e+02 
 1.77827941e+02  7.30618608e+01  1.77827941e+02  1.21324648e+02 
 1.81970086e+02  7.29149595e+01  1.81970086e+02  1.20741200e+02 
 1.86208714e+02  7.27662803e+01  1.86208714e+02  1.20164147e+02 
 1.90546072e+02  7.26158627e+01  1.90546072e+02  1.19593652e+02 
 1.94984460e+02  7.24637466e+01  1.94984460e+02  1.19029860e+02 
 1.99526231e+02  7.23099725e+01  1.99526231e+02  1.18472909e+02 
 2.04173794e+02  7.21545809e+01  2.04173794e+02  1.17922922e+02 
 2.08929613e+02  7.19976127e+01  2.08929613e+02  1.17380010e+02 
 2.13796209e+02  7.18391088e+01  2.13796209e+02  1.16844274e+02 
 2.18776162e+02  7.16791100e+01  2.18776162e+02  1.16315802e+02 
 2.23872114e+02  7.15176572e+01  2.23872114e+02  1.15794673e+02 
 2.29086765e+02  7.13547909e+01  2.29086765e+02  1.15280954e+02 
 2.34422882e+02  7.11905516e+01  2.34422882e+02  1.14774700e+02 
 2.39883292e+02  7.10249793e+01  2.39883292e+02  1.14275959e+02 
 2.45470892e+02  7.08581137e+01  2.45470892e+02  1.13784765e+02 
 2.51188643e+02  7.06899940e+01  2.51188643e+02  1.13301147e+02 
 2.57039578e+02  7.05206591e+01  2.57039578e+02  1.12825123e+02 
 2.63026799e+02  7.03501471e+01  2.63026799e+02  1.12356701e+02 
 2.69153480e+02  7.01784958e+01  2.69153480e+02  1.11895882e+02 
 2.75422870e+02  7.00057420e+01  2.75422870e+02  1.11442660e+02 
 2.81838293e+02  6.98319221e+01  2.81838293e+02  1.10997019e+02 
 2.88403150e+02  6.96570718e+01  2.88403150e+02  1.10558938e+02 
 2.95120923e+02  6.94812261e+01  2.95120923e+02  1.10128389e+02 
 3.01995172e+02  6.93044191e+01  3.01995172e+02  1.09705336e+02 
 3.09029543e+02  6.91266842e+01  3.09029543e+02  1.09289740e+02 
 3.16227766e+02  6.89480541e+01  3.16227766e+02  1.08881553e+02 
 3.23593657e+02  6.87685606e+01  3.23593657e+02  1.08480725e+02 
 3.31131121e+02  6.85882348e+01  3.31131121e+02  1.08087198e+02 
 3.38844156e+02  6.84071070e+01  3.38844156e+02  1.07700912e+02 
 3.46736850e+02  6.82252064e+01  3.46736850e+02  1.07321801e+02 
 3.54813389e+02  6.80425619e+01  3.54813389e+02  1.06949798e+02 
 3.63078055e+02  6.78592010e+01  3.63078055e+02  1.06584828e+02 
 3.71535229e+02  6.76751509e+01  3.71535229e+02  1.06226818e+02 
 3.80189396e+02  6.74904378e+01  3.80189396e+02  1.05875687e+02 
 3.89045145e+02  6.73050869e+01  3.89045145e+02  1.05531354e+02 
 3.98107171e+02  6.71191228e+01  3.98107171e+02  1.05193737e+02 
 4.07380278e+02  6.69325695e+01  4.07380278e+02  1.04862748e+02 
 4.16869383e+02  6.67454499e+01  4.16869383e+02  1.04538301e+02 
 4.26579519e+02  6.65577862e+01  4.26579519e+02  1.04220307e+02 
 4.36515832e+02  6.63696001e+01  4.36515832e+02  1.03908673e+02 
 4.46683592e+02  6.61809122e+01  4.46683592e+02  1.03603309e+02 
 4.57088190e+02  6.59917428e+01  4.57088190e+02  1.03304122e+02 
 4.67735141e+02  6.58021111e+01  4.67735141e+02  1.03011017e+02 
 4.78630092e+02  6.56120359e+01  4.78630092e+02  1.02723901e+02 
 4.89778819e+02  6.54215352e+01  4.89778819e+02  1.02442677e+02 
 5.01187234e+02  6.52306264e+01  5.01187234e+02  1.02167252e+02 
 5.12861384e+02  6.50393261e+01  5.12861384e+02  1.01897529e+02 
 5.24807460e+02  6.48476506e+01  5.24807460e+02  1.01633413e+02 
 5.37031796e+02  6.46556153e+01  5.37031796e+02  1.01374809e+02 
 5.49540874e+02  6.44632352e+01  5.49540874e+02  1.01121620e+02 
 5.62341325e+02  6.42705246e+01  5.62341325e+02  1.00873753e+02 
 5.75439937e+02  6.40774973e+01  5.75439937e+02  1.00631112e+02 
 5.88843655e+02  6.38841667e+01  5.88843655e+02  1.00393604e+02 
 6.02559586e+02  6.36905454e+01  6.02559586e+02  1.00161135e+02 
 6.16595002e+02  6.34966458e+01  6.16595002e+02  9.99336109e+01 
 6.30957344e+02  6.33024797e+01  6.30957344e+02  9.97109410e+01 
 6.45654229e+02  6.31080582e+01  6.45654229e+02  9.94930333e+01 
 6.60693448e+02  6.29133924e+01  6.60693448e+02  9.92797974e+01 
 6.76082975e+02  6.27184927e+01  6.76082975e+02  9.90711435e+01 
 6.91830971e+02  6.25233689e+01  6.91830971e+02  9.88669830e+01 
 7.07945784e+02  6.23280308e+01  7.07945784e+02  9.86672280e+01 
 7.24435960e+02  6.21324876e+01  7.24435960e+02  9.84717919e+01 
 7.41310241e+02  6.19367480e+01  7.41310241e+02  9.82805891e+01 
 7.58577575e+02  6.17408206e+01  7.58577575e+02  9.80935349e+01 
 7.76247117e+02  6.15447135e+01  7.76247117e+02  9.79105461e+01 
 7.94328235e+02  6.13484344e+01  7.94328235e+02  9.77315403e+01 
 8.12830516e+02  6.11519908e+01  8.12830516e+02  9.75564364e+01 
 8.31763771e+02  6.09553899e+01  8.31763771e+02  9.73851544e+01 
 8.51138038e+02  6.07586384e+01  8.51138038e+02  9.72176157e+01 
 8.70963590e+02  6.05617430e+01  8.70963590e+02  9.70537426e+01 
 8.91250938e+02  6.03647100e+01  8.91250938e+02  9.68934589e+01 
 9.12010839e+02  6.01675453e+01  9.12010839e+02  9.67366895e+01 
 9.33254301e+02  5.99702548e+01  9.33254301e+02  9.65833604e+01 
 9.54992586e+02  5.97728438e+01  9.54992586e+02  9.64333991e+01 
 9.77237221e+02  5.95753178e+01  9.77237221e+02  9.62867340e+01 
 1.00000000e+03  5.93776818e+01  1.00000000e+03  9.61432951e+01 
 1.02329299e+03  5.91799405e+01  1.02329299e+03  9.60030132e+01 
 1.04712855e+03  5.89820987e+01  1.04712855e+03  9.58658206e+01 
 1.07151931e+03  5.87841608e+01  1.07151931e+03  9.57316508e+01 
 1.09647820e+03  5.85861310e+01  1.09647820e+03  9.56004383e+01 
 1.12201845e+03  5.83880133e+01  1.12201845e+03  9.54721189e+01 
 1.14815362e+03  5.81898117e+01  1.14815362e+03  9.53466298e+01 
 1.17489755e+03  5.79915299e+01  1.17489755e+03  9.52239089e+01 
 1.20226443e+03  5.77931713e+01  1.20226443e+03  9.51038958e+01 
 1.23026877e+03  5.75947395e+01  1.23026877e+03  9.49865307e+01 
 1.25892541e+03  5.73962376e+01  1.25892541e+03  9.48717555e+01 
 1.28824955e+03  5.71976687e+01  1.28824955e+03  9.47595127e+01 
 1.31825674e+03  5.69990360e+01  1.31825674e+03  9.46497462e+01 
 1.34896288e+03  5.68003420e+01  1.34896288e+03  9.45424009e+01 
 1.38038426e+03  5.66015897e+01  1.38038426e+03  9.44374229e+01 
 1.41253754e+03  5.64027815e+01  1.41253754e+03  9.43347592e+01 
 1.44543977e+03  5.62039201e+01  1.44543977e+03  9.42343580e+01 
 1.47910839e+03  5.60050076e+01  1.47910839e+03  9.41361683e+01 
 1.51356125e+03  5.58060465e+01  1.51356125e+03  9.40401404e+01 
 1.54881662e+03  5.56070389e+01  1.54881662e+03  9.39462254e+01 
 1.58489319e+03  5.54079868e+01  1.58489319e+03  9.38543754e+01 
 1.62181010e+03  5.52088922e+01  1.62181010e+03  9.37645436e+01 
 1.65958691e+03  5.50097571e+01  1.65958691e+03  9.36766840e+01 
 1.69824365e+03  5.48105832e+01  1.69824365e+03  9.35907516e+01 
 1.73780083e+03  5.46113723e+01  1.73780083e+03  9.35067023e+01 
 1.77827941e+03  5.44121261e+01  1.77827941e+03  9.34244930e+01 
 1.81970086e+03  5.42128460e+01  1.81970086e+03  9.33440814e+01 
 1.86208714e+03  5.40135336e+01  1.86208714e+03  9.32654259e+01 
 1.90546072e+03  5.38141905e+01  1.90546072e+03  9.31884861e+01 
 1.94984460e+03  5.36148178e+01  1.94984460e+03  9.31132221e+01 
 1.99526231e+03  5.34154170e+01  1.99526231e+03  9.30395951e+01 
 2.04173794e+03  5.32159894e+01  2.04173794e+03  9.29675670e+01 
 2.08929613e+03  5.30165360e+01  2.08929613e+03  9.28971003e+01 
 2.13796209e+03  5.28170582e+01  2.13796209e+03  9.28281585e+01 
 2.18776162e+03  5.26175569e+01  2.18776162e+03  9.27607058e+01 
 2.23872114e+03  5.24180332e+01  2.23872114e+03  9.26947072e+01 
 2.29086765e+03  5.22184882e+01  2.29086765e+03  9.26301282e+01 
 2.34422882e+03  5.20189227e+01  2.34422882e+03  9.25669354e+01 
 2.39883292e+03  5.18193378e+01  2.39883292e+03  9.25050956e+01 
 2.45470892e+03  5.16197342e+01  2.45470892e+03  9.24445767e+01 
 2.51188643e+03  5.14201128e+01  2.51188643e+03  9.23853470e+01 
 2.57039578e+03  5.12204745e+01  2.57039578e+03  9.23273757e+01 
 2.63026799e+03  5.10208199e+01  2.63026799e+03  9.22706323e+01 
 2.69153480e+03  5.08211498e+01  2.69153480e+03  9.22150873e+01 
 2.75422870e+03  5.06214649e+01  2.75422870e+03  9.21607115e+01 
 2.81838293e+03  5.04217659e+01  2.81838293e+03  9.21074764e+01 
 2.88403150e+03  5.02220534e+01  2.88403150e+03  9.20553542e+01 
 2.95120923e+03  5.00223279e+01  2.95120923e+03  9.20043176e+01 
 3.01995172e+03  4.98225902e+01  3.01995172e+03  9.19543397e+01 
 3.09029543e+03  4.96228407e+01  3.09029543e+03  9.19053942e+01 
 3.16227766e+03  4.94230800e+01  3.16227766e+03  9.18574556e+01 
 3.23593657e+03  4.92233085e+01  3.23593657e+03  9.18104987e+01 
 3.31131121e+03  4.90235268e+01  3.31131121e+03  9.17644986e+01 
 3.38844156e+03  4.88237354e+01  3.38844156e+03  9.17194313e+01 
 3.46736850e+03  4.86239346e+01  3.46736850e+03  9.16752731e+01 
 3.54813389e+03  4.84241248e+01  3.54813389e+03  9.16320006e+01 
 3.63078055e+03  4.82243066e+01  3.63078055e+03  9.15895912e+01 
 3.71535229e+03  4.80244802e+01  3.71535229e+03  9.15480224e+01 
 3.80189396e+03  4.78246461e+01  3.80189396e+03  9.15072725e+01 
 3.89045145e+03  4.76248045e+01  3.89045145e+03  9.14673199e+01 
 3.98107171e+03  4.74249559e+01  3.98107171e+03  9.14281435e+01 
 4.07380278e+03  4.72251005e+01  4.07380278e+03  9.13897227e+01 
 4.16869383e+03  4.70252386e+01  4.16869383e+03  9.13520373e+01 
 4.26579519e+03  4.68253706e+01  4.26579519e+03  9.13150673e+01 
 4.36515832e+03  4.66254968e+01  4.36515832e+03  9.12787933e+01 
 4.46683592e+03  4.64256173e+01  4.46683592e+03  9.12431960e+01 
 4.57088190e+03  4.62257324e+01  4.57088190e+03  9.12082568e+01 
 4.67735141e+03  4.60258424e+01  4.67735141e+03  9.11739572e+01 
 4.78630092e+03  4.58259476e+01  4.78630092e+03  9.11402790e+01 
 4.89778819e+03  4.56260481e+01  4.89778819e+03  9.11072044e+01 
 5.01187234e+03  4.54261442e+01  5.01187234e+03  9.10747161e+01 
 5.12861384e+03  4.52262360e+01  5.12861384e+03  9.10427968e+01 
 5.24807460e+03  4.50263237e+01  5.24807460e+03  9.10114296e+01 
 5.37031796e+03  4.48264076e+01  5.37031796e+03  9.09805979e+01 
 5.49540874e+03  4.46264879e+01  5.49540874e+03  9.09502856e+01 
 5.62341325e+03  4.44265646e+01  5.62341325e+03  9.09204765e+01 
 5.75439937e+03  4.42266379e+01  5.75439937e+03  9.08911548e+01 
 5.88843655e+03  4.40267081e+01  5.88843655e+03  9.08623051e+01 
 6.02559586e+03  4.38267752e+01  6.02559586e+03  9.08339122e+01 
 6.16595002e+03  4.36268394e+01  6.16595002e+03  9.08059609e+01 
 6.30957344e+03  4.34269008e+01  6.30957344e+03  9.07784365e+01 
 6.45654229e+03  4.32269597e+01  6.45654229e+03  9.07513244e+01 
 6.60693448e+03  4.30270159e+01  6.60693448e+03  9.07246104e+01 
 6.76082975e+03  4.28270698e+01  6.76082975e+03  9.06982801e+01 
 6.91830971e+03  4.26271215e+01  6.91830971e+03  9.06723198e+01 
 7.07945784e+03  4.24271709e+01  7.07945784e+03  9.06467156e+01 
 7.24435960e+03  4.22272183e+01  7.24435960e+03  9.06214541e+01 
 7.41310241e+03  4.20272637e+01  7.41310241e+03  9.05965218e+01 
 7.58577575e+03  4.18273072e+01  7.58577575e+03  9.05719055e+01 
 7.76247117e+03  4.16273490e+01  7.76247117e+03  9.05475922e+01 
 7.94328235e+03  4.14273891e+01  7.94328235e+03  9.05235690e+01 
 8.12830516e+03  4.12274276e+01  8.12830516e+03  9.04998233e+01 
 8.31763771e+03  4.10274645e+01  8.31763771e+03  9.04763423e+01 
 8.51138038e+03  4.08275000e+01  8.51138038e+03  9.04531138e+01 
 8.70963590e+03  4.06275342e+01  8.70963590e+03  9.04301253e+01 
 8.91250938e+03  4.04275670e+01  8.91250938e+03  9.04073647e+01 
 9.12010839e+03  4.02275986e+01  9.12010839e+03  9.03848200e+01 
 9.33254301e+03  4.00276291e+01  9.33254301e+03  9.03624792e+01 
 9.54992586e+03  3.98276585e+01  9.54992586e+03  9.03403304e+01 
 9.77237221e+03  3.96276868e+01  9.77237221e+03  9.03183620e+01 
 1.00000000e+04  3.94277142e+01  1.00000000e+04  9.02965623e+01 
 1.02329299e+04  3.92277406e+01  1.02329299e+04  9.02749197e+01 
 1.04712855e+04  3.90277662e+01  1.04712855e+04  9.02534228e+01 
 1.07151931e+04  3.88277910e+01  1.07151931e+04  9.02320601e+01 
 1.09647820e+04  3.86278150e+01  1.09647820e+04  9.02108205e+01 
 1.12201845e+04  3.84278384e+01  1.12201845e+04  9.01896925e+01 
 1.14815362e+04  3.82278611e+01  1.14815362e+04  9.01686650e+01 
 1.17489755e+04  3.80278831e+01  1.17489755e+04  9.01477269e+01 
 1.20226443e+04  3.78279047e+01  1.20226443e+04  9.01268671e+01 
 1.23026877e+04  3.76279257e+01  1.23026877e+04  9.01060745e+01 
 1.25892541e+04  3.74279463e+01  1.25892541e+04  9.00853381e+01 
 1.28824955e+04  3.72279664e+01  1.28824955e+04  9.00646468e+01 
 1.31825674e+04  3.70279861e+01  1.31825674e+04  9.00439898e+01 
 1.34896288e+04  3.68280056e+01  1.34896288e+04  9.00233561e+01 
 1.38038426e+04  3.66280247e+01  1.38038426e+04  9.00027347e+01 
 1.41253754e+04  3.64280435e+01  1.41253754e+04  8.99821148e+01 
 1.44543977e+04  3.62280622e+01  1.44543977e+04  8.99614853e+01 
 1.47910839e+04  3.60280807e+01  1.47910839e+04  8.99408354e+01 
 1.51356125e+04  3.58280990e+01  1.51356125e+04  8.99201541e+01 
 1.54881662e+04  3.56281172e+01  1.54881662e+04  8.98994304e+01 
 1.58489319e+04  3.54281354e+01  1.58489319e+04  8.98786534e+01 
 1.62181010e+04  3.52281536e+01  1.62181010e+04  8.98578120e+01 
 1.65958691e+04  3.50281718e+01  1.65958691e+04  8.98368952e+01 
 1.69824365e+04  3.48281900e+01  1.69824365e+04  8.98158919e+01 
 1.73780083e+04  3.46282083e+01  1.73780083e+04  8.97947910e+01 
 1.77827941e+04  3.44282268e+01  1.77827941e+04  8.97735813e+01 
 1.81970086e+04  3.42282455e+01  1.81970086e+04  8.97522515e+01 
 1.86208714e+04  3.40282643e+01  1.86208714e+04  8.97307904e+01 
 1.90546072e+04  3.38282834e+01  1.90546072e+04  8.97091865e+01 
 1.94984460e+04  3.36283028e+01  1.94984460e+04  8.96874284e+01 
 1.99526231e+04  3.34283226e+01  1.99526231e+04  8.96655045e+01 
 2.04173794e+04  3.32283427e+01  2.04173794e+04  8.96434034e+01 
 2.08929613e+04  3.30283632e+01  2.08929613e+04  8.96211131e+01 
 2.13796209e+04  3.28283842e+01  2.13796209e+04  8.95986220e+01 
 2.18776162e+04  3.26284057e+01  2.18776162e+04  8.95759180e+01 
 2.23872114e+04  3.24284278e+01  2.23872114e+04  8.95529892e+01 
 2.29086765e+04  3.22284505e+01  2.29086765e+04  8.95298234e+01 
 2.34422882e+04  3.20284738e+01  2.34422882e+04  8.95064084e+01 
 2.39883292e+04  3.18284978e+01  2.39883292e+04  8.94827316e+01 
 2.45470892e+04  3.16285225e+01  2.45470892e+04  8.94587805e+01 
 2.51188643e+04  3.14285481e+01  2.51188643e+04  8.94345426e+01 
 2.57039578e+04  3.12285745e+01  2.57039578e+04  8.94100048e+01 
 2.63026799e+04  3.10286019e+01  2.63026799e+04  8.93851542e+01 
 2.69153480e+04  3.08286302e+01  2.69153480e+04  8.93599777e+01 
 2.75422870e+04  3.06286595e+01  2.75422870e+04  8.93344618e+01 
 2.81838293e+04  3.04286900e+01  2.81838293e+04  8.93085931e+01 
 2.88403150e+04  3.02287216e+01  2.88403150e+04  8.92823578e+01 
 2.95120923e+04  3.00287544e+01  2.95120923e+04  8.92557420e+01 
 3.01995172e+04  2.98287885e+01  3.01995172e+04  8.92287317e+01 
 3.09029543e+04  2.96288240e+01  3.09029543e+04  8.92013124e+01 
 3.16227766e+04  2.94288610e+01  3.16227766e+04  8.91734697e+01 
 3.23593657e+04  2.92288995e+01  3.23593657e+04  8.91451888e+01 
 3.31131121e+04  2.90289395e+01  3.31131121e+04  8.91164547e+01 
 3.38844156e+04  2.88289813e+01  3.38844156e+04  8.90872523e+01 
 3.46736850e+04  2.86290249e+01  3.46736850e+04  8.90575659e+01 
 3.54813389e+04  2.84290703e+01  3.54813389e+04  8.90273798e+01 
 3.63078055e+04  2.82291177e+01  3.63078055e+04  8.89966781e+01 
 3.71535229e+04  2.80291672e+01  3.71535229e+04  8.89654446e+01 
 3.80189396e+04  2.78292189e+01  3.80189396e+04  8.89336625e+01 
 3.89045145e+04  2.76292728e+01  3.89045145e+04  8.89013151e+01 
 3.98107171e+04  2.74293292e+01  3.98107171e+04  8.88683852e+01 
 4.07380278e+04  2.72293881e+01  4.07380278e+04  8.88348555e+01 
 4.16869383e+04  2.70294497e+01  4.16869383e+04  8.88007080e+01 
 4.26579519e+04  2.68295140e+01  4.26579519e+04  8.87659247e+01 
 4.36515832e+04  2.66295813e+01  4.36515832e+04  8.87304872e+01 
 4.46683592e+04  2.64296517e+01  4.46683592e+04  8.86943767e+01 
 4.57088190e+04  2.62297252e+01  4.57088190e+04  8.86575740e+01 
 4.67735141e+04  2.60298022e+01  4.67735141e+04  8.86200596e+01 
 4.78630092e+04  2.58298827e+01  4.78630092e+04  8.85818137e+01 
 4.89778819e+04  2.56299670e+01  4.89778819e+04  8.85428159e+01 
 5.01187234e+04  2.54300551e+01  5.01187234e+04  8.85030457e+01 
 5.12861384e+04  2.52301474e+01  5.12861384e+04  8.84624818e+01 
 5.24807460e+04  2.50302439e+01  5.24807460e+04  8.84211028e+01 
 5.37031796e+04  2.48303449e+01  5.37031796e+04  8.83788868e+01 
 5.49540874e+04  2.46304507e+01  5.49540874e+04  8.83358114e+01 
 5.62341325e+04  2.44305615e+01  5.62341325e+04  8.82918538e+01 
 5.75439937e+04  2.42306774e+01  5.75439937e+04  8.82469906e+01 
 5.88843655e+04  2.40307988e+01  5.88843655e+04  8.82011980e+01 
 6.02559586e+04  2.38309259e+01  6.02559586e+04  8.81544518e+01 
 6.16595002e+04  2.36310590e+01  6.16595002e+04  8.81067272e+01 
 6.30957344e+04  2.34311984e+01  6.30957344e+04  8.80579989e+01 
 6.45654229e+04  2.32313443e+01  6.45654229e+04  8.80082411e+01 
 6.60693448e+04  2.30314972e+01  6.60693448e+04  8.79574273e+01 
 6.76082975e+04  2.28316573e+01  6.76082975e+04  8.79055306e+01 
 6.91830971e+04  2.26318251e+01  6.91830971e+04  8.78525235e+01 
 7.07945784e+04  2.24320008e+01  7.07945784e+04  8.77983778e+01 
 7.24435960e+04  2.22321848e+01  7.24435960e+04  8.77430649e+01 
 7.41310241e+04  2.20323776e+01  7.41310241e+04  8.76865554e+01 
 7.58577575e+04  2.18325796e+01  7.58577575e+04  8.76288192e+01 
 7.76247117e+04  2.16327912e+01  7.76247117e+04  8.75698258e+01 
 7.94328235e+04  2.14330130e+01  7.94328235e+04  8.75095439e+01 
 8.12830516e+04  2.12332453e+01  8.12830516e+04  8.74479414e+01 
 8.31763771e+04  2.10334887e+01  8.31763771e+04  8.73849857e+01 
 8.51138038e+04  2.08337438e+01  8.51138038e+04  8.73206432e+01 
 8.70963590e+04  2.06340111e+01  8.70963590e+04  8.72548799e+01 
 8.91250938e+04  2.04342913e+01  8.91250938e+04  8.71876607e+01 
 9.12010839e+04  2.02345848e+01  9.12010839e+04  8.71189500e+01 
 9.33254301e+04  2.00348925e+01  9.33254301e+04  8.70487111e+01 
 9.54992586e+04  1.98352150e+01  9.54992586e+04  8.69769069e+01 
 9.77237221e+04  1.96355530e+01  9.77237221e+04  8.69034990e+01 
 1.00000000e+05  1.94359073e+01  1.00000000e+05  8.68284483e+01 
 1.02329299e+05  1.92362787e+01  1.02329299e+05  8.67517150e+01 
 1.04712855e+05  1.90366680e+01  1.04712855e+05  8.66732581e+01 
 1.07151931e+05  1.88370761e+01  1.07151931e+05  8.65930359e+01 
 1.09647820e+05  1.86375040e+01  1.09647820e+05  8.65110054e+01 
 1.12201845e+05  1.84379525e+01  1.12201845e+05  8.64271231e+01 
 1.14815362e+05  1.82384228e+01  1.14815362e+05  8.63413440e+01 
 1.17489755e+05  1.80389159e+01  1.17489755e+05  8.62536223e+01 
 1.20226443e+05  1.78394329e+01  1.20226443e+05  8.61639112e+01 
 1.23026877e+05  1.76399750e+01  1.23026877e+05  8.60721625e+01 
 1.25892541e+05  1.74405434e+01  1.25892541e+05  8.59783273e+01 
 1.28824955e+05  1.72411396e+01  1.28824955e+05  8.58823550e+01 
 1.31825674e+05  1.70417647e+01  1.31825674e+05  8.57841943e+01 
 1.34896288e+05  1.68424203e+01  1.34896288e+05  8.56837923e+01 
 1.38038426e+05  1.66431079e+01  1.38038426e+05  8.55810951e+01 
 1.41253754e+05  1.64438291e+01  1.41253754e+05  8.54760474e+01 
 1.44543977e+05  1.62445855e+01  1.44543977e+05  8.53685924e+01 
 1.47910839e+05  1.60453789e+01  1.47910839e+05  8.52586721e+01 
 1.51356125e+05  1.58462111e+01  1.51356125e+05  8.51462270e+01 
 1.54881662e+05  1.56470841e+01  1.54881662e+05  8.50311962e+01 
 1.58489319e+05  1.54479998e+01  1.58489319e+05  8.49135172e+01 
 1.62181010e+05  1.52489604e+01  1.62181010e+05  8.47931260e+01 
 1.65958691e+05  1.50499682e+01  1.65958691e+05  8.46699570e+01 
 1.69824365e+05  1.48510255e+01  1.69824365e+05  8.45439428e+01 
 1.73780083e+05  1.46521346e+01  1.73780083e+05  8.44150146e+01 
 1.77827941e+05  1.44532983e+01  1.77827941e+05  8.42831014e+01 
 1.81970086e+05  1.42545193e+01  1.81970086e+05  8.41481308e+01 
 1.86208714e+05  1.40558002e+01  1.86208714e+05  8.40100283e+01 
 1.90546072e+05  1.38571443e+01  1.90546072e+05  8.38687174e+01 
 1.94984460e+05  1.36585544e+01  1.94984460e+05  8.37241197e+01 
 1.99526231e+05  1.34600341e+01  1.99526231e+05  8.35761548e+01 
 2.04173794e+05  1.32615865e+01  2.04173794e+05  8.34247399e+01 
 2.08929613e+05  1.30632155e+01  2.08929613e+05  8.32697902e+01 
 2.13796209e+05  1.28649247e+01  2.13796209e+05  8.31112186e+01 
 2.18776162e+05  1.26667180e+01  2.18776162e+05  8.29489355e+01 
 2.23872114e+05  1.24685998e+01  2.23872114e+05  8.27828489e+01 
 2.29086765e+05  1.22705741e+01  2.29086765e+05  8.26128643e+01 
 2.34422882e+05  1.20726457e+01  2.34422882e+05  8.24388844e+01 
 2.39883292e+05  1.18748193e+01  2.39883292e+05  8.22608094e+01 
 2.45470892e+05  1.16770998e+01  2.45470892e+05  8.20785364e+01 
 2.51188643e+05  1.14794925e+01  2.51188643e+05  8.18919599e+01 
 2.57039578e+05  1.12820028e+01  2.57039578e+05  8.17009710e+01 
 2.63026799e+05  1.10846364e+01  2.63026799e+05  8.15054578e+01 
 2.69153480e+05  1.08873994e+01  2.69153480e+05  8.13053052e+01 
 2.75422870e+05  1.06902979e+01  2.75422870e+05  8.11003946e+01 
 2.81838293e+05  1.04933385e+01  2.81838293e+05  8.08906038e+01 
 2.88403150e+05  1.02965281e+01  2.88403150e+05  8.06758070e+01 
 2.95120923e+05  1.00998738e+01  2.95120923e+05  8.04558746e+01 
 3.01995172e+05  9.90338312e+00  3.01995172e+05  8.02306730e+01 
 3.09029543e+05  9.70706381e+00  3.09029543e+05  8.00000644e+01 
 3.16227766e+05  9.51092408e+00  3.16227766e+05  7.97639069e+01 
 3.23593657e+05  9.31497248e+00  3.23593657e+05  7.95220538e+01 
 3.31131121e+05  9.11921793e+00  3.31131121e+05  7.92743540e+01 
 3.38844156e+05  8.92366976e+00  3.38844156e+05  7.90206515e+01 
 3.46736850e+05  8.72833771e+00  3.46736850e+05  7.87607851e+01 
 3.54813389e+05  8.53323198e+00  3.54813389e+05  7.84945884e+01 
 3.63078055e+05  8.33836319e+00  3.63078055e+05  7.82218894e+01 
 3.71535229e+05  8.14374246e+00  3.71535229e+05  7.79425105e+01 
 3.80189396e+05  7.94938139e+00  3.80189396e+05  7.76562677e+01 
 3.89045145e+05  7.75529209e+00  3.89045145e+05  7.73629711e+01 
 3.98107171e+05  7.56148722e+00  3.98107171e+05  7.70624239e+01 
 4.07380278e+05  7.36797997e+00  4.07380278e+05  7.67544225e+01 
 4.16869383e+05  7.17478414e+00  4.16869383e+05  7.64387559e+01 
 4.26579519e+05  6.98191412e+00  4.26579519e+05  7.61152057e+01 
 4.36515832e+05  6.78938491e+00  4.36515832e+05  7.57835453e+01 
 4.46683592e+05  6.59721220e+00  4.46683592e+05  7.54435398e+01 
 4.57088190e+05  6.40541232e+00  4.57088190e+05  7.50949453e+01 
 4.67735141e+05  6.21400233e+00  4.67735141e+05  7.47375088e+01 
 4.78630092e+05  6.02300001e+00  4.78630092e+05  7.43709673e+01 
 4.89778819e+05  5.83242391e+00  4.89778819e+05  7.39950476e+01 
 5.01187234e+05  5.64229335e+00  5.01187234e+05  7.36094655e+01 
 5.12861384e+05  5.45262849e+00  5.12861384e+05  7.32139254e+01 
 5.24807460e+05  5.26345031e+00  5.24807460e+05  7.28081193e+01 
 5.37031796e+05  5.07478066e+00  5.37031796e+05  7.23917268e+01 
 5.49540874e+05  4.88664233e+00  5.49540874e+05  7.19644132e+01 
 5.62341325e+05  4.69905900e+00  5.62341325e+05  7.15258300e+01 
 5.75439937e+05  4.51205532e+00  5.75439937e+05  7.10756129e+01 
 5.88843655e+05  4.32565692e+00  5.88843655e+05  7.06133817e+01 
 6.02559586e+05  4.13989044e+00  6.02559586e+05  7.01387388e+01 
 6.16595002e+05  3.95478356e+00  6.16595002e+05  6.96512682e+01 
 6.30957344e+05  3.77036501e+00  6.30957344e+05  6.91505345e+01 
 6.45654229e+05  3.58666457e+00  6.45654229e+05  6.86360814e+01 
 6.60693448e+05  3.40371313e+00  6.60693448e+05  6.81074306e+01 
 6.76082975e+05  3.22154266e+00  6.76082975e+05  6.75640800e+01 
 6.91830971e+05  3.04018624e+00  6.91830971e+05  6.70055025e+01 
 7.07945784e+05  2.85967805e+00  7.07945784e+05  6.64311437e+01 
 7.24435960e+05  2.68005333e+00  7.24435960e+05  6.58404207e+01 
 7.41310241e+05  2.50134842e+00  7.41310241e+05  6.52327198e+01 
 7.58577575e+05  2.32360068e+00  7.58577575e+05  6.46073941e+01 
 7.76247117e+05  2.14684847e+00  7.76247117e+05  6.39637615e+01 
 7.94328235e+05  1.97113106e+00  7.94328235e+05  6.33011017e+01 
 8.12830516e+05  1.79648859e+00  8.12830516e+05  6.26186541e+01 
 8.31763771e+05  1.62296194e+00  8.31763771e+05  6.19156140e+01 
 8.51138038e+05  1.45059261e+00  8.51138038e+05  6.11911302e+01 
 8.70963590e+05  1.27942255e+00  8.70963590e+05  6.04443006e+01 
 8.91250938e+05  1.10949397e+00  8.91250938e+05  5.96741690e+01 
 9.12010839e+05  9.40849101e-01  9.12010839e+05  5.88797209e+01 
 9.33254301e+05  7.73529898e-01  9.33254301e+05  5.80598788e+01 
 9.54992586e+05  6.07577682e-01  9.54992586e+05  5.72134976e+01 
 9.77237221e+05  4.43032725e-01  9.77237221e+05  5.63393591e+01 
 1.00000000e+06  2.79933741e-01  1.00000000e+06  5.54361671e+01 
 1.02329299e+06  1.18317287e-01  1.02329299e+06  5.45025404e+01 
 1.04712855e+06 -4.17829567e-02  1.04712855e+06  5.35370071e+01 
 1.07151931e+06 -2.00337031e-01  1.07151931e+06  5.25379975e+01 
 1.09647820e+06 -3.57319697e-01  1.09647820e+06  5.15038365e+01 
 1.12201845e+06 -5.12711623e-01  1.12201845e+06  5.04327364e+01 
 1.14815362e+06 -6.66500770e-01  1.14815362e+06  4.93227879e+01 
 1.17489755e+06 -8.18684027e-01  1.17489755e+06  4.81719525e+01 
 1.20226443e+06 -9.69269130e-01  1.20226443e+06  4.69780529e+01 
 1.23026877e+06 -1.11827691e+00  1.23026877e+06  4.57387646e+01 
 1.25892541e+06 -1.26574389e+00  1.25892541e+06  4.44516063e+01 
 1.28824955e+06 -1.41172539e+00  1.28824955e+06  4.31139321e+01 
 1.31825674e+06 -1.55629902e+00  1.31825674e+06  4.17229225e+01 
 1.34896288e+06 -1.69956882e+00  1.34896288e+06  4.02755777e+01 
 1.38038426e+06 -1.84167000e+00  1.38038426e+06  3.87687116e+01 
 1.41253754e+06 -1.98277441e+00  1.41253754e+06  3.71989489e+01 
 1.44543977e+06 -2.12309672e+00  1.44543977e+06  3.55627242e+01 
 1.47910839e+06 -2.26290154e+00  1.47910839e+06  3.38562867e+01 
 1.51356125e+06 -2.40251132e+00  1.51356125e+06  3.20757097e+01 
 1.54881662e+06 -2.54231530e+00  1.54881662e+06  3.02169076e+01 
 1.58489319e+06 -2.68277920e+00  1.58489319e+06  2.82756636e+01 
 1.62181010e+06 -2.82445581e+00  1.62181010e+06  2.62476680e+01 
 1.65958691e+06 -2.96799624e+00  1.65958691e+06  2.41285725e+01 
 1.69824365e+06 -3.11416142e+00  1.69824365e+06  2.19140623e+01 
 1.73780083e+06 -3.26383361e+00  1.73780083e+06  1.95999497e+01 
 1.77827941e+06 -3.41802706e+00  1.77827941e+06  1.71822926e+01 
 1.81970086e+06 -3.57789712e+00  1.81970086e+06  1.46575403e+01 
 1.86208714e+06 -3.74474649e+00  1.86208714e+06  1.20227092e+01 
 1.90546072e+06 -3.92002728e+00  1.90546072e+06  9.27558845e+00 
 1.94984460e+06 -4.10533720e+00  1.94984460e+06  6.41497256e+00 
 1.99526231e+06 -4.30240795e+00  1.99526231e+06  3.44091571e+00 
 2.04173794e+06 -4.51308406e+00  2.04173794e+06  3.54997023e-01 
 2.08929613e+06 -4.73929065e+00  2.08929613e+06 -2.83941907e+00 
 2.13796209e+06 -4.98298891e+00  2.13796209e+06 -6.13694865e+00 
 2.18776162e+06 -5.24611958e+00  2.18776162e+06 -9.53000608e+00 
 2.23872114e+06 -5.53053556e+00  2.23872114e+06 -1.30087019e+01 
 2.29086765e+06 -5.83792680e+00  2.29086765e+06 -1.65608481e+01 
 2.34422882e+06 -6.16974217e+00  2.34422882e+06 -2.01720923e+01 
 2.39883292e+06 -6.52711430e+00  2.39883292e+06 -2.38261918e+01 
 2.45470892e+06 -6.91079443e+00  2.45470892e+06 -2.75054228e+01 
 2.51188643e+06 -7.32110364e+00  2.51188643e+06 -3.11911047e+01 
 2.57039578e+06 -7.75790592e+00  2.57039578e+06 -3.48642014e+01 
 2.63026799e+06 -8.22060591e+00  2.63026799e+06 -3.85059530e+01 
 2.69153480e+06 -8.70817149e+00  2.69153480e+06 -4.20984829e+01 
 2.75422870e+06 -9.21917833e+00  2.75422870e+06 -4.56253341e+01 
 2.81838293e+06 -9.75187147e+00  2.81838293e+06 -4.90718963e+01 
 2.88403150e+06 -1.03042373e+01  2.88403150e+06 -5.24257017e+01 
 2.95120923e+06 -1.08740793e+01  2.95120923e+06 -5.56765854e+01 
 3.01995172e+06 -1.14590918e+01  3.01995172e+06 -5.88167201e+01 
 3.09029543e+06 -1.20569262e+01  3.09029543e+06 -6.18405457e+01 
 3.16227766e+06 -1.26652483e+01  3.16227766e+06 -6.47446198e+01 
 3.23593657e+06 -1.32817838e+01  3.23593657e+06 -6.75274171e+01 
 3.31131121e+06 -1.39043533e+01  3.31131121e+06 -7.01891005e+01 
 3.38844156e+06 -1.45308965e+01  3.38844156e+06 -7.27312862e+01 
 3.46736850e+06 -1.51594885e+01  3.46736850e+06 -7.51568151e+01 
 3.54813389e+06 -1.57883494e+01  3.54813389e+06 -7.74695406e+01 
 3.63078055e+06 -1.64158480e+01  3.63078055e+06 -7.96741373e+01 
 3.71535229e+06 -1.70405028e+01  3.71535229e+06 -8.17759308e+01 
 3.80189396e+06 -1.76609800e+01  3.80189396e+06 -8.37807485e+01 
 3.89045145e+06 -1.82760905e+01  3.89045145e+06 -8.56947884e+01 
 3.98107171e+06 -1.88847850e+01  3.98107171e+06 -8.75245022e+01 
 4.07380278e+06 -1.94861496e+01  4.07380278e+06 -8.92764911e+01 
 4.16869383e+06 -2.00793994e+01  4.16869383e+06 -9.09574114e+01 
 4.26579519e+06 -2.06638730e+01  4.26579519e+06 -9.25738871e+01 
 4.36515832e+06 -2.12390251e+01  4.36515832e+06 -9.41324313e+01 
 4.46683592e+06 -2.18044196e+01  4.46683592e+06 -9.56393729e+01 
 4.57088190e+06 -2.23597212e+01  4.57088190e+06 -9.71007927e+01 
 4.67735141e+06 -2.29046864e+01  4.67735141e+06 -9.85224652e+01 
 4.78630092e+06 -2.34391547e+01  4.78630092e+06 -9.99098112e+01 
 4.89778819e+06 -2.39630386e+01  4.89778819e+06 -1.01267858e+02 
 5.01187234e+06 -2.44763138e+01  5.01187234e+06 -1.02601213e+02 
 5.12861384e+06 -2.49790092e+01  5.12861384e+06 -1.03914039e+02 
 5.24807460e+06 -2.54711979e+01  5.24807460e+06 -1.05210053e+02 
 5.37031796e+06 -2.59529872e+01  5.37031796e+06 -1.06492520e+02 
 5.49540874e+06 -2.64245110e+01  5.49540874e+06 -1.07764261e+02 
 5.62341325e+06 -2.68859218e+01  5.62341325e+06 -1.09027674e+02 
 5.75439937e+06 -2.73373841e+01  5.75439937e+06 -1.10284748e+02 
 5.88843655e+06 -2.77790686e+01  5.88843655e+06 -1.11537094e+02 
 6.02559586e+06 -2.82111478e+01  6.02559586e+06 -1.12785971e+02 
 6.16595002e+06 -2.86337920e+01  6.16595002e+06 -1.14032317e+02 
 6.30957344e+06 -2.90471664e+01  6.30957344e+06 -1.15276783e+02 
 6.45654229e+06 -2.94514294e+01  6.45654229e+06 -1.16519761e+02 
 6.60693448e+06 -2.98467313e+01  6.60693448e+06 -1.17761419e+02 
 6.76082975e+06 -3.02332135e+01  6.76082975e+06 -1.19001728e+02 
 6.91830971e+06 -3.06110084e+01  6.91830971e+06 -1.20240492e+02 
 7.07945784e+06 -3.09802400e+01  7.07945784e+06 -1.21477372e+02 
 7.24435960e+06 -3.13410243e+01  7.24435960e+06 -1.22711915e+02 
 7.41310241e+06 -3.16934701e+01  7.41310241e+06 -1.23943569e+02 
 7.58577575e+06 -3.20376806e+01  7.58577575e+06 -1.25171710e+02 
 7.76247117e+06 -3.23737539e+01  7.76247117e+06 -1.26395653e+02 
 7.94328235e+06 -3.27017845e+01  7.94328235e+06 -1.27614673e+02 
 8.12830516e+06 -3.30218644e+01  8.12830516e+06 -1.28828019e+02 
 8.31763771e+06 -3.33340845e+01  8.31763771e+06 -1.30034921e+02 
 8.51138038e+06 -3.36385352e+01  8.51138038e+06 -1.31234608e+02 
 8.70963590e+06 -3.39353077e+01  8.70963590e+06 -1.32426311e+02 
 8.91250938e+06 -3.42244949e+01  8.91250938e+06 -1.33609275e+02 
 9.12010839e+06 -3.45061918e+01  9.12010839e+06 -1.34782766e+02 
 9.33254301e+06 -3.47804966e+01  9.33254301e+06 -1.35946072e+02 
 9.54992586e+06 -3.50475108e+01  9.54992586e+06 -1.37098514e+02 
 9.77237221e+06 -3.53073399e+01  9.77237221e+06 -1.38239448e+02 
 1.00000000e+07 -3.55600934e+01  1.00000000e+07 -1.39368265e+02 
 1.02329299e+07 -3.58058852e+01  1.02329299e+07 -1.40484398e+02 
 1.04712855e+07 -3.60448337e+01  1.04712855e+07 -1.41587321e+02 
 1.07151931e+07 -3.62770616e+01  1.07151931e+07 -1.42676550e+02 
 1.09647820e+07 -3.65026961e+01  1.09647820e+07 -1.43751645e+02 
 1.12201845e+07 -3.67218683e+01  1.12201845e+07 -1.44812212e+02 
 1.14815362e+07 -3.69347134e+01  1.14815362e+07 -1.45857897e+02 
 1.17489755e+07 -3.71413705e+01  1.17489755e+07 -1.46888390e+02 
 1.20226443e+07 -3.73419819e+01  1.20226443e+07 -1.47903424e+02 
 1.23026877e+07 -3.75366930e+01  1.23026877e+07 -1.48902770e+02 
 1.25892541e+07 -3.77256519e+01  1.25892541e+07 -1.49886239e+02 
 1.28824955e+07 -3.79090092e+01  1.28824955e+07 -1.50853679e+02 
 1.31825674e+07 -3.80869173e+01  1.31825674e+07 -1.51804973e+02 
 1.34896288e+07 -3.82595301e+01  1.34896288e+07 -1.52740035e+02 
 1.38038426e+07 -3.84270031e+01  1.38038426e+07 -1.53658812e+02 
 1.41253754e+07 -3.85894919e+01  1.41253754e+07 -1.54561276e+02 
 1.44543977e+07 -3.87471532e+01  1.44543977e+07 -1.55447426e+02 
 1.47910839e+07 -3.89001431e+01  1.47910839e+07 -1.56317285e+02 
 1.51356125e+07 -3.90486177e+01  1.51356125e+07 -1.57170895e+02 
 1.54881662e+07 -3.91927323e+01  1.54881662e+07 -1.58008317e+02 
 1.58489319e+07 -3.93326411e+01  1.58489319e+07 -1.58829627e+02 
 1.62181010e+07 -3.94684969e+01  1.62181010e+07 -1.59634914e+02 
 1.65958691e+07 -3.96004509e+01  1.65958691e+07 -1.60424280e+02 
 1.69824365e+07 -3.97286523e+01  1.69824365e+07 -1.61197834e+02 
 1.73780083e+07 -3.98532478e+01  1.73780083e+07 -1.61955692e+02 
 1.77827941e+07 -3.99743819e+01  1.77827941e+07 -1.62697977e+02 
 1.81970086e+07 -4.00921961e+01  1.81970086e+07 -1.63424812e+02 
 1.86208714e+07 -4.02068289e+01  1.86208714e+07 -1.64136325e+02 
 1.90546072e+07 -4.03184155e+01  1.90546072e+07 -1.64832639e+02 
 1.94984460e+07 -4.04270878e+01  1.94984460e+07 -1.65513881e+02 
 1.99526231e+07 -4.05329741e+01  1.99526231e+07 -1.66180172e+02 
 2.04173794e+07 -4.06361986e+01  2.04173794e+07 -1.66831629e+02 
 2.08929613e+07 -4.07368817e+01  2.08929613e+07 -1.67468365e+02 
 2.13796209e+07 -4.08351397e+01  2.13796209e+07 -1.68090489e+02 
 2.18776162e+07 -4.09310846e+01  2.18776162e+07 -1.68698101e+02 
 2.23872114e+07 -4.10248238e+01  2.23872114e+07 -1.69291296e+02 
 2.29086765e+07 -4.11164605e+01  2.29086765e+07 -1.69870161e+02 
 2.34422882e+07 -4.12060929e+01  2.34422882e+07 -1.70434778e+02 
 2.39883292e+07 -4.12938147e+01  2.39883292e+07 -1.70985219e+02 
 2.45470892e+07 -4.13797148e+01  2.45470892e+07 -1.71521551e+02 
 2.51188643e+07 -4.14638769e+01  2.51188643e+07 -1.72043832e+02 
 2.57039578e+07 -4.15463802e+01  2.57039578e+07 -1.72552116e+02 
 2.63026799e+07 -4.16272985e+01  2.63026799e+07 -1.73046448e+02 
 2.69153480e+07 -4.17067007e+01  2.69153480e+07 -1.73526871e+02 
 2.75422870e+07 -4.17846507e+01  2.75422870e+07 -1.73993420e+02 
 2.81838293e+07 -4.18612072e+01  2.81838293e+07 -1.74446127e+02 
 2.88403150e+07 -4.19364239e+01  2.88403150e+07 -1.74885023e+02 
 2.95120923e+07 -4.20103493e+01  2.95120923e+07 -1.75310135e+02 
 3.01995172e+07 -4.20830271e+01  3.01995172e+07 -1.75721489e+02 
 3.09029543e+07 -4.21544958e+01  3.09029543e+07 -1.76119112e+02 
 3.16227766e+07 -4.22247890e+01  3.16227766e+07 -1.76503031e+02 
 3.23593657e+07 -4.22939355e+01  3.23593657e+07 -1.76873279e+02 
 3.31131121e+07 -4.23619594e+01  3.31131121e+07 -1.77229889e+02 
 3.38844156e+07 -4.24288801e+01  3.38844156e+07 -1.77572901e+02 
 3.46736850e+07 -4.24947123e+01  3.46736850e+07 -1.77902364e+02 
 3.54813389e+07 -4.25594666e+01  3.54813389e+07 -1.78218331e+02 
 3.63078055e+07 -4.26231492e+01  3.63078055e+07 -1.78520867e+02 
 3.71535229e+07 -4.26857624e+01  3.71535229e+07 -1.78810046e+02 
 3.80189396e+07 -4.27473045e+01  3.80189396e+07 -1.79085957e+02 
 3.89045145e+07 -4.28077703e+01  3.89045145e+07 -1.79348699e+02 
 3.98107171e+07 -4.28671510e+01  3.98107171e+07 -1.79598386e+02 
 4.07380278e+07 -4.29254349e+01  4.07380278e+07 -1.79835151e+02 
 4.16869383e+07 -4.29826071e+01  4.16869383e+07  1.79940861e+02 
 4.26579519e+07 -4.30386503e+01  4.26579519e+07  1.79729485e+02 
 4.36515832e+07 -4.30935446e+01  4.36515832e+07  1.79530536e+02 
 4.46683592e+07 -4.31472681e+01  4.46683592e+07  1.79343812e+02 
 4.57088190e+07 -4.31997972e+01  4.57088190e+07  1.79169091e+02 
 4.67735141e+07 -4.32511067e+01  4.67735141e+07  1.79006128e+02 
 4.78630092e+07 -4.33011703e+01  4.78630092e+07  1.78854660e+02 
 4.89778819e+07 -4.33499608e+01  4.89778819e+07  1.78714400e+02 
 5.01187234e+07 -4.33974505e+01  5.01187234e+07  1.78585041e+02 
 5.12861384e+07 -4.34436114e+01  5.12861384e+07  1.78466254e+02 
 5.24807460e+07 -4.34884159e+01  5.24807460e+07  1.78357690e+02 
 5.37031796e+07 -4.35318364e+01  5.37031796e+07  1.78258976e+02 
 5.49540874e+07 -4.35738464e+01  5.49540874e+07  1.78169722e+02 
 5.62341325e+07 -4.36144203e+01  5.62341325e+07  1.78089515e+02 
 5.75439937e+07 -4.36535338e+01  5.75439937e+07  1.78017923e+02 
 5.88843655e+07 -4.36911644e+01  5.88843655e+07  1.77954497e+02 
 6.02559586e+07 -4.37272914e+01  6.02559586e+07  1.77898769e+02 
 6.16595002e+07 -4.37618963e+01  6.16595002e+07  1.77850255e+02 
 6.30957344e+07 -4.37949631e+01  6.30957344e+07  1.77808455e+02 
 6.45654229e+07 -4.38264786e+01  6.45654229e+07  1.77772856e+02 
 6.60693448e+07 -4.38564323e+01  6.60693448e+07  1.77742932e+02 
 6.76082975e+07 -4.38848169e+01  6.76082975e+07  1.77718146e+02 
 6.91830971e+07 -4.39116284e+01  6.91830971e+07  1.77697952e+02 
 7.07945784e+07 -4.39368663e+01  7.07945784e+07  1.77681795e+02 
 7.24435960e+07 -4.39605336e+01  7.24435960e+07  1.77669118e+02 
 7.41310241e+07 -4.39826372e+01  7.41310241e+07  1.77659356e+02 
 7.58577575e+07 -4.40031876e+01  7.58577575e+07  1.77651944e+02 
 7.76247117e+07 -4.40221993e+01  7.76247117e+07  1.77646317e+02 
 7.94328235e+07 -4.40396908e+01  7.94328235e+07  1.77641911e+02 
 8.12830516e+07 -4.40556844e+01  8.12830516e+07  1.77638167e+02 
 8.31763771e+07 -4.40702063e+01  8.31763771e+07  1.77634533e+02 
 8.51138038e+07 -4.40832868e+01  8.51138038e+07  1.77630462e+02 
 8.70963590e+07 -4.40949600e+01  8.70963590e+07  1.77625420e+02 
 8.91250938e+07 -4.41052636e+01  8.91250938e+07  1.77618884e+02 
 9.12010839e+07 -4.41142391e+01  9.12010839e+07  1.77610343e+02 
 9.33254301e+07 -4.41219315e+01  9.33254301e+07  1.77599304e+02 
 9.54992586e+07 -4.41283892e+01  9.54992586e+07  1.77585289e+02 
 9.77237221e+07 -4.41336636e+01  9.77237221e+07  1.77567842e+02 
 1.00000000e+08 -4.41378093e+01  1.00000000e+08  1.77546525e+02 
