 1.00000000e+00  7.88470330e+01  1.00000000e+00  1.79175476e+02 
 1.02329299e+00  7.88464216e+01  1.02329299e+00  1.79157454e+02 
 1.04712855e+00  7.88457861e+01  1.04712855e+00  1.79139088e+02 
 1.07151931e+00  7.88451259e+01  1.07151931e+00  1.79120374e+02 
 1.09647820e+00  7.88444401e+01  1.09647820e+00  1.79101308e+02 
 1.12201845e+00  7.88437280e+01  1.12201845e+00  1.79081886e+02 
 1.14815362e+00  7.88429889e+01  1.14815362e+00  1.79062105e+02 
 1.17489755e+00  7.88422220e+01  1.17489755e+00  1.79041963e+02 
 1.20226443e+00  7.88414267e+01  1.20226443e+00  1.79021455e+02 
 1.23026877e+00  7.88406021e+01  1.23026877e+00  1.79000579e+02 
 1.25892541e+00  7.88397475e+01  1.25892541e+00  1.78979333e+02 
 1.28824955e+00  7.88388623e+01  1.28824955e+00  1.78957713e+02 
 1.31825674e+00  7.88379457e+01  1.31825674e+00  1.78935717e+02 
 1.34896288e+00  7.88369972e+01  1.34896288e+00  1.78913343e+02 
 1.38038426e+00  7.88360159e+01  1.38038426e+00  1.78890588e+02 
 1.41253754e+00  7.88350013e+01  1.41253754e+00  1.78867451e+02 
 1.44543977e+00  7.88339528e+01  1.44543977e+00  1.78843929e+02 
 1.47910839e+00  7.88328698e+01  1.47910839e+00  1.78820022e+02 
 1.51356125e+00  7.88317517e+01  1.51356125e+00  1.78795726e+02 
 1.54881662e+00  7.88305982e+01  1.54881662e+00  1.78771042e+02 
 1.58489319e+00  7.88294087e+01  1.58489319e+00  1.78745967e+02 
 1.62181010e+00  7.88281829e+01  1.62181010e+00  1.78720499e+02 
 1.65958691e+00  7.88269203e+01  1.65958691e+00  1.78694639e+02 
 1.69824365e+00  7.88256208e+01  1.69824365e+00  1.78668385e+02 
 1.73780083e+00  7.88242840e+01  1.73780083e+00  1.78641734e+02 
 1.77827941e+00  7.88229098e+01  1.77827941e+00  1.78614688e+02 
 1.81970086e+00  7.88214982e+01  1.81970086e+00  1.78587244e+02 
 1.86208714e+00  7.88200490e+01  1.86208714e+00  1.78559400e+02 
 1.90546072e+00  7.88185624e+01  1.90546072e+00  1.78531157e+02 
 1.94984460e+00  7.88170385e+01  1.94984460e+00  1.78502512e+02 
 1.99526231e+00  7.88154774e+01  1.99526231e+00  1.78473464e+02 
 2.04173794e+00  7.88138796e+01  2.04173794e+00  1.78444012e+02 
 2.08929613e+00  7.88122453e+01  2.08929613e+00  1.78414153e+02 
 2.13796209e+00  7.88105751e+01  2.13796209e+00  1.78383884e+02 
 2.18776162e+00  7.88088696e+01  2.18776162e+00  1.78353204e+02 
 2.23872114e+00  7.88071294e+01  2.23872114e+00  1.78322110e+02 
 2.29086765e+00  7.88053553e+01  2.29086765e+00  1.78290597e+02 
 2.34422882e+00  7.88035481e+01  2.34422882e+00  1.78258663e+02 
 2.39883292e+00  7.88017087e+01  2.39883292e+00  1.78226302e+02 
 2.45470892e+00  7.87998383e+01  2.45470892e+00  1.78193509e+02 
 2.51188643e+00  7.87979380e+01  2.51188643e+00  1.78160279e+02 
 2.57039578e+00  7.87960089e+01  2.57039578e+00  1.78126605e+02 
 2.63026799e+00  7.87940523e+01  2.63026799e+00  1.78092480e+02 
 2.69153480e+00  7.87920697e+01  2.69153480e+00  1.78057896e+02 
 2.75422870e+00  7.87900625e+01  2.75422870e+00  1.78022843e+02 
 2.81838293e+00  7.87880322e+01  2.81838293e+00  1.77987312e+02 
 2.88403150e+00  7.87859804e+01  2.88403150e+00  1.77951291e+02 
 2.95120923e+00  7.87839088e+01  2.95120923e+00  1.77914769e+02 
 3.01995172e+00  7.87818190e+01  3.01995172e+00  1.77877733e+02 
 3.09029543e+00  7.87797127e+01  3.09029543e+00  1.77840167e+02 
 3.16227766e+00  7.87775919e+01  3.16227766e+00  1.77802057e+02 
 3.23593657e+00  7.87754581e+01  3.23593657e+00  1.77763386e+02 
 3.31131121e+00  7.87733133e+01  3.31131121e+00  1.77724137e+02 
 3.38844156e+00  7.87711592e+01  3.38844156e+00  1.77684289e+02 
 3.46736850e+00  7.87689977e+01  3.46736850e+00  1.77643822e+02 
 3.54813389e+00  7.87668306e+01  3.54813389e+00  1.77602715e+02 
 3.63078055e+00  7.87646596e+01  3.63078055e+00  1.77560945e+02 
 3.71535229e+00  7.87624865e+01  3.71535229e+00  1.77518486e+02 
 3.80189396e+00  7.87603130e+01  3.80189396e+00  1.77475314e+02 
 3.89045145e+00  7.87581407e+01  3.89045145e+00  1.77431402e+02 
 3.98107171e+00  7.87559712e+01  3.98107171e+00  1.77386720e+02 
 4.07380278e+00  7.87538060e+01  4.07380278e+00  1.77341240e+02 
 4.16869383e+00  7.87516466e+01  4.16869383e+00  1.77294931e+02 
 4.26579519e+00  7.87494943e+01  4.26579519e+00  1.77247759e+02 
 4.36515832e+00  7.87473504e+01  4.36515832e+00  1.77199693e+02 
 4.46683592e+00  7.87452160e+01  4.46683592e+00  1.77150697e+02 
 4.57088190e+00  7.87430922e+01  4.57088190e+00  1.77100736e+02 
 4.67735141e+00  7.87409799e+01  4.67735141e+00  1.77049773e+02 
 4.78630092e+00  7.87388799e+01  4.78630092e+00  1.76997769e+02 
 4.89778819e+00  7.87367929e+01  4.89778819e+00  1.76944685e+02 
 5.01187234e+00  7.87347195e+01  5.01187234e+00  1.76890483e+02 
 5.12861384e+00  7.87326601e+01  5.12861384e+00  1.76835119e+02 
 5.24807460e+00  7.87306150e+01  5.24807460e+00  1.76778553e+02 
 5.37031796e+00  7.87285843e+01  5.37031796e+00  1.76720741e+02 
 5.49540874e+00  7.87265681e+01  5.49540874e+00  1.76661638e+02 
 5.62341325e+00  7.87245663e+01  5.62341325e+00  1.76601201e+02 
 5.75439937e+00  7.87225785e+01  5.75439937e+00  1.76539384e+02 
 5.88843655e+00  7.87206044e+01  5.88843655e+00  1.76476139e+02 
 6.02559586e+00  7.87186434e+01  6.02559586e+00  1.76411420e+02 
 6.16595002e+00  7.87166948e+01  6.16595002e+00  1.76345179e+02 
 6.30957344e+00  7.87147578e+01  6.30957344e+00  1.76277365e+02 
 6.45654229e+00  7.87128314e+01  6.45654229e+00  1.76207931e+02 
 6.60693448e+00  7.87109145e+01  6.60693448e+00  1.76136825e+02 
 6.76082975e+00  7.87090058e+01  6.76082975e+00  1.76063995e+02 
 6.91830971e+00  7.87071040e+01  6.91830971e+00  1.75989392e+02 
 7.07945784e+00  7.87052074e+01  7.07945784e+00  1.75912961e+02 
 7.24435960e+00  7.87033144e+01  7.24435960e+00  1.75834649e+02 
 7.41310241e+00  7.87014232e+01  7.41310241e+00  1.75754402e+02 
 7.58577575e+00  7.86995318e+01  7.58577575e+00  1.75672166e+02 
 7.76247117e+00  7.86976381e+01  7.76247117e+00  1.75587885e+02 
 7.94328235e+00  7.86957399e+01  7.94328235e+00  1.75501503e+02 
 8.12830516e+00  7.86938348e+01  8.12830516e+00  1.75412963e+02 
 8.31763771e+00  7.86919203e+01  8.31763771e+00  1.75322206e+02 
 8.51138038e+00  7.86899938e+01  8.51138038e+00  1.75229175e+02 
 8.70963590e+00  7.86880524e+01  8.70963590e+00  1.75133810e+02 
 8.91250938e+00  7.86860932e+01  8.91250938e+00  1.75036050e+02 
 9.12010839e+00  7.86841132e+01  9.12010839e+00  1.74935835e+02 
 9.33254301e+00  7.86821090e+01  9.33254301e+00  1.74833103e+02 
 9.54992586e+00  7.86800774e+01  9.54992586e+00  1.74727791e+02 
 9.77237221e+00  7.86780147e+01  9.77237221e+00  1.74619835e+02 
 1.00000000e+01  7.86759173e+01  1.00000000e+01  1.74509171e+02 
 1.02329299e+01  7.86737813e+01  1.02329299e+01  1.74395732e+02 
 1.04712855e+01  7.86716027e+01  1.04712855e+01  1.74279453e+02 
 1.07151931e+01  7.86693772e+01  1.07151931e+01  1.74160266e+02 
 1.09647820e+01  7.86671005e+01  1.09647820e+01  1.74038102e+02 
 1.12201845e+01  7.86647680e+01  1.12201845e+01  1.73912891e+02 
 1.14815362e+01  7.86623749e+01  1.14815362e+01  1.73784563e+02 
 1.17489755e+01  7.86599163e+01  1.17489755e+01  1.73653046e+02 
 1.20226443e+01  7.86573869e+01  1.20226443e+01  1.73518267e+02 
 1.23026877e+01  7.86547814e+01  1.23026877e+01  1.73380152e+02 
 1.25892541e+01  7.86520941e+01  1.25892541e+01  1.73238626e+02 
 1.28824955e+01  7.86493192e+01  1.28824955e+01  1.73093612e+02 
 1.31825674e+01  7.86464505e+01  1.31825674e+01  1.72945033e+02 
 1.34896288e+01  7.86434816e+01  1.34896288e+01  1.72792811e+02 
 1.38038426e+01  7.86404060e+01  1.38038426e+01  1.72636865e+02 
 1.41253754e+01  7.86372166e+01  1.41253754e+01  1.72477116e+02 
 1.44543977e+01  7.86339062e+01  1.44543977e+01  1.72313479e+02 
 1.47910839e+01  7.86304673e+01  1.47910839e+01  1.72145874e+02 
 1.51356125e+01  7.86268921e+01  1.51356125e+01  1.71974215e+02 
 1.54881662e+01  7.86231723e+01  1.54881662e+01  1.71798416e+02 
 1.58489319e+01  7.86192995e+01  1.58489319e+01  1.71618392e+02 
 1.62181010e+01  7.86152647e+01  1.62181010e+01  1.71434055e+02 
 1.65958691e+01  7.86110587e+01  1.65958691e+01  1.71245316e+02 
 1.69824365e+01  7.86066717e+01  1.69824365e+01  1.71052085e+02 
 1.73780083e+01  7.86020939e+01  1.73780083e+01  1.70854273e+02 
 1.77827941e+01  7.85973146e+01  1.77827941e+01  1.70651787e+02 
 1.81970086e+01  7.85923229e+01  1.81970086e+01  1.70444536e+02 
 1.86208714e+01  7.85871076e+01  1.86208714e+01  1.70232426e+02 
 1.90546072e+01  7.85816567e+01  1.90546072e+01  1.70015364e+02 
 1.94984460e+01  7.85759581e+01  1.94984460e+01  1.69793254e+02 
 1.99526231e+01  7.85699988e+01  1.99526231e+01  1.69566003e+02 
 2.04173794e+01  7.85637655e+01  2.04173794e+01  1.69333513e+02 
 2.08929613e+01  7.85572445e+01  2.08929613e+01  1.69095690e+02 
 2.13796209e+01  7.85504214e+01  2.13796209e+01  1.68852438e+02 
 2.18776162e+01  7.85432812e+01  2.18776162e+01  1.68603658e+02 
 2.23872114e+01  7.85358084e+01  2.23872114e+01  1.68349255e+02 
 2.29086765e+01  7.85279869e+01  2.29086765e+01  1.68089132e+02 
 2.34422882e+01  7.85198000e+01  2.34422882e+01  1.67823193e+02 
 2.39883292e+01  7.85112305e+01  2.39883292e+01  1.67551341e+02 
 2.45470892e+01  7.85022603e+01  2.45470892e+01  1.67273480e+02 
 2.51188643e+01  7.84928709e+01  2.51188643e+01  1.66989515e+02 
 2.57039578e+01  7.84830430e+01  2.57039578e+01  1.66699351e+02 
 2.63026799e+01  7.84727566e+01  2.63026799e+01  1.66402895e+02 
 2.69153480e+01  7.84619913e+01  2.69153480e+01  1.66100053e+02 
 2.75422870e+01  7.84507256e+01  2.75422870e+01  1.65790733e+02 
 2.81838293e+01  7.84389375e+01  2.81838293e+01  1.65474847e+02 
 2.88403150e+01  7.84266043e+01  2.88403150e+01  1.65152304e+02 
 2.95120923e+01  7.84137025e+01  2.95120923e+01  1.64823018e+02 
 3.01995172e+01  7.84002078e+01  3.01995172e+01  1.64486905e+02 
 3.09029543e+01  7.83860953e+01  3.09029543e+01  1.64143881e+02 
 3.16227766e+01  7.83713393e+01  3.16227766e+01  1.63793867e+02 
 3.23593657e+01  7.83559132e+01  3.23593657e+01  1.63436785e+02 
 3.31131121e+01  7.83397898e+01  3.31131121e+01  1.63072560e+02 
 3.38844156e+01  7.83229409e+01  3.38844156e+01  1.62701122e+02 
 3.46736850e+01  7.83053379e+01  3.46736850e+01  1.62322403e+02 
 3.54813389e+01  7.82869510e+01  3.54813389e+01  1.61936340e+02 
 3.63078055e+01  7.82677499e+01  3.63078055e+01  1.61542871e+02 
 3.71535229e+01  7.82477035e+01  3.71535229e+01  1.61141944e+02 
 3.80189396e+01  7.82267798e+01  3.80189396e+01  1.60733506e+02 
 3.89045145e+01  7.82049462e+01  3.89045145e+01  1.60317512e+02 
 3.98107171e+01  7.81821692e+01  3.98107171e+01  1.59893924e+02 
 4.07380278e+01  7.81584146e+01  4.07380278e+01  1.59462706e+02 
 4.16869383e+01  7.81336478e+01  4.16869383e+01  1.59023831e+02 
 4.26579519e+01  7.81078329e+01  4.26579519e+01  1.58577277e+02 
 4.36515832e+01  7.80809340e+01  4.36515832e+01  1.58123030e+02 
 4.46683592e+01  7.80529140e+01  4.46683592e+01  1.57661082e+02 
 4.57088190e+01  7.80237355e+01  4.57088190e+01  1.57191434e+02 
 4.67735141e+01  7.79933604e+01  4.67735141e+01  1.56714094e+02 
 4.78630092e+01  7.79617503e+01  4.78630092e+01  1.56229080e+02 
 4.89778819e+01  7.79288660e+01  4.89778819e+01  1.55736416e+02 
 5.01187234e+01  7.78946681e+01  5.01187234e+01  1.55236137e+02 
 5.12861384e+01  7.78591166e+01  5.12861384e+01  1.54728287e+02 
 5.24807460e+01  7.78221714e+01  5.24807460e+01  1.54212920e+02 
 5.37031796e+01  7.77837919e+01  5.37031796e+01  1.53690100e+02 
 5.49540874e+01  7.77439377e+01  5.49540874e+01  1.53159903e+02 
 5.62341325e+01  7.77025678e+01  5.62341325e+01  1.52622412e+02 
 5.75439937e+01  7.76596416e+01  5.75439937e+01  1.52077725e+02 
 5.88843655e+01  7.76151182e+01  5.88843655e+01  1.51525949e+02 
 6.02559586e+01  7.75689571e+01  6.02559586e+01  1.50967204e+02 
 6.16595002e+01  7.75211178e+01  6.16595002e+01  1.50401621e+02 
 6.30957344e+01  7.74715603e+01  6.30957344e+01  1.49829342e+02 
 6.45654229e+01  7.74202450e+01  6.45654229e+01  1.49250523e+02 
 6.60693448e+01  7.73671327e+01  6.60693448e+01  1.48665330e+02 
 6.76082975e+01  7.73121849e+01  6.76082975e+01  1.48073942e+02 
 6.91830971e+01  7.72553640e+01  6.91830971e+01  1.47476551e+02 
 7.07945784e+01  7.71966331e+01  7.07945784e+01  1.46873360e+02 
 7.24435960e+01  7.71359562e+01  7.24435960e+01  1.46264585e+02 
 7.41310241e+01  7.70732985e+01  7.41310241e+01  1.45650451e+02 
 7.58577575e+01  7.70086263e+01  7.58577575e+01  1.45031198e+02 
 7.76247117e+01  7.69419074e+01  7.76247117e+01  1.44407076e+02 
 7.94328235e+01  7.68731107e+01  7.94328235e+01  1.43778344e+02 
 8.12830516e+01  7.68022070e+01  8.12830516e+01  1.43145275e+02 
 8.31763771e+01  7.67291683e+01  8.31763771e+01  1.42508150e+02 
 8.51138038e+01  7.66539688e+01  8.51138038e+01  1.41867259e+02 
 8.70963590e+01  7.65765842e+01  8.70963590e+01  1.41222903e+02 
 8.91250938e+01  7.64969923e+01  8.91250938e+01  1.40575391e+02 
 9.12010839e+01  7.64151727e+01  9.12010839e+01  1.39925037e+02 
 9.33254301e+01  7.63311073e+01  9.33254301e+01  1.39272167e+02 
 9.54992586e+01  7.62447802e+01  9.54992586e+01  1.38617109e+02 
 9.77237221e+01  7.61561776e+01  9.77237221e+01  1.37960199e+02 
 1.00000000e+02  7.60652880e+01  1.00000000e+02  1.37301777e+02 
 1.02329299e+02  7.59721023e+01  1.02329299e+02  1.36642186e+02 
 1.04712855e+02  7.58766137e+01  1.04712855e+02  1.35981774e+02 
 1.07151931e+02  7.57788180e+01  1.07151931e+02  1.35320889e+02 
 1.09647820e+02  7.56787131e+01  1.09647820e+02  1.34659882e+02 
 1.12201845e+02  7.55762996e+01  1.12201845e+02  1.33999102e+02 
 1.14815362e+02  7.54715805e+01  1.14815362e+02  1.33338900e+02 
 1.17489755e+02  7.53645611e+01  1.17489755e+02  1.32679624e+02 
 1.20226443e+02  7.52552493e+01  1.20226443e+02  1.32021620e+02 
 1.23026877e+02  7.51436551e+01  1.23026877e+02  1.31365229e+02 
 1.25892541e+02  7.50297911e+01  1.25892541e+02  1.30710791e+02 
 1.28824955e+02  7.49136719e+01  1.28824955e+02  1.30058637e+02 
 1.31825674e+02  7.47953146e+01  1.31825674e+02  1.29409096e+02 
 1.34896288e+02  7.46747382e+01  1.34896288e+02  1.28762488e+02 
 1.38038426e+02  7.45519640e+01  1.38038426e+02  1.28119125e+02 
 1.41253754e+02  7.44270150e+01  1.41253754e+02  1.27479312e+02 
 1.44543977e+02  7.42999165e+01  1.44543977e+02  1.26843347e+02 
 1.47910839e+02  7.41706951e+01  1.47910839e+02  1.26211515e+02 
 1.51356125e+02  7.40393796e+01  1.51356125e+02  1.25584093e+02 
 1.54881662e+02  7.39060000e+01  1.54881662e+02  1.24961348e+02 
 1.58489319e+02  7.37705880e+01  1.58489319e+02  1.24343536e+02 
 1.62181010e+02  7.36331767e+01  1.62181010e+02  1.23730901e+02 
 1.65958691e+02  7.34938004e+01  1.65958691e+02  1.23123676e+02 
 1.69824365e+02  7.33524945e+01  1.69824365e+02  1.22522082e+02 
 1.73780083e+02  7.32092954e+01  1.73780083e+02  1.21926329e+02 
 1.77827941e+02  7.30642407e+01  1.77827941e+02  1.21336613e+02 
 1.81970086e+02  7.29173685e+01  1.81970086e+02  1.20753120e+02 
 1.86208714e+02  7.27687178e+01  1.86208714e+02  1.20176022e+02 
 1.90546072e+02  7.26183280e+01  1.90546072e+02  1.19605479e+02 
 1.94984460e+02  7.24662391e+01  1.94984460e+02  1.19041640e+02 
 1.99526231e+02  7.23124915e+01  1.99526231e+02  1.18484640e+02 
 2.04173794e+02  7.21571258e+01  2.04173794e+02  1.17934604e+02 
 2.08929613e+02  7.20001829e+01  2.08929613e+02  1.17391642e+02 
 2.13796209e+02  7.18417035e+01  2.13796209e+02  1.16855857e+02 
 2.18776162e+02  7.16817286e+01  2.18776162e+02  1.16327337e+02 
 2.23872114e+02  7.15202990e+01  2.23872114e+02  1.15806159e+02 
 2.29086765e+02  7.13574553e+01  2.29086765e+02  1.15292392e+02 
 2.34422882e+02  7.11932379e+01  2.34422882e+02  1.14786091e+02 
 2.39883292e+02  7.10276869e+01  2.39883292e+02  1.14287303e+02 
 2.45470892e+02  7.08608419e+01  2.45470892e+02  1.13796065e+02 
 2.51188643e+02  7.06927423e+01  2.51188643e+02  1.13312404e+02 
 2.57039578e+02  7.05234267e+01  2.57039578e+02  1.12836337e+02 
 2.63026799e+02  7.03529335e+01  2.63026799e+02  1.12367875e+02 
 2.69153480e+02  7.01813003e+01  2.69153480e+02  1.11907018e+02 
 2.75422870e+02  7.00085641e+01  2.75422870e+02  1.11453760e+02 
 2.81838293e+02  6.98347612e+01  2.81838293e+02  1.11008086e+02 
 2.88403150e+02  6.96599273e+01  2.88403150e+02  1.10569974e+02 
 2.95120923e+02  6.94840974e+01  2.95120923e+02  1.10139396e+02 
 3.01995172e+02  6.93073057e+01  3.01995172e+02  1.09716318e+02 
 3.09029543e+02  6.91295856e+01  3.09029543e+02  1.09300699e+02 
 3.16227766e+02  6.89509697e+01  3.16227766e+02  1.08892493e+02 
 3.23593657e+02  6.87714900e+01  3.23593657e+02  1.08491648e+02 
 3.31131121e+02  6.85911775e+01  3.31131121e+02  1.08098108e+02 
 3.38844156e+02  6.84100624e+01  3.38844156e+02  1.07711812e+02 
 3.46736850e+02  6.82281741e+01  3.46736850e+02  1.07332695e+02 
 3.54813389e+02  6.80455414e+01  3.54813389e+02  1.06960689e+02 
 3.63078055e+02  6.78621919e+01  3.63078055e+02  1.06595721e+02 
 3.71535229e+02  6.76781528e+01  3.71535229e+02  1.06237716e+02 
 3.80189396e+02  6.74934501e+01  3.80189396e+02  1.05886594e+02 
 3.89045145e+02  6.73081094e+01  3.89045145e+02  1.05542275e+02 
 3.98107171e+02  6.71221551e+01  3.98107171e+02  1.05204675e+02 
 4.07380278e+02  6.69356111e+01  4.07380278e+02  1.04873709e+02 
 4.16869383e+02  6.67485005e+01  4.16869383e+02  1.04549289e+02 
 4.26579519e+02  6.65608454e+01  4.26579519e+02  1.04231325e+02 
 4.36515832e+02  6.63726676e+01  4.36515832e+02  1.03919727e+02 
 4.46683592e+02  6.61839877e+01  4.46683592e+02  1.03614403e+02 
 4.57088190e+02  6.59948259e+01  4.57088190e+02  1.03315261e+02 
 4.67735141e+02  6.58052016e+01  4.67735141e+02  1.03022206e+02 
 4.78630092e+02  6.56151334e+01  4.78630092e+02  1.02735145e+02 
 4.89778819e+02  6.54246395e+01  4.89778819e+02  1.02453981e+02 
 5.01187234e+02  6.52337371e+01  5.01187234e+02  1.02178621e+02 
 5.12861384e+02  6.50424431e+01  5.12861384e+02  1.01908969e+02 
 5.24807460e+02  6.48507735e+01  5.24807460e+02  1.01644929e+02 
 5.37031796e+02  6.46587439e+01  5.37031796e+02  1.01386405e+02 
 5.49540874e+02  6.44663692e+01  5.49540874e+02  1.01133304e+02 
 5.62341325e+02  6.42736638e+01  5.62341325e+02  1.00885529e+02 
 5.75439937e+02  6.40806416e+01  5.75439937e+02  1.00642986e+02 
 5.88843655e+02  6.38873158e+01  5.88843655e+02  1.00405581e+02 
 6.02559586e+02  6.36936991e+01  6.02559586e+02  1.00173221e+02 
 6.16595002e+02  6.34998039e+01  6.16595002e+02  9.99458127e+01 
 6.30957344e+02  6.33056420e+01  6.30957344e+02  9.97232642e+01 
 6.45654229e+02  6.31112246e+01  6.45654229e+02  9.95054840e+01 
 6.60693448e+02  6.29165626e+01  6.60693448e+02  9.92923818e+01 
 6.76082975e+02  6.27216666e+01  6.76082975e+02  9.90838680e+01 
 6.91830971e+02  6.25265464e+01  6.91830971e+02  9.88798539e+01 
 7.07945784e+02  6.23312117e+01  7.07945784e+02  9.86802518e+01 
 7.24435960e+02  6.21356717e+01  7.24435960e+02  9.84849753e+01 
 7.41310241e+02  6.19399352e+01  7.41310241e+02  9.82939388e+01 
 7.58577575e+02  6.17440107e+01  7.58577575e+02  9.81070577e+01 
 7.76247117e+02  6.15479064e+01  7.76247117e+02  9.79242489e+01 
 7.94328235e+02  6.13516300e+01  7.94328235e+02  9.77454301e+01 
 8.12830516e+02  6.11551890e+01  8.12830516e+02  9.75705203e+01 
 8.31763771e+02  6.09585906e+01  8.31763771e+02  9.73994398e+01 
 8.51138038e+02  6.07618415e+01  8.51138038e+02  9.72321099e+01 
 8.70963590e+02  6.05649484e+01  8.70963590e+02  9.70684532e+01 
 8.91250938e+02  6.03679175e+01  8.91250938e+02  9.69083934e+01 
 9.12010839e+02  6.01707549e+01  9.12010839e+02  9.67518557e+01 
 9.33254301e+02  5.99734663e+01  9.33254301e+02  9.65987663e+01 
 9.54992586e+02  5.97760572e+01  9.54992586e+02  9.64490527e+01 
 9.77237221e+02  5.95785330e+01  9.77237221e+02  9.63026435e+01 
 1.00000000e+03  5.93808987e+01  1.00000000e+03  9.61594686e+01 
 1.02329299e+03  5.91831591e+01  1.02329299e+03  9.60194594e+01 
 1.04712855e+03  5.89853188e+01  1.04712855e+03  9.58825480e+01 
 1.07151931e+03  5.87873824e+01  1.07151931e+03  9.57486682e+01 
 1.09647820e+03  5.85893540e+01  1.09647820e+03  9.56177546e+01 
 1.12201845e+03  5.83912377e+01  1.12201845e+03  9.54897433e+01 
 1.14815362e+03  5.81930373e+01  1.14815362e+03  9.53645715e+01 
 1.17489755e+03  5.79947567e+01  1.17489755e+03  9.52421774e+01 
 1.20226443e+03  5.77963993e+01  1.20226443e+03  9.51225006e+01 
 1.23026877e+03  5.75979686e+01  1.23026877e+03  9.50054817e+01 
 1.25892541e+03  5.73994678e+01  1.25892541e+03  9.48910626e+01 
 1.28824955e+03  5.72009000e+01  1.28824955e+03  9.47791861e+01 
 1.31825674e+03  5.70022681e+01  1.31825674e+03  9.46697963e+01 
 1.34896288e+03  5.68035751e+01  1.34896288e+03  9.45628383e+01 
 1.38038426e+03  5.66048236e+01  1.38038426e+03  9.44582584e+01 
 1.41253754e+03  5.64060163e+01  1.41253754e+03  9.43560038e+01 
 1.44543977e+03  5.62071556e+01  1.44543977e+03  9.42560229e+01 
 1.47910839e+03  5.60082439e+01  1.47910839e+03  9.41582649e+01 
 1.51356125e+03  5.58092835e+01  1.51356125e+03  9.40626805e+01 
 1.54881662e+03  5.56102765e+01  1.54881662e+03  9.39692208e+01 
 1.58489319e+03  5.54112250e+01  1.58489319e+03  9.38778383e+01 
 1.62181010e+03  5.52121311e+01  1.62181010e+03  9.37884864e+01 
 1.65958691e+03  5.50129965e+01  1.65958691e+03  9.37011194e+01 
 1.69824365e+03  5.48138231e+01  1.69824365e+03  9.36156926e+01 
 1.73780083e+03  5.46146127e+01  1.73780083e+03  9.35321621e+01 
 1.77827941e+03  5.44153669e+01  1.77827941e+03  9.34504850e+01 
 1.81970086e+03  5.42160873e+01  1.81970086e+03  9.33706193e+01 
 1.86208714e+03  5.40167753e+01  1.86208714e+03  9.32925238e+01 
 1.90546072e+03  5.38174325e+01  1.90546072e+03  9.32161584e+01 
 1.94984460e+03  5.36180602e+01  1.94984460e+03  9.31414835e+01 
 1.99526231e+03  5.34186598e+01  1.99526231e+03  9.30684605e+01 
 2.04173794e+03  5.32192324e+01  2.04173794e+03  9.29970516e+01 
 2.08929613e+03  5.30197793e+01  2.08929613e+03  9.29272198e+01 
 2.13796209e+03  5.28203017e+01  2.13796209e+03  9.28589289e+01 
 2.18776162e+03  5.26208006e+01  2.18776162e+03  9.27921434e+01 
 2.23872114e+03  5.24212772e+01  2.23872114e+03  9.27268286e+01 
 2.29086765e+03  5.22217323e+01  2.29086765e+03  9.26629505e+01 
 2.34422882e+03  5.20221670e+01  2.34422882e+03  9.26004758e+01 
 2.39883292e+03  5.18225822e+01  2.39883292e+03  9.25393721e+01 
 2.45470892e+03  5.16229787e+01  2.45470892e+03  9.24796073e+01 
 2.51188643e+03  5.14233574e+01  2.51188643e+03  9.24211504e+01 
 2.57039578e+03  5.12237191e+01  2.57039578e+03  9.23639708e+01 
 2.63026799e+03  5.10240645e+01  2.63026799e+03  9.23080386e+01 
 2.69153480e+03  5.08243945e+01  2.69153480e+03  9.22533245e+01 
 2.75422870e+03  5.06247096e+01  2.75422870e+03  9.21997999e+01 
 2.81838293e+03  5.04250105e+01  2.81838293e+03  9.21474368e+01 
 2.88403150e+03  5.02252979e+01  2.88403150e+03  9.20962077e+01 
 2.95120923e+03  5.00255724e+01  2.95120923e+03  9.20460858e+01 
 3.01995172e+03  4.98258346e+01  3.01995172e+03  9.19970448e+01 
 3.09029543e+03  4.96260850e+01  3.09029543e+03  9.19490590e+01 
 3.16227766e+03  4.94263241e+01  3.16227766e+03  9.19021031e+01 
 3.23593657e+03  4.92265525e+01  3.23593657e+03  9.18561524e+01 
 3.31131121e+03  4.90267706e+01  3.31131121e+03  9.18111830e+01 
 3.38844156e+03  4.88269789e+01  3.38844156e+03  9.17671710e+01 
 3.46736850e+03  4.86271779e+01  3.46736850e+03  9.17240934e+01 
 3.54813389e+03  4.84273679e+01  3.54813389e+03  9.16819274e+01 
 3.63078055e+03  4.82275493e+01  3.63078055e+03  9.16406510e+01 
 3.71535229e+03  4.80277227e+01  3.71535229e+03  9.16002423e+01 
 3.80189396e+03  4.78278882e+01  3.80189396e+03  9.15606801e+01 
 3.89045145e+03  4.76280462e+01  3.89045145e+03  9.15219435e+01 
 3.98107171e+03  4.74281972e+01  3.98107171e+03  9.14840122e+01 
 4.07380278e+03  4.72283414e+01  4.07380278e+03  9.14468661e+01 
 4.16869383e+03  4.70284791e+01  4.16869383e+03  9.14104856e+01 
 4.26579519e+03  4.68286106e+01  4.26579519e+03  9.13748515e+01 
 4.36515832e+03  4.66287362e+01  4.36515832e+03  9.13399451e+01 
 4.46683592e+03  4.64288562e+01  4.46683592e+03  9.13057479e+01 
 4.57088190e+03  4.62289707e+01  4.57088190e+03  9.12722419e+01 
 4.67735141e+03  4.60290801e+01  4.67735141e+03  9.12394094e+01 
 4.78630092e+03  4.58291846e+01  4.78630092e+03  9.12072331e+01 
 4.89778819e+03  4.56292844e+01  4.89778819e+03  9.11756959e+01 
 5.01187234e+03  4.54293797e+01  5.01187234e+03  9.11447812e+01 
 5.12861384e+03  4.52294708e+01  5.12861384e+03  9.11144727e+01 
 5.24807460e+03  4.50295577e+01  5.24807460e+03  9.10847543e+01 
 5.37031796e+03  4.48296408e+01  5.37031796e+03  9.10556104e+01 
 5.49540874e+03  4.46297201e+01  5.49540874e+03  9.10270255e+01 
 5.62341325e+03  4.44297958e+01  5.62341325e+03  9.09989845e+01 
 5.75439937e+03  4.42298681e+01  5.75439937e+03  9.09714726e+01 
 5.88843655e+03  4.40299372e+01  5.88843655e+03  9.09444753e+01 
 6.02559586e+03  4.38300032e+01  6.02559586e+03  9.09179783e+01 
 6.16595002e+03  4.36300663e+01  6.16595002e+03  9.08919675e+01 
 6.30957344e+03  4.34301265e+01  6.30957344e+03  9.08664292e+01 
 6.45654229e+03  4.32301840e+01  6.45654229e+03  9.08413500e+01 
 6.60693448e+03  4.30302389e+01  6.60693448e+03  9.08167164e+01 
 6.76082975e+03  4.28302914e+01  6.76082975e+03  9.07925155e+01 
 6.91830971e+03  4.26303415e+01  6.91830971e+03  9.07687345e+01 
 7.07945784e+03  4.24303893e+01  7.07945784e+03  9.07453608e+01 
 7.24435960e+03  4.22304351e+01  7.24435960e+03  9.07223820e+01 
 7.41310241e+03  4.20304787e+01  7.41310241e+03  9.06997859e+01 
 7.58577575e+03  4.18305205e+01  7.58577575e+03  9.06775606e+01 
 7.76247117e+03  4.16305603e+01  7.76247117e+03  9.06556944e+01 
 7.94328235e+03  4.14305984e+01  7.94328235e+03  9.06341756e+01 
 8.12830516e+03  4.12306348e+01  8.12830516e+03  9.06129928e+01 
 8.31763771e+03  4.10306695e+01  8.31763771e+03  9.05921349e+01 
 8.51138038e+03  4.08307027e+01  8.51138038e+03  9.05715908e+01 
 8.70963590e+03  4.06307344e+01  8.70963590e+03  9.05513496e+01 
 8.91250938e+03  4.04307648e+01  8.91250938e+03  9.05314005e+01 
 9.12010839e+03  4.02307937e+01  9.12010839e+03  9.05117331e+01 
 9.33254301e+03  4.00308214e+01  9.33254301e+03  9.04923369e+01 
 9.54992586e+03  3.98308478e+01  9.54992586e+03  9.04732016e+01 
 9.77237221e+03  3.96308731e+01  9.77237221e+03  9.04543171e+01 
 1.00000000e+04  3.94308973e+01  1.00000000e+04  9.04356734e+01 
 1.02329299e+04  3.92309204e+01  1.02329299e+04  9.04172606e+01 
 1.04712855e+04  3.90309425e+01  1.04712855e+04  9.03990689e+01 
 1.07151931e+04  3.88309636e+01  1.07151931e+04  9.03810888e+01 
 1.09647820e+04  3.86309837e+01  1.09647820e+04  9.03633106e+01 
 1.12201845e+04  3.84310030e+01  1.12201845e+04  9.03457251e+01 
 1.14815362e+04  3.82310215e+01  1.14815362e+04  9.03283227e+01 
 1.17489755e+04  3.80310391e+01  1.17489755e+04  9.03110944e+01 
 1.20226443e+04  3.78310560e+01  1.20226443e+04  9.02940311e+01 
 1.23026877e+04  3.76310722e+01  1.23026877e+04  9.02771235e+01 
 1.25892541e+04  3.74310876e+01  1.25892541e+04  9.02603629e+01 
 1.28824955e+04  3.72311024e+01  1.28824955e+04  9.02437403e+01 
 1.31825674e+04  3.70311166e+01  1.31825674e+04  9.02272469e+01 
 1.34896288e+04  3.68311302e+01  1.34896288e+04  9.02108740e+01 
 1.38038426e+04  3.66311432e+01  1.38038426e+04  9.01946129e+01 
 1.41253754e+04  3.64311556e+01  1.41253754e+04  9.01784549e+01 
 1.44543977e+04  3.62311675e+01  1.44543977e+04  9.01623916e+01 
 1.47910839e+04  3.60311790e+01  1.47910839e+04  9.01464144e+01 
 1.51356125e+04  3.58311899e+01  1.51356125e+04  9.01305148e+01 
 1.54881662e+04  3.56312005e+01  1.54881662e+04  9.01146844e+01 
 1.58489319e+04  3.54312106e+01  1.58489319e+04  9.00989148e+01 
 1.62181010e+04  3.52312203e+01  1.62181010e+04  9.00831978e+01 
 1.65958691e+04  3.50312296e+01  1.65958691e+04  9.00675248e+01 
 1.69824365e+04  3.48312385e+01  1.69824365e+04  9.00518877e+01 
 1.73780083e+04  3.46312471e+01  1.73780083e+04  9.00362781e+01 
 1.77827941e+04  3.44312554e+01  1.77827941e+04  9.00206879e+01 
 1.81970086e+04  3.42312634e+01  1.81970086e+04  9.00051086e+01 
 1.86208714e+04  3.40312711e+01  1.86208714e+04  8.99895321e+01 
 1.90546072e+04  3.38312785e+01  1.90546072e+04  8.99739501e+01 
 1.94984460e+04  3.36312857e+01  1.94984460e+04  8.99583544e+01 
 1.99526231e+04  3.34312926e+01  1.99526231e+04  8.99427366e+01 
 2.04173794e+04  3.32312993e+01  2.04173794e+04  8.99270886e+01 
 2.08929613e+04  3.30313058e+01  2.08929613e+04  8.99114020e+01 
 2.13796209e+04  3.28313121e+01  2.13796209e+04  8.98956685e+01 
 2.18776162e+04  3.26313182e+01  2.18776162e+04  8.98798798e+01 
 2.23872114e+04  3.24313241e+01  2.23872114e+04  8.98640276e+01 
 2.29086765e+04  3.22313298e+01  2.29086765e+04  8.98481033e+01 
 2.34422882e+04  3.20313355e+01  2.34422882e+04  8.98320987e+01 
 2.39883292e+04  3.18313409e+01  2.39883292e+04  8.98160052e+01 
 2.45470892e+04  3.16313463e+01  2.45470892e+04  8.97998143e+01 
 2.51188643e+04  3.14313516e+01  2.51188643e+04  8.97835174e+01 
 2.57039578e+04  3.12313567e+01  2.57039578e+04  8.97671059e+01 
 2.63026799e+04  3.10313618e+01  2.63026799e+04  8.97505711e+01 
 2.69153480e+04  3.08313668e+01  2.69153480e+04  8.97339043e+01 
 2.75422870e+04  3.06313717e+01  2.75422870e+04  8.97170966e+01 
 2.81838293e+04  3.04313765e+01  2.81838293e+04  8.97001391e+01 
 2.88403150e+04  3.02313813e+01  2.88403150e+04  8.96830229e+01 
 2.95120923e+04  3.00313861e+01  2.95120923e+04  8.96657390e+01 
 3.01995172e+04  2.98313909e+01  3.01995172e+04  8.96482781e+01 
 3.09029543e+04  2.96313956e+01  3.09029543e+04  8.96306310e+01 
 3.16227766e+04  2.94314004e+01  3.16227766e+04  8.96127884e+01 
 3.23593657e+04  2.92314051e+01  3.23593657e+04  8.95947409e+01 
 3.31131121e+04  2.90314099e+01  3.31131121e+04  8.95764789e+01 
 3.38844156e+04  2.88314147e+01  3.38844156e+04  8.95579928e+01 
 3.46736850e+04  2.86314195e+01  3.46736850e+04  8.95392727e+01 
 3.54813389e+04  2.84314244e+01  3.54813389e+04  8.95203089e+01 
 3.63078055e+04  2.82314294e+01  3.63078055e+04  8.95010912e+01 
 3.71535229e+04  2.80314344e+01  3.71535229e+04  8.94816095e+01 
 3.80189396e+04  2.78314396e+01  3.80189396e+04  8.94618536e+01 
 3.89045145e+04  2.76314448e+01  3.89045145e+04  8.94418130e+01 
 3.98107171e+04  2.74314501e+01  3.98107171e+04  8.94214771e+01 
 4.07380278e+04  2.72314556e+01  4.07380278e+04  8.94008351e+01 
 4.16869383e+04  2.70314612e+01  4.16869383e+04  8.93798763e+01 
 4.26579519e+04  2.68314670e+01  4.26579519e+04  8.93585895e+01 
 4.36515832e+04  2.66314729e+01  4.36515832e+04  8.93369634e+01 
 4.46683592e+04  2.64314790e+01  4.46683592e+04  8.93149868e+01 
 4.57088190e+04  2.62314853e+01  4.57088190e+04  8.92926480e+01 
 4.67735141e+04  2.60314919e+01  4.67735141e+04  8.92699352e+01 
 4.78630092e+04  2.58314986e+01  4.78630092e+04  8.92468364e+01 
 4.89778819e+04  2.56315056e+01  4.89778819e+04  8.92233396e+01 
 5.01187234e+04  2.54315129e+01  5.01187234e+04  8.91994322e+01 
 5.12861384e+04  2.52315205e+01  5.12861384e+04  8.91751018e+01 
 5.24807460e+04  2.50315284e+01  5.24807460e+04  8.91503355e+01 
 5.37031796e+04  2.48315366e+01  5.37031796e+04  8.91251203e+01 
 5.49540874e+04  2.46315452e+01  5.49540874e+04  8.90994430e+01 
 5.62341325e+04  2.44315541e+01  5.62341325e+04  8.90732900e+01 
 5.75439937e+04  2.42315635e+01  5.75439937e+04  8.90466475e+01 
 5.88843655e+04  2.40315733e+01  5.88843655e+04  8.90195017e+01 
 6.02559586e+04  2.38315836e+01  6.02559586e+04  8.89918382e+01 
 6.16595002e+04  2.36315943e+01  6.16595002e+04  8.89636425e+01 
 6.30957344e+04  2.34316056e+01  6.30957344e+04  8.89348998e+01 
 6.45654229e+04  2.32316174e+01  6.45654229e+04  8.89055951e+01 
 6.60693448e+04  2.30316299e+01  6.60693448e+04  8.88757130e+01 
 6.76082975e+04  2.28316429e+01  6.76082975e+04  8.88452378e+01 
 6.91830971e+04  2.26316567e+01  6.91830971e+04  8.88141536e+01 
 7.07945784e+04  2.24316711e+01  7.07945784e+04  8.87824441e+01 
 7.24435960e+04  2.22316864e+01  7.24435960e+04  8.87500927e+01 
 7.41310241e+04  2.20317024e+01  7.41310241e+04  8.87170825e+01 
 7.58577575e+04  2.18317193e+01  7.58577575e+04  8.86833962e+01 
 7.76247117e+04  2.16317372e+01  7.76247117e+04  8.86490163e+01 
 7.94328235e+04  2.14317560e+01  7.94328235e+04  8.86139248e+01 
 8.12830516e+04  2.12317758e+01  8.12830516e+04  8.85781034e+01 
 8.31763771e+04  2.10317968e+01  8.31763771e+04  8.85415334e+01 
 8.51138038e+04  2.08318190e+01  8.51138038e+04  8.85041957e+01 
 8.70963590e+04  2.06318425e+01  8.70963590e+04  8.84660710e+01 
 8.91250938e+04  2.04318673e+01  8.91250938e+04  8.84271393e+01 
 9.12010839e+04  2.02318935e+01  9.12010839e+04  8.83873804e+01 
 9.33254301e+04  2.00319213e+01  9.33254301e+04  8.83467737e+01 
 9.54992586e+04  1.98319507e+01  9.54992586e+04  8.83052980e+01 
 9.77237221e+04  1.96319818e+01  9.77237221e+04  8.82629317e+01 
 1.00000000e+05  1.94320148e+01  1.00000000e+05  8.82196530e+01 
 1.02329299e+05  1.92320498e+01  1.02329299e+05  8.81754394e+01 
 1.04712855e+05  1.90320869e+01  1.04712855e+05  8.81302679e+01 
 1.07151931e+05  1.88321262e+01  1.07151931e+05  8.80841151e+01 
 1.09647820e+05  1.86321680e+01  1.09647820e+05  8.80369572e+01 
 1.12201845e+05  1.84322123e+01  1.12201845e+05  8.79887697e+01 
 1.14815362e+05  1.82322594e+01  1.14815362e+05  8.79395276e+01 
 1.17489755e+05  1.80323093e+01  1.17489755e+05  8.78892057e+01 
 1.20226443e+05  1.78323624e+01  1.20226443e+05  8.78377777e+01 
 1.23026877e+05  1.76324188e+01  1.23026877e+05  8.77852173e+01 
 1.25892541e+05  1.74324787e+01  1.25892541e+05  8.77314972e+01 
 1.28824955e+05  1.72325424e+01  1.28824955e+05  8.76765897e+01 
 1.31825674e+05  1.70326101e+01  1.31825674e+05  8.76204665e+01 
 1.34896288e+05  1.68326822e+01  1.34896288e+05  8.75630986e+01 
 1.38038426e+05  1.66327588e+01  1.38038426e+05  8.75044565e+01 
 1.41253754e+05  1.64328403e+01  1.41253754e+05  8.74445099e+01 
 1.44543977e+05  1.62329270e+01  1.44543977e+05  8.73832279e+01 
 1.47910839e+05  1.60330193e+01  1.47910839e+05  8.73205790e+01 
 1.51356125e+05  1.58331175e+01  1.51356125e+05  8.72565308e+01 
 1.54881662e+05  1.56332220e+01  1.54881662e+05  8.71910504e+01 
 1.58489319e+05  1.54333332e+01  1.58489319e+05  8.71241040e+01 
 1.62181010e+05  1.52334516e+01  1.62181010e+05  8.70556570e+01 
 1.65958691e+05  1.50335777e+01  1.65958691e+05  8.69856743e+01 
 1.69824365e+05  1.48337119e+01  1.69824365e+05  8.69141197e+01 
 1.73780083e+05  1.46338547e+01  1.73780083e+05  8.68409563e+01 
 1.77827941e+05  1.44340068e+01  1.77827941e+05  8.67661462e+01 
 1.81970086e+05  1.42341686e+01  1.81970086e+05  8.66896510e+01 
 1.86208714e+05  1.40343409e+01  1.86208714e+05  8.66114311e+01 
 1.90546072e+05  1.38345243e+01  1.90546072e+05  8.65314459e+01 
 1.94984460e+05  1.36347194e+01  1.94984460e+05  8.64496541e+01 
 1.99526231e+05  1.34349271e+01  1.99526231e+05  8.63660134e+01 
 2.04173794e+05  1.32351481e+01  2.04173794e+05  8.62804804e+01 
 2.08929613e+05  1.30353832e+01  2.08929613e+05  8.61930107e+01 
 2.13796209e+05  1.28356332e+01  2.13796209e+05  8.61035588e+01 
 2.18776162e+05  1.26358992e+01  2.18776162e+05  8.60120782e+01 
 2.23872114e+05  1.24361819e+01  2.23872114e+05  8.59185212e+01 
 2.29086765e+05  1.22364825e+01  2.29086765e+05  8.58228392e+01 
 2.34422882e+05  1.20368020e+01  2.34422882e+05  8.57249820e+01 
 2.39883292e+05  1.18371415e+01  2.39883292e+05  8.56248986e+01 
 2.45470892e+05  1.16375021e+01  2.45470892e+05  8.55225365e+01 
 2.51188643e+05  1.14378851e+01  2.51188643e+05  8.54178420e+01 
 2.57039578e+05  1.12382918e+01  2.57039578e+05  8.53107601e+01 
 2.63026799e+05  1.10387234e+01  2.63026799e+05  8.52012345e+01 
 2.69153480e+05  1.08391814e+01  2.69153480e+05  8.50892074e+01 
 2.75422870e+05  1.06396672e+01  2.75422870e+05  8.49746197e+01 
 2.81838293e+05  1.04401824e+01  2.81838293e+05  8.48574108e+01 
 2.88403150e+05  1.02407286e+01  2.88403150e+05  8.47375186e+01 
 2.95120923e+05  1.00413074e+01  2.95120923e+05  8.46148794e+01 
 3.01995172e+05  9.84192057e+00  3.01995172e+05  8.44894282e+01 
 3.09029543e+05  9.64256991e+00  3.09029543e+05  8.43610981e+01 
 3.16227766e+05  9.44325734e+00  3.16227766e+05  8.42298207e+01 
 3.23593657e+05  9.24398483e+00  3.23593657e+05  8.40955258e+01 
 3.31131121e+05  9.04475443e+00  3.31131121e+05  8.39581417e+01 
 3.38844156e+05  8.84556829e+00  3.38844156e+05  8.38175947e+01 
 3.46736850e+05  8.64642866e+00  3.46736850e+05  8.36738094e+01 
 3.54813389e+05  8.44733787e+00  3.54813389e+05  8.35267085e+01 
 3.63078055e+05  8.24829835e+00  3.63078055e+05  8.33762128e+01 
 3.71535229e+05  8.04931262e+00  3.71535229e+05  8.32222413e+01 
 3.80189396e+05  7.85038333e+00  3.80189396e+05  8.30647108e+01 
 3.89045145e+05  7.65151323e+00  3.89045145e+05  8.29035361e+01 
 3.98107171e+05  7.45270518e+00  3.98107171e+05  8.27386302e+01 
 4.07380278e+05  7.25396216e+00  4.07380278e+05  8.25699035e+01 
 4.16869383e+05  7.05528727e+00  4.16869383e+05  8.23972647e+01 
 4.26579519e+05  6.85668376e+00  4.26579519e+05  8.22206198e+01 
 4.36515832e+05  6.65815500e+00  4.36515832e+05  8.20398729e+01 
 4.46683592e+05  6.45970450e+00  4.46683592e+05  8.18549255e+01 
 4.57088190e+05  6.26133592e+00  4.57088190e+05  8.16656769e+01 
 4.67735141e+05  6.06305308e+00  4.67735141e+05  8.14720238e+01 
 4.78630092e+05  5.86485997e+00  4.78630092e+05  8.12738603e+01 
 4.89778819e+05  5.66676072e+00  4.89778819e+05  8.10710782e+01 
 5.01187234e+05  5.46875967e+00  5.01187234e+05  8.08635664e+01 
 5.12861384e+05  5.27086132e+00  5.12861384e+05  8.06512112e+01 
 5.24807460e+05  5.07307038e+00  5.24807460e+05  8.04338961e+01 
 5.37031796e+05  4.87539177e+00  5.37031796e+05  8.02115016e+01 
 5.49540874e+05  4.67783058e+00  5.49540874e+05  7.99839056e+01 
 5.62341325e+05  4.48039218e+00  5.62341325e+05  7.97509825e+01 
 5.75439937e+05  4.28308213e+00  5.75439937e+05  7.95126041e+01 
 5.88843655e+05  4.08590624e+00  5.88843655e+05  7.92686386e+01 
 6.02559586e+05  3.88887058e+00  6.02559586e+05  7.90189512e+01 
 6.16595002e+05  3.69198148e+00  6.16595002e+05  7.87634037e+01 
 6.30957344e+05  3.49524555e+00  6.30957344e+05  7.85018542e+01 
 6.45654229e+05  3.29866969e+00  6.45654229e+05  7.82341574e+01 
 6.60693448e+05  3.10226108e+00  6.60693448e+05  7.79601644e+01 
 6.76082975e+05  2.90602724e+00  6.76082975e+05  7.76797223e+01 
 6.91830971e+05  2.70997600e+00  6.91830971e+05  7.73926745e+01 
 7.07945784e+05  2.51411554e+00  7.07945784e+05  7.70988602e+01 
 7.24435960e+05  2.31845437e+00  7.24435960e+05  7.67981145e+01 
 7.41310241e+05  2.12300140e+00  7.41310241e+05  7.64902681e+01 
 7.58577575e+05  1.92776590e+00  7.58577575e+05  7.61751475e+01 
 7.76247117e+05  1.73275755e+00  7.76247117e+05  7.58525742e+01 
 7.94328235e+05  1.53798644e+00  7.94328235e+05  7.55223652e+01 
 8.12830516e+05  1.34346308e+00  8.12830516e+05  7.51843326e+01 
 8.31763771e+05  1.14919842e+00  8.31763771e+05  7.48382832e+01 
 8.51138038e+05  9.55203896e-01  8.51138038e+05  7.44840187e+01 
 8.70963590e+05  7.61491386e-01  8.70963590e+05  7.41213352e+01 
 8.91250938e+05  5.68073277e-01  8.91250938e+05  7.37500229e+01 
 9.12010839e+05  3.74962454e-01  9.12010839e+05  7.33698665e+01 
 9.33254301e+05  1.82172325e-01  9.33254301e+05  7.29806440e+01 
 9.54992586e+05 -1.02831644e-02  9.54992586e+05  7.25821273e+01 
 9.77237221e+05 -2.02389523e-01  9.77237221e+05  7.21740816e+01 
 1.00000000e+06 -3.94131693e-01  1.00000000e+06  7.17562649e+01 
 1.02329299e+06 -5.85494042e-01  1.02329299e+06  7.13284281e+01 
 1.04712855e+06 -7.76460351e-01  1.04712855e+06  7.08903144e+01 
 1.07151931e+06 -9.67013802e-01  1.07151931e+06  7.04416590e+01 
 1.09647820e+06 -1.15713697e+00  1.09647820e+06  6.99821887e+01 
 1.12201845e+06 -1.34681183e+00  1.12201845e+06  6.95116218e+01 
 1.14815362e+06 -1.53601972e+00  1.14815362e+06  6.90296672e+01 
 1.17489755e+06 -1.72474139e+00  1.17489755e+06  6.85360241e+01 
 1.20226443e+06 -1.91295695e+00  1.20226443e+06  6.80303818e+01 
 1.23026877e+06 -2.10064594e+00  1.23026877e+06  6.75124188e+01 
 1.25892541e+06 -2.28778728e+00  1.25892541e+06  6.69818024e+01 
 1.28824955e+06 -2.47435933e+00  1.28824955e+06  6.64381882e+01 
 1.31825674e+06 -2.66033992e+00  1.31825674e+06  6.58812192e+01 
 1.34896288e+06 -2.84570636e+00  1.34896288e+06  6.53105252e+01 
 1.38038426e+06 -3.03043549e+00  1.38038426e+06  6.47257222e+01 
 1.41253754e+06 -3.21450375e+00  1.41253754e+06  6.41264115e+01 
 1.44543977e+06 -3.39788725e+00  1.44543977e+06  6.35121789e+01 
 1.47910839e+06 -3.58056184e+00  1.47910839e+06  6.28825936e+01 
 1.51356125e+06 -3.76250323e+00  1.51356125e+06  6.22372075e+01 
 1.54881662e+06 -3.94368709e+00  1.54881662e+06  6.15755541e+01 
 1.58489319e+06 -4.12408922e+00  1.58489319e+06  6.08971474e+01 
 1.62181010e+06 -4.30368573e+00  1.62181010e+06  6.02014808e+01 
 1.65958691e+06 -4.48245320e+00  1.65958691e+06  5.94880260e+01 
 1.69824365e+06 -4.66036899e+00  1.69824365e+06  5.87562318e+01 
 1.73780083e+06 -4.83741145e+00  1.73780083e+06  5.80055227e+01 
 1.77827941e+06 -5.01356030e+00  1.77827941e+06  5.72352979e+01 
 1.81970086e+06 -5.18879698e+00  1.81970086e+06  5.64449300e+01 
 1.86208714e+06 -5.36310508e+00  1.86208714e+06  5.56337638e+01 
 1.90546072e+06 -5.53647087e+00  1.90546072e+06  5.48011151e+01 
 1.94984460e+06 -5.70888385e+00  1.94984460e+06  5.39462702e+01 
 1.99526231e+06 -5.88033741e+00  1.99526231e+06  5.30684845e+01 
 2.04173794e+06 -6.05082956e+00  2.04173794e+06  5.21669824e+01 
 2.08929613e+06 -6.22036375e+00  2.08929613e+06  5.12409572e+01 
 2.13796209e+06 -6.38894984e+00  2.13796209e+06  5.02895710e+01 
 2.18776162e+06 -6.55660507e+00  2.18776162e+06  4.93119563e+01 
 2.23872114e+06 -6.72335527e+00  2.23872114e+06  4.83072171e+01 
 2.29086765e+06 -6.88923603e+00  2.29086765e+06  4.72744317e+01 
 2.34422882e+06 -7.05429410e+00  2.34422882e+06  4.62126568e+01 
 2.39883292e+06 -7.21858876e+00  2.39883292e+06  4.51209325e+01 
 2.45470892e+06 -7.38219336e+00  2.45470892e+06  4.39982888e+01 
 2.51188643e+06 -7.54519683e+00  2.51188643e+06  4.28437550e+01 
 2.57039578e+06 -7.70770518e+00  2.57039578e+06  4.16563701e+01 
 2.63026799e+06 -7.86984299e+00  2.63026799e+06  4.04351965e+01 
 2.69153480e+06 -8.03175474e+00  2.69153480e+06  3.91793358e+01 
 2.75422870e+06 -8.19360590e+00  2.75422870e+06  3.78879478e+01 
 2.81838293e+06 -8.35558373e+00  2.81838293e+06  3.65602723e+01 
 2.88403150e+06 -8.51789761e+00  2.88403150e+06  3.51956534e+01 
 2.95120923e+06 -8.68077881e+00  2.95120923e+06  3.37935666e+01 
 3.01995172e+06 -8.84447951e+00  3.01995172e+06  3.23536477e+01 
 3.09029543e+06 -9.00927104e+00  3.09029543e+06  3.08757228e+01 
 3.16227766e+06 -9.17544104e+00  3.16227766e+06  2.93598385e+01 
 3.23593657e+06 -9.34328965e+00  3.23593657e+06  2.78062901e+01 
 3.31131121e+06 -9.51312460e+00  3.31131121e+06  2.62156473e+01 
 3.38844156e+06 -9.68525519e+00  3.38844156e+06  2.45887740e+01 
 3.46736850e+06 -9.85998540e+00  3.46736850e+06  2.29268415e+01 
 3.54813389e+06 -1.00376063e+01  3.54813389e+06  2.12313317e+01 
 3.63078055e+06 -1.02183878e+01  3.63078055e+06  1.95040302e+01 
 3.71535229e+06 -1.04025711e+01  3.71535229e+06  1.77470068e+01 
 3.80189396e+06 -1.05903607e+01  3.80189396e+06  1.59625844e+01 
 3.89045145e+06 -1.07819181e+01  3.89045145e+06  1.41532950e+01 
 3.98107171e+06 -1.09773568e+01  3.98107171e+06  1.23218269e+01 
 4.07380278e+06 -1.11767392e+01  4.07380278e+06  1.04709637e+01 
 4.16869383e+06 -1.13800753e+01  4.16869383e+06  8.60351965e+00 
 4.26579519e+06 -1.15873244e+01  4.26579519e+06  6.72227455e+00 
 4.36515832e+06 -1.17983986e+01  4.36515832e+06  4.82991319e+00 
 4.46683592e+06 -1.20131680e+01  4.46683592e+06  2.92897232e+00 
 4.57088190e+06 -1.22314683e+01  4.57088190e+06  1.02179860e+00 
 4.67735141e+06 -1.24531082e+01  4.67735141e+06 -8.89480537e-01 
 4.78630092e+06 -1.26778786e+01  4.78630092e+06 -2.80297215e+00 
 4.89778819e+06 -1.29055605e+01  4.89778819e+06 -4.71701940e+00 
 5.01187234e+06 -1.31359329e+01  5.01187234e+06 -6.63019098e+00 
 5.12861384e+06 -1.33687795e+01  5.12861384e+06 -8.54126033e+00 
 5.24807460e+06 -1.36038939e+01  5.24807460e+06 -1.04491773e+01 
 5.37031796e+06 -1.38410839e+01  5.37031796e+06 -1.23530355e+01 
 5.49540874e+06 -1.40801731e+01  5.49540874e+06 -1.42520369e+01 
 5.62341325e+06 -1.43210022e+01  5.62341325e+06 -1.61454581e+01 
 5.75439937e+06 -1.45634291e+01  5.75439937e+06 -1.80326186e+01 
 5.88843655e+06 -1.48073267e+01  5.88843655e+06 -1.99128531e+01 
 6.02559586e+06 -1.50525813e+01  6.02559586e+06 -2.17854891e+01 
 6.16595002e+06 -1.52990901e+01  6.16595002e+06 -2.36498304e+01 
 6.30957344e+06 -1.55467577e+01  6.30957344e+06 -2.55051458e+01 
 6.45654229e+06 -1.57954935e+01  6.45654229e+06 -2.73506636e+01 
 6.60693448e+06 -1.60452088e+01  6.60693448e+06 -2.91855708e+01 
 6.76082975e+06 -1.62958136e+01  6.76082975e+06 -3.10090165e+01 
 6.91830971e+06 -1.65472149e+01  6.91830971e+06 -3.28201195e+01 
 7.07945784e+06 -1.67993142e+01  7.07945784e+06 -3.46179775e+01 
 7.24435960e+06 -1.70520060e+01  7.24435960e+06 -3.64016787e+01 
 7.41310241e+06 -1.73051769e+01  7.41310241e+06 -3.81703154e+01 
 7.58577575e+06 -1.75587048e+01  7.58577575e+06 -3.99229966e+01 
 7.76247117e+06 -1.78124587e+01  7.76247117e+06 -4.16588614e+01 
 7.94328235e+06 -1.80662984e+01  7.94328235e+06 -4.33770924e+01 
 8.12830516e+06 -1.83200755e+01  8.12830516e+06 -4.50769269e+01 
 8.31763771e+06 -1.85736336e+01  8.31763771e+06 -4.67576682e+01 
 8.51138038e+06 -1.88268097e+01  8.51138038e+06 -4.84186943e+01 
 8.70963590e+06 -1.90794347e+01  8.70963590e+06 -5.00594661e+01 
 8.91250938e+06 -1.93313350e+01  8.91250938e+06 -5.16795334e+01 
 9.12010839e+06 -1.95823338e+01  9.12010839e+06 -5.32785395e+01 
 9.33254301e+06 -1.98322523e+01  9.33254301e+06 -5.48562240e+01 
 9.54992586e+06 -2.00809111e+01  9.54992586e+06 -5.64124244e+01 
 9.77237221e+06 -2.03281315e+01  9.77237221e+06 -5.79470762e+01 
 1.00000000e+07 -2.05737368e+01  1.00000000e+07 -5.94602117e+01 
 1.02329299e+07 -2.08175535e+01  1.02329299e+07 -6.09519575e+01 
 1.04712855e+07 -2.10594123e+01  1.04712855e+07 -6.24225312e+01 
 1.07151931e+07 -2.12991495e+01  1.07151931e+07 -6.38722376e+01 
 1.09647820e+07 -2.15366072e+01  1.09647820e+07 -6.53014631e+01 
 1.12201845e+07 -2.17716351e+01  1.12201845e+07 -6.67106709e+01 
 1.14815362e+07 -2.20040904e+01  1.14815362e+07 -6.81003946e+01 
 1.17489755e+07 -2.22338389e+01  1.17489755e+07 -6.94712320e+01 
 1.20226443e+07 -2.24607550e+01  1.20226443e+07 -7.08238385e+01 
 1.23026877e+07 -2.26847228e+01  1.23026877e+07 -7.21589206e+01 
 1.25892541e+07 -2.29056360e+01  1.25892541e+07 -7.34772289e+01 
 1.28824955e+07 -2.31233983e+01  1.28824955e+07 -7.47795512e+01 
 1.31825674e+07 -2.33379232e+01  1.31825674e+07 -7.60667060e+01 
 1.34896288e+07 -2.35491348e+01  1.34896288e+07 -7.73395356e+01 
 1.38038426e+07 -2.37569673e+01  1.38038426e+07 -7.85988999e+01 
 1.41253754e+07 -2.39613651e+01  1.41253754e+07 -7.98456694e+01 
 1.44543977e+07 -2.41622829e+01  1.44543977e+07 -8.10807197e+01 
 1.47910839e+07 -2.43596852e+01  1.47910839e+07 -8.23049251e+01 
 1.51356125e+07 -2.45535468e+01  1.51356125e+07 -8.35191531e+01 
 1.54881662e+07 -2.47438518e+01  1.54881662e+07 -8.47242588e+01 
 1.58489319e+07 -2.49305942e+01  1.58489319e+07 -8.59210796e+01 
 1.62181010e+07 -2.51137769e+01  1.62181010e+07 -8.71104304e+01 
 1.65958691e+07 -2.52934122e+01  1.65958691e+07 -8.82930989e+01 
 1.69824365e+07 -2.54695207e+01  1.69824365e+07 -8.94698407e+01 
 1.73780083e+07 -2.56421317e+01  1.73780083e+07 -9.06413760e+01 
 1.77827941e+07 -2.58112826e+01  1.77827941e+07 -9.18083849e+01 
 1.81970086e+07 -2.59770182e+01  1.81970086e+07 -9.29715041e+01 
 1.86208714e+07 -2.61393911e+01  1.86208714e+07 -9.41313236e+01 
 1.90546072e+07 -2.62984609e+01  1.90546072e+07 -9.52883836e+01 
 1.94984460e+07 -2.64542937e+01  1.94984460e+07 -9.64431718e+01 
 1.99526231e+07 -2.66069620e+01  1.99526231e+07 -9.75961204e+01 
 2.04173794e+07 -2.67565444e+01  2.04173794e+07 -9.87476048e+01 
 2.08929613e+07 -2.69031250e+01  2.08929613e+07 -9.98979404e+01 
 2.13796209e+07 -2.70467928e+01  2.13796209e+07 -1.01047382e+02 
 2.18776162e+07 -2.71876418e+01  2.18776162e+07 -1.02196122e+02 
 2.23872114e+07 -2.73257705e+01  2.23872114e+07 -1.03344288e+02 
 2.29086765e+07 -2.74612810e+01  2.29086765e+07 -1.04491945e+02 
 2.34422882e+07 -2.75942793e+01  2.34422882e+07 -1.05639092e+02 
 2.39883292e+07 -2.77248741e+01  2.39883292e+07 -1.06785660e+02 
 2.45470892e+07 -2.78531773e+01  2.45470892e+07 -1.07931517e+02 
 2.51188643e+07 -2.79793027e+01  2.51188643e+07 -1.09076465e+02 
 2.57039578e+07 -2.81033660e+01  2.57039578e+07 -1.10220240e+02 
 2.63026799e+07 -2.82254845e+01  2.63026799e+07 -1.11362511e+02 
 2.69153480e+07 -2.83457762e+01  2.69153480e+07 -1.12502886e+02 
 2.75422870e+07 -2.84643599e+01  2.75422870e+07 -1.13640909e+02 
 2.81838293e+07 -2.85813543e+01  2.81838293e+07 -1.14776060e+02 
 2.88403150e+07 -2.86968777e+01  2.88403150e+07 -1.15907760e+02 
 2.95120923e+07 -2.88110479e+01  2.95120923e+07 -1.17035370e+02 
 3.01995172e+07 -2.89239809e+01  3.01995172e+07 -1.18158193e+02 
 3.09029543e+07 -2.90357916e+01  3.09029543e+07 -1.19275477e+02 
 3.16227766e+07 -2.91465922e+01  3.16227766e+07 -1.20386415e+02 
 3.23593657e+07 -2.92564925e+01  3.23593657e+07 -1.21490149e+02 
 3.31131121e+07 -2.93655994e+01  3.31131121e+07 -1.22585772e+02 
 3.38844156e+07 -2.94740157e+01  3.38844156e+07 -1.23672327e+02 
 3.46736850e+07 -2.95818408e+01  3.46736850e+07 -1.24748815e+02 
 3.54813389e+07 -2.96891692e+01  3.54813389e+07 -1.25814192e+02 
 3.63078055e+07 -2.97960905e+01  3.63078055e+07 -1.26867375e+02 
 3.71535229e+07 -2.99026890e+01  3.71535229e+07 -1.27907244e+02 
 3.80189396e+07 -3.00090431e+01  3.80189396e+07 -1.28932644e+02 
 3.89045145e+07 -3.01152248e+01  3.89045145e+07 -1.29942387e+02 
 3.98107171e+07 -3.02212991e+01  3.98107171e+07 -1.30935257e+02 
 4.07380278e+07 -3.03273239e+01  4.07380278e+07 -1.31910010e+02 
 4.16869383e+07 -3.04333492e+01  4.16869383e+07 -1.32865379e+02 
 4.26579519e+07 -3.05394166e+01  4.26579519e+07 -1.33800077e+02 
 4.36515832e+07 -3.06455591e+01  4.36515832e+07 -1.34712798e+02 
 4.46683592e+07 -3.07518002e+01  4.46683592e+07 -1.35602223e+02 
 4.57088190e+07 -3.08581537e+01  4.57088190e+07 -1.36467020e+02 
 4.67735141e+07 -3.09646231e+01  4.67735141e+07 -1.37305848e+02 
 4.78630092e+07 -3.10712008e+01  4.78630092e+07 -1.38117365e+02 
 4.89778819e+07 -3.11778682e+01  4.89778819e+07 -1.38900224e+02 
 5.01187234e+07 -3.12845946e+01  5.01187234e+07 -1.39653083e+02 
 5.12861384e+07 -3.13913367e+01  5.12861384e+07 -1.40374606e+02 
 5.24807460e+07 -3.14980384e+01  5.24807460e+07 -1.41063470e+02 
 5.37031796e+07 -3.16046300e+01  5.37031796e+07 -1.41718366e+02 
 5.49540874e+07 -3.17110278e+01  5.49540874e+07 -1.42338008e+02 
 5.62341325e+07 -3.18171334e+01  5.62341325e+07 -1.42921136e+02 
 5.75439937e+07 -3.19228334e+01  5.75439937e+07 -1.43466525e+02 
 5.88843655e+07 -3.20279989e+01  5.88843655e+07 -1.43972987e+02 
 6.02559586e+07 -3.21324849e+01  6.02559586e+07 -1.44439384e+02 
 6.16595002e+07 -3.22361302e+01  6.16595002e+07 -1.44864634e+02 
 6.30957344e+07 -3.23387570e+01  6.30957344e+07 -1.45247718e+02 
 6.45654229e+07 -3.24401708e+01  6.45654229e+07 -1.45587691e+02 
 6.60693448e+07 -3.25401599e+01  6.60693448e+07 -1.45883694e+02 
 6.76082975e+07 -3.26384964e+01  6.76082975e+07 -1.46134962e+02 
 6.91830971e+07 -3.27349356e+01  6.91830971e+07 -1.46340837e+02 
 7.07945784e+07 -3.28292167e+01  7.07945784e+07 -1.46500784e+02 
 7.24435960e+07 -3.29210639e+01  7.24435960e+07 -1.46614399e+02 
 7.41310241e+07 -3.30101870e+01  7.41310241e+07 -1.46681422e+02 
 7.58577575e+07 -3.30962826e+01  7.58577575e+07 -1.46701758e+02 
 7.76247117e+07 -3.31790361e+01  7.76247117e+07 -1.46675481e+02 
 7.94328235e+07 -3.32581234e+01  7.94328235e+07 -1.46602852e+02 
 8.12830516e+07 -3.33332132e+01  8.12830516e+07 -1.46484333e+02 
 8.31763771e+07 -3.34039698e+01  8.31763771e+07 -1.46320592e+02 
 8.51138038e+07 -3.34700560e+01  8.51138038e+07 -1.46112518e+02 
 8.70963590e+07 -3.35311369e+01  8.70963590e+07 -1.45861224e+02 
 8.91250938e+07 -3.35868829e+01  8.91250938e+07 -1.45568052e+02 
 9.12010839e+07 -3.36369744e+01  9.12010839e+07 -1.45234578e+02 
 9.33254301e+07 -3.36811052e+01  9.33254301e+07 -1.44862603e+02 
 9.54992586e+07 -3.37189876e+01  9.54992586e+07 -1.44454152e+02 
 9.77237221e+07 -3.37503557e+01  9.77237221e+07 -1.44011463e+02 
 1.00000000e+08 -3.37749702e+01  1.00000000e+08 -1.43536966e+02 
