 2.00000000e+01  6.43090559e+01 
 2.24403691e+01  6.46806870e+01 
 2.51785082e+01  6.51074918e+01 
 2.82507509e+01  6.55912857e+01 
 3.16978638e+01  6.61324297e+01 
 3.55655882e+01  6.67297872e+01 
 3.99052463e+01  6.73808322e+01 
 4.47744228e+01  6.80818868e+01 
 5.02377286e+01  6.88284399e+01 
 5.63676586e+01  6.96154923e+01 
 6.32455532e+01  7.04378759e+01 
 7.09626778e+01  7.12905153e+01 
 7.96214341e+01  7.21686154e+01 
 8.93367184e+01  7.30677743e+01 
 1.00237447e+02  7.39840331e+01 
 1.12468265e+02  7.49138750e+01 
 1.26191469e+02  7.58541902e+01 
 1.41589157e+02  7.68022169e+01 
 1.58865647e+02  7.77554696e+01 
 1.78250188e+02  7.87116591e+01 
 2.00000000e+02  7.96686098e+01 
 2.24403691e+02  8.06241749e+01 
 2.51785082e+02  8.15761511e+01 
 2.82507509e+02  8.25221935e+01 
 3.16978638e+02  8.34597319e+01 
 3.55655882e+02  8.43858900e+01 
 3.99052463e+02  8.52974127e+01 
 4.47744228e+02  8.61906071e+01 
 5.02377286e+02  8.70613078e+01 
 5.63676586e+02  8.79048785e+01 
 6.32455532e+02  8.87162643e+01 
 7.09626778e+02  8.94901090e+01 
 7.96214341e+02  9.02209438e+01 
 8.93367184e+02  9.09034472e+01 
 1.00237447e+03  9.15327530e+01 
 1.12468265e+03  9.21047718e+01 
 1.26191469e+03  9.26164711e+01 
 1.41589157e+03  9.30660586e+01 
 1.58865647e+03  9.34530239e+01 
 1.78250188e+03  9.37780231e+01 
 2.00000000e+03  9.40426186e+01 
 2.24403691e+03  9.42489204e+01 
 2.51785082e+03  9.43991861e+01 
 2.82507509e+03  9.44954382e+01 
 3.16978638e+03  9.45391454e+01 
 3.55655882e+03  9.45310012e+01 
 3.99052463e+03  9.44708148e+01 
 4.47744228e+03  9.43575233e+01 
 5.02377286e+03  9.41893227e+01 
 5.63676586e+03  9.39639094e+01 
 6.32455532e+03  9.36788089e+01 
 7.09626778e+03  9.33317573e+01 
 7.96214341e+03  9.29210835e+01 
 8.93367184e+03  9.24460324e+01 
 1.00237447e+04  9.19069714e+01 
 1.12468265e+04  9.13054437e+01 
 1.26191469e+04  9.06440601e+01 
 1.41589157e+04  8.99262546e+01 
 1.58865647e+04  8.91559530e+01 
 1.78250188e+04  8.83372096e+01 
 2.00000000e+04  8.74738655e+01 
 2.24403691e+04  8.65692614e+01 
 2.51785082e+04  8.56260252e+01 
 2.82507509e+04  8.46459396e+01 
 3.16978638e+04  8.36298882e+01 
 3.55655882e+04  8.25778788e+01 
 3.99052463e+04  8.14891439e+01 
 4.47744228e+04  8.03623204e+01 
 5.02377286e+04  7.91957132e+01 
 5.63676586e+04  7.79876366e+01 
 6.32455532e+04  7.67368206e+01 
 7.09626778e+04  7.54428466e+01 
 7.96214341e+04  7.41065604e+01 
 8.93367184e+04  7.27303965e+01 
 1.00237447e+05  7.13185507e+01 
 1.12468265e+05  6.98769500e+01 
 1.26191469e+05  6.84130049e+01 
 1.41589157e+05  6.69351596e+01 
 1.58865647e+05  6.54522877e+01 
 1.78250188e+05  6.39730033e+01 
 2.00000000e+05  6.25049651e+01 
