 1.00000000e-01 -1.84610357e+01  1.00000000e-01  8.31316423e+01 
 1.01157945e-01 -1.83624822e+01  1.01157945e-01  8.30528833e+01 
 1.02329299e-01 -1.82639619e+01  1.02329299e-01  8.29732392e+01 
 1.03514217e-01 -1.81654755e+01  1.03514217e-01  8.28927005e+01 
 1.04712855e-01 -1.80670239e+01  1.04712855e-01  8.28112580e+01 
 1.05925373e-01 -1.79686077e+01  1.05925373e-01  8.27289021e+01 
 1.07151931e-01 -1.78702278e+01  1.07151931e-01  8.26456234e+01 
 1.08392691e-01 -1.77718851e+01  1.08392691e-01  8.25614120e+01 
 1.09647820e-01 -1.76735803e+01  1.09647820e-01  8.24762584e+01 
 1.10917482e-01 -1.75753143e+01  1.10917482e-01  8.23901528e+01 
 1.12201845e-01 -1.74770879e+01  1.12201845e-01  8.23030853e+01 
 1.13501082e-01 -1.73789021e+01  1.13501082e-01  8.22150460e+01 
 1.14815362e-01 -1.72807579e+01  1.14815362e-01  8.21260249e+01 
 1.16144861e-01 -1.71826560e+01  1.16144861e-01  8.20360118e+01 
 1.17489755e-01 -1.70845974e+01  1.17489755e-01  8.19449967e+01 
 1.18850223e-01 -1.69865832e+01  1.18850223e-01  8.18529693e+01 
 1.20226443e-01 -1.68886143e+01  1.20226443e-01  8.17599193e+01 
 1.21618600e-01 -1.67906917e+01  1.21618600e-01  8.16658364e+01 
 1.23026877e-01 -1.66928165e+01  1.23026877e-01  8.15707100e+01 
 1.24451461e-01 -1.65949897e+01  1.24451461e-01  8.14745298e+01 
 1.25892541e-01 -1.64972124e+01  1.25892541e-01  8.13772850e+01 
 1.27350308e-01 -1.63994857e+01  1.27350308e-01  8.12789651e+01 
 1.28824955e-01 -1.63018107e+01  1.28824955e-01  8.11795594e+01 
 1.30316678e-01 -1.62041886e+01  1.30316678e-01  8.10790571e+01 
 1.31825674e-01 -1.61066205e+01  1.31825674e-01  8.09774472e+01 
 1.33352143e-01 -1.60091077e+01  1.33352143e-01  8.08747190e+01 
 1.34896288e-01 -1.59116513e+01  1.34896288e-01  8.07708614e+01 
 1.36458314e-01 -1.58142527e+01  1.36458314e-01  8.06658634e+01 
 1.38038426e-01 -1.57169130e+01  1.38038426e-01  8.05597138e+01 
 1.39636836e-01 -1.56196336e+01  1.39636836e-01  8.04524017e+01 
 1.41253754e-01 -1.55224158e+01  1.41253754e-01  8.03439157e+01 
 1.42889396e-01 -1.54252609e+01  1.42889396e-01  8.02342445e+01 
 1.44543977e-01 -1.53281704e+01  1.44543977e-01  8.01233769e+01 
 1.46217717e-01 -1.52311457e+01  1.46217717e-01  8.00113014e+01 
 1.47910839e-01 -1.51341882e+01  1.47910839e-01  7.98980067e+01 
 1.49623566e-01 -1.50372993e+01  1.49623566e-01  7.97834813e+01 
 1.51356125e-01 -1.49404806e+01  1.51356125e-01  7.96677136e+01 
 1.53108746e-01 -1.48437335e+01  1.53108746e-01  7.95506921e+01 
 1.54881662e-01 -1.47470598e+01  1.54881662e-01  7.94324052e+01 
 1.56675107e-01 -1.46504608e+01  1.56675107e-01  7.93128412e+01 
 1.58489319e-01 -1.45539384e+01  1.58489319e-01  7.91919885e+01 
 1.60324539e-01 -1.44574940e+01  1.60324539e-01  7.90698354e+01 
 1.62181010e-01 -1.43611295e+01  1.62181010e-01  7.89463700e+01 
 1.64058977e-01 -1.42648465e+01  1.64058977e-01  7.88215806e+01 
 1.65958691e-01 -1.41686468e+01  1.65958691e-01  7.86954555e+01 
 1.67880402e-01 -1.40725321e+01  1.67880402e-01  7.85679827e+01 
 1.69824365e-01 -1.39765044e+01  1.69824365e-01  7.84391504e+01 
 1.71790839e-01 -1.38805654e+01  1.71790839e-01  7.83089469e+01 
 1.73780083e-01 -1.37847171e+01  1.73780083e-01  7.81773601e+01 
 1.75792361e-01 -1.36889615e+01  1.75792361e-01  7.80443782e+01 
 1.77827941e-01 -1.35933003e+01  1.77827941e-01  7.79099893e+01 
 1.79887092e-01 -1.34977358e+01  1.79887092e-01  7.77741815e+01 
 1.81970086e-01 -1.34022699e+01  1.81970086e-01  7.76369430e+01 
 1.84077200e-01 -1.33069047e+01  1.84077200e-01  7.74982617e+01 
 1.86208714e-01 -1.32116424e+01  1.86208714e-01  7.73581259e+01 
 1.88364909e-01 -1.31164850e+01  1.88364909e-01  7.72165237e+01 
 1.90546072e-01 -1.30214349e+01  1.90546072e-01  7.70734432e+01 
 1.92752491e-01 -1.29264943e+01  1.92752491e-01  7.69288726e+01 
 1.94984460e-01 -1.28316654e+01  1.94984460e-01  7.67828000e+01 
 1.97242274e-01 -1.27369505e+01  1.97242274e-01  7.66352138e+01 
 1.99526231e-01 -1.26423522e+01  1.99526231e-01  7.64861023e+01 
 2.01836636e-01 -1.25478727e+01  2.01836636e-01  7.63354536e+01 
 2.04173794e-01 -1.24535146e+01  2.04173794e-01  7.61832562e+01 
 2.06538016e-01 -1.23592802e+01  2.06538016e-01  7.60294985e+01 
 2.08929613e-01 -1.22651723e+01  2.08929613e-01  7.58741690e+01 
 2.11348904e-01 -1.21711934e+01  2.11348904e-01  7.57172562e+01 
 2.13796209e-01 -1.20773461e+01  2.13796209e-01  7.55587488e+01 
 2.16271852e-01 -1.19836330e+01  2.16271852e-01  7.53986354e+01 
 2.18776162e-01 -1.18900570e+01  2.18776162e-01  7.52369048e+01 
 2.21309471e-01 -1.17966209e+01  2.21309471e-01  7.50735460e+01 
 2.23872114e-01 -1.17033273e+01  2.23872114e-01  7.49085478e+01 
 2.26464431e-01 -1.16101793e+01  2.26464431e-01  7.47418993e+01 
 2.29086765e-01 -1.15171797e+01  2.29086765e-01  7.45735897e+01 
 2.31739465e-01 -1.14243315e+01  2.31739465e-01  7.44036085e+01 
 2.34422882e-01 -1.13316377e+01  2.34422882e-01  7.42319448e+01 
 2.37137371e-01 -1.12391014e+01  2.37137371e-01  7.40585885e+01 
 2.39883292e-01 -1.11467257e+01  2.39883292e-01  7.38835291e+01 
 2.42661010e-01 -1.10545138e+01  2.42661010e-01  7.37067566e+01 
 2.45470892e-01 -1.09624688e+01  2.45470892e-01  7.35282609e+01 
 2.48313311e-01 -1.08705941e+01  2.48313311e-01  7.33480324e+01 
 2.51188643e-01 -1.07788929e+01  2.51188643e-01  7.31660612e+01 
 2.54097271e-01 -1.06873686e+01  2.54097271e-01  7.29823382e+01 
 2.57039578e-01 -1.05960247e+01  2.57039578e-01  7.27968539e+01 
 2.60015956e-01 -1.05048646e+01  2.60015956e-01  7.26095993e+01 
 2.63026799e-01 -1.04138918e+01  2.63026799e-01  7.24205657e+01 
 2.66072506e-01 -1.03231099e+01  2.66072506e-01  7.22297444e+01 
 2.69153480e-01 -1.02325225e+01  2.69153480e-01  7.20371271e+01 
 2.72270131e-01 -1.01421333e+01  2.72270131e-01  7.18427057e+01 
 2.75422870e-01 -1.00519459e+01  2.75422870e-01  7.16464723e+01 
 2.78612117e-01 -9.96196425e+00  2.78612117e-01  7.14484193e+01 
 2.81838293e-01 -9.87219207e+00  2.81838293e-01  7.12485394e+01 
 2.85101827e-01 -9.78263325e+00  2.85101827e-01  7.10468255e+01 
 2.88403150e-01 -9.69329171e+00  2.88403150e-01  7.08432710e+01 
 2.91742701e-01 -9.60417143e+00  2.91742701e-01  7.06378694e+01 
 2.95120923e-01 -9.51527643e+00  2.95120923e-01  7.04306146e+01 
 2.98538262e-01 -9.42661078e+00  2.98538262e-01  7.02215008e+01 
 3.01995172e-01 -9.33817860e+00  3.01995172e-01  7.00105226e+01 
 3.05492111e-01 -9.24998405e+00  3.05492111e-01  6.97976749e+01 
 3.09029543e-01 -9.16203136e+00  3.09029543e-01  6.95829529e+01 
 3.12607937e-01 -9.07432479e+00  3.12607937e-01  6.93663525e+01 
 3.16227766e-01 -8.98686865e+00  3.16227766e-01  6.91478696e+01 
 3.19889511e-01 -8.89966730e+00  3.19889511e-01  6.89275007e+01 
 3.23593657e-01 -8.81272513e+00  3.23593657e-01  6.87052426e+01 
 3.27340695e-01 -8.72604660e+00  3.27340695e-01  6.84810926e+01 
 3.31131121e-01 -8.63963620e+00  3.31131121e-01  6.82550486e+01 
 3.34965439e-01 -8.55349847e+00  3.34965439e-01  6.80271086e+01 
 3.38844156e-01 -8.46763796e+00  3.38844156e-01  6.77972713e+01 
 3.42767787e-01 -8.38205931e+00  3.42767787e-01  6.75655359e+01 
 3.46736850e-01 -8.29676717e+00  3.46736850e-01  6.73319019e+01 
 3.50751874e-01 -8.21176624e+00  3.50751874e-01  6.70963695e+01 
 3.54813389e-01 -8.12706123e+00  3.54813389e-01  6.68589393e+01 
 3.58921935e-01 -8.04265693e+00  3.58921935e-01  6.66196124e+01 
 3.63078055e-01 -7.95855814e+00  3.63078055e-01  6.63783905e+01 
 3.67282300e-01 -7.87476968e+00  3.67282300e-01  6.61352759e+01 
 3.71535229e-01 -7.79129643e+00  3.71535229e-01  6.58902714e+01 
 3.75837404e-01 -7.70814328e+00  3.75837404e-01  6.56433802e+01 
 3.80189396e-01 -7.62531516e+00  3.80189396e-01  6.53946064e+01 
 3.84591782e-01 -7.54281701e+00  3.84591782e-01  6.51439546e+01 
 3.89045145e-01 -7.46065382e+00  3.89045145e-01  6.48914298e+01 
 3.93550075e-01 -7.37883058e+00  3.93550075e-01  6.46370378e+01 
 3.98107171e-01 -7.29735231e+00  3.98107171e-01  6.43807851e+01 
 4.02717034e-01 -7.21622404e+00  4.02717034e-01  6.41226787e+01 
 4.07380278e-01 -7.13545084e+00  4.07380278e-01  6.38627263e+01 
 4.12097519e-01 -7.05503776e+00  4.12097519e-01  6.36009361e+01 
 4.16869383e-01 -6.97498989e+00  4.16869383e-01  6.33373174e+01 
 4.21696503e-01 -6.89531231e+00  4.21696503e-01  6.30718797e+01 
 4.26579519e-01 -6.81601013e+00  4.26579519e-01  6.28046334e+01 
 4.31519077e-01 -6.73708843e+00  4.31519077e-01  6.25355897e+01 
 4.36515832e-01 -6.65855232e+00  4.36515832e-01  6.22647603e+01 
 4.41570447e-01 -6.58040691e+00  4.41570447e-01  6.19921578e+01 
 4.46683592e-01 -6.50265728e+00  4.46683592e-01  6.17177953e+01 
 4.51855944e-01 -6.42530854e+00  4.51855944e-01  6.14416869e+01 
 4.57088190e-01 -6.34836575e+00  4.57088190e-01  6.11638473e+01 
 4.62381021e-01 -6.27183398e+00  4.62381021e-01  6.08842919e+01 
 4.67735141e-01 -6.19571830e+00  4.67735141e-01  6.06030368e+01 
 4.73151259e-01 -6.12002373e+00  4.73151259e-01  6.03200990e+01 
 4.78630092e-01 -6.04475529e+00  4.78630092e-01  6.00354963e+01 
 4.84172368e-01 -5.96991796e+00  4.84172368e-01  5.97492470e+01 
 4.89778819e-01 -5.89551670e+00  4.89778819e-01  5.94613705e+01 
 4.95450191e-01 -5.82155644e+00  4.95450191e-01  5.91718865e+01 
 5.01187234e-01 -5.74804208e+00  5.01187234e-01  5.88808160e+01 
 5.06990708e-01 -5.67497846e+00  5.06990708e-01  5.85881805e+01 
 5.12861384e-01 -5.60237041e+00  5.12861384e-01  5.82940021e+01 
 5.18800039e-01 -5.53022268e+00  5.18800039e-01  5.79983040e+01 
 5.24807460e-01 -5.45853999e+00  5.24807460e-01  5.77011099e+01 
 5.30884444e-01 -5.38732702e+00  5.30884444e-01  5.74024445e+01 
 5.37031796e-01 -5.31658837e+00  5.37031796e-01  5.71023331e+01 
 5.43250331e-01 -5.24632860e+00  5.43250331e-01  5.68008018e+01 
 5.49540874e-01 -5.17655219e+00  5.49540874e-01  5.64978774e+01 
 5.55904257e-01 -5.10726357e+00  5.55904257e-01  5.61935874e+01 
 5.62341325e-01 -5.03846709e+00  5.62341325e-01  5.58879604e+01 
 5.68852931e-01 -4.97016702e+00  5.68852931e-01  5.55810251e+01 
 5.75439937e-01 -4.90236757e+00  5.75439937e-01  5.52728116e+01 
 5.82103218e-01 -4.83507285e+00  5.82103218e-01  5.49633502e+01 
 5.88843655e-01 -4.76828691e+00  5.88843655e-01  5.46526723e+01 
 5.95662144e-01 -4.70201369e+00  5.95662144e-01  5.43408095e+01 
 6.02559586e-01 -4.63625705e+00  6.02559586e-01  5.40277946e+01 
 6.09536897e-01 -4.57102075e+00  6.09536897e-01  5.37136608e+01 
 6.16595002e-01 -4.50630845e+00  6.16595002e-01  5.33984420e+01 
 6.23734835e-01 -4.44212371e+00  6.23734835e-01  5.30821728e+01 
 6.30957344e-01 -4.37847000e+00  6.30957344e-01  5.27648882e+01 
 6.38263486e-01 -4.31535065e+00  6.38263486e-01  5.24466241e+01 
 6.45654229e-01 -4.25276892e+00  6.45654229e-01  5.21274169e+01 
 6.53130553e-01 -4.19072792e+00  6.53130553e-01  5.18073035e+01 
 6.60693448e-01 -4.12923066e+00  6.60693448e-01  5.14863214e+01 
 6.68343918e-01 -4.06828003e+00  6.68343918e-01  5.11645087e+01 
 6.76082975e-01 -4.00787879e+00  6.76082975e-01  5.08419039e+01 
 6.83911647e-01 -3.94802957e+00  6.83911647e-01  5.05185461e+01 
 6.91830971e-01 -3.88873489e+00  6.91830971e-01  5.01944748e+01 
 6.99841996e-01 -3.82999713e+00  6.99841996e-01  4.98697300e+01 
 7.07945784e-01 -3.77181852e+00  7.07945784e-01  4.95443521e+01 
 7.16143410e-01 -3.71420119e+00  7.16143410e-01  4.92183819e+01 
 7.24435960e-01 -3.65714710e+00  7.24435960e-01  4.88918606e+01 
 7.32824533e-01 -3.60065809e+00  7.32824533e-01  4.85648298e+01 
 7.41310241e-01 -3.54473584e+00  7.41310241e-01  4.82373314e+01 
 7.49894209e-01 -3.48938191e+00  7.49894209e-01  4.79094075e+01 
 7.58577575e-01 -3.43459769e+00  7.58577575e-01  4.75811006e+01 
 7.67361489e-01 -3.38038444e+00  7.67361489e-01  4.72524534e+01 
 7.76247117e-01 -3.32674328e+00  7.76247117e-01  4.69235090e+01 
 7.85235635e-01 -3.27367516e+00  7.85235635e-01  4.65943103e+01 
 7.94328235e-01 -3.22118090e+00  7.94328235e-01  4.62649007e+01 
 8.03526122e-01 -3.16926114e+00  8.03526122e-01  4.59353236e+01 
 8.12830516e-01 -3.11791641e+00  8.12830516e-01  4.56056227e+01 
 8.22242650e-01 -3.06714705e+00  8.22242650e-01  4.52758415e+01 
 8.31763771e-01 -3.01695327e+00  8.31763771e-01  4.49460237e+01 
 8.41395142e-01 -2.96733513e+00  8.41395142e-01  4.46162130e+01 
 8.51138038e-01 -2.91829251e+00  8.51138038e-01  4.42864532e+01 
 8.60993752e-01 -2.86982517e+00  8.60993752e-01  4.39567878e+01 
 8.70963590e-01 -2.82193270e+00  8.70963590e-01  4.36272606e+01 
 8.81048873e-01 -2.77461455e+00  8.81048873e-01  4.32979151e+01 
 8.91250938e-01 -2.72786999e+00  8.91250938e-01  4.29687945e+01 
 9.01571138e-01 -2.68169819e+00  9.01571138e-01  4.26399423e+01 
 9.12010839e-01 -2.63609812e+00  9.12010839e-01  4.23114014e+01 
 9.22571427e-01 -2.59106863e+00  9.22571427e-01  4.19832148e+01 
 9.33254301e-01 -2.54660841e+00  9.33254301e-01  4.16554250e+01 
 9.44060876e-01 -2.50271602e+00  9.44060876e-01  4.13280745e+01 
 9.54992586e-01 -2.45938986e+00  9.54992586e-01  4.10012053e+01 
 9.66050879e-01 -2.41662819e+00  9.66050879e-01  4.06748592e+01 
 9.77237221e-01 -2.37442913e+00  9.77237221e-01  4.03490777e+01 
 9.88553095e-01 -2.33279067e+00  9.88553095e-01  4.00239018e+01 
 1.00000000e+00 -2.29171065e+00  1.00000000e+00  3.96993722e+01 
 1.01157945e+00 -2.25118678e+00  1.01157945e+00  3.93755292e+01 
 1.02329299e+00 -2.21121665e+00  1.02329299e+00  3.90524127e+01 
 1.03514217e+00 -2.17179769e+00  1.03514217e+00  3.87300619e+01 
 1.04712855e+00 -2.13292724e+00  1.04712855e+00  3.84085159e+01 
 1.05925373e+00 -2.09460248e+00  1.05925373e+00  3.80878130e+01 
 1.07151931e+00 -2.05682049e+00  1.07151931e+00  3.77679910e+01 
 1.08392691e+00 -2.01957823e+00  1.08392691e+00  3.74490873e+01 
 1.09647820e+00 -1.98287253e+00  1.09647820e+00  3.71311387e+01 
 1.10917482e+00 -1.94670012e+00  1.10917482e+00  3.68141814e+01 
 1.12201845e+00 -1.91105762e+00  1.12201845e+00  3.64982508e+01 
 1.13501082e+00 -1.87594152e+00  1.13501082e+00  3.61833821e+01 
 1.14815362e+00 -1.84134825e+00  1.14815362e+00  3.58696095e+01 
 1.16144861e+00 -1.80727410e+00  1.16144861e+00  3.55569667e+01 
 1.17489755e+00 -1.77371527e+00  1.17489755e+00  3.52454868e+01 
 1.18850223e+00 -1.74066788e+00  1.18850223e+00  3.49352020e+01 
 1.20226443e+00 -1.70812796e+00  1.20226443e+00  3.46261442e+01 
 1.21618600e+00 -1.67609144e+00  1.21618600e+00  3.43183442e+01 
 1.23026877e+00 -1.64455417e+00  1.23026877e+00  3.40118323e+01 
 1.24451461e+00 -1.61351193e+00  1.24451461e+00  3.37066380e+01 
 1.25892541e+00 -1.58296041e+00  1.25892541e+00  3.34027903e+01 
 1.27350308e+00 -1.55289524e+00  1.27350308e+00  3.31003171e+01 
 1.28824955e+00 -1.52331197e+00  1.28824955e+00  3.27992458e+01 
 1.30316678e+00 -1.49420610e+00  1.30316678e+00  3.24996030e+01 
 1.31825674e+00 -1.46557305e+00  1.31825674e+00  3.22014146e+01 
 1.33352143e+00 -1.43740820e+00  1.33352143e+00  3.19047056e+01 
 1.34896288e+00 -1.40970685e+00  1.34896288e+00  3.16095004e+01 
 1.36458314e+00 -1.38246428e+00  1.36458314e+00  3.13158225e+01 
 1.38038426e+00 -1.35567571e+00  1.38038426e+00  3.10236947e+01 
 1.39636836e+00 -1.32933630e+00  1.39636836e+00  3.07331391e+01 
 1.41253754e+00 -1.30344118e+00  1.41253754e+00  3.04441769e+01 
 1.42889396e+00 -1.27798547e+00  1.42889396e+00  3.01568287e+01 
 1.44543977e+00 -1.25296420e+00  1.44543977e+00  2.98711141e+01 
 1.46217717e+00 -1.22837243e+00  1.46217717e+00  2.95870521e+01 
 1.47910839e+00 -1.20420514e+00  1.47910839e+00  2.93046609e+01 
 1.49623566e+00 -1.18045732e+00  1.49623566e+00  2.90239580e+01 
 1.51356125e+00 -1.15712394e+00  1.51356125e+00  2.87449601e+01 
 1.53108746e+00 -1.13419993e+00  1.53108746e+00  2.84676830e+01 
 1.54881662e+00 -1.11168022e+00  1.54881662e+00  2.81921421e+01 
 1.56675107e+00 -1.08955972e+00  1.56675107e+00  2.79183517e+01 
 1.58489319e+00 -1.06783335e+00  1.58489319e+00  2.76463257e+01 
 1.60324539e+00 -1.04649600e+00  1.60324539e+00  2.73760769e+01 
 1.62181010e+00 -1.02554258e+00  1.62181010e+00  2.71076176e+01 
 1.64058977e+00 -1.00496798e+00  1.64058977e+00  2.68409595e+01 
 1.65958691e+00 -9.84767103e-01  1.65958691e+00  2.65761134e+01 
 1.67880402e+00 -9.64934859e-01  1.67880402e+00  2.63130894e+01 
 1.69824365e+00 -9.45466161e-01  1.69824365e+00  2.60518971e+01 
 1.71790839e+00 -9.26355933e-01  1.71790839e+00  2.57925452e+01 
 1.73780083e+00 -9.07599112e-01  1.73780083e+00  2.55350419e+01 
 1.75792361e+00 -8.89190650e-01  1.75792361e+00  2.52793947e+01 
 1.77827941e+00 -8.71125515e-01  1.77827941e+00  2.50256104e+01 
 1.79887092e+00 -8.53398696e-01  1.79887092e+00  2.47736951e+01 
 1.81970086e+00 -8.36005201e-01  1.81970086e+00  2.45236545e+01 
 1.84077200e+00 -8.18940064e-01  1.84077200e+00  2.42754934e+01 
 1.86208714e+00 -8.02198341e-01  1.86208714e+00  2.40292164e+01 
 1.88364909e+00 -7.85775118e-01  1.88364909e+00  2.37848270e+01 
 1.90546072e+00 -7.69665507e-01  1.90546072e+00  2.35423286e+01 
 1.92752491e+00 -7.53864652e-01  1.92752491e+00  2.33017236e+01 
 1.94984460e+00 -7.38367729e-01  1.94984460e+00  2.30630142e+01 
 1.97242274e+00 -7.23169947e-01  1.97242274e+00  2.28262019e+01 
 1.99526231e+00 -7.08266549e-01  1.99526231e+00  2.25912876e+01 
 2.01836636e+00 -6.93652816e-01  2.01836636e+00  2.23582718e+01 
 2.04173794e+00 -6.79324067e-01  2.04173794e+00  2.21271544e+01 
 2.06538016e+00 -6.65275657e-01  2.06538016e+00  2.18979349e+01 
 2.08929613e+00 -6.51502985e-01  2.08929613e+00  2.16706123e+01 
 2.11348904e+00 -6.38001487e-01  2.11348904e+00  2.14451850e+01 
 2.13796209e+00 -6.24766645e-01  2.13796209e+00  2.12216511e+01 
 2.16271852e+00 -6.11793982e-01  2.16271852e+00  2.10000082e+01 
 2.18776162e+00 -5.99079065e-01  2.18776162e+00  2.07802534e+01 
 2.21309471e+00 -5.86617506e-01  2.21309471e+00  2.05623836e+01 
 2.23872114e+00 -5.74404964e-01  2.23872114e+00  2.03463949e+01 
 2.26464431e+00 -5.62437143e-01  2.26464431e+00  2.01322833e+01 
 2.29086765e+00 -5.50709794e-01  2.29086765e+00  1.99200444e+01 
 2.31739465e+00 -5.39218715e-01  2.31739465e+00  1.97096733e+01 
 2.34422882e+00 -5.27959754e-01  2.34422882e+00  1.95011648e+01 
 2.37137371e+00 -5.16928807e-01  2.37137371e+00  1.92945135e+01 
 2.39883292e+00 -5.06121819e-01  2.39883292e+00  1.90897133e+01 
 2.42661010e+00 -4.95534782e-01  2.42661010e+00  1.88867582e+01 
 2.45470892e+00 -4.85163742e-01  2.45470892e+00  1.86856415e+01 
 2.48313311e+00 -4.75004792e-01  2.48313311e+00  1.84863564e+01 
 2.51188643e+00 -4.65054076e-01  2.51188643e+00  1.82888958e+01 
 2.54097271e+00 -4.55307790e-01  2.54097271e+00  1.80932524e+01 
 2.57039578e+00 -4.45762178e-01  2.57039578e+00  1.78994183e+01 
 2.60015956e+00 -4.36413537e-01  2.60015956e+00  1.77073857e+01 
 2.63026799e+00 -4.27258213e-01  2.63026799e+00  1.75171464e+01 
 2.66072506e+00 -4.18292606e-01  2.66072506e+00  1.73286919e+01 
 2.69153480e+00 -4.09513162e-01  2.69153480e+00  1.71420136e+01 
 2.72270131e+00 -4.00916382e-01  2.72270131e+00  1.69571026e+01 
 2.75422870e+00 -3.92498816e-01  2.75422870e+00  1.67739497e+01 
 2.78612117e+00 -3.84257064e-01  2.78612117e+00  1.65925457e+01 
 2.81838293e+00 -3.76187779e-01  2.81838293e+00  1.64128811e+01 
 2.85101827e+00 -3.68287662e-01  2.85101827e+00  1.62349461e+01 
 2.88403150e+00 -3.60553464e-01  2.88403150e+00  1.60587310e+01 
 2.91742701e+00 -3.52981988e-01  2.91742701e+00  1.58842257e+01 
 2.95120923e+00 -3.45570085e-01  2.95120923e+00  1.57114201e+01 
 2.98538262e+00 -3.38314656e-01  2.98538262e+00  1.55403037e+01 
 3.01995172e+00 -3.31212651e-01  3.01995172e+00  1.53708662e+01 
 3.05492111e+00 -3.24261069e-01  3.05492111e+00  1.52030969e+01 
 3.09029543e+00 -3.17456957e-01  3.09029543e+00  1.50369851e+01 
 3.12607937e+00 -3.10797411e-01  3.12607937e+00  1.48725200e+01 
 3.16227766e+00 -3.04279574e-01  3.16227766e+00  1.47096905e+01 
 3.19889511e+00 -2.97900636e-01  3.19889511e+00  1.45484857e+01 
 3.23593657e+00 -2.91657836e-01  3.23593657e+00  1.43888943e+01 
 3.27340695e+00 -2.85548457e-01  3.27340695e+00  1.42309052e+01 
 3.31131121e+00 -2.79569830e-01  3.31131121e+00  1.40745070e+01 
 3.34965439e+00 -2.73719330e-01  3.34965439e+00  1.39196882e+01 
 3.38844156e+00 -2.67994380e-01  3.38844156e+00  1.37664375e+01 
 3.42767787e+00 -2.62392445e-01  3.42767787e+00  1.36147432e+01 
 3.46736850e+00 -2.56911036e-01  3.46736850e+00  1.34645938e+01 
 3.50751874e+00 -2.51547706e-01  3.50751874e+00  1.33159776e+01 
 3.54813389e+00 -2.46300054e-01  3.54813389e+00  1.31688830e+01 
 3.58921935e+00 -2.41165720e-01  3.58921935e+00  1.30232981e+01 
 3.63078055e+00 -2.36142386e-01  3.63078055e+00  1.28792111e+01 
 3.67282300e+00 -2.31227778e-01  3.67282300e+00  1.27366104e+01 
 3.71535229e+00 -2.26419660e-01  3.71535229e+00  1.25954840e+01 
 3.75837404e+00 -2.21715840e-01  3.75837404e+00  1.24558202e+01 
 3.80189396e+00 -2.17114165e-01  3.80189396e+00  1.23176069e+01 
 3.84591782e+00 -2.12612521e-01  3.84591782e+00  1.21808324e+01 
 3.89045145e+00 -2.08208834e-01  3.89045145e+00  1.20454847e+01 
 3.93550075e+00 -2.03901069e-01  3.93550075e+00  1.19115520e+01 
 3.98107171e+00 -1.99687229e-01  3.98107171e+00  1.17790223e+01 
 4.02717034e+00 -1.95565353e-01  4.02717034e+00  1.16478837e+01 
 4.07380278e+00 -1.91533520e-01  4.07380278e+00  1.15181245e+01 
 4.12097519e+00 -1.87589843e-01  4.12097519e+00  1.13897326e+01 
 4.16869383e+00 -1.83732471e-01  4.16869383e+00  1.12626962e+01 
 4.21696503e+00 -1.79959592e-01  4.21696503e+00  1.11370036e+01 
 4.26579519e+00 -1.76269424e-01  4.26579519e+00  1.10126428e+01 
 4.31519077e+00 -1.72660223e-01  4.31519077e+00  1.08896021e+01 
 4.36515832e+00 -1.69130276e-01  4.36515832e+00  1.07678696e+01 
 4.41570447e+00 -1.65677908e-01  4.41570447e+00  1.06474338e+01 
 4.46683592e+00 -1.62301470e-01  4.46683592e+00  1.05282827e+01 
 4.51855944e+00 -1.58999352e-01  4.51855944e+00  1.04104049e+01 
 4.57088190e+00 -1.55769972e-01  4.57088190e+00  1.02937886e+01 
 4.62381021e+00 -1.52611780e-01  4.62381021e+00  1.01784223e+01 
 4.67735141e+00 -1.49523256e-01  4.67735141e+00  1.00642944e+01 
 4.73151259e+00 -1.46502912e-01  4.73151259e+00  9.95139336e+00 
 4.78630092e+00 -1.43549289e-01  4.78630092e+00  9.83970778e+00 
 4.84172368e+00 -1.40660956e-01  4.84172368e+00  9.72922624e+00 
 4.89778819e+00 -1.37836512e-01  4.89778819e+00  9.61993737e+00 
 4.95450191e+00 -1.35074585e-01  4.95450191e+00  9.51182987e+00 
 5.01187234e+00 -1.32373829e-01  5.01187234e+00  9.40489250e+00 
 5.06990708e+00 -1.29732926e-01  5.06990708e+00  9.29911405e+00 
 5.12861384e+00 -1.27150584e-01  5.12861384e+00  9.19448339e+00 
 5.18800039e+00 -1.24625539e-01  5.18800039e+00  9.09098944e+00 
 5.24807460e+00 -1.22156552e-01  5.24807460e+00  8.98862118e+00 
 5.30884444e+00 -1.19742409e-01  5.30884444e+00  8.88736767e+00 
 5.37031796e+00 -1.17381922e-01  5.37031796e+00  8.78721800e+00 
 5.43250331e+00 -1.15073925e-01  5.43250331e+00  8.68816136e+00 
 5.49540874e+00 -1.12817279e-01  5.49540874e+00  8.59018697e+00 
 5.55904257e+00 -1.10610867e-01  5.55904257e+00  8.49328415e+00 
 5.62341325e+00 -1.08453595e-01  5.62341325e+00  8.39744227e+00 
 5.68852931e+00 -1.06344393e-01  5.68852931e+00  8.30265077e+00 
 5.75439937e+00 -1.04282211e-01  5.75439937e+00  8.20889916e+00 
 5.82103218e+00 -1.02266024e-01  5.82103218e+00  8.11617702e+00 
 5.88843655e+00 -1.00294827e-01  5.88843655e+00  8.02447400e+00 
 5.95662144e+00 -9.83676339e-02  5.95662144e+00  7.93377984e+00 
 6.02559586e+00 -9.64834826e-02  6.02559586e+00  7.84408431e+00 
 6.09536897e+00 -9.46414296e-02  6.09536897e+00  7.75537730e+00 
 6.16595002e+00 -9.28405515e-02  6.16595002e+00  7.66764875e+00 
 6.23734835e+00 -9.10799444e-02  6.23734835e+00  7.58088867e+00 
 6.30957344e+00 -8.93587236e-02  6.30957344e+00  7.49508715e+00 
 6.38263486e+00 -8.76760230e-02  6.38263486e+00  7.41023436e+00 
 6.45654229e+00 -8.60309951e-02  6.45654229e+00  7.32632055e+00 
 6.53130553e+00 -8.44228101e-02  6.53130553e+00  7.24333603e+00 
 6.60693448e+00 -8.28506562e-02  6.60693448e+00  7.16127118e+00 
 6.68343918e+00 -8.13137385e-02  6.68343918e+00  7.08011649e+00 
 6.76082975e+00 -7.98112795e-02  6.76082975e+00  6.99986249e+00 
 6.83911647e+00 -7.83425181e-02  6.83911647e+00  6.92049981e+00 
 6.91830971e+00 -7.69067095e-02  6.91830971e+00  6.84201915e+00 
 6.99841996e+00 -7.55031248e-02  6.99841996e+00  6.76441128e+00 
 7.07945784e+00 -7.41310510e-02  7.07945784e+00  6.68766705e+00 
 7.16143410e+00 -7.27897903e-02  7.16143410e+00  6.61177739e+00 
 7.24435960e+00 -7.14786598e-02  7.24435960e+00  6.53673332e+00 
 7.32824533e+00 -7.01969915e-02  7.32824533e+00  6.46252590e+00 
 7.41310241e+00 -6.89441317e-02  7.41310241e+00  6.38914630e+00 
 7.49894209e+00 -6.77194409e-02  7.49894209e+00  6.31658576e+00 
 7.58577575e+00 -6.65222935e-02  7.58577575e+00  6.24483559e+00 
 7.67361489e+00 -6.53520773e-02  7.67361489e+00  6.17388718e+00 
 7.76247117e+00 -6.42081934e-02  7.76247117e+00  6.10373199e+00 
 7.85235635e+00 -6.30900561e-02  7.85235635e+00  6.03436157e+00 
 7.94328235e+00 -6.19970922e-02  7.94328235e+00  5.96576754e+00 
 8.03526122e+00 -6.09287411e-02  8.03526122e+00  5.89794158e+00 
 8.12830516e+00 -5.98844544e-02  8.12830516e+00  5.83087547e+00 
 8.22242650e+00 -5.88636955e-02  8.22242650e+00  5.76456106e+00 
 8.31763771e+00 -5.78659398e-02  8.31763771e+00  5.69899027e+00 
 8.41395142e+00 -5.68906740e-02  8.41395142e+00  5.63415508e+00 
 8.51138038e+00 -5.59373959e-02  8.51138038e+00  5.57004757e+00 
 8.60993752e+00 -5.50056146e-02  8.60993752e+00  5.50665989e+00 
 8.70963590e+00 -5.40948497e-02  8.70963590e+00  5.44398425e+00 
 8.81048873e+00 -5.32046314e-02  8.81048873e+00  5.38201295e+00 
 8.91250938e+00 -5.23345002e-02  8.91250938e+00  5.32073835e+00 
 9.01571138e+00 -5.14840069e-02  9.01571138e+00  5.26015289e+00 
 9.12010839e+00 -5.06527118e-02  9.12010839e+00  5.20024907e+00 
 9.22571427e+00 -4.98401851e-02  9.22571427e+00  5.14101950e+00 
 9.33254301e+00 -4.90460066e-02  9.33254301e+00  5.08245681e+00 
 9.44060876e+00 -4.82697651e-02  9.44060876e+00  5.02455374e+00 
 9.54992586e+00 -4.75110585e-02  9.54992586e+00  4.96730308e+00 
 9.66050879e+00 -4.67694937e-02  9.66050879e+00  4.91069770e+00 
 9.77237221e+00 -4.60446862e-02  9.77237221e+00  4.85473055e+00 
 9.88553095e+00 -4.53362600e-02  9.88553095e+00  4.79939462e+00 
 1.00000000e+01 -4.46438476e-02  1.00000000e+01  4.74468301e+00 
 1.01157945e+01 -4.39670892e-02  1.01157945e+01  4.69058884e+00 
 1.02329299e+01 -4.33056334e-02  1.02329299e+01  4.63710535e+00 
 1.03514217e+01 -4.26591365e-02  1.03514217e+01  4.58422581e+00 
 1.04712855e+01 -4.20272621e-02  1.04712855e+01  4.53194358e+00 
 1.05925373e+01 -4.14096817e-02  1.05925373e+01  4.48025206e+00 
 1.07151931e+01 -4.08060738e-02  1.07151931e+01  4.42914476e+00 
 1.08392691e+01 -4.02161242e-02  1.08392691e+01  4.37861521e+00 
 1.09647820e+01 -3.96395255e-02  1.09647820e+01  4.32865704e+00 
 1.10917482e+01 -3.90759774e-02  1.10917482e+01  4.27926392e+00 
 1.12201845e+01 -3.85251861e-02  1.12201845e+01  4.23042960e+00 
 1.13501082e+01 -3.79868644e-02  1.13501082e+01  4.18214790e+00 
 1.14815362e+01 -3.74607313e-02  1.14815362e+01  4.13441269e+00 
 1.16144861e+01 -3.69465125e-02  1.16144861e+01  4.08721790e+00 
 1.17489755e+01 -3.64439393e-02  1.17489755e+01  4.04055753e+00 
 1.18850223e+01 -3.59527494e-02  1.18850223e+01  3.99442566e+00 
 1.20226443e+01 -3.54726861e-02  1.20226443e+01  3.94881639e+00 
 1.21618600e+01 -3.50034987e-02  1.21618600e+01  3.90372393e+00 
 1.23026877e+01 -3.45449417e-02  1.23026877e+01  3.85914250e+00 
 1.24451461e+01 -3.40967754e-02  1.24451461e+01  3.81506643e+00 
 1.25892541e+01 -3.36587654e-02  1.25892541e+01  3.77149008e+00 
 1.27350308e+01 -3.32306825e-02  1.27350308e+01  3.72840786e+00 
 1.28824955e+01 -3.28123026e-02  1.28824955e+01  3.68581428e+00 
 1.30316678e+01 -3.24034067e-02  1.30316678e+01  3.64370386e+00 
 1.31825674e+01 -3.20037806e-02  1.31825674e+01  3.60207121e+00 
 1.33352143e+01 -3.16132150e-02  1.33352143e+01  3.56091098e+00 
 1.34896288e+01 -3.12315053e-02  1.34896288e+01  3.52021790e+00 
 1.36458314e+01 -3.08584513e-02  1.36458314e+01  3.47998672e+00 
 1.38038426e+01 -3.04938575e-02  1.38038426e+01  3.44021228e+00 
 1.39636836e+01 -3.01375327e-02  1.39636836e+01  3.40088946e+00 
 1.41253754e+01 -2.97892900e-02  1.41253754e+01  3.36201319e+00 
 1.42889396e+01 -2.94489466e-02  1.42889396e+01  3.32357846e+00 
 1.44543977e+01 -2.91163241e-02  1.44543977e+01  3.28558032e+00 
 1.46217717e+01 -2.87912477e-02  1.46217717e+01  3.24801386e+00 
 1.47910839e+01 -2.84735468e-02  1.47910839e+01  3.21087424e+00 
 1.49623566e+01 -2.81630546e-02  1.49623566e+01  3.17415664e+00 
 1.51356125e+01 -2.78596080e-02  1.51356125e+01  3.13785634e+00 
 1.53108746e+01 -2.75630475e-02  1.53108746e+01  3.10196863e+00 
 1.54881662e+01 -2.72732174e-02  1.54881662e+01  3.06648887e+00 
 1.56675107e+01 -2.69899652e-02  1.56675107e+01  3.03141246e+00 
 1.58489319e+01 -2.67131422e-02  1.58489319e+01  2.99673486e+00 
 1.60324539e+01 -2.64426027e-02  1.60324539e+01  2.96245158e+00 
 1.62181010e+01 -2.61782045e-02  1.62181010e+01  2.92855816e+00 
 1.64058977e+01 -2.59198085e-02  1.64058977e+01  2.89505021e+00 
 1.65958691e+01 -2.56672788e-02  1.65958691e+01  2.86192339e+00 
 1.67880402e+01 -2.54204825e-02  1.67880402e+01  2.82917338e+00 
 1.69824365e+01 -2.51792898e-02  1.69824365e+01  2.79679594e+00 
 1.71790839e+01 -2.49435736e-02  1.71790839e+01  2.76478685e+00 
 1.73780083e+01 -2.47132100e-02  1.73780083e+01  2.73314195e+00 
 1.75792361e+01 -2.44880776e-02  1.75792361e+01  2.70185712e+00 
 1.77827941e+01 -2.42680579e-02  1.77827941e+01  2.67092829e+00 
 1.79887092e+01 -2.40530350e-02  1.79887092e+01  2.64035144e+00 
 1.81970086e+01 -2.38428956e-02  1.81970086e+01  2.61012257e+00 
 1.84077200e+01 -2.36375290e-02  1.84077200e+01  2.58023776e+00 
 1.86208714e+01 -2.34368271e-02  1.86208714e+01  2.55069310e+00 
 1.88364909e+01 -2.32406841e-02  1.88364909e+01  2.52148473e+00 
 1.90546072e+01 -2.30489966e-02  1.90546072e+01  2.49260886e+00 
 1.92752491e+01 -2.28616635e-02  1.92752491e+01  2.46406171e+00 
 1.94984460e+01 -2.26785862e-02  1.94984460e+01  2.43583955e+00 
 1.97242274e+01 -2.24996680e-02  1.97242274e+01  2.40793869e+00 
 1.99526231e+01 -2.23248147e-02  1.99526231e+01  2.38035550e+00 
 2.01836636e+01 -2.21539341e-02  2.01836636e+01  2.35308636e+00 
 2.04173794e+01 -2.19869360e-02  2.04173794e+01  2.32612771e+00 
 2.06538016e+01 -2.18237323e-02  2.06538016e+01  2.29947603e+00 
 2.08929613e+01 -2.16642370e-02  2.08929613e+01  2.27312783e+00 
 2.11348904e+01 -2.15083659e-02  2.11348904e+01  2.24707965e+00 
 2.13796209e+01 -2.13560367e-02  2.13796209e+01  2.22132810e+00 
 2.16271852e+01 -2.12071691e-02  2.16271852e+01  2.19586979e+00 
 2.18776162e+01 -2.10616846e-02  2.18776162e+01  2.17070140e+00 
 2.21309471e+01 -2.09195063e-02  2.21309471e+01  2.14581962e+00 
 2.23872114e+01 -2.07805592e-02  2.23872114e+01  2.12122120e+00 
 2.26464431e+01 -2.06447699e-02  2.26464431e+01  2.09690292e+00 
 2.29086765e+01 -2.05120668e-02  2.29086765e+01  2.07286157e+00 
 2.31739465e+01 -2.03823798e-02  2.31739465e+01  2.04909402e+00 
 2.34422882e+01 -2.02556404e-02  2.34422882e+01  2.02559713e+00 
 2.37137371e+01 -2.01317817e-02  2.37137371e+01  2.00236784e+00 
 2.39883292e+01 -2.00107384e-02  2.39883292e+01  1.97940309e+00 
 2.42661010e+01 -1.98924463e-02  2.42661010e+01  1.95669986e+00 
 2.45470892e+01 -1.97768432e-02  2.45470892e+01  1.93425518e+00 
 2.48313311e+01 -1.96638679e-02  2.48313311e+01  1.91206610e+00 
 2.51188643e+01 -1.95534607e-02  2.51188643e+01  1.89012970e+00 
 2.54097271e+01 -1.94455634e-02  2.54097271e+01  1.86844310e+00 
 2.57039578e+01 -1.93401189e-02  2.57039578e+01  1.84700345e+00 
 2.60015956e+01 -1.92370715e-02  2.60015956e+01  1.82580793e+00 
 2.63026799e+01 -1.91363667e-02  2.63026799e+01  1.80485377e+00 
 2.66072506e+01 -1.90379514e-02  2.66072506e+01  1.78413819e+00 
 2.69153480e+01 -1.89417736e-02  2.69153480e+01  1.76365848e+00 
 2.72270131e+01 -1.88477823e-02  2.72270131e+01  1.74341195e+00 
 2.75422870e+01 -1.87559280e-02  2.75422870e+01  1.72339592e+00 
 2.78612117e+01 -1.86661621e-02  2.78612117e+01  1.70360777e+00 
 2.81838293e+01 -1.85784371e-02  2.81838293e+01  1.68404490e+00 
 2.85101827e+01 -1.84927067e-02  2.85101827e+01  1.66470472e+00 
 2.88403150e+01 -1.84089256e-02  2.88403150e+01  1.64558469e+00 
 2.91742701e+01 -1.83270494e-02  2.91742701e+01  1.62668230e+00 
 2.95120923e+01 -1.82470349e-02  2.95120923e+01  1.60799505e+00 
 2.98538262e+01 -1.81688398e-02  2.98538262e+01  1.58952049e+00 
 3.01995172e+01 -1.80924227e-02  3.01995172e+01  1.57125617e+00 
 3.05492111e+01 -1.80177433e-02  3.05492111e+01  1.55319970e+00 
 3.09029543e+01 -1.79447620e-02  3.09029543e+01  1.53534870e+00 
 3.12607937e+01 -1.78734402e-02  3.12607937e+01  1.51770081e+00 
 3.16227766e+01 -1.78037403e-02  3.16227766e+01  1.50025371e+00 
 3.19889511e+01 -1.77356254e-02  3.19889511e+01  1.48300509e+00 
 3.23593657e+01 -1.76690594e-02  3.23593657e+01  1.46595268e+00 
 3.27340695e+01 -1.76040072e-02  3.27340695e+01  1.44909425e+00 
 3.31131121e+01 -1.75404343e-02  3.31131121e+01  1.43242755e+00 
 3.34965439e+01 -1.74783072e-02  3.34965439e+01  1.41595040e+00 
 3.38844156e+01 -1.74175929e-02  3.38844156e+01  1.39966061e+00 
 3.42767787e+01 -1.73582594e-02  3.42767787e+01  1.38355606e+00 
 3.46736850e+01 -1.73002752e-02  3.46736850e+01  1.36763459e+00 
 3.50751874e+01 -1.72436097e-02  3.50751874e+01  1.35189413e+00 
 3.54813389e+01 -1.71882329e-02  3.54813389e+01  1.33633258e+00 
 3.58921935e+01 -1.71341156e-02  3.58921935e+01  1.32094791e+00 
 3.63078055e+01 -1.70812291e-02  3.63078055e+01  1.30573807e+00 
 3.67282300e+01 -1.70295453e-02  3.67282300e+01  1.29070105e+00 
 3.71535229e+01 -1.69790371e-02  3.71535229e+01  1.27583489e+00 
 3.75837404e+01 -1.69296776e-02  3.75837404e+01  1.26113760e+00 
 3.80189396e+01 -1.68814407e-02  3.80189396e+01  1.24660725e+00 
 3.84591782e+01 -1.68343010e-02  3.84591782e+01  1.23224193e+00 
 3.89045145e+01 -1.67882334e-02  3.89045145e+01  1.21803973e+00 
 3.93550075e+01 -1.67432136e-02  3.93550075e+01  1.20399878e+00 
 3.98107171e+01 -1.66992177e-02  3.98107171e+01  1.19011723e+00 
 4.02717034e+01 -1.66562226e-02  4.02717034e+01  1.17639324e+00 
 4.07380278e+01 -1.66142054e-02  4.07380278e+01  1.16282499e+00 
 4.12097519e+01 -1.65731439e-02  4.12097519e+01  1.14941071e+00 
 4.16869383e+01 -1.65330164e-02  4.16869383e+01  1.13614861e+00 
 4.21696503e+01 -1.64938017e-02  4.21696503e+01  1.12303694e+00 
 4.26579519e+01 -1.64554789e-02  4.26579519e+01  1.11007397e+00 
 4.31519077e+01 -1.64180278e-02  4.31519077e+01  1.09725799e+00 
 4.36515832e+01 -1.63814286e-02  4.36515832e+01  1.08458730e+00 
 4.41570447e+01 -1.63456619e-02  4.41570447e+01  1.07206023e+00 
 4.46683592e+01 -1.63107088e-02  4.46683592e+01  1.05967513e+00 
 4.51855944e+01 -1.62765508e-02  4.51855944e+01  1.04743035e+00 
 4.57088190e+01 -1.62431698e-02  4.57088190e+01  1.03532427e+00 
 4.62381021e+01 -1.62105482e-02  4.62381021e+01  1.02335531e+00 
 4.67735141e+01 -1.61786686e-02  4.67735141e+01  1.01152187e+00 
 4.73151259e+01 -1.61475141e-02  4.73151259e+01  9.99822386e-01 
 4.78630092e+01 -1.61170684e-02  4.78630092e+01  9.88255319e-01 
 4.84172368e+01 -1.60873153e-02  4.84172368e+01  9.76819136e-01 
 4.89778819e+01 -1.60582390e-02  4.89778819e+01  9.65512325e-01 
 4.95450191e+01 -1.60298242e-02  4.95450191e+01  9.54333390e-01 
 5.01187234e+01 -1.60020558e-02  5.01187234e+01  9.43280854e-01 
 5.06990708e+01 -1.59749190e-02  5.06990708e+01  9.32353254e-01 
 5.12861384e+01 -1.59483996e-02  5.12861384e+01  9.21549145e-01 
 5.18800039e+01 -1.59224835e-02  5.18800039e+01  9.10867098e-01 
 5.24807460e+01 -1.58971570e-02  5.24807460e+01  9.00305701e-01 
 5.30884444e+01 -1.58724066e-02  5.30884444e+01  8.89863556e-01 
 5.37031796e+01 -1.58482193e-02  5.37031796e+01  8.79539282e-01 
 5.43250331e+01 -1.58245823e-02  5.43250331e+01  8.69331513e-01 
 5.49540874e+01 -1.58014830e-02  5.49540874e+01  8.59238898e-01 
 5.55904257e+01 -1.57789092e-02  5.55904257e+01  8.49260103e-01 
 5.62341325e+01 -1.57568489e-02  5.62341325e+01  8.39393807e-01 
 5.68852931e+01 -1.57352905e-02  5.68852931e+01  8.29638705e-01 
 5.75439937e+01 -1.57142226e-02  5.75439937e+01  8.19993505e-01 
 5.82103218e+01 -1.56936340e-02  5.82103218e+01  8.10456933e-01 
 5.88843655e+01 -1.56735138e-02  5.88843655e+01  8.01027724e-01 
 5.95662144e+01 -1.56538514e-02  5.95662144e+01  7.91704633e-01 
 6.02559586e+01 -1.56346363e-02  6.02559586e+01  7.82486425e-01 
 6.09536897e+01 -1.56158583e-02  6.09536897e+01  7.73371880e-01 
 6.16595002e+01 -1.55975076e-02  6.16595002e+01  7.64359791e-01 
 6.23734835e+01 -1.55795744e-02  6.23734835e+01  7.55448967e-01 
 6.30957344e+01 -1.55620491e-02  6.30957344e+01  7.46638227e-01 
 6.38263486e+01 -1.55449226e-02  6.38263486e+01  7.37926406e-01 
 6.45654229e+01 -1.55281858e-02  6.45654229e+01  7.29312350e-01 
 6.53130553e+01 -1.55118297e-02  6.53130553e+01  7.20794919e-01 
 6.60693448e+01 -1.54958458e-02  6.60693448e+01  7.12372985e-01 
 6.68343918e+01 -1.54802255e-02  6.68343918e+01  7.04045435e-01 
 6.76082975e+01 -1.54649606e-02  6.76082975e+01  6.95811164e-01 
 6.83911647e+01 -1.54500430e-02  6.83911647e+01  6.87669084e-01 
 6.91830971e+01 -1.54354647e-02  6.91830971e+01  6.79618116e-01 
 6.99841996e+01 -1.54212182e-02  6.99841996e+01  6.71657194e-01 
 7.07945784e+01 -1.54072958e-02  7.07945784e+01  6.63785265e-01 
 7.16143410e+01 -1.53936902e-02  7.16143410e+01  6.56001286e-01 
 7.24435960e+01 -1.53803941e-02  7.24435960e+01  6.48304227e-01 
 7.32824533e+01 -1.53674005e-02  7.32824533e+01  6.40693067e-01 
 7.41310241e+01 -1.53547026e-02  7.41310241e+01  6.33166801e-01 
 7.49894209e+01 -1.53422935e-02  7.49894209e+01  6.25724431e-01 
 7.58577575e+01 -1.53301668e-02  7.58577575e+01  6.18364971e-01 
 7.67361489e+01 -1.53183159e-02  7.67361489e+01  6.11087447e-01 
 7.76247117e+01 -1.53067347e-02  7.76247117e+01  6.03890895e-01 
 7.85235635e+01 -1.52954170e-02  7.85235635e+01  5.96774363e-01 
 7.94328235e+01 -1.52843568e-02  7.94328235e+01  5.89736908e-01 
 8.03526122e+01 -1.52735482e-02  8.03526122e+01  5.82777597e-01 
 8.12830516e+01 -1.52629855e-02  8.12830516e+01  5.75895510e-01 
 8.22242650e+01 -1.52526631e-02  8.22242650e+01  5.69089735e-01 
 8.31763771e+01 -1.52425756e-02  8.31763771e+01  5.62359371e-01 
 8.41395142e+01 -1.52327176e-02  8.41395142e+01  5.55703525e-01 
 8.51138038e+01 -1.52230838e-02  8.51138038e+01  5.49121317e-01 
 8.60993752e+01 -1.52136692e-02  8.60993752e+01  5.42611875e-01 
 8.70963590e+01 -1.52044688e-02  8.70963590e+01  5.36174337e-01 
 8.81048873e+01 -1.51954777e-02  8.81048873e+01  5.29807850e-01 
 8.91250938e+01 -1.51866912e-02  8.91250938e+01  5.23511570e-01 
 9.01571138e+01 -1.51781045e-02  9.01571138e+01  5.17284665e-01 
 9.12010839e+01 -1.51697132e-02  9.12010839e+01  5.11126308e-01 
 9.22571427e+01 -1.51615128e-02  9.22571427e+01  5.05035685e-01 
 9.33254301e+01 -1.51534989e-02  9.33254301e+01  4.99011988e-01 
 9.44060876e+01 -1.51456673e-02  9.44060876e+01  4.93054420e-01 
 9.54992586e+01 -1.51380139e-02  9.54992586e+01  4.87162191e-01 
 9.66050879e+01 -1.51305346e-02  9.66050879e+01  4.81334521e-01 
 9.77237221e+01 -1.51232254e-02  9.77237221e+01  4.75570639e-01 
 9.88553095e+01 -1.51160825e-02  9.88553095e+01  4.69869779e-01 
 1.00000000e+02 -1.51091020e-02  1.00000000e+02  4.64231188e-01 
 1.01157945e+02 -1.51022804e-02  1.01157945e+02  4.58654118e-01 
 1.02329299e+02 -1.50956139e-02  1.02329299e+02  4.53137830e-01 
 1.03514217e+02 -1.50890990e-02  1.03514217e+02  4.47681594e-01 
 1.04712855e+02 -1.50827323e-02  1.04712855e+02  4.42284687e-01 
 1.05925373e+02 -1.50765104e-02  1.05925373e+02  4.36946394e-01 
 1.07151931e+02 -1.50704300e-02  1.07151931e+02  4.31666007e-01 
 1.08392691e+02 -1.50644879e-02  1.08392691e+02  4.26442827e-01 
 1.09647820e+02 -1.50586810e-02  1.09647820e+02  4.21276162e-01 
 1.10917482e+02 -1.50530061e-02  1.10917482e+02  4.16165328e-01 
 1.12201845e+02 -1.50474602e-02  1.12201845e+02  4.11109647e-01 
 1.13501082e+02 -1.50420405e-02  1.13501082e+02  4.06108450e-01 
 1.14815362e+02 -1.50367440e-02  1.14815362e+02  4.01161073e-01 
 1.16144861e+02 -1.50315679e-02  1.16144861e+02  3.96266862e-01 
 1.17489755e+02 -1.50265095e-02  1.17489755e+02  3.91425168e-01 
 1.18850223e+02 -1.50215662e-02  1.18850223e+02  3.86635350e-01 
 1.20226443e+02 -1.50167352e-02  1.20226443e+02  3.81896772e-01 
 1.21618600e+02 -1.50120140e-02  1.21618600e+02  3.77208807e-01 
 1.23026877e+02 -1.50074002e-02  1.23026877e+02  3.72570834e-01 
 1.24451461e+02 -1.50028913e-02  1.24451461e+02  3.67982239e-01 
 1.25892541e+02 -1.49984848e-02  1.25892541e+02  3.63442413e-01 
 1.27350308e+02 -1.49941786e-02  1.27350308e+02  3.58950755e-01 
 1.28824955e+02 -1.49899701e-02  1.28824955e+02  3.54506669e-01 
 1.30316678e+02 -1.49858574e-02  1.30316678e+02  3.50109567e-01 
 1.31825674e+02 -1.49818381e-02  1.31825674e+02  3.45758866e-01 
 1.33352143e+02 -1.49779101e-02  1.33352143e+02  3.41453990e-01 
 1.34896288e+02 -1.49740714e-02  1.34896288e+02  3.37194368e-01 
 1.36458314e+02 -1.49703199e-02  1.36458314e+02  3.32979436e-01 
 1.38038426e+02 -1.49666536e-02  1.38038426e+02  3.28808635e-01 
 1.39636836e+02 -1.49630706e-02  1.39636836e+02  3.24681413e-01 
 1.41253754e+02 -1.49595690e-02  1.41253754e+02  3.20597223e-01 
 1.42889396e+02 -1.49561469e-02  1.42889396e+02  3.16555523e-01 
 1.44543977e+02 -1.49528025e-02  1.44543977e+02  3.12555778e-01 
 1.46217717e+02 -1.49495341e-02  1.46217717e+02  3.08597458e-01 
 1.47910839e+02 -1.49463399e-02  1.47910839e+02  3.04680038e-01 
 1.49623566e+02 -1.49432182e-02  1.49623566e+02  3.00802999e-01 
 1.51356125e+02 -1.49401674e-02  1.51356125e+02  2.96965828e-01 
 1.53108746e+02 -1.49371858e-02  1.53108746e+02  2.93168016e-01 
 1.54881662e+02 -1.49342719e-02  1.54881662e+02  2.89409060e-01 
 1.56675107e+02 -1.49314241e-02  1.56675107e+02  2.85688461e-01 
 1.58489319e+02 -1.49286410e-02  1.58489319e+02  2.82005726e-01 
 1.60324539e+02 -1.49259209e-02  1.60324539e+02  2.78360369e-01 
 1.62181010e+02 -1.49232626e-02  1.62181010e+02  2.74751904e-01 
 1.64058977e+02 -1.49206645e-02  1.64058977e+02  2.71179855e-01 
 1.65958691e+02 -1.49181254e-02  1.65958691e+02  2.67643748e-01 
 1.67880402e+02 -1.49156438e-02  1.67880402e+02  2.64143113e-01 
 1.69824365e+02 -1.49132184e-02  1.69824365e+02  2.60677489e-01 
 1.71790839e+02 -1.49108481e-02  1.71790839e+02  2.57246414e-01 
 1.73780083e+02 -1.49085314e-02  1.73780083e+02  2.53849434e-01 
 1.75792361e+02 -1.49062672e-02  1.75792361e+02  2.50486100e-01 
 1.77827941e+02 -1.49040543e-02  1.77827941e+02  2.47155965e-01 
 1.79887092e+02 -1.49018915e-02  1.79887092e+02  2.43858588e-01 
 1.81970086e+02 -1.48997776e-02  1.81970086e+02  2.40593533e-01 
 1.84077200e+02 -1.48977116e-02  1.84077200e+02  2.37360365e-01 
 1.86208714e+02 -1.48956923e-02  1.86208714e+02  2.34158658e-01 
 1.88364909e+02 -1.48937187e-02  1.88364909e+02  2.30987986e-01 
 1.90546072e+02 -1.48917897e-02  1.90546072e+02  2.27847929e-01 
 1.92752491e+02 -1.48899043e-02  1.92752491e+02  2.24738072e-01 
 1.94984460e+02 -1.48880615e-02  1.94984460e+02  2.21658002e-01 
 1.97242274e+02 -1.48862604e-02  1.97242274e+02  2.18607311e-01 
 1.99526231e+02 -1.48844999e-02  1.99526231e+02  2.15585594e-01 
 2.01836636e+02 -1.48827791e-02  2.01836636e+02  2.12592451e-01 
 2.04173794e+02 -1.48810972e-02  2.04173794e+02  2.09627486e-01 
 2.06538016e+02 -1.48794532e-02  2.06538016e+02  2.06690305e-01 
 2.08929613e+02 -1.48778463e-02  2.08929613e+02  2.03780520e-01 
 2.11348904e+02 -1.48762756e-02  2.11348904e+02  2.00897744e-01 
 2.13796209e+02 -1.48747402e-02  2.13796209e+02  1.98041595e-01 
 2.16271852e+02 -1.48732395e-02  2.16271852e+02  1.95211695e-01 
 2.18776162e+02 -1.48717725e-02  2.18776162e+02  1.92407670e-01 
 2.21309471e+02 -1.48703384e-02  2.21309471e+02  1.89629146e-01 
 2.23872114e+02 -1.48689367e-02  2.23872114e+02  1.86875757e-01 
 2.26464431e+02 -1.48675664e-02  2.26464431e+02  1.84147136e-01 
 2.29086765e+02 -1.48662268e-02  2.29086765e+02  1.81442924e-01 
 2.31739465e+02 -1.48649173e-02  2.31739465e+02  1.78762760e-01 
 2.34422882e+02 -1.48636372e-02  2.34422882e+02  1.76106290e-01 
 2.37137371e+02 -1.48623858e-02  2.37137371e+02  1.73473161e-01 
 2.39883292e+02 -1.48611623e-02  2.39883292e+02  1.70863026e-01 
 2.42661010e+02 -1.48599662e-02  2.42661010e+02  1.68275537e-01 
 2.45470892e+02 -1.48587969e-02  2.45470892e+02  1.65710352e-01 
 2.48313311e+02 -1.48576537e-02  2.48313311e+02  1.63167131e-01 
 2.51188643e+02 -1.48565359e-02  2.51188643e+02  1.60645537e-01 
 2.54097271e+02 -1.48554431e-02  2.54097271e+02  1.58145236e-01 
 2.57039578e+02 -1.48543746e-02  2.57039578e+02  1.55665895e-01 
 2.60015956e+02 -1.48533299e-02  2.60015956e+02  1.53207188e-01 
 2.63026799e+02 -1.48523084e-02  2.63026799e+02  1.50768787e-01 
 2.66072506e+02 -1.48513096e-02  2.66072506e+02  1.48350369e-01 
 2.69153480e+02 -1.48503329e-02  2.69153480e+02  1.45951615e-01 
 2.72270131e+02 -1.48493779e-02  2.72270131e+02  1.43572206e-01 
 2.75422870e+02 -1.48484439e-02  2.75422870e+02  1.41211826e-01 
 2.78612117e+02 -1.48475306e-02  2.78612117e+02  1.38870164e-01 
 2.81838293e+02 -1.48466374e-02  2.81838293e+02  1.36546908e-01 
 2.85101827e+02 -1.48457639e-02  2.85101827e+02  1.34241750e-01 
 2.88403150e+02 -1.48449096e-02  2.88403150e+02  1.31954386e-01 
 2.91742701e+02 -1.48440740e-02  2.91742701e+02  1.29684511e-01 
 2.95120923e+02 -1.48432567e-02  2.95120923e+02  1.27431826e-01 
 2.98538262e+02 -1.48424574e-02  2.98538262e+02  1.25196031e-01 
 3.01995172e+02 -1.48416754e-02  3.01995172e+02  1.22976830e-01 
 3.05492111e+02 -1.48409105e-02  3.05492111e+02  1.20773929e-01 
 3.09029543e+02 -1.48401622e-02  3.09029543e+02  1.18587036e-01 
 3.12607937e+02 -1.48394302e-02  3.12607937e+02  1.16415861e-01 
 3.16227766e+02 -1.48387140e-02  3.16227766e+02  1.14260117e-01 
 3.19889511e+02 -1.48380133e-02  3.19889511e+02  1.12119517e-01 
 3.23593657e+02 -1.48373276e-02  3.23593657e+02  1.09993778e-01 
 3.27340695e+02 -1.48366567e-02  3.27340695e+02  1.07882619e-01 
 3.31131121e+02 -1.48360002e-02  3.31131121e+02  1.05785758e-01 
 3.34965439e+02 -1.48353576e-02  3.34965439e+02  1.03702920e-01 
 3.38844156e+02 -1.48347288e-02  3.38844156e+02  1.01633826e-01 
 3.42767787e+02 -1.48341133e-02  3.42767787e+02  9.95782038e-02 
 3.46736850e+02 -1.48335109e-02  3.46736850e+02  9.75357802e-02 
 3.50751874e+02 -1.48329211e-02  3.50751874e+02  9.55062845e-02 
 3.54813389e+02 -1.48323438e-02  3.54813389e+02  9.34894478e-02 
 3.58921935e+02 -1.48317785e-02  3.58921935e+02  9.14850027e-02 
 3.63078055e+02 -1.48312250e-02  3.63078055e+02  8.94926836e-02 
 3.67282300e+02 -1.48306830e-02  3.67282300e+02  8.75122264e-02 
 3.71535229e+02 -1.48301523e-02  3.71535229e+02  8.55433685e-02 
 3.75837404e+02 -1.48296324e-02  3.75837404e+02  8.35858491e-02 
 3.80189396e+02 -1.48291232e-02  3.80189396e+02  8.16394087e-02 
 3.84591782e+02 -1.48286244e-02  3.84591782e+02  7.97037892e-02 
 3.89045145e+02 -1.48281357e-02  3.89045145e+02  7.77787341e-02 
 3.93550075e+02 -1.48276568e-02  3.93550075e+02  7.58639883e-02 
 3.98107171e+02 -1.48271875e-02  3.98107171e+02  7.39592980e-02 
 4.02717034e+02 -1.48267276e-02  4.02717034e+02  7.20644106e-02 
 4.07380278e+02 -1.48262768e-02  4.07380278e+02  7.01790752e-02 
 4.12097519e+02 -1.48258349e-02  4.12097519e+02  6.83030416e-02 
 4.16869383e+02 -1.48254016e-02  4.16869383e+02  6.64360614e-02 
 4.21696503e+02 -1.48249768e-02  4.21696503e+02  6.45778870e-02 
 4.26579519e+02 -1.48245601e-02  4.26579519e+02  6.27282722e-02 
 4.31519077e+02 -1.48241513e-02  4.31519077e+02  6.08869717e-02 
 4.36515832e+02 -1.48237503e-02  4.36515832e+02  5.90537415e-02 
 4.41570447e+02 -1.48233569e-02  4.41570447e+02  5.72283387e-02 
 4.46683592e+02 -1.48229707e-02  4.46683592e+02  5.54105213e-02 
 4.51855944e+02 -1.48225917e-02  4.51855944e+02  5.36000483e-02 
 4.57088190e+02 -1.48222196e-02  4.57088190e+02  5.17966798e-02 
 4.62381021e+02 -1.48218542e-02  4.62381021e+02  5.00001767e-02 
 4.67735141e+02 -1.48214953e-02  4.67735141e+02  4.82103009e-02 
 4.73151259e+02 -1.48211428e-02  4.73151259e+02  4.64268152e-02 
 4.78630092e+02 -1.48207964e-02  4.78630092e+02  4.46494831e-02 
 4.84172368e+02 -1.48204560e-02  4.84172368e+02  4.28780692e-02 
 4.89778819e+02 -1.48201214e-02  4.89778819e+02  4.11123385e-02 
 4.95450191e+02 -1.48197923e-02  4.95450191e+02  3.93520571e-02 
 5.01187234e+02 -1.48194687e-02  5.01187234e+02  3.75969916e-02 
 5.06990708e+02 -1.48191504e-02  5.06990708e+02  3.58469094e-02 
 5.12861384e+02 -1.48188372e-02  5.12861384e+02  3.41015786e-02 
 5.18800039e+02 -1.48185288e-02  5.18800039e+02  3.23607677e-02 
 5.24807460e+02 -1.48182253e-02  5.24807460e+02  3.06242461e-02 
 5.30884444e+02 -1.48179263e-02  5.30884444e+02  2.88917836e-02 
 5.37031796e+02 -1.48176318e-02  5.37031796e+02  2.71631505e-02 
 5.43250331e+02 -1.48173416e-02  5.43250331e+02  2.54381177e-02 
 5.49540874e+02 -1.48170555e-02  5.49540874e+02  2.37164566e-02 
 5.55904257e+02 -1.48167734e-02  5.55904257e+02  2.19979390e-02 
 5.62341325e+02 -1.48164951e-02  5.62341325e+02  2.02823370e-02 
 5.68852931e+02 -1.48162205e-02  5.68852931e+02  1.85694233e-02 
 5.75439937e+02 -1.48159495e-02  5.75439937e+02  1.68589708e-02 
 5.82103218e+02 -1.48156818e-02  5.82103218e+02  1.51507529e-02 
 5.88843655e+02 -1.48154174e-02  5.88843655e+02  1.34445430e-02 
 5.95662144e+02 -1.48151561e-02  5.95662144e+02  1.17401150e-02 
 6.02559586e+02 -1.48148978e-02  6.02559586e+02  1.00372431e-02 
 6.09536897e+02 -1.48146423e-02  6.09536897e+02  8.33570146e-03 
 6.16595002e+02 -1.48143895e-02  6.16595002e+02  6.63526458e-03 
 6.23734835e+02 -1.48141393e-02  6.23734835e+02  4.93570705e-03 
 6.30957344e+02 -1.48138915e-02  6.30957344e+02  3.23680362e-03 
 6.38263486e+02 -1.48136461e-02  6.38263486e+02  1.53832909e-03 
 6.45654229e+02 -1.48134028e-02  6.45654229e+02 -1.59941669e-04 
 6.53130553e+02 -1.48131615e-02  6.53130553e+02 -1.85823377e-03 
 6.60693448e+02 -1.48129222e-02  6.60693448e+02 -3.55677231e-03 
 6.68343918e+02 -1.48126846e-02  6.68343918e+02 -5.25578245e-03 
 6.76082975e+02 -1.48124487e-02  6.76082975e+02 -6.95548937e-03 
 6.83911647e+02 -1.48122144e-02  6.83911647e+02 -8.65611838e-03 
 6.91830971e+02 -1.48119815e-02  6.91830971e+02 -1.03578949e-02 
 6.99841996e+02 -1.48117498e-02  6.99841996e+02 -1.20610445e-02 
 7.07945784e+02 -1.48115193e-02  7.07945784e+02 -1.37657929e-02 
 7.16143410e+02 -1.48112899e-02  7.16143410e+02 -1.54723661e-02 
 7.24435960e+02 -1.48110614e-02  7.24435960e+02 -1.71809904e-02 
 7.32824533e+02 -1.48108337e-02  7.32824533e+02 -1.88918921e-02 
 7.41310241e+02 -1.48106067e-02  7.41310241e+02 -2.06052980e-02 
 7.49894209e+02 -1.48103802e-02  7.49894209e+02 -2.23214354e-02 
 7.58577575e+02 -1.48101542e-02  7.58577575e+02 -2.40405316e-02 
 7.67361489e+02 -1.48099285e-02  7.67361489e+02 -2.57628145e-02 
 7.76247117e+02 -1.48097030e-02  7.76247117e+02 -2.74885125e-02 
 7.85235635e+02 -1.48094776e-02  7.85235635e+02 -2.92178542e-02 
 7.94328235e+02 -1.48092522e-02  7.94328235e+02 -3.09510689e-02 
 8.03526122e+02 -1.48090266e-02  8.03526122e+02 -3.26883863e-02 
 8.12830516e+02 -1.48088007e-02  8.12830516e+02 -3.44300367e-02 
 8.22242650e+02 -1.48085744e-02  8.22242650e+02 -3.61762510e-02 
 8.31763771e+02 -1.48083476e-02  8.31763771e+02 -3.79272606e-02 
 8.41395142e+02 -1.48081202e-02  8.41395142e+02 -3.96832977e-02 
 8.51138038e+02 -1.48078920e-02  8.51138038e+02 -4.14445949e-02 
 8.60993752e+02 -1.48076630e-02  8.60993752e+02 -4.32113859e-02 
 8.70963590e+02 -1.48074329e-02  8.70963590e+02 -4.49839046e-02 
 8.81048873e+02 -1.48072017e-02  8.81048873e+02 -4.67623862e-02 
 8.91250938e+02 -1.48069693e-02  8.91250938e+02 -4.85470664e-02 
 9.01571138e+02 -1.48067355e-02  9.01571138e+02 -5.03381817e-02 
 9.12010839e+02 -1.48065002e-02  9.12010839e+02 -5.21359695e-02 
 9.22571427e+02 -1.48062634e-02  9.22571427e+02 -5.39406681e-02 
 9.33254301e+02 -1.48060247e-02  9.33254301e+02 -5.57525168e-02 
 9.44060876e+02 -1.48057842e-02  9.44060876e+02 -5.75717558e-02 
 9.54992586e+02 -1.48055417e-02  9.54992586e+02 -5.93986261e-02 
 9.66050879e+02 -1.48052971e-02  9.66050879e+02 -6.12333699e-02 
 9.77237221e+02 -1.48050502e-02  9.77237221e+02 -6.30762305e-02 
 9.88553095e+02 -1.48048010e-02  9.88553095e+02 -6.49274521e-02 
 1.00000000e+03 -1.48045492e-02  1.00000000e+03 -6.67872801e-02 
