 2.00000000e+01  7.01961499e+01 
 2.24403691e+01  7.01443431e+01 
 2.51785082e+01  7.00797047e+01 
 2.82507509e+01  6.99994520e+01 
 3.16978638e+01  6.99003108e+01 
 3.55655882e+01  6.97784999e+01 
 3.99052463e+01  6.96297499e+01 
 4.47744228e+01  6.94493716e+01 
 5.02377286e+01  6.92323893e+01 
 5.63676586e+01  6.89737460e+01 
 6.32455532e+01  6.86685812e+01 
 7.09626778e+01  6.83125618e+01 
 7.96214341e+01  6.79022295e+01 
 8.93367184e+01  6.74353144e+01 
 1.00237447e+02  6.69109570e+01 
 1.12468265e+02  6.63297965e+01 
 1.26191469e+02  6.56939055e+01 
 1.41589157e+02  6.50065860e+01 
 1.58865647e+02  6.42720662e+01 
 1.78250188e+02  6.34951555e+01 
 2.00000000e+02  6.26809078e+01 
 2.24403691e+02  6.18343354e+01 
 2.51785082e+02  6.09601920e+01 
 2.82507509e+02  6.00628299e+01 
 3.16978638e+02  5.91461237e+01 
 3.55655882e+02  5.82134450e+01 
 3.99052463e+02  5.72676756e+01 
 4.47744228e+02  5.63112424e+01 
 5.02377286e+02  5.53461654e+01 
 5.63676586e+02  5.43741106e+01 
 6.32455532e+02  5.33964413e+01 
 7.09626778e+02  5.24142666e+01 
 7.96214341e+02  5.14284848e+01 
 8.93367184e+02  5.04398203e+01 
 1.00237447e+03  4.94488562e+01 
 1.12468265e+03  4.84560604e+01 
 1.26191469e+03  4.74618083e+01 
 1.41589157e+03  4.64664007e+01 
 1.58865647e+03  4.54700788e+01 
 1.78250188e+03  4.44730363e+01 
 2.00000000e+03  4.34754294e+01 
 2.24403691e+03  4.24773848e+01 
 2.51785082e+03  4.14790059e+01 
 2.82507509e+03  4.04803788e+01 
 3.16978638e+03  3.94815764e+01 
 3.55655882e+03  3.84826622e+01 
 3.99052463e+03  3.74836941e+01 
 4.47744228e+03  3.64847269e+01 
 5.02377286e+03  3.54858154e+01 
 5.63676586e+03  3.44870176e+01 
 6.32455532e+03  3.34883973e+01 
 7.09626778e+03  3.24900277e+01 
 7.96214341e+03  3.14919954e+01 
 8.93367184e+03  3.04944044e+01 
 1.00237447e+04  2.94973822e+01 
 1.12468265e+04  2.85010860e+01 
 1.26191469e+04  2.75057107e+01 
 1.41589157e+04  2.65114990e+01 
 1.58865647e+04  2.55187536e+01 
 1.78250188e+04  2.45278518e+01 
 2.00000000e+04  2.35392642e+01 
 2.24403691e+04  2.25535763e+01 
 2.51785082e+04  2.15715156e+01 
 2.82507509e+04  2.05939828e+01 
 3.16978638e+04  1.96220893e+01 
 3.55655882e+04  1.86571986e+01 
 3.99052463e+04  1.77009741e+01 
 4.47744228e+04  1.67554278e+01 
 5.02377286e+04  1.58229696e+01 
 5.63676586e+04  1.49064495e+01 
 6.32455532e+04  1.40091857e+01 
 7.09626778e+04  1.31349654e+01 
 7.96214341e+04  1.22880063e+01 
 8.93367184e+04  1.14728603e+01 
 1.00237447e+05  1.06942487e+01 
 1.12468265e+05  9.95681923e+00 
 1.26191469e+05  9.26483270e+00 
 1.41589157e+05  8.62180050e+00 
 1.58865647e+05  8.03011585e+00 
 1.78250188e+05  7.49073203e+00 
 2.00000000e+05  7.00294202e+00 
