 2.00000000e+01  2.71173225e-08  2.00000000e+01  2.71589466e-08 
 2.04658598e+01  2.68397052e-08  2.04658598e+01  2.68805369e-08 
 2.09425710e+01  2.65655947e-08  2.09425710e+01  2.66056631e-08 
 2.14303861e+01  2.62949541e-08  2.14303861e+01  2.63342870e-08 
 2.19295639e+01  2.60277471e-08  2.19295639e+01  2.60663709e-08 
 2.24403691e+01  2.57639377e-08  2.24403691e+01  2.58018775e-08 
 2.29630724e+01  2.55034901e-08  2.29630724e+01  2.55407699e-08 
 2.34979511e+01  2.52463692e-08  2.34979511e+01  2.52830116e-08 
 2.40452887e+01  2.49925398e-08  2.40452887e+01  2.50285667e-08 
 2.46053754e+01  2.47419675e-08  2.46053754e+01  2.47773994e-08 
 2.51785082e+01  2.44946179e-08  2.51785082e+01  2.45294747e-08 
 2.57649910e+01  2.42504572e-08  2.57649910e+01  2.42847577e-08 
 2.63651348e+01  2.40094519e-08  2.63651348e+01  2.40432139e-08 
 2.69792577e+01  2.37715686e-08  2.69792577e+01  2.38048093e-08 
 2.76076853e+01  2.35367746e-08  2.76076853e+01  2.35695104e-08 
 2.82507509e+01  2.33050372e-08  2.82507509e+01  2.33372837e-08 
 2.89087954e+01  2.30763244e-08  2.89087954e+01  2.31080964e-08 
 2.95821678e+01  2.28506041e-08  2.95821678e+01  2.28819160e-08 
 3.02712250e+01  2.26278449e-08  3.02712250e+01  2.26587103e-08 
 3.09763324e+01  2.24080154e-08  3.09763324e+01  2.24384474e-08 
 3.16978638e+01  2.21910848e-08  3.16978638e+01  2.22210959e-08 
 3.24362019e+01  2.19770225e-08  3.24362019e+01  2.20066245e-08 
 3.31917381e+01  2.17657982e-08  3.31917381e+01  2.17950026e-08 
 3.39648730e+01  2.15573818e-08  3.39648730e+01  2.15861997e-08 
 3.47560166e+01  2.13517437e-08  3.47560166e+01  2.13801855e-08 
 3.55655882e+01  2.11488544e-08  3.55655882e+01  2.11769303e-08 
 3.63940172e+01  2.09486849e-08  3.63940172e+01  2.09764046e-08 
 3.72417427e+01  2.07512064e-08  3.72417427e+01  2.07785791e-08 
 3.81092144e+01  2.05563903e-08  3.81092144e+01  2.05834250e-08 
 3.89968920e+01  2.03642083e-08  3.89968920e+01  2.03909137e-08 
 3.99052463e+01  2.01746325e-08  3.99052463e+01  2.02010168e-08 
 4.08347589e+01  1.99876353e-08  4.08347589e+01  2.00137064e-08 
 4.17859226e+01  1.98031891e-08  4.17859226e+01  1.98289547e-08 
 4.27592418e+01  1.96212668e-08  4.27592418e+01  1.96467343e-08 
 4.37552325e+01  1.94418415e-08  4.37552325e+01  1.94670180e-08 
 4.47744228e+01  1.92648866e-08  4.47744228e+01  1.92897789e-08 
 4.58173531e+01  1.90903757e-08  4.58173531e+01  1.91149904e-08 
 4.68845763e+01  1.89182826e-08  4.68845763e+01  1.89426262e-08 
 4.79766584e+01  1.87485814e-08  4.79766584e+01  1.87726600e-08 
 4.90941783e+01  1.85812466e-08  4.90941783e+01  1.86050661e-08 
 5.02377286e+01  1.84162526e-08  5.02377286e+01  1.84398188e-08 
 5.14079157e+01  1.82535743e-08  5.14079157e+01  1.82768928e-08 
 5.26053598e+01  1.80931867e-08  5.26053598e+01  1.81162629e-08 
 5.38306961e+01  1.79350652e-08  5.38306961e+01  1.79579042e-08 
 5.50845741e+01  1.77791851e-08  5.50845741e+01  1.78017921e-08 
 5.63676586e+01  1.76255224e-08  5.63676586e+01  1.76479022e-08 
 5.76806301e+01  1.74740528e-08  5.76806301e+01  1.74962102e-08 
 5.90241845e+01  1.73247525e-08  5.90241845e+01  1.73466921e-08 
 6.03990344e+01  1.71775979e-08  6.03990344e+01  1.71993242e-08 
 6.18059087e+01  1.70325656e-08  6.18059087e+01  1.70540829e-08 
 6.32455532e+01  1.68896323e-08  6.32455532e+01  1.69109448e-08 
 6.47187314e+01  1.67487749e-08  6.47187314e+01  1.67698868e-08 
 6.62262243e+01  1.66099707e-08  6.62262243e+01  1.66308860e-08 
 6.77688312e+01  1.64731970e-08  6.77688312e+01  1.64939195e-08 
 6.93473701e+01  1.63384313e-08  6.93473701e+01  1.63589648e-08 
 7.09626778e+01  1.62056513e-08  7.09626778e+01  1.62259995e-08 
 7.26156110e+01  1.60748350e-08  7.26156110e+01  1.60950015e-08 
 7.43070458e+01  1.59459605e-08  7.43070458e+01  1.59659487e-08 
 7.60378793e+01  1.58190059e-08  7.60378793e+01  1.58388193e-08 
 7.78090290e+01  1.56939498e-08  7.78090290e+01  1.57135917e-08 
 7.96214341e+01  1.55707708e-08  7.96214341e+01  1.55902444e-08 
 8.14760556e+01  1.54494475e-08  8.14760556e+01  1.54687561e-08 
 8.33738767e+01  1.53299591e-08  8.33738767e+01  1.53491057e-08 
 8.53159038e+01  1.52122845e-08  8.53159038e+01  1.52312722e-08 
 8.73031664e+01  1.50964031e-08  8.73031664e+01  1.51152347e-08 
 8.93367184e+01  1.49822942e-08  8.93367184e+01  1.50009728e-08 
 9.14176379e+01  1.48699375e-08  9.14176379e+01  1.48884657e-08 
 9.35470283e+01  1.47593126e-08  9.35470283e+01  1.47776934e-08 
 9.57260185e+01  1.46503995e-08  9.57260185e+01  1.46686355e-08 
 9.79557639e+01  1.45431782e-08  9.79557639e+01  1.45612721e-08 
 1.00237447e+02  1.44376289e-08  1.00237447e+02  1.44555832e-08 
 1.02572277e+02  1.43337319e-08  1.02572277e+02  1.43515492e-08 
 1.04961492e+02  1.42314677e-08  1.04961492e+02  1.42491504e-08 
 1.07406359e+02  1.41308169e-08  1.07406359e+02  1.41483675e-08 
 1.09908175e+02  1.40317602e-08  1.09908175e+02  1.40491812e-08 
 1.12468265e+02  1.39342786e-08  1.12468265e+02  1.39515722e-08 
 1.15087987e+02  1.38383530e-08  1.15087987e+02  1.38555215e-08 
 1.17768731e+02  1.37439646e-08  1.17768731e+02  1.37610104e-08 
 1.20511917e+02  1.36510948e-08  1.20511917e+02  1.36680200e-08 
 1.23319000e+02  1.35597249e-08  1.23319000e+02  1.35765317e-08 
 1.26191469e+02  1.34698366e-08  1.26191469e+02  1.34865271e-08 
 1.29130846e+02  1.33814114e-08  1.29130846e+02  1.33979877e-08 
 1.32138690e+02  1.32944313e-08  1.32138690e+02  1.33108955e-08 
 1.35216595e+02  1.32088782e-08  1.35216595e+02  1.32252323e-08 
 1.38366194e+02  1.31247341e-08  1.38366194e+02  1.31409801e-08 
 1.41589157e+02  1.30419813e-08  1.41589157e+02  1.30581211e-08 
 1.44887192e+02  1.29606022e-08  1.44887192e+02  1.29766377e-08 
 1.48262048e+02  1.28805791e-08  1.48262048e+02  1.28965122e-08 
 1.51715515e+02  1.28018946e-08  1.51715515e+02  1.28177272e-08 
 1.55249423e+02  1.27245315e-08  1.55249423e+02  1.27402654e-08 
 1.58865647e+02  1.26484726e-08  1.58865647e+02  1.26641096e-08 
 1.62566103e+02  1.25737009e-08  1.62566103e+02  1.25892427e-08 
 1.66352754e+02  1.25001994e-08  1.66352754e+02  1.25156477e-08 
 1.70227608e+02  1.24279513e-08  1.70227608e+02  1.24433078e-08 
 1.74192718e+02  1.23569400e-08  1.74192718e+02  1.23722064e-08 
 1.78250188e+02  1.22871489e-08  1.78250188e+02  1.23023269e-08 
 1.82402168e+02  1.22185616e-08  1.82402168e+02  1.22336527e-08 
 1.86650860e+02  1.21511618e-08  1.86650860e+02  1.21661676e-08 
 1.90998517e+02  1.20849332e-08  1.90998517e+02  1.20998554e-08 
 1.95447444e+02  1.20198600e-08  1.95447444e+02  1.20347000e-08 
 2.00000000e+02  1.19559260e-08  2.00000000e+02  1.19706854e-08 
 2.04658598e+02  1.18931156e-08  2.04658598e+02  1.19077957e-08 
 2.09425710e+02  1.18314130e-08  2.09425710e+02  1.18460154e-08 
 2.14303861e+02  1.17708026e-08  2.14303861e+02  1.17853287e-08 
 2.19295639e+02  1.17112690e-08  2.19295639e+02  1.17257202e-08 
 2.24403691e+02  1.16527970e-08  2.24403691e+02  1.16671747e-08 
 2.29630724e+02  1.15953713e-08  2.29630724e+02  1.16096768e-08 
 2.34979511e+02  1.15389768e-08  2.34979511e+02  1.15532115e-08 
 2.40452887e+02  1.14835986e-08  2.40452887e+02  1.14977639e-08 
 2.46053754e+02  1.14292220e-08  2.46053754e+02  1.14433191e-08 
 2.51785082e+02  1.13758321e-08  2.51785082e+02  1.13898623e-08 
 2.57649910e+02  1.13234146e-08  2.57649910e+02  1.13373791e-08 
 2.63651348e+02  1.12719548e-08  2.63651348e+02  1.12858549e-08 
 2.69792577e+02  1.12214386e-08  2.69792577e+02  1.12352754e-08 
 2.76076853e+02  1.11718517e-08  2.76076853e+02  1.11856266e-08 
 2.82507509e+02  1.11231802e-08  2.82507509e+02  1.11368941e-08 
 2.89087954e+02  1.10754100e-08  2.89087954e+02  1.10890643e-08 
 2.95821678e+02  1.10285275e-08  2.95821678e+02  1.10421231e-08 
 3.02712250e+02  1.09825188e-08  3.02712250e+02  1.09960571e-08 
 3.09763324e+02  1.09373707e-08  3.09763324e+02  1.09508525e-08 
 3.16978638e+02  1.08930695e-08  3.16978638e+02  1.09064961e-08 
 3.24362019e+02  1.08496021e-08  3.24362019e+02  1.08629745e-08 
 3.31917381e+02  1.08069553e-08  3.31917381e+02  1.08202745e-08 
 3.39648730e+02  1.07651162e-08  3.39648730e+02  1.07783833e-08 
 3.47560166e+02  1.07240719e-08  3.47560166e+02  1.07372878e-08 
 3.55655882e+02  1.06838096e-08  3.55655882e+02  1.06969753e-08 
 3.63940172e+02  1.06443167e-08  3.63940172e+02  1.06574332e-08 
 3.72417427e+02  1.06055808e-08  3.72417427e+02  1.06186491e-08 
 3.81092144e+02  1.05675896e-08  3.81092144e+02  1.05806105e-08 
 3.89968920e+02  1.05303307e-08  3.89968920e+02  1.05433053e-08 
 3.99052463e+02  1.04937923e-08  3.99052463e+02  1.05067214e-08 
 4.08347589e+02  1.04579624e-08  4.08347589e+02  1.04708469e-08 
 4.17859226e+02  1.04228290e-08  4.17859226e+02  1.04356698e-08 
 4.27592418e+02  1.03883807e-08  4.27592418e+02  1.04011787e-08 
 4.37552325e+02  1.03546059e-08  4.37552325e+02  1.03673618e-08 
 4.47744228e+02  1.03214932e-08  4.47744228e+02  1.03342079e-08 
 4.58173531e+02  1.02890313e-08  4.58173531e+02  1.03017057e-08 
 4.68845763e+02  1.02572092e-08  4.68845763e+02  1.02698439e-08 
 4.79766584e+02  1.02260157e-08  4.79766584e+02  1.02386117e-08 
 4.90941783e+02  1.01954402e-08  4.90941783e+02  1.02079982e-08 
 5.02377286e+02  1.01654719e-08  5.02377286e+02  1.01779926e-08 
 5.14079157e+02  1.01361002e-08  5.14079157e+02  1.01485843e-08 
 5.26053598e+02  1.01073146e-08  5.26053598e+02  1.01197630e-08 
 5.38306961e+02  1.00791049e-08  5.38306961e+02  1.00915182e-08 
 5.50845741e+02  1.00514609e-08  5.50845741e+02  1.00638398e-08 
 5.63676586e+02  1.00243725e-08  5.63676586e+02  1.00367177e-08 
 5.76806301e+02  9.99782988e-09  5.76806301e+02  1.00101421e-08 
 5.90241845e+02  9.97182320e-09  5.90241845e+02  9.98410302e-09 
 6.03990344e+02  9.94634285e-09  6.03990344e+02  9.95859095e-09 
 6.18059087e+02  9.92137931e-09  6.18059087e+02  9.93359634e-09 
 6.32455532e+02  9.89692320e-09  6.32455532e+02  9.90910979e-09 
 6.47187314e+02  9.87296529e-09  6.47187314e+02  9.88512204e-09 
 6.62262243e+02  9.84949645e-09  6.62262243e+02  9.86162396e-09 
 6.77688312e+02  9.82650770e-09  6.77688312e+02  9.83860656e-09 
 6.93473701e+02  9.80399019e-09  6.93473701e+02  9.81606098e-09 
 7.09626778e+02  9.78193518e-09  7.09626778e+02  9.79397846e-09 
 7.26156110e+02  9.76033407e-09  7.26156110e+02  9.77235040e-09 
 7.43070458e+02  9.73917840e-09  7.43070458e+02  9.75116832e-09 
 7.60378793e+02  9.71845982e-09  7.60378793e+02  9.73042387e-09 
 7.78090290e+02  9.69817011e-09  7.78090290e+02  9.71010879e-09 
 7.96214341e+02  9.67830116e-09  7.96214341e+02  9.69021501e-09 
 8.14760556e+02  9.65884502e-09  8.14760556e+02  9.67073452e-09 
 8.33738767e+02  9.63979383e-09  8.33738767e+02  9.65165947e-09 
 8.53159038e+02  9.62113986e-09  8.53159038e+02  9.63298212e-09 
 8.73031664e+02  9.60287551e-09  8.73031664e+02  9.61469486e-09 
 8.93367184e+02  9.58499329e-09  8.93367184e+02  9.59679019e-09 
 9.14176379e+02  9.56748584e-09  9.14176379e+02  9.57926074e-09 
 9.35470283e+02  9.55034591e-09  9.35470283e+02  9.56209924e-09 
 9.57260185e+02  9.53356637e-09  9.57260185e+02  9.54529856e-09 
 9.79557639e+02  9.51714020e-09  9.79557639e+02  9.52885168e-09 
 1.00237447e+03  9.50106050e-09  1.00237447e+03  9.51275167e-09 
 1.02572277e+03  9.48532049e-09  1.02572277e+03  9.49699175e-09 
 1.04961492e+03  9.46991349e-09  1.04961492e+03  9.48156523e-09 
 1.07406359e+03  9.45483294e-09  1.07406359e+03  9.46646555e-09 
 1.09908175e+03  9.44007239e-09  1.09908175e+03  9.45168624e-09 
 1.12468265e+03  9.42562549e-09  1.12468265e+03  9.43722095e-09 
 1.15087987e+03  9.41148602e-09  1.15087987e+03  9.42306343e-09 
 1.17768731e+03  9.39764785e-09  1.17768731e+03  9.40920756e-09 
 1.20511917e+03  9.38410495e-09  1.20511917e+03  9.39564730e-09 
 1.23319000e+03  9.37085140e-09  1.23319000e+03  9.38237672e-09 
 1.26191469e+03  9.35788141e-09  1.26191469e+03  9.36939001e-09 
 1.29130846e+03  9.34518924e-09  1.29130846e+03  9.35668144e-09 
 1.32138690e+03  9.33276929e-09  1.32138690e+03  9.34424540e-09 
 1.35216595e+03  9.32061606e-09  1.35216595e+03  9.33207636e-09 
 1.38366194e+03  9.30872412e-09  1.38366194e+03  9.32016890e-09 
 1.41589157e+03  9.29708817e-09  1.41589157e+03  9.30851771e-09 
 1.44887192e+03  9.28570298e-09  1.44887192e+03  9.29711754e-09 
 1.48262048e+03  9.27456343e-09  1.48262048e+03  9.28596328e-09 
 1.51715515e+03  9.26366448e-09  1.51715515e+03  9.27504987e-09 
 1.55249423e+03  9.25300120e-09  1.55249423e+03  9.26437237e-09 
 1.58865647e+03  9.24256873e-09  1.58865647e+03  9.25392593e-09 
 1.62566103e+03  9.23236233e-09  1.62566103e+03  9.24370577e-09 
 1.66352754e+03  9.22237730e-09  1.66352754e+03  9.23370722e-09 
 1.70227608e+03  9.21260909e-09  1.70227608e+03  9.22392568e-09 
 1.74192718e+03  9.20305317e-09  1.74192718e+03  9.21435665e-09 
 1.78250188e+03  9.19370515e-09  1.78250188e+03  9.20499570e-09 
 1.82402168e+03  9.18456069e-09  1.82402168e+03  9.19583850e-09 
 1.86650860e+03  9.17561554e-09  1.86650860e+03  9.18688079e-09 
 1.90998517e+03  9.16686553e-09  1.90998517e+03  9.17811840e-09 
 1.95447444e+03  9.15830658e-09  1.95447444e+03  9.16954722e-09 
 2.00000000e+03  9.14993468e-09  2.00000000e+03  9.16116324e-09 
 2.04658598e+03  9.14174589e-09  2.04658598e+03  9.15296252e-09 
 2.09425710e+03  9.13373636e-09  2.09425710e+03  9.14494120e-09 
 2.14303861e+03  9.12590230e-09  2.14303861e+03  9.13709547e-09 
 2.19295639e+03  9.11824001e-09  2.19295639e+03  9.12942164e-09 
 2.24403691e+03  9.11074585e-09  2.24403691e+03  9.12191604e-09 
 2.29630724e+03  9.10341626e-09  2.29630724e+03  9.11457511e-09 
 2.34979511e+03  9.09624775e-09  2.34979511e+03  9.10739535e-09 
 2.40452887e+03  9.08923687e-09  2.40452887e+03  9.10037331e-09 
 2.46053754e+03  9.08238029e-09  2.46053754e+03  9.09350563e-09 
 2.51785082e+03  9.07567470e-09  2.51785082e+03  9.08678901e-09 
 2.57649910e+03  9.06911687e-09  2.57649910e+03  9.08022021e-09 
 2.63651348e+03  9.06270366e-09  2.63651348e+03  9.07379607e-09 
 2.69792577e+03  9.05643195e-09  2.69792577e+03  9.06751346e-09 
 2.76076853e+03  9.05029872e-09  2.76076853e+03  9.06136935e-09 
 2.82507509e+03  9.04430098e-09  2.82507509e+03  9.05536074e-09 
 2.89087954e+03  9.03843581e-09  2.89087954e+03  9.04948472e-09 
 2.95821678e+03  9.03270037e-09  2.95821678e+03  9.04373840e-09 
 3.02712250e+03  9.02709186e-09  3.02712250e+03  9.03811899e-09 
 3.09763324e+03  9.02160752e-09  3.09763324e+03  9.03262372e-09 
 3.16978638e+03  9.01624467e-09  3.16978638e+03  9.02724991e-09 
 3.24362019e+03  9.01100069e-09  3.24362019e+03  9.02199489e-09 
 3.31917381e+03  9.00587298e-09  3.31917381e+03  9.01685609e-09 
 3.39648730e+03  9.00085903e-09  3.39648730e+03  9.01183095e-09 
 3.47560166e+03  8.99595637e-09  3.47560166e+03  9.00691701e-09 
 3.55655882e+03  8.99116256e-09  3.55655882e+03  9.00211181e-09 
 3.63940172e+03  8.98647524e-09  3.63940172e+03  8.99741297e-09 
 3.72417427e+03  8.98189208e-09  3.72417427e+03  8.99281815e-09 
 3.81092144e+03  8.97741080e-09  3.81092144e+03  8.98832505e-09 
 3.89968920e+03  8.97302917e-09  3.89968920e+03  8.98393144e-09 
 3.99052463e+03  8.96874502e-09  3.99052463e+03  8.97963511e-09 
 4.08347589e+03  8.96455620e-09  4.08347589e+03  8.97543391e-09 
 4.17859226e+03  8.96046061e-09  4.17859226e+03  8.97132573e-09 
 4.27592418e+03  8.95645622e-09  4.27592418e+03  8.96730848e-09 
 4.37552325e+03  8.95254100e-09  4.37552325e+03  8.96338016e-09 
 4.47744228e+03  8.94871299e-09  4.47744228e+03  8.95953877e-09 
 4.58173531e+03  8.94497028e-09  4.58173531e+03  8.95578237e-09 
 4.68845763e+03  8.94131096e-09  4.68845763e+03  8.95210904e-09 
 4.79766584e+03  8.93773321e-09  4.79766584e+03  8.94851693e-09 
 4.90941783e+03  8.93423520e-09  4.90941783e+03  8.94500420e-09 
 5.02377286e+03  8.93081517e-09  5.02377286e+03  8.94156906e-09 
 5.14079157e+03  8.92747140e-09  5.14079157e+03  8.93820975e-09 
 5.26053598e+03  8.92420217e-09  5.26053598e+03  8.93492455e-09 
 5.38306961e+03  8.92100583e-09  5.38306961e+03  8.93171176e-09 
 5.50845741e+03  8.91788075e-09  5.50845741e+03  8.92856974e-09 
 5.63676586e+03  8.91482535e-09  5.63676586e+03  8.92549687e-09 
 5.76806301e+03  8.91183806e-09  5.76806301e+03  8.92249154e-09 
 5.90241845e+03  8.90891735e-09  5.90241845e+03  8.91955221e-09 
 6.03990344e+03  8.90606174e-09  6.03990344e+03  8.91667735e-09 
 6.18059087e+03  8.90326975e-09  6.18059087e+03  8.91386546e-09 
 6.32455532e+03  8.90053996e-09  6.32455532e+03  8.91111506e-09 
 6.47187314e+03  8.89787096e-09  6.47187314e+03  8.90842472e-09 
 6.62262243e+03  8.89526137e-09  6.62262243e+03  8.90579303e-09 
 6.77688312e+03  8.89270986e-09  6.77688312e+03  8.90321859e-09 
 6.93473701e+03  8.89021510e-09  6.93473701e+03  8.90070005e-09 
 7.09626778e+03  8.88777580e-09  7.09626778e+03  8.89823606e-09 
 7.26156110e+03  8.88539070e-09  7.26156110e+03  8.89582533e-09 
 7.43070458e+03  8.88305856e-09  7.43070458e+03  8.89346656e-09 
 7.60378793e+03  8.88077818e-09  7.60378793e+03  8.89115848e-09 
 7.78090290e+03  8.87854835e-09  7.78090290e+03  8.88889986e-09 
 7.96214341e+03  8.87636792e-09  7.96214341e+03  8.88668948e-09 
 8.14760556e+03  8.87423574e-09  8.14760556e+03  8.88452613e-09 
 8.33738767e+03  8.87215071e-09  8.33738767e+03  8.88240865e-09 
 8.53159038e+03  8.87011173e-09  8.53159038e+03  8.88033587e-09 
 8.73031664e+03  8.86811771e-09  8.73031664e+03  8.87830664e-09 
 8.93367184e+03  8.86616762e-09  8.93367184e+03  8.87631986e-09 
 9.14176379e+03  8.86426043e-09  9.14176379e+03  8.87437442e-09 
 9.35470283e+03  8.86239511e-09  9.35470283e+03  8.87246923e-09 
 9.57260185e+03  8.86057069e-09  9.57260185e+03  8.87060321e-09 
 9.79557639e+03  8.85878619e-09  9.79557639e+03  8.86877533e-09 
 1.00237447e+04  8.85704066e-09  1.00237447e+04  8.86698453e-09 
 1.02572277e+04  8.85533317e-09  1.02572277e+04  8.86522979e-09 
 1.04961492e+04  8.85366279e-09  1.04961492e+04  8.86351010e-09 
 1.07406359e+04  8.85202863e-09  1.07406359e+04  8.86182446e-09 
 1.09908175e+04  8.85042982e-09  1.09908175e+04  8.86017188e-09 
 1.12468265e+04  8.84886547e-09  1.12468265e+04  8.85855138e-09 
 1.15087987e+04  8.84733474e-09  1.15087987e+04  8.85696201e-09 
 1.17768731e+04  8.84583680e-09  1.17768731e+04  8.85540281e-09 
 1.20511917e+04  8.84437082e-09  1.20511917e+04  8.85387282e-09 
 1.23319000e+04  8.84293600e-09  1.23319000e+04  8.85237112e-09 
 1.26191469e+04  8.84153154e-09  1.26191469e+04  8.85089677e-09 
 1.29130846e+04  8.84015667e-09  1.29130846e+04  8.84944885e-09 
 1.32138690e+04  8.83881061e-09  1.32138690e+04  8.84802644e-09 
 1.35216595e+04  8.83749262e-09  1.35216595e+04  8.84662864e-09 
 1.38366194e+04  8.83620194e-09  1.38366194e+04  8.84525452e-09 
 1.41589157e+04  8.83493785e-09  1.41589157e+04  8.84390320e-09 
 1.44887192e+04  8.83369963e-09  1.44887192e+04  8.84257377e-09 
 1.48262048e+04  8.83248657e-09  1.48262048e+04  8.84126534e-09 
 1.51715515e+04  8.83129796e-09  1.51715515e+04  8.83997700e-09 
 1.55249423e+04  8.83013311e-09  1.55249423e+04  8.83870786e-09 
 1.58865647e+04  8.82899135e-09  1.58865647e+04  8.83745703e-09 
 1.62566103e+04  8.82787199e-09  1.62566103e+04  8.83622360e-09 
 1.66352754e+04  8.82677437e-09  1.66352754e+04  8.83500668e-09 
 1.70227608e+04  8.82569783e-09  1.70227608e+04  8.83380536e-09 
 1.74192718e+04  8.82464172e-09  1.74192718e+04  8.83261874e-09 
 1.78250188e+04  8.82360539e-09  1.78250188e+04  8.83144589e-09 
 1.82402168e+04  8.82258821e-09  1.82402168e+04  8.83028591e-09 
 1.86650860e+04  8.82158953e-09  1.86650860e+04  8.82913787e-09 
 1.90998517e+04  8.82060873e-09  1.90998517e+04  8.82800083e-09 
 1.95447444e+04  8.81964519e-09  1.95447444e+04  8.82687384e-09 
 2.00000000e+04  8.81869827e-09  2.00000000e+04  8.82575595e-09 
