 2.00000000e+01  1.50784158e-08  2.00000000e+01  1.06555714e-08 
 2.04658598e+01  1.50626271e-08  2.04658598e+01  1.06442688e-08 
 2.09425710e+01  1.50471994e-08  2.09425710e+01  1.06332281e-08 
 2.14303861e+01  1.50321243e-08  2.14303861e+01  1.06224431e-08 
 2.19295639e+01  1.50173938e-08  2.19295639e+01  1.06119078e-08 
 2.24403691e+01  1.50030000e-08  2.24403691e+01  1.06016164e-08 
 2.29630724e+01  1.49889352e-08  2.29630724e+01  1.05915631e-08 
 2.34979511e+01  1.49751920e-08  2.34979511e+01  1.05817423e-08 
 2.40452887e+01  1.49617629e-08  2.40452887e+01  1.05721486e-08 
 2.46053754e+01  1.49486407e-08  2.46053754e+01  1.05627767e-08 
 2.51785082e+01  1.49358185e-08  2.51785082e+01  1.05536214e-08 
 2.57649910e+01  1.49232893e-08  2.57649910e+01  1.05446776e-08 
 2.63651348e+01  1.49110465e-08  2.63651348e+01  1.05359403e-08 
 2.69792577e+01  1.48990835e-08  2.69792577e+01  1.05274048e-08 
 2.76076853e+01  1.48873938e-08  2.76076853e+01  1.05190663e-08 
 2.82507509e+01  1.48759714e-08  2.82507509e+01  1.05109203e-08 
 2.89087954e+01  1.48648099e-08  2.89087954e+01  1.05029621e-08 
 2.95821678e+01  1.48539035e-08  2.95821678e+01  1.04951875e-08 
 3.02712250e+01  1.48432464e-08  3.02712250e+01  1.04875922e-08 
 3.09763324e+01  1.48328327e-08  3.09763324e+01  1.04801719e-08 
 3.16978638e+01  1.48226570e-08  3.16978638e+01  1.04729227e-08 
 3.24362019e+01  1.48127137e-08  3.24362019e+01  1.04658405e-08 
 3.31917381e+01  1.48029977e-08  3.31917381e+01  1.04589214e-08 
 3.39648730e+01  1.47935036e-08  3.39648730e+01  1.04521616e-08 
 3.47560166e+01  1.47842263e-08  3.47560166e+01  1.04455575e-08 
 3.55655882e+01  1.47751610e-08  3.55655882e+01  1.04391054e-08 
 3.63940172e+01  1.47663028e-08  3.63940172e+01  1.04328017e-08 
 3.72417427e+01  1.47576469e-08  3.72417427e+01  1.04266431e-08 
 3.81092144e+01  1.47491887e-08  3.81092144e+01  1.04206262e-08 
 3.89968920e+01  1.47409237e-08  3.89968920e+01  1.04147476e-08 
 3.99052463e+01  1.47328475e-08  3.99052463e+01  1.04090042e-08 
 4.08347589e+01  1.47249557e-08  4.08347589e+01  1.04033929e-08 
 4.17859226e+01  1.47172441e-08  4.17859226e+01  1.03979105e-08 
 4.27592418e+01  1.47097086e-08  4.27592418e+01  1.03925540e-08 
 4.37552325e+01  1.47023452e-08  4.37552325e+01  1.03873207e-08 
 4.47744228e+01  1.46951499e-08  4.47744228e+01  1.03822075e-08 
 4.58173531e+01  1.46881189e-08  4.58173531e+01  1.03772118e-08 
 4.68845763e+01  1.46812484e-08  4.68845763e+01  1.03723308e-08 
 4.79766584e+01  1.46745347e-08  4.79766584e+01  1.03675618e-08 
 4.90941783e+01  1.46679743e-08  4.90941783e+01  1.03629023e-08 
 5.02377286e+01  1.46615637e-08  5.02377286e+01  1.03583498e-08 
 5.14079157e+01  1.46552994e-08  5.14079157e+01  1.03539017e-08 
 5.26053598e+01  1.46491781e-08  5.26053598e+01  1.03495556e-08 
 5.38306961e+01  1.46431966e-08  5.38306961e+01  1.03453092e-08 
 5.50845741e+01  1.46373515e-08  5.50845741e+01  1.03411602e-08 
 5.63676586e+01  1.46316398e-08  5.63676586e+01  1.03371064e-08 
 5.76806301e+01  1.46260585e-08  5.76806301e+01  1.03331455e-08 
 5.90241845e+01  1.46206046e-08  5.90241845e+01  1.03292754e-08 
 6.03990344e+01  1.46152751e-08  6.03990344e+01  1.03254940e-08 
 6.18059087e+01  1.46100672e-08  6.18059087e+01  1.03217992e-08 
 6.32455532e+01  1.46049782e-08  6.32455532e+01  1.03181891e-08 
 6.47187314e+01  1.46000052e-08  6.47187314e+01  1.03146618e-08 
 6.62262243e+01  1.45951458e-08  6.62262243e+01  1.03112152e-08 
 6.77688312e+01  1.45903972e-08  6.77688312e+01  1.03078476e-08 
 6.93473701e+01  1.45857569e-08  6.93473701e+01  1.03045570e-08 
 7.09626778e+01  1.45812225e-08  7.09626778e+01  1.03013419e-08 
 7.26156110e+01  1.45767915e-08  7.26156110e+01  1.02982003e-08 
 7.43070458e+01  1.45724616e-08  7.43070458e+01  1.02951307e-08 
 7.60378793e+01  1.45682305e-08  7.60378793e+01  1.02921313e-08 
 7.78090290e+01  1.45640959e-08  7.78090290e+01  1.02892006e-08 
 7.96214341e+01  1.45600556e-08  7.96214341e+01  1.02863369e-08 
 8.14760556e+01  1.45561074e-08  8.14760556e+01  1.02835388e-08 
 8.33738767e+01  1.45522493e-08  8.33738767e+01  1.02808047e-08 
 8.53159038e+01  1.45484791e-08  8.53159038e+01  1.02781331e-08 
 8.73031664e+01  1.45447950e-08  8.73031664e+01  1.02755226e-08 
 8.93367184e+01  1.45411948e-08  8.93367184e+01  1.02729719e-08 
 9.14176379e+01  1.45376768e-08  9.14176379e+01  1.02704795e-08 
 9.35470283e+01  1.45342390e-08  9.35470283e+01  1.02680440e-08 
 9.57260185e+01  1.45308795e-08  9.57260185e+01  1.02656643e-08 
 9.79557639e+01  1.45275967e-08  9.79557639e+01  1.02633390e-08 
 1.00237447e+02  1.45243887e-08  1.00237447e+02  1.02610668e-08 
 1.02572277e+02  1.45212538e-08  1.02572277e+02  1.02588466e-08 
 1.04961492e+02  1.45181904e-08  1.04961492e+02  1.02566771e-08 
 1.07406359e+02  1.45151969e-08  1.07406359e+02  1.02545572e-08 
 1.09908175e+02  1.45122716e-08  1.09908175e+02  1.02524857e-08 
 1.12468265e+02  1.45094130e-08  1.12468265e+02  1.02504616e-08 
 1.15087987e+02  1.45066195e-08  1.15087987e+02  1.02484837e-08 
 1.17768731e+02  1.45038897e-08  1.17768731e+02  1.02465510e-08 
 1.20511917e+02  1.45012222e-08  1.20511917e+02  1.02446625e-08 
 1.23319000e+02  1.44986154e-08  1.23319000e+02  1.02428171e-08 
 1.26191469e+02  1.44960680e-08  1.26191469e+02  1.02410138e-08 
 1.29130846e+02  1.44935788e-08  1.29130846e+02  1.02392518e-08 
 1.32138690e+02  1.44911462e-08  1.32138690e+02  1.02375299e-08 
 1.35216595e+02  1.44887691e-08  1.35216595e+02  1.02358474e-08 
 1.38366194e+02  1.44864461e-08  1.38366194e+02  1.02342033e-08 
 1.41589157e+02  1.44841761e-08  1.41589157e+02  1.02325968e-08 
 1.44887192e+02  1.44819578e-08  1.44887192e+02  1.02310269e-08 
 1.48262048e+02  1.44797901e-08  1.48262048e+02  1.02294929e-08 
 1.51715515e+02  1.44776717e-08  1.51715515e+02  1.02279939e-08 
 1.55249423e+02  1.44756017e-08  1.55249423e+02  1.02265291e-08 
 1.58865647e+02  1.44735787e-08  1.58865647e+02  1.02250978e-08 
 1.62566103e+02  1.44716019e-08  1.62566103e+02  1.02236991e-08 
 1.66352754e+02  1.44696701e-08  1.66352754e+02  1.02223323e-08 
 1.70227608e+02  1.44677824e-08  1.70227608e+02  1.02209967e-08 
 1.74192718e+02  1.44659376e-08  1.74192718e+02  1.02196917e-08 
 1.78250188e+02  1.44641348e-08  1.78250188e+02  1.02184163e-08 
 1.82402168e+02  1.44623732e-08  1.82402168e+02  1.02171701e-08 
 1.86650860e+02  1.44606516e-08  1.86650860e+02  1.02159524e-08 
 1.90998517e+02  1.44589693e-08  1.90998517e+02  1.02147624e-08 
 1.95447444e+02  1.44573252e-08  1.95447444e+02  1.02135995e-08 
 2.00000000e+02  1.44557187e-08  2.00000000e+02  1.02124632e-08 
 2.04658598e+02  1.44541487e-08  2.04658598e+02  1.02113528e-08 
 2.09425710e+02  1.44526144e-08  2.09425710e+02  1.02102678e-08 
 2.14303861e+02  1.44511151e-08  2.14303861e+02  1.02092075e-08 
 2.19295639e+02  1.44496500e-08  2.19295639e+02  1.02081713e-08 
 2.24403691e+02  1.44482182e-08  2.24403691e+02  1.02071588e-08 
 2.29630724e+02  1.44468190e-08  2.29630724e+02  1.02061694e-08 
 2.34979511e+02  1.44454517e-08  2.34979511e+02  1.02052026e-08 
 2.40452887e+02  1.44441155e-08  2.40452887e+02  1.02042578e-08 
 2.46053754e+02  1.44428097e-08  2.46053754e+02  1.02033346e-08 
 2.51785082e+02  1.44415336e-08  2.51785082e+02  1.02024324e-08 
 2.57649910e+02  1.44402866e-08  2.57649910e+02  1.02015508e-08 
 2.63651348e+02  1.44390680e-08  2.63651348e+02  1.02006892e-08 
 2.69792577e+02  1.44378771e-08  2.69792577e+02  1.01998474e-08 
 2.76076853e+02  1.44367133e-08  2.76076853e+02  1.01990247e-08 
 2.82507509e+02  1.44355760e-08  2.82507509e+02  1.01982208e-08 
 2.89087954e+02  1.44344646e-08  2.89087954e+02  1.01974352e-08 
 2.95821678e+02  1.44333784e-08  2.95821678e+02  1.01966675e-08 
 3.02712250e+02  1.44323170e-08  3.02712250e+02  1.01959173e-08 
 3.09763324e+02  1.44312797e-08  3.09763324e+02  1.01951843e-08 
 3.16978638e+02  1.44302660e-08  3.16978638e+02  1.01944679e-08 
 3.24362019e+02  1.44292754e-08  3.24362019e+02  1.01937679e-08 
 3.31917381e+02  1.44283073e-08  3.31917381e+02  1.01930838e-08 
 3.39648730e+02  1.44273612e-08  3.39648730e+02  1.01924153e-08 
 3.47560166e+02  1.44264366e-08  3.47560166e+02  1.01917621e-08 
 3.55655882e+02  1.44255331e-08  3.55655882e+02  1.01911237e-08 
 3.63940172e+02  1.44246500e-08  3.63940172e+02  1.01904999e-08 
 3.72417427e+02  1.44237871e-08  3.72417427e+02  1.01898904e-08 
 3.81092144e+02  1.44229437e-08  3.81092144e+02  1.01892947e-08 
 3.89968920e+02  1.44221195e-08  3.89968920e+02  1.01887126e-08 
 3.99052463e+02  1.44213141e-08  3.99052463e+02  1.01881437e-08 
 4.08347589e+02  1.44205269e-08  4.08347589e+02  1.01875879e-08 
 4.17859226e+02  1.44197576e-08  4.17859226e+02  1.01870446e-08 
 4.27592418e+02  1.44190057e-08  4.27592418e+02  1.01865138e-08 
 4.37552325e+02  1.44182710e-08  4.37552325e+02  1.01859951e-08 
 4.47744228e+02  1.44175528e-08  4.47744228e+02  1.01854882e-08 
 4.58173531e+02  1.44168510e-08  4.58173531e+02  1.01849928e-08 
 4.68845763e+02  1.44161651e-08  4.68845763e+02  1.01845088e-08 
 4.79766584e+02  1.44154948e-08  4.79766584e+02  1.01840358e-08 
 4.90941783e+02  1.44148396e-08  4.90941783e+02  1.01835735e-08 
 5.02377286e+02  1.44141993e-08  5.02377286e+02  1.01831218e-08 
 5.14079157e+02  1.44135734e-08  5.14079157e+02  1.01826804e-08 
 5.26053598e+02  1.44129618e-08  5.26053598e+02  1.01822491e-08 
 5.38306961e+02  1.44123640e-08  5.38306961e+02  1.01818275e-08 
 5.50845741e+02  1.44117797e-08  5.50845741e+02  1.01814156e-08 
 5.63676586e+02  1.44112086e-08  5.63676586e+02  1.01810131e-08 
 5.76806301e+02  1.44106504e-08  5.76806301e+02  1.01806198e-08 
 5.90241845e+02  1.44101048e-08  5.90241845e+02  1.01802354e-08 
 6.03990344e+02  1.44095715e-08  6.03990344e+02  1.01798598e-08 
 6.18059087e+02  1.44090502e-08  6.18059087e+02  1.01794927e-08 
 6.32455532e+02  1.44085407e-08  6.32455532e+02  1.01791340e-08 
 6.47187314e+02  1.44080427e-08  6.47187314e+02  1.01787835e-08 
 6.62262243e+02  1.44075559e-08  6.62262243e+02  1.01784410e-08 
 6.77688312e+02  1.44070800e-08  6.77688312e+02  1.01781063e-08 
 6.93473701e+02  1.44066148e-08  6.93473701e+02  1.01777792e-08 
 7.09626778e+02  1.44061600e-08  7.09626778e+02  1.01774596e-08 
 7.26156110e+02  1.44057155e-08  7.26156110e+02  1.01771473e-08 
 7.43070458e+02  1.44052808e-08  7.43070458e+02  1.01768421e-08 
 7.60378793e+02  1.44048559e-08  7.60378793e+02  1.01765439e-08 
 7.78090290e+02  1.44044405e-08  7.78090290e+02  1.01762524e-08 
 7.96214341e+02  1.44040344e-08  7.96214341e+02  1.01759677e-08 
 8.14760556e+02  1.44036373e-08  8.14760556e+02  1.01756894e-08 
 8.33738767e+02  1.44032490e-08  8.33738767e+02  1.01754174e-08 
 8.53159038e+02  1.44028694e-08  8.53159038e+02  1.01751517e-08 
 8.73031664e+02  1.44024981e-08  8.73031664e+02  1.01748920e-08 
 8.93367184e+02  1.44021351e-08  8.93367184e+02  1.01746383e-08 
 9.14176379e+02  1.44017800e-08  9.14176379e+02  1.01743904e-08 
 9.35470283e+02  1.44014328e-08  9.35470283e+02  1.01741481e-08 
 9.57260185e+02  1.44010932e-08  9.57260185e+02  1.01739114e-08 
 9.79557639e+02  1.44007611e-08  9.79557639e+02  1.01736800e-08 
 1.00237447e+03  1.44004362e-08  1.00237447e+03  1.01734540e-08 
 1.02572277e+03  1.44001183e-08  1.02572277e+03  1.01732331e-08 
 1.04961492e+03  1.43998074e-08  1.04961492e+03  1.01730173e-08 
 1.07406359e+03  1.43995032e-08  1.07406359e+03  1.01728064e-08 
 1.09908175e+03  1.43992056e-08  1.09908175e+03  1.01726003e-08 
 1.12468265e+03  1.43989143e-08  1.12468265e+03  1.01723990e-08 
 1.15087987e+03  1.43986293e-08  1.15087987e+03  1.01722022e-08 
 1.17768731e+03  1.43983503e-08  1.17768731e+03  1.01720100e-08 
 1.20511917e+03  1.43980772e-08  1.20511917e+03  1.01718221e-08 
 1.23319000e+03  1.43978099e-08  1.23319000e+03  1.01716386e-08 
 1.26191469e+03  1.43975482e-08  1.26191469e+03  1.01714593e-08 
 1.29130846e+03  1.43972919e-08  1.29130846e+03  1.01712841e-08 
 1.32138690e+03  1.43970409e-08  1.32138690e+03  1.01711129e-08 
 1.35216595e+03  1.43967951e-08  1.35216595e+03  1.01709457e-08 
 1.38366194e+03  1.43965543e-08  1.38366194e+03  1.01707823e-08 
 1.41589157e+03  1.43963183e-08  1.41589157e+03  1.01706226e-08 
 1.44887192e+03  1.43960871e-08  1.44887192e+03  1.01704666e-08 
 1.48262048e+03  1.43958605e-08  1.48262048e+03  1.01703143e-08 
 1.51715515e+03  1.43956383e-08  1.51715515e+03  1.01701654e-08 
 1.55249423e+03  1.43954205e-08  1.55249423e+03  1.01700199e-08 
 1.58865647e+03  1.43952068e-08  1.58865647e+03  1.01698779e-08 
 1.62566103e+03  1.43949972e-08  1.62566103e+03  1.01697391e-08 
 1.66352754e+03  1.43947915e-08  1.66352754e+03  1.01696035e-08 
 1.70227608e+03  1.43945896e-08  1.70227608e+03  1.01694711e-08 
 1.74192718e+03  1.43943913e-08  1.74192718e+03  1.01693417e-08 
 1.78250188e+03  1.43941966e-08  1.78250188e+03  1.01692153e-08 
 1.82402168e+03  1.43940054e-08  1.82402168e+03  1.01690919e-08 
 1.86650860e+03  1.43938174e-08  1.86650860e+03  1.01689713e-08 
 1.90998517e+03  1.43936325e-08  1.90998517e+03  1.01688536e-08 
 1.95447444e+03  1.43934507e-08  1.95447444e+03  1.01687386e-08 
 2.00000000e+03  1.43932718e-08  2.00000000e+03  1.01686263e-08 
 2.04658598e+03  1.43930957e-08  2.04658598e+03  1.01685167e-08 
 2.09425710e+03  1.43929223e-08  2.09425710e+03  1.01684096e-08 
 2.14303861e+03  1.43927514e-08  2.14303861e+03  1.01683050e-08 
 2.19295639e+03  1.43925829e-08  2.19295639e+03  1.01682029e-08 
 2.24403691e+03  1.43924167e-08  2.24403691e+03  1.01681032e-08 
 2.29630724e+03  1.43922527e-08  2.29630724e+03  1.01680059e-08 
 2.34979511e+03  1.43920907e-08  2.34979511e+03  1.01679109e-08 
 2.40452887e+03  1.43919306e-08  2.40452887e+03  1.01678182e-08 
 2.46053754e+03  1.43917723e-08  2.46053754e+03  1.01677277e-08 
 2.51785082e+03  1.43916157e-08  2.51785082e+03  1.01676394e-08 
 2.57649910e+03  1.43914606e-08  2.57649910e+03  1.01675532e-08 
 2.63651348e+03  1.43913069e-08  2.63651348e+03  1.01674691e-08 
 2.69792577e+03  1.43911544e-08  2.69792577e+03  1.01673871e-08 
 2.76076853e+03  1.43910031e-08  2.76076853e+03  1.01673071e-08 
 2.82507509e+03  1.43908528e-08  2.82507509e+03  1.01672290e-08 
 2.89087954e+03  1.43907034e-08  2.89087954e+03  1.01671529e-08 
 2.95821678e+03  1.43905547e-08  2.95821678e+03  1.01670786e-08 
 3.02712250e+03  1.43904065e-08  3.02712250e+03  1.01670062e-08 
 3.09763324e+03  1.43902588e-08  3.09763324e+03  1.01669357e-08 
 3.16978638e+03  1.43901113e-08  3.16978638e+03  1.01668669e-08 
 3.24362019e+03  1.43899640e-08  3.24362019e+03  1.01667999e-08 
 3.31917381e+03  1.43898167e-08  3.31917381e+03  1.01667347e-08 
 3.39648730e+03  1.43896692e-08  3.39648730e+03  1.01666711e-08 
 3.47560166e+03  1.43895213e-08  3.47560166e+03  1.01666092e-08 
 3.55655882e+03  1.43893729e-08  3.55655882e+03  1.01665489e-08 
 3.63940172e+03  1.43892239e-08  3.63940172e+03  1.01664903e-08 
 3.72417427e+03  1.43890739e-08  3.72417427e+03  1.01664332e-08 
 3.81092144e+03  1.43889230e-08  3.81092144e+03  1.01663778e-08 
 3.89968920e+03  1.43887708e-08  3.89968920e+03  1.01663238e-08 
 3.99052463e+03  1.43886172e-08  3.99052463e+03  1.01662714e-08 
 4.08347589e+03  1.43884620e-08  4.08347589e+03  1.01662205e-08 
 4.17859226e+03  1.43883050e-08  4.17859226e+03  1.01661711e-08 
 4.27592418e+03  1.43881459e-08  4.27592418e+03  1.01661231e-08 
 4.37552325e+03  1.43879846e-08  4.37552325e+03  1.01660766e-08 
 4.47744228e+03  1.43878208e-08  4.47744228e+03  1.01660315e-08 
 4.58173531e+03  1.43876543e-08  4.58173531e+03  1.01659878e-08 
 4.68845763e+03  1.43874849e-08  4.68845763e+03  1.01659456e-08 
 4.79766584e+03  1.43873122e-08  4.79766584e+03  1.01659047e-08 
 4.90941783e+03  1.43871362e-08  4.90941783e+03  1.01658652e-08 
 5.02377286e+03  1.43869564e-08  5.02377286e+03  1.01658271e-08 
 5.14079157e+03  1.43867725e-08  5.14079157e+03  1.01657903e-08 
 5.26053598e+03  1.43865844e-08  5.26053598e+03  1.01657548e-08 
 5.38306961e+03  1.43863917e-08  5.38306961e+03  1.01657208e-08 
 5.50845741e+03  1.43861941e-08  5.50845741e+03  1.01656880e-08 
 5.63676586e+03  1.43859913e-08  5.63676586e+03  1.01656566e-08 
 5.76806301e+03  1.43857829e-08  5.76806301e+03  1.01656265e-08 
 5.90241845e+03  1.43855685e-08  5.90241845e+03  1.01655978e-08 
 6.03990344e+03  1.43853479e-08  6.03990344e+03  1.01655703e-08 
 6.18059087e+03  1.43851206e-08  6.18059087e+03  1.01655443e-08 
 6.32455532e+03  1.43848862e-08  6.32455532e+03  1.01655195e-08 
 6.47187314e+03  1.43846444e-08  6.47187314e+03  1.01654961e-08 
 6.62262243e+03  1.43843946e-08  6.62262243e+03  1.01654740e-08 
 6.77688312e+03  1.43841364e-08  6.77688312e+03  1.01654533e-08 
 6.93473701e+03  1.43838694e-08  6.93473701e+03  1.01654340e-08 
 7.09626778e+03  1.43835931e-08  7.09626778e+03  1.01654160e-08 
 7.26156110e+03  1.43833070e-08  7.26156110e+03  1.01653994e-08 
 7.43070458e+03  1.43830104e-08  7.43070458e+03  1.01653842e-08 
 7.60378793e+03  1.43827030e-08  7.60378793e+03  1.01653704e-08 
 7.78090290e+03  1.43823840e-08  7.78090290e+03  1.01653581e-08 
 7.96214341e+03  1.43820529e-08  7.96214341e+03  1.01653472e-08 
 8.14760556e+03  1.43817090e-08  8.14760556e+03  1.01653378e-08 
 8.33738767e+03  1.43813517e-08  8.33738767e+03  1.01653299e-08 
 8.53159038e+03  1.43809803e-08  8.53159038e+03  1.01653235e-08 
 8.73031664e+03  1.43805941e-08  8.73031664e+03  1.01653187e-08 
 8.93367184e+03  1.43801923e-08  8.93367184e+03  1.01653155e-08 
 9.14176379e+03  1.43797741e-08  9.14176379e+03  1.01653139e-08 
 9.35470283e+03  1.43793387e-08  9.35470283e+03  1.01653139e-08 
 9.57260185e+03  1.43788852e-08  9.57260185e+03  1.01653157e-08 
 9.79557639e+03  1.43784128e-08  9.79557639e+03  1.01653192e-08 
 1.00237447e+04  1.43779204e-08  1.00237447e+04  1.01653245e-08 
 1.02572277e+04  1.43774072e-08  1.02572277e+04  1.01653316e-08 
 1.04961492e+04  1.43768720e-08  1.04961492e+04  1.01653406e-08 
 1.07406359e+04  1.43763139e-08  1.07406359e+04  1.01653515e-08 
 1.09908175e+04  1.43757316e-08  1.09908175e+04  1.01653644e-08 
 1.12468265e+04  1.43751241e-08  1.12468265e+04  1.01653794e-08 
 1.15087987e+04  1.43744900e-08  1.15087987e+04  1.01653964e-08 
 1.17768731e+04  1.43738281e-08  1.17768731e+04  1.01654157e-08 
 1.20511917e+04  1.43731371e-08  1.20511917e+04  1.01654372e-08 
 1.23319000e+04  1.43724155e-08  1.23319000e+04  1.01654611e-08 
 1.26191469e+04  1.43716619e-08  1.26191469e+04  1.01654873e-08 
 1.29130846e+04  1.43708747e-08  1.29130846e+04  1.01655161e-08 
 1.32138690e+04  1.43700524e-08  1.32138690e+04  1.01655474e-08 
 1.35216595e+04  1.43691933e-08  1.35216595e+04  1.01655814e-08 
 1.38366194e+04  1.43682955e-08  1.38366194e+04  1.01656182e-08 
 1.41589157e+04  1.43673574e-08  1.41589157e+04  1.01656579e-08 
 1.44887192e+04  1.43663769e-08  1.44887192e+04  1.01657006e-08 
 1.48262048e+04  1.43653520e-08  1.48262048e+04  1.01657464e-08 
 1.51715515e+04  1.43642808e-08  1.51715515e+04  1.01657954e-08 
 1.55249423e+04  1.43631609e-08  1.55249423e+04  1.01658478e-08 
 1.58865647e+04  1.43619901e-08  1.58865647e+04  1.01659036e-08 
 1.62566103e+04  1.43607660e-08  1.62566103e+04  1.01659631e-08 
 1.66352754e+04  1.43594861e-08  1.66352754e+04  1.01660264e-08 
 1.70227608e+04  1.43581477e-08  1.70227608e+04  1.01660936e-08 
 1.74192718e+04  1.43567483e-08  1.74192718e+04  1.01661650e-08 
 1.78250188e+04  1.43552848e-08  1.78250188e+04  1.01662406e-08 
 1.82402168e+04  1.43537543e-08  1.82402168e+04  1.01663206e-08 
 1.86650860e+04  1.43521538e-08  1.86650860e+04  1.01664054e-08 
 1.90998517e+04  1.43504799e-08  1.90998517e+04  1.01664949e-08 
 1.95447444e+04  1.43487292e-08  1.95447444e+04  1.01665896e-08 
 2.00000000e+04  1.43468982e-08  2.00000000e+04  1.01666895e-08 
