 2.00000000e+01  1.69337808e+03  2.00000000e+01  2.21167515e-02 
 2.24403691e+01  1.50938451e+03  2.24403691e+01  2.21167041e-02 
 2.51785082e+01  1.34541574e+03  2.51785082e+01  2.21167035e-02 
 2.82507509e+01  1.19929709e+03  2.82507509e+01  2.21167979e-02 
 3.16978638e+01  1.06909044e+03  3.16978638e+01  2.21170434e-02 
 3.55655882e+01  9.53068573e+02  3.55655882e+01  2.21175047e-02 
 3.99052463e+01  8.49692311e+02  3.99052463e+01  2.21182557e-02 
 4.47744228e+01  7.57590167e+02  4.47744228e+01  2.21193815e-02 
 5.02377286e+01  6.75540154e+02  5.02377286e+01  2.21209814e-02 
 5.63676586e+01  6.02453598e+02  5.63676586e+01  2.21231733e-02 
 6.32455532e+01  5.37360695e+02  6.32455532e+01  2.21261000e-02 
 7.09626778e+01  4.79397651e+02  7.09626778e+01  2.21299374e-02 
 7.96214341e+01  4.27795208e+02  7.96214341e+01  2.21349045e-02 
 8.93367184e+01  3.81868428e+02  8.93367184e+01  2.21412759e-02 
 1.00237447e+02  3.41007575e+02  1.00237447e+02  2.21493974e-02 
 1.12468265e+02  3.04669994e+02  1.12468265e+02  2.21597047e-02 
 1.26191469e+02  2.72372857e+02  1.26191469e+02  2.21727470e-02 
 1.41589157e+02  2.43686686e+02  1.41589157e+02  2.21892158e-02 
 1.58865647e+02  2.18229559e+02  1.58865647e+02  2.22099809e-02 
 1.78250188e+02  1.95661909e+02  1.78250188e+02  2.22361355e-02 
 2.00000000e+02  1.75681846e+02  2.00000000e+02  2.22690512e-02 
 2.24403691e+02  1.58020929e+02  2.24403691e+02  2.23104470e-02 
 2.51785082e+02  1.42440309e+02  2.51785082e+02  2.23624735e-02 
 2.82507509e+02  1.28727210e+02  2.82507509e+02  2.24278164e-02 
 3.16978638e+02  1.16691677e+02  3.16978638e+02  2.25098221e-02 
 3.55655882e+02  1.06163565e+02  3.55655882e+02  2.26126491e-02 
 3.99052463e+02  9.69897608e+01  3.99052463e+02  2.27414482e-02 
 4.47744228e+02  8.90316401e+01  4.47744228e+02  2.29025736e-02 
 5.02377286e+02  8.21627935e+01  5.02377286e+02  2.31038261e-02 
 5.63676586e+02  7.62670796e+01  5.63676586e+02  2.33547265e-02 
 6.32455532e+02  7.12370648e+01  6.32455532e+02  2.36668130e-02 
 7.09626778e+02  6.69728985e+01  7.09626778e+02  2.40539527e-02 
 7.96214341e+02  6.33816343e+01  7.96214341e+02  2.45326496e-02 
 8.93367184e+02  6.03769549e+01  8.93367184e+02  2.51223288e-02 
 1.00237447e+03  5.78792005e+01  1.00237447e+03  2.58455699e-02 
 1.12468265e+03  5.58155650e+01  1.12468265e+03  2.67282658e-02 
 1.26191469e+03  5.41203142e+01  1.26191469e+03  2.77996926e-02 
 1.41589157e+03  5.27349065e+01  1.41589157e+03  2.90924890e-02 
 1.58865647e+03  5.16079412e+01  1.58865647e+03  3.06425706e-02 
 1.78250188e+03  5.06949106e+01  1.78250188e+03  3.24890245e-02 
 2.00000000e+03  4.99577750e+01  2.00000000e+03  3.46740491e-02 
 2.24403691e+03  4.93644043e+01  2.24403691e+03  3.72430074e-02 
 2.51785082e+03  4.88879418e+01  2.51785082e+03  4.02446503e-02 
 2.82507509e+03  4.85061401e+01  2.82507509e+03  4.37315433e-02 
 3.16978638e+03  4.82007102e+01  3.16978638e+03  4.77607040e-02 
 3.55655882e+03  4.79567140e+01  3.55655882e+03  5.23944346e-02 
 3.99052463e+03  4.77620147e+01  3.99052463e+03  5.77013222e-02 
 4.47744228e+03  4.76067946e+01  4.47744228e+03  6.37573793e-02 
 5.02377286e+03  4.74831405e+01  5.02377286e+03  7.06473031e-02 
 5.63676586e+03  4.73846927e+01  5.63676586e+03  7.84658447e-02 
 6.32455532e+03  4.73063519e+01  6.32455532e+03  8.73192899e-02 
 7.09626778e+03  4.72440375e+01  7.09626778e+03  9.73270650e-02 
 7.96214341e+03  4.71944889e+01  7.96214341e+03  1.08623488e-01 
 8.93367184e+03  4.71551043e+01  8.93367184e+03  1.21359696e-01 
 1.00237447e+04  4.71238094e+01  1.00237447e+04  1.35705770e-01 
 1.12468265e+04  4.70989527e+01  1.12468265e+04  1.51853115e-01 
 1.26191469e+04  4.70792196e+01  1.26191469e+04  1.70017109e-01 
 1.41589157e+04  4.70635653e+01  1.41589157e+04  1.90440095e-01 
 1.58865647e+04  4.70511601e+01  1.58865647e+04  2.13394746e-01 
 1.78250188e+04  4.70413460e+01  1.78250188e+04  2.39187884e-01 
 2.00000000e+04  4.70336021e+01  2.00000000e+04  2.68164810e-01 
 2.24403691e+04  4.70275177e+01  2.24403691e+04  3.00714241e-01 
 2.51785082e+04  4.70227702e+01  2.51785082e+04  3.37273958e-01 
 2.82507509e+04  4.70191090e+01  2.82507509e+04  3.78337287e-01 
 3.16978638e+04  4.70163415e+01  3.16978638e+04  4.24460573e-01 
 3.55655882e+04  4.70143246e+01  3.55655882e+04  4.76271841e-01 
 3.99052463e+04  4.70129570e+01  3.99052463e+04  5.34480868e-01 
 4.47744228e+04  4.70121753e+01  4.47744228e+04  5.99890969e-01 
 5.02377286e+04  4.70119530e+01  5.02377286e+04  6.73412821e-01 
 5.63676586e+04  4.70123015e+01  5.63676586e+04  7.56080721e-01 
 6.32455532e+04  4.70132751e+01  6.32455532e+04  8.49071721e-01 
 7.09626778e+04  4.70149811e+01  7.09626778e+04  9.53728048e-01 
 7.96214341e+04  4.70175950e+01  7.96214341e+04  1.07158316e+00 
 8.93367184e+04  4.70213842e+01  8.93367184e+04  1.20439150e+00 
 1.00237447e+05  4.70267428e+01  1.00237447e+05  1.35416164e+00 
 1.12468265e+05  4.70342403e+01  1.12468265e+05  1.52319141e+00 
 1.26191469e+05  4.70446890e+01  1.26191469e+05  1.71410270e+00 
 1.41589157e+05  4.70592327e+01  1.41589157e+05  1.92987144e+00 
 1.58865647e+05  4.70794595e+01  1.58865647e+05  2.17384650e+00 
 1.78250188e+05  4.71075374e+01  1.78250188e+05  2.44974926e+00 
 2.00000000e+05  4.71463645e+01  2.00000000e+05  2.76164477e+00 
