 2.00000000e+01  9.38779415e-09  2.00000000e+01  9.40245328e-09 
 2.09425710e+01  9.36122330e-09  2.09425710e+01  9.37559105e-09 
 2.19295639e+01  9.33590399e-09  2.19295639e+01  9.35000557e-09 
 2.29630724e+01  9.31177557e-09  2.29630724e+01  9.32563391e-09 
 2.40452887e+01  9.28878044e-09  2.40452887e+01  9.30241640e-09 
 2.51785082e+01  9.26686388e-09  2.51785082e+01  9.28029644e-09 
 2.63651348e+01  9.24597390e-09  2.63651348e+01  9.25922036e-09 
 2.76076853e+01  9.22606112e-09  2.76076853e+01  9.23913721e-09 
 2.89087954e+01  9.20707859e-09  2.89087954e+01  9.21999867e-09 
 3.02712250e+01  9.18898173e-09  3.02712250e+01  9.20175888e-09 
 3.16978638e+01  9.17172815e-09  3.16978638e+01  9.18437430e-09 
 3.31917381e+01  9.15527757e-09  3.31917381e+01  9.16780361e-09 
 3.47560166e+01  9.13959171e-09  3.47560166e+01  9.15200756e-09 
 3.63940172e+01  9.12463417e-09  3.63940172e+01  9.13694891e-09 
 3.81092144e+01  9.11037035e-09  3.81092144e+01  9.12259225e-09 
 3.99052463e+01  9.09676734e-09  3.99052463e+01  9.10890397e-09 
 4.17859226e+01  9.08379386e-09  4.17859226e+01  9.09585212e-09 
 4.37552325e+01  9.07142014e-09  4.37552325e+01  9.08340637e-09 
 4.58173531e+01  9.05961789e-09  4.58173531e+01  9.07153786e-09 
 4.79766584e+01  9.04836017e-09  4.79766584e+01  9.06021918e-09 
 5.02377286e+01  9.03762138e-09  5.02377286e+01  9.04942427e-09 
 5.26053598e+01  9.02737714e-09  5.26053598e+01  9.03912833e-09 
 5.50845741e+01  9.01760425e-09  5.50845741e+01  9.02930781e-09 
 5.76806301e+01  9.00828063e-09  5.76806301e+01  9.01994029e-09 
 6.03990344e+01  8.99938529e-09  6.03990344e+01  9.01100445e-09 
 6.32455532e+01  8.99089821e-09  6.32455532e+01  9.00248000e-09 
 6.62262243e+01  8.98280037e-09  6.62262243e+01  8.99434765e-09 
 6.93473701e+01  8.97507362e-09  6.93473701e+01  8.98658902e-09 
 7.26156110e+01  8.96770070e-09  7.26156110e+01  8.97918666e-09 
 7.60378793e+01  8.96066519e-09  7.60378793e+01  8.97212390e-09 
 7.96214341e+01  8.95395141e-09  7.96214341e+01  8.96538493e-09 
 8.33738767e+01  8.94754446e-09  8.33738767e+01  8.95895466e-09 
 8.73031664e+01  8.94143013e-09  8.73031664e+01  8.95281873e-09 
 9.14176379e+01  8.93559488e-09  9.14176379e+01  8.94696347e-09 
 9.57260185e+01  8.93002584e-09  9.57260185e+01  8.94137587e-09 
 1.00237447e+02  8.92471070e-09  1.00237447e+02  8.93604352e-09 
 1.04961492e+02  8.91963776e-09  1.04961492e+02  8.93095461e-09 
 1.09908175e+02  8.91479587e-09  1.09908175e+02  8.92609788e-09 
 1.15087987e+02  8.91017439e-09  1.15087987e+02  8.92146262e-09 
 1.20511917e+02  8.90576319e-09  1.20511917e+02  8.91703861e-09 
 1.26191469e+02  8.90155261e-09  1.26191469e+02  8.91281610e-09 
 1.32138690e+02  8.89753344e-09  1.32138690e+02  8.90878584e-09 
 1.38366194e+02  8.89369690e-09  1.38366194e+02  8.90493896e-09 
 1.44887192e+02  8.89003462e-09  1.44887192e+02  8.90126705e-09 
 1.51715515e+02  8.88653862e-09  1.51715515e+02  8.89776207e-09 
 1.58865647e+02  8.88320129e-09  1.58865647e+02  8.89441637e-09 
 1.66352754e+02  8.88001538e-09  1.66352754e+02  8.89122263e-09 
 1.74192718e+02  8.87697396e-09  1.74192718e+02  8.88817391e-09 
 1.82402168e+02  8.87407044e-09  1.82402168e+02  8.88526355e-09 
 1.90998517e+02  8.87129852e-09  1.90998517e+02  8.88248524e-09 
 2.00000000e+02  8.86865219e-09  2.00000000e+02  8.87983294e-09 
 2.09425710e+02  8.86612574e-09  2.09425710e+02  8.87730088e-09 
 2.19295639e+02  8.86371370e-09  2.19295639e+02  8.87488359e-09 
 2.29630724e+02  8.86141086e-09  2.29630724e+02  8.87257583e-09 
 2.40452887e+02  8.85921224e-09  2.40452887e+02  8.87037259e-09 
 2.51785082e+02  8.85711311e-09  2.51785082e+02  8.86826912e-09 
 2.63651348e+02  8.85510895e-09  2.63651348e+02  8.86626087e-09 
 2.76076853e+02  8.85319542e-09  2.76076853e+02  8.86434350e-09 
 2.89087954e+02  8.85136843e-09  2.89087954e+02  8.86251289e-09 
 3.02712250e+02  8.84962403e-09  3.02712250e+02  8.86076507e-09 
 3.16978638e+02  8.84795847e-09  3.16978638e+02  8.85909630e-09 
 3.31917381e+02  8.84636818e-09  3.31917381e+02  8.85750297e-09 
 3.47560166e+02  8.84484974e-09  3.47560166e+02  8.85598165e-09 
 3.63940172e+02  8.84339989e-09  3.63940172e+02  8.85452908e-09 
 3.81092144e+02  8.84201553e-09  3.81092144e+02  8.85314214e-09 
 3.99052463e+02  8.84069368e-09  3.99052463e+02  8.85181783e-09 
 4.17859226e+02  8.83943151e-09  4.17859226e+02  8.85055333e-09 
 4.37552325e+02  8.83822631e-09  4.37552325e+02  8.84934592e-09 
 4.58173531e+02  8.83707552e-09  4.58173531e+02  8.84819300e-09 
 4.79766584e+02  8.83597665e-09  4.79766584e+02  8.84709210e-09 
 5.02377286e+02  8.83492736e-09  5.02377286e+02  8.84604087e-09 
 5.26053598e+02  8.83392541e-09  5.26053598e+02  8.84503705e-09 
 5.50845741e+02  8.83296866e-09  5.50845741e+02  8.84407849e-09 
 5.76806301e+02  8.83205505e-09  5.76806301e+02  8.84316314e-09 
 6.03990344e+02  8.83118263e-09  6.03990344e+02  8.84228903e-09 
 6.32455532e+02  8.83034955e-09  6.32455532e+02  8.84145430e-09 
 6.62262243e+02  8.82955402e-09  6.62262243e+02  8.84065716e-09 
 6.93473701e+02  8.82879434e-09  6.93473701e+02  8.83989591e-09 
 7.26156110e+02  8.82806890e-09  7.26156110e+02  8.83916890e-09 
 7.60378793e+02  8.82737613e-09  7.60378793e+02  8.83847460e-09 
 7.96214341e+02  8.82671457e-09  7.96214341e+02  8.83781150e-09 
 8.33738767e+02  8.82608280e-09  8.33738767e+02  8.83717820e-09 
 8.73031664e+02  8.82547947e-09  8.73031664e+02  8.83657333e-09 
 9.14176379e+02  8.82490329e-09  9.14176379e+02  8.83599559e-09 
 9.57260185e+02  8.82435304e-09  9.57260185e+02  8.83544376e-09 
 1.00237447e+03  8.82382754e-09  1.00237447e+03  8.83491665e-09 
 1.04961492e+03  8.82332567e-09  1.04961492e+03  8.83441312e-09 
 1.09908175e+03  8.82284635e-09  1.09908175e+03  8.83393209e-09 
 1.15087987e+03  8.82238857e-09  1.15087987e+03  8.83347253e-09 
 1.20511917e+03  8.82195134e-09  1.20511917e+03  8.83303346e-09 
 1.26191469e+03  8.82153374e-09  1.26191469e+03  8.83261391e-09 
 1.32138690e+03  8.82113486e-09  1.32138690e+03  8.83221300e-09 
 1.38366194e+03  8.82075386e-09  1.38366194e+03  8.83182985e-09 
 1.44887192e+03  8.82038993e-09  1.44887192e+03  8.83146363e-09 
 1.51715515e+03  8.82004227e-09  1.51715515e+03  8.83111354e-09 
 1.58865647e+03  8.81971015e-09  1.58865647e+03  8.83077883e-09 
 1.66352754e+03  8.81939285e-09  1.66352754e+03  8.83045875e-09 
 1.74192718e+03  8.81908970e-09  1.74192718e+03  8.83015262e-09 
 1.82402168e+03  8.81880004e-09  1.82402168e+03  8.82985974e-09 
 1.90998517e+03  8.81852324e-09  1.90998517e+03  8.82957949e-09 
 2.00000000e+03  8.81825871e-09  2.00000000e+03  8.82931122e-09 
 2.09425710e+03  8.81800588e-09  2.09425710e+03  8.82905434e-09 
 2.19295639e+03  8.81776420e-09  2.19295639e+03  8.82880826e-09 
 2.29630724e+03  8.81753315e-09  2.29630724e+03  8.82857244e-09 
 2.40452887e+03  8.81731221e-09  2.40452887e+03  8.82834632e-09 
 2.51785082e+03  8.81710091e-09  2.51785082e+03  8.82812937e-09 
 2.63651348e+03  8.81689879e-09  2.63651348e+03  8.82792110e-09 
 2.76076853e+03  8.81670539e-09  2.76076853e+03  8.82772100e-09 
 2.89087954e+03  8.81652028e-09  2.89087954e+03  8.82752858e-09 
 3.02712250e+03  8.81634306e-09  3.02712250e+03  8.82734338e-09 
 3.16978638e+03  8.81617333e-09  3.16978638e+03  8.82716492e-09 
 3.31917381e+03  8.81601069e-09  3.31917381e+03  8.82699275e-09 
 3.47560166e+03  8.81585478e-09  3.47560166e+03  8.82682643e-09 
 3.63940172e+03  8.81570524e-09  3.63940172e+03  8.82666549e-09 
 3.81092144e+03  8.81556172e-09  3.81092144e+03  8.82650950e-09 
 3.99052463e+03  8.81542387e-09  3.99052463e+03  8.82635801e-09 
 4.17859226e+03  8.81529137e-09  4.17859226e+03  8.82621057e-09 
 4.37552325e+03  8.81516389e-09  4.37552325e+03  8.82606674e-09 
 4.58173531e+03  8.81504111e-09  4.58173531e+03  8.82592606e-09 
 4.79766584e+03  8.81492273e-09  4.79766584e+03  8.82578807e-09 
 5.02377286e+03  8.81480843e-09  5.02377286e+03  8.82565229e-09 
 5.26053598e+03  8.81469792e-09  5.26053598e+03  8.82551825e-09 
 5.50845741e+03  8.81459088e-09  5.50845741e+03  8.82538543e-09 
 5.76806301e+03  8.81448703e-09  5.76806301e+03  8.82525333e-09 
 6.03990344e+03  8.81438605e-09  6.03990344e+03  8.82512140e-09 
 6.32455532e+03  8.81428765e-09  6.32455532e+03  8.82498908e-09 
 6.62262243e+03  8.81419151e-09  6.62262243e+03  8.82485577e-09 
 6.93473701e+03  8.81409734e-09  6.93473701e+03  8.82472086e-09 
 7.26156110e+03  8.81400481e-09  7.26156110e+03  8.82458368e-09 
 7.60378793e+03  8.81391359e-09  7.60378793e+03  8.82444352e-09 
 7.96214341e+03  8.81382336e-09  7.96214341e+03  8.82429966e-09 
 8.33738767e+03  8.81373377e-09  8.33738767e+03  8.82415128e-09 
 8.73031664e+03  8.81364447e-09  8.73031664e+03  8.82399753e-09 
 9.14176379e+03  8.81355506e-09  9.14176379e+03  8.82383750e-09 
 9.57260185e+03  8.81346518e-09  9.57260185e+03  8.82367020e-09 
 1.00237447e+04  8.81337440e-09  1.00237447e+04  8.82349457e-09 
 1.04961492e+04  8.81328228e-09  1.04961492e+04  8.82330946e-09 
 1.09908175e+04  8.81318838e-09  1.09908175e+04  8.82311362e-09 
 1.15087987e+04  8.81309219e-09  1.15087987e+04  8.82290570e-09 
 1.20511917e+04  8.81299320e-09  1.20511917e+04  8.82268426e-09 
 1.26191469e+04  8.81289084e-09  1.26191469e+04  8.82244770e-09 
 1.32138690e+04  8.81278451e-09  1.32138690e+04  8.82219429e-09 
 1.38366194e+04  8.81267358e-09  1.38366194e+04  8.82192218e-09 
 1.44887192e+04  8.81255734e-09  1.44887192e+04  8.82162931e-09 
 1.51715515e+04  8.81243506e-09  1.51715515e+04  8.82131346e-09 
 1.58865647e+04  8.81230591e-09  1.58865647e+04  8.82097222e-09 
 1.66352754e+04  8.81216903e-09  1.66352754e+04  8.82060295e-09 
 1.74192718e+04  8.81202346e-09  1.74192718e+04  8.82020277e-09 
 1.82402168e+04  8.81186818e-09  1.82402168e+04  8.81976855e-09 
 1.90998517e+04  8.81170207e-09  1.90998517e+04  8.81929687e-09 
 2.00000000e+04  8.81152393e-09  2.00000000e+04  8.81878401e-09 
