 2.00000000e+01  9.32705394e-09  2.00000000e+01  9.33736492e-09 
 2.04658598e+01  9.30559969e-09  2.04658598e+01  9.31576000e-09 
 2.09425710e+01  9.28461913e-09  2.09425710e+01  9.29463557e-09 
 2.14303861e+01  9.26410210e-09  2.14303861e+01  9.27398113e-09 
 2.19295639e+01  9.24403862e-09  2.19295639e+01  9.25378640e-09 
 2.24403691e+01  9.22441892e-09  2.24403691e+01  9.23404133e-09 
 2.29630724e+01  9.20523344e-09  2.29630724e+01  9.21473606e-09 
 2.34979511e+01  9.18647280e-09  2.34979511e+01  9.19586096e-09 
 2.40452887e+01  9.16812782e-09  2.40452887e+01  9.17740661e-09 
 2.46053754e+01  9.15018952e-09  2.46053754e+01  9.15936377e-09 
 2.51785082e+01  9.13264909e-09  2.51785082e+01  9.14172341e-09 
 2.57649910e+01  9.11549791e-09  2.57649910e+01  9.12447670e-09 
 2.63651348e+01  9.09872754e-09  2.63651348e+01  9.10761498e-09 
 2.69792577e+01  9.08232971e-09  2.69792577e+01  9.09112980e-09 
 2.76076853e+01  9.06629633e-09  2.76076853e+01  9.07501288e-09 
 2.82507509e+01  9.05061946e-09  2.82507509e+01  9.05925611e-09 
 2.89087954e+01  9.03529135e-09  2.89087954e+01  9.04385155e-09 
 2.95821678e+01  9.02030440e-09  2.95821678e+01  9.02879146e-09 
 3.02712250e+01  9.00565116e-09  3.02712250e+01  9.01406825e-09 
 3.09763324e+01  8.99132436e-09  3.09763324e+01  8.99967447e-09 
 3.16978638e+01  8.97731686e-09  3.16978638e+01  8.98560287e-09 
 3.24362019e+01  8.96362168e-09  3.24362019e+01  8.97184633e-09 
 3.31917381e+01  8.95023199e-09  3.31917381e+01  8.95839789e-09 
 3.39648730e+01  8.93714110e-09  3.39648730e+01  8.94525075e-09 
 3.47560166e+01  8.92434246e-09  3.47560166e+01  8.93239824e-09 
 3.55655882e+01  8.91182966e-09  3.55655882e+01  8.91983385e-09 
 3.63940172e+01  8.89959643e-09  3.63940172e+01  8.90755119e-09 
 3.72417427e+01  8.88763662e-09  3.72417427e+01  8.89554404e-09 
 3.81092144e+01  8.87594424e-09  3.81092144e+01  8.88380629e-09 
 3.89968920e+01  8.86451339e-09  3.89968920e+01  8.87233197e-09 
 3.99052463e+01  8.85333832e-09  3.99052463e+01  8.86111524e-09 
 4.08347589e+01  8.84241339e-09  4.08347589e+01  8.85015038e-09 
 4.17859226e+01  8.83173310e-09  4.17859226e+01  8.83943180e-09 
 4.27592418e+01  8.82129205e-09  4.27592418e+01  8.82895404e-09 
 4.37552325e+01  8.81108495e-09  4.37552325e+01  8.81871174e-09 
 4.47744228e+01  8.80110664e-09  4.47744228e+01  8.80869968e-09 
 4.58173531e+01  8.79135207e-09  4.58173531e+01  8.79891272e-09 
 4.68845763e+01  8.78181629e-09  4.68845763e+01  8.78934588e-09 
 4.79766584e+01  8.77249445e-09  4.79766584e+01  8.77999424e-09 
 4.90941783e+01  8.76338183e-09  4.90941783e+01  8.77085302e-09 
 5.02377286e+01  8.75447379e-09  5.02377286e+01  8.76191752e-09 
 5.14079157e+01  8.74576579e-09  5.14079157e+01  8.75318318e-09 
 5.26053598e+01  8.73725340e-09  5.26053598e+01  8.74464549e-09 
 5.38306961e+01  8.72893227e-09  5.38306961e+01  8.73630009e-09 
 5.50845741e+01  8.72079817e-09  5.50845741e+01  8.72814267e-09 
 5.63676586e+01  8.71284694e-09  5.63676586e+01  8.72016904e-09 
 5.76806301e+01  8.70507452e-09  5.76806301e+01  8.71237511e-09 
 5.90241845e+01  8.69747692e-09  5.90241845e+01  8.70475684e-09 
 6.03990344e+01  8.69005027e-09  6.03990344e+01  8.69731033e-09 
 6.18059087e+01  8.68279075e-09  6.18059087e+01  8.69003174e-09 
 6.32455532e+01  8.67569465e-09  6.32455532e+01  8.68291730e-09 
 6.47187314e+01  8.66875832e-09  6.47187314e+01  8.67596334e-09 
 6.62262243e+01  8.66197821e-09  6.62262243e+01  8.66916629e-09 
 6.77688312e+01  8.65535083e-09  6.77688312e+01  8.66252261e-09 
 6.93473701e+01  8.64887277e-09  6.93473701e+01  8.65602889e-09 
 7.09626778e+01  8.64254071e-09  7.09626778e+01  8.64968176e-09 
 7.26156110e+01  8.63635138e-09  7.26156110e+01  8.64347793e-09 
 7.43070458e+01  8.63030159e-09  7.43070458e+01  8.63741420e-09 
 7.60378793e+01  8.62438824e-09  7.60378793e+01  8.63148743e-09 
 7.78090290e+01  8.61860826e-09  7.78090290e+01  8.62569454e-09 
 7.96214341e+01  8.61295868e-09  7.96214341e+01  8.62003253e-09 
 8.14760556e+01  8.60743657e-09  8.14760556e+01  8.61449846e-09 
 8.33738767e+01  8.60203910e-09  8.33738767e+01  8.60908946e-09 
 8.53159038e+01  8.59676346e-09  8.53159038e+01  8.60380273e-09 
 8.73031664e+01  8.59160692e-09  8.73031664e+01  8.59863552e-09 
 8.93367184e+01  8.58656683e-09  8.93367184e+01  8.59358514e-09 
 9.14176379e+01  8.58164057e-09  9.14176379e+01  8.58864896e-09 
 9.35470283e+01  8.57682558e-09  9.35470283e+01  8.58382443e-09 
 9.57260185e+01  8.57211938e-09  9.57260185e+01  8.57910903e-09 
 9.79557639e+01  8.56751953e-09  9.79557639e+01  8.57450030e-09 
 1.00237447e+02  8.56302363e-09  1.00237447e+02  8.56999585e-09 
 1.02572277e+02  8.55862935e-09  1.02572277e+02  8.56559333e-09 
 1.04961492e+02  8.55433441e-09  1.04961492e+02  8.56129045e-09 
 1.07406359e+02  8.55013659e-09  1.07406359e+02  8.55708496e-09 
 1.09908175e+02  8.54603369e-09  1.09908175e+02  8.55297467e-09 
 1.12468265e+02  8.54202359e-09  1.12468265e+02  8.54895744e-09 
 1.15087987e+02  8.53810420e-09  1.15087987e+02  8.54503117e-09 
 1.17768731e+02  8.53427348e-09  1.17768731e+02  8.54119381e-09 
 1.20511917e+02  8.53052944e-09  1.20511917e+02  8.53744336e-09 
 1.23319000e+02  8.52687012e-09  1.23319000e+02  8.53377785e-09 
 1.26191469e+02  8.52329362e-09  1.26191469e+02  8.53019538e-09 
 1.29130846e+02  8.51979807e-09  1.29130846e+02  8.52669407e-09 
 1.32138690e+02  8.51638166e-09  1.32138690e+02  8.52327209e-09 
 1.35216595e+02  8.51304259e-09  1.35216595e+02  8.51992765e-09 
 1.38366194e+02  8.50977914e-09  1.38366194e+02  8.51665901e-09 
 1.41589157e+02  8.50658959e-09  1.41589157e+02  8.51346444e-09 
 1.44887192e+02  8.50347228e-09  1.44887192e+02  8.51034228e-09 
 1.48262048e+02  8.50042558e-09  1.48262048e+02  8.50729089e-09 
 1.51715515e+02  8.49744790e-09  1.51715515e+02  8.50430868e-09 
 1.55249423e+02  8.49453768e-09  1.55249423e+02  8.50139409e-09 
 1.58865647e+02  8.49169341e-09  1.58865647e+02  8.49854557e-09 
 1.62566103e+02  8.48891358e-09  1.62566103e+02  8.49576166e-09 
 1.66352754e+02  8.48619676e-09  1.66352754e+02  8.49304087e-09 
 1.70227608e+02  8.48354151e-09  1.70227608e+02  8.49038179e-09 
 1.74192718e+02  8.48094645e-09  1.74192718e+02  8.48778303e-09 
 1.78250188e+02  8.47841022e-09  1.78250188e+02  8.48524321e-09 
 1.82402168e+02  8.47593149e-09  1.82402168e+02  8.48276101e-09 
 1.86650860e+02  8.47350896e-09  1.86650860e+02  8.48033512e-09 
 1.90998517e+02  8.47114136e-09  1.90998517e+02  8.47796427e-09 
 1.95447444e+02  8.46882746e-09  1.95447444e+02  8.47564722e-09 
 2.00000000e+02  8.46656603e-09  2.00000000e+02  8.47338274e-09 
 2.04658598e+02  8.46435589e-09  2.04658598e+02  8.47116965e-09 
 2.09425710e+02  8.46219589e-09  2.09425710e+02  8.46900678e-09 
 2.14303861e+02  8.46008488e-09  2.14303861e+02  8.46689300e-09 
 2.19295639e+02  8.45802177e-09  2.19295639e+02  8.46482720e-09 
 2.24403691e+02  8.45600546e-09  2.24403691e+02  8.46280829e-09 
 2.29630724e+02  8.45403491e-09  2.29630724e+02  8.46083521e-09 
 2.34979511e+02  8.45210906e-09  2.34979511e+02  8.45890691e-09 
 2.40452887e+02  8.45022693e-09  2.40452887e+02  8.45702240e-09 
 2.46053754e+02  8.44838750e-09  2.46053754e+02  8.45518067e-09 
 2.51785082e+02  8.44658982e-09  2.51785082e+02  8.45338076e-09 
 2.57649910e+02  8.44483295e-09  2.57649910e+02  8.45162171e-09 
 2.63651348e+02  8.44311595e-09  2.63651348e+02  8.44990261e-09 
 2.69792577e+02  8.44143793e-09  2.69792577e+02  8.44822255e-09 
 2.76076853e+02  8.43979800e-09  2.76076853e+02  8.44658064e-09 
 2.82507509e+02  8.43819531e-09  2.82507509e+02  8.44497601e-09 
 2.89087954e+02  8.43662900e-09  2.89087954e+02  8.44340783e-09 
 2.95821678e+02  8.43509825e-09  2.95821678e+02  8.44187527e-09 
 3.02712250e+02  8.43360226e-09  3.02712250e+02  8.44037751e-09 
 3.09763324e+02  8.43214025e-09  3.09763324e+02  8.43891378e-09 
 3.16978638e+02  8.43071143e-09  3.16978638e+02  8.43748329e-09 
 3.24362019e+02  8.42931506e-09  3.24362019e+02  8.43608530e-09 
 3.31917381e+02  8.42795040e-09  3.31917381e+02  8.43471907e-09 
 3.39648730e+02  8.42661674e-09  3.39648730e+02  8.43338387e-09 
 3.47560166e+02  8.42531337e-09  3.47560166e+02  8.43207900e-09 
 3.55655882e+02  8.42403961e-09  3.55655882e+02  8.43080378e-09 
 3.63940172e+02  8.42279477e-09  3.63940172e+02  8.42955753e-09 
 3.72417427e+02  8.42157822e-09  3.72417427e+02  8.42833959e-09 
 3.81092144e+02  8.42038930e-09  3.81092144e+02  8.42714933e-09 
 3.89968920e+02  8.41922739e-09  3.89968920e+02  8.42598610e-09 
 3.99052463e+02  8.41809188e-09  3.99052463e+02  8.42484931e-09 
 4.08347589e+02  8.41698216e-09  4.08347589e+02  8.42373835e-09 
 4.17859226e+02  8.41589766e-09  4.17859226e+02  8.42265263e-09 
 4.27592418e+02  8.41483780e-09  4.27592418e+02  8.42159158e-09 
 4.37552325e+02  8.41380202e-09  4.37552325e+02  8.42055464e-09 
 4.47744228e+02  8.41278977e-09  4.47744228e+02  8.41954126e-09 
 4.58173531e+02  8.41180053e-09  4.58173531e+02  8.41855090e-09 
 4.68845763e+02  8.41083376e-09  4.68845763e+02  8.41758305e-09 
 4.79766584e+02  8.40988897e-09  4.79766584e+02  8.41663719e-09 
 4.90941783e+02  8.40896564e-09  4.90941783e+02  8.41571283e-09 
 5.02377286e+02  8.40806330e-09  5.02377286e+02  8.41480946e-09 
 5.14079157e+02  8.40718146e-09  5.14079157e+02  8.41392663e-09 
 5.26053598e+02  8.40631966e-09  5.26053598e+02  8.41306385e-09 
 5.38306961e+02  8.40547744e-09  5.38306961e+02  8.41222067e-09 
 5.50845741e+02  8.40465437e-09  5.50845741e+02  8.41139666e-09 
 5.63676586e+02  8.40385000e-09  5.63676586e+02  8.41059136e-09 
 5.76806301e+02  8.40306391e-09  5.76806301e+02  8.40980436e-09 
 5.90241845e+02  8.40229569e-09  5.90241845e+02  8.40903525e-09 
 6.03990344e+02  8.40154493e-09  6.03990344e+02  8.40828360e-09 
 6.18059087e+02  8.40081123e-09  6.18059087e+02  8.40754903e-09 
 6.32455532e+02  8.40009420e-09  6.32455532e+02  8.40683114e-09 
 6.47187314e+02  8.39939348e-09  6.47187314e+02  8.40612957e-09 
 6.62262243e+02  8.39870867e-09  6.62262243e+02  8.40544392e-09 
 6.77688312e+02  8.39803943e-09  6.77688312e+02  8.40477385e-09 
 6.93473701e+02  8.39738540e-09  6.93473701e+02  8.40411900e-09 
 7.09626778e+02  8.39674623e-09  7.09626778e+02  8.40347902e-09 
 7.26156110e+02  8.39612159e-09  7.26156110e+02  8.40285357e-09 
 7.43070458e+02  8.39551114e-09  7.43070458e+02  8.40224232e-09 
 7.60378793e+02  8.39491457e-09  7.60378793e+02  8.40164495e-09 
 7.78090290e+02  8.39433155e-09  7.78090290e+02  8.40106114e-09 
 7.96214341e+02  8.39376178e-09  7.96214341e+02  8.40049057e-09 
 8.14760556e+02  8.39320496e-09  8.14760556e+02  8.39993296e-09 
 8.33738767e+02  8.39266078e-09  8.33738767e+02  8.39938800e-09 
 8.53159038e+02  8.39212898e-09  8.53159038e+02  8.39885540e-09 
 8.73031664e+02  8.39160925e-09  8.73031664e+02  8.39833489e-09 
 8.93367184e+02  8.39110133e-09  8.93367184e+02  8.39782618e-09 
 9.14176379e+02  8.39060495e-09  9.14176379e+02  8.39732900e-09 
 9.35470283e+02  8.39011985e-09  9.35470283e+02  8.39684310e-09 
 9.57260185e+02  8.38964576e-09  9.57260185e+02  8.39636820e-09 
 9.79557639e+02  8.38918245e-09  9.79557639e+02  8.39590407e-09 
 1.00237447e+03  8.38872965e-09  1.00237447e+03  8.39545045e-09 
 1.02572277e+03  8.38828713e-09  1.02572277e+03  8.39500711e-09 
 1.04961492e+03  8.38785467e-09  1.04961492e+03  8.39457380e-09 
 1.07406359e+03  8.38743202e-09  1.07406359e+03  8.39415030e-09 
 1.09908175e+03  8.38701896e-09  1.09908175e+03  8.39373638e-09 
 1.12468265e+03  8.38661528e-09  1.12468265e+03  8.39333183e-09 
 1.15087987e+03  8.38622076e-09  1.15087987e+03  8.39293641e-09 
 1.17768731e+03  8.38583519e-09  1.17768731e+03  8.39254994e-09 
 1.20511917e+03  8.38545837e-09  1.20511917e+03  8.39217219e-09 
 1.23319000e+03  8.38509010e-09  1.23319000e+03  8.39180297e-09 
 1.26191469e+03  8.38473017e-09  1.26191469e+03  8.39144207e-09 
 1.29130846e+03  8.38437841e-09  1.29130846e+03  8.39108932e-09 
 1.32138690e+03  8.38403462e-09  1.32138690e+03  8.39074452e-09 
 1.35216595e+03  8.38369862e-09  1.35216595e+03  8.39040748e-09 
 1.38366194e+03  8.38337024e-09  1.38366194e+03  8.39007802e-09 
 1.41589157e+03  8.38304929e-09  1.41589157e+03  8.38975597e-09 
 1.44887192e+03  8.38273561e-09  1.44887192e+03  8.38944116e-09 
 1.48262048e+03  8.38242902e-09  1.48262048e+03  8.38913342e-09 
 1.51715515e+03  8.38212938e-09  1.51715515e+03  8.38883257e-09 
 1.55249423e+03  8.38183651e-09  1.55249423e+03  8.38853847e-09 
 1.58865647e+03  8.38155026e-09  1.58865647e+03  8.38825094e-09 
 1.62566103e+03  8.38127048e-09  1.62566103e+03  8.38796984e-09 
 1.66352754e+03  8.38099702e-09  1.66352754e+03  8.38769502e-09 
 1.70227608e+03  8.38072974e-09  1.70227608e+03  8.38742632e-09 
 1.74192718e+03  8.38046848e-09  1.74192718e+03  8.38716361e-09 
 1.78250188e+03  8.38021312e-09  1.78250188e+03  8.38690673e-09 
 1.82402168e+03  8.37996351e-09  1.82402168e+03  8.38665555e-09 
 1.86650860e+03  8.37971952e-09  1.86650860e+03  8.38640993e-09 
 1.90998517e+03  8.37948103e-09  1.90998517e+03  8.38616974e-09 
 1.95447444e+03  8.37924789e-09  1.95447444e+03  8.38593485e-09 
 2.00000000e+03  8.37902000e-09  2.00000000e+03  8.38570513e-09 
 2.04658598e+03  8.37879722e-09  2.04658598e+03  8.38548045e-09 
 2.09425710e+03  8.37857943e-09  2.09425710e+03  8.38526070e-09 
 2.14303861e+03  8.37836652e-09  2.14303861e+03  8.38504574e-09 
 2.19295639e+03  8.37815838e-09  2.19295639e+03  8.38483546e-09 
 2.24403691e+03  8.37795489e-09  2.24403691e+03  8.38462975e-09 
 2.29630724e+03  8.37775594e-09  2.29630724e+03  8.38442848e-09 
 2.34979511e+03  8.37756143e-09  2.34979511e+03  8.38423155e-09 
 2.40452887e+03  8.37737125e-09  2.40452887e+03  8.38403885e-09 
 2.46053754e+03  8.37718529e-09  2.46053754e+03  8.38385027e-09 
 2.51785082e+03  8.37700346e-09  2.51785082e+03  8.38366571e-09 
 2.57649910e+03  8.37682565e-09  2.57649910e+03  8.38348505e-09 
 2.63651348e+03  8.37665178e-09  2.63651348e+03  8.38330819e-09 
 2.69792577e+03  8.37648174e-09  2.69792577e+03  8.38313505e-09 
 2.76076853e+03  8.37631544e-09  2.76076853e+03  8.38296550e-09 
 2.82507509e+03  8.37615279e-09  2.82507509e+03  8.38279947e-09 
 2.89087954e+03  8.37599371e-09  2.89087954e+03  8.38263685e-09 
 2.95821678e+03  8.37583810e-09  2.95821678e+03  8.38247754e-09 
 3.02712250e+03  8.37568587e-09  3.02712250e+03  8.38232145e-09 
 3.09763324e+03  8.37553695e-09  3.09763324e+03  8.38216850e-09 
 3.16978638e+03  8.37539125e-09  3.16978638e+03  8.38201859e-09 
 3.24362019e+03  8.37524869e-09  3.24362019e+03  8.38187162e-09 
 3.31917381e+03  8.37510919e-09  3.31917381e+03  8.38172752e-09 
 3.39648730e+03  8.37497267e-09  3.39648730e+03  8.38158619e-09 
 3.47560166e+03  8.37483906e-09  3.47560166e+03  8.38144754e-09 
 3.55655882e+03  8.37470827e-09  3.55655882e+03  8.38131150e-09 
 3.63940172e+03  8.37458024e-09  3.63940172e+03  8.38117797e-09 
 3.72417427e+03  8.37445489e-09  3.72417427e+03  8.38104687e-09 
 3.81092144e+03  8.37433215e-09  3.81092144e+03  8.38091811e-09 
 3.89968920e+03  8.37421195e-09  3.89968920e+03  8.38079162e-09 
 3.99052463e+03  8.37409422e-09  3.99052463e+03  8.38066731e-09 
 4.08347589e+03  8.37397889e-09  4.08347589e+03  8.38054509e-09 
 4.17859226e+03  8.37386589e-09  4.17859226e+03  8.38042489e-09 
 4.27592418e+03  8.37375515e-09  4.27592418e+03  8.38030662e-09 
 4.37552325e+03  8.37364662e-09  4.37552325e+03  8.38019020e-09 
 4.47744228e+03  8.37354022e-09  4.47744228e+03  8.38007555e-09 
 4.58173531e+03  8.37343589e-09  4.58173531e+03  8.37996259e-09 
 4.68845763e+03  8.37333356e-09  4.68845763e+03  8.37985123e-09 
 4.79766584e+03  8.37323318e-09  4.79766584e+03  8.37974140e-09 
 4.90941783e+03  8.37313468e-09  4.90941783e+03  8.37963301e-09 
 5.02377286e+03  8.37303800e-09  5.02377286e+03  8.37952597e-09 
 5.14079157e+03  8.37294308e-09  5.14079157e+03  8.37942022e-09 
 5.26053598e+03  8.37284986e-09  5.26053598e+03  8.37931565e-09 
 5.38306961e+03  8.37275827e-09  5.38306961e+03  8.37921220e-09 
 5.50845741e+03  8.37266826e-09  5.50845741e+03  8.37910976e-09 
 5.63676586e+03  8.37257976e-09  5.63676586e+03  8.37900826e-09 
 5.76806301e+03  8.37249272e-09  5.76806301e+03  8.37890762e-09 
 5.90241845e+03  8.37240708e-09  5.90241845e+03  8.37880773e-09 
 6.03990344e+03  8.37232278e-09  6.03990344e+03  8.37870851e-09 
 6.18059087e+03  8.37223976e-09  6.18059087e+03  8.37860988e-09 
 6.32455532e+03  8.37215796e-09  6.32455532e+03  8.37851174e-09 
 6.47187314e+03  8.37207731e-09  6.47187314e+03  8.37841399e-09 
 6.62262243e+03  8.37199777e-09  6.62262243e+03  8.37831654e-09 
 6.77688312e+03  8.37191927e-09  6.77688312e+03  8.37821930e-09 
 6.93473701e+03  8.37184176e-09  6.93473701e+03  8.37812216e-09 
 7.09626778e+03  8.37176516e-09  7.09626778e+03  8.37802502e-09 
 7.26156110e+03  8.37168943e-09  7.26156110e+03  8.37792778e-09 
 7.43070458e+03  8.37161449e-09  7.43070458e+03  8.37783033e-09 
 7.60378793e+03  8.37154029e-09  7.60378793e+03  8.37773256e-09 
 7.78090290e+03  8.37146677e-09  7.78090290e+03  8.37763437e-09 
 7.96214341e+03  8.37139386e-09  7.96214341e+03  8.37753563e-09 
 8.14760556e+03  8.37132150e-09  8.14760556e+03  8.37743622e-09 
 8.33738767e+03  8.37124963e-09  8.33738767e+03  8.37733603e-09 
 8.53159038e+03  8.37117817e-09  8.53159038e+03  8.37723494e-09 
 8.73031664e+03  8.37110707e-09  8.73031664e+03  8.37713280e-09 
 8.93367184e+03  8.37103625e-09  8.93367184e+03  8.37702949e-09 
 9.14176379e+03  8.37096564e-09  9.14176379e+03  8.37692487e-09 
 9.35470283e+03  8.37089518e-09  9.35470283e+03  8.37681880e-09 
 9.57260185e+03  8.37082479e-09  9.57260185e+03  8.37671113e-09 
 9.79557639e+03  8.37075439e-09  9.79557639e+03  8.37660171e-09 
 1.00237447e+04  8.37068393e-09  1.00237447e+04  8.37649039e-09 
 1.02572277e+04  8.37061330e-09  1.02572277e+04  8.37637699e-09 
 1.04961492e+04  8.37054244e-09  1.04961492e+04  8.37626135e-09 
 1.07406359e+04  8.37047127e-09  1.07406359e+04  8.37614329e-09 
 1.09908175e+04  8.37039970e-09  1.09908175e+04  8.37602264e-09 
 1.12468265e+04  8.37032765e-09  1.12468265e+04  8.37589920e-09 
 1.15087987e+04  8.37025503e-09  1.15087987e+04  8.37577279e-09 
 1.17768731e+04  8.37018174e-09  1.17768731e+04  8.37564318e-09 
 1.20511917e+04  8.37010770e-09  1.20511917e+04  8.37551018e-09 
 1.23319000e+04  8.37003280e-09  1.23319000e+04  8.37537357e-09 
 1.26191469e+04  8.36995695e-09  1.26191469e+04  8.37523310e-09 
 1.29130846e+04  8.36988005e-09  1.29130846e+04  8.37508856e-09 
 1.32138690e+04  8.36980199e-09  1.32138690e+04  8.37493968e-09 
 1.35216595e+04  8.36972265e-09  1.35216595e+04  8.37478622e-09 
 1.38366194e+04  8.36964193e-09  1.38366194e+04  8.37462790e-09 
 1.41589157e+04  8.36955970e-09  1.41589157e+04  8.37446444e-09 
 1.44887192e+04  8.36947585e-09  1.44887192e+04  8.37429555e-09 
 1.48262048e+04  8.36939025e-09  1.48262048e+04  8.37412094e-09 
 1.51715515e+04  8.36930276e-09  1.51715515e+04  8.37394027e-09 
 1.55249423e+04  8.36921325e-09  1.55249423e+04  8.37375322e-09 
 1.58865647e+04  8.36912158e-09  1.58865647e+04  8.37355945e-09 
 1.62566103e+04  8.36902760e-09  1.62566103e+04  8.37335860e-09 
 1.66352754e+04  8.36893116e-09  1.66352754e+04  8.37315029e-09 
 1.70227608e+04  8.36883210e-09  1.70227608e+04  8.37293414e-09 
 1.74192718e+04  8.36873025e-09  1.74192718e+04  8.37270973e-09 
 1.78250188e+04  8.36862544e-09  1.78250188e+04  8.37247664e-09 
 1.82402168e+04  8.36851749e-09  1.82402168e+04  8.37223444e-09 
 1.86650860e+04  8.36840622e-09  1.86650860e+04  8.37198264e-09 
 1.90998517e+04  8.36829144e-09  1.90998517e+04  8.37172079e-09 
 1.95447444e+04  8.36817293e-09  1.95447444e+04  8.37144835e-09 
 2.00000000e+04  8.36805050e-09  2.00000000e+04  8.37116483e-09 
