 2.00000000e+01  3.19165392e-08  2.00000000e+01  1.01630973e-08 
 2.09425710e+01  3.18475534e-08  2.09425710e+01  1.01408600e-08 
 2.19295639e+01  3.17815303e-08  2.19295639e+01  1.01195910e-08 
 2.29630724e+01  3.17183486e-08  2.29630724e+01  1.00992493e-08 
 2.40452887e+01  3.16578916e-08  2.40452887e+01  1.00797956e-08 
 2.51785082e+01  3.16000467e-08  2.51785082e+01  1.00611923e-08 
 2.63651348e+01  3.15447058e-08  2.63651348e+01  1.00434031e-08 
 2.76076853e+01  3.14917646e-08  2.76076853e+01  1.00263934e-08 
 2.89087954e+01  3.14411229e-08  2.89087954e+01  1.00101298e-08 
 3.02712250e+01  3.13926844e-08  3.02712250e+01  9.99458044e-09 
 3.16978638e+01  3.13463565e-08  3.16978638e+01  9.97971457e-09 
 3.31917381e+01  3.13020500e-08  3.31917381e+01  9.96550283e-09 
 3.47560166e+01  3.12596796e-08  3.47560166e+01  9.95191704e-09 
 3.63940172e+01  3.12191631e-08  3.63940172e+01  9.93893017e-09 
 3.81092144e+01  3.11804216e-08  3.81092144e+01  9.92651634e-09 
 3.99052463e+01  3.11433794e-08  3.99052463e+01  9.91465073e-09 
 4.17859226e+01  3.11079639e-08  4.17859226e+01  9.90330955e-09 
 4.37552325e+01  3.10741054e-08  4.37552325e+01  9.89247003e-09 
 4.58173531e+01  3.10417370e-08  4.58173531e+01  9.88211032e-09 
 4.79766584e+01  3.10107945e-08  4.79766584e+01  9.87220952e-09 
 5.02377286e+01  3.09812165e-08  5.02377286e+01  9.86274761e-09 
 5.26053598e+01  3.09529440e-08  5.26053598e+01  9.85370541e-09 
 5.50845741e+01  3.09259205e-08  5.50845741e+01  9.84506456e-09 
 5.76806301e+01  3.09000917e-08  5.76806301e+01  9.83680748e-09 
 6.03990344e+01  3.08754058e-08  6.03990344e+01  9.82891733e-09 
 6.32455532e+01  3.08518131e-08  6.32455532e+01  9.82137801e-09 
 6.62262243e+01  3.08292659e-08  6.62262243e+01  9.81417410e-09 
 6.93473701e+01  3.08077186e-08  6.93473701e+01  9.80729083e-09 
 7.26156110e+01  3.07871274e-08  7.26156110e+01  9.80071410e-09 
 7.60378793e+01  3.07674505e-08  7.60378793e+01  9.79443037e-09 
 7.96214341e+01  3.07486479e-08  7.96214341e+01  9.78842674e-09 
 8.33738767e+01  3.07306812e-08  8.33738767e+01  9.78269082e-09 
 8.73031664e+01  3.07135136e-08  8.73031664e+01  9.77721078e-09 
 9.14176379e+01  3.06971101e-08  9.14176379e+01  9.77197530e-09 
 9.57260185e+01  3.06814369e-08  9.57260185e+01  9.76697357e-09 
 1.00237447e+02  3.06664619e-08  1.00237447e+02  9.76219521e-09 
 1.04961492e+02  3.06521543e-08  1.04961492e+02  9.75763034e-09 
 1.09908175e+02  3.06384846e-08  1.09908175e+02  9.75326947e-09 
 1.15087987e+02  3.06254246e-08  1.15087987e+02  9.74910355e-09 
 1.20511917e+02  3.06129473e-08  1.20511917e+02  9.74512393e-09 
 1.26191469e+02  3.06010270e-08  1.26191469e+02  9.74132232e-09 
 1.32138690e+02  3.05896390e-08  1.32138690e+02  9.73769081e-09 
 1.38366194e+02  3.05787596e-08  1.38366194e+02  9.73422183e-09 
 1.44887192e+02  3.05683664e-08  1.44887192e+02  9.73090814e-09 
 1.51715515e+02  3.05584376e-08  1.51715515e+02  9.72774283e-09 
 1.58865647e+02  3.05489527e-08  1.58865647e+02  9.72471928e-09 
 1.66352754e+02  3.05398919e-08  1.66352754e+02  9.72183119e-09 
 1.74192718e+02  3.05312364e-08  1.74192718e+02  9.71907250e-09 
 1.82402168e+02  3.05229681e-08  1.82402168e+02  9.71643744e-09 
 1.90998517e+02  3.05150697e-08  1.90998517e+02  9.71392049e-09 
 2.00000000e+02  3.05075248e-08  2.00000000e+02  9.71151639e-09 
 2.09425710e+02  3.05003175e-08  2.09425710e+02  9.70922008e-09 
 2.19295639e+02  3.04934329e-08  2.19295639e+02  9.70702677e-09 
 2.29630724e+02  3.04868565e-08  2.29630724e+02  9.70493183e-09 
 2.40452887e+02  3.04805745e-08  2.40452887e+02  9.70293088e-09 
 2.51785082e+02  3.04745737e-08  2.51785082e+02  9.70101970e-09 
 2.63651348e+02  3.04688416e-08  2.63651348e+02  9.69919429e-09 
 2.76076853e+02  3.04633661e-08  2.76076853e+02  9.69745081e-09 
 2.89087954e+02  3.04581358e-08  2.89087954e+02  9.69578558e-09 
 3.02712250e+02  3.04531395e-08  3.02712250e+02  9.69419512e-09 
 3.16978638e+02  3.04483669e-08  3.16978638e+02  9.69267606e-09 
 3.31917381e+02  3.04438078e-08  3.31917381e+02  9.69122521e-09 
 3.47560166e+02  3.04394527e-08  3.47560166e+02  9.68983951e-09 
 3.63940172e+02  3.04352922e-08  3.63940172e+02  9.68851606e-09 
 3.81092144e+02  3.04313178e-08  3.81092144e+02  9.68725205e-09 
 3.99052463e+02  3.04275209e-08  3.99052463e+02  9.68604482e-09 
 4.17859226e+02  3.04238936e-08  4.17859226e+02  9.68489182e-09 
 4.37552325e+02  3.04204281e-08  4.37552325e+02  9.68379064e-09 
 4.58173531e+02  3.04171171e-08  4.58173531e+02  9.68273893e-09 
 4.79766584e+02  3.04139535e-08  4.79766584e+02  9.68173449e-09 
 5.02377286e+02  3.04109307e-08  5.02377286e+02  9.68077519e-09 
 5.26053598e+02  3.04080422e-08  5.26053598e+02  9.67985901e-09 
 5.50845741e+02  3.04052818e-08  5.50845741e+02  9.67898401e-09 
 5.76806301e+02  3.04026437e-08  5.76806301e+02  9.67814835e-09 
 6.03990344e+02  3.04001221e-08  6.03990344e+02  9.67735026e-09 
 6.32455532e+02  3.03977116e-08  6.32455532e+02  9.67658805e-09 
 6.62262243e+02  3.03954072e-08  6.62262243e+02  9.67586012e-09 
 6.93473701e+02  3.03932037e-08  6.93473701e+02  9.67516493e-09 
 7.26156110e+02  3.03910964e-08  7.26156110e+02  9.67450101e-09 
 7.60378793e+02  3.03890806e-08  7.60378793e+02  9.67386695e-09 
 7.96214341e+02  3.03871521e-08  7.96214341e+02  9.67326141e-09 
 8.33738767e+02  3.03853066e-08  8.33738767e+02  9.67268312e-09 
 8.73031664e+02  3.03835399e-08  8.73031664e+02  9.67213086e-09 
 9.14176379e+02  3.03818481e-08  9.14176379e+02  9.67160344e-09 
 9.57260185e+02  3.03802274e-08  9.57260185e+02  9.67109977e-09 
 1.00237447e+03  3.03786742e-08  1.00237447e+03  9.67061878e-09 
 1.04961492e+03  3.03771849e-08  1.04961492e+03  9.67015945e-09 
 1.09908175e+03  3.03757561e-08  1.09908175e+03  9.66972080e-09 
 1.15087987e+03  3.03743844e-08  1.15087987e+03  9.66930192e-09 
 1.20511917e+03  3.03730665e-08  1.20511917e+03  9.66890191e-09 
 1.26191469e+03  3.03717994e-08  1.26191469e+03  9.66851993e-09 
 1.32138690e+03  3.03705798e-08  1.32138690e+03  9.66815518e-09 
 1.38366194e+03  3.03694048e-08  1.38366194e+03  9.66780689e-09 
 1.44887192e+03  3.03682713e-08  1.44887192e+03  9.66747431e-09 
 1.51715515e+03  3.03671764e-08  1.51715515e+03  9.66715675e-09 
 1.58865647e+03  3.03661171e-08  1.58865647e+03  9.66685354e-09 
 1.66352754e+03  3.03650906e-08  1.66352754e+03  9.66656404e-09 
 1.74192718e+03  3.03640940e-08  1.74192718e+03  9.66628764e-09 
 1.82402168e+03  3.03631242e-08  1.82402168e+03  9.66602376e-09 
 1.90998517e+03  3.03621785e-08  1.90998517e+03  9.66577183e-09 
 2.00000000e+03  3.03612537e-08  2.00000000e+03  9.66553135e-09 
 2.09425710e+03  3.03603469e-08  2.09425710e+03  9.66530179e-09 
 2.19295639e+03  3.03594551e-08  2.19295639e+03  9.66508268e-09 
 2.29630724e+03  3.03585749e-08  2.29630724e+03  9.66487355e-09 
 2.40452887e+03  3.03577033e-08  2.40452887e+03  9.66467399e-09 
 2.51785082e+03  3.03568367e-08  2.51785082e+03  9.66448355e-09 
 2.63651348e+03  3.03559717e-08  2.63651348e+03  9.66430186e-09 
 2.76076853e+03  3.03551046e-08  2.76076853e+03  9.66412854e-09 
 2.89087954e+03  3.03542315e-08  2.89087954e+03  9.66396322e-09 
 3.02712250e+03  3.03533484e-08  3.02712250e+03  9.66380557e-09 
 3.16978638e+03  3.03524510e-08  3.16978638e+03  9.66365526e-09 
 3.31917381e+03  3.03515346e-08  3.31917381e+03  9.66351199e-09 
 3.47560166e+03  3.03505945e-08  3.47560166e+03  9.66337547e-09 
 3.63940172e+03  3.03496254e-08  3.63940172e+03  9.66324542e-09 
 3.81092144e+03  3.03486219e-08  3.81092144e+03  9.66312158e-09 
 3.99052463e+03  3.03475778e-08  3.99052463e+03  9.66300372e-09 
 4.17859226e+03  3.03464867e-08  4.17859226e+03  9.66289159e-09 
 4.37552325e+03  3.03453418e-08  4.37552325e+03  9.66278498e-09 
 4.58173531e+03  3.03441356e-08  4.58173531e+03  9.66268370e-09 
 4.79766584e+03  3.03428599e-08  4.79766584e+03  9.66258754e-09 
 5.02377286e+03  3.03415059e-08  5.02377286e+03  9.66249634e-09 
 5.26053598e+03  3.03400642e-08  5.26053598e+03  9.66240994e-09 
 5.50845741e+03  3.03385242e-08  5.50845741e+03  9.66232818e-09 
 5.76806301e+03  3.03368749e-08  5.76806301e+03  9.66225092e-09 
 6.03990344e+03  3.03351038e-08  6.03990344e+03  9.66217805e-09 
 6.32455532e+03  3.03331977e-08  6.32455532e+03  9.66210946e-09 
 6.62262243e+03  3.03311420e-08  6.62262243e+03  9.66204505e-09 
 6.93473701e+03  3.03289207e-08  6.93473701e+03  9.66198473e-09 
 7.26156110e+03  3.03265165e-08  7.26156110e+03  9.66192844e-09 
 7.60378793e+03  3.03239105e-08  7.60378793e+03  9.66187612e-09 
 7.96214341e+03  3.03210820e-08  7.96214341e+03  9.66182774e-09 
 8.33738767e+03  3.03180084e-08  8.33738767e+03  9.66178326e-09 
 8.73031664e+03  3.03146650e-08  8.73031664e+03  9.66174269e-09 
 9.14176379e+03  3.03110248e-08  9.14176379e+03  9.66170602e-09 
 9.57260185e+03  3.03070584e-08  9.57260185e+03  9.66167328e-09 
 1.00237447e+04  3.03027334e-08  1.00237447e+04  9.66164452e-09 
 1.04961492e+04  3.02980147e-08  1.04961492e+04  9.66161980e-09 
 1.09908175e+04  3.02928638e-08  1.09908175e+04  9.66159920e-09 
 1.15087987e+04  3.02872384e-08  1.15087987e+04  9.66158282e-09 
 1.20511917e+04  3.02810926e-08  1.20511917e+04  9.66157080e-09 
 1.26191469e+04  3.02743760e-08  1.26191469e+04  9.66156328e-09 
 1.32138690e+04  3.02670338e-08  1.32138690e+04  9.66156046e-09 
 1.38366194e+04  3.02590057e-08  1.38366194e+04  9.66156252e-09 
 1.44887192e+04  3.02502261e-08  1.44887192e+04  9.66156972e-09 
 1.51715515e+04  3.02406235e-08  1.51715515e+04  9.66158233e-09 
 1.58865647e+04  3.02301194e-08  1.58865647e+04  9.66160066e-09 
 1.66352754e+04  3.02186286e-08  1.66352754e+04  9.66162506e-09 
 1.74192718e+04  3.02060577e-08  1.74192718e+04  9.66165591e-09 
 1.82402168e+04  3.01923052e-08  1.82402168e+04  9.66169366e-09 
 1.90998517e+04  3.01772603e-08  1.90998517e+04  9.66173880e-09 
 2.00000000e+04  3.01608022e-08  2.00000000e+04  9.66179186e-09 
