 2.00000000e+01  8.92101170e-09  2.00000000e+01  8.93048655e-09 
 2.09425710e+01  8.89301825e-09  2.09425710e+01  8.90222620e-09 
 2.19295639e+01  8.86633633e-09  2.19295639e+01  8.87530097e-09 
 2.29630724e+01  8.84090296e-09  2.29630724e+01  8.84964574e-09 
 2.40452887e+01  8.81665830e-09  2.40452887e+01  8.82519869e-09 
 2.51785082e+01  8.79354544e-09  2.51785082e+01  8.80190114e-09 
 2.63651348e+01  8.77151027e-09  2.63651348e+01  8.77969737e-09 
 2.76076853e+01  8.75050137e-09  2.76076853e+01  8.75853450e-09 
 2.89087954e+01  8.73046982e-09  2.89087954e+01  8.73836229e-09 
 3.02712250e+01  8.71136911e-09  3.02712250e+01  8.71913304e-09 
 3.16978638e+01  8.69315502e-09  3.16978638e+01  8.70080144e-09 
 3.31917381e+01  8.67578550e-09  3.31917381e+01  8.68332444e-09 
 3.47560166e+01  8.65922053e-09  3.47560166e+01  8.66666115e-09 
 3.63940172e+01  8.64342207e-09  3.63940172e+01  8.65077270e-09 
 3.81092144e+01  8.62835391e-09  3.81092144e+01  8.63562216e-09 
 3.99052463e+01  8.61398163e-09  3.99052463e+01  8.62117442e-09 
 4.17859226e+01  8.60027246e-09  4.17859226e+01  8.60739611e-09 
 4.37552325e+01  8.58719522e-09  4.37552325e+01  8.59425550e-09 
 4.58173531e+01  8.57472025e-09  4.58173531e+01  8.58172242e-09 
 4.79766584e+01  8.56281931e-09  4.79766584e+01  8.56976818e-09 
 5.02377286e+01  8.55146553e-09  5.02377286e+01  8.55836548e-09 
 5.26053598e+01  8.54063333e-09  5.26053598e+01  8.54748837e-09 
 5.50845741e+01  8.53029835e-09  5.50845741e+01  8.53711215e-09 
 5.76806301e+01  8.52043740e-09  5.76806301e+01  8.52721331e-09 
 6.03990344e+01  8.51102842e-09  6.03990344e+01  8.51776950e-09 
 6.32455532e+01  8.50205037e-09  6.32455532e+01  8.50875942e-09 
 6.62262243e+01  8.49348324e-09  6.62262243e+01  8.50016282e-09 
 6.93473701e+01  8.48530795e-09  6.93473701e+01  8.49196041e-09 
 7.26156110e+01  8.47750634e-09  7.26156110e+01  8.48413384e-09 
 7.60378793e+01  8.47006111e-09  7.60378793e+01  8.47666561e-09 
 7.96214341e+01  8.46295578e-09  7.96214341e+01  8.46953908e-09 
 8.33738767e+01  8.45617464e-09  8.33738767e+01  8.46273839e-09 
 8.73031664e+01  8.44970272e-09  8.73031664e+01  8.45624845e-09 
 9.14176379e+01  8.44352577e-09  9.14176379e+01  8.45005486e-09 
 9.57260185e+01  8.43763020e-09  9.57260185e+01  8.44414392e-09 
 1.00237447e+02  8.43200305e-09  1.00237447e+02  8.43850258e-09 
 1.04961492e+02  8.42663199e-09  1.04961492e+02  8.43311839e-09 
 1.09908175e+02  8.42150524e-09  1.09908175e+02  8.42797951e-09 
 1.15087987e+02  8.41661158e-09  1.15087987e+02  8.42307463e-09 
 1.20511917e+02  8.41194033e-09  1.20511917e+02  8.41839298e-09 
 1.26191469e+02  8.40748129e-09  1.26191469e+02  8.41392432e-09 
 1.32138690e+02  8.40322474e-09  1.32138690e+02  8.40965884e-09 
 1.38366194e+02  8.39916141e-09  1.38366194e+02  8.40558724e-09 
 1.44887192e+02  8.39528246e-09  1.44887192e+02  8.40170061e-09 
 1.51715515e+02  8.39157946e-09  1.51715515e+02  8.39799049e-09 
 1.58865647e+02  8.38804438e-09  1.58865647e+02  8.39444879e-09 
 1.66352754e+02  8.38466955e-09  1.66352754e+02  8.39106781e-09 
 1.74192718e+02  8.38144766e-09  1.74192718e+02  8.38784019e-09 
 1.82402168e+02  8.37837174e-09  1.82402168e+02  8.38475893e-09 
 1.90998517e+02  8.37543512e-09  1.90998517e+02  8.38181736e-09 
 2.00000000e+02  8.37263147e-09  2.00000000e+02  8.37900908e-09 
 2.09425710e+02  8.36995473e-09  2.09425710e+02  8.37632803e-09 
 2.19295639e+02  8.36739913e-09  2.19295639e+02  8.37376839e-09 
 2.29630724e+02  8.36495915e-09  2.29630724e+02  8.37132465e-09 
 2.40452887e+02  8.36262954e-09  2.40452887e+02  8.36899153e-09 
 2.51785082e+02  8.36040528e-09  2.51785082e+02  8.36676398e-09 
 2.63651348e+02  8.35828159e-09  2.63651348e+02  8.36463720e-09 
 2.76076853e+02  8.35625390e-09  2.76076853e+02  8.36260662e-09 
 2.89087954e+02  8.35431786e-09  2.89087954e+02  8.36066786e-09 
 3.02712250e+02  8.35246929e-09  3.02712250e+02  8.35881675e-09 
 3.16978638e+02  8.35070424e-09  3.16978638e+02  8.35704929e-09 
 3.31917381e+02  8.34901892e-09  3.31917381e+02  8.35536171e-09 
 3.47560166e+02  8.34740971e-09  3.47560166e+02  8.35375037e-09 
 3.63940172e+02  8.34587316e-09  3.63940172e+02  8.35221180e-09 
 3.81092144e+02  8.34440599e-09  3.81092144e+02  8.35074272e-09 
 3.99052463e+02  8.34300504e-09  3.99052463e+02  8.34933996e-09 
 4.17859226e+02  8.34166732e-09  4.17859226e+02  8.34800052e-09 
 4.37552325e+02  8.34038997e-09  4.37552325e+02  8.34672152e-09 
 4.58173531e+02  8.33917025e-09  4.58173531e+02  8.34550023e-09 
 4.79766584e+02  8.33800555e-09  4.79766584e+02  8.34433404e-09 
 5.02377286e+02  8.33689339e-09  5.02377286e+02  8.34322043e-09 
 5.26053598e+02  8.33583139e-09  5.26053598e+02  8.34215704e-09 
 5.50845741e+02  8.33481727e-09  5.50845741e+02  8.34114157e-09 
 5.76806301e+02  8.33384888e-09  5.76806301e+02  8.34017187e-09 
 6.03990344e+02  8.33292414e-09  6.03990344e+02  8.33924586e-09 
 6.32455532e+02  8.33204108e-09  6.32455532e+02  8.33836155e-09 
 6.62262243e+02  8.33119781e-09  6.62262243e+02  8.33751705e-09 
 6.93473701e+02  8.33039253e-09  6.93473701e+02  8.33671056e-09 
 7.26156110e+02  8.32962353e-09  7.26156110e+02  8.33594035e-09 
 7.60378793e+02  8.32888917e-09  7.60378793e+02  8.33520477e-09 
 7.96214341e+02  8.32818787e-09  7.96214341e+02  8.33450226e-09 
 8.33738767e+02  8.32751814e-09  8.33738767e+02  8.33383130e-09 
 8.73031664e+02  8.32687856e-09  8.73031664e+02  8.33319046e-09 
 9.14176379e+02  8.32626775e-09  9.14176379e+02  8.33257837e-09 
 9.57260185e+02  8.32568441e-09  9.57260185e+02  8.33199372e-09 
 1.00237447e+03  8.32512731e-09  1.00237447e+03  8.33143526e-09 
 1.04961492e+03  8.32459524e-09  1.04961492e+03  8.33090178e-09 
 1.09908175e+03  8.32408709e-09  1.09908175e+03  8.33039215e-09 
 1.15087987e+03  8.32360175e-09  1.15087987e+03  8.32990526e-09 
 1.20511917e+03  8.32313819e-09  1.20511917e+03  8.32944007e-09 
 1.26191469e+03  8.32269543e-09  1.26191469e+03  8.32899558e-09 
 1.32138690e+03  8.32227251e-09  1.32138690e+03  8.32857082e-09 
 1.38366194e+03  8.32186854e-09  1.38366194e+03  8.32816489e-09 
 1.44887192e+03  8.32148264e-09  1.44887192e+03  8.32777690e-09 
 1.51715515e+03  8.32111399e-09  1.51715515e+03  8.32740601e-09 
 1.58865647e+03  8.32076181e-09  1.58865647e+03  8.32705140e-09 
 1.66352754e+03  8.32042532e-09  1.66352754e+03  8.32671232e-09 
 1.74192718e+03  8.32010382e-09  1.74192718e+03  8.32638801e-09 
 1.82402168e+03  8.31979661e-09  1.82402168e+03  8.32607775e-09 
 1.90998517e+03  8.31950303e-09  1.90998517e+03  8.32578087e-09 
 2.00000000e+03  8.31922244e-09  2.00000000e+03  8.32549670e-09 
 2.09425710e+03  8.31895423e-09  2.09425710e+03  8.32522460e-09 
 2.19295639e+03  8.31869783e-09  2.19295639e+03  8.32496396e-09 
 2.29630724e+03  8.31845267e-09  2.29630724e+03  8.32471419e-09 
 2.40452887e+03  8.31821822e-09  2.40452887e+03  8.32447472e-09 
 2.51785082e+03  8.31799396e-09  2.51785082e+03  8.32424498e-09 
 2.63651348e+03  8.31777941e-09  2.63651348e+03  8.32402444e-09 
 2.76076853e+03  8.31757407e-09  2.76076853e+03  8.32381257e-09 
 2.89087954e+03  8.31737751e-09  2.89087954e+03  8.32360886e-09 
 3.02712250e+03  8.31718927e-09  3.02712250e+03  8.32341281e-09 
 3.16978638e+03  8.31700893e-09  3.16978638e+03  8.32322393e-09 
 3.31917381e+03  8.31683608e-09  3.31917381e+03  8.32304173e-09 
 3.47560166e+03  8.31667032e-09  3.47560166e+03  8.32286575e-09 
 3.63940172e+03  8.31651127e-09  3.63940172e+03  8.32269550e-09 
 3.81092144e+03  8.31635854e-09  3.81092144e+03  8.32253052e-09 
 3.99052463e+03  8.31621178e-09  3.99052463e+03  8.32237034e-09 
 4.17859226e+03  8.31607063e-09  4.17859226e+03  8.32221449e-09 
 4.37552325e+03  8.31593473e-09  4.37552325e+03  8.32206250e-09 
 4.58173531e+03  8.31580375e-09  4.58173531e+03  8.32191388e-09 
 4.79766584e+03  8.31567735e-09  4.79766584e+03  8.32176816e-09 
 5.02377286e+03  8.31555520e-09  5.02377286e+03  8.32162483e-09 
 5.26053598e+03  8.31543696e-09  5.26053598e+03  8.32148339e-09 
 5.50845741e+03  8.31532231e-09  5.50845741e+03  8.32134331e-09 
 5.76806301e+03  8.31521091e-09  5.76806301e+03  8.32120405e-09 
 6.03990344e+03  8.31510244e-09  6.03990344e+03  8.32106504e-09 
 6.32455532e+03  8.31499657e-09  6.32455532e+03  8.32092569e-09 
 6.62262243e+03  8.31489295e-09  6.62262243e+03  8.32078539e-09 
 6.93473701e+03  8.31479124e-09  6.93473701e+03  8.32064347e-09 
 7.26156110e+03  8.31469110e-09  7.26156110e+03  8.32049925e-09 
 7.60378793e+03  8.31459216e-09  7.60378793e+03  8.32035199e-09 
 7.96214341e+03  8.31449404e-09  7.96214341e+03  8.32020092e-09 
 8.33738767e+03  8.31439637e-09  8.33738767e+03  8.32004520e-09 
 8.73031664e+03  8.31429874e-09  8.73031664e+03  8.31988394e-09 
 9.14176379e+03  8.31420073e-09  9.14176379e+03  8.31971617e-09 
 9.57260185e+03  8.31410190e-09  9.57260185e+03  8.31954088e-09 
 1.00237447e+04  8.31400177e-09  1.00237447e+04  8.31935695e-09 
 1.04961492e+04  8.31389987e-09  1.04961492e+04  8.31916319e-09 
 1.09908175e+04  8.31379565e-09  1.09908175e+04  8.31895828e-09 
 1.15087987e+04  8.31368857e-09  1.15087987e+04  8.31874084e-09 
 1.20511917e+04  8.31357803e-09  1.20511917e+04  8.31850934e-09 
 1.26191469e+04  8.31346338e-09  1.26191469e+04  8.31826212e-09 
 1.32138690e+04  8.31334395e-09  1.32138690e+04  8.31799739e-09 
 1.38366194e+04  8.31321899e-09  1.38366194e+04  8.31771319e-09 
 1.44887192e+04  8.31308771e-09  1.44887192e+04  8.31740740e-09 
 1.51715515e+04  8.31294925e-09  1.51715515e+04  8.31707770e-09 
 1.58865647e+04  8.31280268e-09  1.58865647e+04  8.31672158e-09 
 1.66352754e+04  8.31264699e-09  1.66352754e+04  8.31633627e-09 
 1.74192718e+04  8.31248110e-09  1.74192718e+04  8.31591879e-09 
 1.82402168e+04  8.31230381e-09  1.82402168e+04  8.31546588e-09 
 1.90998517e+04  8.31211386e-09  1.90998517e+04  8.31497396e-09 
 2.00000000e+04  8.31190983e-09  2.00000000e+04  8.31443917e-09 
