 1.00000000e+00  7.87598387e+01  1.00000000e+00  1.79406245e+02 
 1.02329299e+00  7.87596482e+01  1.02329299e+00  1.79394817e+02 
 1.04712855e+00  7.87594619e+01  1.04712855e+00  1.79383108e+02 
 1.07151931e+00  7.87592798e+01  1.07151931e+00  1.79371112e+02 
 1.09647820e+00  7.87591017e+01  1.09647820e+00  1.79358819e+02 
 1.12201845e+00  7.87589277e+01  1.12201845e+00  1.79346222e+02 
 1.14815362e+00  7.87587575e+01  1.14815362e+00  1.79333313e+02 
 1.17489755e+00  7.87585910e+01  1.17489755e+00  1.79320083e+02 
 1.20226443e+00  7.87584283e+01  1.20226443e+00  1.79306523e+02 
 1.23026877e+00  7.87582690e+01  1.23026877e+00  1.79292625e+02 
 1.25892541e+00  7.87581132e+01  1.25892541e+00  1.79278380e+02 
 1.28824955e+00  7.87579606e+01  1.28824955e+00  1.79263780e+02 
 1.31825674e+00  7.87578112e+01  1.31825674e+00  1.79248814e+02 
 1.34896288e+00  7.87576648e+01  1.34896288e+00  1.79233474e+02 
 1.38038426e+00  7.87575212e+01  1.38038426e+00  1.79217751e+02 
 1.41253754e+00  7.87573803e+01  1.41253754e+00  1.79201634e+02 
 1.44543977e+00  7.87572419e+01  1.44543977e+00  1.79185115e+02 
 1.47910839e+00  7.87571059e+01  1.47910839e+00  1.79168184e+02 
 1.51356125e+00  7.87569720e+01  1.51356125e+00  1.79150829e+02 
 1.54881662e+00  7.87568402e+01  1.54881662e+00  1.79133042e+02 
 1.58489319e+00  7.87567102e+01  1.58489319e+00  1.79114812e+02 
 1.62181010e+00  7.87565818e+01  1.62181010e+00  1.79096128e+02 
 1.65958691e+00  7.87564550e+01  1.65958691e+00  1.79076980e+02 
 1.69824365e+00  7.87563294e+01  1.69824365e+00  1.79057356e+02 
 1.73780083e+00  7.87562049e+01  1.73780083e+00  1.79037245e+02 
 1.77827941e+00  7.87560813e+01  1.77827941e+00  1.79016637e+02 
 1.81970086e+00  7.87559584e+01  1.81970086e+00  1.78995518e+02 
 1.86208714e+00  7.87558360e+01  1.86208714e+00  1.78973879e+02 
 1.90546072e+00  7.87557139e+01  1.90546072e+00  1.78951705e+02 
 1.94984460e+00  7.87555919e+01  1.94984460e+00  1.78928986e+02 
 1.99526231e+00  7.87554698e+01  1.99526231e+00  1.78905708e+02 
 2.04173794e+00  7.87553473e+01  2.04173794e+00  1.78881858e+02 
 2.08929613e+00  7.87552243e+01  2.08929613e+00  1.78857424e+02 
 2.13796209e+00  7.87551005e+01  2.13796209e+00  1.78832391e+02 
 2.18776162e+00  7.87549757e+01  2.18776162e+00  1.78806747e+02 
 2.23872114e+00  7.87548496e+01  2.23872114e+00  1.78780478e+02 
 2.29086765e+00  7.87547221e+01  2.29086765e+00  1.78753568e+02 
 2.34422882e+00  7.87545928e+01  2.34422882e+00  1.78726003e+02 
 2.39883292e+00  7.87544615e+01  2.39883292e+00  1.78697768e+02 
 2.45470892e+00  7.87543280e+01  2.45470892e+00  1.78668849e+02 
 2.51188643e+00  7.87541920e+01  2.51188643e+00  1.78639229e+02 
 2.57039578e+00  7.87540533e+01  2.57039578e+00  1.78608892e+02 
 2.63026799e+00  7.87539114e+01  2.63026799e+00  1.78577822e+02 
 2.69153480e+00  7.87537663e+01  2.69153480e+00  1.78546002e+02 
 2.75422870e+00  7.87536175e+01  2.75422870e+00  1.78513416e+02 
 2.81838293e+00  7.87534647e+01  2.81838293e+00  1.78480045e+02 
 2.88403150e+00  7.87533078e+01  2.88403150e+00  1.78445872e+02 
 2.95120923e+00  7.87531462e+01  2.95120923e+00  1.78410879e+02 
 3.01995172e+00  7.87529797e+01  3.01995172e+00  1.78375046e+02 
 3.09029543e+00  7.87528080e+01  3.09029543e+00  1.78338355e+02 
 3.16227766e+00  7.87526307e+01  3.16227766e+00  1.78300786e+02 
 3.23593657e+00  7.87524474e+01  3.23593657e+00  1.78262319e+02 
 3.31131121e+00  7.87522577e+01  3.31131121e+00  1.78222934e+02 
 3.38844156e+00  7.87520612e+01  3.38844156e+00  1.78182609e+02 
 3.46736850e+00  7.87518576e+01  3.46736850e+00  1.78141323e+02 
 3.54813389e+00  7.87516464e+01  3.54813389e+00  1.78099054e+02 
 3.63078055e+00  7.87514271e+01  3.63078055e+00  1.78055779e+02 
 3.71535229e+00  7.87511992e+01  3.71535229e+00  1.78011476e+02 
 3.80189396e+00  7.87509624e+01  3.80189396e+00  1.77966121e+02 
 3.89045145e+00  7.87507160e+01  3.89045145e+00  1.77919691e+02 
 3.98107171e+00  7.87504596e+01  3.98107171e+00  1.77872159e+02 
 4.07380278e+00  7.87501927e+01  4.07380278e+00  1.77823502e+02 
 4.16869383e+00  7.87499145e+01  4.16869383e+00  1.77773693e+02 
 4.26579519e+00  7.87496246e+01  4.26579519e+00  1.77722706e+02 
 4.36515832e+00  7.87493224e+01  4.36515832e+00  1.77670514e+02 
 4.46683592e+00  7.87490071e+01  4.46683592e+00  1.77617090e+02 
 4.57088190e+00  7.87486781e+01  4.57088190e+00  1.77562404e+02 
 4.67735141e+00  7.87483347e+01  4.67735141e+00  1.77506429e+02 
 4.78630092e+00  7.87479761e+01  4.78630092e+00  1.77449134e+02 
 4.89778819e+00  7.87476016e+01  4.89778819e+00  1.77390490e+02 
 5.01187234e+00  7.87472104e+01  5.01187234e+00  1.77330465e+02 
 5.12861384e+00  7.87468017e+01  5.12861384e+00  1.77269027e+02 
 5.24807460e+00  7.87463744e+01  5.24807460e+00  1.77206145e+02 
 5.37031796e+00  7.87459278e+01  5.37031796e+00  1.77141785e+02 
 5.49540874e+00  7.87454609e+01  5.49540874e+00  1.77075914e+02 
 5.62341325e+00  7.87449725e+01  5.62341325e+00  1.77008496e+02 
 5.75439937e+00  7.87444618e+01  5.75439937e+00  1.76939496e+02 
 5.88843655e+00  7.87439275e+01  5.88843655e+00  1.76868877e+02 
 6.02559586e+00  7.87433686e+01  6.02559586e+00  1.76796604e+02 
 6.16595002e+00  7.87427837e+01  6.16595002e+00  1.76722637e+02 
 6.30957344e+00  7.87421716e+01  6.30957344e+00  1.76646938e+02 
 6.45654229e+00  7.87415311e+01  6.45654229e+00  1.76569467e+02 
 6.60693448e+00  7.87408606e+01  6.60693448e+00  1.76490183e+02 
 6.76082975e+00  7.87401587e+01  6.76082975e+00  1.76409046e+02 
 6.91830971e+00  7.87394240e+01  6.91830971e+00  1.76326012e+02 
 7.07945784e+00  7.87386547e+01  7.07945784e+00  1.76241039e+02 
 7.24435960e+00  7.87378492e+01  7.24435960e+00  1.76154081e+02 
 7.41310241e+00  7.87370058e+01  7.41310241e+00  1.76065093e+02 
 7.58577575e+00  7.87361225e+01  7.58577575e+00  1.75974030e+02 
 7.76247117e+00  7.87351975e+01  7.76247117e+00  1.75880844e+02 
 7.94328235e+00  7.87342287e+01  7.94328235e+00  1.75785486e+02 
 8.12830516e+00  7.87332140e+01  8.12830516e+00  1.75687906e+02 
 8.31763771e+00  7.87321511e+01  8.31763771e+00  1.75588055e+02 
 8.51138038e+00  7.87310377e+01  8.51138038e+00  1.75485881e+02 
 8.70963590e+00  7.87298714e+01  8.70963590e+00  1.75381330e+02 
 8.91250938e+00  7.87286496e+01  8.91250938e+00  1.75274349e+02 
 9.12010839e+00  7.87273696e+01  9.12010839e+00  1.75164883e+02 
 9.33254301e+00  7.87260286e+01  9.33254301e+00  1.75052876e+02 
 9.54992586e+00  7.87246235e+01  9.54992586e+00  1.74938271e+02 
 9.77237221e+00  7.87231513e+01  9.77237221e+00  1.74821008e+02 
 1.00000000e+01  7.87216088e+01  1.00000000e+01  1.74701028e+02 
 1.02329299e+01  7.87199925e+01  1.02329299e+01  1.74578270e+02 
 1.04712855e+01  7.87182989e+01  1.04712855e+01  1.74452672e+02 
 1.07151931e+01  7.87165242e+01  1.07151931e+01  1.74324170e+02 
 1.09647820e+01  7.87146645e+01  1.09647820e+01  1.74192700e+02 
 1.12201845e+01  7.87127156e+01  1.12201845e+01  1.74058195e+02 
 1.14815362e+01  7.87106733e+01  1.14815362e+01  1.73920589e+02 
 1.17489755e+01  7.87085330e+01  1.17489755e+01  1.73779812e+02 
 1.20226443e+01  7.87062901e+01  1.20226443e+01  1.73635795e+02 
 1.23026877e+01  7.87039395e+01  1.23026877e+01  1.73488467e+02 
 1.25892541e+01  7.87014761e+01  1.25892541e+01  1.73337755e+02 
 1.28824955e+01  7.86988944e+01  1.28824955e+01  1.73183586e+02 
 1.31825674e+01  7.86961888e+01  1.31825674e+01  1.73025885e+02 
 1.34896288e+01  7.86933533e+01  1.34896288e+01  1.72864574e+02 
 1.38038426e+01  7.86903816e+01  1.38038426e+01  1.72699578e+02 
 1.41253754e+01  7.86872673e+01  1.41253754e+01  1.72530816e+02 
 1.44543977e+01  7.86840035e+01  1.44543977e+01  1.72358209e+02 
 1.47910839e+01  7.86805831e+01  1.47910839e+01  1.72181676e+02 
 1.51356125e+01  7.86769986e+01  1.51356125e+01  1.72001133e+02 
 1.54881662e+01  7.86732423e+01  1.54881662e+01  1.71816498e+02 
 1.58489319e+01  7.86693059e+01  1.58489319e+01  1.71627685e+02 
 1.62181010e+01  7.86651810e+01  1.62181010e+01  1.71434607e+02 
 1.65958691e+01  7.86608586e+01  1.65958691e+01  1.71237179e+02 
 1.69824365e+01  7.86563295e+01  1.69824365e+01  1.71035311e+02 
 1.73780083e+01  7.86515839e+01  1.73780083e+01  1.70828915e+02 
 1.77827941e+01  7.86466118e+01  1.77827941e+01  1.70617900e+02 
 1.81970086e+01  7.86414026e+01  1.81970086e+01  1.70402174e+02 
 1.86208714e+01  7.86359452e+01  1.86208714e+01  1.70181647e+02 
 1.90546072e+01  7.86302282e+01  1.90546072e+01  1.69956224e+02 
 1.94984460e+01  7.86242396e+01  1.94984460e+01  1.69725812e+02 
 1.99526231e+01  7.86179669e+01  1.99526231e+01  1.69490318e+02 
 2.04173794e+01  7.86113971e+01  2.04173794e+01  1.69249646e+02 
 2.08929613e+01  7.86045168e+01  2.08929613e+01  1.69003700e+02 
 2.13796209e+01  7.85973119e+01  2.13796209e+01  1.68752385e+02 
 2.18776162e+01  7.85897676e+01  2.18776162e+01  1.68495606e+02 
 2.23872114e+01  7.85818689e+01  2.23872114e+01  1.68233265e+02 
 2.29086765e+01  7.85735998e+01  2.29086765e+01  1.67965266e+02 
 2.34422882e+01  7.85649441e+01  2.34422882e+01  1.67691514e+02 
 2.39883292e+01  7.85558845e+01  2.39883292e+01  1.67411911e+02 
 2.45470892e+01  7.85464035e+01  2.45470892e+01  1.67126363e+02 
 2.51188643e+01  7.85364827e+01  2.51188643e+01  1.66834773e+02 
 2.57039578e+01  7.85261030e+01  2.57039578e+01  1.66537048e+02 
 2.63026799e+01  7.85152447e+01  2.63026799e+01  1.66233093e+02 
 2.69153480e+01  7.85038875e+01  2.69153480e+01  1.65922815e+02 
 2.75422870e+01  7.84920101e+01  2.75422870e+01  1.65606123e+02 
 2.81838293e+01  7.84795908e+01  2.81838293e+01  1.65282926e+02 
 2.88403150e+01  7.84666068e+01  2.88403150e+01  1.64953136e+02 
 2.95120923e+01  7.84530349e+01  2.95120923e+01  1.64616665e+02 
 3.01995172e+01  7.84388509e+01  3.01995172e+01  1.64273428e+02 
 3.09029543e+01  7.84240299e+01  3.09029543e+01  1.63923342e+02 
 3.16227766e+01  7.84085463e+01  3.16227766e+01  1.63566328e+02 
 3.23593657e+01  7.83923735e+01  3.23593657e+01  1.63202307e+02 
 3.31131121e+01  7.83754844e+01  3.31131121e+01  1.62831206e+02 
 3.38844156e+01  7.83578508e+01  3.38844156e+01  1.62452952e+02 
 3.46736850e+01  7.83394440e+01  3.46736850e+01  1.62067479e+02 
 3.54813389e+01  7.83202341e+01  3.54813389e+01  1.61674723e+02 
 3.63078055e+01  7.83001909e+01  3.63078055e+01  1.61274625e+02 
 3.71535229e+01  7.82792830e+01  3.71535229e+01  1.60867129e+02 
 3.80189396e+01  7.82574785e+01  3.80189396e+01  1.60452186e+02 
 3.89045145e+01  7.82347445e+01  3.89045145e+01  1.60029752e+02 
 3.98107171e+01  7.82110475e+01  3.98107171e+01  1.59599787e+02 
 4.07380278e+01  7.81863532e+01  4.07380278e+01  1.59162259e+02 
 4.16869383e+01  7.81606265e+01  4.16869383e+01  1.58717140e+02 
 4.26579519e+01  7.81338318e+01  4.26579519e+01  1.58264411e+02 
 4.36515832e+01  7.81059326e+01  4.36515832e+01  1.57804060e+02 
 4.46683592e+01  7.80768918e+01  4.46683592e+01  1.57336081e+02 
 4.57088190e+01  7.80466719e+01  4.57088190e+01  1.56860476e+02 
 4.67735141e+01  7.80152346e+01  4.67735141e+01  1.56377257e+02 
 4.78630092e+01  7.79825412e+01  4.78630092e+01  1.55886444e+02 
 4.89778819e+01  7.79485524e+01  4.89778819e+01  1.55388064e+02 
 5.01187234e+01  7.79132287e+01  5.01187234e+01  1.54882156e+02 
 5.12861384e+01  7.78765300e+01  5.12861384e+01  1.54368768e+02 
 5.24807460e+01  7.78384159e+01  5.24807460e+01  1.53847957e+02 
 5.37031796e+01  7.77988461e+01  5.37031796e+01  1.53319792e+02 
 5.49540874e+01  7.77577798e+01  5.49540874e+01  1.52784353e+02 
 5.62341325e+01  7.77151763e+01  5.62341325e+01  1.52241728e+02 
 5.75439937e+01  7.76709947e+01  5.75439937e+01  1.51692020e+02 
 5.88843655e+01  7.76251944e+01  5.88843655e+01  1.51135341e+02 
 6.02559586e+01  7.75777350e+01  6.02559586e+01  1.50571816e+02 
 6.16595002e+01  7.75285762e+01  6.16595002e+01  1.50001581e+02 
 6.30957344e+01  7.74776782e+01  6.30957344e+01  1.49424786e+02 
 6.45654229e+01  7.74250017e+01  6.45654229e+01  1.48841591e+02 
 6.60693448e+01  7.73705078e+01  6.60693448e+01  1.48252169e+02 
 6.76082975e+01  7.73141586e+01  6.76082975e+01  1.47656706e+02 
 6.91830971e+01  7.72559168e+01  6.91830971e+01  1.47055398e+02 
 7.07945784e+01  7.71957460e+01  7.07945784e+01  1.46448454e+02 
 7.24435960e+01  7.71336109e+01  7.24435960e+01  1.45836097e+02 
 7.41310241e+01  7.70694775e+01  7.41310241e+01  1.45218559e+02 
 7.58577575e+01  7.70033128e+01  7.58577575e+01  1.44596084e+02 
 7.76247117e+01  7.69350853e+01  7.76247117e+01  1.43968929e+02 
 7.94328235e+01  7.68647650e+01  7.94328235e+01  1.43337359e+02 
 8.12830516e+01  7.67923235e+01  8.12830516e+01  1.42701651e+02 
 8.31763771e+01  7.67177340e+01  8.31763771e+01  1.42062091e+02 
 8.51138038e+01  7.66409716e+01  8.51138038e+01  1.41418977e+02 
 8.70963590e+01  7.65620133e+01  8.70963590e+01  1.40772611e+02 
 8.91250938e+01  7.64808380e+01  8.91250938e+01  1.40123306e+02 
 9.12010839e+01  7.63974267e+01  9.12010839e+01  1.39471383e+02 
 9.33254301e+01  7.63117626e+01  9.33254301e+01  1.38817168e+02 
 9.54992586e+01  7.62238311e+01  9.54992586e+01  1.38160994e+02 
 9.77237221e+01  7.61336198e+01  9.77237221e+01  1.37503198e+02 
 1.00000000e+02  7.60411187e+01  1.00000000e+02  1.36844123e+02 
 1.02329299e+02  7.59463201e+01  1.02329299e+02  1.36184112e+02 
 1.04712855e+02  7.58492188e+01  1.04712855e+02  1.35523514e+02 
 1.07151931e+02  7.57498120e+01  1.07151931e+02  1.34862679e+02 
 1.09647820e+02  7.56480991e+01  1.09647820e+02  1.34201955e+02 
 1.12201845e+02  7.55440824e+01  1.12201845e+02  1.33541692e+02 
 1.14815362e+02  7.54377662e+01  1.14815362e+02  1.32882239e+02 
 1.17489755e+02  7.53291574e+01  1.17489755e+02  1.32223941e+02 
 1.20226443e+02  7.52182652e+01  1.20226443e+02  1.31567142e+02 
 1.23026877e+02  7.51051013e+01  1.23026877e+02  1.30912181e+02 
 1.25892541e+02  7.49896796e+01  1.25892541e+02  1.30259392e+02 
 1.28824955e+02  7.48720162e+01  1.28824955e+02  1.29609105e+02 
 1.31825674e+02  7.47521293e+01  1.31825674e+02  1.28961640e+02 
 1.34896288e+02  7.46300395e+01  1.34896288e+02  1.28317314e+02 
 1.38038426e+02  7.45057691e+01  1.38038426e+02  1.27676434e+02 
 1.41253754e+02  7.43793425e+01  1.41253754e+02  1.27039300e+02 
 1.44543977e+02  7.42507859e+01  1.44543977e+02  1.26406199e+02 
 1.47910839e+02  7.41201272e+01  1.47910839e+02  1.25777414e+02 
 1.51356125e+02  7.39873959e+01  1.51356125e+02  1.25153212e+02 
 1.54881662e+02  7.38526233e+01  1.54881662e+02  1.24533854e+02 
 1.58489319e+02  7.37158418e+01  1.58489319e+02  1.23919588e+02 
 1.62181010e+02  7.35770852e+01  1.62181010e+02  1.23310651e+02 
 1.65958691e+02  7.34363885e+01  1.65958691e+02  1.22707266e+02 
 1.69824365e+02  7.32937879e+01  1.69824365e+02  1.22109648e+02 
 1.73780083e+02  7.31493203e+01  1.73780083e+02  1.21517998e+02 
 1.77827941e+02  7.30030237e+01  1.77827941e+02  1.20932504e+02 
 1.81970086e+02  7.28549368e+01  1.81970086e+02  1.20353342e+02 
 1.86208714e+02  7.27050987e+01  1.86208714e+02  1.19780678e+02 
 1.90546072e+02  7.25535492e+01  1.90546072e+02  1.19214663e+02 
 1.94984460e+02  7.24003286e+01  1.94984460e+02  1.18655437e+02 
 1.99526231e+02  7.22454774e+01  1.99526231e+02  1.18103128e+02 
 2.04173794e+02  7.20890362e+01  2.04173794e+02  1.17557852e+02 
 2.08929613e+02  7.19310459e+01  2.08929613e+02  1.17019713e+02 
 2.13796209e+02  7.17715473e+01  2.13796209e+02  1.16488804e+02 
 2.18776162e+02  7.16105813e+01  2.18776162e+02  1.15965207e+02 
 2.23872114e+02  7.14481885e+01  2.23872114e+02  1.15448991e+02 
 2.29086765e+02  7.12844092e+01  2.29086765e+02  1.14940218e+02 
 2.34422882e+02  7.11192838e+01  2.34422882e+02  1.14438937e+02 
 2.39883292e+02  7.09528519e+01  2.39883292e+02  1.13945187e+02 
 2.45470892e+02  7.07851529e+01  2.45470892e+02  1.13459000e+02 
 2.51188643e+02  7.06162258e+01  2.51188643e+02  1.12980395e+02 
 2.57039578e+02  7.04461089e+01  2.57039578e+02  1.12509386e+02 
 2.63026799e+02  7.02748401e+01  2.63026799e+02  1.12045975e+02 
 2.69153480e+02  7.01024566e+01  2.69153480e+02  1.11590159e+02 
 2.75422870e+02  6.99289949e+01  2.75422870e+02  1.11141926e+02 
 2.81838293e+02  6.97544909e+01  2.81838293e+02  1.10701256e+02 
 2.88403150e+02  6.95789797e+01  2.88403150e+02  1.10268123e+02 
 2.95120923e+02  6.94024959e+01  2.95120923e+02  1.09842494e+02 
 3.01995172e+02  6.92250730e+01  3.01995172e+02  1.09424332e+02 
 3.09029543e+02  6.90467439e+01  3.09029543e+02  1.09013591e+02 
 3.16227766e+02  6.88675409e+01  3.16227766e+02  1.08610222e+02 
 3.23593657e+02  6.86874951e+01  3.23593657e+02  1.08214169e+02 
 3.31131121e+02  6.85066371e+01  3.31131121e+02  1.07825374e+02 
 3.38844156e+02  6.83249965e+01  3.38844156e+02  1.07443773e+02 
 3.46736850e+02  6.81426024e+01  3.46736850e+02  1.07069298e+02 
 3.54813389e+02  6.79594826e+01  3.54813389e+02  1.06701878e+02 
 3.63078055e+02  6.77756646e+01  3.63078055e+02  1.06341438e+02 
 3.71535229e+02  6.75911746e+01  3.71535229e+02  1.05987901e+02 
 3.80189396e+02  6.74060384e+01  3.80189396e+02  1.05641186e+02 
 3.89045145e+02  6.72202808e+01  3.89045145e+02  1.05301210e+02 
 3.98107171e+02  6.70339259e+01  3.98107171e+02  1.04967888e+02 
 4.07380278e+02  6.68469970e+01  4.07380278e+02  1.04641134e+02 
 4.16869383e+02  6.66595166e+01  4.16869383e+02  1.04320858e+02 
 4.26579519e+02  6.64715064e+01  4.26579519e+02  1.04006970e+02 
 4.36515832e+02  6.62829875e+01  4.36515832e+02  1.03699378e+02 
 4.46683592e+02  6.60939803e+01  4.46683592e+02  1.03397990e+02 
 4.57088190e+02  6.59045043e+01  4.57088190e+02  1.03102713e+02 
 4.67735141e+02  6.57145785e+01  4.67735141e+02  1.02813452e+02 
 4.78630092e+02  6.55242211e+01  4.78630092e+02  1.02530111e+02 
 4.89778819e+02  6.53334498e+01  4.89778819e+02  1.02252597e+02 
 5.01187234e+02  6.51422813e+01  5.01187234e+02  1.01980813e+02 
 5.12861384e+02  6.49507322e+01  5.12861384e+02  1.01714664e+02 
 5.24807460e+02  6.47588181e+01  5.24807460e+02  1.01454054e+02 
 5.37031796e+02  6.45665541e+01  5.37031796e+02  1.01198888e+02 
 5.49540874e+02  6.43739548e+01  5.49540874e+02  1.00949070e+02 
 5.62341325e+02  6.41810341e+01  5.62341325e+02  1.00704507e+02 
 5.75439937e+02  6.39878057e+01  5.75439937e+02  1.00465103e+02 
 5.88843655e+02  6.37942823e+01  5.88843655e+02  1.00230764e+02 
 6.02559586e+02  6.36004764e+01  6.02559586e+02  1.00001398e+02 
 6.16595002e+02  6.34063999e+01  6.16595002e+02  9.97769122e+01 
 6.30957344e+02  6.32120644e+01  6.30957344e+02  9.95572143e+01 
 6.45654229e+02  6.30174808e+01  6.45654229e+02  9.93422136e+01 
 6.60693448e+02  6.28226598e+01  6.60693448e+02  9.91318200e+01 
 6.76082975e+02  6.26276114e+01  6.76082975e+02  9.89259444e+01 
 6.91830971e+02  6.24323454e+01  6.91830971e+02  9.87244987e+01 
 7.07945784e+02  6.22368711e+01  7.07945784e+02  9.85273957e+01 
 7.24435960e+02  6.20411975e+01  7.24435960e+02  9.83345492e+01 
 7.41310241e+02  6.18453332e+01  7.41310241e+02  9.81458743e+01 
 7.58577575e+02  6.16492865e+01  7.58577575e+02  9.79612871e+01 
 7.76247117e+02  6.14530651e+01  7.76247117e+02  9.77807047e+01 
 7.94328235e+02  6.12566767e+01  7.94328235e+02  9.76040456e+01 
 8.12830516e+02  6.10601285e+01  8.12830516e+02  9.74312292e+01 
 8.31763771e+02  6.08634276e+01  8.31763771e+02  9.72621764e+01 
 8.51138038e+02  6.06665804e+01  8.51138038e+02  9.70968090e+01 
 8.70963590e+02  6.04695935e+01  8.70963590e+02  9.69350502e+01 
 8.91250938e+02  6.02724729e+01  8.91250938e+02  9.67768244e+01 
 9.12010839e+02  6.00752244e+01  9.12010839e+02  9.66220571e+01 
 9.33254301e+02  5.98778537e+01  9.33254301e+02  9.64706750e+01 
 9.54992586e+02  5.96803661e+01  9.54992586e+02  9.63226062e+01 
 9.77237221e+02  5.94827667e+01  9.77237221e+02  9.61777800e+01 
 1.00000000e+03  5.92850605e+01  1.00000000e+03  9.60361267e+01 
 1.02329299e+03  5.90872522e+01  1.02329299e+03  9.58975780e+01 
 1.04712855e+03  5.88893462e+01  1.04712855e+03  9.57620667e+01 
 1.07151931e+03  5.86913468e+01  1.07151931e+03  9.56295270e+01 
 1.09647820e+03  5.84932583e+01  1.09647820e+03  9.54998940e+01 
 1.12201845e+03  5.82950844e+01  1.12201845e+03  9.53731042e+01 
 1.14815362e+03  5.80968290e+01  1.14815362e+03  9.52490952e+01 
 1.17489755e+03  5.78984957e+01  1.17489755e+03  9.51278057e+01 
 1.20226443e+03  5.77000880e+01  1.20226443e+03  9.50091756e+01 
 1.23026877e+03  5.75016090e+01  1.23026877e+03  9.48931459e+01 
 1.25892541e+03  5.73030621e+01  1.25892541e+03  9.47796588e+01 
 1.28824955e+03  5.71044501e+01  1.28824955e+03  9.46686576e+01 
 1.31825674e+03  5.69057760e+01  1.31825674e+03  9.45600866e+01 
 1.34896288e+03  5.67070426e+01  1.34896288e+03  9.44538912e+01 
 1.38038426e+03  5.65082524e+01  1.38038426e+03  9.43500179e+01 
 1.41253754e+03  5.63094080e+01  1.41253754e+03  9.42484143e+01 
 1.44543977e+03  5.61105118e+01  1.44543977e+03  9.41490289e+01 
 1.47910839e+03  5.59115661e+01  1.47910839e+03  9.40518113e+01 
 1.51356125e+03  5.57125731e+01  1.51356125e+03  9.39567121e+01 
 1.54881662e+03  5.55135349e+01  1.54881662e+03  9.38636828e+01 
 1.58489319e+03  5.53144536e+01  1.58489319e+03  9.37726760e+01 
 1.62181010e+03  5.51153310e+01  1.62181010e+03  9.36836452e+01 
 1.65958691e+03  5.49161689e+01  1.65958691e+03  9.35965448e+01 
 1.69824365e+03  5.47169692e+01  1.69824365e+03  9.35113300e+01 
 1.73780083e+03  5.45177335e+01  1.73780083e+03  9.34279572e+01 
 1.77827941e+03  5.43184634e+01  1.77827941e+03  9.33463834e+01 
 1.81970086e+03  5.41191604e+01  1.81970086e+03  9.32665666e+01 
 1.86208714e+03  5.39198261e+01  1.86208714e+03  9.31884657e+01 
 1.90546072e+03  5.37204617e+01  1.90546072e+03  9.31120403e+01 
 1.94984460e+03  5.35210687e+01  1.94984460e+03  9.30372509e+01 
 1.99526231e+03  5.33216483e+01  1.99526231e+03  9.29640588e+01 
 2.04173794e+03  5.31222018e+01  2.04173794e+03  9.28924260e+01 
 2.08929613e+03  5.29227302e+01  2.08929613e+03  9.28223154e+01 
 2.13796209e+03  5.27232347e+01  2.13796209e+03  9.27536906e+01 
 2.18776162e+03  5.25237164e+01  2.18776162e+03  9.26865158e+01 
 2.23872114e+03  5.23241763e+01  2.23872114e+03  9.26207562e+01 
 2.29086765e+03  5.21246154e+01  2.29086765e+03  9.25563775e+01 
 2.34422882e+03  5.19250345e+01  2.34422882e+03  9.24933461e+01 
 2.39883292e+03  5.17254346e+01  2.39883292e+03  9.24316291e+01 
 2.45470892e+03  5.15258165e+01  2.45470892e+03  9.23711944e+01 
 2.51188643e+03  5.13261810e+01  2.51188643e+03  9.23120103e+01 
 2.57039578e+03  5.11265289e+01  2.57039578e+03  9.22540460e+01 
 2.63026799e+03  5.09268609e+01  2.63026799e+03  9.21972711e+01 
 2.69153480e+03  5.07271777e+01  2.69153480e+03  9.21416558e+01 
 2.75422870e+03  5.05274800e+01  2.75422870e+03  9.20871711e+01 
 2.81838293e+03  5.03277685e+01  2.81838293e+03  9.20337884e+01 
 2.88403150e+03  5.01280436e+01  2.88403150e+03  9.19814797e+01 
 2.95120923e+03  4.99283061e+01  2.95120923e+03  9.19302175e+01 
 3.01995172e+03  4.97285564e+01  3.01995172e+03  9.18799750e+01 
 3.09029543e+03  4.95287951e+01  3.09029543e+03  9.18307258e+01 
 3.16227766e+03  4.93290228e+01  3.16227766e+03  9.17824439e+01 
 3.23593657e+03  4.91292398e+01  3.23593657e+03  9.17351041e+01 
 3.31131121e+03  4.89294466e+01  3.31131121e+03  9.16886814e+01 
 3.38844156e+03  4.87296437e+01  3.38844156e+03  9.16431514e+01 
 3.46736850e+03  4.85298315e+01  3.46736850e+03  9.15984901e+01 
 3.54813389e+03  4.83300105e+01  3.54813389e+03  9.15546741e+01 
 3.63078055e+03  4.81301808e+01  3.63078055e+03  9.15116802e+01 
 3.71535229e+03  4.79303430e+01  3.71535229e+03  9.14694859e+01 
 3.80189396e+03  4.77304974e+01  3.80189396e+03  9.14280688e+01 
 3.89045145e+03  4.75306443e+01  3.89045145e+03  9.13874072e+01 
 3.98107171e+03  4.73307840e+01  3.98107171e+03  9.13474796e+01 
 4.07380278e+03  4.71309168e+01  4.07380278e+03  9.13082649e+01 
 4.16869383e+03  4.69310430e+01  4.16869383e+03  9.12697425e+01 
 4.26579519e+03  4.67311628e+01  4.26579519e+03  9.12318920e+01 
 4.36515832e+03  4.65312766e+01  4.36515832e+03  9.11946935e+01 
 4.46683592e+03  4.63313845e+01  4.46683592e+03  9.11581274e+01 
 4.57088190e+03  4.61314867e+01  4.57088190e+03  9.11221743e+01 
 4.67735141e+03  4.59315836e+01  4.67735141e+03  9.10868152e+01 
 4.78630092e+03  4.57316753e+01  4.78630092e+03  9.10520315e+01 
 4.89778819e+03  4.55317619e+01  4.89778819e+03  9.10178048e+01 
 5.01187234e+03  4.53318438e+01  5.01187234e+03  9.09841170e+01 
 5.12861384e+03  4.51319210e+01  5.12861384e+03  9.09509503e+01 
 5.24807460e+03  4.49319937e+01  5.24807460e+03  9.09182873e+01 
 5.37031796e+03  4.47320620e+01  5.37031796e+03  9.08861105e+01 
 5.49540874e+03  4.45321262e+01  5.49540874e+03  9.08544031e+01 
 5.62341325e+03  4.43321863e+01  5.62341325e+03  9.08231482e+01 
 5.75439937e+03  4.41322425e+01  5.75439937e+03  9.07923294e+01 
 5.88843655e+03  4.39322949e+01  5.88843655e+03  9.07619303e+01 
 6.02559586e+03  4.37323437e+01  6.02559586e+03  9.07319349e+01 
 6.16595002e+03  4.35323888e+01  6.16595002e+03  9.07023273e+01 
 6.30957344e+03  4.33324304e+01  6.30957344e+03  9.06730918e+01 
 6.45654229e+03  4.31324686e+01  6.45654229e+03  9.06442131e+01 
 6.60693448e+03  4.29325035e+01  6.60693448e+03  9.06156758e+01 
 6.76082975e+03  4.27325351e+01  6.76082975e+03  9.05874648e+01 
 6.91830971e+03  4.25325636e+01  6.91830971e+03  9.05595652e+01 
 7.07945784e+03  4.23325889e+01  7.07945784e+03  9.05319623e+01 
 7.24435960e+03  4.21326112e+01  7.24435960e+03  9.05046414e+01 
 7.41310241e+03  4.19326304e+01  7.41310241e+03  9.04775882e+01 
 7.58577575e+03  4.17326467e+01  7.58577575e+03  9.04507882e+01 
 7.76247117e+03  4.15326600e+01  7.76247117e+03  9.04242274e+01 
 7.94328235e+03  4.13326703e+01  7.94328235e+03  9.03978918e+01 
 8.12830516e+03  4.11326778e+01  8.12830516e+03  9.03717672e+01 
 8.31763771e+03  4.09326824e+01  8.31763771e+03  9.03458401e+01 
 8.51138038e+03  4.07326842e+01  8.51138038e+03  9.03200966e+01 
 8.70963590e+03  4.05326830e+01  8.70963590e+03  9.02945232e+01 
 8.91250938e+03  4.03326790e+01  8.91250938e+03  9.02691063e+01 
 9.12010839e+03  4.01326722e+01  9.12010839e+03  9.02438325e+01 
 9.33254301e+03  3.99326624e+01  9.33254301e+03  9.02186885e+01 
 9.54992586e+03  3.97326497e+01  9.54992586e+03  9.01936610e+01 
 9.77237221e+03  3.95326341e+01  9.77237221e+03  9.01687368e+01 
 1.00000000e+04  3.93326155e+01  1.00000000e+04  9.01439027e+01 
 1.02329299e+04  3.91325939e+01  1.02329299e+04  9.01191455e+01 
 1.04712855e+04  3.89325693e+01  1.04712855e+04  9.00944523e+01 
 1.07151931e+04  3.87325415e+01  1.07151931e+04  9.00698101e+01 
 1.09647820e+04  3.85325106e+01  1.09647820e+04  9.00452057e+01 
 1.12201845e+04  3.83324764e+01  1.12201845e+04  9.00206263e+01 
 1.14815362e+04  3.81324390e+01  1.14815362e+04  8.99960590e+01 
 1.17489755e+04  3.79323981e+01  1.17489755e+04  8.99714906e+01 
 1.20226443e+04  3.77323538e+01  1.20226443e+04  8.99469084e+01 
 1.23026877e+04  3.75323059e+01  1.23026877e+04  8.99222994e+01 
 1.25892541e+04  3.73322544e+01  1.25892541e+04  8.98976507e+01 
 1.28824955e+04  3.71321991e+01  1.28824955e+04  8.98729492e+01 
 1.31825674e+04  3.69321400e+01  1.31825674e+04  8.98481820e+01 
 1.34896288e+04  3.67320768e+01  1.34896288e+04  8.98233362e+01 
 1.38038426e+04  3.65320095e+01  1.38038426e+04  8.97983986e+01 
 1.41253754e+04  3.63319379e+01  1.41253754e+04  8.97733562e+01 
 1.44543977e+04  3.61318618e+01  1.44543977e+04  8.97481958e+01 
 1.47910839e+04  3.59317812e+01  1.47910839e+04  8.97229043e+01 
 1.51356125e+04  3.57316958e+01  1.51356125e+04  8.96974685e+01 
 1.54881662e+04  3.55316055e+01  1.54881662e+04  8.96718750e+01 
 1.58489319e+04  3.53315101e+01  1.58489319e+04  8.96461104e+01 
 1.62181010e+04  3.51314093e+01  1.62181010e+04  8.96201614e+01 
 1.65958691e+04  3.49313030e+01  1.65958691e+04  8.95940144e+01 
 1.69824365e+04  3.47311910e+01  1.69824365e+04  8.95676558e+01 
 1.73780083e+04  3.45310729e+01  1.73780083e+04  8.95410718e+01 
 1.77827941e+04  3.43309487e+01  1.77827941e+04  8.95142487e+01 
 1.81970086e+04  3.41308179e+01  1.81970086e+04  8.94871725e+01 
 1.86208714e+04  3.39306803e+01  1.86208714e+04  8.94598292e+01 
 1.90546072e+04  3.37305358e+01  1.90546072e+04  8.94322046e+01 
 1.94984460e+04  3.35303838e+01  1.94984460e+04  8.94042845e+01 
 1.99526231e+04  3.33302242e+01  1.99526231e+04  8.93760544e+01 
 2.04173794e+04  3.31300566e+01  2.04173794e+04  8.93474999e+01 
 2.08929613e+04  3.29298807e+01  2.08929613e+04  8.93186061e+01 
 2.13796209e+04  3.27296961e+01  2.13796209e+04  8.92893583e+01 
 2.18776162e+04  3.25295023e+01  2.18776162e+04  8.92597414e+01 
 2.23872114e+04  3.23292991e+01  2.23872114e+04  8.92297404e+01 
 2.29086765e+04  3.21290860e+01  2.29086765e+04  8.91993399e+01 
 2.34422882e+04  3.19288625e+01  2.34422882e+04  8.91685244e+01 
 2.39883292e+04  3.17286283e+01  2.39883292e+04  8.91372783e+01 
 2.45470892e+04  3.15283827e+01  2.45470892e+04  8.91055857e+01 
 2.51188643e+04  3.13281254e+01  2.51188643e+04  8.90734305e+01 
 2.57039578e+04  3.11278558e+01  2.57039578e+04  8.90407966e+01 
 2.63026799e+04  3.09275733e+01  2.63026799e+04  8.90076675e+01 
 2.69153480e+04  3.07272773e+01  2.69153480e+04  8.89740267e+01 
 2.75422870e+04  3.05269674e+01  2.75422870e+04  8.89398572e+01 
 2.81838293e+04  3.03266427e+01  2.81838293e+04  8.89051421e+01 
 2.88403150e+04  3.01263028e+01  2.88403150e+04  8.88698642e+01 
 2.95120923e+04  2.99259468e+01  2.95120923e+04  8.88340058e+01 
 3.01995172e+04  2.97255742e+01  3.01995172e+04  8.87975495e+01 
 3.09029543e+04  2.95251840e+01  3.09029543e+04  8.87604771e+01 
 3.16227766e+04  2.93247756e+01  3.16227766e+04  8.87227707e+01 
 3.23593657e+04  2.91243481e+01  3.23593657e+04  8.86844118e+01 
 3.31131121e+04  2.89239007e+01  3.31131121e+04  8.86453818e+01 
 3.38844156e+04  2.87234325e+01  3.38844156e+04  8.86056619e+01 
 3.46736850e+04  2.85229426e+01  3.46736850e+04  8.85652330e+01 
 3.54813389e+04  2.83224299e+01  3.54813389e+04  8.85240758e+01 
 3.63078055e+04  2.81218935e+01  3.63078055e+04  8.84821707e+01 
 3.71535229e+04  2.79213324e+01  3.71535229e+04  8.84394978e+01 
 3.80189396e+04  2.77207454e+01  3.80189396e+04  8.83960372e+01 
 3.89045145e+04  2.75201314e+01  3.89045145e+04  8.83517686e+01 
 3.98107171e+04  2.73194891e+01  3.98107171e+04  8.83066714e+01 
 4.07380278e+04  2.71188175e+01  4.07380278e+04  8.82607248e+01 
 4.16869383e+04  2.69181151e+01  4.16869383e+04  8.82139078e+01 
 4.26579519e+04  2.67173806e+01  4.26579519e+04  8.81661993e+01 
 4.36515832e+04  2.65166127e+01  4.36515832e+04  8.81175776e+01 
 4.46683592e+04  2.63158098e+01  4.46683592e+04  8.80680211e+01 
 4.57088190e+04  2.61149706e+01  4.57088190e+04  8.80175078e+01 
 4.67735141e+04  2.59140933e+01  4.67735141e+04  8.79660156e+01 
 4.78630092e+04  2.57131763e+01  4.78630092e+04  8.79135222e+01 
 4.89778819e+04  2.55122180e+01  4.89778819e+04  8.78600049e+01 
 5.01187234e+04  2.53112166e+01  5.01187234e+04  8.78054409e+01 
 5.12861384e+04  2.51101703e+01  5.12861384e+04  8.77498073e+01 
 5.24807460e+04  2.49090772e+01  5.24807460e+04  8.76930810e+01 
 5.37031796e+04  2.47079352e+01  5.37031796e+04  8.76352387e+01 
 5.49540874e+04  2.45067425e+01  5.49540874e+04  8.75762569e+01 
 5.62341325e+04  2.43054968e+01  5.62341325e+04  8.75161119e+01 
 5.75439937e+04  2.41041960e+01  5.75439937e+04  8.74547802e+01 
 5.88843655e+04  2.39028377e+01  5.88843655e+04  8.73922377e+01 
 6.02559586e+04  2.37014198e+01  6.02559586e+04  8.73284607e+01 
 6.16595002e+04  2.34999397e+01  6.16595002e+04  8.72634250e+01 
 6.30957344e+04  2.32983950e+01  6.30957344e+04  8.71971067e+01 
 6.45654229e+04  2.30967831e+01  6.45654229e+04  8.71294816e+01 
 6.60693448e+04  2.28951013e+01  6.60693448e+04  8.70605256e+01 
 6.76082975e+04  2.26933469e+01  6.76082975e+04  8.69902146e+01 
 6.91830971e+04  2.24915171e+01  6.91830971e+04  8.69185246e+01 
 7.07945784e+04  2.22896089e+01  7.07945784e+04  8.68454316e+01 
 7.24435960e+04  2.20876195e+01  7.24435960e+04  8.67709116e+01 
 7.41310241e+04  2.18855456e+01  7.41310241e+04  8.66949408e+01 
 7.58577575e+04  2.16833843e+01  7.58577575e+04  8.66174958e+01 
 7.76247117e+04  2.14811323e+01  7.76247117e+04  8.65385529e+01 
 7.94328235e+04  2.12787862e+01  7.94328235e+04  8.64580889e+01 
 8.12830516e+04  2.10763427e+01  8.12830516e+04  8.63760809e+01 
 8.31763771e+04  2.08737984e+01  8.31763771e+04  8.62925062e+01 
 8.51138038e+04  2.06711498e+01  8.51138038e+04  8.62073424e+01 
 8.70963590e+04  2.04683932e+01  8.70963590e+04  8.61205674e+01 
 8.91250938e+04  2.02655251e+01  8.91250938e+04  8.60321596e+01 
 9.12010839e+04  2.00625417e+01  9.12010839e+04  8.59420978e+01 
 9.33254301e+04  1.98594394e+01  9.33254301e+04  8.58503612e+01 
 9.54992586e+04  1.96562142e+01  9.54992586e+04  8.57569296e+01 
 9.77237221e+04  1.94528625e+01  9.77237221e+04  8.56617833e+01 
 1.00000000e+05  1.92493802e+01  1.00000000e+05  8.55649030e+01 
 1.02329299e+05  1.90457637e+01  1.02329299e+05  8.54662704e+01 
 1.04712855e+05  1.88420088e+01  1.04712855e+05  8.53658674e+01 
 1.07151931e+05  1.86381119e+01  1.07151931e+05  8.52636768e+01 
 1.09647820e+05  1.84340688e+01  1.09647820e+05  8.51596820e+01 
 1.12201845e+05  1.82298759e+01  1.12201845e+05  8.50538672e+01 
 1.14815362e+05  1.80255292e+01  1.14815362e+05  8.49462172e+01 
 1.17489755e+05  1.78210249e+01  1.17489755e+05  8.48367177e+01 
 1.20226443e+05  1.76163593e+01  1.20226443e+05  8.47253550e+01 
 1.23026877e+05  1.74115287e+01  1.23026877e+05  8.46121163e+01 
 1.25892541e+05  1.72065295e+01  1.25892541e+05  8.44969894e+01 
 1.28824955e+05  1.70013581e+01  1.28824955e+05  8.43799630e+01 
 1.31825674e+05  1.67960113e+01  1.31825674e+05  8.42610264e+01 
 1.34896288e+05  1.65904858e+01  1.34896288e+05  8.41401696e+01 
 1.38038426e+05  1.63847785e+01  1.38038426e+05  8.40173836e+01 
 1.41253754e+05  1.61788865e+01  1.41253754e+05  8.38926596e+01 
 1.44543977e+05  1.59728070e+01  1.44543977e+05  8.37659895e+01 
 1.47910839e+05  1.57665376e+01  1.47910839e+05  8.36373659e+01 
 1.51356125e+05  1.55600759e+01  1.51356125e+05  8.35067817e+01 
 1.54881662e+05  1.53534198e+01  1.54881662e+05  8.33742300e+01 
 1.58489319e+05  1.51465677e+01  1.58489319e+05  8.32397045e+01 
 1.62181010e+05  1.49395179e+01  1.62181010e+05  8.31031989e+01 
 1.65958691e+05  1.47322693e+01  1.65958691e+05  8.29647067e+01 
 1.69824365e+05  1.45248209e+01  1.69824365e+05  8.28242216e+01 
 1.73780083e+05  1.43171723e+01  1.73780083e+05  8.26817369e+01 
 1.77827941e+05  1.41093232e+01  1.77827941e+05  8.25372455e+01 
 1.81970086e+05  1.39012737e+01  1.81970086e+05  8.23907398e+01 
 1.86208714e+05  1.36930243e+01  1.86208714e+05  8.22422111e+01 
 1.90546072e+05  1.34845759e+01  1.90546072e+05  8.20916501e+01 
 1.94984460e+05  1.32759299e+01  1.94984460e+05  8.19390461e+01 
 1.99526231e+05  1.30670879e+01  1.99526231e+05  8.17843872e+01 
 2.04173794e+05  1.28580519e+01  2.04173794e+05  8.16276596e+01 
 2.08929613e+05  1.26488244e+01  2.08929613e+05  8.14688480e+01 
 2.13796209e+05  1.24394083e+01  2.13796209e+05  8.13079348e+01 
 2.18776162e+05  1.22298069e+01  2.18776162e+05  8.11449000e+01 
 2.23872114e+05  1.20200237e+01  2.23872114e+05  8.09797214e+01 
 2.29086765e+05  1.18100629e+01  2.29086765e+05  8.08123736e+01 
 2.34422882e+05  1.15999287e+01  2.34422882e+05  8.06428286e+01 
 2.39883292e+05  1.13896260e+01  2.39883292e+05  8.04710547e+01 
 2.45470892e+05  1.11791597e+01  2.45470892e+05  8.02970171e+01 
 2.51188643e+05  1.09685352e+01  2.51188643e+05  8.01206771e+01 
 2.57039578e+05  1.07577582e+01  2.57039578e+05  7.99419922e+01 
 2.63026799e+05  1.05468345e+01  2.63026799e+05  7.97609157e+01 
 2.69153480e+05  1.03357702e+01  2.69153480e+05  7.95773969e+01 
 2.75422870e+05  1.01245717e+01  2.75422870e+05  7.93913803e+01 
 2.81838293e+05  9.91324531e+00  2.81838293e+05  7.92028061e+01 
 2.88403150e+05  9.70179764e+00  2.88403150e+05  7.90116098e+01 
 2.95120923e+05  9.49023533e+00  2.95120923e+05  7.88177220e+01 
 3.01995172e+05  9.27856506e+00  3.01995172e+05  7.86210686e+01 
 3.09029543e+05  9.06679352e+00  3.09029543e+05  7.84215706e+01 
 3.16227766e+05  8.85492736e+00  3.16227766e+05  7.82191439e+01 
 3.23593657e+05  8.64297314e+00  3.23593657e+05  7.80136996e+01 
 3.31131121e+05  8.43093734e+00  3.31131121e+05  7.78051438e+01 
 3.38844156e+05  8.21882626e+00  3.38844156e+05  7.75933779e+01 
 3.46736850e+05  8.00664602e+00  3.46736850e+05  7.73782982e+01 
 3.54813389e+05  7.79440253e+00  3.54813389e+05  7.71597967e+01 
 3.63078055e+05  7.58210143e+00  3.63078055e+05  7.69377604e+01 
 3.71535229e+05  7.36974811e+00  3.71535229e+05  7.67120720e+01 
 3.80189396e+05  7.15734761e+00  3.80189396e+05  7.64826099e+01 
 3.89045145e+05  6.94490467e+00  3.89045145e+05  7.62492483e+01 
 3.98107171e+05  6.73242367e+00  3.98107171e+05  7.60118573e+01 
 4.07380278e+05  6.51990862e+00  4.07380278e+05  7.57703034e+01 
 4.16869383e+05  6.30736314e+00  4.16869383e+05  7.55244493e+01 
 4.26579519e+05  6.09479048e+00  4.26579519e+05  7.52741543e+01 
 4.36515832e+05  5.88219348e+00  4.36515832e+05  7.50192745e+01 
 4.46683592e+05  5.66957460e+00  4.46683592e+05  7.47596629e+01 
 4.57088190e+05  5.45693588e+00  4.57088190e+05  7.44951697e+01 
 4.67735141e+05  5.24427900e+00  4.67735141e+05  7.42256426e+01 
 4.78630092e+05  5.03160526e+00  4.78630092e+05  7.39509265e+01 
 4.89778819e+05  4.81891558e+00  4.89778819e+05  7.36708642e+01 
 5.01187234e+05  4.60621056e+00  5.01187234e+05  7.33852963e+01 
 5.12861384e+05  4.39349046e+00  5.12861384e+05  7.30940614e+01 
 5.24807460e+05  4.18075525e+00  5.24807460e+05  7.27969960e+01 
 5.37031796e+05  3.96800461e+00  5.37031796e+05  7.24939352e+01 
 5.49540874e+05  3.75523798e+00  5.49540874e+05  7.21847118e+01 
 5.62341325e+05  3.54245459e+00  5.62341325e+05  7.18691575e+01 
 5.75439937e+05  3.32965349e+00  5.75439937e+05  7.15471018e+01 
 5.88843655e+05  3.11683356e+00  5.88843655e+05  7.12183729e+01 
 6.02559586e+05  2.90399358e+00  6.02559586e+05  7.08827971e+01 
 6.16595002e+05  2.69113222e+00  6.16595002e+05  7.05401990e+01 
 6.30957344e+05  2.47824813e+00  6.30957344e+05  7.01904015e+01 
 6.45654229e+05  2.26533993e+00  6.45654229e+05  6.98332252e+01 
 6.60693448e+05  2.05240625e+00  6.60693448e+05  6.94684889e+01 
 6.76082975e+05  1.83944577e+00  6.76082975e+05  6.90960090e+01 
 6.91830971e+05  1.62645723e+00  6.91830971e+05  6.87155995e+01 
 7.07945784e+05  1.41343950e+00  7.07945784e+05  6.83270715e+01 
 7.24435960e+05  1.20039155e+00  7.24435960e+05  6.79302332e+01 
 7.41310241e+05  9.87312496e-01  7.41310241e+05  6.75248896e+01 
 7.58577575e+05  7.74201614e-01  7.58577575e+05  6.71108422e+01 
 7.76247117e+05  5.61058351e-01  7.76247117e+05  6.66878885e+01 
 7.94328235e+05  3.47882333e-01  7.94328235e+05  6.62558217e+01 
 8.12830516e+05  1.34673364e-01  8.12830516e+05  6.58144306e+01 
 8.31763771e+05 -7.85685776e-02  8.31763771e+05  6.53634989e+01 
 8.51138038e+05 -2.91843347e-01  8.51138038e+05  6.49028049e+01 
 8.70963590e+05 -5.05150652e-01  8.70963590e+05  6.44321211e+01 
 8.91250938e+05 -7.18490071e-01  8.91250938e+05  6.39512139e+01 
 9.12010839e+05 -9.31861090e-01  9.12010839e+05  6.34598431e+01 
 9.33254301e+05 -1.14526313e+00  9.33254301e+05  6.29577614e+01 
 9.54992586e+05 -1.35869561e+00  9.54992586e+05  6.24447140e+01 
 9.77237221e+05 -1.57215798e+00  9.77237221e+05  6.19204386e+01 
 1.00000000e+06 -1.78564980e+00  1.00000000e+06  6.13846642e+01 
 1.02329299e+06 -1.99917078e+00  1.02329299e+06  6.08371115e+01 
 1.04712855e+06 -2.21272092e+00  1.04712855e+06  6.02774921e+01 
 1.07151931e+06 -2.42630054e+00  1.07151931e+06  5.97055084e+01 
 1.09647820e+06 -2.63991039e+00  1.09647820e+06  5.91208529e+01 
 1.12201845e+06 -2.85355179e+00  1.12201845e+06  5.85232085e+01 
 1.14815362e+06 -3.06722672e+00  1.14815362e+06  5.79122478e+01 
 1.17489755e+06 -3.28093797e+00  1.17489755e+06  5.72876328e+01 
 1.20226443e+06 -3.49468927e+00  1.20226443e+06  5.66490154e+01 
 1.23026877e+06 -3.70848543e+00  1.23026877e+06  5.59960364e+01 
 1.25892541e+06 -3.92233255e+00  1.25892541e+06  5.53283263e+01 
 1.28824955e+06 -4.13623818e+00  1.28824955e+06  5.46455045e+01 
 1.31825674e+06 -4.35021149e+00  1.31825674e+06  5.39471802e+01 
 1.34896288e+06 -4.56426352e+00  1.34896288e+06  5.32329518e+01 
 1.38038426e+06 -4.77840739e+00  1.38038426e+06  5.25024078e+01 
 1.41253754e+06 -4.99265856e+00  1.41253754e+06  5.17551269e+01 
 1.44543977e+06 -5.20703508e+00  1.44543977e+06  5.09906784e+01 
 1.47910839e+06 -5.42155786e+00  1.47910839e+06  5.02086231e+01 
 1.51356125e+06 -5.63625102e+00  1.51356125e+06  4.94085141e+01 
 1.54881662e+06 -5.85114218e+00  1.54881662e+06  4.85898974e+01 
 1.58489319e+06 -6.06626284e+00  1.58489319e+06  4.77523138e+01 
 1.62181010e+06 -6.28164872e+00  1.62181010e+06  4.68953000e+01 
 1.65958691e+06 -6.49734018e+00  1.65958691e+06  4.60183903e+01 
 1.69824365e+06 -6.71338267e+00  1.69824365e+06  4.51211193e+01 
 1.73780083e+06 -6.92982712e+00  1.73780083e+06  4.42030238e+01 
 1.77827941e+06 -7.14673044e+00  1.77827941e+06  4.32636463e+01 
 1.81970086e+06 -7.36415600e+00  1.81970086e+06  4.23025383e+01 
 1.86208714e+06 -7.58217413e+00  1.86208714e+06  4.13192648e+01 
 1.90546072e+06 -7.80086258e+00  1.90546072e+06  4.03134088e+01 
 1.94984460e+06 -8.02030707e+00  1.94984460e+06  3.92845774e+01 
 1.99526231e+06 -8.24060171e+00  1.99526231e+06  3.82324080e+01 
 2.04173794e+06 -8.46184942e+00  2.04173794e+06  3.71565760e+01 
 2.08929613e+06 -8.68416236e+00  2.08929613e+06  3.60568034e+01 
 2.13796209e+06 -8.90766214e+00  2.13796209e+06  3.49328686e+01 
 2.18776162e+06 -9.13248000e+00  2.18776162e+06  3.37846173e+01 
 2.23872114e+06 -9.35875678e+00  2.23872114e+06  3.26119748e+01 
 2.29086765e+06 -9.58664272e+00  2.29086765e+06  3.14149594e+01 
 2.34422882e+06 -9.81629693e+00  2.34422882e+06  3.01936968e+01 
 2.39883292e+06 -1.00478866e+01  2.39883292e+06  2.89484365e+01 
 2.45470892e+06 -1.02815856e+01  2.45470892e+06  2.76795676e+01 
 2.51188643e+06 -1.05175732e+01  2.51188643e+06  2.63876361e+01 
 2.57039578e+06 -1.07560315e+01  2.57039578e+06  2.50733620e+01 
 2.63026799e+06 -1.09971428e+01  2.63026799e+06  2.37376556e+01 
 2.69153480e+06 -1.12410858e+01  2.69153480e+06  2.23816324e+01 
 2.75422870e+06 -1.14880324e+01  2.75422870e+06  2.10066261e+01 
 2.81838293e+06 -1.17381419e+01  2.81838293e+06  1.96141975e+01 
 2.88403150e+06 -1.19915562e+01  2.88403150e+06  1.82061393e+01 
 2.95120923e+06 -1.22483941e+01  2.95120923e+06  1.67844746e+01 
 3.01995172e+06 -1.25087443e+01  3.01995172e+06  1.53514484e+01 
 3.09029543e+06 -1.27726597e+01  3.09029543e+06  1.39095108e+01 
 3.16227766e+06 -1.30401507e+01  3.16227766e+06  1.24612909e+01 
 3.23593657e+06 -1.33111788e+01  3.23593657e+06  1.10095610e+01 
 3.31131121e+06 -1.35856524e+01  3.31131121e+06  9.55719091e+00 
 3.38844156e+06 -1.38634218e+01  3.38844156e+06  8.10709383e+00 
 3.46736850e+06 -1.41442770e+01  3.46736850e+06  6.66216392e+00 
 3.54813389e+06 -1.44279475e+01  3.54813389e+06  5.22520876e+00 
 3.63078055e+06 -1.47141030e+01  3.63078055e+06  3.79887900e+00 
 3.71535229e+06 -1.50023575e+01  3.71535229e+06  2.38559867e+00 
 3.80189396e+06 -1.52922755e+01  3.80189396e+06  9.87499803e-01 
 3.89045145e+06 -1.55833795e+01  3.89045145e+06 -3.93635018e-01 
 3.98107171e+06 -1.58751605e+01  3.98107171e+06 -1.75641872e+00 
 4.07380278e+06 -1.61670888e+01  4.07380278e+06 -3.09989178e+00 
 4.16869383e+06 -1.64586262e+01  4.16869383e+06 -4.42353830e+00 
 4.26579519e+06 -1.67492381e+01  4.26579519e+06 -5.72728538e+00 
 4.36515832e+06 -1.70384053e+01  4.36515832e+06 -7.01148611e+00 
 4.46683592e+06 -1.73256352e+01  4.46683592e+06 -8.27688757e+00 
 4.57088190e+06 -1.76104701e+01  4.57088190e+06 -9.52458625e+00 
 4.67735141e+06 -1.78924959e+01  4.67735141e+06 -1.07559739e+01 
 4.78630092e+06 -1.81713463e+01  4.78630092e+06 -1.19726770e+01 
 4.89778819e+06 -1.84467069e+01  4.89778819e+06 -1.31764940e+01 
 5.01187234e+06 -1.87183163e+01  5.01187234e+06 -1.43693324e+01 
 5.12861384e+06 -1.89859651e+01  5.12861384e+06 -1.55531498e+01 
 5.24807460e+06 -1.92494940e+01  5.24807460e+06 -1.67299001e+01 
 5.37031796e+06 -1.95087906e+01  5.37031796e+06 -1.79014875e+01 
 5.49540874e+06 -1.97637844e+01  5.49540874e+06 -1.90697278e+01 
 5.62341325e+06 -2.00144423e+01  5.62341325e+06 -2.02363191e+01 
 5.75439937e+06 -2.02607633e+01  5.75439937e+06 -2.14028199e+01 
 5.88843655e+06 -2.05027731e+01  5.88843655e+06 -2.25706360e+01 
 6.02559586e+06 -2.07405191e+01  6.02559586e+06 -2.37410132e+01 
 6.16595002e+06 -2.09740653e+01  6.16595002e+06 -2.49150365e+01 
 6.30957344e+06 -2.12034886e+01  6.30957344e+06 -2.60936342e+01 
 6.45654229e+06 -2.14288745e+01  6.45654229e+06 -2.72775851e+01 
 6.60693448e+06 -2.16503141e+01  6.60693448e+06 -2.84675294e+01 
 6.76082975e+06 -2.18679013e+01  6.76082975e+06 -2.96639804e+01 
 6.91830971e+06 -2.20817305e+01  6.91830971e+06 -3.08673384e+01 
 7.07945784e+06 -2.22918951e+01  7.07945784e+06 -3.20779039e+01 
 7.24435960e+06 -2.24984860e+01  7.24435960e+06 -3.32958917e+01 
 7.41310241e+06 -2.27015908e+01  7.41310241e+06 -3.45214441e+01 
 7.58577575e+06 -2.29012932e+01  7.58577575e+06 -3.57546434e+01 
 7.76247117e+06 -2.30976725e+01  7.76247117e+06 -3.69955234e+01 
 7.94328235e+06 -2.32908036e+01  7.94328235e+06 -3.82440801e+01 
 8.12830516e+06 -2.34807573e+01  8.12830516e+06 -3.95002813e+01 
 8.31763771e+06 -2.36676001e+01  8.31763771e+06 -4.07640745e+01 
 8.51138038e+06 -2.38513947e+01  8.51138038e+06 -4.20353942e+01 
 8.70963590e+06 -2.40322005e+01  8.70963590e+06 -4.33141681e+01 
 8.91250938e+06 -2.42100739e+01  8.91250938e+06 -4.46003220e+01 
 9.12010839e+06 -2.43850686e+01  9.12010839e+06 -4.58937841e+01 
 9.33254301e+06 -2.45572367e+01  9.33254301e+06 -4.71944875e+01 
 9.54992586e+06 -2.47266284e+01  9.54992586e+06 -4.85023735e+01 
 9.77237221e+06 -2.48932930e+01  9.77237221e+06 -4.98173923e+01 
 1.00000000e+07 -2.50572792e+01  1.00000000e+07 -5.11395044e+01 
 1.02329299e+07 -2.52186357e+01  1.02329299e+07 -5.24686808e+01 
 1.04712855e+07 -2.53774113e+01  1.04712855e+07 -5.38049028e+01 
 1.07151931e+07 -2.55336555e+01  1.07151931e+07 -5.51481608e+01 
 1.09647820e+07 -2.56874191e+01  1.09647820e+07 -5.64984539e+01 
 1.12201845e+07 -2.58387539e+01  1.12201845e+07 -5.78557878e+01 
 1.14815362e+07 -2.59877136e+01  1.14815362e+07 -5.92201728e+01 
 1.17489755e+07 -2.61343538e+01  1.17489755e+07 -6.05916222e+01 
 1.20226443e+07 -2.62787323e+01  1.20226443e+07 -6.19701496e+01 
 1.23026877e+07 -2.64209090e+01  1.23026877e+07 -6.33557659e+01 
 1.25892541e+07 -2.65609465e+01  1.25892541e+07 -6.47484774e+01 
 1.28824955e+07 -2.66989102e+01  1.28824955e+07 -6.61482819e+01 
 1.31825674e+07 -2.68348681e+01  1.31825674e+07 -6.75551664e+01 
 1.34896288e+07 -2.69688908e+01  1.34896288e+07 -6.89691039e+01 
 1.38038426e+07 -2.71010521e+01  1.38038426e+07 -7.03900498e+01 
 1.41253754e+07 -2.72314286e+01  1.41253754e+07 -7.18179393e+01 
 1.44543977e+07 -2.73600996e+01  1.44543977e+07 -7.32526841e+01 
 1.47910839e+07 -2.74871473e+01  1.47910839e+07 -7.46941689e+01 
 1.51356125e+07 -2.76126567e+01  1.51356125e+07 -7.61422489e+01 
 1.54881662e+07 -2.77367154e+01  1.54881662e+07 -7.75967465e+01 
 1.58489319e+07 -2.78594135e+01  1.58489319e+07 -7.90574484e+01 
 1.62181010e+07 -2.79808434e+01  1.62181010e+07 -8.05241029e+01 
 1.65958691e+07 -2.81010998e+01  1.65958691e+07 -8.19964174e+01 
 1.69824365e+07 -2.82202795e+01  1.69824365e+07 -8.34740553e+01 
 1.73780083e+07 -2.83384807e+01  1.73780083e+07 -8.49566347e+01 
 1.77827941e+07 -2.84558035e+01  1.77827941e+07 -8.64437251e+01 
 1.81970086e+07 -2.85723490e+01  1.81970086e+07 -8.79348464e+01 
 1.86208714e+07 -2.86882194e+01  1.86208714e+07 -8.94294668e+01 
 1.90546072e+07 -2.88035175e+01  1.90546072e+07 -9.09270012e+01 
 1.94984460e+07 -2.89183462e+01  1.94984460e+07 -9.24268102e+01 
 1.99526231e+07 -2.90328087e+01  1.99526231e+07 -9.39281991e+01 
 2.04173794e+07 -2.91470074e+01  2.04173794e+07 -9.54304171e+01 
 2.08929613e+07 -2.92610441e+01  2.08929613e+07 -9.69326568e+01 
 2.13796209e+07 -2.93750192e+01  2.13796209e+07 -9.84340544e+01 
 2.18776162e+07 -2.94890314e+01  2.18776162e+07 -9.99336895e+01 
 2.23872114e+07 -2.96031772e+01  2.23872114e+07 -1.01430586e+02 
 2.29086765e+07 -2.97175507e+01  2.29086765e+07 -1.02923711e+02 
 2.34422882e+07 -2.98322427e+01  2.34422882e+07 -1.04411981e+02 
 2.39883292e+07 -2.99473405e+01  2.39883292e+07 -1.05894256e+02 
 2.45470892e+07 -3.00629272e+01  2.45470892e+07 -1.07369348e+02 
 2.51188643e+07 -3.01790815e+01  2.51188643e+07 -1.08836018e+02 
 2.57039578e+07 -3.02958769e+01  2.57039578e+07 -1.10292982e+02 
 2.63026799e+07 -3.04133814e+01  2.63026799e+07 -1.11738911e+02 
 2.69153480e+07 -3.05316570e+01  2.69153480e+07 -1.13172437e+02 
 2.75422870e+07 -3.06507589e+01  2.75422870e+07 -1.14592153e+02 
 2.81838293e+07 -3.07707357e+01  2.81838293e+07 -1.15996617e+02 
 2.88403150e+07 -3.08916282e+01  2.88403150e+07 -1.17384360e+02 
 2.95120923e+07 -3.10134694e+01  2.95120923e+07 -1.18753885e+02 
 3.01995172e+07 -3.11362840e+01  3.01995172e+07 -1.20103673e+02 
 3.09029543e+07 -3.12600881e+01  3.09029543e+07 -1.21432189e+02 
 3.16227766e+07 -3.13848888e+01  3.16227766e+07 -1.22737883e+02 
 3.23593657e+07 -3.15106836e+01  3.23593657e+07 -1.24019200e+02 
 3.31131121e+07 -3.16374609e+01  3.31131121e+07 -1.25274581e+02 
 3.38844156e+07 -3.17651988e+01  3.38844156e+07 -1.26502466e+02 
 3.46736850e+07 -3.18938656e+01  3.46736850e+07 -1.27701306e+02 
 3.54813389e+07 -3.20234197e+01  3.54813389e+07 -1.28869561e+02 
 3.63078055e+07 -3.21538088e+01  3.63078055e+07 -1.30005708e+02 
 3.71535229e+07 -3.22849707e+01  3.71535229e+07 -1.31108243e+02 
 3.80189396e+07 -3.24168328e+01  3.80189396e+07 -1.32175690e+02 
 3.89045145e+07 -3.25493122e+01  3.89045145e+07 -1.33206601e+02 
 3.98107171e+07 -3.26823158e+01  3.98107171e+07 -1.34199560e+02 
 4.07380278e+07 -3.28157403e+01  4.07380278e+07 -1.35153189e+02 
 4.16869383e+07 -3.29494726e+01  4.16869383e+07 -1.36066149e+02 
 4.26579519e+07 -3.30833892e+01  4.26579519e+07 -1.36937144e+02 
 4.36515832e+07 -3.32173571e+01  4.36515832e+07 -1.37764924e+02 
 4.46683592e+07 -3.33512331e+01  4.46683592e+07 -1.38548285e+02 
 4.57088190e+07 -3.34848646e+01  4.57088190e+07 -1.39286070e+02 
 4.67735141e+07 -3.36180886e+01  4.67735141e+07 -1.39977178e+02 
 4.78630092e+07 -3.37507324e+01  4.78630092e+07 -1.40620554e+02 
 4.89778819e+07 -3.38826132e+01  4.89778819e+07 -1.41215200e+02 
 5.01187234e+07 -3.40135375e+01  5.01187234e+07 -1.41760172e+02 
 5.12861384e+07 -3.41433011e+01  5.12861384e+07 -1.42254583e+02 
 5.24807460e+07 -3.42716884e+01  5.24807460e+07 -1.42697604e+02 
 5.37031796e+07 -3.43984720e+01  5.37031796e+07 -1.43088469e+02 
 5.49540874e+07 -3.45234120e+01  5.49540874e+07 -1.43426479e+02 
 5.62341325e+07 -3.46462551e+01  5.62341325e+07 -1.43711004e+02 
 5.75439937e+07 -3.47667343e+01  5.75439937e+07 -1.43941494e+02 
 5.88843655e+07 -3.48845676e+01  5.88843655e+07 -1.44117483e+02 
 6.02559586e+07 -3.49994577e+01  6.02559586e+07 -1.44238603e+02 
 6.16595002e+07 -3.51110912e+01  6.16595002e+07 -1.44304595e+02 
 6.30957344e+07 -3.52191384e+01  6.30957344e+07 -1.44315323e+02 
 6.45654229e+07 -3.53232528e+01  6.45654229e+07 -1.44270792e+02 
 6.60693448e+07 -3.54230720e+01  6.60693448e+07 -1.44171165e+02 
 6.76082975e+07 -3.55182175e+01  6.76082975e+07 -1.44016787e+02 
 6.91830971e+07 -3.56082967e+01  6.91830971e+07 -1.43808203e+02 
 7.07945784e+07 -3.56929044e+01  7.07945784e+07 -1.43546185e+02 
 7.24435960e+07 -3.57716256e+01  7.24435960e+07 -1.43231754e+02 
 7.41310241e+07 -3.58440388e+01  7.41310241e+07 -1.42866204e+02 
 7.58577575e+07 -3.59097201e+01  7.58577575e+07 -1.42451120e+02 
 7.76247117e+07 -3.59682489e+01  7.76247117e+07 -1.41988398e+02 
 7.94328235e+07 -3.60192131e+01  7.94328235e+07 -1.41480260e+02 
 8.12830516e+07 -3.60622163e+01  8.12830516e+07 -1.40929257e+02 
 8.31763771e+07 -3.60968845e+01  8.31763771e+07 -1.40338274e+02 
 8.51138038e+07 -3.61228742e+01  8.51138038e+07 -1.39710521e+02 
 8.70963590e+07 -3.61398797e+01  8.70963590e+07 -1.39049516e+02 
 8.91250938e+07 -3.61476408e+01  8.91250938e+07 -1.38359058e+02 
 9.12010839e+07 -3.61459496e+01  9.12010839e+07 -1.37643194e+02 
 9.33254301e+07 -3.61346574e+01  9.33254301e+07 -1.36906170e+02 
 9.54992586e+07 -3.61136790e+01  9.54992586e+07 -1.36152383e+02 
 9.77237221e+07 -3.60829973e+01  9.77237221e+07 -1.35386314e+02 
 1.00000000e+08 -3.60426647e+01  1.00000000e+08 -1.34612473e+02 
