 1.00000000e+00  7.53871939e+01  1.00000000e+00  1.79427016e+02 
 1.02329299e+00  7.53870108e+01  1.02329299e+00  1.79415985e+02 
 1.04712855e+00  7.53868317e+01  1.04712855e+00  1.79404683e+02 
 1.07151931e+00  7.53866567e+01  1.07151931e+00  1.79393104e+02 
 1.09647820e+00  7.53864856e+01  1.09647820e+00  1.79381239e+02 
 1.12201845e+00  7.53863184e+01  1.12201845e+00  1.79369080e+02 
 1.14815362e+00  7.53861550e+01  1.14815362e+00  1.79356620e+02 
 1.17489755e+00  7.53859952e+01  1.17489755e+00  1.79343850e+02 
 1.20226443e+00  7.53858390e+01  1.20226443e+00  1.79330762e+02 
 1.23026877e+00  7.53856863e+01  1.23026877e+00  1.79317347e+02 
 1.25892541e+00  7.53855369e+01  1.25892541e+00  1.79303598e+02 
 1.28824955e+00  7.53853906e+01  1.28824955e+00  1.79289506e+02 
 1.31825674e+00  7.53852475e+01  1.31825674e+00  1.79275061e+02 
 1.34896288e+00  7.53851073e+01  1.34896288e+00  1.79260255e+02 
 1.38038426e+00  7.53849698e+01  1.38038426e+00  1.79245079e+02 
 1.41253754e+00  7.53848350e+01  1.41253754e+00  1.79229524e+02 
 1.44543977e+00  7.53847027e+01  1.44543977e+00  1.79213579e+02 
 1.47910839e+00  7.53845727e+01  1.47910839e+00  1.79197237e+02 
 1.51356125e+00  7.53844448e+01  1.51356125e+00  1.79180487e+02 
 1.54881662e+00  7.53843190e+01  1.54881662e+00  1.79163319e+02 
 1.58489319e+00  7.53841950e+01  1.58489319e+00  1.79145724e+02 
 1.62181010e+00  7.53840727e+01  1.62181010e+00  1.79127691e+02 
 1.65958691e+00  7.53839518e+01  1.65958691e+00  1.79109209e+02 
 1.69824365e+00  7.53838323e+01  1.69824365e+00  1.79090269e+02 
 1.73780083e+00  7.53837139e+01  1.73780083e+00  1.79070858e+02 
 1.77827941e+00  7.53835964e+01  1.77827941e+00  1.79050967e+02 
 1.81970086e+00  7.53834797e+01  1.81970086e+00  1.79030585e+02 
 1.86208714e+00  7.53833636e+01  1.86208714e+00  1.79009699e+02 
 1.90546072e+00  7.53832479e+01  1.90546072e+00  1.78988297e+02 
 1.94984460e+00  7.53831323e+01  1.94984460e+00  1.78966369e+02 
 1.99526231e+00  7.53830167e+01  1.99526231e+00  1.78943902e+02 
 2.04173794e+00  7.53829010e+01  2.04173794e+00  1.78920883e+02 
 2.08929613e+00  7.53827847e+01  2.08929613e+00  1.78897300e+02 
 2.13796209e+00  7.53826679e+01  2.13796209e+00  1.78873139e+02 
 2.18776162e+00  7.53825501e+01  2.18776162e+00  1.78848389e+02 
 2.23872114e+00  7.53824313e+01  2.23872114e+00  1.78823034e+02 
 2.29086765e+00  7.53823112e+01  2.29086765e+00  1.78797061e+02 
 2.34422882e+00  7.53821896e+01  2.34422882e+00  1.78770456e+02 
 2.39883292e+00  7.53820662e+01  2.39883292e+00  1.78743205e+02 
 2.45470892e+00  7.53819408e+01  2.45470892e+00  1.78715293e+02 
 2.51188643e+00  7.53818132e+01  2.51188643e+00  1.78686704e+02 
 2.57039578e+00  7.53816830e+01  2.57039578e+00  1.78657424e+02 
 2.63026799e+00  7.53815501e+01  2.63026799e+00  1.78627436e+02 
 2.69153480e+00  7.53814141e+01  2.69153480e+00  1.78596725e+02 
 2.75422870e+00  7.53812748e+01  2.75422870e+00  1.78565273e+02 
 2.81838293e+00  7.53811319e+01  2.81838293e+00  1.78533065e+02 
 2.88403150e+00  7.53809852e+01  2.88403150e+00  1.78500082e+02 
 2.95120923e+00  7.53808342e+01  2.95120923e+00  1.78466307e+02 
 3.01995172e+00  7.53806787e+01  3.01995172e+00  1.78431722e+02 
 3.09029543e+00  7.53805184e+01  3.09029543e+00  1.78396308e+02 
 3.16227766e+00  7.53803530e+01  3.16227766e+00  1.78360047e+02 
 3.23593657e+00  7.53801820e+01  3.23593657e+00  1.78322919e+02 
 3.31131121e+00  7.53800052e+01  3.31131121e+00  1.78284904e+02 
 3.38844156e+00  7.53798221e+01  3.38844156e+00  1.78245983e+02 
 3.46736850e+00  7.53796324e+01  3.46736850e+00  1.78206134e+02 
 3.54813389e+00  7.53794357e+01  3.54813389e+00  1.78165336e+02 
 3.63078055e+00  7.53792315e+01  3.63078055e+00  1.78123567e+02 
 3.71535229e+00  7.53790195e+01  3.71535229e+00  1.78080806e+02 
 3.80189396e+00  7.53787991e+01  3.80189396e+00  1.78037029e+02 
 3.89045145e+00  7.53785699e+01  3.89045145e+00  1.77992214e+02 
 3.98107171e+00  7.53783315e+01  3.98107171e+00  1.77946335e+02 
 4.07380278e+00  7.53780832e+01  4.07380278e+00  1.77899371e+02 
 4.16869383e+00  7.53778247e+01  4.16869383e+00  1.77851294e+02 
 4.26579519e+00  7.53775552e+01  4.26579519e+00  1.77802080e+02 
 4.36515832e+00  7.53772743e+01  4.36515832e+00  1.77751703e+02 
 4.46683592e+00  7.53769813e+01  4.46683592e+00  1.77700135e+02 
 4.57088190e+00  7.53766756e+01  4.57088190e+00  1.77647350e+02 
 4.67735141e+00  7.53763566e+01  4.67735141e+00  1.77593320e+02 
 4.78630092e+00  7.53760235e+01  4.78630092e+00  1.77538017e+02 
 4.89778819e+00  7.53756757e+01  4.89778819e+00  1.77481410e+02 
 5.01187234e+00  7.53753123e+01  5.01187234e+00  1.77423470e+02 
 5.12861384e+00  7.53749327e+01  5.12861384e+00  1.77364166e+02 
 5.24807460e+00  7.53745359e+01  5.24807460e+00  1.77303467e+02 
 5.37031796e+00  7.53741212e+01  5.37031796e+00  1.77241342e+02 
 5.49540874e+00  7.53736876e+01  5.49540874e+00  1.77177756e+02 
 5.62341325e+00  7.53732341e+01  5.62341325e+00  1.77112678e+02 
 5.75439937e+00  7.53727599e+01  5.75439937e+00  1.77046071e+02 
 5.88843655e+00  7.53722638e+01  5.88843655e+00  1.76977902e+02 
 6.02559586e+00  7.53717448e+01  6.02559586e+00  1.76908135e+02 
 6.16595002e+00  7.53712018e+01  6.16595002e+00  1.76836732e+02 
 6.30957344e+00  7.53706335e+01  6.30957344e+00  1.76763656e+02 
 6.45654229e+00  7.53700387e+01  6.45654229e+00  1.76688869e+02 
 6.60693448e+00  7.53694162e+01  6.60693448e+00  1.76612331e+02 
 6.76082975e+00  7.53687646e+01  6.76082975e+00  1.76534003e+02 
 6.91830971e+00  7.53680823e+01  6.91830971e+00  1.76453843e+02 
 7.07945784e+00  7.53673680e+01  7.07945784e+00  1.76371810e+02 
 7.24435960e+00  7.53666201e+01  7.24435960e+00  1.76287859e+02 
 7.41310241e+00  7.53658369e+01  7.41310241e+00  1.76201948e+02 
 7.58577575e+00  7.53650167e+01  7.58577575e+00  1.76114032e+02 
 7.76247117e+00  7.53641577e+01  7.76247117e+00  1.76024065e+02 
 7.94328235e+00  7.53632580e+01  7.94328235e+00  1.75931999e+02 
 8.12830516e+00  7.53623157e+01  8.12830516e+00  1.75837787e+02 
 8.31763771e+00  7.53613285e+01  8.31763771e+00  1.75741380e+02 
 8.51138038e+00  7.53602945e+01  8.51138038e+00  1.75642728e+02 
 8.70963590e+00  7.53592112e+01  8.70963590e+00  1.75541780e+02 
 8.91250938e+00  7.53580762e+01  8.91250938e+00  1.75438484e+02 
 9.12010839e+00  7.53568872e+01  9.12010839e+00  1.75332786e+02 
 9.33254301e+00  7.53556414e+01  9.33254301e+00  1.75224631e+02 
 9.54992586e+00  7.53543360e+01  9.54992586e+00  1.75113965e+02 
 9.77237221e+00  7.53529682e+01  9.77237221e+00  1.75000730e+02 
 1.00000000e+01  7.53515350e+01  1.00000000e+01  1.74884869e+02 
 1.02329299e+01  7.53500330e+01  1.02329299e+01  1.74766322e+02 
 1.04712855e+01  7.53484592e+01  1.04712855e+01  1.74645029e+02 
 1.07151931e+01  7.53468098e+01  1.07151931e+01  1.74520928e+02 
 1.09647820e+01  7.53450813e+01  1.09647820e+01  1.74393956e+02 
 1.12201845e+01  7.53432698e+01  1.12201845e+01  1.74264050e+02 
 1.14815362e+01  7.53413712e+01  1.14815362e+01  1.74131143e+02 
 1.17489755e+01  7.53393815e+01  1.17489755e+01  1.73995170e+02 
 1.20226443e+01  7.53372961e+01  1.20226443e+01  1.73856063e+02 
 1.23026877e+01  7.53351104e+01  1.23026877e+01  1.73713751e+02 
 1.25892541e+01  7.53328196e+01  1.25892541e+01  1.73568166e+02 
 1.28824955e+01  7.53304185e+01  1.28824955e+01  1.73419234e+02 
 1.31825674e+01  7.53279020e+01  1.31825674e+01  1.73266884e+02 
 1.34896288e+01  7.53252643e+01  1.34896288e+01  1.73111040e+02 
 1.38038426e+01  7.53224997e+01  1.38038426e+01  1.72951628e+02 
 1.41253754e+01  7.53196021e+01  1.41253754e+01  1.72788569e+02 
 1.44543977e+01  7.53165650e+01  1.44543977e+01  1.72621787e+02 
 1.47910839e+01  7.53133819e+01  1.47910839e+01  1.72451202e+02 
 1.51356125e+01  7.53100457e+01  1.51356125e+01  1.72276732e+02 
 1.54881662e+01  7.53065491e+01  1.54881662e+01  1.72098297e+02 
 1.58489319e+01  7.53028844e+01  1.58489319e+01  1.71915813e+02 
 1.62181010e+01  7.52990438e+01  1.62181010e+01  1.71729196e+02 
 1.65958691e+01  7.52950187e+01  1.65958691e+01  1.71538361e+02 
 1.69824365e+01  7.52908007e+01  1.69824365e+01  1.71343221e+02 
 1.73780083e+01  7.52863804e+01  1.73780083e+01  1.71143688e+02 
 1.77827941e+01  7.52817484e+01  1.77827941e+01  1.70939675e+02 
 1.81970086e+01  7.52768949e+01  1.81970086e+01  1.70731090e+02 
 1.86208714e+01  7.52718094e+01  1.86208714e+01  1.70517845e+02 
 1.90546072e+01  7.52664813e+01  1.90546072e+01  1.70299846e+02 
 1.94984460e+01  7.52608991e+01  1.94984460e+01  1.70077003e+02 
 1.99526231e+01  7.52550512e+01  1.99526231e+01  1.69849222e+02 
 2.04173794e+01  7.52489254e+01  2.04173794e+01  1.69616409e+02 
 2.08929613e+01  7.52425090e+01  2.08929613e+01  1.69378471e+02 
 2.13796209e+01  7.52357887e+01  2.13796209e+01  1.69135311e+02 
 2.18776162e+01  7.52287507e+01  2.18776162e+01  1.68886835e+02 
 2.23872114e+01  7.52213807e+01  2.23872114e+01  1.68632947e+02 
 2.29086765e+01  7.52136638e+01  2.29086765e+01  1.68373552e+02 
 2.34422882e+01  7.52055846e+01  2.34422882e+01  1.68108553e+02 
 2.39883292e+01  7.51971268e+01  2.39883292e+01  1.67837854e+02 
 2.45470892e+01  7.51882739e+01  2.45470892e+01  1.67561359e+02 
 2.51188643e+01  7.51790084e+01  2.51188643e+01  1.67278972e+02 
 2.57039578e+01  7.51693124e+01  2.57039578e+01  1.66990599e+02 
 2.63026799e+01  7.51591673e+01  2.63026799e+01  1.66696144e+02 
 2.69153480e+01  7.51485537e+01  2.69153480e+01  1.66395513e+02 
 2.75422870e+01  7.51374515e+01  2.75422870e+01  1.66088614e+02 
 2.81838293e+01  7.51258401e+01  2.81838293e+01  1.65775354e+02 
 2.88403150e+01  7.51136980e+01  2.88403150e+01  1.65455641e+02 
 2.95120923e+01  7.51010030e+01  2.95120923e+01  1.65129388e+02 
 3.01995172e+01  7.50877322e+01  3.01995172e+01  1.64796505e+02 
 3.09029543e+01  7.50738619e+01  3.09029543e+01  1.64456907e+02 
 3.16227766e+01  7.50593677e+01  3.16227766e+01  1.64110511e+02 
 3.23593657e+01  7.50442243e+01  3.23593657e+01  1.63757234e+02 
 3.31131121e+01  7.50284058e+01  3.31131121e+01  1.63396998e+02 
 3.38844156e+01  7.50118853e+01  3.38844156e+01  1.63029726e+02 
 3.46736850e+01  7.49946353e+01  3.46736850e+01  1.62655347e+02 
 3.54813389e+01  7.49766273e+01  3.54813389e+01  1.62273790e+02 
 3.63078055e+01  7.49578323e+01  3.63078055e+01  1.61884990e+02 
 3.71535229e+01  7.49382201e+01  3.71535229e+01  1.61488886e+02 
 3.80189396e+01  7.49177601e+01  3.80189396e+01  1.61085419e+02 
 3.89045145e+01  7.48964207e+01  3.89045145e+01  1.60674539e+02 
 3.98107171e+01  7.48741695e+01  3.98107171e+01  1.60256196e+02 
 4.07380278e+01  7.48509734e+01  4.07380278e+01  1.59830351e+02 
 4.16869383e+01  7.48267986e+01  4.16869383e+01  1.59396965e+02 
 4.26579519e+01  7.48016105e+01  4.26579519e+01  1.58956009e+02 
 4.36515832e+01  7.47753738e+01  4.36515832e+01  1.58507460e+02 
 4.46683592e+01  7.47480524e+01  4.46683592e+01  1.58051300e+02 
 4.57088190e+01  7.47196097e+01  4.57088190e+01  1.57587521e+02 
 4.67735141e+01  7.46900084e+01  4.67735141e+01  1.57116120e+02 
 4.78630092e+01  7.46592106e+01  4.78630092e+01  1.56637105e+02 
 4.89778819e+01  7.46271779e+01  4.89778819e+01  1.56150490e+02 
 5.01187234e+01  7.45938714e+01  5.01187234e+01  1.55656298e+02 
 5.12861384e+01  7.45592516e+01  5.12861384e+01  1.55154562e+02 
 5.24807460e+01  7.45232788e+01  5.24807460e+01  1.54645325e+02 
 5.37031796e+01  7.44859129e+01  5.37031796e+01  1.54128639e+02 
 5.49540874e+01  7.44471134e+01  5.49540874e+01  1.53604566e+02 
 5.62341325e+01  7.44068399e+01  5.62341325e+01  1.53073180e+02 
 5.75439937e+01  7.43650515e+01  5.75439937e+01  1.52534564e+02 
 5.88843655e+01  7.43217075e+01  5.88843655e+01  1.51988814e+02 
 6.02559586e+01  7.42767673e+01  6.02559586e+01  1.51436036e+02 
 6.16595002e+01  7.42301902e+01  6.16595002e+01  1.50876349e+02 
 6.30957344e+01  7.41819358e+01  6.30957344e+01  1.50309881e+02 
 6.45654229e+01  7.41319642e+01  6.45654229e+01  1.49736776e+02 
 6.60693448e+01  7.40802357e+01  6.60693448e+01  1.49157188e+02 
 6.76082975e+01  7.40267113e+01  6.76082975e+01  1.48571282e+02 
 6.91830971e+01  7.39713524e+01  6.91830971e+01  1.47979238e+02 
 7.07945784e+01  7.39141215e+01  7.07945784e+01  1.47381245e+02 
 7.24435960e+01  7.38549815e+01  7.24435960e+01  1.46777507e+02 
 7.41310241e+01  7.37938968e+01  7.41310241e+01  1.46168238e+02 
 7.58577575e+01  7.37308325e+01  7.58577575e+01  1.45553665e+02 
 7.76247117e+01  7.36657550e+01  7.76247117e+01  1.44934026e+02 
 7.94328235e+01  7.35986321e+01  7.94328235e+01  1.44309570e+02 
 8.12830516e+01  7.35294328e+01  8.12830516e+01  1.43680559e+02 
 8.31763771e+01  7.34581280e+01  8.31763771e+01  1.43047263e+02 
 8.51138038e+01  7.33846899e+01  8.51138038e+01  1.42409963e+02 
 8.70963590e+01  7.33090926e+01  8.70963590e+01  1.41768950e+02 
 8.91250938e+01  7.32313121e+01  8.91250938e+01  1.41124524e+02 
 9.12010839e+01  7.31513261e+01  9.12010839e+01  1.40476993e+02 
 9.33254301e+01  7.30691146e+01  9.33254301e+01  1.39826673e+02 
 9.54992586e+01  7.29846596e+01  9.54992586e+01  1.39173888e+02 
 9.77237221e+01  7.28979451e+01  9.77237221e+01  1.38518967e+02 
 1.00000000e+02  7.28089577e+01  1.00000000e+02  1.37862245e+02 
 1.02329299e+02  7.27176861e+01  1.02329299e+02  1.37204060e+02 
 1.04712855e+02  7.26241211e+01  1.04712855e+02  1.36544758e+02 
 1.07151931e+02  7.25282564e+01  1.07151931e+02  1.35884684e+02 
 1.09647820e+02  7.24300877e+01  1.09647820e+02  1.35224187e+02 
 1.12201845e+02  7.23296134e+01  1.12201845e+02  1.34563616e+02 
 1.14815362e+02  7.22268340e+01  1.14815362e+02  1.33903321e+02 
 1.17489755e+02  7.21217528e+01  1.17489755e+02  1.33243651e+02 
 1.20226443e+02  7.20143753e+01  1.20226443e+02  1.32584953e+02 
 1.23026877e+02  7.19047095e+01  1.23026877e+02  1.31927573e+02 
 1.25892541e+02  7.17927657e+01  1.25892541e+02  1.31271852e+02 
 1.28824955e+02  7.16785565e+01  1.28824955e+02  1.30618128e+02 
 1.31825674e+02  7.15620970e+01  1.31825674e+02  1.29966731e+02 
 1.34896288e+02  7.14434041e+01  1.34896288e+02  1.29317988e+02 
 1.38038426e+02  7.13224972e+01  1.38038426e+02  1.28672219e+02 
 1.41253754e+02  7.11993976e+01  1.41253754e+02  1.28029735e+02 
 1.44543977e+02  7.10741287e+01  1.44543977e+02  1.27390839e+02 
 1.47910839e+02  7.09467156e+01  1.47910839e+02  1.26755828e+02 
 1.51356125e+02  7.08171853e+01  1.51356125e+02  1.26124985e+02 
 1.54881662e+02  7.06855665e+01  1.54881662e+02  1.25498587e+02 
 1.58489319e+02  7.05518896e+01  1.58489319e+02  1.24876899e+02 
 1.62181010e+02  7.04161862e+01  1.62181010e+02  1.24260175e+02 
 1.65958691e+02  7.02784894e+01  1.65958691e+02  1.23648657e+02 
 1.69824365e+02  7.01388337e+01  1.69824365e+02  1.23042579e+02 
 1.73780083e+02  6.99972546e+01  1.73780083e+02  1.22442158e+02 
 1.77827941e+02  6.98537885e+01  1.77827941e+02  1.21847603e+02 
 1.81970086e+02  6.97084730e+01  1.81970086e+02  1.21259110e+02 
 1.86208714e+02  6.95613463e+01  1.86208714e+02  1.20676862e+02 
 1.90546072e+02  6.94124473e+01  1.90546072e+02  1.20101029e+02 
 1.94984460e+02  6.92618156e+01  1.94984460e+02  1.19531772e+02 
 1.99526231e+02  6.91094910e+01  1.99526231e+02  1.18969236e+02 
 2.04173794e+02  6.89555140e+01  2.04173794e+02  1.18413556e+02 
 2.08929613e+02  6.87999251e+01  2.08929613e+02  1.17864854e+02 
 2.13796209e+02  6.86427652e+01  2.13796209e+02  1.17323242e+02 
 2.18776162e+02  6.84840750e+01  2.18776162e+02  1.16788818e+02 
 2.23872114e+02  6.83238954e+01  2.23872114e+02  1.16261670e+02 
 2.29086765e+02  6.81622671e+01  2.29086765e+02  1.15741875e+02 
 2.34422882e+02  6.79992307e+01  2.34422882e+02  1.15229500e+02 
 2.39883292e+02  6.78348265e+01  2.39883292e+02  1.14724598e+02 
 2.45470892e+02  6.76690945e+01  2.45470892e+02  1.14227216e+02 
 2.51188643e+02  6.75020743e+01  2.51188643e+02  1.13737390e+02 
 2.57039578e+02  6.73338050e+01  2.57039578e+02  1.13255145e+02 
 2.63026799e+02  6.71643253e+01  2.63026799e+02  1.12780499e+02 
 2.69153480e+02  6.69936735e+01  2.69153480e+02  1.12313459e+02 
 2.75422870e+02  6.68218869e+01  2.75422870e+02  1.11854028e+02 
 2.81838293e+02  6.66490025e+01  2.81838293e+02  1.11402196e+02 
 2.88403150e+02  6.64750566e+01  2.88403150e+02  1.10957948e+02 
 2.95120923e+02  6.63000846e+01  2.95120923e+02  1.10521263e+02 
 3.01995172e+02  6.61241215e+01  3.01995172e+02  1.10092112e+02 
 3.09029543e+02  6.59472013e+01  3.09029543e+02  1.09670459e+02 
 3.16227766e+02  6.57693574e+01  3.16227766e+02  1.09256263e+02 
 3.23593657e+02  6.55906221e+01  3.23593657e+02  1.08849478e+02 
 3.31131121e+02  6.54110274e+01  3.31131121e+02  1.08450051e+02 
 3.38844156e+02  6.52306042e+01  3.38844156e+02  1.08057927e+02 
 3.46736850e+02  6.50493825e+01  3.46736850e+02  1.07673044e+02 
 3.54813389e+02  6.48673917e+01  3.54813389e+02  1.07295337e+02 
 3.63078055e+02  6.46846602e+01  3.63078055e+02  1.06924737e+02 
 3.71535229e+02  6.45012159e+01  3.71535229e+02  1.06561171e+02 
 3.80189396e+02  6.43170855e+01  3.80189396e+02  1.06204563e+02 
 3.89045145e+02  6.41322952e+01  3.89045145e+02  1.05854836e+02 
 3.98107171e+02  6.39468702e+01  3.98107171e+02  1.05511907e+02 
 4.07380278e+02  6.37608349e+01  4.07380278e+02  1.05175693e+02 
 4.16869383e+02  6.35742132e+01  4.16869383e+02  1.04846109e+02 
 4.26579519e+02  6.33870279e+01  4.26579519e+02  1.04523067e+02 
 4.36515832e+02  6.31993012e+01  4.36515832e+02  1.04206478e+02 
 4.46683592e+02  6.30110546e+01  4.46683592e+02  1.03896251e+02 
 4.57088190e+02  6.28223088e+01  4.57088190e+02  1.03592295e+02 
 4.67735141e+02  6.26330837e+01  4.67735141e+02  1.03294516e+02 
 4.78630092e+02  6.24433987e+01  4.78630092e+02  1.03002823e+02 
 4.89778819e+02  6.22532724e+01  4.89778819e+02  1.02717119e+02 
 5.01187234e+02  6.20627227e+01  5.01187234e+02  1.02437311e+02 
 5.12861384e+02  6.18717668e+01  5.12861384e+02  1.02163305e+02 
 5.24807460e+02  6.16804216e+01  5.24807460e+02  1.01895004e+02 
 5.37031796e+02  6.14887029e+01  5.37031796e+02  1.01632313e+02 
 5.49540874e+02  6.12966263e+01  5.49540874e+02  1.01375138e+02 
 5.62341325e+02  6.11042067e+01  5.62341325e+02  1.01123384e+02 
 5.75439937e+02  6.09114582e+01  5.75439937e+02  1.00876956e+02 
 5.88843655e+02  6.07183947e+01  5.88843655e+02  1.00635760e+02 
 6.02559586e+02  6.05250294e+01  6.02559586e+02  1.00399703e+02 
 6.16595002e+02  6.03313750e+01  6.16595002e+02  1.00168691e+02 
 6.30957344e+02  6.01374436e+01  6.30957344e+02  9.99426323e+01 
 6.45654229e+02  5.99432471e+01  6.45654229e+02  9.97214350e+01 
 6.60693448e+02  5.97487967e+01  6.60693448e+02  9.95050085e+01 
 6.76082975e+02  5.95541031e+01  6.76082975e+02  9.92932626e+01 
 6.91830971e+02  5.93591768e+01  6.91830971e+02  9.90861084e+01 
 7.07945784e+02  5.91640277e+01  7.07945784e+02  9.88834578e+01 
 7.24435960e+02  5.89686654e+01  7.24435960e+02  9.86852236e+01 
 7.41310241e+02  5.87730990e+01  7.41310241e+02  9.84913200e+01 
 7.58577575e+02  5.85773374e+01  7.58577575e+02  9.83016618e+01 
 7.76247117e+02  5.83813889e+01  7.76247117e+02  9.81161653e+01 
 7.94328235e+02  5.81852616e+01  7.94328235e+02  9.79347478e+01 
 8.12830516e+02  5.79889633e+01  8.12830516e+02  9.77573276e+01 
 8.31763771e+02  5.77925014e+01  8.31763771e+02  9.75838245e+01 
 8.51138038e+02  5.75958830e+01  8.51138038e+02  9.74141593e+01 
 8.70963590e+02  5.73991149e+01  8.70963590e+02  9.72482539e+01 
 8.91250938e+02  5.72022036e+01  8.91250938e+02  9.70860316e+01 
 9.12010839e+02  5.70051555e+01  9.12010839e+02  9.69274169e+01 
 9.33254301e+02  5.68079764e+01  9.33254301e+02  9.67723356e+01 
 9.54992586e+02  5.66106722e+01  9.54992586e+02  9.66207145e+01 
 9.77237221e+02  5.64132482e+01  9.77237221e+02  9.64724818e+01 
 1.00000000e+03  5.62157098e+01  1.00000000e+03  9.63275670e+01 
 1.02329299e+03  5.60180620e+01  1.02329299e+03  9.61859008e+01 
 1.04712855e+03  5.58203096e+01  1.04712855e+03  9.60474149e+01 
 1.07151931e+03  5.56224573e+01  1.07151931e+03  9.59120426e+01 
 1.09647820e+03  5.54245093e+01  1.09647820e+03  9.57797181e+01 
 1.12201845e+03  5.52264700e+01  1.12201845e+03  9.56503771e+01 
 1.14815362e+03  5.50283434e+01  1.14815362e+03  9.55239564e+01 
 1.17489755e+03  5.48301333e+01  1.17489755e+03  9.54003938e+01 
 1.20226443e+03  5.46318434e+01  1.20226443e+03  9.52796285e+01 
 1.23026877e+03  5.44334773e+01  1.23026877e+03  9.51616009e+01 
 1.25892541e+03  5.42350384e+01  1.25892541e+03  9.50462525e+01 
 1.28824955e+03  5.40365299e+01  1.28824955e+03  9.49335259e+01 
 1.31825674e+03  5.38379548e+01  1.31825674e+03  9.48233649e+01 
 1.34896288e+03  5.36393162e+01  1.34896288e+03  9.47157144e+01 
 1.38038426e+03  5.34406169e+01  1.38038426e+03  9.46105205e+01 
 1.41253754e+03  5.32418595e+01  1.41253754e+03  9.45077302e+01 
 1.44543977e+03  5.30430467e+01  1.44543977e+03  9.44072918e+01 
 1.47910839e+03  5.28441809e+01  1.47910839e+03  9.43091545e+01 
 1.51356125e+03  5.26452646e+01  1.51356125e+03  9.42132688e+01 
 1.54881662e+03  5.24462999e+01  1.54881662e+03  9.41195859e+01 
 1.58489319e+03  5.22472890e+01  1.58489319e+03  9.40280582e+01 
 1.62181010e+03  5.20482340e+01  1.62181010e+03  9.39386392e+01 
 1.65958691e+03  5.18491369e+01  1.65958691e+03  9.38512832e+01 
 1.69824365e+03  5.16499995e+01  1.69824365e+03  9.37659456e+01 
 1.73780083e+03  5.14508237e+01  1.73780083e+03  9.36825827e+01 
 1.77827941e+03  5.12516112e+01  1.77827941e+03  9.36011517e+01 
 1.81970086e+03  5.10523636e+01  1.81970086e+03  9.35216109e+01 
 1.86208714e+03  5.08530826e+01  1.86208714e+03  9.34439194e+01 
 1.90546072e+03  5.06537696e+01  1.90546072e+03  9.33680371e+01 
 1.94984460e+03  5.04544260e+01  1.94984460e+03  9.32939250e+01 
 1.99526231e+03  5.02550533e+01  1.99526231e+03  9.32215448e+01 
 2.04173794e+03  5.00556528e+01  2.04173794e+03  9.31508590e+01 
 2.08929613e+03  4.98562257e+01  2.08929613e+03  9.30818311e+01 
 2.13796209e+03  4.96567732e+01  2.13796209e+03  9.30144254e+01 
 2.18776162e+03  4.94572965e+01  2.18776162e+03  9.29486069e+01 
 2.23872114e+03  4.92577967e+01  2.23872114e+03  9.28843414e+01 
 2.29086765e+03  4.90582749e+01  2.29086765e+03  9.28215956e+01 
 2.34422882e+03  4.88587320e+01  2.34422882e+03  9.27603367e+01 
 2.39883292e+03  4.86591690e+01  2.39883292e+03  9.27005330e+01 
 2.45470892e+03  4.84595868e+01  2.45470892e+03  9.26421534e+01 
 2.51188643e+03  4.82599863e+01  2.51188643e+03  9.25851672e+01 
 2.57039578e+03  4.80603684e+01  2.57039578e+03  9.25295449e+01 
 2.63026799e+03  4.78607339e+01  2.63026799e+03  9.24752574e+01 
 2.69153480e+03  4.76610835e+01  2.69153480e+03  9.24222763e+01 
 2.75422870e+03  4.74614179e+01  2.75422870e+03  9.23705739e+01 
 2.81838293e+03  4.72617380e+01  2.81838293e+03  9.23201232e+01 
 2.88403150e+03  4.70620443e+01  2.88403150e+03  9.22708978e+01 
 2.95120923e+03  4.68623374e+01  2.95120923e+03  9.22228720e+01 
 3.01995172e+03  4.66626181e+01  3.01995172e+03  9.21760204e+01 
 3.09029543e+03  4.64628869e+01  3.09029543e+03  9.21303186e+01 
 3.16227766e+03  4.62631444e+01  3.16227766e+03  9.20857427e+01 
 3.23593657e+03  4.60633911e+01  3.23593657e+03  9.20422691e+01 
 3.31131121e+03  4.58636276e+01  3.31131121e+03  9.19998751e+01 
 3.38844156e+03  4.56638543e+01  3.38844156e+03  9.19585384e+01 
 3.46736850e+03  4.54640717e+01  3.46736850e+03  9.19182374e+01 
 3.54813389e+03  4.52642803e+01  3.54813389e+03  9.18789507e+01 
 3.63078055e+03  4.50644805e+01  3.63078055e+03  9.18406578e+01 
 3.71535229e+03  4.48646728e+01  3.71535229e+03  9.18033385e+01 
 3.80189396e+03  4.46648575e+01  3.80189396e+03  9.17669732e+01 
 3.89045145e+03  4.44650351e+01  3.89045145e+03  9.17315426e+01 
 3.98107171e+03  4.42652059e+01  3.98107171e+03  9.16970283e+01 
 4.07380278e+03  4.40653703e+01  4.07380278e+03  9.16634119e+01 
 4.16869383e+03  4.38655286e+01  4.16869383e+03  9.16306757e+01 
 4.26579519e+03  4.36656811e+01  4.26579519e+03  9.15988026e+01 
 4.36515832e+03  4.34658283e+01  4.36515832e+03  9.15677757e+01 
 4.46683592e+03  4.32659704e+01  4.46683592e+03  9.15375786e+01 
 4.57088190e+03  4.30661076e+01  4.57088190e+03  9.15081953e+01 
 4.67735141e+03  4.28662404e+01  4.67735141e+03  9.14796105e+01 
 4.78630092e+03  4.26663689e+01  4.78630092e+03  9.14518090e+01 
 4.89778819e+03  4.24664935e+01  4.89778819e+03  9.14247761e+01 
 5.01187234e+03  4.22666143e+01  5.01187234e+03  9.13984975e+01 
 5.12861384e+03  4.20667318e+01  5.12861384e+03  9.13729594e+01 
 5.24807460e+03  4.18668460e+01  5.24807460e+03  9.13481483e+01 
 5.37031796e+03  4.16669573e+01  5.37031796e+03  9.13240509e+01 
 5.49540874e+03  4.14670659e+01  5.49540874e+03  9.13006547e+01 
 5.62341325e+03  4.12671721e+01  5.62341325e+03  9.12779473e+01 
 5.75439937e+03  4.10672759e+01  5.75439937e+03  9.12559165e+01 
 5.88843655e+03  4.08673778e+01  5.88843655e+03  9.12345508e+01 
 6.02559586e+03  4.06674778e+01  6.02559586e+03  9.12138389e+01 
 6.16595002e+03  4.04675762e+01  6.16595002e+03  9.11937697e+01 
 6.30957344e+03  4.02676732e+01  6.30957344e+03  9.11743327e+01 
 6.45654229e+03  4.00677690e+01  6.45654229e+03  9.11555175e+01 
 6.60693448e+03  3.98678639e+01  6.60693448e+03  9.11373142e+01 
 6.76082975e+03  3.96679579e+01  6.76082975e+03  9.11197131e+01 
 6.91830971e+03  3.94680513e+01  6.91830971e+03  9.11027049e+01 
 7.07945784e+03  3.92681444e+01  7.07945784e+03  9.10862806e+01 
 7.24435960e+03  3.90682373e+01  7.24435960e+03  9.10704314e+01 
 7.41310241e+03  3.88683301e+01  7.41310241e+03  9.10551490e+01 
 7.58577575e+03  3.86684232e+01  7.58577575e+03  9.10404251e+01 
 7.76247117e+03  3.84685167e+01  7.76247117e+03  9.10262520e+01 
 7.94328235e+03  3.82686107e+01  7.94328235e+03  9.10126222e+01 
 8.12830516e+03  3.80687056e+01  8.12830516e+03  9.09995283e+01 
 8.31763771e+03  3.78688014e+01  8.31763771e+03  9.09869633e+01 
 8.51138038e+03  3.76688985e+01  8.51138038e+03  9.09749207e+01 
 8.70963590e+03  3.74689969e+01  8.70963590e+03  9.09633939e+01 
 8.91250938e+03  3.72690970e+01  8.91250938e+03  9.09523768e+01 
 9.12010839e+03  3.70691989e+01  9.12010839e+03  9.09418635e+01 
 9.33254301e+03  3.68693028e+01  9.33254301e+03  9.09318483e+01 
 9.54992586e+03  3.66694090e+01  9.54992586e+03  9.09223259e+01 
 9.77237221e+03  3.64695176e+01  9.77237221e+03  9.09132911e+01 
 1.00000000e+04  3.62696290e+01  1.00000000e+04  9.09047392e+01 
 1.02329299e+04  3.60697433e+01  1.02329299e+04  9.08966653e+01 
 1.04712855e+04  3.58698608e+01  1.04712855e+04  9.08890653e+01 
 1.07151931e+04  3.56699818e+01  1.07151931e+04  9.08819348e+01 
 1.09647820e+04  3.54701064e+01  1.09647820e+04  9.08752702e+01 
 1.12201845e+04  3.52702350e+01  1.12201845e+04  9.08690676e+01 
 1.14815362e+04  3.50703679e+01  1.14815362e+04  9.08633237e+01 
 1.17489755e+04  3.48705052e+01  1.17489755e+04  9.08580353e+01 
 1.20226443e+04  3.46706473e+01  1.20226443e+04  9.08531994e+01 
 1.23026877e+04  3.44707945e+01  1.23026877e+04  9.08488134e+01 
 1.25892541e+04  3.42709472e+01  1.25892541e+04  9.08448746e+01 
 1.28824955e+04  3.40711055e+01  1.28824955e+04  9.08413809e+01 
 1.31825674e+04  3.38712700e+01  1.31825674e+04  9.08383301e+01 
 1.34896288e+04  3.36714408e+01  1.34896288e+04  9.08357205e+01 
 1.38038426e+04  3.34716184e+01  1.38038426e+04  9.08335504e+01 
 1.41253754e+04  3.32718032e+01  1.41253754e+04  9.08318185e+01 
 1.44543977e+04  3.30719955e+01  1.44543977e+04  9.08305235e+01 
 1.47910839e+04  3.28721957e+01  1.47910839e+04  9.08296644e+01 
 1.51356125e+04  3.26724043e+01  1.51356125e+04  9.08292406e+01 
 1.54881662e+04  3.24726216e+01  1.54881662e+04  9.08292514e+01 
 1.58489319e+04  3.22728483e+01  1.58489319e+04  9.08296965e+01 
 1.62181010e+04  3.20730846e+01  1.62181010e+04  9.08305758e+01 
 1.65958691e+04  3.18733312e+01  1.65958691e+04  9.08318892e+01 
 1.69824365e+04  3.16735885e+01  1.69824365e+04  9.08336372e+01 
 1.73780083e+04  3.14738571e+01  1.73780083e+04  9.08358201e+01 
 1.77827941e+04  3.12741376e+01  1.77827941e+04  9.08384386e+01 
 1.81970086e+04  3.10744305e+01  1.81970086e+04  9.08414935e+01 
 1.86208714e+04  3.08747364e+01  1.86208714e+04  9.08449860e+01 
 1.90546072e+04  3.06750560e+01  1.90546072e+04  9.08489171e+01 
 1.94984460e+04  3.04753899e+01  1.94984460e+04  9.08532885e+01 
 1.99526231e+04  3.02757389e+01  1.99526231e+04  9.08581016e+01 
 2.04173794e+04  3.00761037e+01  2.04173794e+04  9.08633582e+01 
 2.08929613e+04  2.98764850e+01  2.08929613e+04  9.08690605e+01 
 2.13796209e+04  2.96768837e+01  2.13796209e+04  9.08752104e+01 
 2.18776162e+04  2.94773005e+01  2.18776162e+04  9.08818103e+01 
 2.23872114e+04  2.92777363e+01  2.23872114e+04  9.08888628e+01 
 2.29086765e+04  2.90781920e+01  2.29086765e+04  9.08963705e+01 
 2.34422882e+04  2.88786687e+01  2.34422882e+04  9.09043363e+01 
 2.39883292e+04  2.86791671e+01  2.39883292e+04  9.09127631e+01 
 2.45470892e+04  2.84796885e+01  2.45470892e+04  9.09216542e+01 
 2.51188643e+04  2.82802339e+01  2.51188643e+04  9.09310128e+01 
 2.57039578e+04  2.80808043e+01  2.57039578e+04  9.09408424e+01 
 2.63026799e+04  2.78814010e+01  2.63026799e+04  9.09511466e+01 
 2.69153480e+04  2.76820252e+01  2.69153480e+04  9.09619292e+01 
 2.75422870e+04  2.74826782e+01  2.75422870e+04  9.09731940e+01 
 2.81838293e+04  2.72833614e+01  2.81838293e+04  9.09849451e+01 
 2.88403150e+04  2.70840760e+01  2.88403150e+04  9.09971866e+01 
 2.95120923e+04  2.68848237e+01  2.95120923e+04  9.10099228e+01 
 3.01995172e+04  2.66856058e+01  3.01995172e+04  9.10231579e+01 
 3.09029543e+04  2.64864241e+01  3.09029543e+04  9.10368964e+01 
 3.16227766e+04  2.62872801e+01  3.16227766e+04  9.10511430e+01 
 3.23593657e+04  2.60881756e+01  3.23593657e+04  9.10659020e+01 
 3.31131121e+04  2.58891125e+01  3.31131121e+04  9.10811784e+01 
 3.38844156e+04  2.56900926e+01  3.38844156e+04  9.10969766e+01 
 3.46736850e+04  2.54911179e+01  3.46736850e+04  9.11133017e+01 
 3.54813389e+04  2.52921905e+01  3.54813389e+04  9.11301583e+01 
 3.63078055e+04  2.50933125e+01  3.63078055e+04  9.11475512e+01 
 3.71535229e+04  2.48944861e+01  3.71535229e+04  9.11654854e+01 
 3.80189396e+04  2.46957138e+01  3.80189396e+04  9.11839655e+01 
 3.89045145e+04  2.44969979e+01  3.89045145e+04  9.12029964e+01 
 3.98107171e+04  2.42983410e+01  3.98107171e+04  9.12225827e+01 
 4.07380278e+04  2.40997458e+01  4.07380278e+04  9.12427291e+01 
 4.16869383e+04  2.39012150e+01  4.16869383e+04  9.12634401e+01 
 4.26579519e+04  2.37027516e+01  4.26579519e+04  9.12847202e+01 
 4.36515832e+04  2.35043585e+01  4.36515832e+04  9.13065736e+01 
 4.46683592e+04  2.33060388e+01  4.46683592e+04  9.13290044e+01 
 4.57088190e+04  2.31077959e+01  4.57088190e+04  9.13520164e+01 
 4.67735141e+04  2.29096332e+01  4.67735141e+04  9.13756135e+01 
 4.78630092e+04  2.27115541e+01  4.78630092e+04  9.13997988e+01 
 4.89778819e+04  2.25135624e+01  4.89778819e+04  9.14245756e+01 
 5.01187234e+04  2.23156619e+01  5.01187234e+04  9.14499465e+01 
 5.12861384e+04  2.21178566e+01  5.12861384e+04  9.14759139e+01 
 5.24807460e+04  2.19201506e+01  5.24807460e+04  9.15024798e+01 
 5.37031796e+04  2.17225482e+01  5.37031796e+04  9.15296456e+01 
 5.49540874e+04  2.15250540e+01  5.49540874e+04  9.15574122e+01 
 5.62341325e+04  2.13276726e+01  5.62341325e+04  9.15857801e+01 
 5.75439937e+04  2.11304088e+01  5.75439937e+04  9.16147489e+01 
 5.88843655e+04  2.09332676e+01  5.88843655e+04  9.16443177e+01 
 6.02559586e+04  2.07362543e+01  6.02559586e+04  9.16744848e+01 
 6.16595002e+04  2.05393741e+01  6.16595002e+04  9.17052477e+01 
 6.30957344e+04  2.03426328e+01  6.30957344e+04  9.17366030e+01 
 6.45654229e+04  2.01460361e+01  6.45654229e+04  9.17685464e+01 
 6.60693448e+04  1.99495900e+01  6.60693448e+04  9.18010723e+01 
 6.76082975e+04  1.97533008e+01  6.76082975e+04  9.18341744e+01 
 6.91830971e+04  1.95571748e+01  6.91830971e+04  9.18678449e+01 
 7.07945784e+04  1.93612186e+01  7.07945784e+04  9.19020747e+01 
 7.24435960e+04  1.91654392e+01  7.24435960e+04  9.19368535e+01 
 7.41310241e+04  1.89698437e+01  7.41310241e+04  9.19721694e+01 
 7.58577575e+04  1.87744392e+01  7.58577575e+04  9.20080088e+01 
 7.76247117e+04  1.85792334e+01  7.76247117e+04  9.20443566e+01 
 7.94328235e+04  1.83842340e+01  7.94328235e+04  9.20811957e+01 
 8.12830516e+04  1.81894489e+01  8.12830516e+04  9.21185072e+01 
 8.31763771e+04  1.79948865e+01  8.31763771e+04  9.21562700e+01 
 8.51138038e+04  1.78005551e+01  8.51138038e+04  9.21944608e+01 
 8.70963590e+04  1.76064633e+01  8.70963590e+04  9.22330542e+01 
 8.91250938e+04  1.74126201e+01  8.91250938e+04  9.22720220e+01 
 9.12010839e+04  1.72190345e+01  9.12010839e+04  9.23113336e+01 
 9.33254301e+04  1.70257158e+01  9.33254301e+04  9.23509556e+01 
 9.54992586e+04  1.68326735e+01  9.54992586e+04  9.23908516e+01 
 9.77237221e+04  1.66399174e+01  9.77237221e+04  9.24309823e+01 
 1.00000000e+05  1.64474571e+01  1.00000000e+05  9.24713050e+01 
 1.02329299e+05  1.62553029e+01  1.02329299e+05  9.25117736e+01 
 1.04712855e+05  1.60634649e+01  1.04712855e+05  9.25523386e+01 
 1.07151931e+05  1.58719535e+01  1.07151931e+05  9.25929466e+01 
 1.09647820e+05  1.56807791e+01  1.09647820e+05  9.26335405e+01 
 1.12201845e+05  1.54899523e+01  1.12201845e+05  9.26740589e+01 
 1.14815362e+05  1.52994839e+01  1.14815362e+05  9.27144364e+01 
 1.17489755e+05  1.51093844e+01  1.17489755e+05  9.27546031e+01 
 1.20226443e+05  1.49196648e+01  1.20226443e+05  9.27944844e+01 
 1.23026877e+05  1.47303358e+01  1.23026877e+05  9.28340013e+01 
 1.25892541e+05  1.45414081e+01  1.25892541e+05  9.28730695e+01 
 1.28824955e+05  1.43528926e+01  1.28824955e+05  9.29116001e+01 
 1.31825674e+05  1.41647999e+01  1.31825674e+05  9.29494988e+01 
 1.34896288e+05  1.39771404e+01  1.34896288e+05  9.29866659e+01 
 1.38038426e+05  1.37899246e+01  1.38038426e+05  9.30229966e+01 
 1.41253754e+05  1.36031626e+01  1.41253754e+05  9.30583803e+01 
 1.44543977e+05  1.34168644e+01  1.44543977e+05  9.30927008e+01 
 1.47910839e+05  1.32310395e+01  1.47910839e+05  9.31258363e+01 
 1.51356125e+05  1.30456972e+01  1.51356125e+05  9.31576592e+01 
 1.54881662e+05  1.28608464e+01  1.54881662e+05  9.31880361e+01 
 1.58489319e+05  1.26764955e+01  1.58489319e+05  9.32168277e+01 
 1.62181010e+05  1.24926525e+01  1.62181010e+05  9.32438889e+01 
 1.65958691e+05  1.23093247e+01  1.65958691e+05  9.32690690e+01 
 1.69824365e+05  1.21265189e+01  1.69824365e+05  9.32922114e+01 
 1.73780083e+05  1.19442410e+01  1.73780083e+05  9.33131539e+01 
 1.77827941e+05  1.17624965e+01  1.77827941e+05  9.33317289e+01 
 1.81970086e+05  1.15812898e+01  1.81970086e+05  9.33477634e+01 
 1.86208714e+05  1.14006246e+01  1.86208714e+05  9.33610792e+01 
 1.90546072e+05  1.12205036e+01  1.90546072e+05  9.33714932e+01 
 1.94984460e+05  1.10409286e+01  1.94984460e+05  9.33788177e+01 
 1.99526231e+05  1.08619003e+01  1.99526231e+05  9.33828608e+01 
 2.04173794e+05  1.06834183e+01  2.04173794e+05  9.33834262e+01 
 2.08929613e+05  1.05054810e+01  2.08929613e+05  9.33803143e+01 
 2.13796209e+05  1.03280859e+01  2.13796209e+05  9.33733223e+01 
 2.18776162e+05  1.01512288e+01  2.18776162e+05  9.33622444e+01 
 2.23872114e+05  9.97490463e+00  2.23872114e+05  9.33468728e+01 
 2.29086765e+05  9.79910681e+00  2.29086765e+05  9.33269978e+01 
 2.34422882e+05  9.62382745e+00  2.34422882e+05  9.33024085e+01 
 2.39883292e+05  9.44905733e+00  2.39883292e+05  9.32728936e+01 
 2.45470892e+05  9.27478582e+00  2.45470892e+05  9.32382416e+01 
 2.51188643e+05  9.10100094e+00  2.51188643e+05  9.31982418e+01 
 2.57039578e+05  8.92768929e+00  2.57039578e+05  9.31526845e+01 
 2.63026799e+05  8.75483614e+00  2.63026799e+05  9.31013622e+01 
 2.69153480e+05  8.58242538e+00  2.69153480e+05  9.30440700e+01 
 2.75422870e+05  8.41043959e+00  2.75422870e+05  9.29806061e+01 
 2.81838293e+05  8.23886005e+00  2.81838293e+05  9.29107727e+01 
 2.88403150e+05  8.06766681e+00  2.88403150e+05  9.28343766e+01 
 2.95120923e+05  7.89683873e+00  2.95120923e+05  9.27512298e+01 
 3.01995172e+05  7.72635356e+00  3.01995172e+05  9.26611501e+01 
 3.09029543e+05  7.55618800e+00  3.09029543e+05  9.25639616e+01 
 3.16227766e+05  7.38631780e+00  3.16227766e+05  9.24594955e+01 
 3.23593657e+05  7.21671783e+00  3.23593657e+05  9.23475904e+01 
 3.31131121e+05  7.04736221e+00  3.31131121e+05  9.22280927e+01 
 3.38844156e+05  6.87822440e+00  3.38844156e+05  9.21008572e+01 
 3.46736850e+05  6.70927729e+00  3.46736850e+05  9.19657472e+01 
 3.54813389e+05  6.54049338e+00  3.54813389e+05  9.18226350e+01 
 3.63078055e+05  6.37184486e+00  3.63078055e+05  9.16714021e+01 
 3.71535229e+05  6.20330372e+00  3.71535229e+05  9.15119392e+01 
 3.80189396e+05  6.03484195e+00  3.80189396e+05  9.13441463e+01 
 3.89045145e+05  5.86643161e+00  3.89045145e+05  9.11679327e+01 
 3.98107171e+05  5.69804498e+00  3.98107171e+05  9.09832171e+01 
 4.07380278e+05  5.52965470e+00  4.07380278e+05  9.07899272e+01 
 4.16869383e+05  5.36123392e+00  4.16869383e+05  9.05879996e+01 
 4.26579519e+05  5.19275637e+00  4.26579519e+05  9.03773797e+01 
 4.36515832e+05  5.02419655e+00  4.36515832e+05  9.01580207e+01 
 4.46683592e+05  4.85552982e+00  4.46683592e+05  8.99298840e+01 
 4.57088190e+05  4.68673251e+00  4.57088190e+05  8.96929381e+01 
 4.67735141e+05  4.51778205e+00  4.67735141e+05  8.94471582e+01 
 4.78630092e+05  4.34865702e+00  4.78630092e+05  8.91925258e+01 
 4.89778819e+05  4.17933735e+00  4.89778819e+05  8.89290277e+01 
 5.01187234e+05  4.00980427e+00  5.01187234e+05  8.86566555e+01 
 5.12861384e+05  3.84004050e+00  5.12861384e+05  8.83754050e+01 
 5.24807460e+05  3.67003027e+00  5.24807460e+05  8.80852751e+01 
 5.37031796e+05  3.49975937e+00  5.37031796e+05  8.77862673e+01 
 5.49540874e+05  3.32921523e+00  5.49540874e+05  8.74783846e+01 
 5.62341325e+05  3.15838695e+00  5.62341325e+05  8.71616311e+01 
 5.75439937e+05  2.98726532e+00  5.75439937e+05  8.68360105e+01 
 5.88843655e+05  2.81584286e+00  5.88843655e+05  8.65015261e+01 
 6.02559586e+05  2.64411382e+00  6.02559586e+05  8.61581793e+01 
 6.16595002e+05  2.47207423e+00  6.16595002e+05  8.58059691e+01 
 6.30957344e+05  2.29972182e+00  6.30957344e+05  8.54448910e+01 
 6.45654229e+05  2.12705610e+00  6.45654229e+05  8.50749366e+01 
 6.60693448e+05  1.95407828e+00  6.60693448e+05  8.46960926e+01 
 6.76082975e+05  1.78079128e+00  6.76082975e+05  8.43083400e+01 
 6.91830971e+05  1.60719971e+00  6.91830971e+05  8.39116533e+01 
 7.07945784e+05  1.43330980e+00  7.07945784e+05  8.35060000e+01 
 7.24435960e+05  1.25912942e+00  7.24435960e+05  8.30913398e+01 
 7.41310241e+05  1.08466800e+00  7.41310241e+05  8.26676240e+01 
 7.58577575e+05  9.09936489e-01  7.58577575e+05  8.22347946e+01 
 7.76247117e+05  7.34947330e-01  7.76247117e+05  8.17927840e+01 
 7.94328235e+05  5.59714396e-01  7.94328235e+05  8.13415144e+01 
 8.12830516e+05  3.84252945e-01  8.12830516e+05  8.08808970e+01 
 8.31763771e+05  2.08579569e-01  8.31763771e+05  8.04108315e+01 
 8.51138038e+05  3.27121386e-02  8.51138038e+05  7.99312057e+01 
 8.70963590e+05 -1.43330249e-01  8.70963590e+05  7.94418950e+01 
 8.91250938e+05 -3.19527323e-01  8.91250938e+05  7.89427618e+01 
 9.12010839e+05 -4.95857698e-01  9.12010839e+05  7.84336550e+01 
 9.33254301e+05 -6.72298922e-01  9.33254301e+05  7.79144093e+01 
 9.54992586e+05 -8.48827543e-01  9.54992586e+05  7.73848454e+01 
 9.77237221e+05 -1.02541915e+00  9.77237221e+05  7.68447687e+01 
 1.00000000e+06 -1.20204846e+00  1.00000000e+06  7.62939692e+01 
 1.02329299e+06 -1.37868932e+00  1.02329299e+06  7.57322209e+01 
 1.04712855e+06 -1.55531484e+00  1.04712855e+06  7.51592816e+01 
 1.07151931e+06 -1.73189739e+00  1.07151931e+06  7.45748917e+01 
 1.09647820e+06 -1.90840872e+00  1.09647820e+06  7.39787741e+01 
 1.12201845e+06 -2.08481997e+00  1.12201845e+06  7.33706336e+01 
 1.14815362e+06 -2.26110179e+00  1.14815362e+06  7.27501561e+01 
 1.17489755e+06 -2.43722440e+00  1.17489755e+06  7.21170077e+01 
 1.20226443e+06 -2.61315767e+00  1.20226443e+06  7.14708347e+01 
 1.23026877e+06 -2.78887122e+00  1.23026877e+06  7.08112619e+01 
 1.25892541e+06 -2.96433451e+00  1.25892541e+06  7.01378926e+01 
 1.28824955e+06 -3.13951698e+00  1.28824955e+06  6.94503071e+01 
 1.31825674e+06 -3.31438815e+00  1.31825674e+06  6.87480620e+01 
 1.34896288e+06 -3.48891778e+00  1.34896288e+06  6.80306894e+01 
 1.38038426e+06 -3.66307602e+00  1.38038426e+06  6.72976953e+01 
 1.41253754e+06 -3.83683362e+00  1.41253754e+06  6.65485587e+01 
 1.44543977e+06 -4.01016213e+00  1.44543977e+06  6.57827306e+01 
 1.47910839e+06 -4.18303412e+00  1.47910839e+06  6.49996321e+01 
 1.51356125e+06 -4.35542351e+00  1.51356125e+06  6.41986537e+01 
 1.54881662e+06 -4.52730585e+00  1.54881662e+06  6.33791532e+01 
 1.58489319e+06 -4.69865869e+00  1.58489319e+06  6.25404545e+01 
 1.62181010e+06 -4.86946204e+00  1.62181010e+06  6.16818464e+01 
 1.65958691e+06 -5.03969880e+00  1.65958691e+06  6.08025801e+01 
 1.69824365e+06 -5.20935534e+00  1.69824365e+06  5.99018686e+01 
 1.73780083e+06 -5.37842214e+00  1.73780083e+06  5.89788846e+01 
 1.77827941e+06 -5.54689451e+00  1.77827941e+06  5.80327591e+01 
 1.81970086e+06 -5.71477341e+00  1.81970086e+06  5.70625804e+01 
 1.86208714e+06 -5.88206638e+00  1.86208714e+06  5.60673928e+01 
 1.90546072e+06 -6.04878863e+00  1.90546072e+06  5.50461958e+01 
 1.94984460e+06 -6.21496421e+00  1.94984460e+06  5.39979441e+01 
 1.99526231e+06 -6.38062739e+00  1.99526231e+06  5.29215478e+01 
 2.04173794e+06 -6.54582415e+00  2.04173794e+06  5.18158733e+01 
 2.08929613e+06 -6.71061389e+00  2.08929613e+06  5.06797460e+01 
 2.13796209e+06 -6.87507126e+00  2.13796209e+06  4.95119532e+01 
 2.18776162e+06 -7.03928820e+00  2.18776162e+06  4.83112495e+01 
 2.23872114e+06 -7.20337615e+00  2.23872114e+06  4.70763642e+01 
 2.29086765e+06 -7.36746840e+00  2.29086765e+06  4.58060099e+01 
 2.34422882e+06 -7.53172256e+00  2.34422882e+06  4.44988961e+01 
 2.39883292e+06 -7.69632310e+00  2.39883292e+06  4.31537441e+01 
 2.45470892e+06 -7.86148387e+00  2.45470892e+06  4.17693077e+01 
 2.51188643e+06 -8.02745061e+00  2.51188643e+06  4.03443967e+01 
 2.57039578e+06 -8.19450307e+00  2.57039578e+06  3.88779069e+01 
 2.63026799e+06 -8.36295694e+00  2.63026799e+06  3.73688549e+01 
 2.69153480e+06 -8.53316501e+00  2.69153480e+06  3.58164182e+01 
 2.75422870e+06 -8.70551756e+00  2.75422870e+06  3.42199815e+01 
 2.81838293e+06 -8.88044172e+00  2.81838293e+06  3.25791882e+01 
 2.88403150e+06 -9.05839927e+00  2.88403150e+06  3.08939958e+01 
 2.95120923e+06 -9.23988284e+00  2.95120923e+06  2.91647346e+01 
 3.01995172e+06 -9.42541007e+00  3.01995172e+06  2.73921668e+01 
 3.09029543e+06 -9.61551554e+00  3.09029543e+06  2.55775434e+01 
 3.16227766e+06 -9.81074035e+00  3.16227766e+06  2.37226552e+01 
 3.23593657e+06 -1.00116193e+01  3.23593657e+06  2.18298731e+01 
 3.31131121e+06 -1.02186660e+01  3.31131121e+06  1.99021737e+01 
 3.38844156e+06 -1.04323561e+01  3.38844156e+06  1.79431449e+01 
 3.46736850e+06 -1.06531095e+01  3.46736850e+06  1.59569671e+01 
 3.54813389e+06 -1.08812729e+01  3.54813389e+06  1.39483682e+01 
 3.63078055e+06 -1.11171021e+01  3.63078055e+06  1.19225485e+01 
 3.71535229e+06 -1.13607480e+01  3.71535229e+06  9.88507960e+00 
 3.80189396e+06 -1.16122446e+01  3.80189396e+06  7.84177728e+00 
 3.89045145e+06 -1.18715025e+01  3.89045145e+06  5.79855718e+00 
 3.98107171e+06 -1.21383067e+01  3.98107171e+06  3.76127946e+00 
 4.07380278e+06 -1.24123205e+01  4.07380278e+06  1.73559288e+00 
 4.16869383e+06 -1.26930943e+01  4.16869383e+06 -2.73211948e-01 
 4.26579519e+06 -1.29800800e+01  4.26579519e+06 -2.26033088e+00 
 4.36515832e+06 -1.32726481e+01  4.36515832e+06 -4.22154837e+00 
 4.46683592e+06 -1.35701081e+01  4.46683592e+06 -6.15330835e+00 
 4.57088190e+06 -1.38717303e+01  4.57088190e+06 -8.05275167e+00 
 4.67735141e+06 -1.41767662e+01  4.67735141e+06 -9.91772062e+00 
 4.78630092e+06 -1.44844691e+01  4.78630092e+06 -1.17467340e+01 
 4.89778819e+06 -1.47941102e+01  4.89778819e+06 -1.35389374e+01 
 5.01187234e+06 -1.51049938e+01  5.01187234e+06 -1.52940359e+01 
 5.12861384e+06 -1.54164674e+01  5.12861384e+06 -1.70122145e+01 
 5.24807460e+06 -1.57279292e+01  5.24807460e+06 -1.86940533e+01 
 5.37031796e+06 -1.60388326e+01  5.37031796e+06 -2.03404439e+01 
 5.49540874e+06 -1.63486874e+01  5.49540874e+06 -2.19525091e+01 
 5.62341325e+06 -1.66570586e+01  5.62341325e+06 -2.35315309e+01 
 5.75439937e+06 -1.69635646e+01  5.75439937e+06 -2.50788890e+01 
 5.88843655e+06 -1.72678724e+01  5.88843655e+06 -2.65960085e+01 
 6.02559586e+06 -1.75696938e+01  6.02559586e+06 -2.80843197e+01 
 6.16595002e+06 -1.78687797e+01  6.16595002e+06 -2.95452272e+01 
 6.30957344e+06 -1.81649155e+01  6.30957344e+06 -3.09800886e+01 
 6.45654229e+06 -1.84579161e+01  6.45654229e+06 -3.23902004e+01 
 6.60693448e+06 -1.87476216e+01  6.60693448e+06 -3.37767915e+01 
 6.76082975e+06 -1.90338927e+01  6.76082975e+06 -3.51410203e+01 
 6.91830971e+06 -1.93166080e+01  6.91830971e+06 -3.64839774e+01 
 7.07945784e+06 -1.95956602e+01  7.07945784e+06 -3.78066895e+01 
 7.24435960e+06 -1.98709543e+01  7.24435960e+06 -3.91101263e+01 
 7.41310241e+06 -2.01424053e+01  7.41310241e+06 -4.03952078e+01 
 7.58577575e+06 -2.04099363e+01  7.58577575e+06 -4.16628123e+01 
 7.76247117e+06 -2.06734782e+01  7.76247117e+06 -4.29137841e+01 
 7.94328235e+06 -2.09329680e+01  7.94328235e+06 -4.41489410e+01 
 8.12830516e+06 -2.11883484e+01  8.12830516e+06 -4.53690813e+01 
 8.31763771e+06 -2.14395676e+01  8.31763771e+06 -4.65749896e+01 
 8.51138038e+06 -2.16865789e+01  8.51138038e+06 -4.77674418e+01 
 8.70963590e+06 -2.19293408e+01  8.70963590e+06 -4.89472100e+01 
 8.91250938e+06 -2.21678164e+01  8.91250938e+06 -5.01150650e+01 
 9.12010839e+06 -2.24019745e+01  9.12010839e+06 -5.12717796e+01 
 9.33254301e+06 -2.26317884e+01  9.33254301e+06 -5.24181296e+01 
 9.54992586e+06 -2.28572370e+01  9.54992586e+06 -5.35548956e+01 
 9.77237221e+06 -2.30783047e+01  9.77237221e+06 -5.46828625e+01 
 1.00000000e+07 -2.32949810e+01  1.00000000e+07 -5.58028198e+01 
 1.02329299e+07 -2.35072614e+01  1.02329299e+07 -5.69155608e+01 
 1.04712855e+07 -2.37151468e+01  1.04712855e+07 -5.80218812e+01 
 1.07151931e+07 -2.39186440e+01  1.07151931e+07 -5.91225780e+01 
 1.09647820e+07 -2.41177654e+01  1.09647820e+07 -6.02184471e+01 
 1.12201845e+07 -2.43125293e+01  1.12201845e+07 -6.13102817e+01 
 1.14815362e+07 -2.45029598e+01  1.14815362e+07 -6.23988698e+01 
 1.17489755e+07 -2.46890864e+01  1.17489755e+07 -6.34849916e+01 
 1.20226443e+07 -2.48709448e+01  1.20226443e+07 -6.45694173e+01 
 1.23026877e+07 -2.50485759e+01  1.23026877e+07 -6.56529043e+01 
 1.25892541e+07 -2.52220262e+01  1.25892541e+07 -6.67361944e+01 
 1.28824955e+07 -2.53913475e+01  1.28824955e+07 -6.78200111e+01 
 1.31825674e+07 -2.55565969e+01  1.31825674e+07 -6.89050570e+01 
 1.34896288e+07 -2.57178366e+01  1.34896288e+07 -6.99920108e+01 
 1.38038426e+07 -2.58751337e+01  1.38038426e+07 -7.10815251e+01 
 1.41253754e+07 -2.60285601e+01  1.41253754e+07 -7.21742232e+01 
 1.44543977e+07 -2.61781921e+01  1.44543977e+07 -7.32706970e+01 
 1.47910839e+07 -2.63241108e+01  1.47910839e+07 -7.43715043e+01 
 1.51356125e+07 -2.64664010e+01  1.51356125e+07 -7.54771661e+01 
 1.54881662e+07 -2.66051518e+01  1.54881662e+07 -7.65881649e+01 
 1.58489319e+07 -2.67404562e+01  1.58489319e+07 -7.77049420e+01 
 1.62181010e+07 -2.68724105e+01  1.62181010e+07 -7.88278957e+01 
 1.65958691e+07 -2.70011146e+01  1.65958691e+07 -7.99573789e+01 
 1.69824365e+07 -2.71266716e+01  1.69824365e+07 -8.10936977e+01 
 1.73780083e+07 -2.72491873e+01  1.73780083e+07 -8.22371098e+01 
 1.77827941e+07 -2.73687707e+01  1.77827941e+07 -8.33878221e+01 
 1.81970086e+07 -2.74855329e+01  1.81970086e+07 -8.45459902e+01 
 1.86208714e+07 -2.75995875e+01  1.86208714e+07 -8.57117167e+01 
 1.90546072e+07 -2.77110504e+01  1.90546072e+07 -8.68850500e+01 
 1.94984460e+07 -2.78200389e+01  1.94984460e+07 -8.80659834e+01 
 1.99526231e+07 -2.79266724e+01  1.99526231e+07 -8.92544546e+01 
 2.04173794e+07 -2.80310716e+01  2.04173794e+07 -9.04503446e+01 
 2.08929613e+07 -2.81333582e+01  2.08929613e+07 -9.16534774e+01 
 2.13796209e+07 -2.82336551e+01  2.13796209e+07 -9.28636196e+01 
 2.18776162e+07 -2.83320859e+01  2.18776162e+07 -9.40804807e+01 
 2.23872114e+07 -2.84287745e+01  2.23872114e+07 -9.53037124e+01 
 2.29086765e+07 -2.85238453e+01  2.29086765e+07 -9.65329093e+01 
 2.34422882e+07 -2.86174226e+01  2.34422882e+07 -9.77676091e+01 
 2.39883292e+07 -2.87096303e+01  2.39883292e+07 -9.90072931e+01 
 2.45470892e+07 -2.88005921e+01  2.45470892e+07 -1.00251387e+02 
 2.51188643e+07 -2.88904308e+01  2.51188643e+07 -1.01499261e+02 
 2.57039578e+07 -2.89792679e+01  2.57039578e+07 -1.02750232e+02 
 2.63026799e+07 -2.90672241e+01  2.63026799e+07 -1.04003563e+02 
 2.69153480e+07 -2.91544181e+01  2.69153480e+07 -1.05258468e+02 
 2.75422870e+07 -2.92409669e+01  2.75422870e+07 -1.06514108e+02 
 2.81838293e+07 -2.93269853e+01  2.81838293e+07 -1.07769596e+02 
 2.88403150e+07 -2.94125857e+01  2.88403150e+07 -1.09023999e+02 
 2.95120923e+07 -2.94978777e+01  2.95120923e+07 -1.10276337e+02 
 3.01995172e+07 -2.95829677e+01  3.01995172e+07 -1.11525588e+02 
 3.09029543e+07 -2.96679589e+01  3.09029543e+07 -1.12770687e+02 
 3.16227766e+07 -2.97529507e+01  3.16227766e+07 -1.14010532e+02 
 3.23593657e+07 -2.98380384e+01  3.23593657e+07 -1.15243979e+02 
 3.31131121e+07 -2.99233131e+01  3.31131121e+07 -1.16469853e+02 
 3.38844156e+07 -3.00088610e+01  3.38844156e+07 -1.17686944e+02 
 3.46736850e+07 -3.00947633e+01  3.46736850e+07 -1.18894011e+02 
 3.54813389e+07 -3.01810958e+01  3.54813389e+07 -1.20089783e+02 
 3.63078055e+07 -3.02679285e+01  3.63078055e+07 -1.21272965e+02 
 3.71535229e+07 -3.03553253e+01  3.71535229e+07 -1.22442237e+02 
 3.80189396e+07 -3.04433436e+01  3.80189396e+07 -1.23596257e+02 
 3.89045145e+07 -3.05320337e+01  3.89045145e+07 -1.24733664e+02 
 3.98107171e+07 -3.06214390e+01  3.98107171e+07 -1.25853080e+02 
 4.07380278e+07 -3.07115948e+01  4.07380278e+07 -1.26953113e+02 
 4.16869383e+07 -3.08025287e+01  4.16869383e+07 -1.28032357e+02 
 4.26579519e+07 -3.08942597e+01  4.26579519e+07 -1.29089399e+02 
 4.36515832e+07 -3.09867976e+01  4.36515832e+07 -1.30122818e+02 
 4.46683592e+07 -3.10801434e+01  4.46683592e+07 -1.31131189e+02 
 4.57088190e+07 -3.11742877e+01  4.57088190e+07 -1.32113084e+02 
 4.67735141e+07 -3.12692113e+01  4.67735141e+07 -1.33067079e+02 
 4.78630092e+07 -3.13648842e+01  4.78630092e+07 -1.33991750e+02 
 4.89778819e+07 -3.14612650e+01  4.89778819e+07 -1.34885685e+02 
 5.01187234e+07 -3.15583007e+01  5.01187234e+07 -1.35747479e+02 
 5.12861384e+07 -3.16559262e+01  5.12861384e+07 -1.36575744e+02 
 5.24807460e+07 -3.17540636e+01  5.24807460e+07 -1.37369106e+02 
 5.37031796e+07 -3.18526218e+01  5.37031796e+07 -1.38126219e+02 
 5.49540874e+07 -3.19514958e+01  5.49540874e+07 -1.38845760e+02 
 5.62341325e+07 -3.20505665e+01  5.62341325e+07 -1.39526439e+02 
 5.75439937e+07 -3.21497001e+01  5.75439937e+07 -1.40167006e+02 
 5.88843655e+07 -3.22487474e+01  5.88843655e+07 -1.40766254e+02 
 6.02559586e+07 -3.23475437e+01  6.02559586e+07 -1.41323026e+02 
 6.16595002e+07 -3.24459083e+01  6.16595002e+07 -1.41836228e+02 
 6.30957344e+07 -3.25436439e+01  6.30957344e+07 -1.42304830e+02 
 6.45654229e+07 -3.26405369e+01  6.45654229e+07 -1.42727881e+02 
 6.60693448e+07 -3.27363571e+01  6.60693448e+07 -1.43104516e+02 
 6.76082975e+07 -3.28308576e+01  6.76082975e+07 -1.43433970e+02 
 6.91830971e+07 -3.29237750e+01  6.91830971e+07 -1.43715586e+02 
 7.07945784e+07 -3.30148302e+01  7.07945784e+07 -1.43948832e+02 
 7.24435960e+07 -3.31037288e+01  7.24435960e+07 -1.44133310e+02 
 7.41310241e+07 -3.31901620e+01  7.41310241e+07 -1.44268771e+02 
 7.58577575e+07 -3.32738080e+01  7.58577575e+07 -1.44355129e+02 
 7.76247117e+07 -3.33543335e+01  7.76247117e+07 -1.44392478e+02 
 7.94328235e+07 -3.34313958e+01  7.94328235e+07 -1.44381098e+02 
 8.12830516e+07 -3.35046447e+01  8.12830516e+07 -1.44321476e+02 
 8.31763771e+07 -3.35737260e+01  8.31763771e+07 -1.44214309e+02 
 8.51138038e+07 -3.36382838e+01  8.51138038e+07 -1.44060523e+02 
 8.70963590e+07 -3.36979644e+01  8.70963590e+07 -1.43861272e+02 
 8.91250938e+07 -3.37524201e+01  8.91250938e+07 -1.43617948e+02 
 9.12010839e+07 -3.38013130e+01  9.12010839e+07 -1.43332182e+02 
 9.33254301e+07 -3.38443196e+01  9.33254301e+07 -1.43005840e+02 
 9.54992586e+07 -3.38811349e+01  9.54992586e+07 -1.42641017e+02 
 9.77237221e+07 -3.39114772e+01  9.77237221e+07 -1.42240029e+02 
 1.00000000e+08 -3.39350917e+01  1.00000000e+08 -1.41805395e+02 
