-1.40000000e+01 -1.41900116e+01 -1.40000000e+01  1.39878898e+01 -1.40000000e+01  1.34116638e+01 -1.40000000e+01 -1.48666202e+01 -1.40000000e+01 -1.48666206e+01 
-1.39500000e+01 -1.41900117e+01 -1.39500000e+01  1.39549540e+01 -1.39500000e+01  1.34116635e+01 -1.39500000e+01 -1.48666198e+01 -1.39500000e+01 -1.48666206e+01 
-1.39000000e+01 -1.41900117e+01 -1.39000000e+01  1.39587802e+01 -1.39000000e+01  1.34116635e+01 -1.39000000e+01 -1.48666198e+01 -1.39000000e+01 -1.48666206e+01 
-1.38500000e+01 -1.41900117e+01 -1.38500000e+01  1.39662614e+01 -1.38500000e+01  1.34116635e+01 -1.38500000e+01 -1.48666198e+01 -1.38500000e+01 -1.48666206e+01 
-1.38000000e+01 -1.41900117e+01 -1.38000000e+01  1.39654935e+01 -1.38000000e+01  1.34116635e+01 -1.38000000e+01 -1.48666198e+01 -1.38000000e+01 -1.48666206e+01 
-1.37500000e+01 -1.41900117e+01 -1.37500000e+01  1.39665255e+01 -1.37500000e+01  1.34116635e+01 -1.37500000e+01 -1.48666198e+01 -1.37500000e+01 -1.48666206e+01 
-1.37000000e+01 -1.41900117e+01 -1.37000000e+01  1.39665957e+01 -1.37000000e+01  1.34116635e+01 -1.37000000e+01 -1.48666198e+01 -1.37000000e+01 -1.48666206e+01 
-1.36500000e+01 -1.41900117e+01 -1.36500000e+01  1.39666411e+01 -1.36500000e+01  1.34116635e+01 -1.36500000e+01 -1.48666198e+01 -1.36500000e+01 -1.48666206e+01 
-1.36000000e+01 -1.41900117e+01 -1.36000000e+01  1.39666629e+01 -1.36000000e+01  1.34116635e+01 -1.36000000e+01 -1.48666198e+01 -1.36000000e+01 -1.48666206e+01 
-1.35500000e+01 -1.41900117e+01 -1.35500000e+01  1.39666871e+01 -1.35500000e+01  1.34116635e+01 -1.35500000e+01 -1.48666198e+01 -1.35500000e+01 -1.48666206e+01 
-1.35000000e+01 -1.41900117e+01 -1.35000000e+01  1.39667205e+01 -1.35000000e+01  1.34116635e+01 -1.35000000e+01 -1.48666198e+01 -1.35000000e+01 -1.48666206e+01 
-1.34500000e+01 -1.41900117e+01 -1.34500000e+01  1.39667435e+01 -1.34500000e+01  1.34116635e+01 -1.34500000e+01 -1.48666198e+01 -1.34500000e+01 -1.48666206e+01 
-1.34000000e+01 -1.41900117e+01 -1.34000000e+01  1.39667675e+01 -1.34000000e+01  1.34116635e+01 -1.34000000e+01 -1.48666198e+01 -1.34000000e+01 -1.48666206e+01 
-1.33500000e+01 -1.41900117e+01 -1.33500000e+01  1.39667938e+01 -1.33500000e+01  1.34116635e+01 -1.33500000e+01 -1.48666198e+01 -1.33500000e+01 -1.48666206e+01 
-1.33000000e+01 -1.41900117e+01 -1.33000000e+01  1.39668186e+01 -1.33000000e+01  1.34116635e+01 -1.33000000e+01 -1.48666198e+01 -1.33000000e+01 -1.48666206e+01 
-1.32500000e+01 -1.41900117e+01 -1.32500000e+01  1.39668429e+01 -1.32500000e+01  1.34116635e+01 -1.32500000e+01 -1.48666198e+01 -1.32500000e+01 -1.48666206e+01 
-1.32000000e+01 -1.41900117e+01 -1.32000000e+01  1.39668676e+01 -1.32000000e+01  1.34116635e+01 -1.32000000e+01 -1.48666198e+01 -1.32000000e+01 -1.48666206e+01 
-1.31500000e+01 -1.41900117e+01 -1.31500000e+01  1.39668976e+01 -1.31500000e+01  1.34116635e+01 -1.31500000e+01 -1.48666198e+01 -1.31500000e+01 -1.48666206e+01 
-1.31000000e+01 -1.41900117e+01 -1.31000000e+01  1.39669168e+01 -1.31000000e+01  1.34116635e+01 -1.31000000e+01 -1.48666198e+01 -1.31000000e+01 -1.48666206e+01 
-1.30500000e+01 -1.41900117e+01 -1.30500000e+01  1.39669450e+01 -1.30500000e+01  1.34116635e+01 -1.30500000e+01 -1.48666198e+01 -1.30500000e+01 -1.48666206e+01 
-1.30000000e+01 -1.41900117e+01 -1.30000000e+01  1.39669661e+01 -1.30000000e+01  1.34116635e+01 -1.30000000e+01 -1.48666198e+01 -1.30000000e+01 -1.48666206e+01 
-1.29500000e+01 -1.41900117e+01 -1.29500000e+01  1.39669974e+01 -1.29500000e+01  1.34116635e+01 -1.29500000e+01 -1.48666198e+01 -1.29500000e+01 -1.48666206e+01 
-1.29000000e+01 -1.41900117e+01 -1.29000000e+01  1.39670190e+01 -1.29000000e+01  1.34116635e+01 -1.29000000e+01 -1.48666198e+01 -1.29000000e+01 -1.48666206e+01 
-1.28500000e+01 -1.41900117e+01 -1.28500000e+01  1.39670494e+01 -1.28500000e+01  1.34116635e+01 -1.28500000e+01 -1.48666198e+01 -1.28500000e+01 -1.48666206e+01 
-1.28000000e+01 -1.41900117e+01 -1.28000000e+01  1.39670736e+01 -1.28000000e+01  1.34116635e+01 -1.28000000e+01 -1.48666198e+01 -1.28000000e+01 -1.48666206e+01 
-1.27500000e+01 -1.41900117e+01 -1.27500000e+01  1.39670978e+01 -1.27500000e+01  1.34116635e+01 -1.27500000e+01 -1.48666198e+01 -1.27500000e+01 -1.48666206e+01 
-1.27000000e+01 -1.41900117e+01 -1.27000000e+01  1.39671270e+01 -1.27000000e+01  1.34116635e+01 -1.27000000e+01 -1.48666198e+01 -1.27000000e+01 -1.48666206e+01 
-1.26500000e+01 -1.41900117e+01 -1.26500000e+01  1.39671483e+01 -1.26500000e+01  1.34116635e+01 -1.26500000e+01 -1.48666198e+01 -1.26500000e+01 -1.48666206e+01 
-1.26000000e+01 -1.41900117e+01 -1.26000000e+01  1.39671763e+01 -1.26000000e+01  1.34116635e+01 -1.26000000e+01 -1.48666198e+01 -1.26000000e+01 -1.48666206e+01 
-1.25500000e+01 -1.41900117e+01 -1.25500000e+01  1.39672008e+01 -1.25500000e+01  1.34116635e+01 -1.25500000e+01 -1.48666198e+01 -1.25500000e+01 -1.48666206e+01 
-1.25000000e+01 -1.41900117e+01 -1.25000000e+01  1.39672252e+01 -1.25000000e+01  1.34116635e+01 -1.25000000e+01 -1.48666198e+01 -1.25000000e+01 -1.48666206e+01 
-1.24500000e+01 -1.41900117e+01 -1.24500000e+01  1.39672505e+01 -1.24500000e+01  1.34116635e+01 -1.24500000e+01 -1.48666198e+01 -1.24500000e+01 -1.48666206e+01 
-1.24000000e+01 -1.41900117e+01 -1.24000000e+01  1.39672794e+01 -1.24000000e+01  1.34116635e+01 -1.24000000e+01 -1.48666198e+01 -1.24000000e+01 -1.48666206e+01 
-1.23500000e+01 -1.41900117e+01 -1.23500000e+01  1.39673049e+01 -1.23500000e+01  1.34116635e+01 -1.23500000e+01 -1.48666198e+01 -1.23500000e+01 -1.48666206e+01 
-1.23000000e+01 -1.41900117e+01 -1.23000000e+01  1.39673304e+01 -1.23000000e+01  1.34116635e+01 -1.23000000e+01 -1.48666198e+01 -1.23000000e+01 -1.48666206e+01 
-1.22500000e+01 -1.41900117e+01 -1.22500000e+01  1.39673533e+01 -1.22500000e+01  1.34116635e+01 -1.22500000e+01 -1.48666198e+01 -1.22500000e+01 -1.48666206e+01 
-1.22000000e+01 -1.41900117e+01 -1.22000000e+01  1.39673810e+01 -1.22000000e+01  1.34116635e+01 -1.22000000e+01 -1.48666198e+01 -1.22000000e+01 -1.48666206e+01 
-1.21500000e+01 -1.41900117e+01 -1.21500000e+01  1.39674089e+01 -1.21500000e+01  1.34116635e+01 -1.21500000e+01 -1.48666198e+01 -1.21500000e+01 -1.48666206e+01 
-1.21000000e+01 -1.41900117e+01 -1.21000000e+01  1.39674371e+01 -1.21000000e+01  1.34116635e+01 -1.21000000e+01 -1.48666198e+01 -1.21000000e+01 -1.48666206e+01 
-1.20500000e+01 -1.41900117e+01 -1.20500000e+01  1.39674583e+01 -1.20500000e+01  1.34116635e+01 -1.20500000e+01 -1.48666198e+01 -1.20500000e+01 -1.48666206e+01 
-1.20000000e+01 -1.41900117e+01 -1.20000000e+01  1.39674855e+01 -1.20000000e+01  1.34116635e+01 -1.20000000e+01 -1.48666198e+01 -1.20000000e+01 -1.48666206e+01 
-1.19500000e+01 -1.41900117e+01 -1.19500000e+01  1.39675091e+01 -1.19500000e+01  1.34116635e+01 -1.19500000e+01 -1.48666198e+01 -1.19500000e+01 -1.48666206e+01 
-1.19000000e+01 -1.41900117e+01 -1.19000000e+01  1.39675351e+01 -1.19000000e+01  1.34116635e+01 -1.19000000e+01 -1.48666198e+01 -1.19000000e+01 -1.48666206e+01 
-1.18500000e+01 -1.41900117e+01 -1.18500000e+01  1.39675645e+01 -1.18500000e+01  1.34116635e+01 -1.18500000e+01 -1.48666198e+01 -1.18500000e+01 -1.48666206e+01 
-1.18000000e+01 -1.41900117e+01 -1.18000000e+01  1.39675935e+01 -1.18000000e+01  1.34116635e+01 -1.18000000e+01 -1.48666198e+01 -1.18000000e+01 -1.48666206e+01 
-1.17500000e+01 -1.41900117e+01 -1.17500000e+01  1.39676172e+01 -1.17500000e+01  1.34116635e+01 -1.17500000e+01 -1.48666198e+01 -1.17500000e+01 -1.48666206e+01 
-1.17000000e+01 -1.41900117e+01 -1.17000000e+01  1.39676419e+01 -1.17000000e+01  1.34116635e+01 -1.17000000e+01 -1.48666198e+01 -1.17000000e+01 -1.48666206e+01 
-1.16500000e+01 -1.41900117e+01 -1.16500000e+01  1.39676677e+01 -1.16500000e+01  1.34116635e+01 -1.16500000e+01 -1.48666198e+01 -1.16500000e+01 -1.48666206e+01 
-1.16000000e+01 -1.41900117e+01 -1.16000000e+01  1.39676965e+01 -1.16000000e+01  1.34116635e+01 -1.16000000e+01 -1.48666198e+01 -1.16000000e+01 -1.48666206e+01 
-1.15500000e+01 -1.41900117e+01 -1.15500000e+01  1.39677233e+01 -1.15500000e+01  1.34116635e+01 -1.15500000e+01 -1.48666198e+01 -1.15500000e+01 -1.48666206e+01 
-1.15000000e+01 -1.41900117e+01 -1.15000000e+01  1.39677512e+01 -1.15000000e+01  1.34116635e+01 -1.15000000e+01 -1.48666198e+01 -1.15000000e+01 -1.48666206e+01 
-1.14500000e+01 -1.41900117e+01 -1.14500000e+01  1.39677764e+01 -1.14500000e+01  1.34116635e+01 -1.14500000e+01 -1.48666198e+01 -1.14500000e+01 -1.48666206e+01 
-1.14000000e+01 -1.41900117e+01 -1.14000000e+01  1.39677998e+01 -1.14000000e+01  1.34116635e+01 -1.14000000e+01 -1.48666198e+01 -1.14000000e+01 -1.48666206e+01 
-1.13500000e+01 -1.41900117e+01 -1.13500000e+01  1.39678234e+01 -1.13500000e+01  1.34116635e+01 -1.13500000e+01 -1.48666198e+01 -1.13500000e+01 -1.48666206e+01 
-1.13000000e+01 -1.41900117e+01 -1.13000000e+01  1.39678552e+01 -1.13000000e+01  1.34116635e+01 -1.13000000e+01 -1.48666198e+01 -1.13000000e+01 -1.48666206e+01 
-1.12500000e+01 -1.41900117e+01 -1.12500000e+01  1.39678780e+01 -1.12500000e+01  1.34116635e+01 -1.12500000e+01 -1.48666198e+01 -1.12500000e+01 -1.48666206e+01 
-1.12000000e+01 -1.41900117e+01 -1.12000000e+01  1.39679046e+01 -1.12000000e+01  1.34116635e+01 -1.12000000e+01 -1.48666198e+01 -1.12000000e+01 -1.48666206e+01 
-1.11500000e+01 -1.41900117e+01 -1.11500000e+01  1.39679303e+01 -1.11500000e+01  1.34116635e+01 -1.11500000e+01 -1.48666198e+01 -1.11500000e+01 -1.48666206e+01 
-1.11000000e+01 -1.41900117e+01 -1.11000000e+01  1.39679539e+01 -1.11000000e+01  1.34116635e+01 -1.11000000e+01 -1.48666198e+01 -1.11000000e+01 -1.48666206e+01 
-1.10500000e+01 -1.41900117e+01 -1.10500000e+01  1.39679840e+01 -1.10500000e+01  1.34116635e+01 -1.10500000e+01 -1.48666198e+01 -1.10500000e+01 -1.48666206e+01 
-1.10000000e+01 -1.41900117e+01 -1.10000000e+01  1.39680139e+01 -1.10000000e+01  1.34116635e+01 -1.10000000e+01 -1.48666198e+01 -1.10000000e+01 -1.48666206e+01 
-1.09500000e+01 -1.41900117e+01 -1.09500000e+01  1.39680423e+01 -1.09500000e+01  1.34116635e+01 -1.09500000e+01 -1.48666198e+01 -1.09500000e+01 -1.48666206e+01 
-1.09000000e+01 -1.41900117e+01 -1.09000000e+01  1.39680624e+01 -1.09000000e+01  1.34116635e+01 -1.09000000e+01 -1.48666198e+01 -1.09000000e+01 -1.48666206e+01 
-1.08500000e+01 -1.41900117e+01 -1.08500000e+01  1.39680902e+01 -1.08500000e+01  1.34116635e+01 -1.08500000e+01 -1.48666198e+01 -1.08500000e+01 -1.48666206e+01 
-1.08000000e+01 -1.41900117e+01 -1.08000000e+01  1.39681167e+01 -1.08000000e+01  1.34116635e+01 -1.08000000e+01 -1.48666198e+01 -1.08000000e+01 -1.48666206e+01 
-1.07500000e+01 -1.41900117e+01 -1.07500000e+01  1.39681436e+01 -1.07500000e+01  1.34116635e+01 -1.07500000e+01 -1.48666198e+01 -1.07500000e+01 -1.48666206e+01 
-1.07000000e+01 -1.41900117e+01 -1.07000000e+01  1.39681734e+01 -1.07000000e+01  1.34116635e+01 -1.07000000e+01 -1.48666198e+01 -1.07000000e+01 -1.48666206e+01 
-1.06500000e+01 -1.41900117e+01 -1.06500000e+01  1.39681976e+01 -1.06500000e+01  1.34116635e+01 -1.06500000e+01 -1.48666198e+01 -1.06500000e+01 -1.48666206e+01 
-1.06000000e+01 -1.41900117e+01 -1.06000000e+01  1.39682276e+01 -1.06000000e+01  1.34116635e+01 -1.06000000e+01 -1.48666198e+01 -1.06000000e+01 -1.48666206e+01 
-1.05500000e+01 -1.41900117e+01 -1.05500000e+01  1.39682489e+01 -1.05500000e+01  1.34116635e+01 -1.05500000e+01 -1.48666198e+01 -1.05500000e+01 -1.48666206e+01 
-1.05000000e+01 -1.41900117e+01 -1.05000000e+01  1.39682785e+01 -1.05000000e+01  1.34116635e+01 -1.05000000e+01 -1.48666198e+01 -1.05000000e+01 -1.48666206e+01 
-1.04500000e+01 -1.41900117e+01 -1.04500000e+01  1.39683063e+01 -1.04500000e+01  1.34116635e+01 -1.04500000e+01 -1.48666198e+01 -1.04500000e+01 -1.48666206e+01 
-1.04000000e+01 -1.41900117e+01 -1.04000000e+01  1.39683300e+01 -1.04000000e+01  1.34116635e+01 -1.04000000e+01 -1.48666198e+01 -1.04000000e+01 -1.48666206e+01 
-1.03500000e+01 -1.41900117e+01 -1.03500000e+01  1.39683588e+01 -1.03500000e+01  1.34116635e+01 -1.03500000e+01 -1.48666198e+01 -1.03500000e+01 -1.48666206e+01 
-1.03000000e+01 -1.41900117e+01 -1.03000000e+01  1.39683869e+01 -1.03000000e+01  1.34116635e+01 -1.03000000e+01 -1.48666198e+01 -1.03000000e+01 -1.48666206e+01 
-1.02500000e+01 -1.41900117e+01 -1.02500000e+01  1.39684111e+01 -1.02500000e+01  1.34116635e+01 -1.02500000e+01 -1.48666198e+01 -1.02500000e+01 -1.48666206e+01 
-1.02000000e+01 -1.41900117e+01 -1.02000000e+01  1.39684447e+01 -1.02000000e+01  1.34116635e+01 -1.02000000e+01 -1.48666198e+01 -1.02000000e+01 -1.48666206e+01 
-1.01500000e+01 -1.41900117e+01 -1.01500000e+01  1.39684677e+01 -1.01500000e+01  1.34116635e+01 -1.01500000e+01 -1.48666198e+01 -1.01500000e+01 -1.48666206e+01 
-1.01000000e+01 -1.41900117e+01 -1.01000000e+01  1.39684949e+01 -1.01000000e+01  1.34116635e+01 -1.01000000e+01 -1.48666198e+01 -1.01000000e+01 -1.48666206e+01 
-1.00500000e+01 -1.41900117e+01 -1.00500000e+01  1.39685219e+01 -1.00500000e+01  1.34116635e+01 -1.00500000e+01 -1.48666198e+01 -1.00500000e+01 -1.48666206e+01 
-1.00000000e+01 -1.41900117e+01 -1.00000000e+01  1.39685466e+01 -1.00000000e+01  1.34116635e+01 -1.00000000e+01 -1.48666198e+01 -1.00000000e+01 -1.48666206e+01 
-9.95000000e+00 -1.41900117e+01 -9.95000000e+00  1.39685728e+01 -9.95000000e+00  1.34116635e+01 -9.95000000e+00 -1.48666198e+01 -9.95000000e+00 -1.48666206e+01 
-9.90000000e+00 -1.41900117e+01 -9.90000000e+00  1.39686054e+01 -9.90000000e+00  1.34116635e+01 -9.90000000e+00 -1.48666198e+01 -9.90000000e+00 -1.48666206e+01 
-9.85000000e+00 -1.41900117e+01 -9.85000000e+00  1.39686312e+01 -9.85000000e+00  1.34116635e+01 -9.85000000e+00 -1.48666198e+01 -9.85000000e+00 -1.48666206e+01 
-9.80000000e+00 -1.41900117e+01 -9.80000000e+00  1.39686597e+01 -9.80000000e+00  1.34116635e+01 -9.80000000e+00 -1.48666198e+01 -9.80000000e+00 -1.48666206e+01 
-9.75000000e+00 -1.41900117e+01 -9.75000000e+00  1.39686844e+01 -9.75000000e+00  1.34116635e+01 -9.75000000e+00 -1.48666198e+01 -9.75000000e+00 -1.48666206e+01 
-9.70000000e+00 -1.41900117e+01 -9.70000000e+00  1.39687118e+01 -9.70000000e+00  1.34116635e+01 -9.70000000e+00 -1.48666198e+01 -9.70000000e+00 -1.48666206e+01 
-9.65000000e+00 -1.41900117e+01 -9.65000000e+00  1.39687387e+01 -9.65000000e+00  1.34116635e+01 -9.65000000e+00 -1.48666198e+01 -9.65000000e+00 -1.48666206e+01 
-9.60000000e+00 -1.41900117e+01 -9.60000000e+00  1.39687686e+01 -9.60000000e+00  1.34116635e+01 -9.60000000e+00 -1.48666198e+01 -9.60000000e+00 -1.48666206e+01 
-9.55000000e+00 -1.41900117e+01 -9.55000000e+00  1.39687916e+01 -9.55000000e+00  1.34116635e+01 -9.55000000e+00 -1.48666198e+01 -9.55000000e+00 -1.48666206e+01 
-9.50000000e+00 -1.41900117e+01 -9.50000000e+00  1.39688233e+01 -9.50000000e+00  1.34116635e+01 -9.50000000e+00 -1.48666198e+01 -9.50000000e+00 -1.48666206e+01 
-9.45000000e+00 -1.41900117e+01 -9.45000000e+00  1.39688440e+01 -9.45000000e+00  1.34116635e+01 -9.45000000e+00 -1.48666198e+01 -9.45000000e+00 -1.48666206e+01 
-9.40000000e+00 -1.41900117e+01 -9.40000000e+00  1.39688750e+01 -9.40000000e+00  1.34116635e+01 -9.40000000e+00 -1.48666198e+01 -9.40000000e+00 -1.48666206e+01 
-9.35000000e+00 -1.41900117e+01 -9.35000000e+00  1.39689064e+01 -9.35000000e+00  1.34116635e+01 -9.35000000e+00 -1.48666198e+01 -9.35000000e+00 -1.48666206e+01 
-9.30000000e+00 -1.41900117e+01 -9.30000000e+00  1.39689331e+01 -9.30000000e+00  1.34116635e+01 -9.30000000e+00 -1.48666198e+01 -9.30000000e+00 -1.48666206e+01 
-9.25000000e+00 -1.41900117e+01 -9.25000000e+00  1.39689593e+01 -9.25000000e+00  1.34116635e+01 -9.25000000e+00 -1.48666198e+01 -9.25000000e+00 -1.48666206e+01 
-9.20000000e+00 -1.41900117e+01 -9.20000000e+00  1.39689845e+01 -9.20000000e+00  1.34116635e+01 -9.20000000e+00 -1.48666198e+01 -9.20000000e+00 -1.48666206e+01 
-9.15000000e+00 -1.41900117e+01 -9.15000000e+00  1.39690135e+01 -9.15000000e+00  1.34116635e+01 -9.15000000e+00 -1.48666198e+01 -9.15000000e+00 -1.48666206e+01 
-9.10000000e+00 -1.41900117e+01 -9.10000000e+00  1.39690451e+01 -9.10000000e+00  1.34116635e+01 -9.10000000e+00 -1.48666198e+01 -9.10000000e+00 -1.48666206e+01 
-9.05000000e+00 -1.41900117e+01 -9.05000000e+00  1.39690701e+01 -9.05000000e+00  1.34116635e+01 -9.05000000e+00 -1.48666198e+01 -9.05000000e+00 -1.48666206e+01 
-9.00000000e+00 -1.41900117e+01 -9.00000000e+00  1.39690948e+01 -9.00000000e+00  1.34116635e+01 -9.00000000e+00 -1.48666198e+01 -9.00000000e+00 -1.48666206e+01 
-8.95000000e+00 -1.41900117e+01 -8.95000000e+00  1.39691225e+01 -8.95000000e+00  1.34116635e+01 -8.95000000e+00 -1.48666198e+01 -8.95000000e+00 -1.48666206e+01 
-8.90000000e+00 -1.41900117e+01 -8.90000000e+00  1.39691482e+01 -8.90000000e+00  1.34116635e+01 -8.90000000e+00 -1.48666198e+01 -8.90000000e+00 -1.48666206e+01 
-8.85000000e+00 -1.41900117e+01 -8.85000000e+00  1.39691771e+01 -8.85000000e+00  1.34116635e+01 -8.85000000e+00 -1.48666198e+01 -8.85000000e+00 -1.48666206e+01 
-8.80000000e+00 -1.41900117e+01 -8.80000000e+00  1.39692092e+01 -8.80000000e+00  1.34116635e+01 -8.80000000e+00 -1.48666198e+01 -8.80000000e+00 -1.48666206e+01 
-8.75000000e+00 -1.41900117e+01 -8.75000000e+00  1.39692367e+01 -8.75000000e+00  1.34116635e+01 -8.75000000e+00 -1.48666198e+01 -8.75000000e+00 -1.48666206e+01 
-8.70000000e+00 -1.41900117e+01 -8.70000000e+00  1.39692623e+01 -8.70000000e+00  1.34116635e+01 -8.70000000e+00 -1.48666198e+01 -8.70000000e+00 -1.48666206e+01 
-8.65000000e+00 -1.41900117e+01 -8.65000000e+00  1.39692903e+01 -8.65000000e+00  1.34116635e+01 -8.65000000e+00 -1.48666198e+01 -8.65000000e+00 -1.48666206e+01 
-8.60000000e+00 -1.41900117e+01 -8.60000000e+00  1.39693166e+01 -8.60000000e+00  1.34116635e+01 -8.60000000e+00 -1.48666198e+01 -8.60000000e+00 -1.48666206e+01 
-8.55000000e+00 -1.41900117e+01 -8.55000000e+00  1.39693519e+01 -8.55000000e+00  1.34116635e+01 -8.55000000e+00 -1.48666198e+01 -8.55000000e+00 -1.48666206e+01 
-8.50000000e+00 -1.41900117e+01 -8.50000000e+00  1.39693783e+01 -8.50000000e+00  1.34116635e+01 -8.50000000e+00 -1.48666198e+01 -8.50000000e+00 -1.48666206e+01 
-8.45000000e+00 -1.41900117e+01 -8.45000000e+00  1.39694047e+01 -8.45000000e+00  1.34116635e+01 -8.45000000e+00 -1.48666198e+01 -8.45000000e+00 -1.48666206e+01 
-8.40000000e+00 -1.41900117e+01 -8.40000000e+00  1.39694310e+01 -8.40000000e+00  1.34116635e+01 -8.40000000e+00 -1.48666198e+01 -8.40000000e+00 -1.48666206e+01 
-8.35000000e+00 -1.41900117e+01 -8.35000000e+00  1.39694581e+01 -8.35000000e+00  1.34116635e+01 -8.35000000e+00 -1.48666198e+01 -8.35000000e+00 -1.48666206e+01 
-8.30000000e+00 -1.41900117e+01 -8.30000000e+00  1.39694828e+01 -8.30000000e+00  1.34116635e+01 -8.30000000e+00 -1.48666198e+01 -8.30000000e+00 -1.48666206e+01 
-8.25000000e+00 -1.41900117e+01 -8.25000000e+00  1.39695203e+01 -8.25000000e+00  1.34116635e+01 -8.25000000e+00 -1.48666198e+01 -8.25000000e+00 -1.48666206e+01 
-8.20000000e+00 -1.41900117e+01 -8.20000000e+00  1.39695455e+01 -8.20000000e+00  1.34116635e+01 -8.20000000e+00 -1.48666198e+01 -8.20000000e+00 -1.48666206e+01 
-8.15000000e+00 -1.41900117e+01 -8.15000000e+00  1.39695757e+01 -8.15000000e+00  1.34116635e+01 -8.15000000e+00 -1.48666198e+01 -8.15000000e+00 -1.48666206e+01 
-8.10000000e+00 -1.41900117e+01 -8.10000000e+00  1.39695997e+01 -8.10000000e+00  1.34116635e+01 -8.10000000e+00 -1.48666198e+01 -8.10000000e+00 -1.48666206e+01 
-8.05000000e+00 -1.41900117e+01 -8.05000000e+00  1.39696291e+01 -8.05000000e+00  1.34116635e+01 -8.05000000e+00 -1.48666198e+01 -8.05000000e+00 -1.48666206e+01 
-8.00000000e+00 -1.41900117e+01 -8.00000000e+00  1.39696624e+01 -8.00000000e+00  1.34116635e+01 -8.00000000e+00 -1.48666198e+01 -8.00000000e+00 -1.48666206e+01 
-7.95000000e+00 -1.41900117e+01 -7.95000000e+00  1.39696854e+01 -7.95000000e+00  1.34116635e+01 -7.95000000e+00 -1.48666198e+01 -7.95000000e+00 -1.48666206e+01 
-7.90000000e+00 -1.41900117e+01 -7.90000000e+00  1.39697111e+01 -7.90000000e+00  1.34116635e+01 -7.90000000e+00 -1.48666198e+01 -7.90000000e+00 -1.48666206e+01 
-7.85000000e+00 -1.41900117e+01 -7.85000000e+00  1.39697446e+01 -7.85000000e+00  1.34116635e+01 -7.85000000e+00 -1.48666198e+01 -7.85000000e+00 -1.48666206e+01 
-7.80000000e+00 -1.41900117e+01 -7.80000000e+00  1.39697717e+01 -7.80000000e+00  1.34116635e+01 -7.80000000e+00 -1.48666198e+01 -7.80000000e+00 -1.48666206e+01 
-7.75000000e+00 -1.41900117e+01 -7.75000000e+00  1.39697952e+01 -7.75000000e+00  1.34116635e+01 -7.75000000e+00 -1.48666198e+01 -7.75000000e+00 -1.48666206e+01 
-7.70000000e+00 -1.41900117e+01 -7.70000000e+00  1.39698296e+01 -7.70000000e+00  1.34116635e+01 -7.70000000e+00 -1.48666198e+01 -7.70000000e+00 -1.48666206e+01 
-7.65000000e+00 -1.41900117e+01 -7.65000000e+00  1.39698556e+01 -7.65000000e+00  1.34116635e+01 -7.65000000e+00 -1.48666198e+01 -7.65000000e+00 -1.48666206e+01 
-7.60000000e+00 -1.41900117e+01 -7.60000000e+00  1.39698826e+01 -7.60000000e+00  1.34116635e+01 -7.60000000e+00 -1.48666198e+01 -7.60000000e+00 -1.48666206e+01 
-7.55000000e+00 -1.41900117e+01 -7.55000000e+00  1.39699122e+01 -7.55000000e+00  1.34116635e+01 -7.55000000e+00 -1.48666198e+01 -7.55000000e+00 -1.48666206e+01 
-7.50000000e+00 -1.41900117e+01 -7.50000000e+00  1.39699394e+01 -7.50000000e+00  1.34116635e+01 -7.50000000e+00 -1.48666198e+01 -7.50000000e+00 -1.48666206e+01 
-7.45000000e+00 -1.41900117e+01 -7.45000000e+00  1.39699769e+01 -7.45000000e+00  1.34116635e+01 -7.45000000e+00 -1.48666198e+01 -7.45000000e+00 -1.48666206e+01 
-7.40000000e+00 -1.41900117e+01 -7.40000000e+00  1.39699975e+01 -7.40000000e+00  1.34116635e+01 -7.40000000e+00 -1.48666198e+01 -7.40000000e+00 -1.48666206e+01 
-7.35000000e+00 -1.41900117e+01 -7.35000000e+00  1.39700302e+01 -7.35000000e+00  1.34116635e+01 -7.35000000e+00 -1.48666198e+01 -7.35000000e+00 -1.48666206e+01 
-7.30000000e+00 -1.41900117e+01 -7.30000000e+00  1.39700565e+01 -7.30000000e+00  1.34116635e+01 -7.30000000e+00 -1.48666198e+01 -7.30000000e+00 -1.48666206e+01 
-7.25000000e+00 -1.41900117e+01 -7.25000000e+00  1.39700827e+01 -7.25000000e+00  1.34116635e+01 -7.25000000e+00 -1.48666198e+01 -7.25000000e+00 -1.48666206e+01 
-7.20000000e+00 -1.41900117e+01 -7.20000000e+00  1.39701108e+01 -7.20000000e+00  1.34116635e+01 -7.20000000e+00 -1.48666198e+01 -7.20000000e+00 -1.48666206e+01 
-7.15000000e+00 -1.41900117e+01 -7.15000000e+00  1.39701413e+01 -7.15000000e+00  1.34116635e+01 -7.15000000e+00 -1.48666198e+01 -7.15000000e+00 -1.48666206e+01 
-7.10000000e+00 -1.41900117e+01 -7.10000000e+00  1.39701719e+01 -7.10000000e+00  1.34116635e+01 -7.10000000e+00 -1.48666198e+01 -7.10000000e+00 -1.48666206e+01 
-7.05000000e+00 -1.41900117e+01 -7.05000000e+00  1.39702009e+01 -7.05000000e+00  1.34116635e+01 -7.05000000e+00 -1.48666198e+01 -7.05000000e+00 -1.48666206e+01 
-7.00000000e+00 -1.41900117e+01 -7.00000000e+00  1.39702296e+01 -7.00000000e+00  1.34116635e+01 -7.00000000e+00 -1.48666198e+01 -7.00000000e+00 -1.48666206e+01 
-6.95000000e+00 -1.41900117e+01 -6.95000000e+00  1.39702552e+01 -6.95000000e+00  1.34116635e+01 -6.95000000e+00 -1.48666198e+01 -6.95000000e+00 -1.48666206e+01 
-6.90000000e+00 -1.41900117e+01 -6.90000000e+00  1.39702885e+01 -6.90000000e+00  1.34116635e+01 -6.90000000e+00 -1.48666198e+01 -6.90000000e+00 -1.48666206e+01 
-6.85000000e+00 -1.41900117e+01 -6.85000000e+00  1.39703202e+01 -6.85000000e+00  1.34116635e+01 -6.85000000e+00 -1.48666198e+01 -6.85000000e+00 -1.48666206e+01 
-6.80000000e+00 -1.41900117e+01 -6.80000000e+00  1.39703409e+01 -6.80000000e+00  1.34116635e+01 -6.80000000e+00 -1.48666198e+01 -6.80000000e+00 -1.48666206e+01 
-6.75000000e+00 -1.41900117e+01 -6.75000000e+00  1.39703745e+01 -6.75000000e+00  1.34116635e+01 -6.75000000e+00 -1.48666198e+01 -6.75000000e+00 -1.48666206e+01 
-6.70000000e+00 -1.41900117e+01 -6.70000000e+00  1.39704007e+01 -6.70000000e+00  1.34116635e+01 -6.70000000e+00 -1.48666198e+01 -6.70000000e+00 -1.48666206e+01 
-6.65000000e+00 -1.41900117e+01 -6.65000000e+00  1.39704263e+01 -6.65000000e+00  1.34116635e+01 -6.65000000e+00 -1.48666198e+01 -6.65000000e+00 -1.48666206e+01 
-6.60000000e+00 -1.41900117e+01 -6.60000000e+00  1.39704626e+01 -6.60000000e+00  1.34116635e+01 -6.60000000e+00 -1.48666198e+01 -6.60000000e+00 -1.48666206e+01 
-6.55000000e+00 -1.41900117e+01 -6.55000000e+00  1.39704886e+01 -6.55000000e+00  1.34116635e+01 -6.55000000e+00 -1.48666198e+01 -6.55000000e+00 -1.48666206e+01 
-6.50000000e+00 -1.41900117e+01 -6.50000000e+00  1.39705195e+01 -6.50000000e+00  1.34116635e+01 -6.50000000e+00 -1.48666198e+01 -6.50000000e+00 -1.48666206e+01 
-6.45000000e+00 -1.41900117e+01 -6.45000000e+00  1.39705461e+01 -6.45000000e+00  1.34116635e+01 -6.45000000e+00 -1.48666198e+01 -6.45000000e+00 -1.48666206e+01 
-6.40000000e+00 -1.41900117e+01 -6.40000000e+00  1.39705741e+01 -6.40000000e+00  1.34116635e+01 -6.40000000e+00 -1.48666198e+01 -6.40000000e+00 -1.48666206e+01 
-6.35000000e+00 -1.41900117e+01 -6.35000000e+00  1.39706140e+01 -6.35000000e+00  1.34116635e+01 -6.35000000e+00 -1.48666198e+01 -6.35000000e+00 -1.48666206e+01 
-6.30000000e+00 -1.41900117e+01 -6.30000000e+00  1.39706401e+01 -6.30000000e+00  1.34116635e+01 -6.30000000e+00 -1.48666198e+01 -6.30000000e+00 -1.48666206e+01 
-6.25000000e+00 -1.41900117e+01 -6.25000000e+00  1.39706693e+01 -6.25000000e+00  1.34116635e+01 -6.25000000e+00 -1.48666198e+01 -6.25000000e+00 -1.48666206e+01 
-6.20000000e+00 -1.41900117e+01 -6.20000000e+00  1.39706939e+01 -6.20000000e+00  1.34116635e+01 -6.20000000e+00 -1.48666198e+01 -6.20000000e+00 -1.48666206e+01 
-6.15000000e+00 -1.41900117e+01 -6.15000000e+00  1.39707247e+01 -6.15000000e+00  1.34116635e+01 -6.15000000e+00 -1.48666198e+01 -6.15000000e+00 -1.48666206e+01 
-6.10000000e+00 -1.41900117e+01 -6.10000000e+00  1.39707560e+01 -6.10000000e+00  1.34116635e+01 -6.10000000e+00 -1.48666198e+01 -6.10000000e+00 -1.48666206e+01 
-6.05000000e+00 -1.41900117e+01 -6.05000000e+00  1.39707856e+01 -6.05000000e+00  1.34116635e+01 -6.05000000e+00 -1.48666198e+01 -6.05000000e+00 -1.48666206e+01 
-6.00000000e+00 -1.41900117e+01 -6.00000000e+00  1.39708138e+01 -6.00000000e+00  1.34116635e+01 -6.00000000e+00 -1.48666198e+01 -6.00000000e+00 -1.48666206e+01 
-5.95000000e+00 -1.41900117e+01 -5.95000000e+00  1.39708444e+01 -5.95000000e+00  1.34116635e+01 -5.95000000e+00 -1.48666198e+01 -5.95000000e+00 -1.48666206e+01 
-5.90000000e+00 -1.41900117e+01 -5.90000000e+00  1.39708718e+01 -5.90000000e+00  1.34116635e+01 -5.90000000e+00 -1.48666198e+01 -5.90000000e+00 -1.48666206e+01 
-5.85000000e+00 -1.41900117e+01 -5.85000000e+00  1.39709037e+01 -5.85000000e+00  1.34116635e+01 -5.85000000e+00 -1.48666198e+01 -5.85000000e+00 -1.48666206e+01 
-5.80000000e+00 -1.41900117e+01 -5.80000000e+00  1.39709360e+01 -5.80000000e+00  1.34116635e+01 -5.80000000e+00 -1.48666198e+01 -5.80000000e+00 -1.48666206e+01 
-5.75000000e+00 -1.41900117e+01 -5.75000000e+00  1.39709649e+01 -5.75000000e+00  1.34116635e+01 -5.75000000e+00 -1.48666198e+01 -5.75000000e+00 -1.48666206e+01 
-5.70000000e+00 -1.41900117e+01 -5.70000000e+00  1.39709900e+01 -5.70000000e+00  1.34116635e+01 -5.70000000e+00 -1.48666198e+01 -5.70000000e+00 -1.48666206e+01 
-5.65000000e+00 -1.41900117e+01 -5.65000000e+00  1.39710204e+01 -5.65000000e+00  1.34116635e+01 -5.65000000e+00 -1.48666198e+01 -5.65000000e+00 -1.48666206e+01 
-5.60000000e+00 -1.41900117e+01 -5.60000000e+00  1.39710536e+01 -5.60000000e+00  1.34116635e+01 -5.60000000e+00 -1.48666198e+01 -5.60000000e+00 -1.48666206e+01 
-5.55000000e+00 -1.41900117e+01 -5.55000000e+00  1.39710818e+01 -5.55000000e+00  1.34116635e+01 -5.55000000e+00 -1.48666198e+01 -5.55000000e+00 -1.48666206e+01 
-5.50000000e+00 -1.41900117e+01 -5.50000000e+00  1.39711102e+01 -5.50000000e+00  1.34116635e+01 -5.50000000e+00 -1.48666198e+01 -5.50000000e+00 -1.48666206e+01 
-5.45000000e+00 -1.41900117e+01 -5.45000000e+00  1.39711425e+01 -5.45000000e+00  1.34116635e+01 -5.45000000e+00 -1.48666198e+01 -5.45000000e+00 -1.48666206e+01 
-5.40000000e+00 -1.41900117e+01 -5.40000000e+00  1.39711668e+01 -5.40000000e+00  1.34116635e+01 -5.40000000e+00 -1.48666198e+01 -5.40000000e+00 -1.48666206e+01 
-5.35000000e+00 -1.41900117e+01 -5.35000000e+00  1.37708934e+01 -5.35000000e+00  1.34116397e+01 -5.35000000e+00 -1.48666198e+01 -5.35000000e+00 -1.48666206e+01 
-5.30000000e+00 -1.41900117e+01 -5.30000000e+00  1.36517769e+01 -5.30000000e+00  1.34096656e+01 -5.30000000e+00 -1.48666198e+01 -5.30000000e+00 -1.48666206e+01 
-5.25000000e+00 -1.41900117e+01 -5.25000000e+00  1.36132118e+01 -5.25000000e+00  1.34051653e+01 -5.25000000e+00 -1.48666198e+01 -5.25000000e+00 -1.48666206e+01 
-5.20000000e+00 -1.41900117e+01 -5.20000000e+00  1.35854639e+01 -5.20000000e+00  1.33987468e+01 -5.20000000e+00 -1.48666198e+01 -5.20000000e+00 -1.48666206e+01 
-5.15000000e+00 -1.41900117e+01 -5.15000000e+00  1.35638431e+01 -5.15000000e+00  1.33907723e+01 -5.15000000e+00 -1.48666197e+01 -5.15000000e+00 -1.48666206e+01 
-5.10000000e+00 -1.41900116e+01 -5.10000000e+00  1.35406453e+01 -5.10000000e+00  1.33814997e+01 -5.10000000e+00 -1.48666197e+01 -5.10000000e+00 -1.48666205e+01 
-5.05000000e+00 -1.41900116e+01 -5.05000000e+00  1.35155661e+01 -5.05000000e+00  1.33711081e+01 -5.05000000e+00 -1.48666196e+01 -5.05000000e+00 -1.48666205e+01 
-5.00000000e+00 -1.41900116e+01 -5.00000000e+00  1.34901424e+01 -5.00000000e+00  1.33597323e+01 -5.00000000e+00 -1.48666195e+01 -5.00000000e+00 -1.48666205e+01 
-4.95000000e+00 -1.41900116e+01 -4.95000000e+00  1.34642907e+01 -4.95000000e+00  1.33474714e+01 -4.95000000e+00 -1.48666193e+01 -4.95000000e+00 -1.48666204e+01 
-4.90000000e+00 -1.41900115e+01 -4.90000000e+00  1.34378863e+01 -4.90000000e+00  1.33344015e+01 -4.90000000e+00 -1.48666190e+01 -4.90000000e+00 -1.48666204e+01 
-4.85000000e+00 -1.41900115e+01 -4.85000000e+00  1.34108908e+01 -4.85000000e+00  1.33205812e+01 -4.85000000e+00 -1.48666186e+01 -4.85000000e+00 -1.48666204e+01 
-4.80000000e+00 -1.41900114e+01 -4.80000000e+00  1.33832936e+01 -4.80000000e+00  1.33060565e+01 -4.80000000e+00 -1.48666178e+01 -4.80000000e+00 -1.48666203e+01 
-4.75000000e+00 -1.41900114e+01 -4.75000000e+00  1.33550930e+01 -4.75000000e+00  1.32908627e+01 -4.75000000e+00 -1.48666165e+01 -4.75000000e+00 -1.48666203e+01 
-4.70000000e+00 -1.41900113e+01 -4.70000000e+00  1.33262919e+01 -4.70000000e+00  1.32750275e+01 -4.70000000e+00 -1.48666138e+01 -4.70000000e+00 -1.48666202e+01 
-4.65000000e+00 -1.41900111e+01 -4.65000000e+00  1.32968953e+01 -4.65000000e+00  1.32585716e+01 -4.65000000e+00 -1.48666081e+01 -4.65000000e+00 -1.48666200e+01 
-4.60000000e+00 -1.41900107e+01 -4.60000000e+00  1.32669082e+01 -4.60000000e+00  1.32415103e+01 -4.60000000e+00 -1.48665933e+01 -4.60000000e+00 -1.48666196e+01 
-4.55000000e+00 -1.41900094e+01 -4.55000000e+00  1.32363347e+01 -4.55000000e+00  1.32238545e+01 -4.55000000e+00 -1.48665380e+01 -4.55000000e+00 -1.48666183e+01 
-4.50000000e+00 -1.41589809e+01 -4.50000000e+00  1.32287155e+01 -4.50000000e+00  1.32266036e+01 -4.50000000e+00 -1.37489824e+01 -4.50000000e+00 -1.48405180e+01 
-4.45000000e+00 -1.40025386e+01 -4.45000000e+00  1.31933033e+01 -4.45000000e+00  1.31912761e+01 -4.45000000e+00 -1.33608304e+01 -4.45000000e+00 -1.48262106e+01 
-4.40000000e+00 -1.38483833e+01 -4.40000000e+00  1.31860949e+01 -4.40000000e+00  1.31843198e+01 -4.40000000e+00 -1.30867587e+01 -4.40000000e+00 -1.47820700e+01 
-4.35000000e+00 -1.36972278e+01 -4.35000000e+00  1.32213678e+01 -4.35000000e+00  1.32200864e+01 -4.35000000e+00 -1.28784800e+01 -4.35000000e+00 -1.46838503e+01 
-4.30000000e+00 -1.35460126e+01 -4.30000000e+00  1.32575890e+01 -4.30000000e+00  1.32568459e+01 -4.30000000e+00 -1.26885161e+01 -4.30000000e+00 -1.45680754e+01 
-4.25000000e+00 -1.33958225e+01 -4.25000000e+00  1.32818143e+01 -4.25000000e+00  1.32817697e+01 -4.25000000e+00 -1.25060209e+01 -4.25000000e+00 -1.44472049e+01 
-4.20000000e+00 -1.32474382e+01 -4.20000000e+00  1.32826321e+01 -4.20000000e+00  1.32835180e+01 -4.20000000e+00 -1.23313198e+01 -4.20000000e+00 -1.43223732e+01 
-4.15000000e+00 -1.30939422e+01 -4.15000000e+00  1.32473160e+01 -4.15000000e+00  1.32486268e+01 -4.15000000e+00 -1.21682669e+01 -4.15000000e+00 -1.41758527e+01 
-4.10000000e+00 -1.29368780e+01 -4.10000000e+00  1.31989725e+01 -4.10000000e+00  1.32003391e+01 -4.10000000e+00 -1.20090860e+01 -4.10000000e+00 -1.40183764e+01 
-4.05000000e+00 -1.27796006e+01 -4.05000000e+00  1.31498039e+01 -4.05000000e+00  1.31512041e+01 -4.05000000e+00 -1.18498891e+01 -4.05000000e+00 -1.38605039e+01 
-4.00000000e+00 -1.26223173e+01 -4.00000000e+00  1.31006165e+01 -4.00000000e+00  1.31020496e+01 -4.00000000e+00 -1.16908376e+01 -4.00000000e+00 -1.37024905e+01 
-3.95000000e+00 -1.24650099e+01 -3.95000000e+00  1.30513887e+01 -3.95000000e+00  1.30528523e+01 -3.95000000e+00 -1.15318237e+01 -3.95000000e+00 -1.35444055e+01 
-3.90000000e+00 -1.23076876e+01 -3.90000000e+00  1.30021128e+01 -3.90000000e+00  1.30036054e+01 -3.90000000e+00 -1.13728314e+01 -3.90000000e+00 -1.33862826e+01 
-3.85000000e+00 -1.21503494e+01 -3.85000000e+00  1.29527866e+01 -3.85000000e+00  1.29543065e+01 -3.85000000e+00 -1.12138597e+01 -3.85000000e+00 -1.32281204e+01 
-3.80000000e+00 -1.19929944e+01 -3.80000000e+00  1.29034083e+01 -3.80000000e+00  1.29049538e+01 -3.80000000e+00 -1.10549090e+01 -3.80000000e+00 -1.30699161e+01 
-3.75000000e+00 -1.18356215e+01 -3.75000000e+00  1.28539754e+01 -3.75000000e+00  1.28555446e+01 -3.75000000e+00 -1.08959801e+01 -3.75000000e+00 -1.29116662e+01 
-3.70000000e+00 -1.16782292e+01 -3.70000000e+00  1.28044846e+01 -3.70000000e+00  1.28060755e+01 -3.70000000e+00 -1.07370745e+01 -3.70000000e+00 -1.27533660e+01 
-3.65000000e+00 -1.15208157e+01 -3.65000000e+00  1.27549304e+01 -3.65000000e+00  1.27565407e+01 -3.65000000e+00 -1.05781939e+01 -3.65000000e+00 -1.25950093e+01 
-3.60000000e+00 -1.13633780e+01 -3.60000000e+00  1.27053047e+01 -3.60000000e+00  1.27069320e+01 -3.60000000e+00 -1.04193412e+01 -3.60000000e+00 -1.24365872e+01 
-3.55000000e+00 -1.12059117e+01 -3.55000000e+00  1.26555940e+01 -3.55000000e+00  1.26572354e+01 -3.55000000e+00 -1.02605209e+01 -3.55000000e+00 -1.22780858e+01 
-3.50000000e+00 -1.10484072e+01 -3.50000000e+00  1.26057630e+01 -3.50000000e+00  1.26074142e+01 -3.50000000e+00 -1.01017462e+01 -3.50000000e+00 -1.21194726e+01 
-3.45000000e+00 -1.08908835e+01 -3.45000000e+00  1.25558790e+01 -3.45000000e+00  1.25575382e+01 -3.45000000e+00 -9.94299183e+00 -3.45000000e+00 -1.19608105e+01 
-3.40000000e+00 -1.07333596e+01 -3.40000000e+00  1.25059930e+01 -3.40000000e+00  1.25076602e+01 -3.40000000e+00 -9.78424442e+00 -3.40000000e+00 -1.18021501e+01 
-3.35000000e+00 -1.05758343e+01 -3.35000000e+00  1.24561070e+01 -3.35000000e+00  1.24577820e+01 -3.35000000e+00 -9.62550093e+00 -3.35000000e+00 -1.16434915e+01 
-3.30000000e+00 -1.04183081e+01 -3.30000000e+00  1.24062210e+01 -3.30000000e+00  1.24079037e+01 -3.30000000e+00 -9.46676193e+00 -3.30000000e+00 -1.14848353e+01 
-3.25000000e+00 -1.02607811e+01 -3.25000000e+00  1.23563349e+01 -3.25000000e+00  1.23580252e+01 -3.25000000e+00 -9.30802735e+00 -3.25000000e+00 -1.13261815e+01 
-3.20000000e+00 -1.01032535e+01 -3.20000000e+00  1.23064487e+01 -3.20000000e+00  1.23081466e+01 -3.20000000e+00 -9.14929703e+00 -3.20000000e+00 -1.11675299e+01 
-3.15000000e+00 -9.94572520e+00 -3.15000000e+00  1.22565625e+01 -3.15000000e+00  1.22582679e+01 -3.15000000e+00 -8.99057082e+00 -3.15000000e+00 -1.10088805e+01 
-3.10000000e+00 -9.78819627e+00 -3.10000000e+00  1.22066763e+01 -3.10000000e+00  1.22083891e+01 -3.10000000e+00 -8.83184860e+00 -3.10000000e+00 -1.08502333e+01 
-3.05000000e+00 -9.63066673e+00 -3.05000000e+00  1.21567900e+01 -3.05000000e+00  1.21585102e+01 -3.05000000e+00 -8.67313024e+00 -3.05000000e+00 -1.06915882e+01 
-3.00000000e+00 -9.47313662e+00 -3.00000000e+00  1.21069037e+01 -3.00000000e+00  1.21086312e+01 -3.00000000e+00 -8.51441563e+00 -3.00000000e+00 -1.05329452e+01 
-2.95000000e+00 -9.31560597e+00 -2.95000000e+00  1.20570174e+01 -2.95000000e+00  1.20587521e+01 -2.95000000e+00 -8.35570463e+00 -2.95000000e+00 -1.03743041e+01 
-2.90000000e+00 -9.15807479e+00 -2.90000000e+00  1.20071311e+01 -2.90000000e+00  1.20088729e+01 -2.90000000e+00 -8.19699715e+00 -2.90000000e+00 -1.02156651e+01 
-2.85000000e+00 -9.00054312e+00 -2.85000000e+00  1.19572447e+01 -2.85000000e+00  1.19589937e+01 -2.85000000e+00 -8.03829307e+00 -2.85000000e+00 -1.00570279e+01 
-2.80000000e+00 -8.84301097e+00 -2.80000000e+00  1.19073583e+01 -2.80000000e+00  1.19091144e+01 -2.80000000e+00 -7.87959230e+00 -2.80000000e+00 -9.89839257e+00 
-2.75000000e+00 -8.68547837e+00 -2.75000000e+00  1.18574719e+01 -2.75000000e+00  1.18592351e+01 -2.75000000e+00 -7.72089473e+00 -2.75000000e+00 -9.73975908e+00 
-2.70000000e+00 -8.52794535e+00 -2.70000000e+00  1.18075855e+01 -2.70000000e+00  1.18093556e+01 -2.70000000e+00 -7.56220028e+00 -2.70000000e+00 -9.58112737e+00 
-2.65000000e+00 -8.37041191e+00 -2.65000000e+00  1.17576990e+01 -2.65000000e+00  1.17594762e+01 -2.65000000e+00 -7.40350885e+00 -2.65000000e+00 -9.42249739e+00 
-2.60000000e+00 -8.21287808e+00 -2.60000000e+00  1.17078126e+01 -2.60000000e+00  1.17095966e+01 -2.60000000e+00 -7.24482035e+00 -2.60000000e+00 -9.26386910e+00 
-2.55000000e+00 -8.05534389e+00 -2.55000000e+00  1.16579262e+01 -2.55000000e+00  1.16597170e+01 -2.55000000e+00 -7.08613471e+00 -2.55000000e+00 -9.10524247e+00 
-2.50000000e+00 -7.89780934e+00 -2.50000000e+00  1.16080397e+01 -2.50000000e+00  1.16098374e+01 -2.50000000e+00 -6.92745184e+00 -2.50000000e+00 -8.94661745e+00 
-2.45000000e+00 -7.74027445e+00 -2.45000000e+00  1.15581532e+01 -2.45000000e+00  1.15599578e+01 -2.45000000e+00 -6.76877167e+00 -2.45000000e+00 -8.78799402e+00 
-2.40000000e+00 -7.58273924e+00 -2.40000000e+00  1.15082668e+01 -2.40000000e+00  1.15100781e+01 -2.40000000e+00 -6.61009412e+00 -2.40000000e+00 -8.62937212e+00 
-2.35000000e+00 -7.42520372e+00 -2.35000000e+00  1.14583803e+01 -2.35000000e+00  1.14601983e+01 -2.35000000e+00 -6.45141912e+00 -2.35000000e+00 -8.47075173e+00 
-2.30000000e+00 -7.26766791e+00 -2.30000000e+00  1.14084938e+01 -2.30000000e+00  1.14103186e+01 -2.30000000e+00 -6.29274660e+00 -2.30000000e+00 -8.31213282e+00 
-2.25000000e+00 -7.11013182e+00 -2.25000000e+00  1.13586073e+01 -2.25000000e+00  1.13604388e+01 -2.25000000e+00 -6.13407650e+00 -2.25000000e+00 -8.15351534e+00 
-2.20000000e+00 -6.95259547e+00 -2.20000000e+00  1.13087209e+01 -2.20000000e+00  1.13105589e+01 -2.20000000e+00 -5.97540874e+00 -2.20000000e+00 -7.99489927e+00 
-2.15000000e+00 -6.79505887e+00 -2.15000000e+00  1.12588344e+01 -2.15000000e+00  1.12606791e+01 -2.15000000e+00 -5.81674328e+00 -2.15000000e+00 -7.83628457e+00 
-2.10000000e+00 -6.63752202e+00 -2.10000000e+00  1.12089479e+01 -2.10000000e+00  1.12107992e+01 -2.10000000e+00 -5.65808004e+00 -2.10000000e+00 -7.67767122e+00 
-2.05000000e+00 -6.47998495e+00 -2.05000000e+00  1.11590615e+01 -2.05000000e+00  1.11609194e+01 -2.05000000e+00 -5.49941898e+00 -2.05000000e+00 -7.51905919e+00 
-2.00000000e+00 -6.32244767e+00 -2.00000000e+00  1.11091750e+01 -2.00000000e+00  1.11110395e+01 -2.00000000e+00 -5.34076003e+00 -2.00000000e+00 -7.36044843e+00 
-1.95000000e+00 -6.16491017e+00 -1.95000000e+00  1.10592886e+01 -1.95000000e+00  1.10611596e+01 -1.95000000e+00 -5.18210314e+00 -1.95000000e+00 -7.20183894e+00 
-1.90000000e+00 -6.00737248e+00 -1.90000000e+00  1.10094022e+01 -1.90000000e+00  1.10112796e+01 -1.90000000e+00 -5.02344825e+00 -1.90000000e+00 -7.04323067e+00 
-1.85000000e+00 -5.84983461e+00 -1.85000000e+00  1.09595158e+01 -1.85000000e+00  1.09613997e+01 -1.85000000e+00 -4.86479533e+00 -1.85000000e+00 -6.88462360e+00 
-1.80000000e+00 -5.69229656e+00 -1.80000000e+00  1.09096294e+01 -1.80000000e+00  1.09115198e+01 -1.80000000e+00 -4.70614432e+00 -1.80000000e+00 -6.72601771e+00 
-1.75000000e+00 -5.53475835e+00 -1.75000000e+00  1.08597430e+01 -1.75000000e+00  1.08616398e+01 -1.75000000e+00 -4.54749516e+00 -1.75000000e+00 -6.56741296e+00 
-1.70000000e+00 -5.37721998e+00 -1.70000000e+00  1.08098566e+01 -1.70000000e+00  1.08117599e+01 -1.70000000e+00 -4.38884783e+00 -1.70000000e+00 -6.40880934e+00 
-1.65000000e+00 -5.21968146e+00 -1.65000000e+00  1.07599702e+01 -1.65000000e+00  1.07618799e+01 -1.65000000e+00 -4.23020226e+00 -1.65000000e+00 -6.25020682e+00 
-1.60000000e+00 -5.06214280e+00 -1.60000000e+00  1.07100839e+01 -1.60000000e+00  1.07120000e+01 -1.60000000e+00 -4.07155842e+00 -1.60000000e+00 -6.09160536e+00 
-1.55000000e+00 -4.90460400e+00 -1.55000000e+00  1.06601975e+01 -1.55000000e+00  1.06621201e+01 -1.55000000e+00 -3.91291626e+00 -1.55000000e+00 -5.93300496e+00 
-1.50000000e+00 -4.74706509e+00 -1.50000000e+00  1.06103112e+01 -1.50000000e+00  1.06122401e+01 -1.50000000e+00 -3.75427575e+00 -1.50000000e+00 -5.77440559e+00 
-1.45000000e+00 -4.58952605e+00 -1.45000000e+00  1.05604249e+01 -1.45000000e+00  1.05623602e+01 -1.45000000e+00 -3.59563684e+00 -1.45000000e+00 -5.61580722e+00 
-1.40000000e+00 -4.43198691e+00 -1.40000000e+00  1.05105387e+01 -1.40000000e+00  1.05124803e+01 -1.40000000e+00 -3.43699950e+00 -1.40000000e+00 -5.45720984e+00 
-1.35000000e+00 -4.27444767e+00 -1.35000000e+00  1.04606524e+01 -1.35000000e+00  1.04626003e+01 -1.35000000e+00 -3.27836369e+00 -1.35000000e+00 -5.29861341e+00 
-1.30000000e+00 -4.11690833e+00 -1.30000000e+00  1.04107662e+01 -1.30000000e+00  1.04127204e+01 -1.30000000e+00 -3.11972936e+00 -1.30000000e+00 -5.14001792e+00 
-1.25000000e+00 -3.95936890e+00 -1.25000000e+00  1.03608799e+01 -1.25000000e+00  1.03628405e+01 -1.25000000e+00 -2.96109650e+00 -1.25000000e+00 -4.98142335e+00 
-1.20000000e+00 -3.80182939e+00 -1.20000000e+00  1.03109937e+01 -1.20000000e+00  1.03129606e+01 -1.20000000e+00 -2.80246505e+00 -1.20000000e+00 -4.82282968e+00 
-1.15000000e+00 -3.64428981e+00 -1.15000000e+00  1.02611076e+01 -1.15000000e+00  1.02630808e+01 -1.15000000e+00 -2.64383500e+00 -1.15000000e+00 -4.66423689e+00 
-1.10000000e+00 -3.48675015e+00 -1.10000000e+00  1.02112214e+01 -1.10000000e+00  1.02132009e+01 -1.10000000e+00 -2.48520630e+00 -1.10000000e+00 -4.50564496e+00 
-1.05000000e+00 -3.32921043e+00 -1.05000000e+00  1.01613353e+01 -1.05000000e+00  1.01633211e+01 -1.05000000e+00 -2.32657892e+00 -1.05000000e+00 -4.34705387e+00 
-1.00000000e+00 -3.17167065e+00 -1.00000000e+00  1.01114492e+01 -1.00000000e+00  1.01134413e+01 -1.00000000e+00 -2.16795283e+00 -1.00000000e+00 -4.18846359e+00 
-9.50000000e-01 -3.01413083e+00 -9.50000000e-01  1.00615631e+01 -9.50000000e-01  1.00635615e+01 -9.50000000e-01 -2.00932801e+00 -9.50000000e-01 -4.02987412e+00 
-9.00000000e-01 -2.85659095e+00 -9.00000000e-01  1.00116771e+01 -9.00000000e-01  1.00136817e+01 -9.00000000e-01 -1.85070442e+00 -9.00000000e-01 -3.87128544e+00 
-8.50000000e-01 -2.69905103e+00 -8.50000000e-01  9.96179106e+00 -8.50000000e-01  9.96380192e+00 -8.50000000e-01 -1.69208203e+00 -8.50000000e-01 -3.71269752e+00 
-8.00000000e-01 -2.54151108e+00 -8.00000000e-01  9.91190506e+00 -8.00000000e-01  9.91392218e+00 -8.00000000e-01 -1.53346082e+00 -8.00000000e-01 -3.55411035e+00 
-7.50000000e-01 -2.38397110e+00 -7.50000000e-01  9.86201909e+00 -7.50000000e-01  9.86404247e+00 -7.50000000e-01 -1.37484076e+00 -7.50000000e-01 -3.39552391e+00 
-7.00000000e-01 -2.22643109e+00 -7.00000000e-01  9.81213315e+00 -7.00000000e-01  9.81416278e+00 -7.00000000e-01 -1.21622182e+00 -7.00000000e-01 -3.23693819e+00 
-6.50000000e-01 -2.06889106e+00 -6.50000000e-01  9.76224724e+00 -6.50000000e-01  9.76428311e+00 -6.50000000e-01 -1.05760397e+00 -6.50000000e-01 -3.07835317e+00 
-6.00000000e-01 -1.91135101e+00 -6.00000000e-01  9.71236135e+00 -6.00000000e-01  9.71440348e+00 -6.00000000e-01 -8.98987190e-01 -6.00000000e-01 -2.91976883e+00 
-5.50000000e-01 -1.75381095e+00 -5.50000000e-01  9.66247550e+00 -5.50000000e-01  9.66452387e+00 -5.50000000e-01 -7.40371457e-01 -5.50000000e-01 -2.76118515e+00 
-5.00000000e-01 -1.59627088e+00 -5.00000000e-01  9.61258968e+00 -5.00000000e-01  9.61464428e+00 -5.00000000e-01 -5.81756743e-01 -5.00000000e-01 -2.60260213e+00 
-4.50000000e-01 -1.43873081e+00 -4.50000000e-01  9.56270388e+00 -4.50000000e-01  9.56476473e+00 -4.50000000e-01 -4.23143025e-01 -4.50000000e-01 -2.44401974e+00 
-4.00000000e-01 -1.28119074e+00 -4.00000000e-01  9.51281812e+00 -4.00000000e-01  9.51488521e+00 -4.00000000e-01 -2.64530279e-01 -4.00000000e-01 -2.28543798e+00 
-3.50000000e-01 -1.12365068e+00 -3.50000000e-01  9.46293239e+00 -3.50000000e-01  9.46500572e+00 -3.50000000e-01 -1.05918483e-01 -3.50000000e-01 -2.12685682e+00 
-3.00000000e-01 -9.66110630e-01 -3.00000000e-01  9.41304669e+00 -3.00000000e-01  9.41512626e+00 -3.00000000e-01  5.26923863e-02 -3.00000000e-01 -1.96827624e+00 
-2.50000000e-01 -8.08570593e-01 -2.50000000e-01  9.36316102e+00 -2.50000000e-01  9.36524683e+00 -2.50000000e-01  2.11302351e-01 -2.50000000e-01 -1.80969625e+00 
-2.00000000e-01 -6.51030574e-01 -2.00000000e-01  9.31327539e+00 -2.00000000e-01  9.31536744e+00 -2.00000000e-01  3.69911431e-01 -2.00000000e-01 -1.65111682e+00 
-1.50000000e-01 -4.93490578e-01 -1.50000000e-01  9.26338979e+00 -1.50000000e-01  9.26548808e+00 -1.50000000e-01  5.28519650e-01 -1.50000000e-01 -1.49253793e+00 
-1.00000000e-01 -3.35950608e-01 -1.00000000e-01  9.21350422e+00 -1.00000000e-01  9.21560876e+00 -1.00000000e-01  6.87127027e-01 -1.00000000e-01 -1.33395958e+00 
-5.00000000e-02 -1.78410669e-01 -5.00000000e-02  9.16361869e+00 -5.00000000e-02  9.16572947e+00 -5.00000000e-02  8.45733583e-01 -5.00000000e-02 -1.17538175e+00 
 6.44900799e-14 -2.08707633e-02  6.44900799e-14  9.11373319e+00  6.44900799e-14  9.11585022e+00  6.44900799e-14  1.00433934e+00  6.44900799e-14 -1.01680443e+00 
 5.00000000e-02  1.36669104e-01  5.00000000e-02  9.06384772e+00  5.00000000e-02  9.06597101e+00  5.00000000e-02  1.16294431e+00  5.00000000e-02 -8.58227603e-01 
 1.00000000e-01  2.94208930e-01  1.00000000e-01  9.01396230e+00  1.00000000e-01  9.01609184e+00  1.00000000e-01  1.32154852e+00  1.00000000e-01 -6.99651254e-01 
 1.50000000e-01  4.51748710e-01  1.50000000e-01  8.96407690e+00  1.50000000e-01  8.96621271e+00  1.50000000e-01  1.48015199e+00  1.50000000e-01 -5.41075373e-01 
 2.00000000e-01  6.09288441e-01  2.00000000e-01  8.91419155e+00  2.00000000e-01  8.91633362e+00  2.00000000e-01  1.63875473e+00  2.00000000e-01 -3.82499947e-01 
 2.50000000e-01  7.66828120e-01  2.50000000e-01  8.86430623e+00  2.50000000e-01  8.86645456e+00  2.50000000e-01  1.79735677e+00  2.50000000e-01 -2.23924963e-01 
 3.00000000e-01  9.24367742e-01  3.00000000e-01  8.81442094e+00  3.00000000e-01  8.81657556e+00  3.00000000e-01  1.95595811e+00  3.00000000e-01 -6.53504087e-02 
 3.50000000e-01  1.08190730e+00  3.50000000e-01  8.76453570e+00  3.50000000e-01  8.76669659e+00  3.50000000e-01  2.11455879e+00  3.50000000e-01  9.32237282e-02 
 4.00000000e-01  1.23944680e+00  4.00000000e-01  8.71465049e+00  4.00000000e-01  8.71681766e+00  4.00000000e-01  2.27315881e+00  4.00000000e-01  2.51797460e-01 
 4.50000000e-01  1.39698624e+00  4.50000000e-01  8.66476532e+00  4.50000000e-01  8.66693879e+00  4.50000000e-01  2.43175820e+00  4.50000000e-01  4.10370799e-01 
 5.00000000e-01  1.55452560e+00  5.00000000e-01  8.61488019e+00  5.00000000e-01  8.61705995e+00  5.00000000e-01  2.59035696e+00  5.00000000e-01  5.68943756e-01 
 5.50000000e-01  1.71206488e+00  5.50000000e-01  8.56499510e+00  5.50000000e-01  8.56718116e+00  5.50000000e-01  2.74895513e+00  5.50000000e-01  7.27516345e-01 
 6.00000000e-01  1.86960410e+00  6.00000000e-01  8.51511005e+00  6.00000000e-01  8.51730242e+00  6.00000000e-01  2.90755270e+00  6.00000000e-01  8.86088575e-01 
 6.50000000e-01  2.02714323e+00  6.50000000e-01  8.46522503e+00  6.50000000e-01  8.46742372e+00  6.50000000e-01  3.06614971e+00  6.50000000e-01  1.04466046e+00 
 7.00000000e-01  2.18468227e+00  7.00000000e-01  8.41534006e+00  7.00000000e-01  8.41754507e+00  7.00000000e-01  3.22474616e+00  7.00000000e-01  1.20323201e+00 
 7.50000000e-01  2.34222123e+00  7.50000000e-01  8.36545513e+00  7.50000000e-01  8.36766647e+00  7.50000000e-01  3.38334206e+00  7.50000000e-01  1.36180324e+00 
 8.00000000e-01  2.49976010e+00  8.00000000e-01  8.31557023e+00  8.00000000e-01  8.31778792e+00  8.00000000e-01  3.54193745e+00  8.00000000e-01  1.52037415e+00 
 8.50000000e-01  2.65729887e+00  8.50000000e-01  8.26568538e+00  8.50000000e-01  8.26790942e+00  8.50000000e-01  3.70053233e+00  8.50000000e-01  1.67894476e+00 
 9.00000000e-01  2.81483755e+00  9.00000000e-01  8.21580057e+00  9.00000000e-01  8.21803097e+00  9.00000000e-01  3.85912671e+00  9.00000000e-01  1.83751509e+00 
 9.50000000e-01  2.97237613e+00  9.50000000e-01  8.16591581e+00  9.50000000e-01  8.16815257e+00  9.50000000e-01  4.01772061e+00  9.50000000e-01  1.99608513e+00 
 1.00000000e+00  3.12991460e+00  1.00000000e+00  8.11603108e+00  1.00000000e+00  8.11827423e+00  1.00000000e+00  4.17631405e+00  1.00000000e+00  2.15465491e+00 
 1.05000000e+00  3.28745296e+00  1.05000000e+00  8.06614640e+00  1.05000000e+00  8.06839593e+00  1.05000000e+00  4.33490704e+00  1.05000000e+00  2.31322443e+00 
 1.10000000e+00  3.44499121e+00  1.10000000e+00  8.01626176e+00  1.10000000e+00  8.01851769e+00  1.10000000e+00  4.49349960e+00  1.10000000e+00  2.47179371e+00 
 1.15000000e+00  3.60252935e+00  1.15000000e+00  7.96637716e+00  1.15000000e+00  7.96863951e+00  1.15000000e+00  4.65209173e+00  1.15000000e+00  2.63036275e+00 
 1.20000000e+00  3.76006738e+00  1.20000000e+00  7.91649261e+00  1.20000000e+00  7.91876137e+00  1.20000000e+00  4.81068346e+00  1.20000000e+00  2.78893156e+00 
 1.25000000e+00  3.91760528e+00  1.25000000e+00  7.86660810e+00  1.25000000e+00  7.86888330e+00  1.25000000e+00  4.96927479e+00  1.25000000e+00  2.94750016e+00 
 1.30000000e+00  4.07514305e+00  1.30000000e+00  7.81672364e+00  1.30000000e+00  7.81900528e+00  1.30000000e+00  5.12786574e+00  1.30000000e+00  3.10606855e+00 
 1.35000000e+00  4.23268070e+00  1.35000000e+00  7.76683922e+00  1.35000000e+00  7.76912731e+00  1.35000000e+00  5.28645632e+00  1.35000000e+00  3.26463676e+00 
 1.40000000e+00  4.39021822e+00  1.40000000e+00  7.71695485e+00  1.40000000e+00  7.71924941e+00  1.40000000e+00  5.44504655e+00  1.40000000e+00  3.42320477e+00 
 1.45000000e+00  4.54775561e+00  1.45000000e+00  7.66707052e+00  1.45000000e+00  7.66937156e+00  1.45000000e+00  5.60363645e+00  1.45000000e+00  3.58177262e+00 
 1.50000000e+00  4.70529285e+00  1.50000000e+00  7.61718624e+00  1.50000000e+00  7.61949377e+00  1.50000000e+00  5.76222601e+00  1.50000000e+00  3.74034030e+00 
 1.55000000e+00  4.86282996e+00  1.55000000e+00  7.56730200e+00  1.55000000e+00  7.56961604e+00  1.55000000e+00  5.92081527e+00  1.55000000e+00  3.89890783e+00 
 1.60000000e+00  5.02036692e+00  1.60000000e+00  7.51741781e+00  1.60000000e+00  7.51973837e+00  1.60000000e+00  6.07940422e+00  1.60000000e+00  4.05747522e+00 
 1.65000000e+00  5.17790373e+00  1.65000000e+00  7.46753367e+00  1.65000000e+00  7.46986077e+00  1.65000000e+00  6.23799288e+00  1.65000000e+00  4.21604248e+00 
 1.70000000e+00  5.33544039e+00  1.70000000e+00  7.41764958e+00  1.70000000e+00  7.41998322e+00  1.70000000e+00  6.39658127e+00  1.70000000e+00  4.37460961e+00 
 1.75000000e+00  5.49297690e+00  1.75000000e+00  7.36776553e+00  1.75000000e+00  7.37010574e+00  1.75000000e+00  6.55516940e+00  1.75000000e+00  4.53317664e+00 
 1.80000000e+00  5.65051325e+00  1.80000000e+00  7.31788153e+00  1.80000000e+00  7.32022832e+00  1.80000000e+00  6.71375728e+00  1.80000000e+00  4.69174356e+00 
 1.85000000e+00  5.80804943e+00  1.85000000e+00  7.26799758e+00  1.85000000e+00  7.27035097e+00  1.85000000e+00  6.87234492e+00  1.85000000e+00  4.85031039e+00 
 1.90000000e+00  5.96558545e+00  1.90000000e+00  7.21811368e+00  1.90000000e+00  7.22047368e+00  1.90000000e+00  7.03093234e+00  1.90000000e+00  5.00887713e+00 
 1.95000000e+00  6.12312130e+00  1.95000000e+00  7.16822983e+00  1.95000000e+00  7.17059646e+00  1.95000000e+00  7.18951954e+00  1.95000000e+00  5.16744381e+00 
 2.00000000e+00  6.28065698e+00  2.00000000e+00  7.11834603e+00  2.00000000e+00  7.12071930e+00  2.00000000e+00  7.34810655e+00  2.00000000e+00  5.32601042e+00 
 2.05000000e+00  6.43819248e+00  2.05000000e+00  7.06846228e+00  2.05000000e+00  7.07084221e+00  2.05000000e+00  7.50669336e+00  2.05000000e+00  5.48457699e+00 
 2.10000000e+00  6.59572780e+00  2.10000000e+00  7.01857858e+00  2.10000000e+00  7.02096519e+00  2.10000000e+00  7.66528001e+00  2.10000000e+00  5.64314351e+00 
 2.15000000e+00  6.75326293e+00  2.15000000e+00  6.96869494e+00  2.15000000e+00  6.97108824e+00  2.15000000e+00  7.82386649e+00  2.15000000e+00  5.80171000e+00 
 2.20000000e+00  6.91079788e+00  2.20000000e+00  6.91881134e+00  2.20000000e+00  6.92121135e+00  2.20000000e+00  7.98245281e+00  2.20000000e+00  5.96027647e+00 
 2.25000000e+00  7.06833264e+00  2.25000000e+00  6.86892780e+00  2.25000000e+00  6.87133454e+00  2.25000000e+00  8.14103900e+00  2.25000000e+00  6.11884293e+00 
 2.30000000e+00  7.22586719e+00  2.30000000e+00  6.81904430e+00  2.30000000e+00  6.82145780e+00  2.30000000e+00  8.29962507e+00  2.30000000e+00  6.27740938e+00 
 2.35000000e+00  7.38340155e+00  2.35000000e+00  6.76916086e+00  2.35000000e+00  6.77158113e+00  2.35000000e+00  8.45821102e+00  2.35000000e+00  6.43597585e+00 
 2.40000000e+00  7.54093571e+00  2.40000000e+00  6.71927748e+00  2.40000000e+00  6.72170454e+00  2.40000000e+00  8.61679686e+00  2.40000000e+00  6.59454233e+00 
 2.45000000e+00  7.69846966e+00  2.45000000e+00  6.66939415e+00  2.45000000e+00  6.67182802e+00  2.45000000e+00  8.77538261e+00  2.45000000e+00  6.75310884e+00 
 2.50000000e+00  7.85600339e+00  2.50000000e+00  6.61951087e+00  2.50000000e+00  6.62195157e+00  2.50000000e+00  8.93396829e+00  2.50000000e+00  6.91167539e+00 
 2.55000000e+00  8.01353691e+00  2.55000000e+00  6.56962765e+00  2.55000000e+00  6.57207520e+00  2.55000000e+00  9.09255390e+00  2.55000000e+00  7.07024199e+00 
 2.60000000e+00  8.17107021e+00  2.60000000e+00  6.51974448e+00  2.60000000e+00  6.52219891e+00  2.60000000e+00  9.25113945e+00  2.60000000e+00  7.22880865e+00 
 2.65000000e+00  8.32860328e+00  2.65000000e+00  6.46986137e+00  2.65000000e+00  6.47232269e+00  2.65000000e+00  9.40972496e+00  2.65000000e+00  7.38737537e+00 
 2.70000000e+00  8.48613612e+00  2.70000000e+00  6.41997831e+00  2.70000000e+00  6.42244655e+00  2.70000000e+00  9.56831044e+00  2.70000000e+00  7.54594218e+00 
 2.75000000e+00  8.64366873e+00  2.75000000e+00  6.37009531e+00  2.75000000e+00  6.37257049e+00  2.75000000e+00  9.72689590e+00  2.75000000e+00  7.70450907e+00 
 2.80000000e+00  8.80120110e+00  2.80000000e+00  6.32021237e+00  2.80000000e+00  6.32269451e+00  2.80000000e+00  9.88548135e+00  2.80000000e+00  7.86307607e+00 
 2.85000000e+00  8.95873323e+00  2.85000000e+00  6.27032949e+00  2.85000000e+00  6.27281862e+00  2.85000000e+00  1.00440668e+01  2.85000000e+00  8.02164317e+00 
 2.90000000e+00  9.11626511e+00  2.90000000e+00  6.22044666e+00  2.90000000e+00  6.22294280e+00  2.90000000e+00  1.02026523e+01  2.90000000e+00  8.18021040e+00 
 2.95000000e+00  9.27379673e+00  2.95000000e+00  6.17056389e+00  2.95000000e+00  6.17306707e+00  2.95000000e+00  1.03612378e+01  2.95000000e+00  8.33877776e+00 
 3.00000000e+00  9.43132810e+00  3.00000000e+00  6.12068118e+00  3.00000000e+00  6.12319142e+00  3.00000000e+00  1.05198233e+01  3.00000000e+00  8.49734526e+00 
 3.05000000e+00  9.58885921e+00  3.05000000e+00  6.07079853e+00  3.05000000e+00  6.07331586e+00  3.05000000e+00  1.06784089e+01  3.05000000e+00  8.65591291e+00 
 3.10000000e+00  9.74639005e+00  3.10000000e+00  6.02091595e+00  3.10000000e+00  6.02344039e+00  3.10000000e+00  1.08369946e+01  3.10000000e+00  8.81448072e+00 
 3.15000000e+00  9.90392062e+00  3.15000000e+00  5.97103342e+00  3.15000000e+00  5.97356500e+00  3.15000000e+00  1.09955803e+01  3.15000000e+00  8.97304871e+00 
 3.20000000e+00  1.00614509e+01  3.20000000e+00  5.92115095e+00  3.20000000e+00  5.92368970e+00  3.20000000e+00  1.11541661e+01  3.20000000e+00  9.13161688e+00 
 3.25000000e+00  1.02189809e+01  3.25000000e+00  5.87126855e+00  3.25000000e+00  5.87381449e+00  3.25000000e+00  1.13127521e+01  3.25000000e+00  9.29018525e+00 
 3.30000000e+00  1.03765106e+01  3.30000000e+00  5.82138621e+00  3.30000000e+00  5.82393937e+00  3.30000000e+00  1.14713381e+01  3.30000000e+00  9.44875382e+00 
 3.35000000e+00  1.05340401e+01  3.35000000e+00  5.77150393e+00  3.35000000e+00  5.77406435e+00  3.35000000e+00  1.16299243e+01  3.35000000e+00  9.60732261e+00 
 3.40000000e+00  1.06915692e+01  3.40000000e+00  5.72162172e+00  3.40000000e+00  5.72418941e+00  3.40000000e+00  1.17885106e+01  3.40000000e+00  9.76589162e+00 
 3.45000000e+00  1.08490980e+01  3.45000000e+00  5.67173957e+00  3.45000000e+00  5.67431458e+00  3.45000000e+00  1.19470970e+01  3.45000000e+00  9.92446088e+00 
 3.50000000e+00  1.10066265e+01  3.50000000e+00  5.62185748e+00  3.50000000e+00  5.62443983e+00  3.50000000e+00  1.21056836e+01  3.50000000e+00  1.00830304e+01 
 3.55000000e+00  1.11641547e+01  3.55000000e+00  5.57197547e+00  3.55000000e+00  5.57456519e+00  3.55000000e+00  1.22642704e+01  3.55000000e+00  1.02416002e+01 
 3.60000000e+00  1.13216826e+01  3.60000000e+00  5.52209351e+00  3.60000000e+00  5.52469064e+00  3.60000000e+00  1.24228574e+01  3.60000000e+00  1.04001702e+01 
 3.65000000e+00  1.14792101e+01  3.65000000e+00  5.47221163e+00  3.65000000e+00  5.47481619e+00  3.65000000e+00  1.25814446e+01  3.65000000e+00  1.05587405e+01 
 3.70000000e+00  1.16367373e+01  3.70000000e+00  5.42232981e+00  3.70000000e+00  5.42494184e+00  3.70000000e+00  1.27400320e+01  3.70000000e+00  1.07173112e+01 
 3.75000000e+00  1.17942641e+01  3.75000000e+00  5.37244806e+00  3.75000000e+00  5.37506760e+00  3.75000000e+00  1.28986196e+01  3.75000000e+00  1.08758821e+01 
 3.80000000e+00  1.19517906e+01  3.80000000e+00  5.32256639e+00  3.80000000e+00  5.32519346e+00  3.80000000e+00  1.30572075e+01  3.80000000e+00  1.10344533e+01 
 3.85000000e+00  1.21093168e+01  3.85000000e+00  5.27268478e+00  3.85000000e+00  5.27531942e+00  3.85000000e+00  1.32157956e+01  3.85000000e+00  1.11930249e+01 
 3.90000000e+00  1.22668426e+01  3.90000000e+00  5.22280324e+00  3.90000000e+00  5.22544549e+00  3.90000000e+00  1.33743840e+01  3.90000000e+00  1.13515969e+01 
 3.95000000e+00  1.24243676e+01  3.95000000e+00  5.17292182e+00  3.95000000e+00  5.17557175e+00  3.95000000e+00  1.35329722e+01  3.95000000e+00  1.15101687e+01 
 4.00000000e+00  1.25818525e+01  4.00000000e+00  5.12304474e+00  4.00000000e+00  5.12570639e+00  4.00000000e+00  1.36915209e+01  4.00000000e+00  1.16687011e+01 
 4.05000000e+00  1.27359803e+01  4.05000000e+00  5.07352945e+00  4.05000000e+00  5.07654050e+00  4.05000000e+00  1.38466902e+01  4.05000000e+00  1.18238545e+01 
 4.10000000e+00  1.28555803e+01  4.10000000e+00  5.02772775e+00  4.10000000e+00  5.03456083e+00  4.10000000e+00  1.39670991e+01  4.10000000e+00  1.19442511e+01 
 4.15000000e+00  1.29437867e+01  4.15000000e+00  4.98527164e+00  4.15000000e+00  4.99908342e+00  4.15000000e+00  1.40559022e+01  4.15000000e+00  1.20330451e+01 
 4.20000000e+00  1.29769256e+01  4.20000000e+00  4.94860310e+00  4.20000000e+00  4.97492884e+00  4.20000000e+00  1.40892654e+01  4.20000000e+00  1.20664049e+01 
 4.25000000e+00  1.29935772e+01  4.25000000e+00  4.91352284e+00  4.25000000e+00  4.95401407e+00  4.25000000e+00  1.41060297e+01  4.25000000e+00  1.20831674e+01 
 4.30000000e+00  1.29998170e+01  4.30000000e+00  4.87934366e+00  4.30000000e+00  4.93503614e+00  4.30000000e+00  1.41123118e+01  4.30000000e+00  1.20894489e+01 
 4.35000000e+00  1.30017696e+01  4.35000000e+00  4.84540268e+00  4.35000000e+00  4.91671176e+00  4.35000000e+00  1.41142777e+01  4.35000000e+00  1.20914144e+01 
 4.40000000e+00  1.30016163e+01  4.40000000e+00  4.81146419e+00  4.40000000e+00  4.89858131e+00  4.40000000e+00  1.41141233e+01  4.40000000e+00  1.20912600e+01 
 4.45000000e+00  1.29998304e+01  4.45000000e+00  4.77747276e+00  4.45000000e+00  4.88053687e+00  4.45000000e+00  1.41123254e+01  4.45000000e+00  1.20894622e+01 
 4.50000000e+00  1.29968605e+01  4.50000000e+00  4.74337777e+00  4.50000000e+00  4.86247779e+00  4.50000000e+00  1.41093355e+01  4.50000000e+00  1.20864725e+01 
 4.55000000e+00  1.29930491e+01  4.55000000e+00  4.70914091e+00  4.55000000e+00  4.84432639e+00  4.55000000e+00  1.41054983e+01  4.55000000e+00  1.20826356e+01 
 4.60000000e+00  1.29886196e+01  4.60000000e+00  4.67473657e+00  4.60000000e+00  4.82602959e+00  4.60000000e+00  1.41010389e+01  4.60000000e+00  1.20781765e+01 
 4.65000000e+00  1.29837250e+01  4.65000000e+00  4.64014651e+00  4.65000000e+00  4.80754874e+00  4.65000000e+00  1.40961112e+01  4.65000000e+00  1.20732493e+01 
 4.70000000e+00  1.29784757e+01  4.70000000e+00  4.60535676e+00  4.70000000e+00  4.78885369e+00  4.70000000e+00  1.40908264e+01  4.70000000e+00  1.20679649e+01 
 4.75000000e+00  1.29729541e+01  4.75000000e+00  4.57035595e+00  4.75000000e+00  4.76991965e+00  4.75000000e+00  1.40852674e+01  4.75000000e+00  1.20624065e+01 
 4.80000000e+00  1.29672237e+01  4.80000000e+00  4.53513427e+00  4.80000000e+00  4.75072528e+00  4.80000000e+00  1.40794984e+01  4.80000000e+00  1.20566379e+01 
 4.85000000e+00  1.29613350e+01  4.85000000e+00  4.49968282e+00  4.85000000e+00  4.73125145e+00  4.85000000e+00  1.40735699e+01  4.85000000e+00  1.20507099e+01 
 4.90000000e+00  1.29553290e+01  4.90000000e+00  4.46399309e+00  4.90000000e+00  4.71148037e+00  4.90000000e+00  1.40675233e+01  4.90000000e+00  1.20446638e+01 
 4.95000000e+00  1.29492400e+01  4.95000000e+00  4.42805663e+00  4.95000000e+00  4.69139507e+00  4.95000000e+00  1.40613931e+01  4.95000000e+00  1.20385341e+01 
 5.00000000e+00  1.29430972e+01  5.00000000e+00  4.39186479e+00  5.00000000e+00  4.67097893e+00  5.00000000e+00  1.40552088e+01  5.00000000e+00  1.20323504e+01 
 5.05000000e+00  1.29369265e+01  5.05000000e+00  4.35540848e+00  5.05000000e+00  4.65021540e+00  5.05000000e+00  1.40489964e+01  5.05000000e+00  1.20261385e+01 
 5.10000000e+00  1.29307509e+01  5.10000000e+00  4.31867795e+00  5.10000000e+00  4.62908784e+00  5.10000000e+00  1.40427790e+01  5.10000000e+00  1.20199217e+01 
 5.15000000e+00  1.29245915e+01  5.15000000e+00  4.28166261e+00  5.15000000e+00  4.60757927e+00  5.15000000e+00  1.40365780e+01  5.15000000e+00  1.20137212e+01 
 5.20000000e+00  1.29184684e+01  5.20000000e+00  4.24435079e+00  5.20000000e+00  4.58567238e+00  5.20000000e+00  1.40304135e+01  5.20000000e+00  1.20075572e+01 
 5.25000000e+00  1.29124006e+01  5.25000000e+00  4.20672955e+00  5.25000000e+00  4.56334942e+00  5.25000000e+00  1.40243047e+01  5.25000000e+00  1.20014489e+01 
 5.30000000e+00  1.29064069e+01  5.30000000e+00  4.16878441e+00  5.30000000e+00  4.54059235e+00  5.30000000e+00  1.40182706e+01  5.30000000e+00  1.19954153e+01 
 5.35000000e+00  1.29005063e+01  5.35000000e+00  4.13049905e+00  5.35000000e+00  4.51738291e+00  5.35000000e+00  1.40123300e+01  5.35000000e+00  1.19894753e+01 
 5.40000000e+00  1.28947179e+01  5.40000000e+00  4.09185497e+00  5.40000000e+00  4.49370306e+00  5.40000000e+00  1.40065025e+01  5.40000000e+00  1.19836483e+01 
 5.45000000e+00  1.28890618e+01  5.45000000e+00  4.05283106e+00  5.45000000e+00  4.46953554e+00  5.45000000e+00  1.40008082e+01  5.45000000e+00  1.19779544e+01 
 5.50000000e+00  1.28835593e+01  5.50000000e+00  4.01340309e+00  5.50000000e+00  4.44486491e+00  5.50000000e+00  1.39952686e+01  5.50000000e+00  1.19724152e+01 
 5.55000000e+00  1.28782334e+01  5.55000000e+00  3.97354301e+00  5.55000000e+00  4.41967929e+00  5.55000000e+00  1.39899067e+01  5.55000000e+00  1.19670537e+01 
 5.60000000e+00  1.28731092e+01  5.60000000e+00  3.93321817e+00  5.60000000e+00  4.39397329e+00  5.60000000e+00  1.39847479e+01  5.60000000e+00  1.19618954e+01 
 5.65000000e+00  1.28682148e+01  5.65000000e+00  3.89239018e+00  5.65000000e+00  4.36775300e+00  5.65000000e+00  1.39798205e+01  5.65000000e+00  1.19569684e+01 
 5.70000000e+00  1.28635821e+01  5.70000000e+00  3.85101351e+00  5.70000000e+00  4.34104480e+00  5.70000000e+00  1.39751565e+01  5.70000000e+00  1.19523047e+01 
 5.75000000e+00  1.28592477e+01  5.75000000e+00  3.80903351e+00  5.75000000e+00  4.31391145e+00  5.75000000e+00  1.39707928e+01  5.75000000e+00  1.19479414e+01 
 5.80000000e+00  1.28552547e+01  5.80000000e+00  3.76638380e+00  5.80000000e+00  4.28648300e+00  5.80000000e+00  1.39667729e+01  5.80000000e+00  1.19439217e+01 
 5.85000000e+00  1.28516549e+01  5.85000000e+00  3.72298247e+00  5.85000000e+00  4.25902059e+00  5.85000000e+00  1.39631487e+01  5.85000000e+00  1.19402978e+01 
 5.90000000e+00  1.28485119e+01  5.90000000e+00  3.67872667e+00  5.90000000e+00  4.23206046e+00  5.90000000e+00  1.39599846e+01  5.90000000e+00  1.19371339e+01 
 5.95000000e+00  1.28459071e+01  5.95000000e+00  3.63348435e+00  5.95000000e+00  4.20678321e+00  5.95000000e+00  1.39573622e+01  5.95000000e+00  1.19345116e+01 
 6.00000000e+00  1.28439492e+01  6.00000000e+00  3.58707947e+00  6.00000000e+00  4.18728115e+00  6.00000000e+00  1.39553912e+01  6.00000000e+00  1.19325406e+01 
 6.05000000e+00  1.28427842e+01  6.05000000e+00  3.53927748e+00  6.05000000e+00  4.18691793e+00  6.05000000e+00  1.39542183e+01  6.05000000e+00  1.19313678e+01 
 6.10000000e+00  1.28425459e+01  6.10000000e+00  3.48985446e+00  6.10000000e+00  4.42219515e+00  6.10000000e+00  1.39539785e+01  6.10000000e+00  1.19311278e+01 
 6.15000000e+00  1.28425430e+01  6.15000000e+00  3.44001050e+00  6.15000000e+00  4.37346577e+00  6.15000000e+00  1.39539757e+01  6.15000000e+00  1.19311249e+01 
 6.20000000e+00  1.28425402e+01  6.20000000e+00  3.39016659e+00  6.20000000e+00  4.32818504e+00  6.20000000e+00  1.39539729e+01  6.20000000e+00  1.19311219e+01 
 6.25000000e+00  1.28425374e+01  6.25000000e+00  3.34032272e+00  6.25000000e+00  4.27822137e+00  6.25000000e+00  1.39539701e+01  6.25000000e+00  1.19311190e+01 
 6.30000000e+00  1.28425345e+01  6.30000000e+00  3.29047891e+00  6.30000000e+00  4.22875214e+00  6.30000000e+00  1.39539673e+01  6.30000000e+00  1.19311160e+01 
 6.35000000e+00  1.28425317e+01  6.35000000e+00  3.24063514e+00  6.35000000e+00  4.17891120e+00  6.35000000e+00  1.39539645e+01  6.35000000e+00  1.19311131e+01 
 6.40000000e+00  1.28425288e+01  6.40000000e+00  3.19079141e+00  6.40000000e+00  4.12907916e+00  6.40000000e+00  1.39539618e+01  6.40000000e+00  1.19311102e+01 
 6.45000000e+00  1.28425260e+01  6.45000000e+00  3.14094774e+00  6.45000000e+00  4.07923780e+00  6.45000000e+00  1.39539590e+01  6.45000000e+00  1.19311072e+01 
 6.50000000e+00  1.28425231e+01  6.50000000e+00  3.09110411e+00  6.50000000e+00  4.02939487e+00  6.50000000e+00  1.39539562e+01  6.50000000e+00  1.19311043e+01 
 6.55000000e+00  1.28425203e+01  6.55000000e+00  3.04126054e+00  6.55000000e+00  3.97955544e+00  6.55000000e+00  1.39539534e+01  6.55000000e+00  1.19311013e+01 
 6.60000000e+00  1.28425174e+01  6.60000000e+00  2.99141701e+00  6.60000000e+00  3.92972347e+00  6.60000000e+00  1.39539506e+01  6.60000000e+00  1.19310984e+01 
 6.65000000e+00  1.28425146e+01  6.65000000e+00  2.94157352e+00  6.65000000e+00  3.87988131e+00  6.65000000e+00  1.39539478e+01  6.65000000e+00  1.19310955e+01 
 6.70000000e+00  1.28425118e+01  6.70000000e+00  2.89173009e+00  6.70000000e+00  3.83004154e+00  6.70000000e+00  1.39539451e+01  6.70000000e+00  1.19310925e+01 
 6.75000000e+00  1.28425089e+01  6.75000000e+00  2.84188670e+00  6.75000000e+00  3.78020085e+00  6.75000000e+00  1.39539423e+01  6.75000000e+00  1.19310896e+01 
 6.80000000e+00  1.28425061e+01  6.80000000e+00  2.79204336e+00  6.80000000e+00  3.73036100e+00  6.80000000e+00  1.39539395e+01  6.80000000e+00  1.19310867e+01 
 6.85000000e+00  1.28425033e+01  6.85000000e+00  2.74220007e+00  6.85000000e+00  3.68052267e+00  6.85000000e+00  1.39539367e+01  6.85000000e+00  1.19310837e+01 
 6.90000000e+00  1.28425004e+01  6.90000000e+00  2.69235683e+00  6.90000000e+00  3.63068818e+00  6.90000000e+00  1.39539339e+01  6.90000000e+00  1.19310808e+01 
 6.95000000e+00  1.28424976e+01  6.95000000e+00  2.64251363e+00  6.95000000e+00  3.58084497e+00  6.95000000e+00  1.39539311e+01  6.95000000e+00  1.19310779e+01 
 7.00000000e+00  1.28424947e+01  7.00000000e+00  2.59267049e+00  7.00000000e+00  3.53100900e+00  7.00000000e+00  1.39539284e+01  7.00000000e+00  1.19310749e+01 
 7.05000000e+00  1.28424919e+01  7.05000000e+00  2.54282739e+00  7.05000000e+00  3.48116711e+00  7.05000000e+00  1.39539256e+01  7.05000000e+00  1.19310720e+01 
 7.10000000e+00  1.28424891e+01  7.10000000e+00  2.49298434e+00  7.10000000e+00  3.43133137e+00  7.10000000e+00  1.39539228e+01  7.10000000e+00  1.19310691e+01 
 7.15000000e+00  1.28424862e+01  7.15000000e+00  2.44314133e+00  7.15000000e+00  3.38149020e+00  7.15000000e+00  1.39539200e+01  7.15000000e+00  1.19310661e+01 
 7.20000000e+00  1.28424834e+01  7.20000000e+00  2.39329838e+00  7.20000000e+00  3.33164749e+00  7.20000000e+00  1.39539173e+01  7.20000000e+00  1.19310632e+01 
 7.25000000e+00  1.28424806e+01  7.25000000e+00  2.34345547e+00  7.25000000e+00  3.28180876e+00  7.25000000e+00  1.39539145e+01  7.25000000e+00  1.19310603e+01 
 7.30000000e+00  1.28424777e+01  7.30000000e+00  2.29361261e+00  7.30000000e+00  3.23197356e+00  7.30000000e+00  1.39539117e+01  7.30000000e+00  1.19310574e+01 
 7.35000000e+00  1.28424749e+01  7.35000000e+00  2.24376980e+00  7.35000000e+00  3.18213369e+00  7.35000000e+00  1.39539089e+01  7.35000000e+00  1.19310544e+01 
 7.40000000e+00  1.28424721e+01  7.40000000e+00  2.19392704e+00  7.40000000e+00  3.13229703e+00  7.40000000e+00  1.39539062e+01  7.40000000e+00  1.19310515e+01 
 7.45000000e+00  1.28424692e+01  7.45000000e+00  2.14408433e+00  7.45000000e+00  3.08245939e+00  7.45000000e+00  1.39539034e+01  7.45000000e+00  1.19310486e+01 
 7.50000000e+00  1.28424664e+01  7.50000000e+00  2.09424166e+00  7.50000000e+00  3.03262014e+00  7.50000000e+00  1.39539006e+01  7.50000000e+00  1.19310456e+01 
 7.55000000e+00  1.28424636e+01  7.55000000e+00  2.04439905e+00  7.55000000e+00  2.98278186e+00  7.55000000e+00  1.39538978e+01  7.55000000e+00  1.19310427e+01 
 7.60000000e+00  1.28424608e+01  7.60000000e+00  1.99455648e+00  7.60000000e+00  2.93294213e+00  7.60000000e+00  1.39538951e+01  7.60000000e+00  1.19310398e+01 
 7.65000000e+00  1.28424579e+01  7.65000000e+00  1.94471396e+00  7.65000000e+00  2.88309983e+00  7.65000000e+00  1.39538923e+01  7.65000000e+00  1.19310369e+01 
 7.70000000e+00  1.28424551e+01  7.70000000e+00  1.89487149e+00  7.70000000e+00  2.83326297e+00  7.70000000e+00  1.39538895e+01  7.70000000e+00  1.19310340e+01 
 7.75000000e+00  1.28424523e+01  7.75000000e+00  1.84502906e+00  7.75000000e+00  2.78342116e+00  7.75000000e+00  1.39538868e+01  7.75000000e+00  1.19310310e+01 
 7.80000000e+00  1.28424494e+01  7.80000000e+00  1.79518669e+00  7.80000000e+00  2.73358721e+00  7.80000000e+00  1.39538840e+01  7.80000000e+00  1.19310281e+01 
 7.85000000e+00  1.28424466e+01  7.85000000e+00  1.74534436e+00  7.85000000e+00  2.68374792e+00  7.85000000e+00  1.39538812e+01  7.85000000e+00  1.19310252e+01 
 7.90000000e+00  1.28424438e+01  7.90000000e+00  1.69550208e+00  7.90000000e+00  2.63391297e+00  7.90000000e+00  1.39538784e+01  7.90000000e+00  1.19310223e+01 
 7.95000000e+00  1.28424410e+01  7.95000000e+00  1.64565985e+00  7.95000000e+00  2.58406834e+00  7.95000000e+00  1.39538757e+01  7.95000000e+00  1.19310193e+01 
 8.00000000e+00  1.28424382e+01  8.00000000e+00  1.59591935e+00  8.00000000e+00  2.53433719e+00  8.00000000e+00  1.39538729e+01  8.00000000e+00  1.19310164e+01 
 8.05000000e+00  1.28424354e+01  8.05000000e+00  1.54754534e+00  8.05000000e+00  2.48596508e+00  8.05000000e+00  1.39538702e+01  8.05000000e+00  1.19310136e+01 
 8.10000000e+00  1.28424328e+01  8.10000000e+00  1.50090962e+00  8.10000000e+00  2.43933187e+00  8.10000000e+00  1.39538676e+01  8.10000000e+00  1.19310109e+01 
 8.15000000e+00  1.28424302e+01  8.15000000e+00  1.45599984e+00  8.15000000e+00  2.39443007e+00  8.15000000e+00  1.39538652e+01  8.15000000e+00  1.19310082e+01 
 8.20000000e+00  1.28424278e+01  8.20000000e+00  1.41279821e+00  8.20000000e+00  2.35122734e+00  8.20000000e+00  1.39538628e+01  8.20000000e+00  1.19310057e+01 
 8.25000000e+00  1.28424255e+01  8.25000000e+00  1.37128082e+00  8.25000000e+00  2.30971333e+00  8.25000000e+00  1.39538605e+01  8.25000000e+00  1.19310033e+01 
 8.30000000e+00  1.28424232e+01  8.30000000e+00  1.33141752e+00  8.30000000e+00  2.26985260e+00  8.30000000e+00  1.39538583e+01  8.30000000e+00  1.19310010e+01 
 8.35000000e+00  1.28424211e+01  8.35000000e+00  1.29317619e+00  8.35000000e+00  2.23161657e+00  8.35000000e+00  1.39538562e+01  8.35000000e+00  1.19309988e+01 
 8.40000000e+00  1.28424191e+01  8.40000000e+00  1.25651754e+00  8.40000000e+00  2.19496492e+00  8.40000000e+00  1.39538543e+01  8.40000000e+00  1.19309967e+01 
 8.45000000e+00  1.28424173e+01  8.45000000e+00  1.22139951e+00  8.45000000e+00  2.15984930e+00  8.45000000e+00  1.39538525e+01  8.45000000e+00  1.19309948e+01 
 8.50000000e+00  1.28424157e+01  8.50000000e+00  1.18777686e+00  8.50000000e+00  2.12622751e+00  8.50000000e+00  1.39538509e+01  8.50000000e+00  1.19309932e+01 
 8.55000000e+00  1.28424145e+01  8.55000000e+00  1.15560174e+00  8.55000000e+00  2.09405054e+00  8.55000000e+00  1.39538498e+01  8.55000000e+00  1.19309920e+01 
 8.60000000e+00  1.28424142e+01  8.60000000e+00  1.12482403e+00  8.60000000e+00  2.06328268e+00  8.60000000e+00  1.39538495e+01  8.60000000e+00  1.19309916e+01 
 8.65000000e+00  1.28424158e+01  8.65000000e+00  1.09539145e+00  8.65000000e+00  2.03384324e+00  8.65000000e+00  1.39538512e+01  8.65000000e+00  1.19309932e+01 
 8.70000000e+00  1.28424223e+01  8.70000000e+00  1.06724876e+00  8.70000000e+00  2.00570415e+00  8.70000000e+00  1.39538577e+01  8.70000000e+00  1.19309996e+01 
 8.75000000e+00  1.28424409e+01  8.75000000e+00  1.04033460e+00  8.75000000e+00  1.97878784e+00  8.75000000e+00  1.39538765e+01  8.75000000e+00  1.19310184e+01 
 8.80000000e+00  1.28424921e+01  8.80000000e+00  1.01457203e+00  8.80000000e+00  1.95302176e+00  8.80000000e+00  1.39539281e+01  8.80000000e+00  1.19310698e+01 
 8.85000000e+00  1.28426318e+01  8.85000000e+00  9.89838289e-01  8.85000000e+00  1.92828236e+00  8.85000000e+00  1.39540688e+01  8.85000000e+00  1.19312105e+01 
 8.90000000e+00  1.28430073e+01  8.90000000e+00  9.65896357e-01  8.90000000e+00  1.90429838e+00  8.90000000e+00  1.39544469e+01  8.90000000e+00  1.19315884e+01 
 8.95000000e+00  1.28439472e+01  8.95000000e+00  9.42273579e-01  8.95000000e+00  1.88059439e+00  8.95000000e+00  1.39553932e+01  8.95000000e+00  1.19325346e+01 
 9.00000000e+00  1.28459558e+01  9.00000000e+00  9.18255263e-01  9.00000000e+00  1.85637667e+00  9.00000000e+00  1.39574154e+01  9.00000000e+00  1.19345565e+01 
 9.05000000e+00  1.28493772e+01  9.05000000e+00  8.93295338e-01  9.05000000e+00  1.83107353e+00  9.05000000e+00  1.39608600e+01  9.05000000e+00  1.19380006e+01 
 9.10000000e+00  1.28541412e+01  9.10000000e+00  8.67362439e-01  9.10000000e+00  1.80465460e+00  9.10000000e+00  1.39656562e+01  9.10000000e+00  1.19427963e+01 
 9.15000000e+00  1.28599514e+01  9.15000000e+00  8.40730754e-01  9.15000000e+00  1.77741996e+00  9.15000000e+00  1.39715057e+01  9.15000000e+00  1.19486452e+01 
 9.20000000e+00  1.28665246e+01  9.20000000e+00  8.13684466e-01  9.20000000e+00  1.74967186e+00  9.20000000e+00  1.39781235e+01  9.20000000e+00  1.19552622e+01 
 9.25000000e+00  1.28736563e+01  9.25000000e+00  7.86428432e-01  9.25000000e+00  1.72163947e+00  9.25000000e+00  1.39853035e+01  9.25000000e+00  1.19624413e+01 
 9.30000000e+00  1.28812019e+01  9.30000000e+00  7.59104732e-01  9.30000000e+00  1.69346799e+00  9.30000000e+00  1.39929001e+01  9.30000000e+00  1.19700371e+01 
 9.35000000e+00  1.28890778e+01  9.35000000e+00  7.31782512e-01  9.35000000e+00  1.66521605e+00  9.35000000e+00  1.40008294e+01  9.35000000e+00  1.19779655e+01 
 9.40000000e+00  1.28972074e+01  9.40000000e+00  7.04530407e-01  9.40000000e+00  1.63698401e+00  9.40000000e+00  1.40090140e+01  9.40000000e+00  1.19861492e+01 
 9.45000000e+00  1.29055384e+01  9.45000000e+00  6.77387556e-01  9.45000000e+00  1.60878557e+00  9.45000000e+00  1.40174014e+01  9.45000000e+00  1.19945356e+01 
 9.50000000e+00  1.29140299e+01  9.50000000e+00  6.50380051e-01  9.50000000e+00  1.58065409e+00  9.50000000e+00  1.40259504e+01  9.50000000e+00  1.20030837e+01 
 9.55000000e+00  1.29226474e+01  9.55000000e+00  6.23526749e-01  9.55000000e+00  1.55259831e+00  9.55000000e+00  1.40346262e+01  9.55000000e+00  1.20117585e+01 
 9.60000000e+00  1.29313599e+01  9.60000000e+00  5.96841601e-01  9.60000000e+00  1.52463597e+00  9.60000000e+00  1.40433978e+01  9.60000000e+00  1.20205291e+01 
 9.65000000e+00  1.29401386e+01  9.65000000e+00  5.70335351e-01  9.65000000e+00  1.49677521e+00  9.65000000e+00  1.40522359e+01  9.65000000e+00  1.20293662e+01 
 9.70000000e+00  1.29489547e+01  9.70000000e+00  5.44016741e-01  9.70000000e+00  1.46900117e+00  9.70000000e+00  1.40611118e+01  9.70000000e+00  1.20382411e+01 
 9.75000000e+00  1.29577786e+01  9.75000000e+00  5.17893420e-01  9.75000000e+00  1.44132647e+00  9.75000000e+00  1.40699954e+01  9.75000000e+00  1.20471237e+01 
 9.80000000e+00  1.29665781e+01  9.80000000e+00  4.91972686e-01  9.80000000e+00  1.41374519e+00  9.80000000e+00  1.40788545e+01  9.80000000e+00  1.20559818e+01 
 9.85000000e+00  1.29753170e+01  9.85000000e+00  4.66262206e-01  9.85000000e+00  1.38624227e+00  9.85000000e+00  1.40876525e+01  9.85000000e+00  1.20647789e+01 
 9.90000000e+00  1.29839530e+01  9.90000000e+00  4.40770885e-01  9.90000000e+00  1.35881302e+00  9.90000000e+00  1.40963470e+01  9.90000000e+00  1.20734724e+01 
 9.95000000e+00  1.29924355e+01  9.95000000e+00  4.15510213e-01  9.95000000e+00  1.33145856e+00  9.95000000e+00  1.41048870e+01  9.95000000e+00  1.20820115e+01 
 1.00000000e+01  1.30007023e+01  1.00000000e+01  3.90496767e-01  1.00000000e+01  1.30415173e+00  1.00000000e+01  1.41132098e+01  1.00000000e+01  1.20903333e+01 
 1.00500000e+01  1.30086747e+01  1.00500000e+01  3.65757450e-01  1.00500000e+01  1.27687605e+00  1.00500000e+01  1.41212362e+01  1.00500000e+01  1.20983588e+01 
 1.01000000e+01  1.30162512e+01  1.01000000e+01  3.41340919e-01  1.01000000e+01  1.24966726e+00  1.01000000e+01  1.41288640e+01  1.01000000e+01  1.21059857e+01 
 1.01500000e+01  1.30232956e+01  1.01500000e+01  3.17342390e-01  1.01500000e+01  1.22251672e+00  1.01500000e+01  1.41359562e+01  1.01500000e+01  1.21130771e+01 
 1.02000000e+01  1.30296124e+01  1.02000000e+01  2.93953642e-01  1.02000000e+01  1.19551862e+00  1.02000000e+01  1.41423158e+01  1.02000000e+01  1.21194360e+01 
 1.02500000e+01  1.30348758e+01  1.02500000e+01  2.71544978e-01  1.02500000e+01  1.16884434e+00  1.02500000e+01  1.41476148e+01  1.02500000e+01  1.21247344e+01 
 1.03000000e+01  1.30384176e+01  1.03000000e+01  2.50734654e-01  1.03000000e+01  1.14277021e+00  1.03000000e+01  1.41511807e+01  1.03000000e+01  1.21282998e+01 
 1.03500000e+01  1.30384675e+01  1.03500000e+01  2.32350795e-01  1.03500000e+01  1.11746142e+00  1.03500000e+01  1.41512310e+01  1.03500000e+01  1.21283500e+01 
 1.04000000e+01  1.30305287e+01  1.04000000e+01  2.17004545e-01  1.04000000e+01  1.09248034e+00  1.04000000e+01  1.41432384e+01  1.04000000e+01  1.21203582e+01 
 1.04500000e+01  1.29976616e+01  1.04500000e+01  2.05088868e-01  1.04500000e+01  1.06613953e+00  1.04500000e+01  1.41101489e+01  1.04500000e+01  1.20872718e+01 
 1.05000000e+01  1.28246627e+01  1.05000000e+01  1.97038852e-01  1.05000000e+01  1.03490209e+00  1.05000000e+01  1.39359797e+01  1.05000000e+01  1.19131200e+01 
 1.05500000e+01 -1.41916079e+01  1.05500000e+01  6.73241517e-02  1.05500000e+01  1.82081930e-01  1.05500000e+01 -1.48682427e+01  1.05500000e+01 -1.48682436e+01 
 1.06000000e+01 -1.41899906e+01  1.06000000e+01  6.73249899e-02  1.06000000e+01  1.32089465e-01  1.06000000e+01 -1.48665984e+01  1.06000000e+01 -1.48665991e+01 
 1.06500000e+01 -1.41899905e+01  1.06500000e+01  6.73262229e-02  1.06500000e+01  8.20980651e-02  1.06500000e+01 -1.48665983e+01  1.06500000e+01 -1.48665990e+01 
 1.07000000e+01 -1.41899904e+01  1.07000000e+01  6.73274558e-02  1.07000000e+01  3.21041482e-02  1.07000000e+01 -1.48665982e+01  1.07000000e+01 -1.48665989e+01 
 1.07500000e+01 -1.41899903e+01  1.07500000e+01  6.73286887e-02  1.07500000e+01 -1.78880078e-02  1.07500000e+01 -1.48665981e+01  1.07500000e+01 -1.48665989e+01 
 1.08000000e+01 -1.41899903e+01  1.08000000e+01  6.73299213e-02  1.08000000e+01 -6.78829105e-02  1.08000000e+01 -1.48665981e+01  1.08000000e+01 -1.48665988e+01 
 1.08500000e+01 -1.41899902e+01  1.08500000e+01  6.73311537e-02  1.08500000e+01 -1.17877621e-01  1.08500000e+01 -1.48665980e+01  1.08500000e+01 -1.48665987e+01 
 1.09000000e+01 -1.41899901e+01  1.09000000e+01  6.73323859e-02  1.09000000e+01 -1.67873046e-01  1.09000000e+01 -1.48665979e+01  1.09000000e+01 -1.48665986e+01 
 1.09500000e+01 -1.41899901e+01  1.09500000e+01  6.73336179e-02  1.09500000e+01 -2.17865088e-01  1.09500000e+01 -1.48665978e+01  1.09500000e+01 -1.48665986e+01 
 1.10000000e+01 -1.41899900e+01  1.10000000e+01  6.73348497e-02  1.10000000e+01 -2.67852191e-01  1.10000000e+01 -1.48665978e+01  1.10000000e+01 -1.48665985e+01 
 1.10500000e+01 -1.41899899e+01  1.10500000e+01  6.73360812e-02  1.10500000e+01 -3.17845428e-01  1.10500000e+01 -1.48665977e+01  1.10500000e+01 -1.48665984e+01 
 1.11000000e+01 -1.41899898e+01  1.11000000e+01  6.73373126e-02  1.11000000e+01 -3.67839093e-01  1.11000000e+01 -1.48665976e+01  1.11000000e+01 -1.48665983e+01 
 1.11500000e+01 -1.41899898e+01  1.11500000e+01  6.73385437e-02  1.11500000e+01 -4.17833044e-01  1.11500000e+01 -1.48665975e+01  1.11500000e+01 -1.48665983e+01 
 1.12000000e+01 -1.41899897e+01  1.12000000e+01  6.73397746e-02  1.12000000e+01 -4.67822377e-01  1.12000000e+01 -1.48665975e+01  1.12000000e+01 -1.48665982e+01 
 1.12500000e+01 -1.41899896e+01  1.12500000e+01  6.73410053e-02  1.12500000e+01 -5.17819879e-01  1.12500000e+01 -1.48665974e+01  1.12500000e+01 -1.48665981e+01 
 1.13000000e+01 -1.41899895e+01  1.13000000e+01  6.73422358e-02  1.13000000e+01 -5.67813181e-01  1.13000000e+01 -1.48665973e+01  1.13000000e+01 -1.48665981e+01 
 1.13500000e+01 -1.41899895e+01  1.13500000e+01  6.73434661e-02  1.13500000e+01 -6.17803798e-01  1.13500000e+01 -1.48665973e+01  1.13500000e+01 -1.48665980e+01 
 1.14000000e+01 -1.41899894e+01  1.14000000e+01  6.73446961e-02  1.14000000e+01 -6.67798359e-01  1.14000000e+01 -1.48665972e+01  1.14000000e+01 -1.48665979e+01 
 1.14500000e+01 -1.41899893e+01  1.14500000e+01  6.73459260e-02  1.14500000e+01 -7.17787006e-01  1.14500000e+01 -1.48665971e+01  1.14500000e+01 -1.48665978e+01 
 1.15000000e+01 -1.41899892e+01  1.15000000e+01  6.73471556e-02  1.15000000e+01 -7.67785486e-01  1.15000000e+01 -1.48665970e+01  1.15000000e+01 -1.48665978e+01 
 1.15500000e+01 -1.41899892e+01  1.15500000e+01  6.73483851e-02  1.15500000e+01 -8.17776670e-01  1.15500000e+01 -1.48665970e+01  1.15500000e+01 -1.48665977e+01 
 1.16000000e+01 -1.41899891e+01  1.16000000e+01  6.73496143e-02  1.16000000e+01 -8.67766971e-01  1.16000000e+01 -1.48665969e+01  1.16000000e+01 -1.48665976e+01 
 1.16500000e+01 -1.41899890e+01  1.16500000e+01  6.73508433e-02  1.16500000e+01 -9.17765008e-01  1.16500000e+01 -1.48665968e+01  1.16500000e+01 -1.48665975e+01 
 1.17000000e+01 -1.41899890e+01  1.17000000e+01  6.73520721e-02  1.17000000e+01 -9.67754599e-01  1.17000000e+01 -1.48665967e+01  1.17000000e+01 -1.48665975e+01 
 1.17500000e+01 -1.41899889e+01  1.17500000e+01  6.73533007e-02  1.17500000e+01 -1.01774518e+00  1.17500000e+01 -1.48665967e+01  1.17500000e+01 -1.48665974e+01 
 1.18000000e+01 -1.41899888e+01  1.18000000e+01  6.73545290e-02  1.18000000e+01 -1.06773974e+00  1.18000000e+01 -1.48665966e+01  1.18000000e+01 -1.48665973e+01 
 1.18500000e+01 -1.41899887e+01  1.18500000e+01  6.73557572e-02  1.18500000e+01 -1.11773421e+00  1.18500000e+01 -1.48665965e+01  1.18500000e+01 -1.48665972e+01 
 1.19000000e+01 -1.41899887e+01  1.19000000e+01  6.73569851e-02  1.19000000e+01 -1.16772399e+00  1.19000000e+01 -1.48665964e+01  1.19000000e+01 -1.48665972e+01 
 1.19500000e+01 -1.41899886e+01  1.19500000e+01  6.73582129e-02  1.19500000e+01 -1.21771809e+00  1.19500000e+01 -1.48665964e+01  1.19500000e+01 -1.48665971e+01 
 1.20000000e+01 -1.41899885e+01  1.20000000e+01  6.73594404e-02  1.20000000e+01 -1.26771208e+00  1.20000000e+01 -1.48665963e+01  1.20000000e+01 -1.48665970e+01 
 1.20500000e+01 -1.41899885e+01  1.20500000e+01  6.73606677e-02  1.20500000e+01 -1.31770656e+00  1.20500000e+01 -1.48665962e+01  1.20500000e+01 -1.48665969e+01 
 1.21000000e+01 -1.41899884e+01  1.21000000e+01  6.73618948e-02  1.21000000e+01 -1.36769862e+00  1.21000000e+01 -1.48665961e+01  1.21000000e+01 -1.48665969e+01 
 1.21500000e+01 -1.41899883e+01  1.21500000e+01  6.73631217e-02  1.21500000e+01 -1.41768955e+00  1.21500000e+01 -1.48665961e+01  1.21500000e+01 -1.48665968e+01 
 1.22000000e+01 -1.41899882e+01  1.22000000e+01  6.73643483e-02  1.22000000e+01 -1.46768571e+00  1.22000000e+01 -1.48665960e+01  1.22000000e+01 -1.48665967e+01 
 1.22500000e+01 -1.41899882e+01  1.22500000e+01  6.73655748e-02  1.22500000e+01 -1.51768022e+00  1.22500000e+01 -1.48665959e+01  1.22500000e+01 -1.48665967e+01 
 1.23000000e+01 -1.41899881e+01  1.23000000e+01  6.73668011e-02  1.23000000e+01 -1.56767275e+00  1.23000000e+01 -1.48665959e+01  1.23000000e+01 -1.48665966e+01 
 1.23500000e+01 -1.41899880e+01  1.23500000e+01  6.73680271e-02  1.23500000e+01 -1.61766386e+00  1.23500000e+01 -1.48665958e+01  1.23500000e+01 -1.48665965e+01 
 1.24000000e+01 -1.41899879e+01  1.24000000e+01  6.73692529e-02  1.24000000e+01 -1.66765828e+00  1.24000000e+01 -1.48665957e+01  1.24000000e+01 -1.48665964e+01 
 1.24500000e+01 -1.41899879e+01  1.24500000e+01  6.73704786e-02  1.24500000e+01 -1.71764861e+00  1.24500000e+01 -1.48665956e+01  1.24500000e+01 -1.48665964e+01 
 1.25000000e+01 -1.41899878e+01  1.25000000e+01  6.73717040e-02  1.25000000e+01 -1.76763821e+00  1.25000000e+01 -1.48665956e+01  1.25000000e+01 -1.48665963e+01 
 1.25500000e+01 -1.41899877e+01  1.25500000e+01  6.73729292e-02  1.25500000e+01 -1.81763317e+00  1.25500000e+01 -1.48665955e+01  1.25500000e+01 -1.48665962e+01 
 1.26000000e+01 -1.41899877e+01  1.26000000e+01  6.73741541e-02  1.26000000e+01 -1.86762822e+00  1.26000000e+01 -1.48665954e+01  1.26000000e+01 -1.48665961e+01 
 1.26500000e+01 -1.41899876e+01  1.26500000e+01  6.73753789e-02  1.26500000e+01 -1.91762243e+00  1.26500000e+01 -1.48665953e+01  1.26500000e+01 -1.48665961e+01 
 1.27000000e+01 -1.41899875e+01  1.27000000e+01  6.73766035e-02  1.27000000e+01 -1.96761009e+00  1.27000000e+01 -1.48665953e+01  1.27000000e+01 -1.48665960e+01 
 1.27500000e+01 -1.41899874e+01  1.27500000e+01  6.73778278e-02  1.27500000e+01 -2.01760559e+00  1.27500000e+01 -1.48665952e+01  1.27500000e+01 -1.48665959e+01 
 1.28000000e+01 -1.41899874e+01  1.28000000e+01  6.73790520e-02  1.28000000e+01 -2.06759620e+00  1.28000000e+01 -1.48665951e+01  1.28000000e+01 -1.48665958e+01 
 1.28500000e+01 -1.41899873e+01  1.28500000e+01  6.73802759e-02  1.28500000e+01 -2.11759322e+00  1.28500000e+01 -1.48665950e+01  1.28500000e+01 -1.48665958e+01 
 1.29000000e+01 -1.41899872e+01  1.29000000e+01  6.73814996e-02  1.29000000e+01 -2.16758190e+00  1.29000000e+01 -1.48665950e+01  1.29000000e+01 -1.48665957e+01 
 1.29500000e+01 -1.41899871e+01  1.29500000e+01  6.73827232e-02  1.29500000e+01 -2.21758089e+00  1.29500000e+01 -1.48665949e+01  1.29500000e+01 -1.48665956e+01 
 1.30000000e+01 -1.41899871e+01  1.30000000e+01  6.73839465e-02  1.30000000e+01 -2.26756740e+00  1.30000000e+01 -1.48665948e+01  1.30000000e+01 -1.48665955e+01 
 1.30500000e+01 -1.41899870e+01  1.30500000e+01  6.73851696e-02  1.30500000e+01 -2.31756260e+00  1.30500000e+01 -1.48665947e+01  1.30500000e+01 -1.48665955e+01 
 1.31000000e+01 -1.41899869e+01  1.31000000e+01  6.73863924e-02  1.31000000e+01 -2.36755569e+00  1.31000000e+01 -1.48665947e+01  1.31000000e+01 -1.48665954e+01 
 1.31500000e+01 -1.41899869e+01  1.31500000e+01  6.73876151e-02  1.31500000e+01 -2.41754619e+00  1.31500000e+01 -1.48665946e+01  1.31500000e+01 -1.48665953e+01 
 1.32000000e+01 -1.41899868e+01  1.32000000e+01  6.73888376e-02  1.32000000e+01 -2.46754159e+00  1.32000000e+01 -1.48665945e+01  1.32000000e+01 -1.48665953e+01 
 1.32500000e+01 -1.41899867e+01  1.32500000e+01  6.73900598e-02  1.32500000e+01 -2.51753197e+00  1.32500000e+01 -1.48665945e+01  1.32500000e+01 -1.48665952e+01 
 1.33000000e+01 -1.41899866e+01  1.33000000e+01  6.73912819e-02  1.33000000e+01 -2.56752409e+00  1.33000000e+01 -1.48665944e+01  1.33000000e+01 -1.48665951e+01 
 1.33500000e+01 -1.41899866e+01  1.33500000e+01  6.73925037e-02  1.33500000e+01 -2.61751814e+00  1.33500000e+01 -1.48665943e+01  1.33500000e+01 -1.48665950e+01 
 1.34000000e+01 -1.41899865e+01  1.34000000e+01  6.73937253e-02  1.34000000e+01 -2.66751746e+00  1.34000000e+01 -1.48665942e+01  1.34000000e+01 -1.48665950e+01 
 1.34500000e+01 -1.41899864e+01  1.34500000e+01  6.73949467e-02  1.34500000e+01 -2.71750592e+00  1.34500000e+01 -1.48665942e+01  1.34500000e+01 -1.48665949e+01 
 1.35000000e+01 -1.41899864e+01  1.35000000e+01  6.73961679e-02  1.35000000e+01 -2.76750334e+00  1.35000000e+01 -1.48665941e+01  1.35000000e+01 -1.48665948e+01 
 1.35500000e+01 -1.41899863e+01  1.35500000e+01  6.73973889e-02  1.35500000e+01 -2.81749273e+00  1.35500000e+01 -1.48665940e+01  1.35500000e+01 -1.48665947e+01 
 1.36000000e+01 -1.41899862e+01  1.36000000e+01  6.73986097e-02  1.36000000e+01 -2.86748214e+00  1.36000000e+01 -1.48665939e+01  1.36000000e+01 -1.48665947e+01 
 1.36500000e+01 -1.41899861e+01  1.36500000e+01  6.73998303e-02  1.36500000e+01 -2.91748218e+00  1.36500000e+01 -1.48665939e+01  1.36500000e+01 -1.48665946e+01 
 1.37000000e+01 -1.41899861e+01  1.37000000e+01  6.74010507e-02  1.37000000e+01 -2.96746831e+00  1.37000000e+01 -1.48665938e+01  1.37000000e+01 -1.48665945e+01 
 1.37500000e+01 -1.41899860e+01  1.37500000e+01  6.74022708e-02  1.37500000e+01 -3.01746824e+00  1.37500000e+01 -1.48665937e+01  1.37500000e+01 -1.48665945e+01 
 1.38000000e+01 -1.41899859e+01  1.38000000e+01  6.74034908e-02  1.38000000e+01 -3.06745713e+00  1.38000000e+01 -1.48665937e+01  1.38000000e+01 -1.48665944e+01 
 1.38500000e+01 -1.41899859e+01  1.38500000e+01  6.74047105e-02  1.38500000e+01 -3.11744817e+00  1.38500000e+01 -1.48665936e+01  1.38500000e+01 -1.48665943e+01 
 1.39000000e+01 -1.41899858e+01  1.39000000e+01  6.74059301e-02  1.39000000e+01 -3.16744323e+00  1.39000000e+01 -1.48665935e+01  1.39000000e+01 -1.48665942e+01 
 1.39500000e+01 -1.41899857e+01  1.39500000e+01  6.74071494e-02  1.39500000e+01 -3.21743457e+00  1.39500000e+01 -1.48665934e+01  1.39500000e+01 -1.48665942e+01 
 1.40000000e+01 -1.41899856e+01  1.40000000e+01  6.74083685e-02  1.40000000e+01 -3.26742937e+00  1.40000000e+01 -1.48665934e+01  1.40000000e+01 -1.48665941e+01 
