 2.00000000e+01  2.60765393e-08  2.00000000e+01  8.28722057e-09 
 2.09425710e+01  2.59917286e-08  2.09425710e+01  8.26004725e-09 
 2.19295639e+01  2.59104879e-08  2.19295639e+01  8.23402912e-09 
 2.29630724e+01  2.58326765e-08  2.29630724e+01  8.20911957e-09 
 2.40452887e+01  2.57581587e-08  2.40452887e+01  8.18527367e-09 
 2.51785082e+01  2.56868032e-08  2.51785082e+01  8.16244814e-09 
 2.63651348e+01  2.56184836e-08  2.63651348e+01  8.14060131e-09 
 2.76076853e+01  2.55530776e-08  2.76076853e+01  8.11969304e-09 
 2.89087954e+01  2.54904674e-08  2.89087954e+01  8.09968470e-09 
 3.02712250e+01  2.54305394e-08  3.02712250e+01  8.08053914e-09 
 3.16978638e+01  2.53731842e-08  3.16978638e+01  8.06222060e-09 
 3.31917381e+01  2.53182963e-08  3.31917381e+01  8.04469469e-09 
 3.47560166e+01  2.52657742e-08  3.47560166e+01  8.02792835e-09 
 3.63940172e+01  2.52155201e-08  3.63940172e+01  8.01188980e-09 
 3.81092144e+01  2.51674401e-08  3.81092144e+01  7.99654851e-09 
 3.99052463e+01  2.51214436e-08  3.99052463e+01  7.98187512e-09 
 4.17859226e+01  2.50774436e-08  4.17859226e+01  7.96784146e-09 
 4.37552325e+01  2.50353565e-08  4.37552325e+01  7.95442045e-09 
 4.58173531e+01  2.49951019e-08  4.58173531e+01  7.94158611e-09 
 4.79766584e+01  2.49566025e-08  4.79766584e+01  7.92931348e-09 
 5.02377286e+01  2.49197841e-08  5.02377286e+01  7.91757863e-09 
 5.26053598e+01  2.48845756e-08  5.26053598e+01  7.90635857e-09 
 5.50845741e+01  2.48509083e-08  5.50845741e+01  7.89563127e-09 
 5.76806301e+01  2.48187167e-08  5.76806301e+01  7.88537557e-09 
 6.03990344e+01  2.47879377e-08  6.03990344e+01  7.87557121e-09 
 6.32455532e+01  2.47585108e-08  6.32455532e+01  7.86619873e-09 
 6.62262243e+01  2.47303781e-08  6.62262243e+01  7.85723950e-09 
 6.93473701e+01  2.47034838e-08  6.93473701e+01  7.84867565e-09 
 7.26156110e+01  2.46777746e-08  7.26156110e+01  7.84049005e-09 
 7.60378793e+01  2.46531993e-08  7.60378793e+01  7.83266630e-09 
 7.96214341e+01  2.46297089e-08  7.96214341e+01  7.82518866e-09 
 8.33738767e+01  2.46072563e-08  8.33738767e+01  7.81804207e-09 
 8.73031664e+01  2.45857966e-08  8.73031664e+01  7.81121211e-09 
 9.14176379e+01  2.45652865e-08  9.14176379e+01  7.80468496e-09 
 9.57260185e+01  2.45456847e-08  9.57260185e+01  7.79844737e-09 
 1.00237447e+02  2.45269516e-08  1.00237447e+02  7.79248669e-09 
 1.04961492e+02  2.45090492e-08  1.04961492e+02  7.78679078e-09 
 1.09908175e+02  2.44919413e-08  1.09908175e+02  7.78134802e-09 
 1.15087987e+02  2.44755930e-08  1.15087987e+02  7.77614729e-09 
 1.20511917e+02  2.44599710e-08  1.20511917e+02  7.77117796e-09 
 1.26191469e+02  2.44450434e-08  1.26191469e+02  7.76642984e-09 
 1.32138690e+02  2.44307798e-08  1.32138690e+02  7.76189319e-09 
 1.38366194e+02  2.44171508e-08  1.38366194e+02  7.75755869e-09 
 1.44887192e+02  2.44041286e-08  1.44887192e+02  7.75341740e-09 
 1.51715515e+02  2.43916864e-08  1.51715515e+02  7.74946081e-09 
 1.58865647e+02  2.43797986e-08  1.58865647e+02  7.74568073e-09 
 1.66352754e+02  2.43684407e-08  1.66352754e+02  7.74206937e-09 
 1.74192718e+02  2.43575892e-08  1.74192718e+02  7.73861925e-09 
 1.82402168e+02  2.43472218e-08  1.82402168e+02  7.73532323e-09 
 1.90998517e+02  2.43373170e-08  1.90998517e+02  7.73217448e-09 
 2.00000000e+02  2.43278543e-08  2.00000000e+02  7.72916646e-09 
 2.09425710e+02  2.43188140e-08  2.09425710e+02  7.72629292e-09 
 2.19295639e+02  2.43101775e-08  2.19295639e+02  7.72354789e-09 
 2.29630724e+02  2.43019267e-08  2.29630724e+02  7.72092567e-09 
 2.40452887e+02  2.42940444e-08  2.40452887e+02  7.71842077e-09 
 2.51785082e+02  2.42865144e-08  2.51785082e+02  7.71602800e-09 
 2.63651348e+02  2.42793208e-08  2.63651348e+02  7.71374235e-09 
 2.76076853e+02  2.42724487e-08  2.76076853e+02  7.71155906e-09 
 2.89087954e+02  2.42658837e-08  2.89087954e+02  7.70947355e-09 
 3.02712250e+02  2.42596121e-08  3.02712250e+02  7.70748149e-09 
 3.16978638e+02  2.42536208e-08  3.16978638e+02  7.70557869e-09 
 3.31917381e+02  2.42478971e-08  3.31917381e+02  7.70376117e-09 
 3.47560166e+02  2.42424292e-08  3.47560166e+02  7.70202514e-09 
 3.63940172e+02  2.42372054e-08  3.63940172e+02  7.70036694e-09 
 3.81092144e+02  2.42322149e-08  3.81092144e+02  7.69878311e-09 
 3.99052463e+02  2.42274471e-08  3.99052463e+02  7.69727032e-09 
 4.17859226e+02  2.42228921e-08  4.17859226e+02  7.69582540e-09 
 4.37552325e+02  2.42185401e-08  4.37552325e+02  7.69444532e-09 
 4.58173531e+02  2.42143820e-08  4.58173531e+02  7.69312717e-09 
 4.79766584e+02  2.42104090e-08  4.79766584e+02  7.69186819e-09 
 5.02377286e+02  2.42066126e-08  5.02377286e+02  7.69066573e-09 
 5.26053598e+02  2.42029849e-08  5.26053598e+02  7.68951726e-09 
 5.50845741e+02  2.41995181e-08  5.50845741e+02  7.68842037e-09 
 5.76806301e+02  2.41962048e-08  5.76806301e+02  7.68737274e-09 
 6.03990344e+02  2.41930380e-08  6.03990344e+02  7.68637218e-09 
 6.32455532e+02  2.41900109e-08  6.32455532e+02  7.68541658e-09 
 6.62262243e+02  2.41871169e-08  6.62262243e+02  7.68450392e-09 
 6.93473701e+02  2.41843499e-08  6.93473701e+02  7.68363229e-09 
 7.26156110e+02  2.41817038e-08  7.26156110e+02  7.68279984e-09 
 7.60378793e+02  2.41791729e-08  7.60378793e+02  7.68200482e-09 
 7.96214341e+02  2.41767518e-08  7.96214341e+02  7.68124556e-09 
 8.33738767e+02  2.41744351e-08  8.33738767e+02  7.68052046e-09 
 8.73031664e+02  2.41722177e-08  8.73031664e+02  7.67982799e-09 
 9.14176379e+02  2.41700947e-08  9.14176379e+02  7.67916669e-09 
 9.57260185e+02  2.41680613e-08  9.57260185e+02  7.67853517e-09 
 1.00237447e+03  2.41661130e-08  1.00237447e+03  7.67793209e-09 
 1.04961492e+03  2.41642454e-08  1.04961492e+03  7.67735619e-09 
 1.09908175e+03  2.41624542e-08  1.09908175e+03  7.67680625e-09 
 1.15087987e+03  2.41607351e-08  1.15087987e+03  7.67628111e-09 
 1.20511917e+03  2.41590843e-08  1.20511917e+03  7.67577967e-09 
 1.26191469e+03  2.41574976e-08  1.26191469e+03  7.67530088e-09 
 1.32138690e+03  2.41559714e-08  1.32138690e+03  7.67484371e-09 
 1.38366194e+03  2.41545018e-08  1.38366194e+03  7.67440723e-09 
 1.44887192e+03  2.41530851e-08  1.44887192e+03  7.67399050e-09 
 1.51715515e+03  2.41517177e-08  1.51715515e+03  7.67359265e-09 
 1.58865647e+03  2.41503960e-08  1.58865647e+03  7.67321285e-09 
 1.66352754e+03  2.41491163e-08  1.66352754e+03  7.67285031e-09 
 1.74192718e+03  2.41478753e-08  1.74192718e+03  7.67250425e-09 
 1.82402168e+03  2.41466692e-08  1.82402168e+03  7.67217397e-09 
 1.90998517e+03  2.41454945e-08  1.90998517e+03  7.67185877e-09 
 2.00000000e+03  2.41443475e-08  2.00000000e+03  7.67155800e-09 
 2.09425710e+03  2.41432247e-08  2.09425710e+03  7.67127102e-09 
 2.19295639e+03  2.41421223e-08  2.19295639e+03  7.67099726e-09 
 2.29630724e+03  2.41410365e-08  2.29630724e+03  7.67073614e-09 
 2.40452887e+03  2.41399633e-08  2.40452887e+03  7.67048712e-09 
 2.51785082e+03  2.41388987e-08  2.51785082e+03  7.67024971e-09 
 2.63651348e+03  2.41378385e-08  2.63651348e+03  7.67002341e-09 
 2.76076853e+03  2.41367782e-08  2.76076853e+03  7.66980776e-09 
 2.89087954e+03  2.41357134e-08  2.89087954e+03  7.66960234e-09 
 3.02712250e+03  2.41346391e-08  3.02712250e+03  7.66940673e-09 
 3.16978638e+03  2.41335503e-08  3.16978638e+03  7.66922055e-09 
 3.31917381e+03  2.41324416e-08  3.31917381e+03  7.66904343e-09 
 3.47560166e+03  2.41313072e-08  3.47560166e+03  7.66887504e-09 
 3.63940172e+03  2.41301409e-08  3.63940172e+03  7.66871505e-09 
 3.81092144e+03  2.41289363e-08  3.81092144e+03  7.66856317e-09 
 3.99052463e+03  2.41276864e-08  3.99052463e+03  7.66841912e-09 
 4.17859226e+03  2.41263835e-08  4.17859226e+03  7.66828264e-09 
 4.37552325e+03  2.41250196e-08  4.37552325e+03  7.66815349e-09 
 4.58173531e+03  2.41235859e-08  4.58173531e+03  7.66803147e-09 
 4.79766584e+03  2.41220728e-08  4.79766584e+03  7.66791638e-09 
 5.02377286e+03  2.41204703e-08  5.02377286e+03  7.66780805e-09 
 5.26053598e+03  2.41187670e-08  5.26053598e+03  7.66770632e-09 
 5.50845741e+03  2.41169510e-08  5.50845741e+03  7.66761106e-09 
 5.76806301e+03  2.41150090e-08  5.76806301e+03  7.66752218e-09 
 6.03990344e+03  2.41129269e-08  6.03990344e+03  7.66743957e-09 
 6.32455532e+03  2.41106890e-08  6.32455532e+03  7.66736318e-09 
 6.62262243e+03  2.41082785e-08  6.62262243e+03  7.66729297e-09 
 6.93473701e+03  2.41056768e-08  6.93473701e+03  7.66722892e-09 
 7.26156110e+03  2.41028639e-08  7.26156110e+03  7.66717105e-09 
 7.60378793e+03  2.40998177e-08  7.60378793e+03  7.66711941e-09 
 7.96214341e+03  2.40965144e-08  7.96214341e+03  7.66707405e-09 
 8.33738767e+03  2.40929277e-08  8.33738767e+03  7.66703507e-09 
 8.73031664e+03  2.40890290e-08  8.73031664e+03  7.66700262e-09 
 9.14176379e+03  2.40847872e-08  9.14176379e+03  7.66697685e-09 
 9.57260185e+03  2.40801682e-08  9.57260185e+03  7.66695797e-09 
 1.00237447e+04  2.40751348e-08  1.00237447e+04  7.66694622e-09 
 1.04961492e+04  2.40696463e-08  1.04961492e+04  7.66694189e-09 
 1.09908175e+04  2.40636583e-08  1.09908175e+04  7.66694530e-09 
 1.15087987e+04  2.40571223e-08  1.15087987e+04  7.66695685e-09 
 1.20511917e+04  2.40499855e-08  1.20511917e+04  7.66697695e-09 
 1.26191469e+04  2.40421901e-08  1.26191469e+04  7.66700610e-09 
 1.32138690e+04  2.40336729e-08  1.32138690e+04  7.66704485e-09 
 1.38366194e+04  2.40243653e-08  1.38366194e+04  7.66709383e-09 
 1.44887192e+04  2.40141921e-08  1.44887192e+04  7.66715373e-09 
 1.51715515e+04  2.40030716e-08  1.51715515e+04  7.66722532e-09 
 1.58865647e+04  2.39909147e-08  1.58865647e+04  7.66730947e-09 
 1.66352754e+04  2.39776243e-08  1.66352754e+04  7.66740713e-09 
 1.74192718e+04  2.39630946e-08  1.74192718e+04  7.66751935e-09 
 1.82402168e+04  2.39472107e-08  1.82402168e+04  7.66764733e-09 
 1.90998517e+04  2.39298476e-08  1.90998517e+04  7.66779234e-09 
 2.00000000e+04  2.39108696e-08  2.00000000e+04  7.66795583e-09 
