 2.00000000e+01  9.31290090e-09  2.00000000e+01  9.32703999e-09 
 2.04658598e+01  9.29934421e-09  2.04658598e+01  9.31333580e-09 
 2.09425710e+01  9.28611063e-09  2.09425710e+01  9.29996127e-09 
 2.14303861e+01  9.27319223e-09  2.14303861e+01  9.28690817e-09 
 2.19295639e+01  9.26058129e-09  2.19295639e+01  9.27416848e-09 
 2.24403691e+01  9.24827028e-09  2.24403691e+01  9.26173441e-09 
 2.29630724e+01  9.23625187e-09  2.29630724e+01  9.24959835e-09 
 2.34979511e+01  9.22451890e-09  2.34979511e+01  9.23775289e-09 
 2.40452887e+01  9.21306440e-09  2.40452887e+01  9.22619084e-09 
 2.46053754e+01  9.20188157e-09  2.46053754e+01  9.21490518e-09 
 2.51785082e+01  9.19096380e-09  2.51785082e+01  9.20388905e-09 
 2.57649910e+01  9.18030463e-09  2.57649910e+01  9.19313580e-09 
 2.63651348e+01  9.16989776e-09  2.63651348e+01  9.18263894e-09 
 2.69792577e+01  9.15973706e-09  2.69792577e+01  9.17239215e-09 
 2.76076853e+01  9.14981655e-09  2.76076853e+01  9.16238927e-09 
 2.82507509e+01  9.14013040e-09  2.82507509e+01  9.15262431e-09 
 2.89087954e+01  9.13067293e-09  2.89087954e+01  9.14309141e-09 
 2.95821678e+01  9.12143859e-09  2.95821678e+01  9.13378489e-09 
 3.02712250e+01  9.11242199e-09  3.02712250e+01  9.12469920e-09 
 3.09763324e+01  9.10361786e-09  3.09763324e+01  9.11582893e-09 
 3.16978638e+01  9.09502107e-09  3.16978638e+01  9.10716882e-09 
 3.24362019e+01  9.08662660e-09  3.24362019e+01  9.09871372e-09 
 3.31917381e+01  9.07842958e-09  3.31917381e+01  9.09045865e-09 
 3.39648730e+01  9.07042526e-09  3.39648730e+01  9.08239873e-09 
 3.47560166e+01  9.06260899e-09  3.47560166e+01  9.07452921e-09 
 3.55655882e+01  9.05497624e-09  3.55655882e+01  9.06684547e-09 
 3.63940172e+01  9.04752261e-09  3.63940172e+01  9.05934298e-09 
 3.72417427e+01  9.04024380e-09  3.72417427e+01  9.05201735e-09 
 3.81092144e+01  9.03313561e-09  3.81092144e+01  9.04486431e-09 
 3.89968920e+01  9.02619395e-09  3.89968920e+01  9.03787966e-09 
 3.99052463e+01  9.01941483e-09  3.99052463e+01  9.03105934e-09 
 4.08347589e+01  9.01279436e-09  4.08347589e+01  9.02439939e-09 
 4.17859226e+01  9.00632875e-09  4.17859226e+01  9.01789593e-09 
 4.27592418e+01  9.00001430e-09  4.27592418e+01  9.01154518e-09 
 4.37552325e+01  8.99384740e-09  4.37552325e+01  9.00534348e-09 
 4.47744228e+01  8.98782452e-09  4.47744228e+01  8.99928724e-09 
 4.58173531e+01  8.98194224e-09  4.58173531e+01  8.99337296e-09 
 4.68845763e+01  8.97619721e-09  4.68845763e+01  8.98759723e-09 
 4.79766584e+01  8.97058615e-09  4.79766584e+01  8.98195674e-09 
 4.90941783e+01  8.96510589e-09  4.90941783e+01  8.97644823e-09 
 5.02377286e+01  8.95975332e-09  5.02377286e+01  8.97106856e-09 
 5.14079157e+01  8.95452541e-09  5.14079157e+01  8.96581464e-09 
 5.26053598e+01  8.94941919e-09  5.26053598e+01  8.96068346e-09 
 5.38306961e+01  8.94443178e-09  5.38306961e+01  8.95567209e-09 
 5.50845741e+01  8.93956037e-09  5.50845741e+01  8.95077769e-09 
 5.63676586e+01  8.93480221e-09  5.63676586e+01  8.94599745e-09 
 5.76806301e+01  8.93015462e-09  5.76806301e+01  8.94132866e-09 
 5.90241845e+01  8.92561499e-09  5.90241845e+01  8.93676868e-09 
 6.03990344e+01  8.92118077e-09  6.03990344e+01  8.93231490e-09 
 6.18059087e+01  8.91684947e-09  6.18059087e+01  8.92796482e-09 
 6.32455532e+01  8.91261865e-09  6.32455532e+01  8.92371597e-09 
 6.47187314e+01  8.90848596e-09  6.47187314e+01  8.91956594e-09 
 6.62262243e+01  8.90444908e-09  6.62262243e+01  8.91551241e-09 
 6.77688312e+01  8.90050575e-09  6.77688312e+01  8.91155308e-09 
 6.93473701e+01  8.89665378e-09  6.93473701e+01  8.90768572e-09 
 7.09626778e+01  8.89289101e-09  7.09626778e+01  8.90390816e-09 
 7.26156110e+01  8.88921535e-09  7.26156110e+01  8.90021829e-09 
 7.43070458e+01  8.88562474e-09  7.43070458e+01  8.89661402e-09 
 7.60378793e+01  8.88211721e-09  7.60378793e+01  8.89309334e-09 
 7.78090290e+01  8.87869079e-09  7.78090290e+01  8.88965428e-09 
 7.96214341e+01  8.87534358e-09  7.96214341e+01  8.88629492e-09 
 8.14760556e+01  8.87207374e-09  8.14760556e+01  8.88301337e-09 
 8.33738767e+01  8.86887944e-09  8.33738767e+01  8.87980782e-09 
 8.53159038e+01  8.86575891e-09  8.53159038e+01  8.87667647e-09 
 8.73031664e+01  8.86271044e-09  8.73031664e+01  8.87361758e-09 
 8.93367184e+01  8.85973234e-09  8.93367184e+01  8.87062945e-09 
 9.14176379e+01  8.85682297e-09  9.14176379e+01  8.86771042e-09 
 9.35470283e+01  8.85398071e-09  9.35470283e+01  8.86485886e-09 
 9.57260185e+01  8.85120400e-09  9.57260185e+01  8.86207320e-09 
 9.79557639e+01  8.84849131e-09  9.79557639e+01  8.85935190e-09 
 1.00237447e+02  8.84584116e-09  1.00237447e+02  8.85669344e-09 
 1.02572277e+02  8.84325207e-09  1.02572277e+02  8.85409636e-09 
 1.04961492e+02  8.84072264e-09  1.04961492e+02  8.85155921e-09 
 1.07406359e+02  8.83825146e-09  1.07406359e+02  8.84908061e-09 
 1.09908175e+02  8.83583719e-09  1.09908175e+02  8.84665919e-09 
 1.12468265e+02  8.83347850e-09  1.12468265e+02  8.84429360e-09 
 1.15087987e+02  8.83117409e-09  1.15087987e+02  8.84198254e-09 
 1.17768731e+02  8.82892271e-09  1.17768731e+02  8.83972475e-09 
 1.20511917e+02  8.82672312e-09  1.20511917e+02  8.83751898e-09 
 1.23319000e+02  8.82457412e-09  1.23319000e+02  8.83536402e-09 
 1.26191469e+02  8.82247454e-09  1.26191469e+02  8.83325869e-09 
 1.29130846e+02  8.82042322e-09  1.29130846e+02  8.83120183e-09 
 1.32138690e+02  8.81841906e-09  1.32138690e+02  8.82919232e-09 
 1.35216595e+02  8.81646095e-09  1.35216595e+02  8.82722904e-09 
 1.38366194e+02  8.81454783e-09  1.38366194e+02  8.82531094e-09 
 1.41589157e+02  8.81267865e-09  1.41589157e+02  8.82343695e-09 
 1.44887192e+02  8.81085241e-09  1.44887192e+02  8.82160606e-09 
 1.48262048e+02  8.80906809e-09  1.48262048e+02  8.81981727e-09 
 1.51715515e+02  8.80732474e-09  1.51715515e+02  8.81806959e-09 
 1.55249423e+02  8.80562141e-09  1.55249423e+02  8.81636207e-09 
 1.58865647e+02  8.80395716e-09  1.58865647e+02  8.81469379e-09 
 1.62566103e+02  8.80233110e-09  1.62566103e+02  8.81306383e-09 
 1.66352754e+02  8.80074235e-09  1.66352754e+02  8.81147130e-09 
 1.70227608e+02  8.79919004e-09  1.70227608e+02  8.80991534e-09 
 1.74192718e+02  8.79767332e-09  1.74192718e+02  8.80839511e-09 
 1.78250188e+02  8.79619139e-09  1.78250188e+02  8.80690977e-09 
 1.82402168e+02  8.79474342e-09  1.82402168e+02  8.80545851e-09 
 1.86650860e+02  8.79332865e-09  1.86650860e+02  8.80404056e-09 
 1.90998517e+02  8.79194631e-09  1.90998517e+02  8.80265514e-09 
 1.95447444e+02  8.79059564e-09  1.95447444e+02  8.80130149e-09 
 2.00000000e+02  8.78927592e-09  2.00000000e+02  8.79997889e-09 
 2.04658598e+02  8.78798643e-09  2.04658598e+02  8.79868661e-09 
 2.09425710e+02  8.78672648e-09  2.09425710e+02  8.79742396e-09 
 2.14303861e+02  8.78549538e-09  2.14303861e+02  8.79619025e-09 
 2.19295639e+02  8.78429248e-09  2.19295639e+02  8.79498482e-09 
 2.24403691e+02  8.78311712e-09  2.24403691e+02  8.79380701e-09 
 2.29630724e+02  8.78196867e-09  2.29630724e+02  8.79265619e-09 
 2.34979511e+02  8.78084650e-09  2.34979511e+02  8.79153172e-09 
 2.40452887e+02  8.77975002e-09  2.40452887e+02  8.79043302e-09 
 2.46053754e+02  8.77867863e-09  2.46053754e+02  8.78935947e-09 
 2.51785082e+02  8.77763176e-09  2.51785082e+02  8.78831051e-09 
 2.57649910e+02  8.77660884e-09  2.57649910e+02  8.78728557e-09 
 2.63651348e+02  8.77560933e-09  2.63651348e+02  8.78628409e-09 
 2.69792577e+02  8.77463267e-09  2.69792577e+02  8.78530553e-09 
 2.76076853e+02  8.77367836e-09  2.76076853e+02  8.78434936e-09 
 2.82507509e+02  8.77274587e-09  2.82507509e+02  8.78341508e-09 
 2.89087954e+02  8.77183470e-09  2.89087954e+02  8.78250218e-09 
 2.95821678e+02  8.77094437e-09  2.95821678e+02  8.78161015e-09 
 3.02712250e+02  8.77007439e-09  3.02712250e+02  8.78073854e-09 
 3.09763324e+02  8.76922431e-09  3.09763324e+02  8.77988686e-09 
 3.16978638e+02  8.76839365e-09  3.16978638e+02  8.77905466e-09 
 3.24362019e+02  8.76758198e-09  3.24362019e+02  8.77824149e-09 
 3.31917381e+02  8.76678886e-09  3.31917381e+02  8.77744691e-09 
 3.39648730e+02  8.76601387e-09  3.39648730e+02  8.77667049e-09 
 3.47560166e+02  8.76525658e-09  3.47560166e+02  8.77591183e-09 
 3.55655882e+02  8.76451660e-09  3.55655882e+02  8.77517051e-09 
 3.63940172e+02  8.76379353e-09  3.63940172e+02  8.77444613e-09 
 3.72417427e+02  8.76308697e-09  3.72417427e+02  8.77373830e-09 
 3.81092144e+02  8.76239656e-09  3.81092144e+02  8.77304665e-09 
 3.89968920e+02  8.76172191e-09  3.89968920e+02  8.77237080e-09 
 3.99052463e+02  8.76106268e-09  3.99052463e+02  8.77171039e-09 
 4.08347589e+02  8.76041850e-09  4.08347589e+02  8.77106507e-09 
 4.17859226e+02  8.75978903e-09  4.17859226e+02  8.77043448e-09 
 4.27592418e+02  8.75917393e-09  4.27592418e+02  8.76981830e-09 
 4.37552325e+02  8.75857288e-09  4.37552325e+02  8.76921619e-09 
 4.47744228e+02  8.75798556e-09  4.47744228e+02  8.76862783e-09 
 4.58173531e+02  8.75741164e-09  4.58173531e+02  8.76805290e-09 
 4.68845763e+02  8.75685083e-09  4.68845763e+02  8.76749110e-09 
 4.79766584e+02  8.75630282e-09  4.79766584e+02  8.76694212e-09 
 4.90941783e+02  8.75576732e-09  4.90941783e+02  8.76640568e-09 
 5.02377286e+02  8.75524404e-09  5.02377286e+02  8.76588148e-09 
 5.14079157e+02  8.75473271e-09  5.14079157e+02  8.76536924e-09 
 5.26053598e+02  8.75423305e-09  5.26053598e+02  8.76486869e-09 
 5.38306961e+02  8.75374479e-09  5.38306961e+02  8.76437956e-09 
 5.50845741e+02  8.75326767e-09  5.50845741e+02  8.76390159e-09 
 5.63676586e+02  8.75280144e-09  5.63676586e+02  8.76343453e-09 
 5.76806301e+02  8.75234586e-09  5.76806301e+02  8.76297812e-09 
 5.90241845e+02  8.75190067e-09  5.90241845e+02  8.76253212e-09 
 6.03990344e+02  8.75146563e-09  6.03990344e+02  8.76209629e-09 
 6.18059087e+02  8.75104053e-09  6.18059087e+02  8.76167040e-09 
 6.32455532e+02  8.75062512e-09  6.32455532e+02  8.76125422e-09 
 6.47187314e+02  8.75021919e-09  6.47187314e+02  8.76084753e-09 
 6.62262243e+02  8.74982253e-09  6.62262243e+02  8.76045011e-09 
 6.77688312e+02  8.74943491e-09  6.77688312e+02  8.76006175e-09 
 6.93473701e+02  8.74905614e-09  6.93473701e+02  8.75968224e-09 
 7.09626778e+02  8.74868600e-09  7.09626778e+02  8.75931138e-09 
 7.26156110e+02  8.74832432e-09  7.26156110e+02  8.75894897e-09 
 7.43070458e+02  8.74797088e-09  7.43070458e+02  8.75859482e-09 
 7.60378793e+02  8.74762551e-09  7.60378793e+02  8.75824874e-09 
 7.78090290e+02  8.74728802e-09  7.78090290e+02  8.75791053e-09 
 7.96214341e+02  8.74695822e-09  7.96214341e+02  8.75758003e-09 
 8.14760556e+02  8.74663595e-09  8.14760556e+02  8.75725706e-09 
 8.33738767e+02  8.74632103e-09  8.33738767e+02  8.75694144e-09 
 8.53159038e+02  8.74601330e-09  8.53159038e+02  8.75663301e-09 
 8.73031664e+02  8.74571259e-09  8.73031664e+02  8.75633159e-09 
 8.93367184e+02  8.74541873e-09  8.93367184e+02  8.75603703e-09 
 9.14176379e+02  8.74513159e-09  9.14176379e+02  8.75574918e-09 
 9.35470283e+02  8.74485099e-09  9.35470283e+02  8.75546787e-09 
 9.57260185e+02  8.74457679e-09  9.57260185e+02  8.75519296e-09 
 9.79557639e+02  8.74430886e-09  9.79557639e+02  8.75492431e-09 
 1.00237447e+03  8.74404703e-09  1.00237447e+03  8.75466176e-09 
 1.02572277e+03  8.74379118e-09  1.02572277e+03  8.75440517e-09 
 1.04961492e+03  8.74354117e-09  1.04961492e+03  8.75415442e-09 
 1.07406359e+03  8.74329686e-09  1.07406359e+03  8.75390937e-09 
 1.09908175e+03  8.74305813e-09  1.09908175e+03  8.75366987e-09 
 1.12468265e+03  8.74282485e-09  1.12468265e+03  8.75343582e-09 
 1.15087987e+03  8.74259689e-09  1.15087987e+03  8.75320708e-09 
 1.17768731e+03  8.74237414e-09  1.17768731e+03  8.75298353e-09 
 1.20511917e+03  8.74215647e-09  1.20511917e+03  8.75276504e-09 
 1.23319000e+03  8.74194378e-09  1.23319000e+03  8.75255151e-09 
 1.26191469e+03  8.74173594e-09  1.26191469e+03  8.75234282e-09 
 1.29130846e+03  8.74153285e-09  1.29130846e+03  8.75213886e-09 
 1.32138690e+03  8.74133439e-09  1.32138690e+03  8.75193952e-09 
 1.35216595e+03  8.74114047e-09  1.35216595e+03  8.75174468e-09 
 1.38366194e+03  8.74095098e-09  1.38366194e+03  8.75155426e-09 
 1.41589157e+03  8.74076582e-09  1.41589157e+03  8.75136814e-09 
 1.44887192e+03  8.74058490e-09  1.44887192e+03  8.75118622e-09 
 1.48262048e+03  8.74040811e-09  1.48262048e+03  8.75100841e-09 
 1.51715515e+03  8.74023536e-09  1.51715515e+03  8.75083461e-09 
 1.55249423e+03  8.74006656e-09  1.55249423e+03  8.75066474e-09 
 1.58865647e+03  8.73990163e-09  1.58865647e+03  8.75049868e-09 
 1.62566103e+03  8.73974047e-09  1.62566103e+03  8.75033637e-09 
 1.66352754e+03  8.73958300e-09  1.66352754e+03  8.75017771e-09 
 1.70227608e+03  8.73942914e-09  1.70227608e+03  8.75002261e-09 
 1.74192718e+03  8.73927880e-09  1.74192718e+03  8.74987099e-09 
 1.78250188e+03  8.73913190e-09  1.78250188e+03  8.74972278e-09 
 1.82402168e+03  8.73898838e-09  1.82402168e+03  8.74957788e-09 
 1.86650860e+03  8.73884815e-09  1.86650860e+03  8.74943622e-09 
 1.90998517e+03  8.73871113e-09  1.90998517e+03  8.74929773e-09 
 1.95447444e+03  8.73857726e-09  1.95447444e+03  8.74916233e-09 
 2.00000000e+03  8.73844647e-09  2.00000000e+03  8.74902994e-09 
 2.04658598e+03  8.73831868e-09  2.04658598e+03  8.74890050e-09 
 2.09425710e+03  8.73819383e-09  2.09425710e+03  8.74877393e-09 
 2.14303861e+03  8.73807186e-09  2.14303861e+03  8.74865016e-09 
 2.19295639e+03  8.73795269e-09  2.19295639e+03  8.74852913e-09 
 2.24403691e+03  8.73783627e-09  2.24403691e+03  8.74841077e-09 
 2.29630724e+03  8.73772254e-09  2.29630724e+03  8.74829502e-09 
 2.34979511e+03  8.73761143e-09  2.34979511e+03  8.74818180e-09 
 2.40452887e+03  8.73750289e-09  2.40452887e+03  8.74807107e-09 
 2.46053754e+03  8.73739687e-09  2.46053754e+03  8.74796275e-09 
 2.51785082e+03  8.73729330e-09  2.51785082e+03  8.74785680e-09 
 2.57649910e+03  8.73719213e-09  2.57649910e+03  8.74775314e-09 
 2.63651348e+03  8.73709331e-09  2.63651348e+03  8.74765172e-09 
 2.69792577e+03  8.73699679e-09  2.69792577e+03  8.74755249e-09 
 2.76076853e+03  8.73690251e-09  2.76076853e+03  8.74745539e-09 
 2.82507509e+03  8.73681044e-09  2.82507509e+03  8.74736036e-09 
 2.89087954e+03  8.73672051e-09  2.89087954e+03  8.74726735e-09 
 2.95821678e+03  8.73663269e-09  2.95821678e+03  8.74717631e-09 
 3.02712250e+03  8.73654694e-09  3.02712250e+03  8.74708718e-09 
 3.09763324e+03  8.73646319e-09  3.09763324e+03  8.74699992e-09 
 3.16978638e+03  8.73638142e-09  3.16978638e+03  8.74691448e-09 
 3.24362019e+03  8.73630158e-09  3.24362019e+03  8.74683080e-09 
 3.31917381e+03  8.73622363e-09  3.31917381e+03  8.74674883e-09 
 3.39648730e+03  8.73614753e-09  3.39648730e+03  8.74666854e-09 
 3.47560166e+03  8.73607324e-09  3.47560166e+03  8.74658986e-09 
 3.55655882e+03  8.73600072e-09  3.55655882e+03  8.74651276e-09 
 3.63940172e+03  8.73592994e-09  3.63940172e+03  8.74643719e-09 
 3.72417427e+03  8.73586086e-09  3.72417427e+03  8.74636310e-09 
 3.81092144e+03  8.73579346e-09  3.81092144e+03  8.74629044e-09 
 3.89968920e+03  8.73572768e-09  3.89968920e+03  8.74621918e-09 
 3.99052463e+03  8.73566351e-09  3.99052463e+03  8.74614927e-09 
 4.08347589e+03  8.73560090e-09  4.08347589e+03  8.74608067e-09 
 4.17859226e+03  8.73553984e-09  4.17859226e+03  8.74601332e-09 
 4.27592418e+03  8.73548028e-09  4.27592418e+03  8.74594720e-09 
 4.37552325e+03  8.73542221e-09  4.37552325e+03  8.74588225e-09 
 4.47744228e+03  8.73536558e-09  4.47744228e+03  8.74581844e-09 
 4.58173531e+03  8.73531039e-09  4.58173531e+03  8.74575572e-09 
 4.68845763e+03  8.73525659e-09  4.68845763e+03  8.74569405e-09 
 4.79766584e+03  8.73520417e-09  4.79766584e+03  8.74563339e-09 
 4.90941783e+03  8.73515309e-09  4.90941783e+03  8.74557370e-09 
 5.02377286e+03  8.73510335e-09  5.02377286e+03  8.74551493e-09 
 5.14079157e+03  8.73505491e-09  5.14079157e+03  8.74545705e-09 
 5.26053598e+03  8.73500775e-09  5.26053598e+03  8.74540001e-09 
 5.38306961e+03  8.73496185e-09  5.38306961e+03  8.74534377e-09 
 5.50845741e+03  8.73491720e-09  5.50845741e+03  8.74528829e-09 
 5.63676586e+03  8.73487377e-09  5.63676586e+03  8.74523353e-09 
 5.76806301e+03  8.73483154e-09  5.76806301e+03  8.74517944e-09 
 5.90241845e+03  8.73479051e-09  5.90241845e+03  8.74512599e-09 
 6.03990344e+03  8.73475064e-09  6.03990344e+03  8.74507313e-09 
 6.18059087e+03  8.73471193e-09  6.18059087e+03  8.74502082e-09 
 6.32455532e+03  8.73467436e-09  6.32455532e+03  8.74496902e-09 
 6.47187314e+03  8.73463792e-09  6.47187314e+03  8.74491768e-09 
 6.62262243e+03  8.73460260e-09  6.62262243e+03  8.74486675e-09 
 6.77688312e+03  8.73456837e-09  6.77688312e+03  8.74481620e-09 
 6.93473701e+03  8.73453524e-09  6.93473701e+03  8.74476597e-09 
 7.09626778e+03  8.73450319e-09  7.09626778e+03  8.74471602e-09 
 7.26156110e+03  8.73447221e-09  7.26156110e+03  8.74466631e-09 
 7.43070458e+03  8.73444230e-09  7.43070458e+03  8.74461679e-09 
 7.60378793e+03  8.73441344e-09  7.60378793e+03  8.74456741e-09 
 7.78090290e+03  8.73438564e-09  7.78090290e+03  8.74451811e-09 
 7.96214341e+03  8.73435888e-09  7.96214341e+03  8.74446885e-09 
 8.14760556e+03  8.73433316e-09  8.14760556e+03  8.74441958e-09 
 8.33738767e+03  8.73430848e-09  8.33738767e+03  8.74437024e-09 
 8.53159038e+03  8.73428483e-09  8.53159038e+03  8.74432078e-09 
 8.73031664e+03  8.73426222e-09  8.73031664e+03  8.74427115e-09 
 8.93367184e+03  8.73424064e-09  8.93367184e+03  8.74422129e-09 
 9.14176379e+03  8.73422009e-09  9.14176379e+03  8.74417113e-09 
 9.35470283e+03  8.73420058e-09  9.35470283e+03  8.74412062e-09 
 9.57260185e+03  8.73418211e-09  9.57260185e+03  8.74406970e-09 
 9.79557639e+03  8.73416469e-09  9.79557639e+03  8.74401831e-09 
 1.00237447e+04  8.73414831e-09  1.00237447e+04  8.74396637e-09 
 1.02572277e+04  8.73413299e-09  1.02572277e+04  8.74391383e-09 
 1.04961492e+04  8.73411874e-09  1.04961492e+04  8.74386060e-09 
 1.07406359e+04  8.73410556e-09  1.07406359e+04  8.74380663e-09 
 1.09908175e+04  8.73409347e-09  1.09908175e+04  8.74375183e-09 
 1.12468265e+04  8.73408247e-09  1.12468265e+04  8.74369613e-09 
 1.15087987e+04  8.73407259e-09  1.15087987e+04  8.74363945e-09 
 1.17768731e+04  8.73406383e-09  1.17768731e+04  8.74358171e-09 
 1.20511917e+04  8.73405621e-09  1.20511917e+04  8.74352282e-09 
 1.23319000e+04  8.73404976e-09  1.23319000e+04  8.74346270e-09 
 1.26191469e+04  8.73404449e-09  1.26191469e+04  8.74340125e-09 
 1.29130846e+04  8.73404042e-09  1.29130846e+04  8.74333837e-09 
 1.32138690e+04  8.73403758e-09  1.32138690e+04  8.74327398e-09 
 1.35216595e+04  8.73403600e-09  1.35216595e+04  8.74320797e-09 
 1.38366194e+04  8.73403569e-09  1.38366194e+04  8.74314023e-09 
 1.41589157e+04  8.73403670e-09  1.41589157e+04  8.74307065e-09 
 1.44887192e+04  8.73403904e-09  1.44887192e+04  8.74299913e-09 
 1.48262048e+04  8.73404276e-09  1.48262048e+04  8.74292553e-09 
 1.51715515e+04  8.73404790e-09  1.51715515e+04  8.74284975e-09 
 1.55249423e+04  8.73405448e-09  1.55249423e+04  8.74277164e-09 
 1.58865647e+04  8.73406256e-09  1.58865647e+04  8.74269109e-09 
 1.62566103e+04  8.73407216e-09  1.62566103e+04  8.74260794e-09 
 1.66352754e+04  8.73408335e-09  1.66352754e+04  8.74252206e-09 
 1.70227608e+04  8.73409617e-09  1.70227608e+04  8.74243330e-09 
 1.74192718e+04  8.73411067e-09  1.74192718e+04  8.74234151e-09 
 1.78250188e+04  8.73412691e-09  1.78250188e+04  8.74224651e-09 
 1.82402168e+04  8.73414493e-09  1.82402168e+04  8.74214815e-09 
 1.86650860e+04  8.73416482e-09  1.86650860e+04  8.74204625e-09 
 1.90998517e+04  8.73418662e-09  1.90998517e+04  8.74194063e-09 
 1.95447444e+04  8.73421041e-09  1.95447444e+04  8.74183110e-09 
 2.00000000e+04  8.73423626e-09  2.00000000e+04  8.74171747e-09 
