 2.00000000e+01  3.21342154e-08  2.00000000e+01  1.02333901e-08 
 2.04658598e+01  3.20995924e-08  2.04658598e+01  1.02222246e-08 
 2.09425710e+01  3.20657205e-08  2.09425710e+01  1.02113048e-08 
 2.14303861e+01  3.20325842e-08  2.14303861e+01  1.02006256e-08 
 2.19295639e+01  3.20001684e-08  2.19295639e+01  1.01901818e-08 
 2.24403691e+01  3.19684581e-08  2.24403691e+01  1.01799683e-08 
 2.29630724e+01  3.19374387e-08  2.29630724e+01  1.01699802e-08 
 2.34979511e+01  3.19070957e-08  2.34979511e+01  1.01602126e-08 
 2.40452887e+01  3.18774152e-08  2.40452887e+01  1.01506610e-08 
 2.46053754e+01  3.18483831e-08  2.46053754e+01  1.01413205e-08 
 2.51785082e+01  3.18199861e-08  2.51785082e+01  1.01321866e-08 
 2.57649910e+01  3.17922106e-08  2.57649910e+01  1.01232550e-08 
 2.63651348e+01  3.17650438e-08  2.63651348e+01  1.01145213e-08 
 2.69792577e+01  3.17384727e-08  2.69792577e+01  1.01059811e-08 
 2.76076853e+01  3.17124848e-08  2.76076853e+01  1.00976302e-08 
 2.82507509e+01  3.16870677e-08  2.82507509e+01  1.00894647e-08 
 2.89087954e+01  3.16622095e-08  2.89087954e+01  1.00814805e-08 
 2.95821678e+01  3.16378981e-08  2.95821678e+01  1.00736736e-08 
 3.02712250e+01  3.16141221e-08  3.02712250e+01  1.00660402e-08 
 3.09763324e+01  3.15908700e-08  3.09763324e+01  1.00585765e-08 
 3.16978638e+01  3.15681306e-08  3.16978638e+01  1.00512789e-08 
 3.24362019e+01  3.15458930e-08  3.24362019e+01  1.00441437e-08 
 3.31917381e+01  3.15241465e-08  3.31917381e+01  1.00371674e-08 
 3.39648730e+01  3.15028806e-08  3.39648730e+01  1.00303465e-08 
 3.47560166e+01  3.14820850e-08  3.47560166e+01  1.00236777e-08 
 3.55655882e+01  3.14617495e-08  3.55655882e+01  1.00171576e-08 
 3.63940172e+01  3.14418644e-08  3.63940172e+01  1.00107829e-08 
 3.72417427e+01  3.14224198e-08  3.72417427e+01  1.00045505e-08 
 3.81092144e+01  3.14034063e-08  3.81092144e+01  9.99845727e-09 
 3.89968920e+01  3.13848146e-08  3.89968920e+01  9.99250015e-09 
 3.99052463e+01  3.13666355e-08  3.99052463e+01  9.98667615e-09 
 4.08347589e+01  3.13488602e-08  4.08347589e+01  9.98098236e-09 
 4.17859226e+01  3.13314800e-08  4.17859226e+01  9.97541591e-09 
 4.27592418e+01  3.13144861e-08  4.27592418e+01  9.96997401e-09 
 4.37552325e+01  3.12978704e-08  4.37552325e+01  9.96465391e-09 
 4.47744228e+01  3.12816244e-08  4.47744228e+01  9.95945293e-09 
 4.58173531e+01  3.12657402e-08  4.58173531e+01  9.95436845e-09 
 4.68845763e+01  3.12502100e-08  4.68845763e+01  9.94939790e-09 
 4.79766584e+01  3.12350260e-08  4.79766584e+01  9.94453876e-09 
 4.90941783e+01  3.12201805e-08  4.90941783e+01  9.93978857e-09 
 5.02377286e+01  3.12056664e-08  5.02377286e+01  9.93514494e-09 
 5.14079157e+01  3.11914762e-08  5.14079157e+01  9.93060549e-09 
 5.26053598e+01  3.11776030e-08  5.26053598e+01  9.92616793e-09 
 5.38306961e+01  3.11640397e-08  5.38306961e+01  9.92183000e-09 
 5.50845741e+01  3.11507796e-08  5.50845741e+01  9.91758949e-09 
 5.63676586e+01  3.11378160e-08  5.63676586e+01  9.91344425e-09 
 5.76806301e+01  3.11251424e-08  5.76806301e+01  9.90939217e-09 
 5.90241845e+01  3.11127524e-08  5.90241845e+01  9.90543116e-09 
 6.03990344e+01  3.11006398e-08  6.03990344e+01  9.90155922e-09 
 6.18059087e+01  3.10887986e-08  6.18059087e+01  9.89777436e-09 
 6.32455532e+01  3.10772226e-08  6.32455532e+01  9.89407465e-09 
 6.47187314e+01  3.10659061e-08  6.47187314e+01  9.89045820e-09 
 6.62262243e+01  3.10548433e-08  6.62262243e+01  9.88692315e-09 
 6.77688312e+01  3.10440286e-08  6.77688312e+01  9.88346768e-09 
 6.93473701e+01  3.10334566e-08  6.93473701e+01  9.88009004e-09 
 7.09626778e+01  3.10231219e-08  7.09626778e+01  9.87678848e-09 
 7.26156110e+01  3.10130192e-08  7.26156110e+01  9.87356130e-09 
 7.43070458e+01  3.10031434e-08  7.43070458e+01  9.87040686e-09 
 7.60378793e+01  3.09934894e-08  7.60378793e+01  9.86732351e-09 
 7.78090290e+01  3.09840524e-08  7.78090290e+01  9.86430969e-09 
 7.96214341e+01  3.09748276e-08  7.96214341e+01  9.86136383e-09 
 8.14760556e+01  3.09658101e-08  8.14760556e+01  9.85848442e-09 
 8.33738767e+01  3.09569955e-08  8.33738767e+01  9.85566996e-09 
 8.53159038e+01  3.09483791e-08  8.53159038e+01  9.85291902e-09 
 8.73031664e+01  3.09399567e-08  8.73031664e+01  9.85023016e-09 
 8.93367184e+01  3.09317239e-08  8.93367184e+01  9.84760200e-09 
 9.14176379e+01  3.09236764e-08  9.14176379e+01  9.84503318e-09 
 9.35470283e+01  3.09158101e-08  9.35470283e+01  9.84252237e-09 
 9.57260185e+01  3.09081211e-08  9.57260185e+01  9.84006827e-09 
 9.79557639e+01  3.09006053e-08  9.79557639e+01  9.83766960e-09 
 1.00237447e+02  3.08932588e-08  1.00237447e+02  9.83532514e-09 
 1.02572277e+02  3.08860780e-08  1.02572277e+02  9.83303365e-09 
 1.04961492e+02  3.08790591e-08  1.04961492e+02  9.83079395e-09 
 1.07406359e+02  3.08721984e-08  1.07406359e+02  9.82860488e-09 
 1.09908175e+02  3.08654925e-08  1.09908175e+02  9.82646531e-09 
 1.12468265e+02  3.08589379e-08  1.12468265e+02  9.82437411e-09 
 1.15087987e+02  3.08525312e-08  1.15087987e+02  9.82233021e-09 
 1.17768731e+02  3.08462691e-08  1.17768731e+02  9.82033254e-09 
 1.20511917e+02  3.08401484e-08  1.20511917e+02  9.81838007e-09 
 1.23319000e+02  3.08341658e-08  1.23319000e+02  9.81647176e-09 
 1.26191469e+02  3.08283184e-08  1.26191469e+02  9.81460664e-09 
 1.29130846e+02  3.08226030e-08  1.29130846e+02  9.81278373e-09 
 1.32138690e+02  3.08170167e-08  1.32138690e+02  9.81100208e-09 
 1.35216595e+02  3.08115567e-08  1.35216595e+02  9.80926077e-09 
 1.38366194e+02  3.08062200e-08  1.38366194e+02  9.80755887e-09 
 1.41589157e+02  3.08010039e-08  1.41589157e+02  9.80589552e-09 
 1.44887192e+02  3.07959058e-08  1.44887192e+02  9.80426983e-09 
 1.48262048e+02  3.07909228e-08  1.48262048e+02  9.80268095e-09 
 1.51715515e+02  3.07860526e-08  1.51715515e+02  9.80112807e-09 
 1.55249423e+02  3.07812925e-08  1.55249423e+02  9.79961037e-09 
 1.58865647e+02  3.07766400e-08  1.58865647e+02  9.79812705e-09 
 1.62566103e+02  3.07720928e-08  1.62566103e+02  9.79667734e-09 
 1.66352754e+02  3.07676485e-08  1.66352754e+02  9.79526049e-09 
 1.70227608e+02  3.07633047e-08  1.70227608e+02  9.79387574e-09 
 1.74192718e+02  3.07590592e-08  1.74192718e+02  9.79252238e-09 
 1.78250188e+02  3.07549097e-08  1.78250188e+02  9.79119969e-09 
 1.82402168e+02  3.07508542e-08  1.82402168e+02  9.78990700e-09 
 1.86650860e+02  3.07468905e-08  1.86650860e+02  9.78864360e-09 
 1.90998517e+02  3.07430165e-08  1.90998517e+02  9.78740886e-09 
 1.95447444e+02  3.07392302e-08  1.95447444e+02  9.78620211e-09 
 2.00000000e+02  3.07355297e-08  2.00000000e+02  9.78502273e-09 
 2.04658598e+02  3.07319129e-08  2.04658598e+02  9.78387010e-09 
 2.09425710e+02  3.07283780e-08  2.09425710e+02  9.78274361e-09 
 2.14303861e+02  3.07249232e-08  2.14303861e+02  9.78164268e-09 
 2.19295639e+02  3.07215467e-08  2.19295639e+02  9.78056672e-09 
 2.24403691e+02  3.07182466e-08  2.24403691e+02  9.77951517e-09 
 2.29630724e+02  3.07150213e-08  2.29630724e+02  9.77848747e-09 
 2.34979511e+02  3.07118690e-08  2.34979511e+02  9.77748310e-09 
 2.40452887e+02  3.07087882e-08  2.40452887e+02  9.77650152e-09 
 2.46053754e+02  3.07057771e-08  2.46053754e+02  9.77554221e-09 
 2.51785082e+02  3.07028343e-08  2.51785082e+02  9.77460468e-09 
 2.57649910e+02  3.06999581e-08  2.57649910e+02  9.77368842e-09 
 2.63651348e+02  3.06971471e-08  2.63651348e+02  9.77279297e-09 
 2.69792577e+02  3.06943999e-08  2.69792577e+02  9.77191784e-09 
 2.76076853e+02  3.06917148e-08  2.76076853e+02  9.77106257e-09 
 2.82507509e+02  3.06890906e-08  2.82507509e+02  9.77022673e-09 
 2.89087954e+02  3.06865259e-08  2.89087954e+02  9.76940986e-09 
 2.95821678e+02  3.06840193e-08  2.95821678e+02  9.76861153e-09 
 3.02712250e+02  3.06815694e-08  3.02712250e+02  9.76783134e-09 
 3.09763324e+02  3.06791751e-08  3.09763324e+02  9.76706886e-09 
 3.16978638e+02  3.06768351e-08  3.16978638e+02  9.76632370e-09 
 3.24362019e+02  3.06745480e-08  3.24362019e+02  9.76559546e-09 
 3.31917381e+02  3.06723128e-08  3.31917381e+02  9.76488376e-09 
 3.39648730e+02  3.06701283e-08  3.39648730e+02  9.76418822e-09 
 3.47560166e+02  3.06679932e-08  3.47560166e+02  9.76350849e-09 
 3.55655882e+02  3.06659064e-08  3.55655882e+02  9.76284419e-09 
 3.63940172e+02  3.06638670e-08  3.63940172e+02  9.76219499e-09 
 3.72417427e+02  3.06618737e-08  3.72417427e+02  9.76156053e-09 
 3.81092144e+02  3.06599256e-08  3.81092144e+02  9.76094049e-09 
 3.89968920e+02  3.06580216e-08  3.89968920e+02  9.76033454e-09 
 3.99052463e+02  3.06561607e-08  3.99052463e+02  9.75974235e-09 
 4.08347589e+02  3.06543419e-08  4.08347589e+02  9.75916362e-09 
 4.17859226e+02  3.06525643e-08  4.17859226e+02  9.75859804e-09 
 4.27592418e+02  3.06508269e-08  4.27592418e+02  9.75804531e-09 
 4.37552325e+02  3.06491288e-08  4.37552325e+02  9.75750514e-09 
 4.47744228e+02  3.06474691e-08  4.47744228e+02  9.75697725e-09 
 4.58173531e+02  3.06458470e-08  4.58173531e+02  9.75646136e-09 
 4.68845763e+02  3.06442615e-08  4.68845763e+02  9.75595719e-09 
 4.79766584e+02  3.06427119e-08  4.79766584e+02  9.75546448e-09 
 4.90941783e+02  3.06411973e-08  4.90941783e+02  9.75498297e-09 
 5.02377286e+02  3.06397169e-08  5.02377286e+02  9.75451240e-09 
 5.14079157e+02  3.06382699e-08  5.14079157e+02  9.75405254e-09 
 5.26053598e+02  3.06368555e-08  5.26053598e+02  9.75360312e-09 
 5.38306961e+02  3.06354731e-08  5.38306961e+02  9.75316393e-09 
 5.50845741e+02  3.06341219e-08  5.50845741e+02  9.75273471e-09 
 5.63676586e+02  3.06328011e-08  5.63676586e+02  9.75231526e-09 
 5.76806301e+02  3.06315100e-08  5.76806301e+02  9.75190534e-09 
 5.90241845e+02  3.06302481e-08  5.90241845e+02  9.75150475e-09 
 6.03990344e+02  3.06290145e-08  6.03990344e+02  9.75111326e-09 
 6.18059087e+02  3.06278086e-08  6.18059087e+02  9.75073068e-09 
 6.32455532e+02  3.06266299e-08  6.32455532e+02  9.75035679e-09 
 6.47187314e+02  3.06254776e-08  6.47187314e+02  9.74999141e-09 
 6.62262243e+02  3.06243511e-08  6.62262243e+02  9.74963434e-09 
 6.77688312e+02  3.06232499e-08  6.77688312e+02  9.74928538e-09 
 6.93473701e+02  3.06221734e-08  6.93473701e+02  9.74894437e-09 
 7.09626778e+02  3.06211209e-08  7.09626778e+02  9.74861111e-09 
 7.26156110e+02  3.06200919e-08  7.26156110e+02  9.74828543e-09 
 7.43070458e+02  3.06190859e-08  7.43070458e+02  9.74796716e-09 
 7.60378793e+02  3.06181023e-08  7.60378793e+02  9.74765613e-09 
 7.78090290e+02  3.06171406e-08  7.78090290e+02  9.74735218e-09 
 7.96214341e+02  3.06162002e-08  7.96214341e+02  9.74705514e-09 
 8.14760556e+02  3.06152807e-08  8.14760556e+02  9.74676486e-09 
 8.33738767e+02  3.06143816e-08  8.33738767e+02  9.74648118e-09 
 8.53159038e+02  3.06135023e-08  8.53159038e+02  9.74620396e-09 
 8.73031664e+02  3.06126425e-08  8.73031664e+02  9.74593304e-09 
 8.93367184e+02  3.06118015e-08  8.93367184e+02  9.74566829e-09 
 9.14176379e+02  3.06109790e-08  9.14176379e+02  9.74540957e-09 
 9.35470283e+02  3.06101745e-08  9.35470283e+02  9.74515674e-09 
 9.57260185e+02  3.06093877e-08  9.57260185e+02  9.74490965e-09 
 9.79557639e+02  3.06086179e-08  9.79557639e+02  9.74466820e-09 
 1.00237447e+03  3.06078649e-08  1.00237447e+03  9.74443224e-09 
 1.02572277e+03  3.06071281e-08  1.02572277e+03  9.74420165e-09 
 1.04961492e+03  3.06064072e-08  1.04961492e+03  9.74397631e-09 
 1.07406359e+03  3.06057019e-08  1.07406359e+03  9.74375610e-09 
 1.09908175e+03  3.06050116e-08  1.09908175e+03  9.74354091e-09 
 1.12468265e+03  3.06043360e-08  1.12468265e+03  9.74333062e-09 
 1.15087987e+03  3.06036748e-08  1.15087987e+03  9.74312511e-09 
 1.17768731e+03  3.06030275e-08  1.17768731e+03  9.74292429e-09 
 1.20511917e+03  3.06023937e-08  1.20511917e+03  9.74272804e-09 
 1.23319000e+03  3.06017732e-08  1.23319000e+03  9.74253627e-09 
 1.26191469e+03  3.06011656e-08  1.26191469e+03  9.74234886e-09 
 1.29130846e+03  3.06005705e-08  1.29130846e+03  9.74216572e-09 
 1.32138690e+03  3.05999875e-08  1.32138690e+03  9.74198676e-09 
 1.35216595e+03  3.05994164e-08  1.35216595e+03  9.74181188e-09 
 1.38366194e+03  3.05988567e-08  1.38366194e+03  9.74164098e-09 
 1.41589157e+03  3.05983082e-08  1.41589157e+03  9.74147398e-09 
 1.44887192e+03  3.05977705e-08  1.44887192e+03  9.74131079e-09 
 1.48262048e+03  3.05972433e-08  1.48262048e+03  9.74115132e-09 
 1.51715515e+03  3.05967263e-08  1.51715515e+03  9.74099549e-09 
 1.55249423e+03  3.05962192e-08  1.55249423e+03  9.74084322e-09 
 1.58865647e+03  3.05957216e-08  1.58865647e+03  9.74069442e-09 
 1.62566103e+03  3.05952333e-08  1.62566103e+03  9.74054901e-09 
 1.66352754e+03  3.05947539e-08  1.66352754e+03  9.74040693e-09 
 1.70227608e+03  3.05942831e-08  1.70227608e+03  9.74026810e-09 
 1.74192718e+03  3.05938207e-08  1.74192718e+03  9.74013243e-09 
 1.78250188e+03  3.05933663e-08  1.78250188e+03  9.73999987e-09 
 1.82402168e+03  3.05929195e-08  1.82402168e+03  9.73987033e-09 
 1.86650860e+03  3.05924803e-08  1.86650860e+03  9.73974376e-09 
 1.90998517e+03  3.05920481e-08  1.90998517e+03  9.73962009e-09 
 1.95447444e+03  3.05916228e-08  1.95447444e+03  9.73949924e-09 
 2.00000000e+03  3.05912040e-08  2.00000000e+03  9.73938117e-09 
 2.04658598e+03  3.05907914e-08  2.04658598e+03  9.73926579e-09 
 2.09425710e+03  3.05903848e-08  2.09425710e+03  9.73915307e-09 
 2.14303861e+03  3.05899838e-08  2.14303861e+03  9.73904292e-09 
 2.19295639e+03  3.05895882e-08  2.19295639e+03  9.73893531e-09 
 2.24403691e+03  3.05891976e-08  2.24403691e+03  9.73883016e-09 
 2.29630724e+03  3.05888118e-08  2.29630724e+03  9.73872743e-09 
 2.34979511e+03  3.05884304e-08  2.34979511e+03  9.73862707e-09 
 2.40452887e+03  3.05880531e-08  2.40452887e+03  9.73852901e-09 
 2.46053754e+03  3.05876796e-08  2.46053754e+03  9.73843321e-09 
 2.51785082e+03  3.05873097e-08  2.51785082e+03  9.73833961e-09 
 2.57649910e+03  3.05869430e-08  2.57649910e+03  9.73824818e-09 
 2.63651348e+03  3.05865791e-08  2.63651348e+03  9.73815885e-09 
 2.69792577e+03  3.05862178e-08  2.69792577e+03  9.73807159e-09 
 2.76076853e+03  3.05858587e-08  2.76076853e+03  9.73798635e-09 
 2.82507509e+03  3.05855016e-08  2.82507509e+03  9.73790309e-09 
 2.89087954e+03  3.05851459e-08  2.89087954e+03  9.73782175e-09 
 2.95821678e+03  3.05847915e-08  2.95821678e+03  9.73774230e-09 
 3.02712250e+03  3.05844380e-08  3.02712250e+03  9.73766470e-09 
 3.09763324e+03  3.05840850e-08  3.09763324e+03  9.73758891e-09 
 3.16978638e+03  3.05837321e-08  3.16978638e+03  9.73751489e-09 
 3.24362019e+03  3.05833789e-08  3.24362019e+03  9.73744260e-09 
 3.31917381e+03  3.05830252e-08  3.31917381e+03  9.73737200e-09 
 3.39648730e+03  3.05826704e-08  3.39648730e+03  9.73730306e-09 
 3.47560166e+03  3.05823142e-08  3.47560166e+03  9.73723574e-09 
 3.55655882e+03  3.05819562e-08  3.55655882e+03  9.73717000e-09 
 3.63940172e+03  3.05815959e-08  3.63940172e+03  9.73710582e-09 
 3.72417427e+03  3.05812329e-08  3.72417427e+03  9.73704316e-09 
 3.81092144e+03  3.05808668e-08  3.81092144e+03  9.73698199e-09 
 3.89968920e+03  3.05804970e-08  3.89968920e+03  9.73692228e-09 
 3.99052463e+03  3.05801232e-08  3.99052463e+03  9.73686399e-09 
 4.08347589e+03  3.05797447e-08  4.08347589e+03  9.73680711e-09 
 4.17859226e+03  3.05793612e-08  4.17859226e+03  9.73675159e-09 
 4.27592418e+03  3.05789720e-08  4.27592418e+03  9.73669742e-09 
 4.37552325e+03  3.05785766e-08  4.37552325e+03  9.73664456e-09 
 4.47744228e+03  3.05781745e-08  4.47744228e+03  9.73659300e-09 
 4.58173531e+03  3.05777650e-08  4.58173531e+03  9.73654270e-09 
 4.68845763e+03  3.05773476e-08  4.68845763e+03  9.73649364e-09 
 4.79766584e+03  3.05769216e-08  4.79766584e+03  9.73644579e-09 
 4.90941783e+03  3.05764864e-08  4.90941783e+03  9.73639914e-09 
 5.02377286e+03  3.05760413e-08  5.02377286e+03  9.73635366e-09 
 5.14079157e+03  3.05755855e-08  5.14079157e+03  9.73630933e-09 
 5.26053598e+03  3.05751184e-08  5.26053598e+03  9.73626613e-09 
 5.38306961e+03  3.05746391e-08  5.38306961e+03  9.73622404e-09 
 5.50845741e+03  3.05741470e-08  5.50845741e+03  9.73618304e-09 
 5.63676586e+03  3.05736410e-08  5.63676586e+03  9.73614310e-09 
 5.76806301e+03  3.05731205e-08  5.76806301e+03  9.73610423e-09 
 5.90241845e+03  3.05725845e-08  5.90241845e+03  9.73606639e-09 
 6.03990344e+03  3.05720320e-08  6.03990344e+03  9.73602956e-09 
 6.18059087e+03  3.05714622e-08  6.18059087e+03  9.73599375e-09 
 6.32455532e+03  3.05708739e-08  6.32455532e+03  9.73595892e-09 
 6.47187314e+03  3.05702661e-08  6.47187314e+03  9.73592506e-09 
 6.62262243e+03  3.05696377e-08  6.62262243e+03  9.73589217e-09 
 6.77688312e+03  3.05689876e-08  6.77688312e+03  9.73586022e-09 
 6.93473701e+03  3.05683146e-08  6.93473701e+03  9.73582921e-09 
 7.09626778e+03  3.05676174e-08  7.09626778e+03  9.73579913e-09 
 7.26156110e+03  3.05668946e-08  7.26156110e+03  9.73576996e-09 
 7.43070458e+03  3.05661451e-08  7.43070458e+03  9.73574169e-09 
 7.60378793e+03  3.05653672e-08  7.60378793e+03  9.73571432e-09 
 7.78090290e+03  3.05645596e-08  7.78090290e+03  9.73568783e-09 
 7.96214341e+03  3.05637206e-08  7.96214341e+03  9.73566222e-09 
 8.14760556e+03  3.05628487e-08  8.14760556e+03  9.73563748e-09 
 8.33738767e+03  3.05619422e-08  8.33738767e+03  9.73561361e-09 
 8.53159038e+03  3.05609992e-08  8.53159038e+03  9.73559060e-09 
 8.73031664e+03  3.05600180e-08  8.73031664e+03  9.73556844e-09 
 8.93367184e+03  3.05589966e-08  8.93367184e+03  9.73554713e-09 
 9.14176379e+03  3.05579330e-08  9.14176379e+03  9.73552667e-09 
 9.35470283e+03  3.05568250e-08  9.35470283e+03  9.73550706e-09 
 9.57260185e+03  3.05556705e-08  9.57260185e+03  9.73548829e-09 
 9.79557639e+03  3.05544672e-08  9.79557639e+03  9.73547036e-09 
 1.00237447e+04  3.05532126e-08  1.00237447e+04  9.73545328e-09 
 1.02572277e+04  3.05519042e-08  1.02572277e+04  9.73543704e-09 
 1.04961492e+04  3.05505394e-08  1.04961492e+04  9.73542165e-09 
 1.07406359e+04  3.05491155e-08  1.07406359e+04  9.73540712e-09 
 1.09908175e+04  3.05476294e-08  1.09908175e+04  9.73539344e-09 
 1.12468265e+04  3.05460783e-08  1.12468265e+04  9.73538062e-09 
 1.15087987e+04  3.05444590e-08  1.15087987e+04  9.73536866e-09 
 1.17768731e+04  3.05427682e-08  1.17768731e+04  9.73535758e-09 
 1.20511917e+04  3.05410024e-08  1.20511917e+04  9.73534739e-09 
 1.23319000e+04  3.05391580e-08  1.23319000e+04  9.73533808e-09 
 1.26191469e+04  3.05372313e-08  1.26191469e+04  9.73532968e-09 
 1.29130846e+04  3.05352183e-08  1.29130846e+04  9.73532220e-09 
 1.32138690e+04  3.05331149e-08  1.32138690e+04  9.73531564e-09 
 1.35216595e+04  3.05309168e-08  1.35216595e+04  9.73531003e-09 
 1.38366194e+04  3.05286195e-08  1.38366194e+04  9.73530537e-09 
 1.41589157e+04  3.05262182e-08  1.41589157e+04  9.73530169e-09 
 1.44887192e+04  3.05237081e-08  1.44887192e+04  9.73529901e-09 
 1.48262048e+04  3.05210840e-08  1.48262048e+04  9.73529734e-09 
 1.51715515e+04  3.05183405e-08  1.51715515e+04  9.73529672e-09 
 1.55249423e+04  3.05154719e-08  1.55249423e+04  9.73529715e-09 
 1.58865647e+04  3.05124724e-08  1.58865647e+04  9.73529867e-09 
 1.62566103e+04  3.05093359e-08  1.62566103e+04  9.73530130e-09 
 1.66352754e+04  3.05060558e-08  1.66352754e+04  9.73530507e-09 
 1.70227608e+04  3.05026255e-08  1.70227608e+04  9.73531002e-09 
 1.74192718e+04  3.04990379e-08  1.74192718e+04  9.73531617e-09 
 1.78250188e+04  3.04952857e-08  1.78250188e+04  9.73532356e-09 
 1.82402168e+04  3.04913611e-08  1.82402168e+04  9.73533223e-09 
 1.86650860e+04  3.04872562e-08  1.86650860e+04  9.73534221e-09 
 1.90998517e+04  3.04829625e-08  1.90998517e+04  9.73535355e-09 
 1.95447444e+04  3.04784713e-08  1.95447444e+04  9.73536629e-09 
 2.00000000e+04  3.04737734e-08  2.00000000e+04  9.73538048e-09 
