 2.00000000e+01  3.19349042e-08  2.00000000e+01  1.01700335e-08 
 2.04658598e+01  3.18999796e-08  2.04658598e+01  1.01587728e-08 
 2.09425710e+01  3.18658122e-08  2.09425710e+01  1.01477598e-08 
 2.14303861e+01  3.18323866e-08  2.14303861e+01  1.01369893e-08 
 2.19295639e+01  3.17996873e-08  2.19295639e+01  1.01264560e-08 
 2.24403691e+01  3.17676994e-08  2.24403691e+01  1.01161548e-08 
 2.29630724e+01  3.17364081e-08  2.29630724e+01  1.01060809e-08 
 2.34979511e+01  3.17057988e-08  2.34979511e+01  1.00962293e-08 
 2.40452887e+01  3.16758575e-08  2.40452887e+01  1.00865952e-08 
 2.46053754e+01  3.16465701e-08  2.46053754e+01  1.00771741e-08 
 2.51785082e+01  3.16179230e-08  2.51785082e+01  1.00679613e-08 
 2.57649910e+01  3.15899027e-08  2.57649910e+01  1.00589523e-08 
 2.63651348e+01  3.15624961e-08  2.63651348e+01  1.00501427e-08 
 2.69792577e+01  3.15356903e-08  2.69792577e+01  1.00415284e-08 
 2.76076853e+01  3.15094726e-08  2.76076853e+01  1.00331049e-08 
 2.82507509e+01  3.14838306e-08  2.82507509e+01  1.00248683e-08 
 2.89087954e+01  3.14587520e-08  2.89087954e+01  1.00168144e-08 
 2.95821678e+01  3.14342251e-08  2.95821678e+01  1.00089394e-08 
 3.02712250e+01  3.14102380e-08  3.02712250e+01  1.00012393e-08 
 3.09763324e+01  3.13867792e-08  3.09763324e+01  9.99371027e-09 
 3.16978638e+01  3.13638376e-08  3.16978638e+01  9.98634870e-09 
 3.24362019e+01  3.13414021e-08  3.24362019e+01  9.97915090e-09 
 3.31917381e+01  3.13194618e-08  3.31917381e+01  9.97211332e-09 
 3.39648730e+01  3.12980063e-08  3.39648730e+01  9.96523246e-09 
 3.47560166e+01  3.12770250e-08  3.47560166e+01  9.95850490e-09 
 3.55655882e+01  3.12565079e-08  3.55655882e+01  9.95192730e-09 
 3.63940172e+01  3.12364449e-08  3.63940172e+01  9.94549638e-09 
 3.72417427e+01  3.12168264e-08  3.72417427e+01  9.93920893e-09 
 3.81092144e+01  3.11976426e-08  3.81092144e+01  9.93306182e-09 
 3.89968920e+01  3.11788842e-08  3.89968920e+01  9.92705197e-09 
 3.99052463e+01  3.11605421e-08  3.99052463e+01  9.92117637e-09 
 4.08347589e+01  3.11426073e-08  4.08347589e+01  9.91543208e-09 
 4.17859226e+01  3.11250709e-08  4.17859226e+01  9.90981621e-09 
 4.27592418e+01  3.11079242e-08  4.27592418e+01  9.90432594e-09 
 4.37552325e+01  3.10911589e-08  4.37552325e+01  9.89895852e-09 
 4.47744228e+01  3.10747667e-08  4.47744228e+01  9.89371123e-09 
 4.58173531e+01  3.10587394e-08  4.58173531e+01  9.88858143e-09 
 4.68845763e+01  3.10430691e-08  4.68845763e+01  9.88356654e-09 
 4.79766584e+01  3.10277480e-08  4.79766584e+01  9.87866402e-09 
 4.90941783e+01  3.10127685e-08  4.90941783e+01  9.87387138e-09 
 5.02377286e+01  3.09981232e-08  5.02377286e+01  9.86918621e-09 
 5.14079157e+01  3.09838047e-08  5.14079157e+01  9.86460612e-09 
 5.26053598e+01  3.09698058e-08  5.26053598e+01  9.86012880e-09 
 5.38306961e+01  3.09561197e-08  5.38306961e+01  9.85575197e-09 
 5.50845741e+01  3.09427394e-08  5.50845741e+01  9.85147340e-09 
 5.63676586e+01  3.09296582e-08  5.63676586e+01  9.84729092e-09 
 5.76806301e+01  3.09168696e-08  5.76806301e+01  9.84320241e-09 
 5.90241845e+01  3.09043671e-08  5.90241845e+01  9.83920576e-09 
 6.03990344e+01  3.08921444e-08  6.03990344e+01  9.83529896e-09 
 6.18059087e+01  3.08801954e-08  6.18059087e+01  9.83147999e-09 
 6.32455532e+01  3.08685141e-08  6.32455532e+01  9.82774692e-09 
 6.47187314e+01  3.08570945e-08  6.47187314e+01  9.82409782e-09 
 6.62262243e+01  3.08459309e-08  6.62262243e+01  9.82053084e-09 
 6.77688312e+01  3.08350176e-08  6.77688312e+01  9.81704415e-09 
 6.93473701e+01  3.08243491e-08  6.93473701e+01  9.81363595e-09 
 7.09626778e+01  3.08139199e-08  7.09626778e+01  9.81030451e-09 
 7.26156110e+01  3.08037249e-08  7.26156110e+01  9.80704810e-09 
 7.43070458e+01  3.07937588e-08  7.43070458e+01  9.80386506e-09 
 7.60378793e+01  3.07840165e-08  7.60378793e+01  9.80075375e-09 
 7.78090290e+01  3.07744930e-08  7.78090290e+01  9.79771257e-09 
 7.96214341e+01  3.07651836e-08  7.96214341e+01  9.79473996e-09 
 8.14760556e+01  3.07560834e-08  8.14760556e+01  9.79183437e-09 
 8.33738767e+01  3.07471879e-08  8.33738767e+01  9.78899433e-09 
 8.53159038e+01  3.07384924e-08  8.53159038e+01  9.78621835e-09 
 8.73031664e+01  3.07299926e-08  8.73031664e+01  9.78350501e-09 
 8.93367184e+01  3.07216840e-08  8.93367184e+01  9.78085290e-09 
 9.14176379e+01  3.07135624e-08  9.14176379e+01  9.77826066e-09 
 9.35470283e+01  3.07056237e-08  9.35470283e+01  9.77572695e-09 
 9.57260185e+01  3.06978637e-08  9.57260185e+01  9.77325045e-09 
 9.79557639e+01  3.06902785e-08  9.79557639e+01  9.77082988e-09 
 1.00237447e+02  3.06828643e-08  1.00237447e+02  9.76846399e-09 
 1.02572277e+02  3.06756171e-08  1.02572277e+02  9.76615156e-09 
 1.04961492e+02  3.06685332e-08  1.04961492e+02  9.76389138e-09 
 1.07406359e+02  3.06616090e-08  1.07406359e+02  9.76168228e-09 
 1.09908175e+02  3.06548410e-08  1.09908175e+02  9.75952311e-09 
 1.12468265e+02  3.06482256e-08  1.12468265e+02  9.75741276e-09 
 1.15087987e+02  3.06417594e-08  1.15087987e+02  9.75535013e-09 
 1.17768731e+02  3.06354391e-08  1.17768731e+02  9.75333415e-09 
 1.20511917e+02  3.06292614e-08  1.20511917e+02  9.75136376e-09 
 1.23319000e+02  3.06232231e-08  1.23319000e+02  9.74943794e-09 
 1.26191469e+02  3.06173211e-08  1.26191469e+02  9.74755570e-09 
 1.29130846e+02  3.06115523e-08  1.29130846e+02  9.74571604e-09 
 1.32138690e+02  3.06059138e-08  1.32138690e+02  9.74391802e-09 
 1.35216595e+02  3.06004027e-08  1.35216595e+02  9.74216070e-09 
 1.38366194e+02  3.05950159e-08  1.38366194e+02  9.74044315e-09 
 1.41589157e+02  3.05897509e-08  1.41589157e+02  9.73876449e-09 
 1.44887192e+02  3.05846048e-08  1.44887192e+02  9.73712384e-09 
 1.48262048e+02  3.05795750e-08  1.48262048e+02  9.73552034e-09 
 1.51715515e+02  3.05746588e-08  1.51715515e+02  9.73395316e-09 
 1.55249423e+02  3.05698537e-08  1.55249423e+02  9.73242147e-09 
 1.58865647e+02  3.05651572e-08  1.58865647e+02  9.73092448e-09 
 1.62566103e+02  3.05605669e-08  1.62566103e+02  9.72946141e-09 
 1.66352754e+02  3.05560803e-08  1.66352754e+02  9.72803149e-09 
 1.70227608e+02  3.05516951e-08  1.70227608e+02  9.72663397e-09 
 1.74192718e+02  3.05474091e-08  1.74192718e+02  9.72526812e-09 
 1.78250188e+02  3.05432200e-08  1.78250188e+02  9.72393323e-09 
 1.82402168e+02  3.05391255e-08  1.82402168e+02  9.72262859e-09 
 1.86650860e+02  3.05351237e-08  1.86650860e+02  9.72135353e-09 
 1.90998517e+02  3.05312123e-08  1.90998517e+02  9.72010738e-09 
 1.95447444e+02  3.05273894e-08  1.95447444e+02  9.71888949e-09 
 2.00000000e+02  3.05236529e-08  2.00000000e+02  9.71769921e-09 
 2.04658598e+02  3.05200009e-08  2.04658598e+02  9.71653592e-09 
 2.09425710e+02  3.05164315e-08  2.09425710e+02  9.71539902e-09 
 2.14303861e+02  3.05129428e-08  2.14303861e+02  9.71428791e-09 
 2.19295639e+02  3.05095330e-08  2.19295639e+02  9.71320200e-09 
 2.24403691e+02  3.05062002e-08  2.24403691e+02  9.71214072e-09 
 2.29630724e+02  3.05029428e-08  2.29630724e+02  9.71110352e-09 
 2.34979511e+02  3.04997591e-08  2.34979511e+02  9.71008986e-09 
 2.40452887e+02  3.04966473e-08  2.40452887e+02  9.70909920e-09 
 2.46053754e+02  3.04936058e-08  2.46053754e+02  9.70813101e-09 
 2.51785082e+02  3.04906331e-08  2.51785082e+02  9.70718480e-09 
 2.57649910e+02  3.04877275e-08  2.57649910e+02  9.70626007e-09 
 2.63651348e+02  3.04848876e-08  2.63651348e+02  9.70535633e-09 
 2.69792577e+02  3.04821118e-08  2.69792577e+02  9.70447310e-09 
 2.76076853e+02  3.04793987e-08  2.76076853e+02  9.70360992e-09 
 2.82507509e+02  3.04767469e-08  2.82507509e+02  9.70276634e-09 
 2.89087954e+02  3.04741549e-08  2.89087954e+02  9.70194191e-09 
 2.95821678e+02  3.04716214e-08  2.95821678e+02  9.70113620e-09 
 3.02712250e+02  3.04691451e-08  3.02712250e+02  9.70034879e-09 
 3.09763324e+02  3.04667246e-08  3.09763324e+02  9.69957926e-09 
 3.16978638e+02  3.04643587e-08  3.16978638e+02  9.69882720e-09 
 3.24362019e+02  3.04620462e-08  3.24362019e+02  9.69809223e-09 
 3.31917381e+02  3.04597857e-08  3.31917381e+02  9.69737395e-09 
 3.39648730e+02  3.04575761e-08  3.39648730e+02  9.69667199e-09 
 3.47560166e+02  3.04554162e-08  3.47560166e+02  9.69598597e-09 
 3.55655882e+02  3.04533049e-08  3.55655882e+02  9.69531554e-09 
 3.63940172e+02  3.04512411e-08  3.63940172e+02  9.69466034e-09 
 3.72417427e+02  3.04492237e-08  3.72417427e+02  9.69402003e-09 
 3.81092144e+02  3.04472515e-08  3.81092144e+02  9.69339427e-09 
 3.89968920e+02  3.04453236e-08  3.89968920e+02  9.69278273e-09 
 3.99052463e+02  3.04434389e-08  3.99052463e+02  9.69218509e-09 
 4.08347589e+02  3.04415964e-08  4.08347589e+02  9.69160102e-09 
 4.17859226e+02  3.04397952e-08  4.17859226e+02  9.69103024e-09 
 4.27592418e+02  3.04380342e-08  4.27592418e+02  9.69047243e-09 
 4.37552325e+02  3.04363125e-08  4.37552325e+02  9.68992730e-09 
 4.47744228e+02  3.04346292e-08  4.47744228e+02  9.68939456e-09 
 4.58173531e+02  3.04329835e-08  4.58173531e+02  9.68887394e-09 
 4.68845763e+02  3.04313743e-08  4.68845763e+02  9.68836515e-09 
 4.79766584e+02  3.04298009e-08  4.79766584e+02  9.68786793e-09 
 4.90941783e+02  3.04282624e-08  4.90941783e+02  9.68738202e-09 
 5.02377286e+02  3.04267579e-08  5.02377286e+02  9.68690716e-09 
 5.14079157e+02  3.04252868e-08  5.14079157e+02  9.68644310e-09 
 5.26053598e+02  3.04238480e-08  5.26053598e+02  9.68598960e-09 
 5.38306961e+02  3.04224410e-08  5.38306961e+02  9.68554641e-09 
 5.50845741e+02  3.04210648e-08  5.50845741e+02  9.68511331e-09 
 5.63676586e+02  3.04197188e-08  5.63676586e+02  9.68469006e-09 
 5.76806301e+02  3.04184023e-08  5.76806301e+02  9.68427644e-09 
 5.90241845e+02  3.04171144e-08  5.90241845e+02  9.68387224e-09 
 6.03990344e+02  3.04158545e-08  6.03990344e+02  9.68347723e-09 
 6.18059087e+02  3.04146220e-08  6.18059087e+02  9.68309122e-09 
 6.32455532e+02  3.04134160e-08  6.32455532e+02  9.68271399e-09 
 6.47187314e+02  3.04122360e-08  6.47187314e+02  9.68234535e-09 
 6.62262243e+02  3.04110812e-08  6.62262243e+02  9.68198511e-09 
 6.77688312e+02  3.04099511e-08  6.77688312e+02  9.68163307e-09 
 6.93473701e+02  3.04088451e-08  6.93473701e+02  9.68128905e-09 
 7.09626778e+02  3.04077624e-08  7.09626778e+02  9.68095286e-09 
 7.26156110e+02  3.04067024e-08  7.26156110e+02  9.68062434e-09 
 7.43070458e+02  3.04056646e-08  7.43070458e+02  9.68030330e-09 
 7.60378793e+02  3.04046484e-08  7.60378793e+02  9.67998958e-09 
 7.78090290e+02  3.04036532e-08  7.78090290e+02  9.67968301e-09 
 7.96214341e+02  3.04026784e-08  7.96214341e+02  9.67938343e-09 
 8.14760556e+02  3.04017235e-08  8.14760556e+02  9.67909069e-09 
 8.33738767e+02  3.04007878e-08  8.33738767e+02  9.67880462e-09 
 8.53159038e+02  3.03998708e-08  8.53159038e+02  9.67852508e-09 
 8.73031664e+02  3.03989721e-08  8.73031664e+02  9.67825192e-09 
 8.93367184e+02  3.03980910e-08  8.93367184e+02  9.67798499e-09 
 9.14176379e+02  3.03972269e-08  9.14176379e+02  9.67772416e-09 
 9.35470283e+02  3.03963795e-08  9.35470283e+02  9.67746929e-09 
 9.57260185e+02  3.03955482e-08  9.57260185e+02  9.67722024e-09 
 9.79557639e+02  3.03947324e-08  9.79557639e+02  9.67697689e-09 
 1.00237447e+03  3.03939316e-08  1.00237447e+03  9.67673910e-09 
 1.02572277e+03  3.03931454e-08  1.02572277e+03  9.67650674e-09 
 1.04961492e+03  3.03923732e-08  1.04961492e+03  9.67627971e-09 
 1.07406359e+03  3.03916145e-08  1.07406359e+03  9.67605787e-09 
 1.09908175e+03  3.03908689e-08  1.09908175e+03  9.67584112e-09 
 1.12468265e+03  3.03901358e-08  1.12468265e+03  9.67562933e-09 
 1.15087987e+03  3.03894148e-08  1.15087987e+03  9.67542240e-09 
 1.17768731e+03  3.03887053e-08  1.17768731e+03  9.67522022e-09 
 1.20511917e+03  3.03880068e-08  1.20511917e+03  9.67502268e-09 
 1.23319000e+03  3.03873190e-08  1.23319000e+03  9.67482968e-09 
 1.26191469e+03  3.03866412e-08  1.26191469e+03  9.67464111e-09 
 1.29130846e+03  3.03859730e-08  1.29130846e+03  9.67445689e-09 
 1.32138690e+03  3.03853139e-08  1.32138690e+03  9.67427690e-09 
 1.35216595e+03  3.03846634e-08  1.35216595e+03  9.67410107e-09 
 1.38366194e+03  3.03840210e-08  1.38366194e+03  9.67392929e-09 
 1.41589157e+03  3.03833863e-08  1.41589157e+03  9.67376148e-09 
 1.44887192e+03  3.03827586e-08  1.44887192e+03  9.67359754e-09 
 1.48262048e+03  3.03821375e-08  1.48262048e+03  9.67343740e-09 
 1.51715515e+03  3.03815226e-08  1.51715515e+03  9.67328098e-09 
 1.55249423e+03  3.03809132e-08  1.55249423e+03  9.67312818e-09 
 1.58865647e+03  3.03803088e-08  1.58865647e+03  9.67297893e-09 
 1.62566103e+03  3.03797090e-08  1.62566103e+03  9.67283316e-09 
 1.66352754e+03  3.03791131e-08  1.66352754e+03  9.67269078e-09 
 1.70227608e+03  3.03785207e-08  1.70227608e+03  9.67255173e-09 
 1.74192718e+03  3.03779311e-08  1.74192718e+03  9.67241593e-09 
 1.78250188e+03  3.03773439e-08  1.78250188e+03  9.67228332e-09 
 1.82402168e+03  3.03767584e-08  1.82402168e+03  9.67215381e-09 
 1.86650860e+03  3.03761740e-08  1.86650860e+03  9.67202736e-09 
 1.90998517e+03  3.03755902e-08  1.90998517e+03  9.67190390e-09 
 1.95447444e+03  3.03750064e-08  1.95447444e+03  9.67178335e-09 
 2.00000000e+03  3.03744219e-08  2.00000000e+03  9.67166566e-09 
 2.04658598e+03  3.03738360e-08  2.04658598e+03  9.67155078e-09 
 2.09425710e+03  3.03732482e-08  2.09425710e+03  9.67143864e-09 
 2.14303861e+03  3.03726577e-08  2.14303861e+03  9.67132918e-09 
 2.19295639e+03  3.03720638e-08  2.19295639e+03  9.67122236e-09 
 2.24403691e+03  3.03714659e-08  2.24403691e+03  9.67111812e-09 
 2.29630724e+03  3.03708631e-08  2.29630724e+03  9.67101640e-09 
 2.34979511e+03  3.03702548e-08  2.34979511e+03  9.67091716e-09 
 2.40452887e+03  3.03696402e-08  2.40452887e+03  9.67082035e-09 
 2.46053754e+03  3.03690184e-08  2.46053754e+03  9.67072591e-09 
 2.51785082e+03  3.03683887e-08  2.51785082e+03  9.67063382e-09 
 2.57649910e+03  3.03677501e-08  2.57649910e+03  9.67054401e-09 
 2.63651348e+03  3.03671017e-08  2.63651348e+03  9.67045645e-09 
 2.69792577e+03  3.03664427e-08  2.69792577e+03  9.67037110e-09 
 2.76076853e+03  3.03657722e-08  2.76076853e+03  9.67028792e-09 
 2.82507509e+03  3.03650890e-08  2.82507509e+03  9.67020686e-09 
 2.89087954e+03  3.03643922e-08  2.89087954e+03  9.67012789e-09 
 2.95821678e+03  3.03636807e-08  2.95821678e+03  9.67005098e-09 
 3.02712250e+03  3.03629535e-08  3.02712250e+03  9.66997608e-09 
 3.09763324e+03  3.03622093e-08  3.09763324e+03  9.66990317e-09 
 3.16978638e+03  3.03614470e-08  3.16978638e+03  9.66983222e-09 
 3.24362019e+03  3.03606654e-08  3.24362019e+03  9.66976319e-09 
 3.31917381e+03  3.03598632e-08  3.31917381e+03  9.66969605e-09 
 3.39648730e+03  3.03590390e-08  3.39648730e+03  9.66963079e-09 
 3.47560166e+03  3.03581914e-08  3.47560166e+03  9.66956736e-09 
 3.55655882e+03  3.03573190e-08  3.55655882e+03  9.66950574e-09 
 3.63940172e+03  3.03564203e-08  3.63940172e+03  9.66944592e-09 
 3.72417427e+03  3.03554937e-08  3.72417427e+03  9.66938787e-09 
 3.81092144e+03  3.03545375e-08  3.81092144e+03  9.66933156e-09 
 3.89968920e+03  3.03535502e-08  3.89968920e+03  9.66927698e-09 
 3.99052463e+03  3.03525298e-08  3.99052463e+03  9.66922412e-09 
 4.08347589e+03  3.03514746e-08  4.08347589e+03  9.66917294e-09 
 4.17859226e+03  3.03503826e-08  4.17859226e+03  9.66912344e-09 
 4.27592418e+03  3.03492517e-08  4.27592418e+03  9.66907561e-09 
 4.37552325e+03  3.03480800e-08  4.37552325e+03  9.66902943e-09 
 4.47744228e+03  3.03468651e-08  4.47744228e+03  9.66898489e-09 
 4.58173531e+03  3.03456048e-08  4.58173531e+03  9.66894197e-09 
 4.68845763e+03  3.03442966e-08  4.68845763e+03  9.66890068e-09 
 4.79766584e+03  3.03429382e-08  4.79766584e+03  9.66886101e-09 
 4.90941783e+03  3.03415268e-08  4.90941783e+03  9.66882295e-09 
 5.02377286e+03  3.03400598e-08  5.02377286e+03  9.66878649e-09 
 5.14079157e+03  3.03385343e-08  5.14079157e+03  9.66875164e-09 
 5.26053598e+03  3.03369473e-08  5.26053598e+03  9.66871840e-09 
 5.38306961e+03  3.03352958e-08  5.38306961e+03  9.66868677e-09 
 5.50845741e+03  3.03335764e-08  5.50845741e+03  9.66865674e-09 
 5.63676586e+03  3.03317858e-08  5.63676586e+03  9.66862833e-09 
 5.76806301e+03  3.03299204e-08  5.76806301e+03  9.66860155e-09 
 5.90241845e+03  3.03279765e-08  5.90241845e+03  9.66857640e-09 
 6.03990344e+03  3.03259503e-08  6.03990344e+03  9.66855289e-09 
 6.18059087e+03  3.03238376e-08  6.18059087e+03  9.66853104e-09 
 6.32455532e+03  3.03216344e-08  6.32455532e+03  9.66851087e-09 
 6.47187314e+03  3.03193361e-08  6.47187314e+03  9.66849238e-09 
 6.62262243e+03  3.03169381e-08  6.62262243e+03  9.66847560e-09 
 6.77688312e+03  3.03144356e-08  6.77688312e+03  9.66846055e-09 
 6.93473701e+03  3.03118235e-08  6.93473701e+03  9.66844726e-09 
 7.09626778e+03  3.03090967e-08  7.09626778e+03  9.66843575e-09 
 7.26156110e+03  3.03062495e-08  7.26156110e+03  9.66842605e-09 
 7.43070458e+03  3.03032761e-08  7.43070458e+03  9.66841820e-09 
 7.60378793e+03  3.03001707e-08  7.60378793e+03  9.66841222e-09 
 7.78090290e+03  3.02969267e-08  7.78090290e+03  9.66840815e-09 
 7.96214341e+03  3.02935378e-08  7.96214341e+03  9.66840604e-09 
 8.14760556e+03  3.02899970e-08  8.14760556e+03  9.66840593e-09 
 8.33738767e+03  3.02862970e-08  8.33738767e+03  9.66840786e-09 
 8.53159038e+03  3.02824305e-08  8.53159038e+03  9.66841189e-09 
 8.73031664e+03  3.02783895e-08  8.73031664e+03  9.66841806e-09 
 8.93367184e+03  3.02741658e-08  8.93367184e+03  9.66842644e-09 
 9.14176379e+03  3.02697508e-08  9.14176379e+03  9.66843708e-09 
 9.35470283e+03  3.02651356e-08  9.35470283e+03  9.66845005e-09 
 9.57260185e+03  3.02603108e-08  9.57260185e+03  9.66846541e-09 
 9.79557639e+03  3.02552667e-08  9.79557639e+03  9.66848325e-09 
 1.00237447e+04  3.02499930e-08  1.00237447e+04  9.66850363e-09 
 1.02572277e+04  3.02444790e-08  1.02572277e+04  9.66852663e-09 
 1.04961492e+04  3.02387136e-08  1.04961492e+04  9.66855235e-09 
 1.07406359e+04  3.02326851e-08  1.07406359e+04  9.66858087e-09 
 1.09908175e+04  3.02263813e-08  1.09908175e+04  9.66861229e-09 
 1.12468265e+04  3.02197897e-08  1.12468265e+04  9.66864671e-09 
 1.15087987e+04  3.02128968e-08  1.15087987e+04  9.66868423e-09 
 1.17768731e+04  3.02056889e-08  1.17768731e+04  9.66872498e-09 
 1.20511917e+04  3.01981515e-08  1.20511917e+04  9.66876906e-09 
 1.23319000e+04  3.01902694e-08  1.23319000e+04  9.66881661e-09 
 1.26191469e+04  3.01820271e-08  1.26191469e+04  9.66886775e-09 
 1.29130846e+04  3.01734080e-08  1.29130846e+04  9.66892262e-09 
 1.32138690e+04  3.01643950e-08  1.32138690e+04  9.66898137e-09 
 1.35216595e+04  3.01549703e-08  1.35216595e+04  9.66904415e-09 
 1.38366194e+04  3.01451151e-08  1.38366194e+04  9.66911113e-09 
 1.41589157e+04  3.01348102e-08  1.41589157e+04  9.66918247e-09 
 1.44887192e+04  3.01240351e-08  1.44887192e+04  9.66925835e-09 
 1.48262048e+04  3.01127687e-08  1.48262048e+04  9.66933895e-09 
 1.51715515e+04  3.01009892e-08  1.51715515e+04  9.66942448e-09 
 1.55249423e+04  3.00886734e-08  1.55249423e+04  9.66951514e-09 
 1.58865647e+04  3.00757976e-08  1.58865647e+04  9.66961115e-09 
 1.62566103e+04  3.00623369e-08  1.62566103e+04  9.66971273e-09 
 1.66352754e+04  3.00482653e-08  1.66352754e+04  9.66982012e-09 
 1.70227608e+04  3.00335560e-08  1.70227608e+04  9.66993358e-09 
 1.74192718e+04  3.00181808e-08  1.74192718e+04  9.67005336e-09 
 1.78250188e+04  3.00021106e-08  1.78250188e+04  9.67017974e-09 
 1.82402168e+04  2.99853150e-08  1.82402168e+04  9.67031302e-09 
 1.86650860e+04  2.99677625e-08  1.86650860e+04  9.67045348e-09 
 1.90998517e+04  2.99494204e-08  1.90998517e+04  9.67060145e-09 
 1.95447444e+04  2.99302545e-08  1.95447444e+04  9.67075727e-09 
 2.00000000e+04  2.99102296e-08  2.00000000e+04  9.67092129e-09 
