 2.00000000e+01  6.10716704e+01 
 2.24403691e+01  6.14487300e+01 
 2.51785082e+01  6.18810114e+01 
 2.82507509e+01  6.23701032e+01 
 3.16978638e+01  6.29161109e+01 
 3.55655882e+01  6.35176276e+01 
 3.99052463e+01  6.41718544e+01 
 4.47744228e+01  6.48748436e+01 
 5.02377286e+01  6.56218165e+01 
 5.63676586e+01  6.64074974e+01 
 6.32455532e+01  6.72264165e+01 
 7.09626778e+01  6.80731486e+01 
 7.96214341e+01  6.89424748e+01 
 8.93367184e+01  6.98294671e+01 
 1.00237447e+02  7.07295074e+01 
 1.12468265e+02  7.16382552e+01 
 1.26191469e+02  7.25515784e+01 
 1.41589157e+02  7.34654617e+01 
 1.58865647e+02  7.43759021e+01 
 1.78250188e+02  7.52788033e+01 
 2.00000000e+02  7.61698775e+01 
 2.24403691e+02  7.70445666e+01 
 2.51785082e+02  7.78979939e+01 
 2.82507509e+02  7.87249624e+01 
 3.16978638e+02  7.95200124e+01 
 3.55655882e+02  8.02775531e+01 
 3.99052463e+02  8.09920701e+01 
 4.47744228e+02  8.16584034e+01 
 5.02377286e+02  8.22720663e+01 
 5.63676586e+02  8.28295626e+01 
 6.32455532e+02  8.33286470e+01 
 7.09626778e+02  8.37684718e+01 
 7.96214341e+02  8.41495870e+01 
 8.93367184e+02  8.44737848e+01 
 1.00237447e+03  8.47438140e+01 
 1.12468265e+03  8.49630126e+01 
 1.26191469e+03  8.51349145e+01 
 1.41589157e+03  8.52628780e+01 
 1.58865647e+03  8.53497716e+01 
 1.78250188e+03  8.53977320e+01 
 2.00000000e+03  8.54079984e+01 
 2.24403691e+03  8.53808204e+01 
 2.51785082e+03  8.53154335e+01 
 2.82507509e+03  8.52101038e+01 
 3.16978638e+03  8.50622407e+01 
 3.55655882e+03  8.48685850e+01 
 3.99052463e+03  8.46254714e+01 
 4.47744228e+03  8.43291576e+01 
 5.02377286e+03  8.39761968e+01 
 5.63676586e+03  8.35638133e+01 
 6.32455532e+03  8.30902265e+01 
 7.09626778e+03  8.25548687e+01 
 7.96214341e+03  8.19584552e+01 
 8.93367184e+03  8.13028936e+01 
 1.00237447e+04  8.05910488e+01 
 1.12468265e+04  7.98264109e+01 
 1.26191469e+04  7.90127198e+01 
 1.41589157e+04  7.81536020e+01 
 1.58865647e+04  7.72522577e+01 
 1.78250188e+04  7.63112210e+01 
 2.00000000e+04  7.53322029e+01 
 2.24403691e+04  7.43160154e+01 
 2.51785082e+04  7.32625774e+01 
 2.82507509e+04  7.21710001e+01 
 3.16978638e+04  7.10397566e+01 
 3.55655882e+04  6.98669357e+01 
 3.99052463e+04  6.86505795e+01 
 4.47744228e+04  6.73890887e+01 
 5.02377286e+04  6.60816633e+01 
 5.63676586e+04  6.47287313e+01 
 6.32455532e+04  6.33322998e+01 
 7.09626778e+04  6.18961706e+01 
 7.96214341e+04  6.04259730e+01 
 8.93367184e+04  5.89289967e+01 
 1.00237447e+05  5.74138381e+01 
 1.12468265e+05  5.58898977e+01 
 1.26191469e+05  5.43667794e+01 
 1.41589157e+05  5.28536498e+01 
 1.58865647e+05  5.13586165e+01 
 1.78250188e+05  4.98881808e+01 
 2.00000000e+05  4.84468217e+01 
