 2.00000000e+01  1.27053516e-08  2.00000000e+01  8.96091737e-09 
 2.09425710e+01  1.26681557e-08  2.09425710e+01  8.93444539e-09 
 2.19295639e+01  1.26326165e-08  2.19295639e+01  8.90916409e-09 
 2.29630724e+01  1.25986611e-08  2.29630724e+01  8.88501992e-09 
 2.40452887e+01  1.25662196e-08  2.40452887e+01  8.86196176e-09 
 2.51785082e+01  1.25352253e-08  2.51785082e+01  8.83994078e-09 
 2.63651348e+01  1.25056143e-08  2.63651348e+01  8.81891034e-09 
 2.76076853e+01  1.24773252e-08  2.76076853e+01  8.79882590e-09 
 2.89087954e+01  1.24502998e-08  2.89087954e+01  8.77964494e-09 
 3.02712250e+01  1.24244819e-08  3.02712250e+01  8.76132682e-09 
 3.16978638e+01  1.23998180e-08  3.16978638e+01  8.74383276e-09 
 3.31917381e+01  1.23762569e-08  3.31917381e+01  8.72712569e-09 
 3.47560166e+01  1.23537498e-08  3.47560166e+01  8.71117024e-09 
 3.63940172e+01  1.23322496e-08  3.63940172e+01  8.69593261e-09 
 3.81092144e+01  1.23117118e-08  3.81092144e+01  8.68138052e-09 
 3.99052463e+01  1.22920934e-08  3.99052463e+01  8.66748314e-09 
 4.17859226e+01  1.22733535e-08  4.17859226e+01  8.65421104e-09 
 4.37552325e+01  1.22554531e-08  4.37552325e+01  8.64153609e-09 
 4.58173531e+01  1.22383546e-08  4.58173531e+01  8.62943145e-09 
 4.79766584e+01  1.22220224e-08  4.79766584e+01  8.61787146e-09 
 5.02377286e+01  1.22064223e-08  5.02377286e+01  8.60683163e-09 
 5.26053598e+01  1.21915216e-08  5.26053598e+01  8.59628856e-09 
 5.50845741e+01  1.21772890e-08  5.50845741e+01  8.58621991e-09 
 5.76806301e+01  1.21636948e-08  5.76806301e+01  8.57660435e-09 
 6.03990344e+01  1.21507104e-08  6.03990344e+01  8.56742149e-09 
 6.32455532e+01  1.21383085e-08  6.32455532e+01  8.55865186e-09 
 6.62262243e+01  1.21264632e-08  6.62262243e+01  8.55027688e-09 
 6.93473701e+01  1.21151495e-08  6.93473701e+01  8.54227880e-09 
 7.26156110e+01  1.21043436e-08  7.26156110e+01  8.53464065e-09 
 7.60378793e+01  1.20940228e-08  7.60378793e+01  8.52734624e-09 
 7.96214341e+01  1.20841654e-08  7.96214341e+01  8.52038011e-09 
 8.33738767e+01  1.20747506e-08  8.33738767e+01  8.51372749e-09 
 8.73031664e+01  1.20657586e-08  8.73031664e+01  8.50737427e-09 
 9.14176379e+01  1.20571705e-08  9.14176379e+01  8.50130697e-09 
 9.57260185e+01  1.20489681e-08  9.57260185e+01  8.49551273e-09 
 1.00237447e+02  1.20411342e-08  1.00237447e+02  8.48997927e-09 
 1.04961492e+02  1.20336522e-08  1.04961492e+02  8.48469485e-09 
 1.09908175e+02  1.20265064e-08  1.09908175e+02  8.47964826e-09 
 1.15087987e+02  1.20196817e-08  1.15087987e+02  8.47482880e-09 
 1.20511917e+02  1.20131637e-08  1.20511917e+02  8.47022624e-09 
 1.26191469e+02  1.20069386e-08  1.26191469e+02  8.46583083e-09 
 1.32138690e+02  1.20009932e-08  1.32138690e+02  8.46163325e-09 
 1.38366194e+02  1.19953151e-08  1.38366194e+02  8.45762458e-09 
 1.44887192e+02  1.19898922e-08  1.44887192e+02  8.45379634e-09 
 1.51715515e+02  1.19847131e-08  1.51715515e+02  8.45014039e-09 
 1.58865647e+02  1.19797667e-08  1.58865647e+02  8.44664898e-09 
 1.66352754e+02  1.19750428e-08  1.66352754e+02  8.44331471e-09 
 1.74192718e+02  1.19705312e-08  1.74192718e+02  8.44013051e-09 
 1.82402168e+02  1.19662224e-08  1.82402168e+02  8.43708962e-09 
 1.90998517e+02  1.19621074e-08  1.90998517e+02  8.43418559e-09 
 2.00000000e+02  1.19581774e-08  2.00000000e+02  8.43141227e-09 
 2.09425710e+02  1.19544241e-08  2.09425710e+02  8.42876376e-09 
 2.19295639e+02  1.19508395e-08  2.19295639e+02  8.42623445e-09 
 2.29630724e+02  1.19474162e-08  2.29630724e+02  8.42381898e-09 
 2.40452887e+02  1.19441467e-08  2.40452887e+02  8.42151222e-09 
 2.51785082e+02  1.19410243e-08  2.51785082e+02  8.41930928e-09 
 2.63651348e+02  1.19380423e-08  2.63651348e+02  8.41720549e-09 
 2.76076853e+02  1.19351943e-08  2.76076853e+02  8.41519638e-09 
 2.89087954e+02  1.19324744e-08  2.89087954e+02  8.41327769e-09 
 3.02712250e+02  1.19298768e-08  3.02712250e+02  8.41144536e-09 
 3.16978638e+02  1.19273960e-08  3.16978638e+02  8.40969549e-09 
 3.31917381e+02  1.19250267e-08  3.31917381e+02  8.40802437e-09 
 3.47560166e+02  1.19227640e-08  3.47560166e+02  8.40642846e-09 
 3.63940172e+02  1.19206029e-08  3.63940172e+02  8.40490438e-09 
 3.81092144e+02  1.19185390e-08  3.81092144e+02  8.40344888e-09 
 3.99052463e+02  1.19165679e-08  3.99052463e+02  8.40205889e-09 
 4.17859226e+02  1.19146853e-08  4.17859226e+02  8.40073145e-09 
 4.37552325e+02  1.19128873e-08  4.37552325e+02  8.39946375e-09 
 4.58173531e+02  1.19111701e-08  4.58173531e+02  8.39825309e-09 
 4.79766584e+02  1.19095301e-08  4.79766584e+02  8.39709691e-09 
 5.02377286e+02  1.19079637e-08  5.02377286e+02  8.39599277e-09 
 5.26053598e+02  1.19064676e-08  5.26053598e+02  8.39493830e-09 
 5.50845741e+02  1.19050386e-08  5.50845741e+02  8.39393128e-09 
 5.76806301e+02  1.19036738e-08  5.76806301e+02  8.39296957e-09 
 6.03990344e+02  1.19023702e-08  6.03990344e+02  8.39205114e-09 
 6.32455532e+02  1.19011250e-08  6.32455532e+02  8.39117402e-09 
 6.62262243e+02  1.18999356e-08  6.62262243e+02  8.39033636e-09 
 6.93473701e+02  1.18987994e-08  6.93473701e+02  8.38953638e-09 
 7.26156110e+02  1.18977141e-08  7.26156110e+02  8.38877239e-09 
 7.60378793e+02  1.18966773e-08  7.60378793e+02  8.38804276e-09 
 7.96214341e+02  1.18956868e-08  7.96214341e+02  8.38734594e-09 
 8.33738767e+02  1.18947405e-08  8.33738767e+02  8.38668046e-09 
 8.73031664e+02  1.18938364e-08  8.73031664e+02  8.38604490e-09 
 9.14176379e+02  1.18929725e-08  9.14176379e+02  8.38543791e-09 
 9.57260185e+02  1.18921469e-08  9.57260185e+02  8.38485821e-09 
 1.00237447e+03  1.18913580e-08  1.00237447e+03  8.38430455e-09 
 1.04961492e+03  1.18906039e-08  1.04961492e+03  8.38377577e-09 
 1.09908175e+03  1.18898831e-08  1.09908175e+03  8.38327074e-09 
 1.15087987e+03  1.18891941e-08  1.15087987e+03  8.38278839e-09 
 1.20511917e+03  1.18885352e-08  1.20511917e+03  8.38232768e-09 
 1.26191469e+03  1.18879051e-08  1.26191469e+03  8.38188765e-09 
 1.32138690e+03  1.18873024e-08  1.32138690e+03  8.38146736e-09 
 1.38366194e+03  1.18867258e-08  1.38366194e+03  8.38106590e-09 
 1.44887192e+03  1.18861740e-08  1.44887192e+03  8.38068243e-09 
 1.51715515e+03  1.18856457e-08  1.51715515e+03  8.38031613e-09 
 1.58865647e+03  1.18851399e-08  1.58865647e+03  8.37996621e-09 
 1.66352754e+03  1.18846553e-08  1.66352754e+03  8.37963194e-09 
 1.74192718e+03  1.18841908e-08  1.74192718e+03  8.37931258e-09 
 1.82402168e+03  1.18837454e-08  1.82402168e+03  8.37900747e-09 
 1.90998517e+03  1.18833180e-08  1.90998517e+03  8.37871594e-09 
 2.00000000e+03  1.18829077e-08  2.00000000e+03  8.37843737e-09 
 2.09425710e+03  1.18825134e-08  2.09425710e+03  8.37817117e-09 
 2.19295639e+03  1.18821342e-08  2.19295639e+03  8.37791675e-09 
 2.29630724e+03  1.18817692e-08  2.29630724e+03  8.37767358e-09 
 2.40452887e+03  1.18814175e-08  2.40452887e+03  8.37744112e-09 
 2.51785082e+03  1.18810781e-08  2.51785082e+03  8.37721887e-09 
 2.63651348e+03  1.18807501e-08  2.63651348e+03  8.37700634e-09 
 2.76076853e+03  1.18804328e-08  2.76076853e+03  8.37680308e-09 
 2.89087954e+03  1.18801251e-08  2.89087954e+03  8.37660863e-09 
 3.02712250e+03  1.18798262e-08  3.02712250e+03  8.37642256e-09 
 3.16978638e+03  1.18795353e-08  3.16978638e+03  8.37624447e-09 
 3.31917381e+03  1.18792514e-08  3.31917381e+03  8.37607396e-09 
 3.47560166e+03  1.18789737e-08  3.47560166e+03  8.37591063e-09 
 3.63940172e+03  1.18787012e-08  3.63940172e+03  8.37575413e-09 
 3.81092144e+03  1.18784330e-08  3.81092144e+03  8.37560410e-09 
 3.99052463e+03  1.18781681e-08  3.99052463e+03  8.37546018e-09 
 4.17859226e+03  1.18779055e-08  4.17859226e+03  8.37532204e-09 
 4.37552325e+03  1.18776443e-08  4.37552325e+03  8.37518935e-09 
 4.58173531e+03  1.18773832e-08  4.58173531e+03  8.37506180e-09 
 4.79766584e+03  1.18771213e-08  4.79766584e+03  8.37493907e-09 
 5.02377286e+03  1.18768574e-08  5.02377286e+03  8.37482086e-09 
 5.26053598e+03  1.18765901e-08  5.26053598e+03  8.37470686e-09 
 5.50845741e+03  1.18763182e-08  5.50845741e+03  8.37459679e-09 
 5.76806301e+03  1.18760403e-08  5.76806301e+03  8.37449034e-09 
 6.03990344e+03  1.18757549e-08  6.03990344e+03  8.37438722e-09 
 6.32455532e+03  1.18754604e-08  6.32455532e+03  8.37428715e-09 
 6.62262243e+03  1.18751551e-08  6.62262243e+03  8.37418984e-09 
 6.93473701e+03  1.18748371e-08  6.93473701e+03  8.37409499e-09 
 7.26156110e+03  1.18745046e-08  7.26156110e+03  8.37400230e-09 
 7.60378793e+03  1.18741553e-08  7.60378793e+03  8.37391148e-09 
 7.96214341e+03  1.18737870e-08  7.96214341e+03  8.37382222e-09 
 8.33738767e+03  1.18733972e-08  8.33738767e+03  8.37373421e-09 
 8.73031664e+03  1.18729831e-08  8.73031664e+03  8.37364712e-09 
 9.14176379e+03  1.18725419e-08  9.14176379e+03  8.37356062e-09 
 9.57260185e+03  1.18720704e-08  9.57260185e+03  8.37347436e-09 
 1.00237447e+04  1.18715651e-08  1.00237447e+04  8.37338798e-09 
 1.04961492e+04  1.18710223e-08  1.04961492e+04  8.37330110e-09 
 1.09908175e+04  1.18704377e-08  1.09908175e+04  8.37321333e-09 
 1.15087987e+04  1.18698071e-08  1.15087987e+04  8.37312423e-09 
 1.20511917e+04  1.18691254e-08  1.20511917e+04  8.37303336e-09 
 1.26191469e+04  1.18683874e-08  1.26191469e+04  8.37294025e-09 
 1.32138690e+04  1.18675872e-08  1.32138690e+04  8.37284438e-09 
 1.38366194e+04  1.18667186e-08  1.38366194e+04  8.37274522e-09 
 1.44887192e+04  1.18657745e-08  1.44887192e+04  8.37264218e-09 
 1.51715515e+04  1.18647474e-08  1.51715515e+04  8.37253464e-09 
 1.58865647e+04  1.18636290e-08  1.58865647e+04  8.37242192e-09 
 1.66352754e+04  1.18624103e-08  1.66352754e+04  8.37230330e-09 
 1.74192718e+04  1.18610813e-08  1.74192718e+04  8.37217798e-09 
 1.82402168e+04  1.18596314e-08  1.82402168e+04  8.37204513e-09 
 1.90998517e+04  1.18580487e-08  1.90998517e+04  8.37190382e-09 
 2.00000000e+04  1.18563203e-08  2.00000000e+04  8.37175304e-09 
