 2.00000000e+01  7.02558368e+01 
 2.24403691e+01  7.02196726e+01 
 2.51785082e+01  7.01742793e+01 
 2.82507509e+01  7.01175714e+01 
 3.16978638e+01  7.00470393e+01 
 3.55655882e+01  6.99597038e+01 
 3.99052463e+01  6.98520869e+01 
 4.47744228e+01  6.97202069e+01 
 5.02377286e+01  6.95596151e+01 
 5.63676586e+01  6.93654875e+01 
 6.32455532e+01  6.91327854e+01 
 7.09626778e+01  6.88564900e+01 
 7.96214341e+01  6.85319042e+01 
 8.93367184e+01  6.81549945e+01 
 1.00237447e+02  6.77227326e+01 
 1.12468265e+02  6.72333791e+01 
 1.26191469e+02  6.66866575e+01 
 1.41589157e+02  6.60837825e+01 
 1.58865647e+02  6.54273376e+01 
 1.78250188e+02  6.47210262e+01 
 2.00000000e+02  6.39693450e+01 
 2.24403691e+02  6.31772366e+01 
 2.51785082e+02  6.23497691e+01 
 2.82507509e+02  6.14918753e+01 
 3.16978638e+02  6.06081651e+01 
 3.55655882e+02  5.97028098e+01 
 3.99052463e+02  5.87794882e+01 
 4.47744228e+02  5.78413773e+01 
 5.02377286e+02  5.68911760e+01 
 5.63676586e+02  5.59311462e+01 
 6.32455532e+02  5.49631633e+01 
 7.09626778e+02  5.39887691e+01 
 7.96214341e+02  5.30092221e+01 
 8.93367184e+02  5.20255444e+01 
 1.00237447e+03  5.10385623e+01 
 1.12468265e+03  5.00489418e+01 
 1.26191469e+03  4.90572182e+01 
 1.41589157e+03  4.80638213e+01 
 1.58865647e+03  4.70690957e+01 
 1.78250188e+03  4.60733179e+01 
 2.00000000e+03  4.50767099e+01 
 2.24403691e+03  4.40794506e+01 
 2.51785082e+03  4.30816849e+01 
 2.82507509e+03  4.20835310e+01 
 3.16978638e+03  4.10850867e+01 
 3.55655882e+03  4.00864347e+01 
 3.99052463e+03  3.90876465e+01 
 4.47744228e+03  3.80887865e+01 
 5.02377286e+03  3.70899152e+01 
 5.63676586e+03  3.60910928e+01 
 6.32455532e+03  3.50923818e+01 
 7.09626778e+03  3.40938507e+01 
 7.96214341e+03  3.30955773e+01 
 8.93367184e+03  3.20976533e+01 
 1.00237447e+04  3.11001886e+01 
 1.12468265e+04  3.01033171e+01 
 1.26191469e+04  2.91072039e+01 
 1.41589157e+04  2.81120535e+01 
 1.58865647e+04  2.71181201e+01 
 1.78250188e+04  2.61257206e+01 
 2.00000000e+04  2.51352498e+01 
 2.24403691e+04  2.41471996e+01 
 2.51785082e+04  2.31621817e+01 
 2.82507509e+04  2.21809556e+01 
 3.16978638e+04  2.12044605e+01 
 3.55655882e+04  2.02338537e+01 
 3.99052463e+04  1.92705532e+01 
 4.47744228e+04  1.83162851e+01 
 5.02377286e+04  1.73731323e+01 
 5.63676586e+04  1.64435821e+01 
 6.32455532e+04  1.55305644e+01 
 7.09626778e+04  1.46374738e+01 
 7.96214341e+04  1.37681609e+01 
 8.93367184e+04  1.29268796e+01 
 1.00237447e+05  1.21181741e+01 
 1.12468265e+05  1.13466930e+01 
 1.26191469e+05  1.06169256e+01 
 1.41589157e+05  9.93287034e+00 
 1.58865647e+05  9.29766206e+00 
 1.78250188e+05  8.71320371e+00 
 2.00000000e+05  8.17985816e+00 
