 2.00000000e+01  9.36017720e-09  2.00000000e+01  9.37454475e-09 
 2.04658598e+01  9.34668611e-09  2.04658598e+01  9.36090538e-09 
 2.09425710e+01  9.33351672e-09  2.09425710e+01  9.34759431e-09 
 2.14303861e+01  9.32066114e-09  2.14303861e+01  9.33460331e-09 
 2.19295639e+01  9.30811168e-09  2.19295639e+01  9.32192442e-09 
 2.24403691e+01  9.29586083e-09  2.24403691e+01  9.30954985e-09 
 2.29630724e+01  9.28390128e-09  2.29630724e+01  9.29747202e-09 
 2.34979511e+01  9.27222590e-09  2.34979511e+01  9.28568356e-09 
 2.40452887e+01  9.26082776e-09  2.40452887e+01  9.27417728e-09 
 2.46053754e+01  9.24970007e-09  2.46053754e+01  9.26294619e-09 
 2.51785082e+01  9.23883625e-09  2.51785082e+01  9.25198348e-09 
 2.57649910e+01  9.22822986e-09  2.57649910e+01  9.24128249e-09 
 2.63651348e+01  9.21787463e-09  2.63651348e+01  9.23083677e-09 
 2.69792577e+01  9.20776444e-09  2.69792577e+01  9.22064003e-09 
 2.76076853e+01  9.19789335e-09  2.76076853e+01  9.21068611e-09 
 2.82507509e+01  9.18825554e-09  2.82507509e+01  9.20096905e-09 
 2.89087954e+01  9.17884536e-09  2.89087954e+01  9.19148303e-09 
 2.95821678e+01  9.16965728e-09  2.95821678e+01  9.18222236e-09 
 3.02712250e+01  9.16068593e-09  3.02712250e+01  9.17318153e-09 
 3.09763324e+01  9.15192606e-09  3.09763324e+01  9.16435514e-09 
 3.16978638e+01  9.14337255e-09  3.16978638e+01  9.15573796e-09 
 3.24362019e+01  9.13502043e-09  3.24362019e+01  9.14732487e-09 
 3.31917381e+01  9.12686483e-09  3.31917381e+01  9.13911088e-09 
 3.39648730e+01  9.11890101e-09  3.39648730e+01  9.13109114e-09 
 3.47560166e+01  9.11112435e-09  3.47560166e+01  9.12326093e-09 
 3.55655882e+01  9.10353034e-09  3.55655882e+01  9.11561563e-09 
 3.63940172e+01  9.09611460e-09  3.63940172e+01  9.10815074e-09 
 3.72417427e+01  9.08887284e-09  3.72417427e+01  9.10086190e-09 
 3.81092144e+01  9.08180088e-09  3.81092144e+01  9.09374482e-09 
 3.89968920e+01  9.07489465e-09  3.89968920e+01  9.08679536e-09 
 3.99052463e+01  9.06815018e-09  3.99052463e+01  9.08000945e-09 
 4.08347589e+01  9.06156359e-09  4.08347589e+01  9.07338314e-09 
 4.17859226e+01  9.05513110e-09  4.17859226e+01  9.06691258e-09 
 4.27592418e+01  9.04884904e-09  4.27592418e+01  9.06059402e-09 
 4.37552325e+01  9.04271381e-09  4.37552325e+01  9.05442378e-09 
 4.47744228e+01  9.03672190e-09  4.47744228e+01  9.04839831e-09 
 4.58173531e+01  9.03086990e-09  4.58173531e+01  9.04251411e-09 
 4.68845763e+01  9.02515447e-09  4.68845763e+01  9.03676780e-09 
 4.79766584e+01  9.01957235e-09  4.79766584e+01  9.03115608e-09 
 4.90941783e+01  9.01412039e-09  4.90941783e+01  9.02567570e-09 
 5.02377286e+01  9.00879548e-09  5.02377286e+01  9.02032352e-09 
 5.14079157e+01  9.00359461e-09  5.14079157e+01  9.01509649e-09 
 5.26053598e+01  8.99851483e-09  5.26053598e+01  9.00999160e-09 
 5.38306961e+01  8.99355327e-09  5.38306961e+01  9.00500593e-09 
 5.50845741e+01  8.98870713e-09  5.50845741e+01  9.00013666e-09 
 5.63676586e+01  8.98397367e-09  5.63676586e+01  8.99538098e-09 
 5.76806301e+01  8.97935023e-09  5.76806301e+01  8.99073621e-09 
 5.90241845e+01  8.97483421e-09  5.90241845e+01  8.98619971e-09 
 6.03990344e+01  8.97042306e-09  6.03990344e+01  8.98176889e-09 
 6.18059087e+01  8.96611431e-09  6.18059087e+01  8.97744124e-09 
 6.32455532e+01  8.96190554e-09  6.32455532e+01  8.97321433e-09 
 6.47187314e+01  8.95779440e-09  6.47187314e+01  8.96908575e-09 
 6.62262243e+01  8.95377859e-09  6.62262243e+01  8.96505317e-09 
 6.77688312e+01  8.94985585e-09  6.77688312e+01  8.96111433e-09 
 6.93473701e+01  8.94602400e-09  6.93473701e+01  8.95726700e-09 
 7.09626778e+01  8.94228090e-09  7.09626778e+01  8.95350902e-09 
 7.26156110e+01  8.93862447e-09  7.26156110e+01  8.94983828e-09 
 7.43070458e+01  8.93505266e-09  7.43070458e+01  8.94625272e-09 
 7.60378793e+01  8.93156349e-09  7.60378793e+01  8.94275033e-09 
 7.78090290e+01  8.92815502e-09  7.78090290e+01  8.93932914e-09 
 7.96214341e+01  8.92482536e-09  7.96214341e+01  8.93598725e-09 
 8.14760556e+01  8.92157267e-09  8.14760556e+01  8.93272278e-09 
 8.33738767e+01  8.91839513e-09  8.33738767e+01  8.92953391e-09 
 8.53159038e+01  8.91529099e-09  8.53159038e+01  8.92641888e-09 
 8.73031664e+01  8.91225853e-09  8.73031664e+01  8.92337593e-09 
 8.93367184e+01  8.90929608e-09  8.93367184e+01  8.92040338e-09 
 9.14176379e+01  8.90640200e-09  9.14176379e+01  8.91749958e-09 
 9.35470283e+01  8.90357468e-09  9.35470283e+01  8.91466291e-09 
 9.57260185e+01  8.90081258e-09  9.57260185e+01  8.91189180e-09 
 9.79557639e+01  8.89811418e-09  9.79557639e+01  8.90918472e-09 
 1.00237447e+02  8.89547797e-09  1.00237447e+02  8.90654015e-09 
 1.02572277e+02  8.89290252e-09  1.02572277e+02  8.90395665e-09 
 1.04961492e+02  8.89038641e-09  1.04961492e+02  8.90143279e-09 
 1.07406359e+02  8.88792826e-09  1.07406359e+02  8.89896716e-09 
 1.09908175e+02  8.88552672e-09  1.09908175e+02  8.89655841e-09 
 1.12468265e+02  8.88318046e-09  1.12468265e+02  8.89420521e-09 
 1.15087987e+02  8.88088821e-09  1.15087987e+02  8.89190627e-09 
 1.17768731e+02  8.87864871e-09  1.17768731e+02  8.88966031e-09 
 1.20511917e+02  8.87646073e-09  1.20511917e+02  8.88746611e-09 
 1.23319000e+02  8.87432308e-09  1.23319000e+02  8.88532246e-09 
 1.26191469e+02  8.87223458e-09  1.26191469e+02  8.88322817e-09 
 1.29130846e+02  8.87019410e-09  1.29130846e+02  8.88118211e-09 
 1.32138690e+02  8.86820053e-09  1.32138690e+02  8.87918315e-09 
 1.35216595e+02  8.86625276e-09  1.35216595e+02  8.87723019e-09 
 1.38366194e+02  8.86434976e-09  1.38366194e+02  8.87532216e-09 
 1.41589157e+02  8.86249046e-09  1.41589157e+02  8.87345802e-09 
 1.44887192e+02  8.86067387e-09  1.44887192e+02  8.87163675e-09 
 1.48262048e+02  8.85889899e-09  1.48262048e+02  8.86985736e-09 
 1.51715515e+02  8.85716486e-09  1.51715515e+02  8.86811887e-09 
 1.55249423e+02  8.85547054e-09  1.55249423e+02  8.86642034e-09 
 1.58865647e+02  8.85381510e-09  1.58865647e+02  8.86476083e-09 
 1.62566103e+02  8.85219765e-09  1.62566103e+02  8.86313944e-09 
 1.66352754e+02  8.85061730e-09  1.66352754e+02  8.86155530e-09 
 1.70227608e+02  8.84907321e-09  1.70227608e+02  8.86000753e-09 
 1.74192718e+02  8.84756452e-09  1.74192718e+02  8.85849530e-09 
 1.78250188e+02  8.84609043e-09  1.78250188e+02  8.85701778e-09 
 1.82402168e+02  8.84465014e-09  1.82402168e+02  8.85557417e-09 
 1.86650860e+02  8.84324286e-09  1.86650860e+02  8.85416368e-09 
 1.90998517e+02  8.84186784e-09  1.90998517e+02  8.85278555e-09 
 1.95447444e+02  8.84052432e-09  1.95447444e+02  8.85143904e-09 
 2.00000000e+02  8.83921159e-09  2.00000000e+02  8.85012340e-09 
 2.04658598e+02  8.83792893e-09  2.04658598e+02  8.84883793e-09 
 2.09425710e+02  8.83667565e-09  2.09425710e+02  8.84758193e-09 
 2.14303861e+02  8.83545108e-09  2.14303861e+02  8.84635472e-09 
 2.19295639e+02  8.83425455e-09  2.19295639e+02  8.84515564e-09 
 2.24403691e+02  8.83308541e-09  2.24403691e+02  8.84398404e-09 
 2.29630724e+02  8.83194304e-09  2.29630724e+02  8.84283927e-09 
 2.34979511e+02  8.83082682e-09  2.34979511e+02  8.84172074e-09 
 2.40452887e+02  8.82973615e-09  2.40452887e+02  8.84062782e-09 
 2.46053754e+02  8.82867043e-09  2.46053754e+02  8.83955993e-09 
 2.51785082e+02  8.82762911e-09  2.51785082e+02  8.83851649e-09 
 2.57649910e+02  8.82661160e-09  2.57649910e+02  8.83749694e-09 
 2.63651348e+02  8.82561738e-09  2.63651348e+02  8.83650073e-09 
 2.69792577e+02  8.82464589e-09  2.69792577e+02  8.83552732e-09 
 2.76076853e+02  8.82369663e-09  2.76076853e+02  8.83457619e-09 
 2.82507509e+02  8.82276907e-09  2.82507509e+02  8.83364682e-09 
 2.89087954e+02  8.82186273e-09  2.89087954e+02  8.83273872e-09 
 2.95821678e+02  8.82097710e-09  2.95821678e+02  8.83185139e-09 
 3.02712250e+02  8.82011173e-09  3.02712250e+02  8.83098435e-09 
 3.09763324e+02  8.81926613e-09  3.09763324e+02  8.83013715e-09 
 3.16978638e+02  8.81843987e-09  3.16978638e+02  8.82930932e-09 
 3.24362019e+02  8.81763248e-09  3.24362019e+02  8.82850041e-09 
 3.31917381e+02  8.81684355e-09  3.31917381e+02  8.82771000e-09 
 3.39648730e+02  8.81607265e-09  3.39648730e+02  8.82693766e-09 
 3.47560166e+02  8.81531936e-09  3.47560166e+02  8.82618297e-09 
 3.55655882e+02  8.81458327e-09  3.55655882e+02  8.82544553e-09 
 3.63940172e+02  8.81386401e-09  3.63940172e+02  8.82472494e-09 
 3.72417427e+02  8.81316117e-09  3.72417427e+02  8.82402081e-09 
 3.81092144e+02  8.81247439e-09  3.81092144e+02  8.82333277e-09 
 3.89968920e+02  8.81180329e-09  3.89968920e+02  8.82266045e-09 
 3.99052463e+02  8.81114752e-09  3.99052463e+02  8.82200348e-09 
 4.08347589e+02  8.81050672e-09  4.08347589e+02  8.82136152e-09 
 4.17859226e+02  8.80988055e-09  4.17859226e+02  8.82073421e-09 
 4.27592418e+02  8.80926867e-09  4.27592418e+02  8.82012123e-09 
 4.37552325e+02  8.80867077e-09  4.37552325e+02  8.81952224e-09 
 4.47744228e+02  8.80808651e-09  4.47744228e+02  8.81893693e-09 
 4.58173531e+02  8.80751559e-09  4.58173531e+02  8.81836497e-09 
 4.68845763e+02  8.80695770e-09  4.68845763e+02  8.81780607e-09 
 4.79766584e+02  8.80641254e-09  4.79766584e+02  8.81725992e-09 
 4.90941783e+02  8.80587982e-09  4.90941783e+02  8.81672623e-09 
 5.02377286e+02  8.80535926e-09  5.02377286e+02  8.81620472e-09 
 5.14079157e+02  8.80485057e-09  5.14079157e+02  8.81569510e-09 
 5.26053598e+02  8.80435349e-09  5.26053598e+02  8.81519710e-09 
 5.38306961e+02  8.80386775e-09  5.38306961e+02  8.81471047e-09 
 5.50845741e+02  8.80339308e-09  5.50845741e+02  8.81423492e-09 
 5.63676586e+02  8.80292925e-09  5.63676586e+02  8.81377022e-09 
 5.76806301e+02  8.80247599e-09  5.76806301e+02  8.81331611e-09 
 5.90241845e+02  8.80203307e-09  5.90241845e+02  8.81287235e-09 
 6.03990344e+02  8.80160025e-09  6.03990344e+02  8.81243870e-09 
 6.18059087e+02  8.80117729e-09  6.18059087e+02  8.81201493e-09 
 6.32455532e+02  8.80076398e-09  6.32455532e+02  8.81160081e-09 
 6.47187314e+02  8.80036009e-09  6.47187314e+02  8.81119612e-09 
 6.62262243e+02  8.79996541e-09  6.62262243e+02  8.81080065e-09 
 6.77688312e+02  8.79957973e-09  6.77688312e+02  8.81041418e-09 
 6.93473701e+02  8.79920283e-09  6.93473701e+02  8.81003651e-09 
 7.09626778e+02  8.79883452e-09  7.09626778e+02  8.80966744e-09 
 7.26156110e+02  8.79847461e-09  7.26156110e+02  8.80930676e-09 
 7.43070458e+02  8.79812289e-09  7.43070458e+02  8.80895428e-09 
 7.60378793e+02  8.79777919e-09  7.60378793e+02  8.80860982e-09 
 7.78090290e+02  8.79744332e-09  7.78090290e+02  8.80827319e-09 
 7.96214341e+02  8.79711510e-09  7.96214341e+02  8.80794421e-09 
 8.14760556e+02  8.79679435e-09  8.14760556e+02  8.80762271e-09 
 8.33738767e+02  8.79648090e-09  8.33738767e+02  8.80730851e-09 
 8.53159038e+02  8.79617460e-09  8.53159038e+02  8.80700144e-09 
 8.73031664e+02  8.79587526e-09  8.73031664e+02  8.80670134e-09 
 8.93367184e+02  8.79558274e-09  8.93367184e+02  8.80640806e-09 
 9.14176379e+02  8.79529688e-09  9.14176379e+02  8.80612142e-09 
 9.35470283e+02  8.79501752e-09  9.35470283e+02  8.80584129e-09 
 9.57260185e+02  8.79474451e-09  9.57260185e+02  8.80556750e-09 
 9.79557639e+02  8.79447772e-09  9.79557639e+02  8.80529991e-09 
 1.00237447e+03  8.79421700e-09  1.00237447e+03  8.80503839e-09 
 1.02572277e+03  8.79396220e-09  1.02572277e+03  8.80478278e-09 
 1.04961492e+03  8.79371320e-09  1.04961492e+03  8.80453295e-09 
 1.07406359e+03  8.79346985e-09  1.07406359e+03  8.80428877e-09 
 1.09908175e+03  8.79323204e-09  1.09908175e+03  8.80405010e-09 
 1.12468265e+03  8.79299963e-09  1.12468265e+03  8.80381682e-09 
 1.15087987e+03  8.79277250e-09  1.15087987e+03  8.80358880e-09 
 1.17768731e+03  8.79255052e-09  1.17768731e+03  8.80336592e-09 
 1.20511917e+03  8.79233359e-09  1.20511917e+03  8.80314806e-09 
 1.23319000e+03  8.79212157e-09  1.23319000e+03  8.80293511e-09 
 1.26191469e+03  8.79191437e-09  1.26191469e+03  8.80272693e-09 
 1.29130846e+03  8.79171187e-09  1.29130846e+03  8.80252344e-09 
 1.32138690e+03  8.79151396e-09  1.32138690e+03  8.80232450e-09 
 1.35216595e+03  8.79132053e-09  1.35216595e+03  8.80213003e-09 
 1.38366194e+03  8.79113149e-09  1.38366194e+03  8.80193990e-09 
 1.41589157e+03  8.79094673e-09  1.41589157e+03  8.80175403e-09 
 1.44887192e+03  8.79076614e-09  1.44887192e+03  8.80157230e-09 
 1.48262048e+03  8.79058965e-09  1.48262048e+03  8.80139462e-09 
 1.51715515e+03  8.79041714e-09  1.51715515e+03  8.80122089e-09 
 1.55249423e+03  8.79024853e-09  1.55249423e+03  8.80105102e-09 
 1.58865647e+03  8.79008373e-09  1.58865647e+03  8.80088492e-09 
 1.62566103e+03  8.78992265e-09  1.62566103e+03  8.80072249e-09 
 1.66352754e+03  8.78976520e-09  1.66352754e+03  8.80056364e-09 
 1.70227608e+03  8.78961130e-09  1.70227608e+03  8.80040829e-09 
 1.74192718e+03  8.78946087e-09  1.74192718e+03  8.80025636e-09 
 1.78250188e+03  8.78931382e-09  1.78250188e+03  8.80010775e-09 
 1.82402168e+03  8.78917008e-09  1.82402168e+03  8.79996239e-09 
 1.86650860e+03  8.78902956e-09  1.86650860e+03  8.79982019e-09 
 1.90998517e+03  8.78889220e-09  1.90998517e+03  8.79968108e-09 
 1.95447444e+03  8.78875792e-09  1.95447444e+03  8.79954498e-09 
 2.00000000e+03  8.78862664e-09  2.00000000e+03  8.79941181e-09 
 2.04658598e+03  8.78849829e-09  2.04658598e+03  8.79928150e-09 
 2.09425710e+03  8.78837281e-09  2.09425710e+03  8.79915398e-09 
 2.14303861e+03  8.78825013e-09  2.14303861e+03  8.79902916e-09 
 2.19295639e+03  8.78813018e-09  2.19295639e+03  8.79890699e-09 
 2.24403691e+03  8.78801289e-09  2.24403691e+03  8.79878739e-09 
 2.29630724e+03  8.78789821e-09  2.29630724e+03  8.79867030e-09 
 2.34979511e+03  8.78778606e-09  2.34979511e+03  8.79855564e-09 
 2.40452887e+03  8.78767639e-09  2.40452887e+03  8.79844335e-09 
 2.46053754e+03  8.78756914e-09  2.46053754e+03  8.79833336e-09 
 2.51785082e+03  8.78746425e-09  2.51785082e+03  8.79822561e-09 
 2.57649910e+03  8.78736165e-09  2.57649910e+03  8.79812004e-09 
 2.63651348e+03  8.78726131e-09  2.63651348e+03  8.79801658e-09 
 2.69792577e+03  8.78716315e-09  2.69792577e+03  8.79791518e-09 
 2.76076853e+03  8.78706712e-09  2.76076853e+03  8.79781576e-09 
 2.82507509e+03  8.78697318e-09  2.82507509e+03  8.79771827e-09 
 2.89087954e+03  8.78688126e-09  2.89087954e+03  8.79762266e-09 
 2.95821678e+03  8.78679132e-09  2.95821678e+03  8.79752885e-09 
 3.02712250e+03  8.78670331e-09  3.02712250e+03  8.79743680e-09 
 3.09763324e+03  8.78661718e-09  3.09763324e+03  8.79734644e-09 
 3.16978638e+03  8.78653287e-09  3.16978638e+03  8.79725772e-09 
 3.24362019e+03  8.78645034e-09  3.24362019e+03  8.79717057e-09 
 3.31917381e+03  8.78636955e-09  3.31917381e+03  8.79708496e-09 
 3.39648730e+03  8.78629044e-09  3.39648730e+03  8.79700080e-09 
 3.47560166e+03  8.78621297e-09  3.47560166e+03  8.79691806e-09 
 3.55655882e+03  8.78613710e-09  3.55655882e+03  8.79683667e-09 
 3.63940172e+03  8.78606278e-09  3.63940172e+03  8.79675658e-09 
 3.72417427e+03  8.78598997e-09  3.72417427e+03  8.79667774e-09 
 3.81092144e+03  8.78591863e-09  3.81092144e+03  8.79660008e-09 
 3.89968920e+03  8.78584871e-09  3.89968920e+03  8.79652355e-09 
 3.99052463e+03  8.78578016e-09  3.99052463e+03  8.79644810e-09 
 4.08347589e+03  8.78571296e-09  4.08347589e+03  8.79637367e-09 
 4.17859226e+03  8.78564706e-09  4.17859226e+03  8.79630020e-09 
 4.27592418e+03  8.78558241e-09  4.27592418e+03  8.79622764e-09 
 4.37552325e+03  8.78551898e-09  4.37552325e+03  8.79615593e-09 
 4.47744228e+03  8.78545673e-09  4.47744228e+03  8.79608501e-09 
 4.58173531e+03  8.78539562e-09  4.58173531e+03  8.79601483e-09 
 4.68845763e+03  8.78533561e-09  4.68845763e+03  8.79594532e-09 
 4.79766584e+03  8.78527666e-09  4.79766584e+03  8.79587644e-09 
 4.90941783e+03  8.78521873e-09  4.90941783e+03  8.79580811e-09 
 5.02377286e+03  8.78516178e-09  5.02377286e+03  8.79574028e-09 
 5.14079157e+03  8.78510579e-09  5.14079157e+03  8.79567289e-09 
 5.26053598e+03  8.78505069e-09  5.26053598e+03  8.79560588e-09 
 5.38306961e+03  8.78499647e-09  5.38306961e+03  8.79553918e-09 
 5.50845741e+03  8.78494308e-09  5.50845741e+03  8.79547273e-09 
 5.63676586e+03  8.78489049e-09  5.63676586e+03  8.79540646e-09 
 5.76806301e+03  8.78483865e-09  5.76806301e+03  8.79534031e-09 
 5.90241845e+03  8.78478752e-09  5.90241845e+03  8.79527420e-09 
 6.03990344e+03  8.78473708e-09  6.03990344e+03  8.79520808e-09 
 6.18059087e+03  8.78468728e-09  6.18059087e+03  8.79514186e-09 
 6.32455532e+03  8.78463808e-09  6.32455532e+03  8.79507548e-09 
 6.47187314e+03  8.78458945e-09  6.47187314e+03  8.79500885e-09 
 6.62262243e+03  8.78454134e-09  6.62262243e+03  8.79494191e-09 
 6.77688312e+03  8.78449372e-09  6.77688312e+03  8.79487457e-09 
 6.93473701e+03  8.78444654e-09  6.93473701e+03  8.79480675e-09 
 7.09626778e+03  8.78439977e-09  7.09626778e+03  8.79473837e-09 
 7.26156110e+03  8.78435336e-09  7.26156110e+03  8.79466934e-09 
 7.43070458e+03  8.78430728e-09  7.43070458e+03  8.79459957e-09 
 7.60378793e+03  8.78426148e-09  7.60378793e+03  8.79452897e-09 
 7.78090290e+03  8.78421592e-09  7.78090290e+03  8.79445745e-09 
 7.96214341e+03  8.78417056e-09  7.96214341e+03  8.79438491e-09 
 8.14760556e+03  8.78412535e-09  8.14760556e+03  8.79431125e-09 
 8.33738767e+03  8.78408025e-09  8.33738767e+03  8.79423636e-09 
 8.53159038e+03  8.78403520e-09  8.53159038e+03  8.79416013e-09 
 8.73031664e+03  8.78399018e-09  8.73031664e+03  8.79408245e-09 
 8.93367184e+03  8.78394512e-09  8.93367184e+03  8.79400321e-09 
 9.14176379e+03  8.78389998e-09  9.14176379e+03  8.79392228e-09 
 9.35470283e+03  8.78385470e-09  9.35470283e+03  8.79383954e-09 
 9.57260185e+03  8.78380924e-09  9.57260185e+03  8.79375485e-09 
 9.79557639e+03  8.78376355e-09  9.79557639e+03  8.79366809e-09 
 1.00237447e+04  8.78371756e-09  1.00237447e+04  8.79357911e-09 
 1.02572277e+04  8.78367123e-09  1.02572277e+04  8.79348776e-09 
 1.04961492e+04  8.78362450e-09  1.04961492e+04  8.79339390e-09 
 1.07406359e+04  8.78357729e-09  1.07406359e+04  8.79329737e-09 
 1.09908175e+04  8.78352957e-09  1.09908175e+04  8.79319799e-09 
 1.12468265e+04  8.78348125e-09  1.12468265e+04  8.79309560e-09 
 1.15087987e+04  8.78343229e-09  1.15087987e+04  8.79299002e-09 
 1.17768731e+04  8.78338260e-09  1.17768731e+04  8.79288107e-09 
 1.20511917e+04  8.78333212e-09  1.20511917e+04  8.79276854e-09 
 1.23319000e+04  8.78328078e-09  1.23319000e+04  8.79265225e-09 
 1.26191469e+04  8.78322849e-09  1.26191469e+04  8.79253197e-09 
 1.29130846e+04  8.78317520e-09  1.29130846e+04  8.79240749e-09 
 1.32138690e+04  8.78312081e-09  1.32138690e+04  8.79227858e-09 
 1.35216595e+04  8.78306524e-09  1.35216595e+04  8.79214499e-09 
 1.38366194e+04  8.78300840e-09  1.38366194e+04  8.79200649e-09 
 1.41589157e+04  8.78295021e-09  1.41589157e+04  8.79186281e-09 
 1.44887192e+04  8.78289057e-09  1.44887192e+04  8.79171367e-09 
 1.48262048e+04  8.78282939e-09  1.48262048e+04  8.79155880e-09 
 1.51715515e+04  8.78276656e-09  1.51715515e+04  8.79139791e-09 
 1.55249423e+04  8.78270198e-09  1.55249423e+04  8.79123067e-09 
 1.58865647e+04  8.78263554e-09  1.58865647e+04  8.79105677e-09 
 1.62566103e+04  8.78256712e-09  1.62566103e+04  8.79087588e-09 
 1.66352754e+04  8.78249662e-09  1.66352754e+04  8.79068763e-09 
 1.70227608e+04  8.78242390e-09  1.70227608e+04  8.79049168e-09 
 1.74192718e+04  8.78234884e-09  1.74192718e+04  8.79028762e-09 
 1.78250188e+04  8.78227130e-09  1.78250188e+04  8.79007507e-09 
 1.82402168e+04  8.78219115e-09  1.82402168e+04  8.78985360e-09 
 1.86650860e+04  8.78210823e-09  1.86650860e+04  8.78962279e-09 
 1.90998517e+04  8.78202241e-09  1.90998517e+04  8.78938216e-09 
 1.95447444e+04  8.78193352e-09  1.95447444e+04  8.78913126e-09 
 2.00000000e+04  8.78184139e-09  2.00000000e+04  8.78886958e-09 
