 2.00000000e+01  9.30944541e-09  2.00000000e+01  9.32329980e-09 
 2.09425710e+01  9.28264357e-09  2.09425710e+01  9.29621056e-09 
 2.19295639e+01  9.25710320e-09  2.19295639e+01  9.27040776e-09 
 2.29630724e+01  9.23276326e-09  2.29630724e+01  9.24582808e-09 
 2.40452887e+01  9.20956577e-09  2.40452887e+01  9.22241150e-09 
 2.51785082e+01  9.18745564e-09  2.51785082e+01  9.20010106e-09 
 2.63651348e+01  9.16638051e-09  2.63651348e+01  9.17884272e-09 
 2.76076853e+01  9.14629064e-09  2.76076853e+01  9.15858522e-09 
 2.89087954e+01  9.12713877e-09  2.89087954e+01  9.13927991e-09 
 3.02712250e+01  9.10887998e-09  3.02712250e+01  9.12088060e-09 
 3.16978638e+01  9.09147156e-09  3.16978638e+01  9.10334346e-09 
 3.31917381e+01  9.07487295e-09  3.31917381e+01  9.08662686e-09 
 3.47560166e+01  9.05904555e-09  3.47560166e+01  9.07069129e-09 
 3.63940172e+01  9.04395269e-09  3.63940172e+01  9.05549921e-09 
 3.81092144e+01  9.02955951e-09  3.81092144e+01  9.04101497e-09 
 3.99052463e+01  9.01583283e-09  3.99052463e+01  9.02720469e-09 
 4.17859226e+01  9.00274112e-09  4.17859226e+01  9.01403620e-09 
 4.37552325e+01  8.99025438e-09  4.37552325e+01  9.00147892e-09 
 4.58173531e+01  8.97834409e-09  4.58173531e+01  8.98950376e-09 
 4.79766584e+01  8.96698309e-09  4.79766584e+01  8.97808312e-09 
 5.02377286e+01  8.95614557e-09  5.02377286e+01  8.96719070e-09 
 5.26053598e+01  8.94580694e-09  5.26053598e+01  8.95680155e-09 
 5.50845741e+01  8.93594383e-09  5.50845741e+01  8.94689190e-09 
 5.76806301e+01  8.92653397e-09  5.76806301e+01  8.93743917e-09 
 6.03990344e+01  8.91755619e-09  6.03990344e+01  8.92842185e-09 
 6.32455532e+01  8.90899030e-09  6.32455532e+01  8.91981950e-09 
 6.62262243e+01  8.90081712e-09  6.62262243e+01  8.91161267e-09 
 6.93473701e+01  8.89301837e-09  6.93473701e+01  8.90378285e-09 
 7.26156110e+01  8.88557662e-09  7.26156110e+01  8.89631240e-09 
 7.60378793e+01  8.87847531e-09  7.60378793e+01  8.88918457e-09 
 7.96214341e+01  8.87169864e-09  7.96214341e+01  8.88238338e-09 
 8.33738767e+01  8.86523158e-09  8.33738767e+01  8.87589362e-09 
 8.73031664e+01  8.85905979e-09  8.73031664e+01  8.86970083e-09 
 9.14176379e+01  8.85316964e-09  9.14176379e+01  8.86379122e-09 
 9.57260185e+01  8.84754810e-09  9.57260185e+01  8.85815165e-09 
 1.00237447e+02  8.84218280e-09  1.00237447e+02  8.85276963e-09 
 1.04961492e+02  8.83706191e-09  1.04961492e+02  8.84763324e-09 
 1.09908175e+02  8.83217420e-09  1.09908175e+02  8.84273113e-09 
 1.15087987e+02  8.82750893e-09  1.15087987e+02  8.83805249e-09 
 1.20511917e+02  8.82305588e-09  1.20511917e+02  8.83358701e-09 
 1.26191469e+02  8.81880530e-09  1.26191469e+02  8.82932488e-09 
 1.32138690e+02  8.81474791e-09  1.32138690e+02  8.82525673e-09 
 1.38366194e+02  8.81087484e-09  1.38366194e+02  8.82137366e-09 
 1.44887192e+02  8.80717766e-09  1.44887192e+02  8.81766716e-09 
 1.51715515e+02  8.80364831e-09  1.51715515e+02  8.81412912e-09 
 1.58865647e+02  8.80027911e-09  1.58865647e+02  8.81075181e-09 
 1.66352754e+02  8.79706274e-09  1.66352754e+02  8.80752788e-09 
 1.74192718e+02  8.79399223e-09  1.74192718e+02  8.80445031e-09 
 1.82402168e+02  8.79106090e-09  1.82402168e+02  8.80151238e-09 
 1.90998517e+02  8.78826242e-09  1.90998517e+02  8.79870772e-09 
 2.00000000e+02  8.78559071e-09  2.00000000e+02  8.79603025e-09 
 2.09425710e+02  8.78304001e-09  2.09425710e+02  8.79347414e-09 
 2.19295639e+02  8.78060480e-09  2.19295639e+02  8.79103386e-09 
 2.29630724e+02  8.77827982e-09  2.29630724e+02  8.78870414e-09 
 2.40452887e+02  8.77606006e-09  2.40452887e+02  8.78647992e-09 
 2.51785082e+02  8.77394073e-09  2.51785082e+02  8.78435640e-09 
 2.63651348e+02  8.77191726e-09  2.63651348e+02  8.78232900e-09 
 2.76076853e+02  8.76998529e-09  2.76076853e+02  8.78039333e-09 
 2.89087954e+02  8.76814068e-09  2.89087954e+02  8.77854524e-09 
 3.02712250e+02  8.76637945e-09  3.02712250e+02  8.77678072e-09 
 3.16978638e+02  8.76469781e-09  3.16978638e+02  8.77509599e-09 
 3.31917381e+02  8.76309217e-09  3.31917381e+02  8.77348742e-09 
 3.47560166e+02  8.76155905e-09  3.47560166e+02  8.77195154e-09 
 3.63940172e+02  8.76009519e-09  3.63940172e+02  8.77048506e-09 
 3.81092144e+02  8.75869744e-09  3.81092144e+02  8.76908483e-09 
 3.99052463e+02  8.75736280e-09  3.99052463e+02  8.76774783e-09 
 4.17859226e+02  8.75608841e-09  4.17859226e+02  8.76647120e-09 
 4.37552325e+02  8.75487155e-09  4.37552325e+02  8.76525220e-09 
 4.58173531e+02  8.75370960e-09  4.58173531e+02  8.76408821e-09 
 4.79766584e+02  8.75260008e-09  4.79766584e+02  8.76297675e-09 
 5.02377286e+02  8.75154062e-09  5.02377286e+02  8.76191542e-09 
 5.26053598e+02  8.75052896e-09  5.26053598e+02  8.76090196e-09 
 5.50845741e+02  8.74956292e-09  5.50845741e+02  8.75993418e-09 
 5.76806301e+02  8.74864044e-09  5.76806301e+02  8.75901003e-09 
 6.03990344e+02  8.74775956e-09  6.03990344e+02  8.75812753e-09 
 6.32455532e+02  8.74691839e-09  6.32455532e+02  8.75728477e-09 
 6.62262243e+02  8.74611513e-09  6.62262243e+02  8.75647996e-09 
 6.93473701e+02  8.74534806e-09  6.93473701e+02  8.75571138e-09 
 7.26156110e+02  8.74461556e-09  7.26156110e+02  8.75497738e-09 
 7.60378793e+02  8.74391606e-09  7.60378793e+02  8.75427640e-09 
 7.96214341e+02  8.74324806e-09  7.96214341e+02  8.75360692e-09 
 8.33738767e+02  8.74261014e-09  8.33738767e+02  8.75296752e-09 
 8.73031664e+02  8.74200093e-09  8.73031664e+02  8.75235683e-09 
 9.14176379e+02  8.74141914e-09  9.14176379e+02  8.75177354e-09 
 9.57260185e+02  8.74086352e-09  9.57260185e+02  8.75121640e-09 
 1.00237447e+03  8.74033290e-09  1.00237447e+03  8.75068421e-09 
 1.04961492e+03  8.73982612e-09  1.04961492e+03  8.75017584e-09 
 1.09908175e+03  8.73934213e-09  1.09908175e+03  8.74969019e-09 
 1.15087987e+03  8.73887987e-09  1.15087987e+03  8.74922621e-09 
 1.20511917e+03  8.73843837e-09  1.20511917e+03  8.74878292e-09 
 1.26191469e+03  8.73801667e-09  1.26191469e+03  8.74835935e-09 
 1.32138690e+03  8.73761389e-09  1.32138690e+03  8.74795459e-09 
 1.38366194e+03  8.73722915e-09  1.38366194e+03  8.74756776e-09 
 1.44887192e+03  8.73686164e-09  1.44887192e+03  8.74719803e-09 
 1.51715515e+03  8.73651056e-09  1.51715515e+03  8.74684460e-09 
 1.58865647e+03  8.73617516e-09  1.58865647e+03  8.74650669e-09 
 1.66352754e+03  8.73585474e-09  1.66352754e+03  8.74618356e-09 
 1.74192718e+03  8.73554858e-09  1.74192718e+03  8.74587451e-09 
 1.82402168e+03  8.73525604e-09  1.82402168e+03  8.74557885e-09 
 1.90998517e+03  8.73497649e-09  1.90998517e+03  8.74529594e-09 
 2.00000000e+03  8.73470933e-09  2.00000000e+03  8.74502513e-09 
 2.09425710e+03  8.73445397e-09  2.09425710e+03  8.74476583e-09 
 2.19295639e+03  8.73420986e-09  2.19295639e+03  8.74451744e-09 
 2.29630724e+03  8.73397647e-09  2.29630724e+03  8.74427941e-09 
 2.40452887e+03  8.73375329e-09  2.40452887e+03  8.74405119e-09 
 2.51785082e+03  8.73353983e-09  2.51785082e+03  8.74383224e-09 
 2.63651348e+03  8.73333563e-09  2.63651348e+03  8.74362205e-09 
 2.76076853e+03  8.73314022e-09  2.76076853e+03  8.74342012e-09 
 2.89087954e+03  8.73295318e-09  2.89087954e+03  8.74322596e-09 
 3.02712250e+03  8.73277409e-09  3.02712250e+03  8.74303909e-09 
 3.16978638e+03  8.73260254e-09  3.16978638e+03  8.74285905e-09 
 3.31917381e+03  8.73243815e-09  3.31917381e+03  8.74268538e-09 
 3.47560166e+03  8.73228053e-09  3.47560166e+03  8.74251761e-09 
 3.63940172e+03  8.73212932e-09  3.63940172e+03  8.74235530e-09 
 3.81092144e+03  8.73198417e-09  3.81092144e+03  8.74219801e-09 
 3.99052463e+03  8.73184473e-09  3.99052463e+03  8.74204528e-09 
 4.17859226e+03  8.73171066e-09  4.17859226e+03  8.74189666e-09 
 4.37552325e+03  8.73158164e-09  4.37552325e+03  8.74175171e-09 
 4.58173531e+03  8.73145734e-09  4.58173531e+03  8.74160997e-09 
 4.79766584e+03  8.73133744e-09  4.79766584e+03  8.74147097e-09 
 5.02377286e+03  8.73122163e-09  5.02377286e+03  8.74133423e-09 
 5.26053598e+03  8.73110960e-09  5.26053598e+03  8.74119928e-09 
 5.50845741e+03  8.73100105e-09  5.50845741e+03  8.74106561e-09 
 5.76806301e+03  8.73089566e-09  5.76806301e+03  8.74093270e-09 
 6.03990344e+03  8.73079313e-09  6.03990344e+03  8.74080001e-09 
 6.32455532e+03  8.73069314e-09  6.32455532e+03  8.74066698e-09 
 6.62262243e+03  8.73059538e-09  6.62262243e+03  8.74053300e-09 
 6.93473701e+03  8.73049953e-09  6.93473701e+03  8.74039746e-09 
 7.26156110e+03  8.73040527e-09  7.26156110e+03  8.74025970e-09 
 7.60378793e+03  8.73031226e-09  7.60378793e+03  8.74011901e-09 
 7.96214341e+03  8.73022016e-09  7.96214341e+03  8.73997465e-09 
 8.33738767e+03  8.73012861e-09  8.33738767e+03  8.73982582e-09 
 8.73031664e+03  8.73003724e-09  8.73031664e+03  8.73967167e-09 
 9.14176379e+03  8.72994565e-09  9.14176379e+03  8.73951128e-09 
 9.57260185e+03  8.72985346e-09  9.57260185e+03  8.73934366e-09 
 1.00237447e+04  8.72976022e-09  1.00237447e+04  8.73916775e-09 
 1.04961492e+04  8.72966548e-09  1.04961492e+04  8.73898240e-09 
 1.09908175e+04  8.72956877e-09  1.09908175e+04  8.73878638e-09 
 1.15087987e+04  8.72946957e-09  1.15087987e+04  8.73857833e-09 
 1.20511917e+04  8.72936734e-09  1.20511917e+04  8.73835680e-09 
 1.26191469e+04  8.72926149e-09  1.26191469e+04  8.73812021e-09 
 1.32138690e+04  8.72915140e-09  1.32138690e+04  8.73786683e-09 
 1.38366194e+04  8.72903639e-09  1.38366194e+04  8.73759479e-09 
 1.44887192e+04  8.72891574e-09  1.44887192e+04  8.73730206e-09 
 1.51715515e+04  8.72878866e-09  1.51715515e+04  8.73698642e-09 
 1.58865647e+04  8.72865431e-09  1.58865647e+04  8.73664546e-09 
 1.66352754e+04  8.72851177e-09  1.66352754e+04  8.73627653e-09 
 1.74192718e+04  8.72836004e-09  1.74192718e+04  8.73587678e-09 
 1.82402168e+04  8.72819806e-09  1.82402168e+04  8.73544308e-09 
 1.90998517e+04  8.72802464e-09  1.90998517e+04  8.73497201e-09 
 2.00000000e+04  8.72783851e-09  2.00000000e+04  8.73445986e-09 
