 2.00000000e+01  2.60629365e-08  2.00000000e+01  8.28323628e-09 
 2.09425710e+01  2.59780871e-08  2.09425710e+01  8.25605001e-09 
 2.19295639e+01  2.58968091e-08  2.19295639e+01  8.23001947e-09 
 2.29630724e+01  2.58189621e-08  2.29630724e+01  8.20509803e-09 
 2.40452887e+01  2.57444101e-08  2.40452887e+01  8.18124075e-09 
 2.51785082e+01  2.56730219e-08  2.51785082e+01  8.15840433e-09 
 2.63651348e+01  2.56046709e-08  2.63651348e+01  8.13654707e-09 
 2.76076853e+01  2.55392348e-08  2.76076853e+01  8.11562883e-09 
 2.89087954e+01  2.54765958e-08  2.89087954e+01  8.09561095e-09 
 3.02712250e+01  2.54166402e-08  3.02712250e+01  8.07645626e-09 
 3.16978638e+01  2.53592586e-08  3.16978638e+01  8.05812898e-09 
 3.31917381e+01  2.53043454e-08  3.31917381e+01  8.04059471e-09 
 3.47560166e+01  2.52517990e-08  3.47560166e+01  8.02382038e-09 
 3.63940172e+01  2.52015218e-08  3.63940172e+01  8.00777417e-09 
 3.81092144e+01  2.51534195e-08  3.81092144e+01  7.99242555e-09 
 3.99052463e+01  2.51074017e-08  3.99052463e+01  7.97774514e-09 
 4.17859226e+01  2.50633813e-08  4.17859226e+01  7.96370475e-09 
 4.37552325e+01  2.50212747e-08  4.37552325e+01  7.95027729e-09 
 4.58173531e+01  2.49810013e-08  4.58173531e+01  7.93743677e-09 
 4.79766584e+01  2.49424840e-08  4.79766584e+01  7.92515822e-09 
 5.02377286e+01  2.49056484e-08  5.02377286e+01  7.91341768e-09 
 5.26053598e+01  2.48704233e-08  5.26053598e+01  7.90219217e-09 
 5.50845741e+01  2.48367402e-08  5.50845741e+01  7.89145963e-09 
 5.76806301e+01  2.48045334e-08  5.76806301e+01  7.88119891e-09 
 6.03990344e+01  2.47737399e-08  6.03990344e+01  7.87138972e-09 
 6.32455532e+01  2.47442990e-08  6.32455532e+01  7.86201262e-09 
 6.62262243e+01  2.47161529e-08  6.62262243e+01  7.85304894e-09 
 6.93473701e+01  2.46892457e-08  6.93473701e+01  7.84448081e-09 
 7.26156110e+01  2.46635242e-08  7.26156110e+01  7.83629111e-09 
 7.60378793e+01  2.46389371e-08  7.60378793e+01  7.82846341e-09 
 7.96214341e+01  2.46154354e-08  7.96214341e+01  7.82098198e-09 
 8.33738767e+01  2.45929720e-08  8.33738767e+01  7.81383176e-09 
 8.73031664e+01  2.45715019e-08  8.73031664e+01  7.80699830e-09 
 9.14176379e+01  2.45509818e-08  9.14176379e+01  7.80046779e-09 
 9.57260185e+01  2.45313705e-08  9.57260185e+01  7.79422698e-09 
 1.00237447e+02  2.45126282e-08  1.00237447e+02  7.78826320e-09 
 1.04961492e+02  2.44947171e-08  1.04961492e+02  7.78256431e-09 
 1.09908175e+02  2.44776008e-08  1.09908175e+02  7.77711869e-09 
 1.15087987e+02  2.44612445e-08  1.15087987e+02  7.77191522e-09 
 1.20511917e+02  2.44456148e-08  1.20511917e+02  7.76694326e-09 
 1.26191469e+02  2.44306800e-08  1.26191469e+02  7.76219262e-09 
 1.32138690e+02  2.44164093e-08  1.32138690e+02  7.75765354e-09 
 1.38366194e+02  2.44027737e-08  1.38366194e+02  7.75331670e-09 
 1.44887192e+02  2.43897452e-08  1.44887192e+02  7.74917319e-09 
 1.51715515e+02  2.43772970e-08  1.51715515e+02  7.74521444e-09 
 1.58865647e+02  2.43654034e-08  1.58865647e+02  7.74143231e-09 
 1.66352754e+02  2.43540400e-08  1.66352754e+02  7.73781898e-09 
 1.74192718e+02  2.43431834e-08  1.74192718e+02  7.73436697e-09 
 1.82402168e+02  2.43328111e-08  1.82402168e+02  7.73106913e-09 
 1.90998517e+02  2.43229016e-08  1.90998517e+02  7.72791864e-09 
 2.00000000e+02  2.43134346e-08  2.00000000e+02  7.72490895e-09 
 2.09425710e+02  2.43043902e-08  2.09425710e+02  7.72203381e-09 
 2.19295639e+02  2.42957498e-08  2.19295639e+02  7.71928724e-09 
 2.29630724e+02  2.42874954e-08  2.29630724e+02  7.71666354e-09 
 2.40452887e+02  2.42796099e-08  2.40452887e+02  7.71415724e-09 
 2.51785082e+02  2.42720768e-08  2.51785082e+02  7.71176311e-09 
 2.63651348e+02  2.42648804e-08  2.63651348e+02  7.70947616e-09 
 2.76076853e+02  2.42580057e-08  2.76076853e+02  7.70729162e-09 
 2.89087954e+02  2.42514384e-08  2.89087954e+02  7.70520492e-09 
 3.02712250e+02  2.42451648e-08  3.02712250e+02  7.70321171e-09 
 3.16978638e+02  2.42391716e-08  3.16978638e+02  7.70130780e-09 
 3.31917381e+02  2.42334465e-08  3.31917381e+02  7.69948923e-09 
 3.47560166e+02  2.42279773e-08  3.47560166e+02  7.69775218e-09 
 3.63940172e+02  2.42227526e-08  3.63940172e+02  7.69609301e-09 
 3.81092144e+02  2.42177614e-08  3.81092144e+02  7.69450824e-09 
 3.99052463e+02  2.42129933e-08  3.99052463e+02  7.69299455e-09 
 4.17859226e+02  2.42084383e-08  4.17859226e+02  7.69154876e-09 
 4.37552325e+02  2.42040866e-08  4.37552325e+02  7.69016783e-09 
 4.58173531e+02  2.41999292e-08  4.58173531e+02  7.68884888e-09 
 4.79766584e+02  2.41959572e-08  4.79766584e+02  7.68758912e-09 
 5.02377286e+02  2.41921624e-08  5.02377286e+02  7.68638590e-09 
 5.26053598e+02  2.41885365e-08  5.26053598e+02  7.68523670e-09 
 5.50845741e+02  2.41850721e-08  5.50845741e+02  7.68413910e-09 
 5.76806301e+02  2.41817616e-08  5.76806301e+02  7.68309079e-09 
 6.03990344e+02  2.41785982e-08  6.03990344e+02  7.68208956e-09 
 6.32455532e+02  2.41755750e-08  6.32455532e+02  7.68113330e-09 
 6.62262243e+02  2.41726855e-08  6.62262243e+02  7.68022000e-09 
 6.93473701e+02  2.41699237e-08  6.93473701e+02  7.67934774e-09 
 7.26156110e+02  2.41672835e-08  7.26156110e+02  7.67851468e-09 
 7.60378793e+02  2.41647593e-08  7.60378793e+02  7.67771906e-09 
 7.96214341e+02  2.41623457e-08  7.96214341e+02  7.67695920e-09 
 8.33738767e+02  2.41600373e-08  8.33738767e+02  7.67623350e-09 
 8.73031664e+02  2.41578293e-08  8.73031664e+02  7.67554044e-09 
 9.14176379e+02  2.41557167e-08  9.14176379e+02  7.67487854e-09 
 9.57260185e+02  2.41536950e-08  9.57260185e+02  7.67424642e-09 
 1.00237447e+03  2.41517596e-08  1.00237447e+03  7.67364274e-09 
 1.04961492e+03  2.41499062e-08  1.04961492e+03  7.67306623e-09 
 1.09908175e+03  2.41481308e-08  1.09908175e+03  7.67251567e-09 
 1.15087987e+03  2.41464292e-08  1.15087987e+03  7.67198989e-09 
 1.20511917e+03  2.41447976e-08  1.20511917e+03  7.67148780e-09 
 1.26191469e+03  2.41432322e-08  1.26191469e+03  7.67100832e-09 
 1.32138690e+03  2.41417293e-08  1.32138690e+03  7.67055046e-09 
 1.38366194e+03  2.41402855e-08  1.38366194e+03  7.67011324e-09 
 1.44887192e+03  2.41388971e-08  1.44887192e+03  7.66969574e-09 
 1.51715515e+03  2.41375609e-08  1.51715515e+03  7.66929708e-09 
 1.58865647e+03  2.41362735e-08  1.58865647e+03  7.66891643e-09 
 1.66352754e+03  2.41350315e-08  1.66352754e+03  7.66855298e-09 
 1.74192718e+03  2.41338318e-08  1.74192718e+03  7.66820596e-09 
 1.82402168e+03  2.41326712e-08  1.82402168e+03  7.66787466e-09 
 1.90998517e+03  2.41315465e-08  1.90998517e+03  7.66755836e-09 
 2.00000000e+03  2.41304544e-08  2.00000000e+03  7.66725641e-09 
 2.09425710e+03  2.41293918e-08  2.09425710e+03  7.66696817e-09 
 2.19295639e+03  2.41283554e-08  2.19295639e+03  7.66669304e-09 
 2.29630724e+03  2.41273421e-08  2.29630724e+03  7.66643045e-09 
 2.40452887e+03  2.41263485e-08  2.40452887e+03  7.66617985e-09 
 2.51785082e+03  2.41253712e-08  2.51785082e+03  7.66594071e-09 
 2.63651348e+03  2.41244067e-08  2.63651348e+03  7.66571253e-09 
 2.76076853e+03  2.41234515e-08  2.76076853e+03  7.66549485e-09 
 2.89087954e+03  2.41225019e-08  2.89087954e+03  7.66528722e-09 
 3.02712250e+03  2.41215540e-08  3.02712250e+03  7.66508921e-09 
 3.16978638e+03  2.41206038e-08  3.16978638e+03  7.66490041e-09 
 3.31917381e+03  2.41196470e-08  3.31917381e+03  7.66472043e-09 
 3.47560166e+03  2.41186793e-08  3.47560166e+03  7.66454892e-09 
 3.63940172e+03  2.41176958e-08  3.63940172e+03  7.66438553e-09 
 3.81092144e+03  2.41166916e-08  3.81092144e+03  7.66422992e-09 
 3.99052463e+03  2.41156614e-08  3.99052463e+03  7.66408180e-09 
 4.17859226e+03  2.41145995e-08  4.17859226e+03  7.66394088e-09 
 4.37552325e+03  2.41134997e-08  4.37552325e+03  7.66380687e-09 
 4.58173531e+03  2.41123556e-08  4.58173531e+03  7.66367953e-09 
 4.79766584e+03  2.41111601e-08  4.79766584e+03  7.66355862e-09 
 5.02377286e+03  2.41099056e-08  5.02377286e+03  7.66344391e-09 
 5.26053598e+03  2.41085839e-08  5.26053598e+03  7.66333520e-09 
 5.50845741e+03  2.41071861e-08  5.50845741e+03  7.66323231e-09 
 5.76806301e+03  2.41057026e-08  5.76806301e+03  7.66313505e-09 
 6.03990344e+03  2.41041231e-08  6.03990344e+03  7.66304327e-09 
 6.32455532e+03  2.41024360e-08  6.32455532e+03  7.66295683e-09 
 6.62262243e+03  2.41006292e-08  6.62262243e+03  7.66287561e-09 
 6.93473701e+03  2.40986891e-08  6.93473701e+03  7.66279951e-09 
 7.26156110e+03  2.40966012e-08  7.26156110e+03  7.66272842e-09 
 7.60378793e+03  2.40943496e-08  7.60378793e+03  7.66266229e-09 
 7.96214341e+03  2.40919168e-08  7.96214341e+03  7.66260105e-09 
 8.33738767e+03  2.40892840e-08  8.33738767e+03  7.66254468e-09 
 8.73031664e+03  2.40864304e-08  8.73031664e+03  7.66249315e-09 
 9.14176379e+03  2.40833336e-08  9.14176379e+03  7.66244647e-09 
 9.57260185e+03  2.40799687e-08  9.57260185e+03  7.66240467e-09 
 1.00237447e+04  2.40763089e-08  1.00237447e+04  7.66236780e-09 
 1.04961492e+04  2.40723249e-08  1.04961492e+04  7.66233592e-09 
 1.09908175e+04  2.40679844e-08  1.09908175e+04  7.66230914e-09 
 1.15087987e+04  2.40632523e-08  1.15087987e+04  7.66228757e-09 
 1.20511917e+04  2.40580903e-08  1.20511917e+04  7.66227138e-09 
 1.26191469e+04  2.40524566e-08  1.26191469e+04  7.66226074e-09 
 1.32138690e+04  2.40463053e-08  1.32138690e+04  7.66225587e-09 
 1.38366194e+04  2.40395866e-08  1.38366194e+04  7.66225702e-09 
 1.44887192e+04  2.40322457e-08  1.44887192e+04  7.66226448e-09 
 1.51715515e+04  2.40242232e-08  1.51715515e+04  7.66227858e-09 
 1.58865647e+04  2.40154540e-08  1.58865647e+04  7.66229969e-09 
 1.66352754e+04  2.40058673e-08  1.66352754e+04  7.66232824e-09 
 1.74192718e+04  2.39953855e-08  1.74192718e+04  7.66236470e-09 
 1.82402168e+04  2.39839245e-08  1.82402168e+04  7.66240960e-09 
 1.90998517e+04  2.39713923e-08  1.90998517e+04  7.66246353e-09 
 2.00000000e+04  2.39576888e-08  2.00000000e+04  7.66252715e-09 
