 2.00000000e+01  7.35757440e+01 
 2.24403691e+01  7.40432092e+01 
 2.51785082e+01  7.45271949e+01 
 2.82507509e+01  7.50182996e+01 
 3.16978638e+01  7.55066784e+01 
 3.55655882e+01  7.59826913e+01 
 3.99052463e+01  7.64375312e+01 
 4.47744228e+01  7.68637644e+01 
 5.02377286e+01  7.72557240e+01 
 5.63676586e+01  7.76097158e+01 
 6.32455532e+01  7.79240219e+01 
 7.09626778e+01  7.81987222e+01 
 7.96214341e+01  7.84353801e+01 
 8.93367184e+01  7.86366545e+01 
 1.00237447e+02  7.88059037e+01 
 1.12468265e+02  7.89468275e+01 
 1.26191469e+02  7.90631791e+01 
 1.41589157e+02  7.91585568e+01 
 1.58865647e+02  7.92362703e+01 
 1.78250188e+02  7.92992695e+01 
 2.00000000e+02  7.93501201e+01 
 2.24403691e+02  7.93910115e+01 
 2.51785082e+02  7.94237827e+01 
 2.82507509e+02  7.94499599e+01 
 3.16978638e+02  7.94707955e+01 
 3.55655882e+02  7.94873086e+01 
 3.99052463e+02  7.95003204e+01 
 4.47744228e+02  7.95104869e+01 
 5.02377286e+02  7.95183259e+01 
 5.63676586e+02  7.95242400e+01 
 6.32455532e+02  7.95285347e+01 
 7.09626778e+02  7.95314329e+01 
 7.96214341e+02  7.95330853e+01 
 8.93367184e+02  7.95335779e+01 
 1.00237447e+03  7.95329359e+01 
 1.12468265e+03  7.95311251e+01 
 1.26191469e+03  7.95280499e+01 
 1.41589157e+03  7.95235484e+01 
 1.58865647e+03  7.95173842e+01 
 1.78250188e+03  7.95092345e+01 
 2.00000000e+03  7.94986741e+01 
 2.24403691e+03  7.94851546e+01 
 2.51785082e+03  7.94679783e+01 
 2.82507509e+03  7.94462650e+01 
 3.16978638e+03  7.94189133e+01 
 3.55655882e+03  7.93845519e+01 
 3.99052463e+03  7.93414846e+01 
 4.47744228e+03  7.92876256e+01 
 5.02377286e+03  7.92204280e+01 
 5.63676586e+03  7.91368082e+01 
 6.32455532e+03  7.90330690e+01 
 7.09626778e+03  7.89048317e+01 
 7.96214341e+03  7.87469852e+01 
 8.93367184e+03  7.85536688e+01 
 1.00237447e+04  7.83183043e+01 
 1.12468265e+04  7.80336935e+01 
 1.26191469e+04  7.76921959e+01 
 1.41589157e+04  7.72859875e+01 
 1.58865647e+04  7.68073925e+01 
 1.78250188e+04  7.62492596e+01 
 2.00000000e+04  7.56053478e+01 
 2.24403691e+04  7.48706791e+01 
 2.51785082e+04  7.40418309e+01 
 2.82507509e+04  7.31171508e+01 
 3.16978638e+04  7.20968984e+01 
 3.55655882e+04  7.09833229e+01 
 3.99052463e+04  6.97806776e+01 
 4.47744228e+04  6.84951685e+01 
 5.02377286e+04  6.71348215e+01 
 5.63676586e+04  6.57092613e+01 
 6.32455532e+04  6.42294076e+01 
 7.09626778e+04  6.27071053e+01 
 7.96214341e+04  6.11547162e+01 
 8.93367184e+04  5.95846941e+01 
 1.00237447e+05  5.80091577e+01 
 1.12468265e+05  5.64394662e+01 
 1.26191469e+05  5.48858041e+01 
 1.41589157e+05  5.33567883e+01 
 1.58865647e+05  5.18591244e+01 
 1.78250188e+05  5.03973520e+01 
 2.00000000e+05  4.89737159e+01 
