-1.40000000e+01 -1.41900117e+01 -1.40000000e+01  1.39863619e+01 -1.40000000e+01  1.34116639e+01 -1.40000000e+01 -1.48666202e+01 -1.40000000e+01 -1.48666206e+01 
-1.39500000e+01 -1.41900117e+01 -1.39500000e+01  1.39878967e+01 -1.39500000e+01  1.34116639e+01 -1.39500000e+01 -1.48666202e+01 -1.39500000e+01 -1.48666206e+01 
-1.39000000e+01 -1.41900117e+01 -1.39000000e+01  1.39879670e+01 -1.39000000e+01  1.34116639e+01 -1.39000000e+01 -1.48666202e+01 -1.39000000e+01 -1.48666206e+01 
-1.38500000e+01 -1.41900117e+01 -1.38500000e+01  1.39880697e+01 -1.38500000e+01  1.34116639e+01 -1.38500000e+01 -1.48666202e+01 -1.38500000e+01 -1.48666206e+01 
-1.38000000e+01 -1.41900117e+01 -1.38000000e+01  1.39881156e+01 -1.38000000e+01  1.34116639e+01 -1.38000000e+01 -1.48666202e+01 -1.38000000e+01 -1.48666206e+01 
-1.37500000e+01 -1.41900117e+01 -1.37500000e+01  1.39881779e+01 -1.37500000e+01  1.34116639e+01 -1.37500000e+01 -1.48666202e+01 -1.37500000e+01 -1.48666206e+01 
-1.37000000e+01 -1.41900117e+01 -1.37000000e+01  1.39882229e+01 -1.37000000e+01  1.34116639e+01 -1.37000000e+01 -1.48666202e+01 -1.37000000e+01 -1.48666206e+01 
-1.36500000e+01 -1.41900117e+01 -1.36500000e+01  1.39882807e+01 -1.36500000e+01  1.34116639e+01 -1.36500000e+01 -1.48666202e+01 -1.36500000e+01 -1.48666206e+01 
-1.36000000e+01 -1.41900117e+01 -1.36000000e+01  1.39883486e+01 -1.36000000e+01  1.34116639e+01 -1.36000000e+01 -1.48666202e+01 -1.36000000e+01 -1.48666206e+01 
-1.35500000e+01 -1.41900117e+01 -1.35500000e+01  1.39884089e+01 -1.35500000e+01  1.34116639e+01 -1.35500000e+01 -1.48666202e+01 -1.35500000e+01 -1.48666206e+01 
-1.35000000e+01 -1.41900117e+01 -1.35000000e+01  1.39884578e+01 -1.35000000e+01  1.34116639e+01 -1.35000000e+01 -1.48666202e+01 -1.35000000e+01 -1.48666206e+01 
-1.34500000e+01 -1.41900117e+01 -1.34500000e+01  1.39885157e+01 -1.34500000e+01  1.34116639e+01 -1.34500000e+01 -1.48666202e+01 -1.34500000e+01 -1.48666206e+01 
-1.34000000e+01 -1.41900117e+01 -1.34000000e+01  1.39885687e+01 -1.34000000e+01  1.34116639e+01 -1.34000000e+01 -1.48666202e+01 -1.34000000e+01 -1.48666206e+01 
-1.33500000e+01 -1.41900117e+01 -1.33500000e+01  1.39886344e+01 -1.33500000e+01  1.34116639e+01 -1.33500000e+01 -1.48666202e+01 -1.33500000e+01 -1.48666206e+01 
-1.33000000e+01 -1.41900117e+01 -1.33000000e+01  1.39887020e+01 -1.33000000e+01  1.34116639e+01 -1.33000000e+01 -1.48666202e+01 -1.33000000e+01 -1.48666206e+01 
-1.32500000e+01 -1.41900117e+01 -1.32500000e+01  1.39887471e+01 -1.32500000e+01  1.34116639e+01 -1.32500000e+01 -1.48666202e+01 -1.32500000e+01 -1.48666206e+01 
-1.32000000e+01 -1.41900117e+01 -1.32000000e+01  1.39888107e+01 -1.32000000e+01  1.34116639e+01 -1.32000000e+01 -1.48666202e+01 -1.32000000e+01 -1.48666206e+01 
-1.31500000e+01 -1.41900117e+01 -1.31500000e+01  1.39888695e+01 -1.31500000e+01  1.34116639e+01 -1.31500000e+01 -1.48666202e+01 -1.31500000e+01 -1.48666206e+01 
-1.31000000e+01 -1.41900117e+01 -1.31000000e+01  1.39889267e+01 -1.31000000e+01  1.34116639e+01 -1.31000000e+01 -1.48666202e+01 -1.31000000e+01 -1.48666206e+01 
-1.30500000e+01 -1.41900117e+01 -1.30500000e+01  1.39889912e+01 -1.30500000e+01  1.34116639e+01 -1.30500000e+01 -1.48666202e+01 -1.30500000e+01 -1.48666206e+01 
-1.30000000e+01 -1.41900117e+01 -1.30000000e+01  1.39890422e+01 -1.30000000e+01  1.34116639e+01 -1.30000000e+01 -1.48666202e+01 -1.30000000e+01 -1.48666206e+01 
-1.29500000e+01 -1.41900117e+01 -1.29500000e+01  1.39891047e+01 -1.29500000e+01  1.34116639e+01 -1.29500000e+01 -1.48666202e+01 -1.29500000e+01 -1.48666206e+01 
-1.29000000e+01 -1.41900117e+01 -1.29000000e+01  1.39891621e+01 -1.29000000e+01  1.34116639e+01 -1.29000000e+01 -1.48666202e+01 -1.29000000e+01 -1.48666206e+01 
-1.28500000e+01 -1.41900117e+01 -1.28500000e+01  1.39892220e+01 -1.28500000e+01  1.34116639e+01 -1.28500000e+01 -1.48666202e+01 -1.28500000e+01 -1.48666206e+01 
-1.28000000e+01 -1.41900117e+01 -1.28000000e+01  1.39892869e+01 -1.28000000e+01  1.34116639e+01 -1.28000000e+01 -1.48666202e+01 -1.28000000e+01 -1.48666206e+01 
-1.27500000e+01 -1.41900117e+01 -1.27500000e+01  1.39893457e+01 -1.27500000e+01  1.34116639e+01 -1.27500000e+01 -1.48666202e+01 -1.27500000e+01 -1.48666206e+01 
-1.27000000e+01 -1.41900117e+01 -1.27000000e+01  1.39894071e+01 -1.27000000e+01  1.34116639e+01 -1.27000000e+01 -1.48666202e+01 -1.27000000e+01 -1.48666206e+01 
-1.26500000e+01 -1.41900117e+01 -1.26500000e+01  1.39894568e+01 -1.26500000e+01  1.34116639e+01 -1.26500000e+01 -1.48666202e+01 -1.26500000e+01 -1.48666206e+01 
-1.26000000e+01 -1.41900117e+01 -1.26000000e+01  1.39895180e+01 -1.26000000e+01  1.34116639e+01 -1.26000000e+01 -1.48666202e+01 -1.26000000e+01 -1.48666206e+01 
-1.25500000e+01 -1.41900117e+01 -1.25500000e+01  1.39895745e+01 -1.25500000e+01  1.34116639e+01 -1.25500000e+01 -1.48666202e+01 -1.25500000e+01 -1.48666206e+01 
-1.25000000e+01 -1.41900117e+01 -1.25000000e+01  1.39896468e+01 -1.25000000e+01  1.34116639e+01 -1.25000000e+01 -1.48666202e+01 -1.25000000e+01 -1.48666206e+01 
-1.24500000e+01 -1.41900117e+01 -1.24500000e+01  1.39897006e+01 -1.24500000e+01  1.34116639e+01 -1.24500000e+01 -1.48666202e+01 -1.24500000e+01 -1.48666206e+01 
-1.24000000e+01 -1.41900117e+01 -1.24000000e+01  1.39897698e+01 -1.24000000e+01  1.34116639e+01 -1.24000000e+01 -1.48666202e+01 -1.24000000e+01 -1.48666206e+01 
-1.23500000e+01 -1.41900117e+01 -1.23500000e+01  1.39898172e+01 -1.23500000e+01  1.34116639e+01 -1.23500000e+01 -1.48666202e+01 -1.23500000e+01 -1.48666206e+01 
-1.23000000e+01 -1.41900117e+01 -1.23000000e+01  1.39898799e+01 -1.23000000e+01  1.34116639e+01 -1.23000000e+01 -1.48666202e+01 -1.23000000e+01 -1.48666206e+01 
-1.22500000e+01 -1.41900117e+01 -1.22500000e+01  1.39899447e+01 -1.22500000e+01  1.34116639e+01 -1.22500000e+01 -1.48666202e+01 -1.22500000e+01 -1.48666206e+01 
-1.22000000e+01 -1.41900117e+01 -1.22000000e+01  1.39900149e+01 -1.22000000e+01  1.34116639e+01 -1.22000000e+01 -1.48666202e+01 -1.22000000e+01 -1.48666206e+01 
-1.21500000e+01 -1.41900117e+01 -1.21500000e+01  1.39900674e+01 -1.21500000e+01  1.34116639e+01 -1.21500000e+01 -1.48666202e+01 -1.21500000e+01 -1.48666206e+01 
-1.21000000e+01 -1.41900117e+01 -1.21000000e+01  1.39901379e+01 -1.21000000e+01  1.34116639e+01 -1.21000000e+01 -1.48666202e+01 -1.21000000e+01 -1.48666206e+01 
-1.20500000e+01 -1.41900117e+01 -1.20500000e+01  1.39901960e+01 -1.20500000e+01  1.34116639e+01 -1.20500000e+01 -1.48666202e+01 -1.20500000e+01 -1.48666206e+01 
-1.20000000e+01 -1.41900117e+01 -1.20000000e+01  1.39902520e+01 -1.20000000e+01  1.34116639e+01 -1.20000000e+01 -1.48666202e+01 -1.20000000e+01 -1.48666206e+01 
-1.19500000e+01 -1.41900117e+01 -1.19500000e+01  1.39903293e+01 -1.19500000e+01  1.34116639e+01 -1.19500000e+01 -1.48666202e+01 -1.19500000e+01 -1.48666206e+01 
-1.19000000e+01 -1.41900117e+01 -1.19000000e+01  1.39903854e+01 -1.19000000e+01  1.34116639e+01 -1.19000000e+01 -1.48666202e+01 -1.19000000e+01 -1.48666206e+01 
-1.18500000e+01 -1.41900117e+01 -1.18500000e+01  1.39904382e+01 -1.18500000e+01  1.34116639e+01 -1.18500000e+01 -1.48666202e+01 -1.18500000e+01 -1.48666206e+01 
-1.18000000e+01 -1.41900117e+01 -1.18000000e+01  1.39904952e+01 -1.18000000e+01  1.34116639e+01 -1.18000000e+01 -1.48666202e+01 -1.18000000e+01 -1.48666206e+01 
-1.17500000e+01 -1.41900117e+01 -1.17500000e+01  1.39905631e+01 -1.17500000e+01  1.34116639e+01 -1.17500000e+01 -1.48666202e+01 -1.17500000e+01 -1.48666206e+01 
-1.17000000e+01 -1.41900117e+01 -1.17000000e+01  1.39906293e+01 -1.17000000e+01  1.34116639e+01 -1.17000000e+01 -1.48666202e+01 -1.17000000e+01 -1.48666206e+01 
-1.16500000e+01 -1.41900117e+01 -1.16500000e+01  1.39906904e+01 -1.16500000e+01  1.34116639e+01 -1.16500000e+01 -1.48666202e+01 -1.16500000e+01 -1.48666206e+01 
-1.16000000e+01 -1.41900117e+01 -1.16000000e+01  1.39907588e+01 -1.16000000e+01  1.34116639e+01 -1.16000000e+01 -1.48666202e+01 -1.16000000e+01 -1.48666206e+01 
-1.15500000e+01 -1.41900117e+01 -1.15500000e+01  1.39908161e+01 -1.15500000e+01  1.34116639e+01 -1.15500000e+01 -1.48666202e+01 -1.15500000e+01 -1.48666206e+01 
-1.15000000e+01 -1.41900117e+01 -1.15000000e+01  1.39908770e+01 -1.15000000e+01  1.34116639e+01 -1.15000000e+01 -1.48666202e+01 -1.15000000e+01 -1.48666206e+01 
-1.14500000e+01 -1.41900117e+01 -1.14500000e+01  1.39909382e+01 -1.14500000e+01  1.34116639e+01 -1.14500000e+01 -1.48666202e+01 -1.14500000e+01 -1.48666206e+01 
-1.14000000e+01 -1.41900117e+01 -1.14000000e+01  1.39910103e+01 -1.14000000e+01  1.34116639e+01 -1.14000000e+01 -1.48666202e+01 -1.14000000e+01 -1.48666206e+01 
-1.13500000e+01 -1.41900117e+01 -1.13500000e+01  1.39910778e+01 -1.13500000e+01  1.34116639e+01 -1.13500000e+01 -1.48666202e+01 -1.13500000e+01 -1.48666206e+01 
-1.13000000e+01 -1.41900117e+01 -1.13000000e+01  1.39911338e+01 -1.13000000e+01  1.34116639e+01 -1.13000000e+01 -1.48666202e+01 -1.13000000e+01 -1.48666206e+01 
-1.12500000e+01 -1.41900117e+01 -1.12500000e+01  1.39911927e+01 -1.12500000e+01  1.34116639e+01 -1.12500000e+01 -1.48666202e+01 -1.12500000e+01 -1.48666206e+01 
-1.12000000e+01 -1.41900117e+01 -1.12000000e+01  1.39912617e+01 -1.12000000e+01  1.34116639e+01 -1.12000000e+01 -1.48666202e+01 -1.12000000e+01 -1.48666206e+01 
-1.11500000e+01 -1.41900117e+01 -1.11500000e+01  1.39913296e+01 -1.11500000e+01  1.34116639e+01 -1.11500000e+01 -1.48666202e+01 -1.11500000e+01 -1.48666206e+01 
-1.11000000e+01 -1.41900117e+01 -1.11000000e+01  1.39914002e+01 -1.11000000e+01  1.34116639e+01 -1.11000000e+01 -1.48666202e+01 -1.11000000e+01 -1.48666206e+01 
-1.10500000e+01 -1.41900117e+01 -1.10500000e+01  1.39914511e+01 -1.10500000e+01  1.34116639e+01 -1.10500000e+01 -1.48666202e+01 -1.10500000e+01 -1.48666206e+01 
-1.10000000e+01 -1.41900117e+01 -1.10000000e+01  1.39915208e+01 -1.10000000e+01  1.34116639e+01 -1.10000000e+01 -1.48666202e+01 -1.10000000e+01 -1.48666206e+01 
-1.09500000e+01 -1.41900117e+01 -1.09500000e+01  1.39915871e+01 -1.09500000e+01  1.34116639e+01 -1.09500000e+01 -1.48666202e+01 -1.09500000e+01 -1.48666206e+01 
-1.09000000e+01 -1.41900117e+01 -1.09000000e+01  1.39916371e+01 -1.09000000e+01  1.34116639e+01 -1.09000000e+01 -1.48666202e+01 -1.09000000e+01 -1.48666206e+01 
-1.08500000e+01 -1.41900117e+01 -1.08500000e+01  1.39917073e+01 -1.08500000e+01  1.34116639e+01 -1.08500000e+01 -1.48666202e+01 -1.08500000e+01 -1.48666206e+01 
-1.08000000e+01 -1.41900117e+01 -1.08000000e+01  1.39917767e+01 -1.08000000e+01  1.34116639e+01 -1.08000000e+01 -1.48666202e+01 -1.08000000e+01 -1.48666206e+01 
-1.07500000e+01 -1.41900117e+01 -1.07500000e+01  1.39918435e+01 -1.07500000e+01  1.34116639e+01 -1.07500000e+01 -1.48666202e+01 -1.07500000e+01 -1.48666206e+01 
-1.07000000e+01 -1.41900117e+01 -1.07000000e+01  1.39919073e+01 -1.07000000e+01  1.34116639e+01 -1.07000000e+01 -1.48666202e+01 -1.07000000e+01 -1.48666206e+01 
-1.06500000e+01 -1.41900117e+01 -1.06500000e+01  1.39919781e+01 -1.06500000e+01  1.34116639e+01 -1.06500000e+01 -1.48666202e+01 -1.06500000e+01 -1.48666206e+01 
-1.06000000e+01 -1.41900117e+01 -1.06000000e+01  1.39920363e+01 -1.06000000e+01  1.34116639e+01 -1.06000000e+01 -1.48666202e+01 -1.06000000e+01 -1.48666206e+01 
-1.05500000e+01 -1.41900117e+01 -1.05500000e+01  1.39921163e+01 -1.05500000e+01  1.34116639e+01 -1.05500000e+01 -1.48666202e+01 -1.05500000e+01 -1.48666206e+01 
-1.05000000e+01 -1.41900117e+01 -1.05000000e+01  1.39921844e+01 -1.05000000e+01  1.34116639e+01 -1.05000000e+01 -1.48666202e+01 -1.05000000e+01 -1.48666206e+01 
-1.04500000e+01 -1.41900117e+01 -1.04500000e+01  1.39922456e+01 -1.04500000e+01  1.34116639e+01 -1.04500000e+01 -1.48666202e+01 -1.04500000e+01 -1.48666206e+01 
-1.04000000e+01 -1.41900117e+01 -1.04000000e+01  1.39923141e+01 -1.04000000e+01  1.34116639e+01 -1.04000000e+01 -1.48666202e+01 -1.04000000e+01 -1.48666206e+01 
-1.03500000e+01 -1.41900117e+01 -1.03500000e+01  1.39923717e+01 -1.03500000e+01  1.34116639e+01 -1.03500000e+01 -1.48666202e+01 -1.03500000e+01 -1.48666206e+01 
-1.03000000e+01 -1.41900117e+01 -1.03000000e+01  1.39924395e+01 -1.03000000e+01  1.34116639e+01 -1.03000000e+01 -1.48666202e+01 -1.03000000e+01 -1.48666206e+01 
-1.02500000e+01 -1.41900117e+01 -1.02500000e+01  1.39925098e+01 -1.02500000e+01  1.34116639e+01 -1.02500000e+01 -1.48666202e+01 -1.02500000e+01 -1.48666206e+01 
-1.02000000e+01 -1.41900117e+01 -1.02000000e+01  1.39925738e+01 -1.02000000e+01  1.34116639e+01 -1.02000000e+01 -1.48666202e+01 -1.02000000e+01 -1.48666206e+01 
-1.01500000e+01 -1.41900117e+01 -1.01500000e+01  1.39926450e+01 -1.01500000e+01  1.34116639e+01 -1.01500000e+01 -1.48666202e+01 -1.01500000e+01 -1.48666206e+01 
-1.01000000e+01 -1.41900117e+01 -1.01000000e+01  1.39927118e+01 -1.01000000e+01  1.34116639e+01 -1.01000000e+01 -1.48666202e+01 -1.01000000e+01 -1.48666206e+01 
-1.00500000e+01 -1.41900117e+01 -1.00500000e+01  1.39927835e+01 -1.00500000e+01  1.34116639e+01 -1.00500000e+01 -1.48666202e+01 -1.00500000e+01 -1.48666206e+01 
-1.00000000e+01 -1.41900117e+01 -1.00000000e+01  1.39928505e+01 -1.00000000e+01  1.34116639e+01 -1.00000000e+01 -1.48666202e+01 -1.00000000e+01 -1.48666206e+01 
-9.95000000e+00 -1.41900117e+01 -9.95000000e+00  1.39929251e+01 -9.95000000e+00  1.34116639e+01 -9.95000000e+00 -1.48666202e+01 -9.95000000e+00 -1.48666206e+01 
-9.90000000e+00 -1.41900117e+01 -9.90000000e+00  1.39929886e+01 -9.90000000e+00  1.34116639e+01 -9.90000000e+00 -1.48666202e+01 -9.90000000e+00 -1.48666206e+01 
-9.85000000e+00 -1.41900117e+01 -9.85000000e+00  1.39930502e+01 -9.85000000e+00  1.34116639e+01 -9.85000000e+00 -1.48666202e+01 -9.85000000e+00 -1.48666206e+01 
-9.80000000e+00 -1.41900117e+01 -9.80000000e+00  1.39931184e+01 -9.80000000e+00  1.34116639e+01 -9.80000000e+00 -1.48666202e+01 -9.80000000e+00 -1.48666206e+01 
-9.75000000e+00 -1.41900117e+01 -9.75000000e+00  1.39931855e+01 -9.75000000e+00  1.34116639e+01 -9.75000000e+00 -1.48666202e+01 -9.75000000e+00 -1.48666206e+01 
-9.70000000e+00 -1.41900117e+01 -9.70000000e+00  1.39932696e+01 -9.70000000e+00  1.34116639e+01 -9.70000000e+00 -1.48666202e+01 -9.70000000e+00 -1.48666206e+01 
-9.65000000e+00 -1.41900117e+01 -9.65000000e+00  1.39933321e+01 -9.65000000e+00  1.34116639e+01 -9.65000000e+00 -1.48666202e+01 -9.65000000e+00 -1.48666206e+01 
-9.60000000e+00 -1.41900117e+01 -9.60000000e+00  1.39933968e+01 -9.60000000e+00  1.34116639e+01 -9.60000000e+00 -1.48666202e+01 -9.60000000e+00 -1.48666206e+01 
-9.55000000e+00 -1.41900117e+01 -9.55000000e+00  1.39934721e+01 -9.55000000e+00  1.34116639e+01 -9.55000000e+00 -1.48666202e+01 -9.55000000e+00 -1.48666206e+01 
-9.50000000e+00 -1.41900117e+01 -9.50000000e+00  1.39935367e+01 -9.50000000e+00  1.34116639e+01 -9.50000000e+00 -1.48666202e+01 -9.50000000e+00 -1.48666206e+01 
-9.45000000e+00 -1.41900117e+01 -9.45000000e+00  1.39936033e+01 -9.45000000e+00  1.34116639e+01 -9.45000000e+00 -1.48666202e+01 -9.45000000e+00 -1.48666206e+01 
-9.40000000e+00 -1.41900117e+01 -9.40000000e+00  1.39936817e+01 -9.40000000e+00  1.34116639e+01 -9.40000000e+00 -1.48666202e+01 -9.40000000e+00 -1.48666206e+01 
-9.35000000e+00 -1.41900117e+01 -9.35000000e+00  1.39937614e+01 -9.35000000e+00  1.34116639e+01 -9.35000000e+00 -1.48666202e+01 -9.35000000e+00 -1.48666206e+01 
-9.30000000e+00 -1.41900117e+01 -9.30000000e+00  1.39938294e+01 -9.30000000e+00  1.34116639e+01 -9.30000000e+00 -1.48666202e+01 -9.30000000e+00 -1.48666206e+01 
-9.25000000e+00 -1.41900117e+01 -9.25000000e+00  1.39938875e+01 -9.25000000e+00  1.34116639e+01 -9.25000000e+00 -1.48666202e+01 -9.25000000e+00 -1.48666206e+01 
-9.20000000e+00 -1.41900117e+01 -9.20000000e+00  1.39939522e+01 -9.20000000e+00  1.34116639e+01 -9.20000000e+00 -1.48666202e+01 -9.20000000e+00 -1.48666206e+01 
-9.15000000e+00 -1.41900117e+01 -9.15000000e+00  1.39940293e+01 -9.15000000e+00  1.34116639e+01 -9.15000000e+00 -1.48666202e+01 -9.15000000e+00 -1.48666206e+01 
-9.10000000e+00 -1.41900117e+01 -9.10000000e+00  1.39941012e+01 -9.10000000e+00  1.34116639e+01 -9.10000000e+00 -1.48666202e+01 -9.10000000e+00 -1.48666206e+01 
-9.05000000e+00 -1.41900117e+01 -9.05000000e+00  1.39941874e+01 -9.05000000e+00  1.34116639e+01 -9.05000000e+00 -1.48666202e+01 -9.05000000e+00 -1.48666206e+01 
-9.00000000e+00 -1.41900117e+01 -9.00000000e+00  1.39942426e+01 -9.00000000e+00  1.34116639e+01 -9.00000000e+00 -1.48666202e+01 -9.00000000e+00 -1.48666206e+01 
-8.95000000e+00 -1.41900117e+01 -8.95000000e+00  1.39943110e+01 -8.95000000e+00  1.34116639e+01 -8.95000000e+00 -1.48666202e+01 -8.95000000e+00 -1.48666206e+01 
-8.90000000e+00 -1.41900117e+01 -8.90000000e+00  1.39943967e+01 -8.90000000e+00  1.34116639e+01 -8.90000000e+00 -1.48666202e+01 -8.90000000e+00 -1.48666206e+01 
-8.85000000e+00 -1.41900117e+01 -8.85000000e+00  1.39944732e+01 -8.85000000e+00  1.34116639e+01 -8.85000000e+00 -1.48666202e+01 -8.85000000e+00 -1.48666206e+01 
-8.80000000e+00 -1.41900117e+01 -8.80000000e+00  1.39945349e+01 -8.80000000e+00  1.34116639e+01 -8.80000000e+00 -1.48666202e+01 -8.80000000e+00 -1.48666206e+01 
-8.75000000e+00 -1.41900117e+01 -8.75000000e+00  1.39946109e+01 -8.75000000e+00  1.34116639e+01 -8.75000000e+00 -1.48666202e+01 -8.75000000e+00 -1.48666206e+01 
-8.70000000e+00 -1.41900117e+01 -8.70000000e+00  1.39946773e+01 -8.70000000e+00  1.34116639e+01 -8.70000000e+00 -1.48666202e+01 -8.70000000e+00 -1.48666206e+01 
-8.65000000e+00 -1.41900117e+01 -8.65000000e+00  1.39947502e+01 -8.65000000e+00  1.34116639e+01 -8.65000000e+00 -1.48666202e+01 -8.65000000e+00 -1.48666206e+01 
-8.60000000e+00 -1.41900117e+01 -8.60000000e+00  1.39948163e+01 -8.60000000e+00  1.34116639e+01 -8.60000000e+00 -1.48666202e+01 -8.60000000e+00 -1.48666206e+01 
-8.55000000e+00 -1.41900117e+01 -8.55000000e+00  1.39949028e+01 -8.55000000e+00  1.34116639e+01 -8.55000000e+00 -1.48666202e+01 -8.55000000e+00 -1.48666206e+01 
-8.50000000e+00 -1.41900117e+01 -8.50000000e+00  1.39949744e+01 -8.50000000e+00  1.34116639e+01 -8.50000000e+00 -1.48666202e+01 -8.50000000e+00 -1.48666206e+01 
-8.45000000e+00 -1.41900117e+01 -8.45000000e+00  1.39950521e+01 -8.45000000e+00  1.34116639e+01 -8.45000000e+00 -1.48666202e+01 -8.45000000e+00 -1.48666206e+01 
-8.40000000e+00 -1.41900117e+01 -8.40000000e+00  1.39951148e+01 -8.40000000e+00  1.34116639e+01 -8.40000000e+00 -1.48666202e+01 -8.40000000e+00 -1.48666206e+01 
-8.35000000e+00 -1.41900117e+01 -8.35000000e+00  1.39951875e+01 -8.35000000e+00  1.34116639e+01 -8.35000000e+00 -1.48666202e+01 -8.35000000e+00 -1.48666206e+01 
-8.30000000e+00 -1.41900117e+01 -8.30000000e+00  1.39952868e+01 -8.30000000e+00  1.34116639e+01 -8.30000000e+00 -1.48666202e+01 -8.30000000e+00 -1.48666206e+01 
-8.25000000e+00 -1.41900117e+01 -8.25000000e+00  1.39953427e+01 -8.25000000e+00  1.34116639e+01 -8.25000000e+00 -1.48666202e+01 -8.25000000e+00 -1.48666206e+01 
-8.20000000e+00 -1.41900117e+01 -8.20000000e+00  1.39954158e+01 -8.20000000e+00  1.34116639e+01 -8.20000000e+00 -1.48666202e+01 -8.20000000e+00 -1.48666206e+01 
-8.15000000e+00 -1.41900117e+01 -8.15000000e+00  1.39955037e+01 -8.15000000e+00  1.34116639e+01 -8.15000000e+00 -1.48666202e+01 -8.15000000e+00 -1.48666206e+01 
-8.10000000e+00 -1.41900117e+01 -8.10000000e+00  1.39955613e+01 -8.10000000e+00  1.34116639e+01 -8.10000000e+00 -1.48666202e+01 -8.10000000e+00 -1.48666206e+01 
-8.05000000e+00 -1.41900117e+01 -8.05000000e+00  1.39956453e+01 -8.05000000e+00  1.34116639e+01 -8.05000000e+00 -1.48666202e+01 -8.05000000e+00 -1.48666206e+01 
-8.00000000e+00 -1.41900117e+01 -8.00000000e+00  1.39957260e+01 -8.00000000e+00  1.34116639e+01 -8.00000000e+00 -1.48666202e+01 -8.00000000e+00 -1.48666206e+01 
-7.95000000e+00 -1.41900117e+01 -7.95000000e+00  1.39957980e+01 -7.95000000e+00  1.34116639e+01 -7.95000000e+00 -1.48666202e+01 -7.95000000e+00 -1.48666206e+01 
-7.90000000e+00 -1.41900117e+01 -7.90000000e+00  1.39958759e+01 -7.90000000e+00  1.34116639e+01 -7.90000000e+00 -1.48666202e+01 -7.90000000e+00 -1.48666206e+01 
-7.85000000e+00 -1.41900117e+01 -7.85000000e+00  1.39959564e+01 -7.85000000e+00  1.34116639e+01 -7.85000000e+00 -1.48666202e+01 -7.85000000e+00 -1.48666206e+01 
-7.80000000e+00 -1.41900117e+01 -7.80000000e+00  1.39960271e+01 -7.80000000e+00  1.34116639e+01 -7.80000000e+00 -1.48666202e+01 -7.80000000e+00 -1.48666206e+01 
-7.75000000e+00 -1.41900117e+01 -7.75000000e+00  1.39961071e+01 -7.75000000e+00  1.34116639e+01 -7.75000000e+00 -1.48666202e+01 -7.75000000e+00 -1.48666206e+01 
-7.70000000e+00 -1.41900117e+01 -7.70000000e+00  1.39961958e+01 -7.70000000e+00  1.34116639e+01 -7.70000000e+00 -1.48666202e+01 -7.70000000e+00 -1.48666206e+01 
-7.65000000e+00 -1.41900117e+01 -7.65000000e+00  1.39962646e+01 -7.65000000e+00  1.34116639e+01 -7.65000000e+00 -1.48666202e+01 -7.65000000e+00 -1.48666206e+01 
-7.60000000e+00 -1.41900117e+01 -7.60000000e+00  1.39963265e+01 -7.60000000e+00  1.34116639e+01 -7.60000000e+00 -1.48666202e+01 -7.60000000e+00 -1.48666206e+01 
-7.55000000e+00 -1.41900117e+01 -7.55000000e+00  1.39964109e+01 -7.55000000e+00  1.34116639e+01 -7.55000000e+00 -1.48666202e+01 -7.55000000e+00 -1.48666206e+01 
-7.50000000e+00 -1.41900117e+01 -7.50000000e+00  1.39964920e+01 -7.50000000e+00  1.34116639e+01 -7.50000000e+00 -1.48666202e+01 -7.50000000e+00 -1.48666206e+01 
-7.45000000e+00 -1.41900117e+01 -7.45000000e+00  1.39965773e+01 -7.45000000e+00  1.34116639e+01 -7.45000000e+00 -1.48666202e+01 -7.45000000e+00 -1.48666206e+01 
-7.40000000e+00 -1.41900117e+01 -7.40000000e+00  1.39966582e+01 -7.40000000e+00  1.34116639e+01 -7.40000000e+00 -1.48666202e+01 -7.40000000e+00 -1.48666206e+01 
-7.35000000e+00 -1.41900117e+01 -7.35000000e+00  1.39967379e+01 -7.35000000e+00  1.34116639e+01 -7.35000000e+00 -1.48666202e+01 -7.35000000e+00 -1.48666206e+01 
-7.30000000e+00 -1.41900117e+01 -7.30000000e+00  1.39968055e+01 -7.30000000e+00  1.34116639e+01 -7.30000000e+00 -1.48666202e+01 -7.30000000e+00 -1.48666206e+01 
-7.25000000e+00 -1.41900117e+01 -7.25000000e+00  1.39968742e+01 -7.25000000e+00  1.34116639e+01 -7.25000000e+00 -1.48666202e+01 -7.25000000e+00 -1.48666206e+01 
-7.20000000e+00 -1.41900117e+01 -7.20000000e+00  1.39969696e+01 -7.20000000e+00  1.34116639e+01 -7.20000000e+00 -1.48666202e+01 -7.20000000e+00 -1.48666206e+01 
-7.15000000e+00 -1.41900117e+01 -7.15000000e+00  1.39970435e+01 -7.15000000e+00  1.34116639e+01 -7.15000000e+00 -1.48666202e+01 -7.15000000e+00 -1.48666206e+01 
-7.10000000e+00 -1.41900117e+01 -7.10000000e+00  1.39971264e+01 -7.10000000e+00  1.34116639e+01 -7.10000000e+00 -1.48666202e+01 -7.10000000e+00 -1.48666206e+01 
-7.05000000e+00 -1.41900117e+01 -7.05000000e+00  1.39972019e+01 -7.05000000e+00  1.34116639e+01 -7.05000000e+00 -1.48666202e+01 -7.05000000e+00 -1.48666206e+01 
-7.00000000e+00 -1.41900117e+01 -7.00000000e+00  1.39972782e+01 -7.00000000e+00  1.34116639e+01 -7.00000000e+00 -1.48666202e+01 -7.00000000e+00 -1.48666206e+01 
-6.95000000e+00 -1.41900117e+01 -6.95000000e+00  1.39973606e+01 -6.95000000e+00  1.34116639e+01 -6.95000000e+00 -1.48666202e+01 -6.95000000e+00 -1.48666206e+01 
-6.90000000e+00 -1.41900117e+01 -6.90000000e+00  1.39974643e+01 -6.90000000e+00  1.34116639e+01 -6.90000000e+00 -1.48666202e+01 -6.90000000e+00 -1.48666206e+01 
-6.85000000e+00 -1.41900117e+01 -6.85000000e+00  1.39975354e+01 -6.85000000e+00  1.34116639e+01 -6.85000000e+00 -1.48666202e+01 -6.85000000e+00 -1.48666206e+01 
-6.80000000e+00 -1.41900117e+01 -6.80000000e+00  1.39976075e+01 -6.80000000e+00  1.34116639e+01 -6.80000000e+00 -1.48666202e+01 -6.80000000e+00 -1.48666206e+01 
-6.75000000e+00 -1.41900117e+01 -6.75000000e+00  1.39976908e+01 -6.75000000e+00  1.34116639e+01 -6.75000000e+00 -1.48666202e+01 -6.75000000e+00 -1.48666206e+01 
-6.70000000e+00 -1.41900117e+01 -6.70000000e+00  1.39977717e+01 -6.70000000e+00  1.34116639e+01 -6.70000000e+00 -1.48666202e+01 -6.70000000e+00 -1.48666206e+01 
-6.65000000e+00 -1.41900117e+01 -6.65000000e+00  1.39978614e+01 -6.65000000e+00  1.34116639e+01 -6.65000000e+00 -1.48666202e+01 -6.65000000e+00 -1.48666206e+01 
-6.60000000e+00 -1.41900117e+01 -6.60000000e+00  1.39979525e+01 -6.60000000e+00  1.34116639e+01 -6.60000000e+00 -1.48666202e+01 -6.60000000e+00 -1.48666206e+01 
-6.55000000e+00 -1.41900117e+01 -6.55000000e+00  1.39980238e+01 -6.55000000e+00  1.34116639e+01 -6.55000000e+00 -1.48666202e+01 -6.55000000e+00 -1.48666206e+01 
-6.50000000e+00 -1.41900117e+01 -6.50000000e+00  1.39981123e+01 -6.50000000e+00  1.34116639e+01 -6.50000000e+00 -1.48666202e+01 -6.50000000e+00 -1.48666206e+01 
-6.45000000e+00 -1.41900117e+01 -6.45000000e+00  1.39981911e+01 -6.45000000e+00  1.34116639e+01 -6.45000000e+00 -1.48666202e+01 -6.45000000e+00 -1.48666206e+01 
-6.40000000e+00 -1.41900117e+01 -6.40000000e+00  1.39982603e+01 -6.40000000e+00  1.34116639e+01 -6.40000000e+00 -1.48666202e+01 -6.40000000e+00 -1.48666206e+01 
-6.35000000e+00 -1.41900117e+01 -6.35000000e+00  1.39983432e+01 -6.35000000e+00  1.34116639e+01 -6.35000000e+00 -1.48666202e+01 -6.35000000e+00 -1.48666206e+01 
-6.30000000e+00 -1.41900117e+01 -6.30000000e+00  1.39984393e+01 -6.30000000e+00  1.34116639e+01 -6.30000000e+00 -1.48666202e+01 -6.30000000e+00 -1.48666206e+01 
-6.25000000e+00 -1.41900117e+01 -6.25000000e+00  1.39985293e+01 -6.25000000e+00  1.34116639e+01 -6.25000000e+00 -1.48666202e+01 -6.25000000e+00 -1.48666206e+01 
-6.20000000e+00 -1.41900117e+01 -6.20000000e+00  1.39986049e+01 -6.20000000e+00  1.34116639e+01 -6.20000000e+00 -1.48666202e+01 -6.20000000e+00 -1.48666206e+01 
-6.15000000e+00 -1.41900117e+01 -6.15000000e+00  1.39986943e+01 -6.15000000e+00  1.34116639e+01 -6.15000000e+00 -1.48666202e+01 -6.15000000e+00 -1.48666206e+01 
-6.10000000e+00 -1.41900117e+01 -6.10000000e+00  1.39987707e+01 -6.10000000e+00  1.34116639e+01 -6.10000000e+00 -1.48666202e+01 -6.10000000e+00 -1.48666206e+01 
-6.05000000e+00 -1.41900117e+01 -6.05000000e+00  1.39988567e+01 -6.05000000e+00  1.34116639e+01 -6.05000000e+00 -1.48666202e+01 -6.05000000e+00 -1.48666206e+01 
-6.00000000e+00 -1.41900117e+01 -6.00000000e+00  1.39989541e+01 -6.00000000e+00  1.34116639e+01 -6.00000000e+00 -1.48666202e+01 -6.00000000e+00 -1.48666206e+01 
-5.95000000e+00 -1.41900117e+01 -5.95000000e+00  1.39990265e+01 -5.95000000e+00  1.34116639e+01 -5.95000000e+00 -1.48666202e+01 -5.95000000e+00 -1.48666206e+01 
-5.90000000e+00 -1.41900117e+01 -5.90000000e+00  1.39991223e+01 -5.90000000e+00  1.34116639e+01 -5.90000000e+00 -1.48666202e+01 -5.90000000e+00 -1.48666206e+01 
-5.85000000e+00 -1.41900117e+01 -5.85000000e+00  1.39992046e+01 -5.85000000e+00  1.34116639e+01 -5.85000000e+00 -1.48666202e+01 -5.85000000e+00 -1.48666206e+01 
-5.80000000e+00 -1.41900117e+01 -5.80000000e+00  1.39992862e+01 -5.80000000e+00  1.34116639e+01 -5.80000000e+00 -1.48666202e+01 -5.80000000e+00 -1.48666206e+01 
-5.75000000e+00 -1.41900117e+01 -5.75000000e+00  1.39993877e+01 -5.75000000e+00  1.34116639e+01 -5.75000000e+00 -1.48666202e+01 -5.75000000e+00 -1.48666206e+01 
-5.70000000e+00 -1.41900117e+01 -5.70000000e+00  1.39994639e+01 -5.70000000e+00  1.34116639e+01 -5.70000000e+00 -1.48666202e+01 -5.70000000e+00 -1.48666206e+01 
-5.65000000e+00 -1.41900117e+01 -5.65000000e+00  1.39995525e+01 -5.65000000e+00  1.34116639e+01 -5.65000000e+00 -1.48666202e+01 -5.65000000e+00 -1.48666206e+01 
-5.60000000e+00 -1.41900117e+01 -5.60000000e+00  1.39996368e+01 -5.60000000e+00  1.34116639e+01 -5.60000000e+00 -1.48666202e+01 -5.60000000e+00 -1.48666206e+01 
-5.55000000e+00 -1.41900117e+01 -5.55000000e+00  1.39997317e+01 -5.55000000e+00  1.34116639e+01 -5.55000000e+00 -1.48666202e+01 -5.55000000e+00 -1.48666206e+01 
-5.50000000e+00 -1.41900117e+01 -5.50000000e+00  1.39998200e+01 -5.50000000e+00  1.34116639e+01 -5.50000000e+00 -1.48666202e+01 -5.50000000e+00 -1.48666206e+01 
-5.45000000e+00 -1.41900117e+01 -5.45000000e+00  1.39999065e+01 -5.45000000e+00  1.34116639e+01 -5.45000000e+00 -1.48666202e+01 -5.45000000e+00 -1.48666206e+01 
-5.40000000e+00 -1.41900117e+01 -5.40000000e+00  1.40000029e+01 -5.40000000e+00  1.34116639e+01 -5.40000000e+00 -1.48666202e+01 -5.40000000e+00 -1.48666206e+01 
-5.35000000e+00 -1.41900117e+01 -5.35000000e+00  1.37764303e+01 -5.35000000e+00  1.34116402e+01 -5.35000000e+00 -1.48666202e+01 -5.35000000e+00 -1.48666206e+01 
-5.30000000e+00 -1.41900117e+01 -5.30000000e+00  1.36545150e+01 -5.30000000e+00  1.34096672e+01 -5.30000000e+00 -1.48666201e+01 -5.30000000e+00 -1.48666206e+01 
-5.25000000e+00 -1.41900117e+01 -5.25000000e+00  1.36131858e+01 -5.25000000e+00  1.34051657e+01 -5.25000000e+00 -1.48666201e+01 -5.25000000e+00 -1.48666206e+01 
-5.20000000e+00 -1.41900117e+01 -5.20000000e+00  1.35838779e+01 -5.20000000e+00  1.33987446e+01 -5.20000000e+00 -1.48666201e+01 -5.20000000e+00 -1.48666206e+01 
-5.15000000e+00 -1.41900117e+01 -5.15000000e+00  1.35626577e+01 -5.15000000e+00  1.33907706e+01 -5.15000000e+00 -1.48666201e+01 -5.15000000e+00 -1.48666206e+01 
-5.10000000e+00 -1.41900117e+01 -5.10000000e+00  1.35406165e+01 -5.10000000e+00  1.33815000e+01 -5.10000000e+00 -1.48666200e+01 -5.10000000e+00 -1.48666206e+01 
-5.05000000e+00 -1.41900116e+01 -5.05000000e+00  1.35155397e+01 -5.05000000e+00  1.33711085e+01 -5.05000000e+00 -1.48666199e+01 -5.05000000e+00 -1.48666205e+01 
-5.00000000e+00 -1.41900116e+01 -5.00000000e+00  1.34901416e+01 -5.00000000e+00  1.33597327e+01 -5.00000000e+00 -1.48666198e+01 -5.00000000e+00 -1.48666205e+01 
-4.95000000e+00 -1.41900116e+01 -4.95000000e+00  1.34642921e+01 -4.95000000e+00  1.33474718e+01 -4.95000000e+00 -1.48666197e+01 -4.95000000e+00 -1.48666205e+01 
-4.90000000e+00 -1.41900116e+01 -4.90000000e+00  1.34378868e+01 -4.90000000e+00  1.33344019e+01 -4.90000000e+00 -1.48666194e+01 -4.90000000e+00 -1.48666204e+01 
-4.85000000e+00 -1.41900115e+01 -4.85000000e+00  1.34108913e+01 -4.85000000e+00  1.33205816e+01 -4.85000000e+00 -1.48666190e+01 -4.85000000e+00 -1.48666204e+01 
-4.80000000e+00 -1.41900115e+01 -4.80000000e+00  1.33832941e+01 -4.80000000e+00  1.33060569e+01 -4.80000000e+00 -1.48666183e+01 -4.80000000e+00 -1.48666203e+01 
-4.75000000e+00 -1.41900114e+01 -4.75000000e+00  1.33550935e+01 -4.75000000e+00  1.32908632e+01 -4.75000000e+00 -1.48666171e+01 -4.75000000e+00 -1.48666203e+01 
-4.70000000e+00 -1.41900113e+01 -4.70000000e+00  1.33262924e+01 -4.70000000e+00  1.32750279e+01 -4.70000000e+00 -1.48666147e+01 -4.70000000e+00 -1.48666202e+01 
-4.65000000e+00 -1.41900112e+01 -4.65000000e+00  1.32968959e+01 -4.65000000e+00  1.32585720e+01 -4.65000000e+00 -1.48666096e+01 -4.65000000e+00 -1.48666200e+01 
-4.60000000e+00 -1.41900108e+01 -4.60000000e+00  1.32669089e+01 -4.60000000e+00  1.32415107e+01 -4.60000000e+00 -1.48665970e+01 -4.60000000e+00 -1.48666197e+01 
-4.55000000e+00 -1.41900098e+01 -4.55000000e+00  1.32363353e+01 -4.55000000e+00  1.32238548e+01 -4.55000000e+00 -1.48665533e+01 -4.55000000e+00 -1.48666187e+01 
-4.50000000e+00 -1.41805834e+01 -4.50000000e+00  1.32141781e+01 -4.50000000e+00  1.32138560e+01 -4.50000000e+00 -1.44551960e+01 -4.50000000e+00 -1.48570336e+01 
-4.45000000e+00 -1.40281702e+01 -4.45000000e+00  1.31937497e+01 -4.45000000e+00  1.31938584e+01 -4.45000000e+00 -1.34127995e+01 -4.45000000e+00 -1.48287750e+01 
-4.40000000e+00 -1.38761399e+01 -4.40000000e+00  1.31770949e+01 -4.40000000e+00  1.31776788e+01 -4.40000000e+00 -1.31293432e+01 -4.40000000e+00 -1.47951503e+01 
-4.35000000e+00 -1.37315066e+01 -4.35000000e+00  1.32051487e+01 -4.35000000e+00  1.32069059e+01 -4.35000000e+00 -1.29231331e+01 -4.35000000e+00 -1.47085810e+01 
-4.30000000e+00 -1.35879390e+01 -4.30000000e+00  1.32392078e+01 -4.30000000e+00  1.32423537e+01 -4.30000000e+00 -1.27399968e+01 -4.30000000e+00 -1.46013161e+01 
-4.25000000e+00 -1.34445456e+01 -4.25000000e+00  1.32652386e+01 -4.25000000e+00  1.32698987e+01 -4.25000000e+00 -1.25649326e+01 -4.25000000e+00 -1.44866896e+01 
-4.20000000e+00 -1.33016256e+01 -4.20000000e+00  1.32740814e+01 -4.20000000e+00  1.32803613e+01 -4.20000000e+00 -1.23937807e+01 -4.20000000e+00 -1.43692695e+01 
-4.15000000e+00 -1.31534777e+01 -4.15000000e+00  1.32514573e+01 -4.15000000e+00  1.32587868e+01 -4.15000000e+00 -1.22296207e+01 -4.15000000e+00 -1.42345452e+01 
-4.10000000e+00 -1.29973606e+01 -4.10000000e+00  1.32050802e+01 -4.10000000e+00  1.32125735e+01 -4.10000000e+00 -1.20701170e+01 -4.10000000e+00 -1.40792793e+01 
-4.05000000e+00 -1.28401996e+01 -4.05000000e+00  1.31561537e+01 -4.05000000e+00  1.31636951e+01 -4.05000000e+00 -1.19110823e+01 -4.05000000e+00 -1.39214739e+01 
-4.00000000e+00 -1.26829676e+01 -4.00000000e+00  1.31068613e+01 -4.00000000e+00  1.31144423e+01 -4.00000000e+00 -1.17521539e+01 -4.00000000e+00 -1.37634361e+01 
-3.95000000e+00 -1.25257418e+01 -3.95000000e+00  1.30576610e+01 -3.95000000e+00  1.30652826e+01 -3.95000000e+00 -1.15932090e+01 -3.95000000e+00 -1.36054414e+01 
-3.90000000e+00 -1.23684887e+01 -3.90000000e+00  1.30084087e+01 -3.90000000e+00  1.30160680e+01 -3.90000000e+00 -1.14342734e+01 -3.90000000e+00 -1.34473959e+01 
-3.85000000e+00 -1.22112167e+01 -3.85000000e+00  1.29591074e+01 -3.85000000e+00  1.29668022e+01 -3.85000000e+00 -1.12753545e+01 -3.85000000e+00 -1.32893094e+01 
-3.80000000e+00 -1.20539232e+01 -3.80000000e+00  1.29097544e+01 -3.80000000e+00  1.29174823e+01 -3.80000000e+00 -1.11164510e+01 -3.80000000e+00 -1.31311770e+01 
-3.75000000e+00 -1.18966070e+01 -3.75000000e+00  1.28603476e+01 -3.75000000e+00  1.28681061e+01 -3.75000000e+00 -1.09575637e+01 -3.75000000e+00 -1.29729951e+01 
-3.70000000e+00 -1.17392665e+01 -3.70000000e+00  1.28108838e+01 -3.70000000e+00  1.28186702e+01 -3.70000000e+00 -1.07986934e+01 -3.70000000e+00 -1.28147594e+01 
-3.65000000e+00 -1.15818997e+01 -3.65000000e+00  1.27613584e+01 -3.65000000e+00  1.27691699e+01 -3.65000000e+00 -1.06398413e+01 -3.65000000e+00 -1.26564638e+01 
-3.60000000e+00 -1.14245034e+01 -3.60000000e+00  1.27117647e+01 -3.60000000e+00  1.27195979e+01 -3.60000000e+00 -1.04810092e+01 -3.60000000e+00 -1.24981002e+01 
-3.55000000e+00 -1.12670728e+01 -3.55000000e+00  1.26620914e+01 -3.55000000e+00  1.26699425e+01 -3.55000000e+00 -1.03221998e+01 -3.55000000e+00 -1.23396557e+01 
-3.50000000e+00 -1.11096005e+01 -3.50000000e+00  1.26123205e+01 -3.50000000e+00  1.26201849e+01 -3.50000000e+00 -1.01634174e+01 -3.50000000e+00 -1.21811110e+01 
-3.45000000e+00 -1.09520824e+01 -3.45000000e+00  1.25624395e+01 -3.45000000e+00  1.25703120e+01 -3.45000000e+00 -1.00046648e+01 -3.45000000e+00 -1.20224546e+01 
-3.40000000e+00 -1.07945611e+01 -3.40000000e+00  1.25125498e+01 -3.40000000e+00  1.25204302e+01 -3.40000000e+00 -9.84592061e+00 -3.40000000e+00 -1.18637927e+01 
-3.35000000e+00 -1.06370398e+01 -3.35000000e+00  1.24626644e+01 -3.35000000e+00  1.24705526e+01 -3.35000000e+00 -9.68717909e+00 -3.35000000e+00 -1.17051370e+01 
-3.30000000e+00 -1.04795174e+01 -3.30000000e+00  1.24127789e+01 -3.30000000e+00  1.24206748e+01 -3.30000000e+00 -9.52844192e+00 -3.30000000e+00 -1.15464835e+01 
-3.25000000e+00 -1.03219944e+01 -3.25000000e+00  1.23628934e+01 -3.25000000e+00  1.23707969e+01 -3.25000000e+00 -9.36970929e+00 -3.25000000e+00 -1.13878324e+01 
-3.20000000e+00 -1.01644707e+01 -3.20000000e+00  1.23130078e+01 -3.20000000e+00  1.23209189e+01 -3.20000000e+00 -9.21098098e+00 -3.20000000e+00 -1.12291835e+01 
-3.15000000e+00 -1.00069463e+01 -3.15000000e+00  1.22631221e+01 -3.15000000e+00  1.22710407e+01 -3.15000000e+00 -9.05225686e+00 -3.15000000e+00 -1.10705370e+01 
-3.10000000e+00 -9.84942123e+00 -3.10000000e+00  1.22132365e+01 -3.10000000e+00  1.22211625e+01 -3.10000000e+00 -8.89353678e+00 -3.10000000e+00 -1.09118926e+01 
-3.05000000e+00 -9.69189558e+00 -3.05000000e+00  1.21633508e+01 -3.05000000e+00  1.21712842e+01 -3.05000000e+00 -8.73482061e+00 -3.05000000e+00 -1.07532504e+01 
-3.00000000e+00 -9.53436935e+00 -3.00000000e+00  1.21134650e+01 -3.00000000e+00  1.21214058e+01 -3.00000000e+00 -8.57610824e+00 -3.00000000e+00 -1.05946102e+01 
-2.95000000e+00 -9.37684257e+00 -2.95000000e+00  1.20635793e+01 -2.95000000e+00  1.20715273e+01 -2.95000000e+00 -8.41739955e+00 -2.95000000e+00 -1.04359721e+01 
-2.90000000e+00 -9.21931526e+00 -2.90000000e+00  1.20136935e+01 -2.90000000e+00  1.20216487e+01 -2.90000000e+00 -8.25869441e+00 -2.90000000e+00 -1.02773360e+01 
-2.85000000e+00 -9.06178746e+00 -2.85000000e+00  1.19638077e+01 -2.85000000e+00  1.19717700e+01 -2.85000000e+00 -8.09999273e+00 -2.85000000e+00 -1.01187018e+01 
-2.80000000e+00 -8.90425918e+00 -2.80000000e+00  1.19139218e+01 -2.80000000e+00  1.19218913e+01 -2.80000000e+00 -7.94129439e+00 -2.80000000e+00 -9.96006945e+00 
-2.75000000e+00 -8.74673044e+00 -2.75000000e+00  1.18640360e+01 -2.75000000e+00  1.18720125e+01 -2.75000000e+00 -7.78259931e+00 -2.75000000e+00 -9.80143897e+00 
-2.70000000e+00 -8.58920128e+00 -2.70000000e+00  1.18141501e+01 -2.70000000e+00  1.18221336e+01 -2.70000000e+00 -7.62390738e+00 -2.70000000e+00 -9.64281029e+00 
-2.65000000e+00 -8.43167170e+00 -2.65000000e+00  1.17642643e+01 -2.65000000e+00  1.17722547e+01 -2.65000000e+00 -7.46521852e+00 -2.65000000e+00 -9.48418337e+00 
-2.60000000e+00 -8.27414173e+00 -2.60000000e+00  1.17143784e+01 -2.60000000e+00  1.17223758e+01 -2.60000000e+00 -7.30653262e+00 -2.60000000e+00 -9.32555816e+00 
-2.55000000e+00 -8.11661139e+00 -2.55000000e+00  1.16644925e+01 -2.55000000e+00  1.16724967e+01 -2.55000000e+00 -7.14784962e+00 -2.55000000e+00 -9.16693463e+00 
-2.50000000e+00 -7.95908069e+00 -2.50000000e+00  1.16146066e+01 -2.50000000e+00  1.16226177e+01 -2.50000000e+00 -6.98916943e+00 -2.50000000e+00 -9.00831273e+00 
-2.45000000e+00 -7.80154965e+00 -2.45000000e+00  1.15647207e+01 -2.45000000e+00  1.15727386e+01 -2.45000000e+00 -6.83049196e+00 -2.45000000e+00 -8.84969243e+00 
-2.40000000e+00 -7.64401829e+00 -2.40000000e+00  1.15148348e+01 -2.40000000e+00  1.15228595e+01 -2.40000000e+00 -6.67181716e+00 -2.40000000e+00 -8.69107369e+00 
-2.35000000e+00 -7.48648662e+00 -2.35000000e+00  1.14649488e+01 -2.35000000e+00  1.14729803e+01 -2.35000000e+00 -6.51314493e+00 -2.35000000e+00 -8.53245647e+00 
-2.30000000e+00 -7.32895465e+00 -2.30000000e+00  1.14150629e+01 -2.30000000e+00  1.14231011e+01 -2.30000000e+00 -6.35447521e+00 -2.30000000e+00 -8.37384075e+00 
-2.25000000e+00 -7.17142241e+00 -2.25000000e+00  1.13651770e+01 -2.25000000e+00  1.13732219e+01 -2.25000000e+00 -6.19580794e+00 -2.25000000e+00 -8.21522648e+00 
-2.20000000e+00 -7.01388990e+00 -2.20000000e+00  1.13152911e+01 -2.20000000e+00  1.13233426e+01 -2.20000000e+00 -6.03714305e+00 -2.20000000e+00 -8.05661363e+00 
-2.15000000e+00 -6.85635714e+00 -2.15000000e+00  1.12654052e+01 -2.15000000e+00  1.12734633e+01 -2.15000000e+00 -5.87848047e+00 -2.15000000e+00 -7.89800217e+00 
-2.10000000e+00 -6.69882414e+00 -2.10000000e+00  1.12155193e+01 -2.10000000e+00  1.12235840e+01 -2.10000000e+00 -5.71982015e+00 -2.10000000e+00 -7.73939208e+00 
-2.05000000e+00 -6.54129091e+00 -2.05000000e+00  1.11656334e+01 -2.05000000e+00  1.11737047e+01 -2.05000000e+00 -5.56116203e+00 -2.05000000e+00 -7.58078331e+00 
-2.00000000e+00 -6.38375746e+00 -2.00000000e+00  1.11157475e+01 -2.00000000e+00  1.11238254e+01 -2.00000000e+00 -5.40250604e+00 -2.00000000e+00 -7.42217584e+00 
-1.95000000e+00 -6.22622380e+00 -1.95000000e+00  1.10658617e+01 -1.95000000e+00  1.10739461e+01 -1.95000000e+00 -5.24385214e+00 -1.95000000e+00 -7.26356964e+00 
-1.90000000e+00 -6.06868995e+00 -1.90000000e+00  1.10159758e+01 -1.90000000e+00  1.10240667e+01 -1.90000000e+00 -5.08520027e+00 -1.90000000e+00 -7.10496469e+00 
-1.85000000e+00 -5.91115591e+00 -1.85000000e+00  1.09660899e+01 -1.85000000e+00  1.09741873e+01 -1.85000000e+00 -4.92655038e+00 -1.85000000e+00 -6.94636094e+00 
-1.80000000e+00 -5.75362170e+00 -1.80000000e+00  1.09162041e+01 -1.80000000e+00  1.09243080e+01 -1.80000000e+00 -4.76790243e+00 -1.80000000e+00 -6.78775839e+00 
-1.75000000e+00 -5.59608731e+00 -1.75000000e+00  1.08663183e+01 -1.75000000e+00  1.08744286e+01 -1.75000000e+00 -4.60925635e+00 -1.75000000e+00 -6.62915699e+00 
-1.70000000e+00 -5.43855278e+00 -1.70000000e+00  1.08164324e+01 -1.70000000e+00  1.08245492e+01 -1.70000000e+00 -4.45061211e+00 -1.70000000e+00 -6.47055674e+00 
-1.65000000e+00 -5.28101809e+00 -1.65000000e+00  1.07665466e+01 -1.65000000e+00  1.07746698e+01 -1.65000000e+00 -4.29196966e+00 -1.65000000e+00 -6.31195759e+00 
-1.60000000e+00 -5.12348326e+00 -1.60000000e+00  1.07166608e+01 -1.60000000e+00  1.07247905e+01 -1.60000000e+00 -4.13332896e+00 -1.60000000e+00 -6.15335952e+00 
-1.55000000e+00 -4.96594830e+00 -1.55000000e+00  1.06667751e+01 -1.55000000e+00  1.06749111e+01 -1.55000000e+00 -3.97468996e+00 -1.55000000e+00 -5.99476252e+00 
-1.50000000e+00 -4.80841321e+00 -1.50000000e+00  1.06168893e+01 -1.50000000e+00  1.06250317e+01 -1.50000000e+00 -3.81605262e+00 -1.50000000e+00 -5.83616656e+00 
-1.45000000e+00 -4.65087800e+00 -1.45000000e+00  1.05670036e+01 -1.45000000e+00  1.05751523e+01 -1.45000000e+00 -3.65741690e+00 -1.45000000e+00 -5.67757161e+00 
-1.40000000e+00 -4.49334269e+00 -1.40000000e+00  1.05171179e+01 -1.40000000e+00  1.05252730e+01 -1.40000000e+00 -3.49878277e+00 -1.40000000e+00 -5.51897766e+00 
-1.35000000e+00 -4.33580727e+00 -1.35000000e+00  1.04672322e+01 -1.35000000e+00  1.04753936e+01 -1.35000000e+00 -3.34015018e+00 -1.35000000e+00 -5.36038467e+00 
-1.30000000e+00 -4.17827176e+00 -1.30000000e+00  1.04173465e+01 -1.30000000e+00  1.04255143e+01 -1.30000000e+00 -3.18151910e+00 -1.30000000e+00 -5.20179264e+00 
-1.25000000e+00 -4.02073616e+00 -1.25000000e+00  1.03674608e+01 -1.25000000e+00  1.03756349e+01 -1.25000000e+00 -3.02288949e+00 -1.25000000e+00 -5.04320153e+00 
-1.20000000e+00 -3.86320047e+00 -1.20000000e+00  1.03175752e+01 -1.20000000e+00  1.03257556e+01 -1.20000000e+00 -2.86426131e+00 -1.20000000e+00 -4.88461133e+00 
-1.15000000e+00 -3.70566471e+00 -1.15000000e+00  1.02676896e+01 -1.15000000e+00  1.02758763e+01 -1.15000000e+00 -2.70563454e+00 -1.15000000e+00 -4.72602202e+00 
-1.10000000e+00 -3.54812888e+00 -1.10000000e+00  1.02178040e+01 -1.10000000e+00  1.02259970e+01 -1.10000000e+00 -2.54700914e+00 -1.10000000e+00 -4.56743358e+00 
-1.05000000e+00 -3.39059299e+00 -1.05000000e+00  1.01679185e+01 -1.05000000e+00  1.01761178e+01 -1.05000000e+00 -2.38838508e+00 -1.05000000e+00 -4.40884599e+00 
-1.00000000e+00 -3.23305703e+00 -1.00000000e+00  1.01180329e+01 -1.00000000e+00  1.01262385e+01 -1.00000000e+00 -2.22976232e+00 -1.00000000e+00 -4.25025922e+00 
-9.50000000e-01 -3.07552103e+00 -9.50000000e-01  1.00681474e+01 -9.50000000e-01  1.00763593e+01 -9.50000000e-01 -2.07114084e+00 -9.50000000e-01 -4.09167327e+00 
-9.00000000e-01 -2.91798497e+00 -9.00000000e-01  1.00182619e+01 -9.00000000e-01  1.00264800e+01 -9.00000000e-01 -1.91252060e+00 -9.00000000e-01 -3.93308811e+00 
-8.50000000e-01 -2.76044888e+00 -8.50000000e-01  9.96837645e+00 -8.50000000e-01  9.97660084e+00 -8.50000000e-01 -1.75390158e+00 -8.50000000e-01 -3.77450372e+00 
-8.00000000e-01 -2.60291274e+00 -8.00000000e-01  9.91849102e+00 -8.00000000e-01  9.92672167e+00 -8.00000000e-01 -1.59528375e+00 -8.00000000e-01 -3.61592010e+00 
-7.50000000e-01 -2.44537658e+00 -7.50000000e-01  9.86860561e+00 -7.50000000e-01  9.87684251e+00 -7.50000000e-01 -1.43666707e+00 -7.50000000e-01 -3.45733721e+00 
-7.00000000e-01 -2.28784039e+00 -7.00000000e-01  9.81872023e+00 -7.00000000e-01  9.82696339e+00 -7.00000000e-01 -1.27805153e+00 -7.00000000e-01 -3.29875504e+00 
-6.50000000e-01 -2.13030417e+00 -6.50000000e-01  9.76883488e+00 -6.50000000e-01  9.77708428e+00 -6.50000000e-01 -1.11943710e+00 -6.50000000e-01 -3.14017358e+00 
-6.00000000e-01 -1.97276794e+00 -6.00000000e-01  9.71894956e+00 -6.00000000e-01  9.72720521e+00 -6.00000000e-01 -9.60823742e-01 -6.00000000e-01 -2.98159282e+00 
-5.50000000e-01 -1.81523170e+00 -5.50000000e-01  9.66906427e+00 -5.50000000e-01  9.67732616e+00 -5.50000000e-01 -8.02211443e-01 -5.50000000e-01 -2.82301272e+00 
-5.00000000e-01 -1.65769545e+00 -5.00000000e-01  9.61917901e+00 -5.00000000e-01  9.62744714e+00 -5.00000000e-01 -6.43600174e-01 -5.00000000e-01 -2.66443329e+00 
-4.50000000e-01 -1.50015919e+00 -4.50000000e-01  9.56929377e+00 -4.50000000e-01  9.57756814e+00 -4.50000000e-01 -4.84989911e-01 -4.50000000e-01 -2.50585449e+00 
-4.00000000e-01 -1.34262294e+00 -4.00000000e-01  9.51940857e+00 -4.00000000e-01  9.52768918e+00 -4.00000000e-01 -3.26380630e-01 -4.00000000e-01 -2.34727632e+00 
-3.50000000e-01 -1.18508669e+00 -3.50000000e-01  9.46952340e+00 -3.50000000e-01  9.47781025e+00 -3.50000000e-01 -1.67772309e-01 -3.50000000e-01 -2.18869877e+00 
-3.00000000e-01 -1.02755045e+00 -3.00000000e-01  9.41963827e+00 -3.00000000e-01  9.42793135e+00 -3.00000000e-01 -9.16492396e-03 -3.00000000e-01 -2.03012181e+00 
-2.50000000e-01 -8.70014226e-01 -2.50000000e-01  9.36975316e+00 -2.50000000e-01  9.37805248e+00 -2.50000000e-01  1.49441547e-01 -2.50000000e-01 -1.87154544e+00 
-2.00000000e-01 -7.12478018e-01 -2.00000000e-01  9.31986809e+00 -2.00000000e-01  9.32817365e+00 -2.00000000e-01  3.08047125e-01 -2.00000000e-01 -1.71296963e+00 
-1.50000000e-01 -5.54941832e-01 -1.50000000e-01  9.26998305e+00 -1.50000000e-01  9.27829485e+00 -1.50000000e-01  4.66651832e-01 -1.50000000e-01 -1.55439438e+00 
-1.00000000e-01 -3.97405671e-01 -1.00000000e-01  9.22009804e+00 -1.00000000e-01  9.22841609e+00 -1.00000000e-01  6.25255689e-01 -1.00000000e-01 -1.39581967e+00 
-5.00000000e-02 -2.39869540e-01 -5.00000000e-02  9.17021307e+00 -5.00000000e-02  9.17853736e+00 -5.00000000e-02  7.83858716e-01 -5.00000000e-02 -1.23724548e+00 
 6.44900799e-14 -8.23334414e-02  6.44900799e-14  9.12032813e+00  6.44900799e-14  9.12865867e+00  6.44900799e-14  9.42460934e-01  6.44900799e-14 -1.07867181e+00 
 5.00000000e-02  7.52026198e-02  5.00000000e-02  9.07044323e+00  5.00000000e-02  9.07878002e+00  5.00000000e-02  1.10106236e+00  5.00000000e-02 -9.20098635e-01 
 1.00000000e-01  2.32738640e-01  1.00000000e-01  9.02055836e+00  1.00000000e-01  9.02890141e+00  1.00000000e-01  1.25966302e+00  1.00000000e-01 -7.61525947e-01 
 1.50000000e-01  3.90274616e-01  1.50000000e-01  8.97067353e+00  1.50000000e-01  8.97902283e+00  1.50000000e-01  1.41826293e+00  1.50000000e-01 -6.02953733e-01 
 2.00000000e-01  5.47810544e-01  2.00000000e-01  8.92078874e+00  2.00000000e-01  8.92914430e+00  2.00000000e-01  1.57686210e+00  2.00000000e-01 -4.44381978e-01 
 2.50000000e-01  7.05346420e-01  2.50000000e-01  8.87090398e+00  2.50000000e-01  8.87926580e+00  2.50000000e-01  1.73546056e+00  2.50000000e-01 -2.85810672e-01 
 3.00000000e-01  8.62882241e-01  3.00000000e-01  8.82101926e+00  3.00000000e-01  8.82938735e+00  3.00000000e-01  1.89405833e+00  3.00000000e-01 -1.27239799e-01 
 3.50000000e-01  1.02041800e+00  3.50000000e-01  8.77113457e+00  3.50000000e-01  8.77950894e+00  3.50000000e-01  2.05265541e+00  3.50000000e-01  3.13306502e-02 
 4.00000000e-01  1.17795370e+00  4.00000000e-01  8.72124993e+00  4.00000000e-01  8.72963057e+00  4.00000000e-01  2.21125184e+00  4.00000000e-01  1.89900690e-01 
 4.50000000e-01  1.33548934e+00  4.50000000e-01  8.67136532e+00  4.50000000e-01  8.67975225e+00  4.50000000e-01  2.36984762e+00  4.50000000e-01  3.48470331e-01 
 5.00000000e-01  1.49302490e+00  5.00000000e-01  8.62148075e+00  5.00000000e-01  8.62987397e+00  5.00000000e-01  2.52844277e+00  5.00000000e-01  5.07039587e-01 
 5.50000000e-01  1.65056040e+00  5.50000000e-01  8.57159622e+00  5.50000000e-01  8.57999573e+00  5.50000000e-01  2.68703732e+00  5.50000000e-01  6.65608468e-01 
 6.00000000e-01  1.80809581e+00  6.00000000e-01  8.52171172e+00  6.00000000e-01  8.53011754e+00  6.00000000e-01  2.84563127e+00  6.00000000e-01  8.24176987e-01 
 6.50000000e-01  1.96563115e+00  6.50000000e-01  8.47182727e+00  6.50000000e-01  8.48023940e+00  6.50000000e-01  3.00422464e+00  6.50000000e-01  9.82745156e-01 
 7.00000000e-01  2.12316640e+00  7.00000000e-01  8.42194286e+00  7.00000000e-01  8.43036131e+00  7.00000000e-01  3.16281746e+00  7.00000000e-01  1.14131299e+00 
 7.50000000e-01  2.28070157e+00  7.50000000e-01  8.37205848e+00  7.50000000e-01  8.38048326e+00  7.50000000e-01  3.32140973e+00  7.50000000e-01  1.29988049e+00 
 8.00000000e-01  2.43823665e+00  8.00000000e-01  8.32217415e+00  8.00000000e-01  8.33060526e+00  8.00000000e-01  3.48000146e+00  8.00000000e-01  1.45844767e+00 
 8.50000000e-01  2.59577164e+00  8.50000000e-01  8.27228986e+00  8.50000000e-01  8.28072732e+00  8.50000000e-01  3.63859269e+00  8.50000000e-01  1.61701455e+00 
 9.00000000e-01  2.75330653e+00  9.00000000e-01  8.22240561e+00  9.00000000e-01  8.23084942e+00  9.00000000e-01  3.79718341e+00  9.00000000e-01  1.77558114e+00 
 9.50000000e-01  2.91084132e+00  9.50000000e-01  8.17252140e+00  9.50000000e-01  8.18097157e+00  9.50000000e-01  3.95577365e+00  9.50000000e-01  1.93414744e+00 
 1.00000000e+00  3.06837601e+00  1.00000000e+00  8.12263724e+00  1.00000000e+00  8.13109378e+00  1.00000000e+00  4.11436342e+00  1.00000000e+00  2.09271348e+00 
 1.05000000e+00  3.22591059e+00  1.05000000e+00  8.07275311e+00  1.05000000e+00  8.08121603e+00  1.05000000e+00  4.27295273e+00  1.05000000e+00  2.25127925e+00 
 1.10000000e+00  3.38344506e+00  1.10000000e+00  8.02286903e+00  1.10000000e+00  8.03133834e+00  1.10000000e+00  4.43154161e+00  1.10000000e+00  2.40984477e+00 
 1.15000000e+00  3.54097942e+00  1.15000000e+00  7.97298500e+00  1.15000000e+00  7.98146070e+00  1.15000000e+00  4.59013005e+00  1.15000000e+00  2.56841005e+00 
 1.20000000e+00  3.69851367e+00  1.20000000e+00  7.92310100e+00  1.20000000e+00  7.93158312e+00  1.20000000e+00  4.74871808e+00  1.20000000e+00  2.72697510e+00 
 1.25000000e+00  3.85604779e+00  1.25000000e+00  7.87321705e+00  1.25000000e+00  7.88170559e+00  1.25000000e+00  4.90730572e+00  1.25000000e+00  2.88553993e+00 
 1.30000000e+00  4.01358180e+00  1.30000000e+00  7.82333315e+00  1.30000000e+00  7.83182812e+00  1.30000000e+00  5.06589297e+00  1.30000000e+00  3.04410456e+00 
 1.35000000e+00  4.17111568e+00  1.35000000e+00  7.77344929e+00  1.35000000e+00  7.78195071e+00  1.35000000e+00  5.22447985e+00  1.35000000e+00  3.20266899e+00 
 1.40000000e+00  4.32864942e+00  1.40000000e+00  7.72356547e+00  1.40000000e+00  7.73207335e+00  1.40000000e+00  5.38306637e+00  1.40000000e+00  3.36123323e+00 
 1.45000000e+00  4.48618304e+00  1.45000000e+00  7.67368170e+00  1.45000000e+00  7.68219605e+00  1.45000000e+00  5.54165255e+00  1.45000000e+00  3.51979730e+00 
 1.50000000e+00  4.64371652e+00  1.50000000e+00  7.62379798e+00  1.50000000e+00  7.63231881e+00  1.50000000e+00  5.70023839e+00  1.50000000e+00  3.67836120e+00 
 1.55000000e+00  4.80124986e+00  1.55000000e+00  7.57391430e+00  1.55000000e+00  7.58244162e+00  1.55000000e+00  5.85882392e+00  1.55000000e+00  3.83692494e+00 
 1.60000000e+00  4.95878306e+00  1.60000000e+00  7.52403067e+00  1.60000000e+00  7.53256450e+00  1.60000000e+00  6.01740914e+00  1.60000000e+00  3.99548854e+00 
 1.65000000e+00  5.11631611e+00  1.65000000e+00  7.47414708e+00  1.65000000e+00  7.48268744e+00  1.65000000e+00  6.17599407e+00  1.65000000e+00  4.15405201e+00 
 1.70000000e+00  5.27384902e+00  1.70000000e+00  7.42426354e+00  1.70000000e+00  7.43281044e+00  1.70000000e+00  6.33457873e+00  1.70000000e+00  4.31261534e+00 
 1.75000000e+00  5.43138177e+00  1.75000000e+00  7.37438005e+00  1.75000000e+00  7.38293350e+00  1.75000000e+00  6.49316311e+00  1.75000000e+00  4.47117857e+00 
 1.80000000e+00  5.58891436e+00  1.80000000e+00  7.32449661e+00  1.80000000e+00  7.33305662e+00  1.80000000e+00  6.65174724e+00  1.80000000e+00  4.62974169e+00 
 1.85000000e+00  5.74644679e+00  1.85000000e+00  7.27461322e+00  1.85000000e+00  7.28317981e+00  1.85000000e+00  6.81033113e+00  1.85000000e+00  4.78830471e+00 
 1.90000000e+00  5.90397906e+00  1.90000000e+00  7.22472987e+00  1.90000000e+00  7.23330307e+00  1.90000000e+00  6.96891480e+00  1.90000000e+00  4.94686765e+00 
 1.95000000e+00  6.06151117e+00  1.95000000e+00  7.17484658e+00  1.95000000e+00  7.18342638e+00  1.95000000e+00  7.12749824e+00  1.95000000e+00  5.10543051e+00 
 2.00000000e+00  6.21904310e+00  2.00000000e+00  7.12496333e+00  2.00000000e+00  7.13354977e+00  2.00000000e+00  7.28608149e+00  2.00000000e+00  5.26399331e+00 
 2.05000000e+00  6.37657486e+00  2.05000000e+00  7.07508014e+00  2.05000000e+00  7.08367322e+00  2.05000000e+00  7.44466454e+00  2.05000000e+00  5.42255606e+00 
 2.10000000e+00  6.53410644e+00  2.10000000e+00  7.02519699e+00  2.10000000e+00  7.03379673e+00  2.10000000e+00  7.60324741e+00  2.10000000e+00  5.58111876e+00 
 2.15000000e+00  6.69163783e+00  2.15000000e+00  6.97531390e+00  2.15000000e+00  6.98392032e+00  2.15000000e+00  7.76183012e+00  2.15000000e+00  5.73968143e+00 
 2.20000000e+00  6.84916905e+00  2.20000000e+00  6.92543086e+00  2.20000000e+00  6.93404398e+00  2.20000000e+00  7.92041267e+00  2.20000000e+00  5.89824407e+00 
 2.25000000e+00  7.00670007e+00  2.25000000e+00  6.87554786e+00  2.25000000e+00  6.88416770e+00  2.25000000e+00  8.07899508e+00  2.25000000e+00  6.05680670e+00 
 2.30000000e+00  7.16423090e+00  2.30000000e+00  6.82566492e+00  2.30000000e+00  6.83429150e+00  2.30000000e+00  8.23757736e+00  2.30000000e+00  6.21536932e+00 
 2.35000000e+00  7.32176153e+00  2.35000000e+00  6.77578204e+00  2.35000000e+00  6.78441536e+00  2.35000000e+00  8.39615952e+00  2.35000000e+00  6.37393195e+00 
 2.40000000e+00  7.47929196e+00  2.40000000e+00  6.72589920e+00  2.40000000e+00  6.73453930e+00  2.40000000e+00  8.55474157e+00  2.40000000e+00  6.53249460e+00 
 2.45000000e+00  7.63682219e+00  2.45000000e+00  6.67601642e+00  2.45000000e+00  6.68466332e+00  2.45000000e+00  8.71332353e+00  2.45000000e+00  6.69105727e+00 
 2.50000000e+00  7.79435221e+00  2.50000000e+00  6.62613370e+00  2.50000000e+00  6.63478740e+00  2.50000000e+00  8.87190541e+00  2.50000000e+00  6.84961998e+00 
 2.55000000e+00  7.95188201e+00  2.55000000e+00  6.57625103e+00  2.55000000e+00  6.58491156e+00  2.55000000e+00  9.03048722e+00  2.55000000e+00  7.00818273e+00 
 2.60000000e+00  8.10941160e+00  2.60000000e+00  6.52636841e+00  2.60000000e+00  6.53503580e+00  2.60000000e+00  9.18906897e+00  2.60000000e+00  7.16674554e+00 
 2.65000000e+00  8.26694096e+00  2.65000000e+00  6.47648585e+00  2.65000000e+00  6.48516011e+00  2.65000000e+00  9.34765067e+00  2.65000000e+00  7.32530842e+00 
 2.70000000e+00  8.42447010e+00  2.70000000e+00  6.42660334e+00  2.70000000e+00  6.43528451e+00  2.70000000e+00  9.50623234e+00  2.70000000e+00  7.48387137e+00 
 2.75000000e+00  8.58199901e+00  2.75000000e+00  6.37672089e+00  2.75000000e+00  6.38540898e+00  2.75000000e+00  9.66481399e+00  2.75000000e+00  7.64243441e+00 
 2.80000000e+00  8.73952768e+00  2.80000000e+00  6.32683850e+00  2.80000000e+00  6.33553352e+00  2.80000000e+00  9.82339562e+00  2.80000000e+00  7.80099755e+00 
 2.85000000e+00  8.89705611e+00  2.85000000e+00  6.27695616e+00  2.85000000e+00  6.28565815e+00  2.85000000e+00  9.98197726e+00  2.85000000e+00  7.95956080e+00 
 2.90000000e+00  9.05458430e+00  2.90000000e+00  6.22707388e+00  2.90000000e+00  6.23578287e+00  2.90000000e+00  1.01405589e+01  2.90000000e+00  8.11812416e+00 
 2.95000000e+00  9.21211224e+00  2.95000000e+00  6.17719166e+00  2.95000000e+00  6.18590766e+00  2.95000000e+00  1.02991406e+01  2.95000000e+00  8.27668766e+00 
 3.00000000e+00  9.36963993e+00  3.00000000e+00  6.12730950e+00  3.00000000e+00  6.13603254e+00  3.00000000e+00  1.04577223e+01  3.00000000e+00  8.43525129e+00 
 3.05000000e+00  9.52716735e+00  3.05000000e+00  6.07742740e+00  3.05000000e+00  6.08615750e+00  3.05000000e+00  1.06163041e+01  3.05000000e+00  8.59381507e+00 
 3.10000000e+00  9.68469452e+00  3.10000000e+00  6.02754536e+00  3.10000000e+00  6.03628254e+00  3.10000000e+00  1.07748859e+01  3.10000000e+00  8.75237902e+00 
 3.15000000e+00  9.84222141e+00  3.15000000e+00  5.97766338e+00  3.15000000e+00  5.98640768e+00  3.15000000e+00  1.09334678e+01  3.15000000e+00  8.91094313e+00 
 3.20000000e+00  9.99974803e+00  3.20000000e+00  5.92778146e+00  3.20000000e+00  5.93653290e+00  3.20000000e+00  1.10920498e+01  3.20000000e+00  9.06950743e+00 
 3.25000000e+00  1.01572744e+01  3.25000000e+00  5.87789960e+00  3.25000000e+00  5.88665821e+00  3.25000000e+00  1.12506319e+01  3.25000000e+00  9.22807192e+00 
 3.30000000e+00  1.03148004e+01  3.30000000e+00  5.82801780e+00  3.30000000e+00  5.83678361e+00  3.30000000e+00  1.14092141e+01  3.30000000e+00  9.38663661e+00 
 3.35000000e+00  1.04723262e+01  3.35000000e+00  5.77813607e+00  3.35000000e+00  5.78690910e+00  3.35000000e+00  1.15677964e+01  3.35000000e+00  9.54520152e+00 
 3.40000000e+00  1.06298517e+01  3.40000000e+00  5.72825440e+00  3.40000000e+00  5.73703468e+00  3.40000000e+00  1.17263788e+01  3.40000000e+00  9.70376665e+00 
 3.45000000e+00  1.07873769e+01  3.45000000e+00  5.67837279e+00  3.45000000e+00  5.68716035e+00  3.45000000e+00  1.18849614e+01  3.45000000e+00  9.86233202e+00 
 3.50000000e+00  1.09449017e+01  3.50000000e+00  5.62849125e+00  3.50000000e+00  5.63728612e+00  3.50000000e+00  1.20435442e+01  3.50000000e+00  1.00208976e+01 
 3.55000000e+00  1.11024263e+01  3.55000000e+00  5.57860977e+00  3.55000000e+00  5.58741199e+00  3.55000000e+00  1.22021271e+01  3.55000000e+00  1.01794635e+01 
 3.60000000e+00  1.12599505e+01  3.60000000e+00  5.52872836e+00  3.60000000e+00  5.53753795e+00  3.60000000e+00  1.23607103e+01  3.60000000e+00  1.03380297e+01 
 3.65000000e+00  1.14174744e+01  3.65000000e+00  5.47884701e+00  3.65000000e+00  5.48766401e+00  3.65000000e+00  1.25192936e+01  3.65000000e+00  1.04965961e+01 
 3.70000000e+00  1.15749980e+01  3.70000000e+00  5.42896573e+00  3.70000000e+00  5.43779017e+00  3.70000000e+00  1.26778771e+01  3.70000000e+00  1.06551628e+01 
 3.75000000e+00  1.17325212e+01  3.75000000e+00  5.37908452e+00  3.75000000e+00  5.38791643e+00  3.75000000e+00  1.28364609e+01  3.75000000e+00  1.08137299e+01 
 3.80000000e+00  1.18900441e+01  3.80000000e+00  5.32920338e+00  3.80000000e+00  5.33804279e+00  3.80000000e+00  1.29950449e+01  3.80000000e+00  1.09722972e+01 
 3.85000000e+00  1.20475667e+01  3.85000000e+00  5.27932231e+00  3.85000000e+00  5.28816926e+00  3.85000000e+00  1.31536291e+01  3.85000000e+00  1.11308649e+01 
 3.90000000e+00  1.22050889e+01  3.90000000e+00  5.22944131e+00  3.90000000e+00  5.23829583e+00  3.90000000e+00  1.33122136e+01  3.90000000e+00  1.12894330e+01 
 3.95000000e+00  1.23626106e+01  3.95000000e+00  5.17956038e+00  3.95000000e+00  5.18842252e+00  3.95000000e+00  1.34707984e+01  3.95000000e+00  1.14480013e+01 
 4.00000000e+00  1.25201255e+01  4.00000000e+00  5.12968023e+00  4.00000000e+00  5.13855068e+00  4.00000000e+00  1.36293768e+01  4.00000000e+00  1.16065634e+01 
 4.05000000e+00  1.26770112e+01  4.05000000e+00  5.07986756e+00  4.05000000e+00  5.08880959e+00  4.05000000e+00  1.37873225e+01  4.05000000e+00  1.17644929e+01 
 4.10000000e+00  1.28212190e+01  4.10000000e+00  5.03141395e+00  4.10000000e+00  5.04170266e+00  4.10000000e+00  1.39325053e+01  4.10000000e+00  1.19096609e+01 
 4.15000000e+00  1.29147833e+01  4.15000000e+00  4.98837064e+00  4.15000000e+00  5.00509889e+00  4.15000000e+00  1.40267025e+01  4.15000000e+00  1.20038484e+01 
 4.20000000e+00  1.29631239e+01  4.20000000e+00  4.95006090e+00  4.20000000e+00  4.97777388e+00  4.20000000e+00  1.40753703e+01  4.20000000e+00  1.20525112e+01 
 4.25000000e+00  1.29908693e+01  4.25000000e+00  4.91380753e+00  4.25000000e+00  4.95457061e+00  4.25000000e+00  1.41033034e+01  4.25000000e+00  1.20804415e+01 
 4.30000000e+00  1.30004498e+01  4.30000000e+00  4.87928057e+00  4.30000000e+00  4.93490931e+00  4.30000000e+00  1.41129489e+01  4.30000000e+00  1.20900859e+01 
 4.35000000e+00  1.30016850e+01  4.35000000e+00  4.84541270e+00  4.35000000e+00  4.91673004e+00  4.35000000e+00  1.41141925e+01  4.35000000e+00  1.20913293e+01 
 4.40000000e+00  1.30018175e+01  4.40000000e+00  4.81144514e+00  4.40000000e+00  4.89854183e+00  4.40000000e+00  1.41143259e+01  4.40000000e+00  1.20914626e+01 
 4.45000000e+00  1.30005378e+01  4.45000000e+00  4.77740384e+00  4.45000000e+00  4.88039695e+00  4.45000000e+00  1.41130376e+01  4.45000000e+00  1.20901744e+01 
 4.50000000e+00  1.29978744e+01  4.50000000e+00  4.74327989e+00  4.50000000e+00  4.86227848e+00  4.50000000e+00  1.41103562e+01  4.50000000e+00  1.20874931e+01 
 4.55000000e+00  1.29942428e+01  4.55000000e+00  4.70902711e+00  4.55000000e+00  4.84409348e+00  4.55000000e+00  1.41067000e+01  4.55000000e+00  1.20838373e+01 
 4.60000000e+00  1.29899208e+01  4.60000000e+00  4.67461423e+00  4.60000000e+00  4.82577779e+00  4.60000000e+00  1.41023488e+01  4.60000000e+00  1.20794864e+01 
 4.65000000e+00  1.29850841e+01  4.65000000e+00  4.64002059e+00  4.65000000e+00  4.80728799e+00  4.65000000e+00  1.40974795e+01  4.65000000e+00  1.20746175e+01 
 4.70000000e+00  1.29798574e+01  4.70000000e+00  4.60523069e+00  4.70000000e+00  4.78859099e+00  4.70000000e+00  1.40922174e+01  4.70000000e+00  1.20693558e+01 
 4.75000000e+00  1.29743326e+01  4.75000000e+00  4.57023214e+00  4.75000000e+00  4.76966001e+00  4.75000000e+00  1.40866553e+01  4.75000000e+00  1.20637942e+01 
 4.80000000e+00  1.29685802e+01  4.80000000e+00  4.53501445e+00  4.80000000e+00  4.75047232e+00  4.80000000e+00  1.40808640e+01  4.80000000e+00  1.20580034e+01 
 4.85000000e+00  1.29626551e+01  4.85000000e+00  4.49956819e+00  4.85000000e+00  4.73100781e+00  4.85000000e+00  1.40748988e+01  4.85000000e+00  1.20520387e+01 
 4.90000000e+00  1.29566018e+01  4.90000000e+00  4.46388451e+00  4.90000000e+00  4.71124797e+00  4.90000000e+00  1.40688046e+01  4.90000000e+00  1.20459451e+01 
 4.95000000e+00  1.29504572e+01  4.95000000e+00  4.42795470e+00  4.95000000e+00  4.69117530e+00  4.95000000e+00  1.40626185e+01  4.95000000e+00  1.20397595e+01 
 5.00000000e+00  1.29442527e+01  5.00000000e+00  4.39176990e+00  5.00000000e+00  4.67077276e+00  5.00000000e+00  1.40563721e+01  5.00000000e+00  1.20335136e+01 
 5.05000000e+00  1.29380155e+01  5.05000000e+00  4.35532086e+00  5.05000000e+00  4.65002349e+00  5.05000000e+00  1.40500927e+01  5.05000000e+00  1.20272347e+01 
 5.10000000e+00  1.29317698e+01  5.10000000e+00  4.31859771e+00  5.10000000e+00  4.62891058e+00  5.10000000e+00  1.40438048e+01  5.10000000e+00  1.20209474e+01 
 5.15000000e+00  1.29255380e+01  5.15000000e+00  4.28158975e+00  5.15000000e+00  4.60741686e+00  5.15000000e+00  1.40375309e+01  5.15000000e+00  1.20146740e+01 
 5.20000000e+00  1.29193408e+01  5.20000000e+00  4.24428524e+00  5.20000000e+00  4.58552481e+00  5.20000000e+00  1.40312918e+01  5.20000000e+00  1.20084354e+01 
 5.25000000e+00  1.29131980e+01  5.25000000e+00  4.20667117e+00  5.25000000e+00  4.56321656e+00  5.25000000e+00  1.40251075e+01  5.25000000e+00  1.20022517e+01 
 5.30000000e+00  1.29071292e+01  5.30000000e+00  4.16873299e+00  5.30000000e+00  4.54047392e+00  5.30000000e+00  1.40189977e+01  5.30000000e+00  1.19961424e+01 
 5.35000000e+00  1.29011538e+01  5.35000000e+00  4.13045432e+00  5.35000000e+00  4.51727852e+00  5.35000000e+00  1.40129819e+01  5.35000000e+00  1.19901271e+01 
 5.40000000e+00  1.28952915e+01  5.40000000e+00  4.09181663e+00  5.40000000e+00  4.49361221e+00  5.40000000e+00  1.40070800e+01  5.40000000e+00  1.19842257e+01 
 5.45000000e+00  1.28895630e+01  5.45000000e+00  4.05279875e+00  5.45000000e+00  4.46945761e+00  5.45000000e+00  1.40013128e+01  5.45000000e+00  1.19784590e+01 
 5.50000000e+00  1.28839902e+01  5.50000000e+00  4.01337640e+00  5.50000000e+00  4.44479921e+00  5.50000000e+00  1.39957024e+01  5.50000000e+00  1.19728490e+01 
 5.55000000e+00  1.28785966e+01  5.55000000e+00  3.97352150e+00  5.55000000e+00  4.41962502e+00  5.55000000e+00  1.39902723e+01  5.55000000e+00  1.19674194e+01 
 5.60000000e+00  1.28734080e+01  5.60000000e+00  3.93320136e+00  5.60000000e+00  4.39392956e+00  5.60000000e+00  1.39850487e+01  5.60000000e+00  1.19621962e+01 
 5.65000000e+00  1.28684531e+01  5.65000000e+00  3.89237755e+00  5.65000000e+00  4.36771884e+00  5.65000000e+00  1.39800604e+01  5.65000000e+00  1.19572083e+01 
 5.70000000e+00  1.28637647e+01  5.70000000e+00  3.85100448e+00  5.70000000e+00  4.34101913e+00  5.70000000e+00  1.39753402e+01  5.70000000e+00  1.19524885e+01 
 5.75000000e+00  1.28593802e+01  5.75000000e+00  3.80902749e+00  5.75000000e+00  4.31389312e+00  5.75000000e+00  1.39709261e+01  5.75000000e+00  1.19480747e+01 
 5.80000000e+00  1.28553438e+01  5.80000000e+00  3.76638017e+00  5.80000000e+00  4.28647078e+00  5.80000000e+00  1.39668625e+01  5.80000000e+00  1.19440114e+01 
 5.85000000e+00  1.28517084e+01  5.85000000e+00  3.72298059e+00  5.85000000e+00  4.25901320e+00  5.85000000e+00  1.39632026e+01  5.85000000e+00  1.19403517e+01 
 5.90000000e+00  1.28485388e+01  5.90000000e+00  3.67872592e+00  5.90000000e+00  4.23205661e+00  5.90000000e+00  1.39600116e+01  5.90000000e+00  1.19371610e+01 
 5.95000000e+00  1.28459171e+01  5.95000000e+00  3.63348420e+00  5.95000000e+00  4.20678168e+00  5.95000000e+00  1.39573722e+01  5.95000000e+00  1.19345217e+01 
 6.00000000e+00  1.28439513e+01  6.00000000e+00  3.58707953e+00  6.00000000e+00  4.18728085e+00  6.00000000e+00  1.39553932e+01  6.00000000e+00  1.19325427e+01 
 6.05000000e+00  1.28427843e+01  6.05000000e+00  3.53927758e+00  6.05000000e+00  4.18691829e+00  6.05000000e+00  1.39542184e+01  6.05000000e+00  1.19313679e+01 
 6.10000000e+00  1.28425459e+01  6.10000000e+00  3.48985456e+00  6.10000000e+00  4.47284248e+00  6.10000000e+00  1.39539785e+01  6.10000000e+00  1.19311279e+01 
 6.15000000e+00  1.28425431e+01  6.15000000e+00  3.44001060e+00  6.15000000e+00  4.42762721e+00  6.15000000e+00  1.39539757e+01  6.15000000e+00  1.19311249e+01 
 6.20000000e+00  1.28425402e+01  6.20000000e+00  3.39016669e+00  6.20000000e+00  4.37736072e+00  6.20000000e+00  1.39539729e+01  6.20000000e+00  1.19311220e+01 
 6.25000000e+00  1.28425374e+01  6.25000000e+00  3.34032282e+00  6.25000000e+00  4.32792064e+00  6.25000000e+00  1.39539701e+01  6.25000000e+00  1.19311190e+01 
 6.30000000e+00  1.28425346e+01  6.30000000e+00  3.29047901e+00  6.30000000e+00  4.27811868e+00  6.30000000e+00  1.39539674e+01  6.30000000e+00  1.19311161e+01 
 6.35000000e+00  1.28425317e+01  6.35000000e+00  3.24063524e+00  6.35000000e+00  4.22821561e+00  6.35000000e+00  1.39539646e+01  6.35000000e+00  1.19311132e+01 
 6.40000000e+00  1.28425289e+01  6.40000000e+00  3.19079151e+00  6.40000000e+00  4.17840209e+00  6.40000000e+00  1.39539618e+01  6.40000000e+00  1.19311102e+01 
 6.45000000e+00  1.28425260e+01  6.45000000e+00  3.14094784e+00  6.45000000e+00  4.12858743e+00  6.45000000e+00  1.39539590e+01  6.45000000e+00  1.19311073e+01 
 6.50000000e+00  1.28425232e+01  6.50000000e+00  3.09110421e+00  6.50000000e+00  4.07873628e+00  6.50000000e+00  1.39539562e+01  6.50000000e+00  1.19311043e+01 
 6.55000000e+00  1.28425203e+01  6.55000000e+00  3.04126064e+00  6.55000000e+00  4.02888825e+00  6.55000000e+00  1.39539534e+01  6.55000000e+00  1.19311014e+01 
 6.60000000e+00  1.28425175e+01  6.60000000e+00  2.99141711e+00  6.60000000e+00  3.97903993e+00  6.60000000e+00  1.39539506e+01  6.60000000e+00  1.19310985e+01 
 6.65000000e+00  1.28425147e+01  6.65000000e+00  2.94157362e+00  6.65000000e+00  3.92918474e+00  6.65000000e+00  1.39539479e+01  6.65000000e+00  1.19310955e+01 
 6.70000000e+00  1.28425118e+01  6.70000000e+00  2.89173019e+00  6.70000000e+00  3.87934528e+00  6.70000000e+00  1.39539451e+01  6.70000000e+00  1.19310926e+01 
 6.75000000e+00  1.28425090e+01  6.75000000e+00  2.84188680e+00  6.75000000e+00  3.82953626e+00  6.75000000e+00  1.39539423e+01  6.75000000e+00  1.19310897e+01 
 6.80000000e+00  1.28425061e+01  6.80000000e+00  2.79204346e+00  6.80000000e+00  3.77970409e+00  6.80000000e+00  1.39539395e+01  6.80000000e+00  1.19310867e+01 
 6.85000000e+00  1.28425033e+01  6.85000000e+00  2.74220017e+00  6.85000000e+00  3.72985742e+00  6.85000000e+00  1.39539367e+01  6.85000000e+00  1.19310838e+01 
 6.90000000e+00  1.28425005e+01  6.90000000e+00  2.69235693e+00  6.90000000e+00  3.68005052e+00  6.90000000e+00  1.39539340e+01  6.90000000e+00  1.19310809e+01 
 6.95000000e+00  1.28424976e+01  6.95000000e+00  2.64251373e+00  6.95000000e+00  3.63017504e+00  6.95000000e+00  1.39539312e+01  6.95000000e+00  1.19310779e+01 
 7.00000000e+00  1.28424948e+01  7.00000000e+00  2.59267059e+00  7.00000000e+00  3.58032626e+00  7.00000000e+00  1.39539284e+01  7.00000000e+00  1.19310750e+01 
 7.05000000e+00  1.28424919e+01  7.05000000e+00  2.54282749e+00  7.05000000e+00  3.53048081e+00  7.05000000e+00  1.39539256e+01  7.05000000e+00  1.19310721e+01 
 7.10000000e+00  1.28424891e+01  7.10000000e+00  2.49298444e+00  7.10000000e+00  3.48066224e+00  7.10000000e+00  1.39539228e+01  7.10000000e+00  1.19310691e+01 
 7.15000000e+00  1.28424863e+01  7.15000000e+00  2.44314143e+00  7.15000000e+00  3.43081444e+00  7.15000000e+00  1.39539201e+01  7.15000000e+00  1.19310662e+01 
 7.20000000e+00  1.28424834e+01  7.20000000e+00  2.39329848e+00  7.20000000e+00  3.38098905e+00  7.20000000e+00  1.39539173e+01  7.20000000e+00  1.19310633e+01 
 7.25000000e+00  1.28424806e+01  7.25000000e+00  2.34345557e+00  7.25000000e+00  3.33116805e+00  7.25000000e+00  1.39539145e+01  7.25000000e+00  1.19310603e+01 
 7.30000000e+00  1.28424778e+01  7.30000000e+00  2.29361271e+00  7.30000000e+00  3.28133674e+00  7.30000000e+00  1.39539117e+01  7.30000000e+00  1.19310574e+01 
 7.35000000e+00  1.28424749e+01  7.35000000e+00  2.24376990e+00  7.35000000e+00  3.23149476e+00  7.35000000e+00  1.39539090e+01  7.35000000e+00  1.19310545e+01 
 7.40000000e+00  1.28424721e+01  7.40000000e+00  2.19392714e+00  7.40000000e+00  3.18164150e+00  7.40000000e+00  1.39539062e+01  7.40000000e+00  1.19310516e+01 
 7.45000000e+00  1.28424693e+01  7.45000000e+00  2.14408443e+00  7.45000000e+00  3.13178503e+00  7.45000000e+00  1.39539034e+01  7.45000000e+00  1.19310486e+01 
 7.50000000e+00  1.28424665e+01  7.50000000e+00  2.09424176e+00  7.50000000e+00  3.08199186e+00  7.50000000e+00  1.39539006e+01  7.50000000e+00  1.19310457e+01 
 7.55000000e+00  1.28424636e+01  7.55000000e+00  2.04439915e+00  7.55000000e+00  3.03207571e+00  7.55000000e+00  1.39538979e+01  7.55000000e+00  1.19310428e+01 
 7.60000000e+00  1.28424608e+01  7.60000000e+00  1.99455658e+00  7.60000000e+00  2.98228985e+00  7.60000000e+00  1.39538951e+01  7.60000000e+00  1.19310399e+01 
 7.65000000e+00  1.28424580e+01  7.65000000e+00  1.94471406e+00  7.65000000e+00  2.93244251e+00  7.65000000e+00  1.39538923e+01  7.65000000e+00  1.19310369e+01 
 7.70000000e+00  1.28424551e+01  7.70000000e+00  1.89487158e+00  7.70000000e+00  2.88258905e+00  7.70000000e+00  1.39538895e+01  7.70000000e+00  1.19310340e+01 
 7.75000000e+00  1.28424523e+01  7.75000000e+00  1.84502916e+00  7.75000000e+00  2.83276268e+00  7.75000000e+00  1.39538868e+01  7.75000000e+00  1.19310311e+01 
 7.80000000e+00  1.28424495e+01  7.80000000e+00  1.79518679e+00  7.80000000e+00  2.78289782e+00  7.80000000e+00  1.39538840e+01  7.80000000e+00  1.19310282e+01 
 7.85000000e+00  1.28424467e+01  7.85000000e+00  1.74534446e+00  7.85000000e+00  2.73308496e+00  7.85000000e+00  1.39538812e+01  7.85000000e+00  1.19310253e+01 
 7.90000000e+00  1.28424438e+01  7.90000000e+00  1.69550218e+00  7.90000000e+00  2.68324067e+00  7.90000000e+00  1.39538785e+01  7.90000000e+00  1.19310223e+01 
 7.95000000e+00  1.28424410e+01  7.95000000e+00  1.64565995e+00  7.95000000e+00  2.63337488e+00  7.95000000e+00  1.39538757e+01  7.95000000e+00  1.19310194e+01 
 8.00000000e+00  1.28424382e+01  8.00000000e+00  1.59591945e+00  8.00000000e+00  2.58368555e+00  8.00000000e+00  1.39538729e+01  8.00000000e+00  1.19310165e+01 
 8.05000000e+00  1.28424355e+01  8.05000000e+00  1.54754543e+00  8.05000000e+00  2.53529871e+00  8.05000000e+00  1.39538703e+01  8.05000000e+00  1.19310137e+01 
 8.10000000e+00  1.28424328e+01  8.10000000e+00  1.50090971e+00  8.10000000e+00  2.48865067e+00  8.10000000e+00  1.39538677e+01  8.10000000e+00  1.19310109e+01 
 8.15000000e+00  1.28424303e+01  8.15000000e+00  1.45599993e+00  8.15000000e+00  2.44376571e+00  8.15000000e+00  1.39538652e+01  8.15000000e+00  1.19310083e+01 
 8.20000000e+00  1.28424278e+01  8.20000000e+00  1.41279829e+00  8.20000000e+00  2.40057621e+00  8.20000000e+00  1.39538628e+01  8.20000000e+00  1.19310058e+01 
 8.25000000e+00  1.28424255e+01  8.25000000e+00  1.37128090e+00  8.25000000e+00  2.35905175e+00  8.25000000e+00  1.39538605e+01  8.25000000e+00  1.19310034e+01 
 8.30000000e+00  1.28424233e+01  8.30000000e+00  1.33141759e+00  8.30000000e+00  2.31918722e+00  8.30000000e+00  1.39538583e+01  8.30000000e+00  1.19310011e+01 
 8.35000000e+00  1.28424212e+01  8.35000000e+00  1.29317627e+00  8.35000000e+00  2.28094994e+00  8.35000000e+00  1.39538562e+01  8.35000000e+00  1.19309989e+01 
 8.40000000e+00  1.28424192e+01  8.40000000e+00  1.25651761e+00  8.40000000e+00  2.24427348e+00  8.40000000e+00  1.39538543e+01  8.40000000e+00  1.19309968e+01 
 8.45000000e+00  1.28424173e+01  8.45000000e+00  1.22139957e+00  8.45000000e+00  2.20917651e+00  8.45000000e+00  1.39538525e+01  8.45000000e+00  1.19309949e+01 
 8.50000000e+00  1.28424157e+01  8.50000000e+00  1.18777693e+00  8.50000000e+00  2.17556432e+00  8.50000000e+00  1.39538509e+01  8.50000000e+00  1.19309933e+01 
 8.55000000e+00  1.28424146e+01  8.55000000e+00  1.15560180e+00  8.55000000e+00  2.14337683e+00  8.55000000e+00  1.39538498e+01  8.55000000e+00  1.19309920e+01 
 8.60000000e+00  1.28424142e+01  8.60000000e+00  1.12482409e+00  8.60000000e+00  2.11261935e+00  8.60000000e+00  1.39538495e+01  8.60000000e+00  1.19309917e+01 
 8.65000000e+00  1.28424159e+01  8.65000000e+00  1.09539150e+00  8.65000000e+00  2.08317546e+00  8.65000000e+00  1.39538512e+01  8.65000000e+00  1.19309933e+01 
 8.70000000e+00  1.28424223e+01  8.70000000e+00  1.06724881e+00  8.70000000e+00  2.05502882e+00  8.70000000e+00  1.39538577e+01  8.70000000e+00  1.19309997e+01 
 8.75000000e+00  1.28424409e+01  8.75000000e+00  1.04033465e+00  8.75000000e+00  2.02812659e+00  8.75000000e+00  1.39538766e+01  8.75000000e+00  1.19310184e+01 
 8.80000000e+00  1.28424921e+01  8.80000000e+00  1.01457207e+00  8.80000000e+00  2.00236456e+00  8.80000000e+00  1.39539281e+01  8.80000000e+00  1.19310699e+01 
 8.85000000e+00  1.28426319e+01  8.85000000e+00  9.89838332e-01  8.85000000e+00  1.97764443e+00  8.85000000e+00  1.39540688e+01  8.85000000e+00  1.19312105e+01 
 8.90000000e+00  1.28430073e+01  8.90000000e+00  9.65896400e-01  8.90000000e+00  1.95365244e+00  8.90000000e+00  1.39544469e+01  8.90000000e+00  1.19315885e+01 
 8.95000000e+00  1.28439473e+01  8.95000000e+00  9.42273622e-01  8.95000000e+00  1.92991658e+00  8.95000000e+00  1.39553932e+01  8.95000000e+00  1.19325346e+01 
 9.00000000e+00  1.28459558e+01  9.00000000e+00  9.18255308e-01  9.00000000e+00  1.90571044e+00  9.00000000e+00  1.39574154e+01  9.00000000e+00  1.19345565e+01 
 9.05000000e+00  1.28493772e+01  9.05000000e+00  8.93295385e-01  9.05000000e+00  1.88043047e+00  9.05000000e+00  1.39608600e+01  9.05000000e+00  1.19380007e+01 
 9.10000000e+00  1.28541412e+01  9.10000000e+00  8.67362489e-01  9.10000000e+00  1.85399815e+00  9.10000000e+00  1.39656562e+01  9.10000000e+00  1.19427964e+01 
 9.15000000e+00  1.28599514e+01  9.15000000e+00  8.40730805e-01  9.15000000e+00  1.82675097e+00  9.15000000e+00  1.39715058e+01  9.15000000e+00  1.19486452e+01 
 9.20000000e+00  1.28665247e+01  9.20000000e+00  8.13684518e-01  9.20000000e+00  1.79903021e+00  9.20000000e+00  1.39781235e+01  9.20000000e+00  1.19552622e+01 
 9.25000000e+00  1.28736564e+01  9.25000000e+00  7.86428485e-01  9.25000000e+00  1.77101203e+00  9.25000000e+00  1.39853035e+01  9.25000000e+00  1.19624414e+01 
 9.30000000e+00  1.28812019e+01  9.30000000e+00  7.59104785e-01  9.30000000e+00  1.74283080e+00  9.30000000e+00  1.39929001e+01  9.30000000e+00  1.19700371e+01 
 9.35000000e+00  1.28890779e+01  9.35000000e+00  7.31782565e-01  9.35000000e+00  1.71458502e+00  9.35000000e+00  1.40008294e+01  9.35000000e+00  1.19779655e+01 
 9.40000000e+00  1.28972074e+01  9.40000000e+00  7.04530460e-01  9.40000000e+00  1.68637404e+00  9.40000000e+00  1.40090140e+01  9.40000000e+00  1.19861492e+01 
 9.45000000e+00  1.29055384e+01  9.45000000e+00  6.77387608e-01  9.45000000e+00  1.65813729e+00  9.45000000e+00  1.40174014e+01  9.45000000e+00  1.19945357e+01 
 9.50000000e+00  1.29140299e+01  9.50000000e+00  6.50380104e-01  9.50000000e+00  1.63000739e+00  9.50000000e+00  1.40259504e+01  9.50000000e+00  1.20030837e+01 
 9.55000000e+00  1.29226474e+01  9.55000000e+00  6.23526801e-01  9.55000000e+00  1.60195632e+00  9.55000000e+00  1.40346263e+01  9.55000000e+00  1.20117586e+01 
 9.60000000e+00  1.29313599e+01  9.60000000e+00  5.96841653e-01  9.60000000e+00  1.57401974e+00  9.60000000e+00  1.40433978e+01  9.60000000e+00  1.20205291e+01 
 9.65000000e+00  1.29401386e+01  9.65000000e+00  5.70335402e-01  9.65000000e+00  1.54616928e+00  9.65000000e+00  1.40522359e+01  9.65000000e+00  1.20293663e+01 
 9.70000000e+00  1.29489548e+01  9.70000000e+00  5.44016792e-01  9.70000000e+00  1.51841424e+00  9.70000000e+00  1.40611118e+01  9.70000000e+00  1.20382411e+01 
 9.75000000e+00  1.29577787e+01  9.75000000e+00  5.17893471e-01  9.75000000e+00  1.49072701e+00  9.75000000e+00  1.40699954e+01  9.75000000e+00  1.20471238e+01 
 9.80000000e+00  1.29665781e+01  9.80000000e+00  4.91972737e-01  9.80000000e+00  1.46311852e+00  9.80000000e+00  1.40788545e+01  9.80000000e+00  1.20559819e+01 
 9.85000000e+00  1.29753170e+01  9.85000000e+00  4.66262256e-01  9.85000000e+00  1.43560171e+00  9.85000000e+00  1.40876525e+01  9.85000000e+00  1.20647789e+01 
 9.90000000e+00  1.29839530e+01  9.90000000e+00  4.40770934e-01  9.90000000e+00  1.40822966e+00  9.90000000e+00  1.40963470e+01  9.90000000e+00  1.20734724e+01 
 9.95000000e+00  1.29924355e+01  9.95000000e+00  4.15510262e-01  9.95000000e+00  1.38082199e+00  9.95000000e+00  1.41048870e+01  9.95000000e+00  1.20820115e+01 
 1.00000000e+01  1.30007023e+01  1.00000000e+01  3.90496816e-01  1.00000000e+01  1.35353107e+00  1.00000000e+01  1.41132098e+01  1.00000000e+01  1.20903333e+01 
 1.00500000e+01  1.30086747e+01  1.00500000e+01  3.65757498e-01  1.00500000e+01  1.32627843e+00  1.00500000e+01  1.41212362e+01  1.00500000e+01  1.20983589e+01 
 1.01000000e+01  1.30162512e+01  1.01000000e+01  3.41340966e-01  1.01000000e+01  1.29907948e+00  1.01000000e+01  1.41288640e+01  1.01000000e+01  1.21059858e+01 
 1.01500000e+01  1.30232957e+01  1.01500000e+01  3.17342437e-01  1.01500000e+01  1.27193454e+00  1.01500000e+01  1.41359562e+01  1.01500000e+01  1.21130772e+01 
 1.02000000e+01  1.30296124e+01  1.02000000e+01  2.93953687e-01  1.02000000e+01  1.24494650e+00  1.02000000e+01  1.41423158e+01  1.02000000e+01  1.21194360e+01 
 1.02500000e+01  1.30348758e+01  1.02500000e+01  2.71545021e-01  1.02500000e+01  1.21824320e+00  1.02500000e+01  1.41476148e+01  1.02500000e+01  1.21247344e+01 
 1.03000000e+01  1.30384176e+01  1.03000000e+01  2.50734692e-01  1.03000000e+01  1.19216588e+00  1.03000000e+01  1.41511807e+01  1.03000000e+01  1.21282998e+01 
 1.03500000e+01  1.30384676e+01  1.03500000e+01  2.32350828e-01  1.03500000e+01  1.16681796e+00  1.03500000e+01  1.41512310e+01  1.03500000e+01  1.21283501e+01 
 1.04000000e+01  1.30305288e+01  1.04000000e+01  2.17004571e-01  1.04000000e+01  1.14184761e+00  1.04000000e+01  1.41432385e+01  1.04000000e+01  1.21203583e+01 
 1.04500000e+01  1.29976617e+01  1.04500000e+01  2.05088887e-01  1.04500000e+01  1.11545673e+00  1.04500000e+01  1.41101491e+01  1.04500000e+01  1.20872720e+01 
 1.05000000e+01  1.28246638e+01  1.05000000e+01  1.97038863e-01  1.05000000e+01  1.08397438e+00  1.05000000e+01  1.39359808e+01  1.05000000e+01  1.19131212e+01 
 1.05500000e+01 -1.41776827e+01  1.05500000e+01  6.73207421e-02  1.05500000e+01  2.04995857e-01  1.05500000e+01 -1.48540806e+01  1.05500000e+01 -1.48540841e+01 
 1.06000000e+01 -1.41899906e+01  1.06000000e+01  6.73249884e-02  1.06000000e+01  1.62044366e-01  1.06000000e+01 -1.48665981e+01  1.06000000e+01 -1.48665991e+01 
 1.06500000e+01 -1.41776831e+01  1.06500000e+01  6.73231765e-02  1.06500000e+01  1.10999973e-01  1.06500000e+01 -1.48540834e+01  1.06500000e+01 -1.48540844e+01 
 1.07000000e+01 -1.41776828e+01  1.07000000e+01  6.73244169e-02  1.07000000e+01  6.20354540e-02  1.07000000e+01 -1.48540833e+01  1.07000000e+01 -1.48540842e+01 
 1.07500000e+01 -1.41916076e+01  1.07500000e+01  6.73290783e-02  1.07500000e+01  1.20505895e-02  1.07500000e+01 -1.48682424e+01  1.07500000e+01 -1.48682433e+01 
 1.08000000e+01 -1.41776830e+01  1.08000000e+01  6.73268692e-02  1.08000000e+01 -3.79278350e-02  1.08000000e+01 -1.48540833e+01  1.08000000e+01 -1.48540843e+01 
 1.08500000e+01 -1.41776827e+01  1.08500000e+01  6.73281134e-02  1.08500000e+01 -8.79267297e-02  1.08500000e+01 -1.48540831e+01  1.08500000e+01 -1.48540840e+01 
 1.09000000e+01 -1.41916074e+01  1.09000000e+01  6.73327755e-02  1.09000000e+01 -1.37914238e-01  1.09000000e+01 -1.48682422e+01  1.09000000e+01 -1.48682431e+01 
 1.09500000e+01 -1.41776828e+01  1.09500000e+01  6.73305657e-02  1.09500000e+01 -1.87925820e-01  1.09500000e+01 -1.48540831e+01  1.09500000e+01 -1.48540840e+01 
 1.10000000e+01 -1.41776824e+01  1.10000000e+01  6.73318093e-02  1.10000000e+01 -2.37911991e-01  1.10000000e+01 -1.48540829e+01  1.10000000e+01 -1.48540838e+01 
 1.10500000e+01 -1.41916072e+01  1.10500000e+01  6.73364707e-02  1.10500000e+01 -2.87894564e-01  1.10500000e+01 -1.48682420e+01  1.10500000e+01 -1.48682429e+01 
 1.11000000e+01 -1.41776825e+01  1.11000000e+01  6.73342604e-02  1.11000000e+01 -3.37881182e-01  1.11000000e+01 -1.48540829e+01  1.11000000e+01 -1.48540838e+01 
 1.11500000e+01 -1.41776822e+01  1.11500000e+01  6.73355033e-02  1.11500000e+01 -3.87885532e-01  1.11500000e+01 -1.48540827e+01  1.11500000e+01 -1.48540836e+01 
 1.12000000e+01 -1.41916070e+01  1.12000000e+01  6.73401641e-02  1.12000000e+01 -4.37874497e-01  1.12000000e+01 -1.48682418e+01  1.12000000e+01 -1.48682427e+01 
 1.12500000e+01 -1.41776823e+01  1.12500000e+01  6.73379531e-02  1.12500000e+01 -4.87883483e-01  1.12500000e+01 -1.48540827e+01  1.12500000e+01 -1.48540836e+01 
 1.13000000e+01 -1.41776820e+01  1.13000000e+01  6.73391954e-02  1.13000000e+01 -5.37866099e-01  1.13000000e+01 -1.48540824e+01  1.13000000e+01 -1.48540833e+01 
 1.13500000e+01 -1.41916068e+01  1.13500000e+01  6.73438556e-02  1.13500000e+01 -5.87846407e-01  1.13500000e+01 -1.48682415e+01  1.13500000e+01 -1.48682424e+01 
 1.14000000e+01 -1.41776821e+01  1.14000000e+01  6.73416440e-02  1.14000000e+01 -6.37850276e-01  1.14000000e+01 -1.48540825e+01  1.14000000e+01 -1.48540834e+01 
 1.14500000e+01 -1.41776818e+01  1.14500000e+01  6.73428856e-02  1.14500000e+01 -6.87853903e-01  1.14500000e+01 -1.48540822e+01  1.14500000e+01 -1.48540831e+01 
 1.15000000e+01 -1.41916065e+01  1.15000000e+01  6.73475451e-02  1.15000000e+01 -7.37837001e-01  1.15000000e+01 -1.48682413e+01  1.15000000e+01 -1.48682422e+01 
 1.15500000e+01 -1.41776819e+01  1.15500000e+01  6.73453329e-02  1.15500000e+01 -7.87831952e-01  1.15500000e+01 -1.48540822e+01  1.15500000e+01 -1.48540831e+01 
 1.16000000e+01 -1.41776816e+01  1.16000000e+01  6.73465739e-02  1.16000000e+01 -8.37827009e-01  1.16000000e+01 -1.48540820e+01  1.16000000e+01 -1.48540829e+01 
 1.16500000e+01 -1.41916063e+01  1.16500000e+01  6.73512327e-02  1.16500000e+01 -8.87813777e-01  1.16500000e+01 -1.48682411e+01  1.16500000e+01 -1.48682420e+01 
 1.17000000e+01 -1.41776817e+01  1.17000000e+01  6.73490199e-02  1.17000000e+01 -9.37820204e-01  1.17000000e+01 -1.48540820e+01  1.17000000e+01 -1.48540829e+01 
 1.17500000e+01 -1.41776813e+01  1.17500000e+01  6.73502603e-02  1.17500000e+01 -9.87811212e-01  1.17500000e+01 -1.48540818e+01  1.17500000e+01 -1.48540827e+01 
 1.18000000e+01 -1.41916061e+01  1.18000000e+01  6.73549185e-02  1.18000000e+01 -1.03778090e+00  1.18000000e+01 -1.48682409e+01  1.18000000e+01 -1.48682418e+01 
 1.18500000e+01 -1.41776815e+01  1.18500000e+01  6.73527050e-02  1.18500000e+01 -1.08780261e+00  1.18500000e+01 -1.48540818e+01  1.18500000e+01 -1.48540827e+01 
 1.19000000e+01 -1.41776811e+01  1.19000000e+01  6.73539447e-02  1.19000000e+01 -1.13777426e+00  1.19000000e+01 -1.48540815e+01  1.19000000e+01 -1.48540825e+01 
 1.19500000e+01 -1.41916059e+01  1.19500000e+01  6.73586023e-02  1.19500000e+01 -1.18776419e+00  1.19500000e+01 -1.48682406e+01  1.19500000e+01 -1.48682416e+01 
 1.20000000e+01 -1.41776812e+01  1.20000000e+01  6.73563882e-02  1.20000000e+01 -1.23776679e+00  1.20000000e+01 -1.48540816e+01  1.20000000e+01 -1.48540825e+01 
 1.20500000e+01 -1.41776809e+01  1.20500000e+01  6.73576273e-02  1.20500000e+01 -1.28775731e+00  1.20500000e+01 -1.48540813e+01  1.20500000e+01 -1.48540822e+01 
 1.21000000e+01 -1.41916057e+01  1.21000000e+01  6.73622842e-02  1.21000000e+01 -1.33773247e+00  1.21000000e+01 -1.48682404e+01  1.21000000e+01 -1.48682413e+01 
 1.21500000e+01 -1.41776810e+01  1.21500000e+01  6.73600695e-02  1.21500000e+01 -1.38774226e+00  1.21500000e+01 -1.48540813e+01  1.21500000e+01 -1.48540823e+01 
 1.22000000e+01 -1.41776807e+01  1.22000000e+01  6.73613079e-02  1.22000000e+01 -1.43774082e+00  1.22000000e+01 -1.48540811e+01  1.22000000e+01 -1.48540820e+01 
 1.22500000e+01 -1.41916055e+01  1.22500000e+01  6.73659642e-02  1.22500000e+01 -1.48772213e+00  1.22500000e+01 -1.48682402e+01  1.22500000e+01 -1.48682411e+01 
 1.23000000e+01 -1.41776808e+01  1.23000000e+01  6.73637489e-02  1.23000000e+01 -1.53772746e+00  1.23000000e+01 -1.48540811e+01  1.23000000e+01 -1.48540820e+01 
 1.23500000e+01 -1.41776805e+01  1.23500000e+01  6.73649867e-02  1.23500000e+01 -1.58771815e+00  1.23500000e+01 -1.48540809e+01  1.23500000e+01 -1.48540818e+01 
 1.24000000e+01 -1.41916052e+01  1.24000000e+01  6.73696423e-02  1.24000000e+01 -1.63769387e+00  1.24000000e+01 -1.48682400e+01  1.24000000e+01 -1.48682409e+01 
 1.24500000e+01 -1.41776806e+01  1.24500000e+01  6.73674263e-02  1.24500000e+01 -1.68771231e+00  1.24500000e+01 -1.48540809e+01  1.24500000e+01 -1.48540818e+01 
 1.25000000e+01 -1.41776803e+01  1.25000000e+01  6.73686636e-02  1.25000000e+01 -1.73768838e+00  1.25000000e+01 -1.48540807e+01  1.25000000e+01 -1.48540816e+01 
 1.25500000e+01 -1.41916050e+01  1.25500000e+01  6.73733185e-02  1.25500000e+01 -1.78768013e+00  1.25500000e+01 -1.48682398e+01  1.25500000e+01 -1.48682407e+01 
 1.26000000e+01 -1.41776804e+01  1.26000000e+01  6.73711019e-02  1.26000000e+01 -1.83767244e+00  1.26000000e+01 -1.48540807e+01  1.26000000e+01 -1.48540816e+01 
 1.26500000e+01 -1.41776800e+01  1.26500000e+01  6.73723385e-02  1.26500000e+01 -1.88766595e+00  1.26500000e+01 -1.48540804e+01  1.26500000e+01 -1.48540814e+01 
 1.27000000e+01 -1.41916048e+01  1.27000000e+01  6.73769928e-02  1.27000000e+01 -1.93764898e+00  1.27000000e+01 -1.48682395e+01  1.27000000e+01 -1.48682405e+01 
 1.27500000e+01 -1.41776802e+01  1.27500000e+01  6.73747756e-02  1.27500000e+01 -1.98765512e+00  1.27500000e+01 -1.48540805e+01  1.27500000e+01 -1.48540814e+01 
 1.28000000e+01 -1.41776798e+01  1.28000000e+01  6.73760116e-02  1.28000000e+01 -2.03764420e+00  1.28000000e+01 -1.48540802e+01  1.28000000e+01 -1.48540811e+01 
 1.28500000e+01 -1.41916046e+01  1.28500000e+01  6.73806652e-02  1.28500000e+01 -2.08763169e+00  1.28500000e+01 -1.48682393e+01  1.28500000e+01 -1.48682402e+01 
 1.29000000e+01 -1.41776799e+01  1.29000000e+01  6.73784474e-02  1.29000000e+01 -2.13765331e+00  1.29000000e+01 -1.48540802e+01  1.29000000e+01 -1.48540812e+01 
 1.29500000e+01 -1.41776796e+01  1.29500000e+01  6.73796827e-02  1.29500000e+01 -2.18764042e+00  1.29500000e+01 -1.48540800e+01  1.29500000e+01 -1.48540809e+01 
 1.30000000e+01 -1.41916044e+01  1.30000000e+01  6.73843358e-02  1.30000000e+01 -2.23761563e+00  1.30000000e+01 -1.48682391e+01  1.30000000e+01 -1.48682400e+01 
 1.30500000e+01 -1.41776797e+01  1.30500000e+01  6.73821173e-02  1.30500000e+01 -2.28761688e+00  1.30500000e+01 -1.48540800e+01  1.30500000e+01 -1.48540809e+01 
 1.31000000e+01 -1.41776794e+01  1.31000000e+01  6.73833520e-02  1.31000000e+01 -2.33759866e+00  1.31000000e+01 -1.48540798e+01  1.31000000e+01 -1.48540807e+01 
 1.31500000e+01 -1.41916042e+01  1.31500000e+01  6.73880044e-02  1.31500000e+01 -2.38759171e+00  1.31500000e+01 -1.48682389e+01  1.31500000e+01 -1.48682398e+01 
 1.32000000e+01 -1.41776795e+01  1.32000000e+01  6.73857853e-02  1.32000000e+01 -2.43761080e+00  1.32000000e+01 -1.48540798e+01  1.32000000e+01 -1.48540807e+01 
 1.32500000e+01 -1.41776792e+01  1.32500000e+01  6.73870194e-02  1.32500000e+01 -2.48759523e+00  1.32500000e+01 -1.48540796e+01  1.32500000e+01 -1.48540805e+01 
 1.33000000e+01 -1.41916039e+01  1.33000000e+01  6.73916711e-02  1.33000000e+01 -2.53758361e+00  1.33000000e+01 -1.48682387e+01  1.33000000e+01 -1.48682396e+01 
 1.33500000e+01 -1.41776793e+01  1.33500000e+01  6.73894515e-02  1.33500000e+01 -2.58756890e+00  1.33500000e+01 -1.48540796e+01  1.33500000e+01 -1.48540805e+01 
 1.34000000e+01 -1.41776790e+01  1.34000000e+01  6.73906849e-02  1.34000000e+01 -2.63756250e+00  1.34000000e+01 -1.48540793e+01  1.34000000e+01 -1.48540803e+01 
 1.34500000e+01 -1.41916037e+01  1.34500000e+01  6.73953360e-02  1.34500000e+01 -2.68755002e+00  1.34500000e+01 -1.48682384e+01  1.34500000e+01 -1.48682394e+01 
 1.35000000e+01 -1.41776791e+01  1.35000000e+01  6.73931157e-02  1.35000000e+01 -2.73754760e+00  1.35000000e+01 -1.48540794e+01  1.35000000e+01 -1.48540803e+01 
 1.35500000e+01 -1.41776788e+01  1.35500000e+01  6.73943485e-02  1.35500000e+01 -2.78753998e+00  1.35500000e+01 -1.48540791e+01  1.35500000e+01 -1.48540800e+01 
 1.36000000e+01 -1.41916035e+01  1.36000000e+01  6.73989990e-02  1.36000000e+01 -2.83751638e+00  1.36000000e+01 -1.48682382e+01  1.36000000e+01 -1.48682391e+01 
 1.36500000e+01 -1.41776789e+01  1.36500000e+01  6.73967781e-02  1.36500000e+01 -2.88753914e+00  1.36500000e+01 -1.48540792e+01  1.36500000e+01 -1.48540801e+01 
 1.37000000e+01 -1.41776785e+01  1.37000000e+01  6.73980102e-02  1.37000000e+01 -2.93751737e+00  1.37000000e+01 -1.48540789e+01  1.37000000e+01 -1.48540798e+01 
 1.37500000e+01 -1.41916033e+01  1.37500000e+01  6.74026601e-02  1.37500000e+01 -2.98750905e+00  1.37500000e+01 -1.48682380e+01  1.37500000e+01 -1.48682389e+01 
 1.38000000e+01 -1.41776786e+01  1.38000000e+01  6.74004385e-02  1.38000000e+01 -3.03750870e+00  1.38000000e+01 -1.48540789e+01  1.38000000e+01 -1.48540798e+01 
 1.38500000e+01 -1.41776783e+01  1.38500000e+01  6.74016701e-02  1.38500000e+01 -3.08749914e+00  1.38500000e+01 -1.48540787e+01  1.38500000e+01 -1.48540796e+01 
 1.39000000e+01 -1.41916031e+01  1.39000000e+01  6.74063193e-02  1.39000000e+01 -3.13748749e+00  1.39000000e+01 -1.48682378e+01  1.39000000e+01 -1.48682387e+01 
 1.39500000e+01 -1.41776784e+01  1.39500000e+01  6.74040971e-02  1.39500000e+01 -3.18748220e+00  1.39500000e+01 -1.48540787e+01  1.39500000e+01 -1.48540796e+01 
 1.40000000e+01 -1.41776781e+01  1.40000000e+01  6.74053280e-02  1.40000000e+01 -3.23749700e+00  1.40000000e+01 -1.48540785e+01  1.40000000e+01 -1.48540794e+01 
