 2.00000000e+01  1.27058261e-08  2.00000000e+01  8.96125455e-09 
 2.09425710e+01  1.26686315e-08  2.09425710e+01  8.93478354e-09 
 2.19295639e+01  1.26330937e-08  2.19295639e+01  8.90950318e-09 
 2.29630724e+01  1.25991396e-08  2.29630724e+01  8.88535991e-09 
 2.40452887e+01  1.25666994e-08  2.40452887e+01  8.86230261e-09 
 2.51785082e+01  1.25357063e-08  2.51785082e+01  8.84028246e-09 
 2.63651348e+01  1.25060963e-08  2.63651348e+01  8.81925281e-09 
 2.76076853e+01  1.24778084e-08  2.76076853e+01  8.79916914e-09 
 2.89087954e+01  1.24507840e-08  2.89087954e+01  8.77998891e-09 
 3.02712250e+01  1.24249671e-08  3.02712250e+01  8.76167149e-09 
 3.16978638e+01  1.24003042e-08  3.16978638e+01  8.74417810e-09 
 3.31917381e+01  1.23767441e-08  3.31917381e+01  8.72747168e-09 
 3.47560166e+01  1.23542378e-08  3.47560166e+01  8.71151685e-09 
 3.63940172e+01  1.23327385e-08  3.63940172e+01  8.69627981e-09 
 3.81092144e+01  1.23122014e-08  3.81092144e+01  8.68172828e-09 
 3.99052463e+01  1.22925838e-08  3.99052463e+01  8.66783145e-09 
 4.17859226e+01  1.22738447e-08  4.17859226e+01  8.65455987e-09 
 4.37552325e+01  1.22559450e-08  4.37552325e+01  8.64188542e-09 
 4.58173531e+01  1.22388472e-08  4.58173531e+01  8.62978125e-09 
 4.79766584e+01  1.22225157e-08  4.79766584e+01  8.61822172e-09 
 5.02377286e+01  1.22069162e-08  5.02377286e+01  8.60718233e-09 
 5.26053598e+01  1.21920160e-08  5.26053598e+01  8.59663968e-09 
 5.50845741e+01  1.21777841e-08  5.50845741e+01  8.58657144e-09 
 5.76806301e+01  1.21641904e-08  5.76806301e+01  8.57695626e-09 
 6.03990344e+01  1.21512065e-08  6.03990344e+01  8.56777377e-09 
 6.32455532e+01  1.21388052e-08  6.32455532e+01  8.55900449e-09 
 6.62262243e+01  1.21269603e-08  6.62262243e+01  8.55062985e-09 
 6.93473701e+01  1.21156471e-08  6.93473701e+01  8.54263209e-09 
 7.26156110e+01  1.21048416e-08  7.26156110e+01  8.53499425e-09 
 7.60378793e+01  1.20945212e-08  7.60378793e+01  8.52770014e-09 
 7.96214341e+01  1.20846642e-08  7.96214341e+01  8.52073429e-09 
 8.33738767e+01  1.20752498e-08  8.33738767e+01  8.51408194e-09 
 8.73031664e+01  1.20662582e-08  8.73031664e+01  8.50772897e-09 
 9.14176379e+01  1.20576704e-08  9.14176379e+01  8.50166192e-09 
 9.57260185e+01  1.20494684e-08  9.57260185e+01  8.49586793e-09 
 1.00237447e+02  1.20416348e-08  1.00237447e+02  8.49033469e-09 
 1.04961492e+02  1.20341531e-08  1.04961492e+02  8.48505049e-09 
 1.09908175e+02  1.20270076e-08  1.09908175e+02  8.48000410e-09 
 1.15087987e+02  1.20201832e-08  1.15087987e+02  8.47518484e-09 
 1.20511917e+02  1.20136654e-08  1.20511917e+02  8.47058248e-09 
 1.26191469e+02  1.20074405e-08  1.26191469e+02  8.46618725e-09 
 1.32138690e+02  1.20014954e-08  1.32138690e+02  8.46198984e-09 
 1.38366194e+02  1.19958176e-08  1.38366194e+02  8.45798134e-09 
 1.44887192e+02  1.19903949e-08  1.44887192e+02  8.45415325e-09 
 1.51715515e+02  1.19852159e-08  1.51715515e+02  8.45049746e-09 
 1.58865647e+02  1.19802698e-08  1.58865647e+02  8.44700620e-09 
 1.66352754e+02  1.19755460e-08  1.66352754e+02  8.44367207e-09 
 1.74192718e+02  1.19710346e-08  1.74192718e+02  8.44048800e-09 
 1.82402168e+02  1.19667261e-08  1.82402168e+02  8.43744724e-09 
 1.90998517e+02  1.19626112e-08  1.90998517e+02  8.43454333e-09 
 2.00000000e+02  1.19586813e-08  2.00000000e+02  8.43177012e-09 
 2.09425710e+02  1.19549282e-08  2.09425710e+02  8.42912173e-09 
 2.19295639e+02  1.19513437e-08  2.19295639e+02  8.42659253e-09 
 2.29630724e+02  1.19479205e-08  2.29630724e+02  8.42417717e-09 
 2.40452887e+02  1.19446512e-08  2.40452887e+02  8.42187051e-09 
 2.51785082e+02  1.19415288e-08  2.51785082e+02  8.41966766e-09 
 2.63651348e+02  1.19385469e-08  2.63651348e+02  8.41756396e-09 
 2.76076853e+02  1.19356991e-08  2.76076853e+02  8.41555494e-09 
 2.89087954e+02  1.19329792e-08  2.89087954e+02  8.41363634e-09 
 3.02712250e+02  1.19303817e-08  3.02712250e+02  8.41180409e-09 
 3.16978638e+02  1.19279010e-08  3.16978638e+02  8.41005430e-09 
 3.31917381e+02  1.19255318e-08  3.31917381e+02  8.40838326e-09 
 3.47560166e+02  1.19232690e-08  3.47560166e+02  8.40678743e-09 
 3.63940172e+02  1.19211080e-08  3.63940172e+02  8.40526342e-09 
 3.81092144e+02  1.19190442e-08  3.81092144e+02  8.40380799e-09 
 3.99052463e+02  1.19170730e-08  3.99052463e+02  8.40241807e-09 
 4.17859226e+02  1.19151905e-08  4.17859226e+02  8.40109070e-09 
 4.37552325e+02  1.19133925e-08  4.37552325e+02  8.39982306e-09 
 4.58173531e+02  1.19116753e-08  4.58173531e+02  8.39861247e-09 
 4.79766584e+02  1.19100353e-08  4.79766584e+02  8.39745636e-09 
 5.02377286e+02  1.19084688e-08  5.02377286e+02  8.39635227e-09 
 5.26053598e+02  1.19069727e-08  5.26053598e+02  8.39529787e-09 
 5.50845741e+02  1.19055437e-08  5.50845741e+02  8.39429092e-09 
 5.76806301e+02  1.19041788e-08  5.76806301e+02  8.39332928e-09 
 6.03990344e+02  1.19028751e-08  6.03990344e+02  8.39241090e-09 
 6.32455532e+02  1.19016298e-08  6.32455532e+02  8.39153385e-09 
 6.62262243e+02  1.19004403e-08  6.62262243e+02  8.39069626e-09 
 6.93473701e+02  1.18993040e-08  6.93473701e+02  8.38989635e-09 
 7.26156110e+02  1.18982186e-08  7.26156110e+02  8.38913243e-09 
 7.60378793e+02  1.18971816e-08  7.60378793e+02  8.38840287e-09 
 7.96214341e+02  1.18961909e-08  7.96214341e+02  8.38770613e-09 
 8.33738767e+02  1.18952444e-08  8.33738767e+02  8.38704072e-09 
 8.73031664e+02  1.18943400e-08  8.73031664e+02  8.38640524e-09 
 9.14176379e+02  1.18934758e-08  9.14176379e+02  8.38579834e-09 
 9.57260185e+02  1.18926500e-08  9.57260185e+02  8.38521872e-09 
 1.00237447e+03  1.18918607e-08  1.00237447e+03  8.38466516e-09 
 1.04961492e+03  1.18911063e-08  1.04961492e+03  8.38413648e-09 
 1.09908175e+03  1.18903851e-08  1.09908175e+03  8.38363155e-09 
 1.15087987e+03  1.18896956e-08  1.15087987e+03  8.38314932e-09 
 1.20511917e+03  1.18890362e-08  1.20511917e+03  8.38268874e-09 
 1.26191469e+03  1.18884056e-08  1.26191469e+03  8.38224884e-09 
 1.32138690e+03  1.18878023e-08  1.32138690e+03  8.38182869e-09 
 1.38366194e+03  1.18872250e-08  1.38366194e+03  8.38142738e-09 
 1.44887192e+03  1.18866724e-08  1.44887192e+03  8.38104408e-09 
 1.51715515e+03  1.18861433e-08  1.51715515e+03  8.38067796e-09 
 1.58865647e+03  1.18856366e-08  1.58865647e+03  8.38032823e-09 
 1.66352754e+03  1.18851509e-08  1.66352754e+03  8.37999416e-09 
 1.74192718e+03  1.18846854e-08  1.74192718e+03  8.37967504e-09 
 1.82402168e+03  1.18842388e-08  1.82402168e+03  8.37937017e-09 
 1.90998517e+03  1.18838101e-08  1.90998517e+03  8.37907892e-09 
 2.00000000e+03  1.18833983e-08  2.00000000e+03  8.37880065e-09 
 2.09425710e+03  1.18830025e-08  2.09425710e+03  8.37853477e-09 
 2.19295639e+03  1.18826216e-08  2.19295639e+03  8.37828070e-09 
 2.29630724e+03  1.18822546e-08  2.29630724e+03  8.37803791e-09 
 2.40452887e+03  1.18819008e-08  2.40452887e+03  8.37780587e-09 
 2.51785082e+03  1.18815591e-08  2.51785082e+03  8.37758408e-09 
 2.63651348e+03  1.18812286e-08  2.63651348e+03  8.37737206e-09 
 2.76076853e+03  1.18809085e-08  2.76076853e+03  8.37716935e-09 
 2.89087954e+03  1.18805978e-08  2.89087954e+03  8.37697550e-09 
 3.02712250e+03  1.18802956e-08  3.02712250e+03  8.37679009e-09 
 3.16978638e+03  1.18800010e-08  3.16978638e+03  8.37661272e-09 
 3.31917381e+03  1.18797131e-08  3.31917381e+03  8.37644300e-09 
 3.47560166e+03  1.18794309e-08  3.47560166e+03  8.37628054e-09 
 3.63940172e+03  1.18791536e-08  3.63940172e+03  8.37612499e-09 
 3.81092144e+03  1.18788801e-08  3.81092144e+03  8.37597599e-09 
 3.99052463e+03  1.18786094e-08  3.99052463e+03  8.37583321e-09 
 4.17859226e+03  1.18783405e-08  4.17859226e+03  8.37569632e-09 
 4.37552325e+03  1.18780722e-08  4.37552325e+03  8.37556500e-09 
 4.58173531e+03  1.18778036e-08  4.58173531e+03  8.37543895e-09 
 4.79766584e+03  1.18775333e-08  4.79766584e+03  8.37531786e-09 
 5.02377286e+03  1.18772601e-08  5.02377286e+03  8.37520145e-09 
 5.26053598e+03  1.18769827e-08  5.26053598e+03  8.37508942e-09 
 5.50845741e+03  1.18766998e-08  5.50845741e+03  8.37498151e-09 
 5.76806301e+03  1.18764097e-08  5.76806301e+03  8.37487743e-09 
 6.03990344e+03  1.18761110e-08  6.03990344e+03  8.37477691e-09 
 6.32455532e+03  1.18758019e-08  6.32455532e+03  8.37467969e-09 
 6.62262243e+03  1.18754806e-08  6.62262243e+03  8.37458550e-09 
 6.93473701e+03  1.18751451e-08  6.93473701e+03  8.37449407e-09 
 7.26156110e+03  1.18747934e-08  7.26156110e+03  8.37440514e-09 
 7.60378793e+03  1.18744230e-08  7.60378793e+03  8.37431843e-09 
 7.96214341e+03  1.18740316e-08  7.96214341e+03  8.37423368e-09 
 8.33738767e+03  1.18736165e-08  8.33738767e+03  8.37415062e-09 
 8.73031664e+03  1.18731746e-08  8.73031664e+03  8.37406895e-09 
 9.14176379e+03  1.18727030e-08  9.14176379e+03  8.37398839e-09 
 9.57260185e+03  1.18721981e-08  9.57260185e+03  8.37390865e-09 
 1.00237447e+04  1.18716563e-08  1.00237447e+04  8.37382942e-09 
 1.04961492e+04  1.18710733e-08  1.04961492e+04  8.37375038e-09 
 1.09908175e+04  1.18704449e-08  1.09908175e+04  8.37367120e-09 
 1.15087987e+04  1.18697661e-08  1.15087987e+04  8.37359152e-09 
 1.20511917e+04  1.18690316e-08  1.20511917e+04  8.37351098e-09 
 1.26191469e+04  1.18682358e-08  1.26191469e+04  8.37342920e-09 
 1.32138690e+04  1.18673722e-08  1.32138690e+04  8.37334575e-09 
 1.38366194e+04  1.18664341e-08  1.38366194e+04  8.37326021e-09 
 1.44887192e+04  1.18654139e-08  1.44887192e+04  8.37317210e-09 
 1.51715515e+04  1.18643034e-08  1.51715515e+04  8.37308093e-09 
 1.58865647e+04  1.18630936e-08  1.58865647e+04  8.37298616e-09 
 1.66352754e+04  1.18617748e-08  1.66352754e+04  8.37288722e-09 
 1.74192718e+04  1.18603362e-08  1.74192718e+04  8.37278349e-09 
 1.82402168e+04  1.18587661e-08  1.82402168e+04  8.37267431e-09 
 1.90998517e+04  1.18570518e-08  1.90998517e+04  8.37255894e-09 
 2.00000000e+04  1.18551793e-08  2.00000000e+04  8.37243662e-09 
