 2.00000000e+01  9.00232917e-09  2.00000000e+01  9.01252096e-09 
 2.09425710e+01  8.97459609e-09  2.09425710e+01  8.98451704e-09 
 2.19295639e+01  8.94816360e-09  2.19295639e+01  8.95783755e-09 
 2.29630724e+01  8.92296914e-09  2.29630724e+01  8.93241777e-09 
 2.40452887e+01  8.89895327e-09  2.40452887e+01  8.90819628e-09 
 2.51785082e+01  8.87605947e-09  2.51785082e+01  8.88511477e-09 
 2.63651348e+01  8.85423403e-09  2.63651348e+01  8.86311791e-09 
 2.76076853e+01  8.83342588e-09  2.76076853e+01  8.84215314e-09 
 2.89087954e+01  8.81358648e-09  2.89087954e+01  8.82217060e-09 
 3.02712250e+01  8.79466966e-09  3.02712250e+01  8.80312292e-09 
 3.16978638e+01  8.77663153e-09  3.16978638e+01  8.78496511e-09 
 3.31917381e+01  8.75943038e-09  3.31917381e+01  8.76765443e-09 
 3.47560166e+01  8.74302649e-09  3.47560166e+01  8.75115031e-09 
 3.63940172e+01  8.72738213e-09  3.63940172e+01  8.73541417e-09 
 3.81092144e+01  8.71246139e-09  3.81092144e+01  8.72040936e-09 
 3.99052463e+01  8.69823012e-09  3.99052463e+01  8.70610105e-09 
 4.17859226e+01  8.68465582e-09  4.17859226e+01  8.69245612e-09 
 4.37552325e+01  8.67170759e-09  4.37552325e+01  8.67944312e-09 
 4.58173531e+01  8.65935599e-09  4.58173531e+01  8.66703210e-09 
 4.79766584e+01  8.64757303e-09  4.79766584e+01  8.65519461e-09 
 5.02377286e+01  8.63633208e-09  5.02377286e+01  8.64390359e-09 
 5.26053598e+01  8.62560777e-09  5.26053598e+01  8.63313329e-09 
 5.50845741e+01  8.61537596e-09  5.50845741e+01  8.62285921e-09 
 5.76806301e+01  8.60561366e-09  5.76806301e+01  8.61305806e-09 
 6.03990344e+01  8.59629900e-09  6.03990344e+01  8.60370766e-09 
 6.32455532e+01  8.58741113e-09  6.32455532e+01  8.59478692e-09 
 6.62262243e+01  8.57893021e-09  6.62262243e+01  8.58627574e-09 
 6.93473701e+01  8.57083735e-09  6.93473701e+01  8.57815501e-09 
 7.26156110e+01  8.56311455e-09  7.26156110e+01  8.57040653e-09 
 7.60378793e+01  8.55574466e-09  7.60378793e+01  8.56301296e-09 
 7.96214341e+01  8.54871134e-09  7.96214341e+01  8.55595782e-09 
 8.33738767e+01  8.54199904e-09  8.33738767e+01  8.54922538e-09 
 8.73031664e+01  8.53559292e-09  8.73031664e+01  8.54280068e-09 
 9.14176379e+01  8.52947887e-09  9.14176379e+01  8.53666946e-09 
 9.57260185e+01  8.52364342e-09  9.57260185e+01  8.53081814e-09 
 1.00237447e+02  8.51807373e-09  1.00237447e+02  8.52523380e-09 
 1.04961492e+02  8.51275759e-09  1.04961492e+02  8.51990409e-09 
 1.09908175e+02  8.50768332e-09  1.09908175e+02  8.51481727e-09 
 1.15087987e+02  8.50283983e-09  1.15087987e+02  8.50996216e-09 
 1.20511917e+02  8.49821652e-09  1.20511917e+02  8.50532808e-09 
 1.26191469e+02  8.49380329e-09  1.26191469e+02  8.50090488e-09 
 1.32138690e+02  8.48959052e-09  1.32138690e+02  8.49668285e-09 
 1.38366194e+02  8.48556902e-09  1.38366194e+02  8.49265277e-09 
 1.44887192e+02  8.48173005e-09  1.44887192e+02  8.48880582e-09 
 1.51715515e+02  8.47806526e-09  1.51715515e+02  8.48513362e-09 
 1.58865647e+02  8.47456668e-09  1.58865647e+02  8.48162815e-09 
 1.66352754e+02  8.47122673e-09  1.66352754e+02  8.47828179e-09 
 1.74192718e+02  8.46803816e-09  1.74192718e+02  8.47508726e-09 
 1.82402168e+02  8.46499407e-09  1.82402168e+02  8.47203762e-09 
 1.90998517e+02  8.46208788e-09  1.90998517e+02  8.46912625e-09 
 2.00000000e+02  8.45931329e-09  2.00000000e+02  8.46634684e-09 
 2.09425710e+02  8.45666432e-09  2.09425710e+02  8.46369336e-09 
 2.19295639e+02  8.45413525e-09  2.19295639e+02  8.46116008e-09 
 2.29630724e+02  8.45172061e-09  2.29630724e+02  8.45874151e-09 
 2.40452887e+02  8.44941522e-09  2.40452887e+02  8.45643244e-09 
 2.51785082e+02  8.44721410e-09  2.51785082e+02  8.45422787e-09 
 2.63651348e+02  8.44511250e-09  2.63651348e+02  8.45212304e-09 
 2.76076853e+02  8.44310593e-09  2.76076853e+02  8.45011343e-09 
 2.89087954e+02  8.44119004e-09  2.89087954e+02  8.44819471e-09 
 3.02712250e+02  8.43936074e-09  3.02712250e+02  8.44636273e-09 
 3.16978638e+02  8.43761410e-09  3.16978638e+02  8.44461357e-09 
 3.31917381e+02  8.43594635e-09  3.31917381e+02  8.44294345e-09 
 3.47560166e+02  8.43435393e-09  3.47560166e+02  8.44134879e-09 
 3.63940172e+02  8.43283342e-09  3.63940172e+02  8.43982616e-09 
 3.81092144e+02  8.43138157e-09  3.81092144e+02  8.43837230e-09 
 3.99052463e+02  8.42999525e-09  3.99052463e+02  8.43698409e-09 
 4.17859226e+02  8.42867151e-09  4.17859226e+02  8.43565854e-09 
 4.37552325e+02  8.42740751e-09  4.37552325e+02  8.43439282e-09 
 4.58173531e+02  8.42620054e-09  4.58173531e+02  8.43318420e-09 
 4.79766584e+02  8.42504802e-09  4.79766584e+02  8.43203011e-09 
 5.02377286e+02  8.42394749e-09  5.02377286e+02  8.43092807e-09 
 5.26053598e+02  8.42289659e-09  5.26053598e+02  8.42987572e-09 
 5.50845741e+02  8.42189308e-09  5.50845741e+02  8.42887081e-09 
 5.76806301e+02  8.42093482e-09  5.76806301e+02  8.42791119e-09 
 6.03990344e+02  8.42001975e-09  6.03990344e+02  8.42699480e-09 
 6.32455532e+02  8.41914592e-09  6.32455532e+02  8.42611968e-09 
 6.62262243e+02  8.41831148e-09  6.62262243e+02  8.42528396e-09 
 6.93473701e+02  8.41751462e-09  6.93473701e+02  8.42448586e-09 
 7.26156110e+02  8.41675367e-09  7.26156110e+02  8.42372365e-09 
 7.60378793e+02  8.41602698e-09  7.60378793e+02  8.42299573e-09 
 7.96214341e+02  8.41533301e-09  7.96214341e+02  8.42230052e-09 
 8.33738767e+02  8.41467028e-09  8.33738767e+02  8.42163654e-09 
 8.73031664e+02  8.41403737e-09  8.73031664e+02  8.42100236e-09 
 9.14176379e+02  8.41343294e-09  9.14176379e+02  8.42039664e-09 
 9.57260185e+02  8.41285569e-09  9.57260185e+02  8.41981806e-09 
 1.00237447e+03  8.41230439e-09  1.00237447e+03  8.41926540e-09 
 1.04961492e+03  8.41177786e-09  1.04961492e+03  8.41873746e-09 
 1.09908175e+03  8.41127499e-09  1.09908175e+03  8.41823312e-09 
 1.15087987e+03  8.41079469e-09  1.15087987e+03  8.41775128e-09 
 1.20511917e+03  8.41033594e-09  1.20511917e+03  8.41729091e-09 
 1.26191469e+03  8.40989776e-09  1.26191469e+03  8.41685102e-09 
 1.32138690e+03  8.40947921e-09  1.32138690e+03  8.41643067e-09 
 1.38366194e+03  8.40907939e-09  1.38366194e+03  8.41602893e-09 
 1.44887192e+03  8.40869746e-09  1.44887192e+03  8.41564494e-09 
 1.51715515e+03  8.40833259e-09  1.51715515e+03  8.41527787e-09 
 1.58865647e+03  8.40798399e-09  1.58865647e+03  8.41492692e-09 
 1.66352754e+03  8.40765092e-09  1.66352754e+03  8.41459132e-09 
 1.74192718e+03  8.40733267e-09  1.74192718e+03  8.41427033e-09 
 1.82402168e+03  8.40702854e-09  1.82402168e+03  8.41396324e-09 
 1.90998517e+03  8.40673788e-09  1.90998517e+03  8.41366938e-09 
 2.00000000e+03  8.40646007e-09  2.00000000e+03  8.41338809e-09 
 2.09425710e+03  8.40619449e-09  2.09425710e+03  8.41311874e-09 
 2.19295639e+03  8.40594057e-09  2.19295639e+03  8.41286072e-09 
 2.29630724e+03  8.40569775e-09  2.29630724e+03  8.41261345e-09 
 2.40452887e+03  8.40546551e-09  2.40452887e+03  8.41237635e-09 
 2.51785082e+03  8.40524333e-09  2.51785082e+03  8.41214888e-09 
 2.63651348e+03  8.40503073e-09  2.63651348e+03  8.41193049e-09 
 2.76076853e+03  8.40482722e-09  2.76076853e+03  8.41172067e-09 
 2.89087954e+03  8.40463235e-09  2.89087954e+03  8.41151891e-09 
 3.02712250e+03  8.40444569e-09  3.02712250e+03  8.41132472e-09 
 3.16978638e+03  8.40426680e-09  3.16978638e+03  8.41113759e-09 
 3.31917381e+03  8.40409528e-09  3.31917381e+03  8.41095707e-09 
 3.47560166e+03  8.40393073e-09  3.47560166e+03  8.41078266e-09 
 3.63940172e+03  8.40377276e-09  3.63940172e+03  8.41061391e-09 
 3.81092144e+03  8.40362100e-09  3.81092144e+03  8.41045034e-09 
 3.99052463e+03  8.40347508e-09  3.99052463e+03  8.41029149e-09 
 4.17859226e+03  8.40333464e-09  4.17859226e+03  8.41013690e-09 
 4.37552325e+03  8.40319933e-09  4.37552325e+03  8.40998608e-09 
 4.58173531e+03  8.40306880e-09  4.58173531e+03  8.40983857e-09 
 4.79766584e+03  8.40294271e-09  4.79766584e+03  8.40969387e-09 
 5.02377286e+03  8.40282072e-09  5.02377286e+03  8.40955150e-09 
 5.26053598e+03  8.40270250e-09  5.26053598e+03  8.40941094e-09 
 5.50845741e+03  8.40258771e-09  5.50845741e+03  8.40927168e-09 
 5.76806301e+03  8.40247601e-09  5.76806301e+03  8.40913316e-09 
 6.03990344e+03  8.40236707e-09  6.03990344e+03  8.40899482e-09 
 6.32455532e+03  8.40226053e-09  6.32455532e+03  8.40885607e-09 
 6.62262243e+03  8.40215606e-09  6.62262243e+03  8.40871628e-09 
 6.93473701e+03  8.40205329e-09  6.93473701e+03  8.40857482e-09 
 7.26156110e+03  8.40195187e-09  7.26156110e+03  8.40843097e-09 
 7.60378793e+03  8.40185141e-09  7.60378793e+03  8.40828401e-09 
 7.96214341e+03  8.40175151e-09  7.96214341e+03  8.40813315e-09 
 8.33738767e+03  8.40165179e-09  8.33738767e+03  8.40797757e-09 
 8.73031664e+03  8.40155181e-09  8.73031664e+03  8.40781635e-09 
 9.14176379e+03  8.40145112e-09  9.14176379e+03  8.40764854e-09 
 9.57260185e+03  8.40134927e-09  9.57260185e+03  8.40747312e-09 
 1.00237447e+04  8.40124574e-09  1.00237447e+04  8.40728895e-09 
 1.04961492e+04  8.40114002e-09  1.04961492e+04  8.40709484e-09 
 1.09908175e+04  8.40103154e-09  1.09908175e+04  8.40688948e-09 
 1.15087987e+04  8.40091971e-09  1.15087987e+04  8.40667146e-09 
 1.20511917e+04  8.40080389e-09  1.20511917e+04  8.40643926e-09 
 1.26191469e+04  8.40068338e-09  1.26191469e+04  8.40619120e-09 
 1.32138690e+04  8.40055745e-09  1.32138690e+04  8.40592548e-09 
 1.38366194e+04  8.40042531e-09  1.38366194e+04  8.40564014e-09 
 1.44887192e+04  8.40028609e-09  1.44887192e+04  8.40533303e-09 
 1.51715515e+04  8.40013886e-09  1.51715515e+04  8.40500183e-09 
 1.58865647e+04  8.39998262e-09  1.58865647e+04  8.40464400e-09 
 1.66352754e+04  8.39981627e-09  1.66352754e+04  8.40425677e-09 
 1.74192718e+04  8.39963864e-09  1.74192718e+04  8.40383713e-09 
 1.82402168e+04  8.39944842e-09  1.82402168e+04  8.40338180e-09 
 1.90998517e+04  8.39924424e-09  1.90998517e+04  8.40288718e-09 
 2.00000000e+04  8.39902455e-09  2.00000000e+04  8.40234937e-09 
