 2.00000000e+01  1.33877335e-07  2.00000000e+01  4.26382729e-08 
 2.04658598e+01  1.32426501e-07  2.04658598e+01  4.21756252e-08 
 2.09425710e+01  1.30993054e-07  2.09425710e+01  4.17185530e-08 
 2.14303861e+01  1.29576809e-07  2.14303861e+01  4.12669952e-08 
 2.19295639e+01  1.28177582e-07  2.19295639e+01  4.08208913e-08 
 2.24403691e+01  1.26795192e-07  2.24403691e+01  4.03801816e-08 
 2.29630724e+01  1.25429460e-07  2.29630724e+01  3.99448071e-08 
 2.34979511e+01  1.24080208e-07  2.34979511e+01  3.95147095e-08 
 2.40452887e+01  1.22747260e-07  2.40452887e+01  3.90898311e-08 
 2.46053754e+01  1.21430442e-07  2.46053754e+01  3.86701150e-08 
 2.51785082e+01  1.20129581e-07  2.51785082e+01  3.82555049e-08 
 2.57649910e+01  1.18844509e-07  2.57649910e+01  3.78459451e-08 
 2.63651348e+01  1.17575055e-07  2.63651348e+01  3.74413805e-08 
 2.69792577e+01  1.16321053e-07  2.69792577e+01  3.70417570e-08 
 2.76076853e+01  1.15082339e-07  2.76076853e+01  3.66470207e-08 
 2.82507509e+01  1.13858748e-07  2.82507509e+01  3.62571185e-08 
 2.89087954e+01  1.12650119e-07  2.89087954e+01  3.58719980e-08 
 2.95821678e+01  1.11456293e-07  2.95821678e+01  3.54916073e-08 
 3.02712250e+01  1.10277111e-07  3.02712250e+01  3.51158950e-08 
 3.09763324e+01  1.09112417e-07  3.09763324e+01  3.47448107e-08 
 3.16978638e+01  1.07962057e-07  3.16978638e+01  3.43783041e-08 
 3.24362019e+01  1.06825876e-07  3.24362019e+01  3.40163257e-08 
 3.31917381e+01  1.05703725e-07  3.31917381e+01  3.36588267e-08 
 3.39648730e+01  1.04595452e-07  3.39648730e+01  3.33057587e-08 
 3.47560166e+01  1.03500911e-07  3.47560166e+01  3.29570738e-08 
 3.55655882e+01  1.02419955e-07  3.55655882e+01  3.26127248e-08 
 3.63940172e+01  1.01352438e-07  3.63940172e+01  3.22726650e-08 
 3.72417427e+01  1.00298218e-07  3.72417427e+01  3.19368482e-08 
 3.81092144e+01  9.92571533e-08  3.81092144e+01  3.16052288e-08 
 3.89968920e+01  9.82291029e-08  3.89968920e+01  3.12777617e-08 
 3.99052463e+01  9.72139287e-08  3.99052463e+01  3.09544022e-08 
 4.08347589e+01  9.62114936e-08  4.08347589e+01  3.06351063e-08 
 4.17859226e+01  9.52216619e-08  4.17859226e+01  3.03198304e-08 
 4.27592418e+01  9.42442996e-08  4.27592418e+01  3.00085314e-08 
 4.37552325e+01  9.32792741e-08  4.37552325e+01  2.97011667e-08 
 4.47744228e+01  9.23264541e-08  4.47744228e+01  2.93976941e-08 
 4.58173531e+01  9.13857100e-08  4.58173531e+01  2.90980721e-08 
 4.68845763e+01  9.04569134e-08  4.68845763e+01  2.88022594e-08 
 4.79766584e+01  8.95399374e-08  4.79766584e+01  2.85102154e-08 
 4.90941783e+01  8.86346565e-08  4.90941783e+01  2.82218998e-08 
 5.02377286e+01  8.77409464e-08  5.02377286e+01  2.79372728e-08 
 5.14079157e+01  8.68586845e-08  5.14079157e+01  2.76562951e-08 
 5.26053598e+01  8.59877492e-08  5.26053598e+01  2.73789277e-08 
 5.38306961e+01  8.51280203e-08  5.38306961e+01  2.71051321e-08 
 5.50845741e+01  8.42793790e-08  5.50845741e+01  2.68348704e-08 
 5.63676586e+01  8.34417078e-08  5.63676586e+01  2.65681048e-08 
 5.76806301e+01  8.26148902e-08  5.76806301e+01  2.63047982e-08 
 5.90241845e+01  8.17988113e-08  5.90241845e+01  2.60449137e-08 
 6.03990344e+01  8.09933572e-08  6.03990344e+01  2.57884149e-08 
 6.18059087e+01  8.01984153e-08  6.18059087e+01  2.55352659e-08 
 6.32455532e+01  7.94138742e-08  6.32455532e+01  2.52854309e-08 
 6.47187314e+01  7.86396236e-08  6.47187314e+01  2.50388747e-08 
 6.62262243e+01  7.78755546e-08  6.62262243e+01  2.47955626e-08 
 6.77688312e+01  7.71215591e-08  6.77688312e+01  2.45554600e-08 
 6.93473701e+01  7.63775303e-08  6.93473701e+01  2.43185327e-08 
 7.09626778e+01  7.56433627e-08  7.09626778e+01  2.40847471e-08 
 7.26156110e+01  7.49189516e-08  7.26156110e+01  2.38540696e-08 
 7.43070458e+01  7.42041936e-08  7.43070458e+01  2.36264674e-08 
 7.60378793e+01  7.34989862e-08  7.60378793e+01  2.34019076e-08 
 7.78090290e+01  7.28032280e-08  7.78090290e+01  2.31803579e-08 
 7.96214341e+01  7.21168188e-08  7.96214341e+01  2.29617863e-08 
 8.14760556e+01  7.14396591e-08  8.14760556e+01  2.27461611e-08 
 8.33738767e+01  7.07716508e-08  8.33738767e+01  2.25334508e-08 
 8.53159038e+01  7.01126964e-08  8.53159038e+01  2.23236245e-08 
 8.73031664e+01  6.94626996e-08  8.73031664e+01  2.21166514e-08 
 8.93367184e+01  6.88215650e-08  8.93367184e+01  2.19125010e-08 
 9.14176379e+01  6.81891981e-08  9.14176379e+01  2.17111432e-08 
 9.35470283e+01  6.75655055e-08  9.35470283e+01  2.15125482e-08 
 9.57260185e+01  6.69503944e-08  9.57260185e+01  2.13166865e-08 
 9.79557639e+01  6.63437732e-08  9.79557639e+01  2.11235287e-08 
 1.00237447e+02  6.57455510e-08  1.00237447e+02  2.09330459e-08 
 1.02572277e+02  6.51556379e-08  1.02572277e+02  2.07452094e-08 
 1.04961492e+02  6.45739446e-08  1.04961492e+02  2.05599908e-08 
 1.07406359e+02  6.40003830e-08  1.07406359e+02  2.03773619e-08 
 1.09908175e+02  6.34348655e-08  1.09908175e+02  2.01972949e-08 
 1.12468265e+02  6.28773055e-08  1.12468265e+02  2.00197621e-08 
 1.15087987e+02  6.23276172e-08  1.15087987e+02  1.98447362e-08 
 1.17768731e+02  6.17857154e-08  1.17768731e+02  1.96721899e-08 
 1.20511917e+02  6.12515158e-08  1.20511917e+02  1.95020966e-08 
 1.23319000e+02  6.07249349e-08  1.23319000e+02  1.93344295e-08 
 1.26191469e+02  6.02058899e-08  1.26191469e+02  1.91691622e-08 
 1.29130846e+02  5.96942986e-08  1.29130846e+02  1.90062685e-08 
 1.32138690e+02  5.91900798e-08  1.32138690e+02  1.88457226e-08 
 1.35216595e+02  5.86931528e-08  1.35216595e+02  1.86874988e-08 
 1.38366194e+02  5.82034375e-08  1.38366194e+02  1.85315715e-08 
 1.41589157e+02  5.77208547e-08  1.41589157e+02  1.83779155e-08 
 1.44887192e+02  5.72453259e-08  1.44887192e+02  1.82265057e-08 
 1.48262048e+02  5.67767730e-08  1.48262048e+02  1.80773174e-08 
 1.51715515e+02  5.63151186e-08  1.51715515e+02  1.79303258e-08 
 1.55249423e+02  5.58602863e-08  1.55249423e+02  1.77855065e-08 
 1.58865647e+02  5.54121998e-08  1.58865647e+02  1.76428354e-08 
 1.62566103e+02  5.49707838e-08  1.62566103e+02  1.75022883e-08 
 1.66352754e+02  5.45359633e-08  1.66352754e+02  1.73638414e-08 
 1.70227608e+02  5.41076643e-08  1.70227608e+02  1.72274712e-08 
 1.74192718e+02  5.36858130e-08  1.74192718e+02  1.70931541e-08 
 1.78250188e+02  5.32703363e-08  1.78250188e+02  1.69608668e-08 
 1.82402168e+02  5.28611618e-08  1.82402168e+02  1.68305862e-08 
 1.86650860e+02  5.24582174e-08  1.86650860e+02  1.67022895e-08 
 1.90998517e+02  5.20614318e-08  1.90998517e+02  1.65759539e-08 
 1.95447444e+02  5.16707341e-08  1.95447444e+02  1.64515568e-08 
 2.00000000e+02  5.12860540e-08  2.00000000e+02  1.63290758e-08 
 2.04658598e+02  5.09073217e-08  2.04658598e+02  1.62084887e-08 
 2.09425710e+02  5.05344678e-08  2.09425710e+02  1.60897734e-08 
 2.14303861e+02  5.01674237e-08  2.14303861e+02  1.59729080e-08 
 2.19295639e+02  4.98061209e-08  2.19295639e+02  1.58578707e-08 
 2.24403691e+02  4.94504919e-08  2.24403691e+02  1.57446400e-08 
 2.29630724e+02  4.91004692e-08  2.29630724e+02  1.56331945e-08 
 2.34979511e+02  4.87559861e-08  2.34979511e+02  1.55235129e-08 
 2.40452887e+02  4.84169762e-08  2.40452887e+02  1.54155740e-08 
 2.46053754e+02  4.80833737e-08  2.46053754e+02  1.53093569e-08 
 2.51785082e+02  4.77551133e-08  2.51785082e+02  1.52048408e-08 
 2.57649910e+02  4.74321300e-08  2.57649910e+02  1.51020049e-08 
 2.63651348e+02  4.71143593e-08  2.63651348e+02  1.50008288e-08 
 2.69792577e+02  4.68017374e-08  2.69792577e+02  1.49012922e-08 
 2.76076853e+02  4.64942006e-08  2.76076853e+02  1.48033747e-08 
 2.82507509e+02  4.61916858e-08  2.82507509e+02  1.47070562e-08 
 2.89087954e+02  4.58941304e-08  2.89087954e+02  1.46123169e-08 
 2.95821678e+02  4.56014722e-08  2.95821678e+02  1.45191369e-08 
 3.02712250e+02  4.53136495e-08  3.02712250e+02  1.44274966e-08 
 3.09763324e+02  4.50306009e-08  3.09763324e+02  1.43373763e-08 
 3.16978638e+02  4.47522654e-08  3.16978638e+02  1.42487568e-08 
 3.24362019e+02  4.44785828e-08  3.24362019e+02  1.41616188e-08 
 3.31917381e+02  4.42094928e-08  3.31917381e+02  1.40759432e-08 
 3.39648730e+02  4.39449360e-08  3.39648730e+02  1.39917109e-08 
 3.47560166e+02  4.36848531e-08  3.47560166e+02  1.39089032e-08 
 3.55655882e+02  4.34291855e-08  3.55655882e+02  1.38275014e-08 
 3.63940172e+02  4.31778748e-08  3.63940172e+02  1.37474868e-08 
 3.72417427e+02  4.29308631e-08  3.72417427e+02  1.36688411e-08 
 3.81092144e+02  4.26880929e-08  3.81092144e+02  1.35915459e-08 
 3.89968920e+02  4.24495072e-08  3.89968920e+02  1.35155832e-08 
 3.99052463e+02  4.22150495e-08  3.99052463e+02  1.34409348e-08 
 4.08347589e+02  4.19846635e-08  4.08347589e+02  1.33675829e-08 
 4.17859226e+02  4.17582934e-08  4.17859226e+02  1.32955097e-08 
 4.27592418e+02  4.15358840e-08  4.27592418e+02  1.32246977e-08 
 4.37552325e+02  4.13173802e-08  4.37552325e+02  1.31551293e-08 
 4.47744228e+02  4.11027278e-08  4.47744228e+02  1.30867872e-08 
 4.58173531e+02  4.08918725e-08  4.58173531e+02  1.30196541e-08 
 4.68845763e+02  4.06847607e-08  4.68845763e+02  1.29537131e-08 
 4.79766584e+02  4.04813394e-08  4.79766584e+02  1.28889472e-08 
 4.90941783e+02  4.02815556e-08  4.90941783e+02  1.28253395e-08 
 5.02377286e+02  4.00853572e-08  5.02377286e+02  1.27628735e-08 
 5.14079157e+02  3.98926921e-08  5.14079157e+02  1.27015326e-08 
 5.26053598e+02  3.97035090e-08  5.26053598e+02  1.26413004e-08 
 5.38306961e+02  3.95177569e-08  5.38306961e+02  1.25821608e-08 
 5.50845741e+02  3.93353850e-08  5.50845741e+02  1.25240975e-08 
 5.63676586e+02  3.91563434e-08  5.63676586e+02  1.24670946e-08 
 5.76806301e+02  3.89805823e-08  5.76806301e+02  1.24111364e-08 
 5.90241845e+02  3.88080525e-08  5.90241845e+02  1.23562071e-08 
 6.03990344e+02  3.86387052e-08  6.03990344e+02  1.23022912e-08 
 6.18059087e+02  3.84724919e-08  6.18059087e+02  1.22493733e-08 
 6.32455532e+02  3.83093648e-08  6.32455532e+02  1.21974382e-08 
 6.47187314e+02  3.81492765e-08  6.47187314e+02  1.21464707e-08 
 6.62262243e+02  3.79921799e-08  6.62262243e+02  1.20964560e-08 
 6.77688312e+02  3.78380284e-08  6.77688312e+02  1.20473791e-08 
 6.93473701e+02  3.76867761e-08  6.93473701e+02  1.19992254e-08 
 7.09626778e+02  3.75383771e-08  7.09626778e+02  1.19519804e-08 
 7.26156110e+02  3.73927864e-08  7.26156110e+02  1.19056297e-08 
 7.43070458e+02  3.72499592e-08  7.43070458e+02  1.18601591e-08 
 7.60378793e+02  3.71098512e-08  7.60378793e+02  1.18155545e-08 
 7.78090290e+02  3.69724187e-08  7.78090290e+02  1.17718019e-08 
 7.96214341e+02  3.68376183e-08  7.96214341e+02  1.17288876e-08 
 8.14760556e+02  3.67054070e-08  8.14760556e+02  1.16867979e-08 
 8.33738767e+02  3.65757426e-08  8.33738767e+02  1.16455193e-08 
 8.53159038e+02  3.64485830e-08  8.53159038e+02  1.16050385e-08 
 8.73031664e+02  3.63238868e-08  8.73031664e+02  1.15653422e-08 
 8.93367184e+02  3.62016129e-08  8.93367184e+02  1.15264175e-08 
 9.14176379e+02  3.60817208e-08  9.14176379e+02  1.14882514e-08 
 9.35470283e+02  3.59641704e-08  9.35470283e+02  1.14508312e-08 
 9.57260185e+02  3.58489221e-08  9.57260185e+02  1.14141442e-08 
 9.79557639e+02  3.57359367e-08  9.79557639e+02  1.13781781e-08 
 1.00237447e+03  3.56251756e-08  1.00237447e+03  1.13429205e-08 
 1.02572277e+03  3.55166004e-08  1.02572277e+03  1.13083592e-08 
 1.04961492e+03  3.54101736e-08  1.04961492e+03  1.12744824e-08 
 1.07406359e+03  3.53058577e-08  1.07406359e+03  1.12412780e-08 
 1.09908175e+03  3.52036160e-08  1.09908175e+03  1.12087344e-08 
 1.12468265e+03  3.51034121e-08  1.12468265e+03  1.11768401e-08 
 1.15087987e+03  3.50052101e-08  1.15087987e+03  1.11455836e-08 
 1.17768731e+03  3.49089746e-08  1.17768731e+03  1.11149537e-08 
 1.20511917e+03  3.48146706e-08  1.20511917e+03  1.10849392e-08 
 1.23319000e+03  3.47222636e-08  1.23319000e+03  1.10555292e-08 
 1.26191469e+03  3.46317195e-08  1.26191469e+03  1.10267130e-08 
 1.29130846e+03  3.45430048e-08  1.29130846e+03  1.09984797e-08 
 1.32138690e+03  3.44560864e-08  1.32138690e+03  1.09708189e-08 
 1.35216595e+03  3.43709315e-08  1.35216595e+03  1.09437202e-08 
 1.38366194e+03  3.42875079e-08  1.38366194e+03  1.09171734e-08 
 1.41589157e+03  3.42057838e-08  1.41589157e+03  1.08911683e-08 
 1.44887192e+03  3.41257278e-08  1.44887192e+03  1.08656951e-08 
 1.48262048e+03  3.40473092e-08  1.48262048e+03  1.08407439e-08 
 1.51715515e+03  3.39704974e-08  1.51715515e+03  1.08163051e-08 
 1.55249423e+03  3.38952625e-08  1.55249423e+03  1.07923691e-08 
 1.58865647e+03  3.38215747e-08  1.58865647e+03  1.07689266e-08 
 1.62566103e+03  3.37494051e-08  1.62566103e+03  1.07459683e-08 
 1.66352754e+03  3.36787249e-08  1.66352754e+03  1.07234851e-08 
 1.70227608e+03  3.36095058e-08  1.70227608e+03  1.07014681e-08 
 1.74192718e+03  3.35417200e-08  1.74192718e+03  1.06799085e-08 
 1.78250188e+03  3.34753400e-08  1.78250188e+03  1.06587974e-08 
 1.82402168e+03  3.34103388e-08  1.82402168e+03  1.06381265e-08 
 1.86650860e+03  3.33466897e-08  1.86650860e+03  1.06178872e-08 
 1.90998517e+03  3.32843667e-08  1.90998517e+03  1.05980713e-08 
 1.95447444e+03  3.32233438e-08  1.95447444e+03  1.05786707e-08 
 2.00000000e+03  3.31635958e-08  2.00000000e+03  1.05596772e-08 
 2.04658598e+03  3.31050975e-08  2.04658598e+03  1.05410830e-08 
 2.09425710e+03  3.30478245e-08  2.09425710e+03  1.05228804e-08 
 2.14303861e+03  3.29917525e-08  2.14303861e+03  1.05050617e-08 
 2.19295639e+03  3.29368577e-08  2.19295639e+03  1.04876193e-08 
 2.24403691e+03  3.28831167e-08  2.24403691e+03  1.04705460e-08 
 2.29630724e+03  3.28305064e-08  2.29630724e+03  1.04538344e-08 
 2.34979511e+03  3.27790040e-08  2.34979511e+03  1.04374773e-08 
 2.40452887e+03  3.27285874e-08  2.40452887e+03  1.04214679e-08 
 2.46053754e+03  3.26792345e-08  2.46053754e+03  1.04057990e-08 
 2.51785082e+03  3.26309237e-08  2.51785082e+03  1.03904641e-08 
 2.57649910e+03  3.25836338e-08  2.57649910e+03  1.03754563e-08 
 2.63651348e+03  3.25373439e-08  2.63651348e+03  1.03607693e-08 
 2.69792577e+03  3.24920334e-08  2.69792577e+03  1.03463964e-08 
 2.76076853e+03  3.24476822e-08  2.76076853e+03  1.03323314e-08 
 2.82507509e+03  3.24042703e-08  2.82507509e+03  1.03185681e-08 
 2.89087954e+03  3.23617782e-08  2.89087954e+03  1.03051004e-08 
 2.95821678e+03  3.23201868e-08  2.95821678e+03  1.02919223e-08 
 3.02712250e+03  3.22794770e-08  3.02712250e+03  1.02790279e-08 
 3.09763324e+03  3.22396303e-08  3.09763324e+03  1.02664114e-08 
 3.16978638e+03  3.22006284e-08  3.16978638e+03  1.02540671e-08 
 3.24362019e+03  3.21624534e-08  3.24362019e+03  1.02419895e-08 
 3.31917381e+03  3.21250875e-08  3.31917381e+03  1.02301732e-08 
 3.39648730e+03  3.20885135e-08  3.39648730e+03  1.02186126e-08 
 3.47560166e+03  3.20527141e-08  3.47560166e+03  1.02073027e-08 
 3.55655882e+03  3.20176725e-08  3.55655882e+03  1.01962381e-08 
 3.63940172e+03  3.19833723e-08  3.63940172e+03  1.01854139e-08 
 3.72417427e+03  3.19497971e-08  3.72417427e+03  1.01748250e-08 
 3.81092144e+03  3.19169310e-08  3.81092144e+03  1.01644665e-08 
 3.89968920e+03  3.18847582e-08  3.89968920e+03  1.01543338e-08 
 3.99052463e+03  3.18532632e-08  3.99052463e+03  1.01444220e-08 
 4.08347589e+03  3.18224308e-08  4.08347589e+03  1.01347265e-08 
 4.17859226e+03  3.17922459e-08  4.17859226e+03  1.01252429e-08 
 4.27592418e+03  3.17626938e-08  4.27592418e+03  1.01159667e-08 
 4.37552325e+03  3.17337600e-08  4.37552325e+03  1.01068935e-08 
 4.47744228e+03  3.17054301e-08  4.47744228e+03  1.00980190e-08 
 4.58173531e+03  3.16776901e-08  4.58173531e+03  1.00893392e-08 
 4.68845763e+03  3.16505261e-08  4.68845763e+03  1.00808498e-08 
 4.79766584e+03  3.16239243e-08  4.79766584e+03  1.00725470e-08 
 4.90941783e+03  3.15978714e-08  4.90941783e+03  1.00644266e-08 
 5.02377286e+03  3.15723541e-08  5.02377286e+03  1.00564849e-08 
 5.14079157e+03  3.15473591e-08  5.14079157e+03  1.00487180e-08 
 5.26053598e+03  3.15228737e-08  5.26053598e+03  1.00411223e-08 
 5.38306961e+03  3.14988851e-08  5.38306961e+03  1.00336942e-08 
 5.50845741e+03  3.14753807e-08  5.50845741e+03  1.00264299e-08 
 5.63676586e+03  3.14523481e-08  5.63676586e+03  1.00193261e-08 
 5.76806301e+03  3.14297751e-08  5.76806301e+03  1.00123794e-08 
 5.90241845e+03  3.14076494e-08  5.90241845e+03  1.00055863e-08 
 6.03990344e+03  3.13859593e-08  6.03990344e+03  9.99894362e-09 
 6.18059087e+03  3.13646927e-08  6.18059087e+03  9.99244809e-09 
 6.32455532e+03  3.13438380e-08  6.32455532e+03  9.98609657e-09 
 6.47187314e+03  3.13233837e-08  6.47187314e+03  9.97988597e-09 
 6.62262243e+03  3.13033182e-08  6.62262243e+03  9.97381326e-09 
 6.77688312e+03  3.12836301e-08  6.77688312e+03  9.96787549e-09 
 6.93473701e+03  3.12643081e-08  6.93473701e+03  9.96206973e-09 
 7.09626778e+03  3.12453412e-08  7.09626778e+03  9.95639316e-09 
 7.26156110e+03  3.12267180e-08  7.26156110e+03  9.95084299e-09 
 7.43070458e+03  3.12084277e-08  7.43070458e+03  9.94541649e-09 
 7.60378793e+03  3.11904592e-08  7.60378793e+03  9.94011099e-09 
 7.78090290e+03  3.11728016e-08  7.78090290e+03  9.93492388e-09 
 7.96214341e+03  3.11554439e-08  7.96214341e+03  9.92985260e-09 
 8.14760556e+03  3.11383755e-08  8.14760556e+03  9.92489465e-09 
 8.33738767e+03  3.11215854e-08  8.33738767e+03  9.92004757e-09 
 8.53159038e+03  3.11050628e-08  8.53159038e+03  9.91530897e-09 
 8.73031664e+03  3.10887970e-08  8.73031664e+03  9.91067650e-09 
 8.93367184e+03  3.10727772e-08  8.93367184e+03  9.90614785e-09 
 9.14176379e+03  3.10569925e-08  9.14176379e+03  9.90172079e-09 
 9.35470283e+03  3.10414322e-08  9.35470283e+03  9.89739310e-09 
 9.57260185e+03  3.10260854e-08  9.57260185e+03  9.89316264e-09 
 9.79557639e+03  3.10109411e-08  9.79557639e+03  9.88902730e-09 
 1.00237447e+04  3.09959886e-08  1.00237447e+04  9.88498502e-09 
 1.02572277e+04  3.09812166e-08  1.02572277e+04  9.88103378e-09 
 1.04961492e+04  3.09666142e-08  1.04961492e+04  9.87717162e-09 
 1.07406359e+04  3.09521702e-08  1.07406359e+04  9.87339659e-09 
 1.09908175e+04  3.09378733e-08  1.09908175e+04  9.86970682e-09 
 1.12468265e+04  3.09237120e-08  1.12468265e+04  9.86610046e-09 
 1.15087987e+04  3.09096748e-08  1.15087987e+04  9.86257571e-09 
 1.17768731e+04  3.08957502e-08  1.17768731e+04  9.85913080e-09 
 1.20511917e+04  3.08819261e-08  1.20511917e+04  9.85576401e-09 
 1.23319000e+04  3.08681908e-08  1.23319000e+04  9.85247366e-09 
 1.26191469e+04  3.08545318e-08  1.26191469e+04  9.84925809e-09 
 1.29130846e+04  3.08409370e-08  1.29130846e+04  9.84611570e-09 
 1.32138690e+04  3.08273936e-08  1.32138690e+04  9.84304492e-09 
 1.35216595e+04  3.08138888e-08  1.35216595e+04  9.84004420e-09 
 1.38366194e+04  3.08004095e-08  1.38366194e+04  9.83711205e-09 
 1.41589157e+04  3.07869424e-08  1.41589157e+04  9.83424700e-09 
 1.44887192e+04  3.07734738e-08  1.44887192e+04  9.83144761e-09 
 1.48262048e+04  3.07599897e-08  1.48262048e+04  9.82871250e-09 
 1.51715515e+04  3.07464759e-08  1.51715515e+04  9.82604028e-09 
 1.55249423e+04  3.07329177e-08  1.55249423e+04  9.82342964e-09 
 1.58865647e+04  3.07193001e-08  1.58865647e+04  9.82087926e-09 
 1.62566103e+04  3.07056077e-08  1.62566103e+04  9.81838788e-09 
 1.66352754e+04  3.06918247e-08  1.66352754e+04  9.81595426e-09 
 1.70227608e+04  3.06779348e-08  1.70227608e+04  9.81357720e-09 
 1.74192718e+04  3.06639214e-08  1.74192718e+04  9.81125550e-09 
 1.78250188e+04  3.06497673e-08  1.78250188e+04  9.80898803e-09 
 1.82402168e+04  3.06354548e-08  1.82402168e+04  9.80677367e-09 
 1.86650860e+04  3.06209656e-08  1.86650860e+04  9.80461132e-09 
 1.90998517e+04  3.06062811e-08  1.90998517e+04  9.80249992e-09 
 1.95447444e+04  3.05913817e-08  1.95447444e+04  9.80043844e-09 
 2.00000000e+04  3.05762475e-08  2.00000000e+04  9.79842586e-09 
