 2.00000000e+01  4.22988855e-08  2.00000000e+01  4.23638128e-08 
 2.04658598e+01  4.18360598e-08  2.04658598e+01  4.18997057e-08 
 2.09425710e+01  4.13787394e-08  2.09425710e+01  4.14411502e-08 
 2.14303861e+01  4.09268649e-08  2.14303861e+01  4.09880848e-08 
 2.19295639e+01  4.04803780e-08  2.19295639e+01  4.05404487e-08 
 2.24403691e+01  4.00392206e-08  2.24403691e+01  4.00981821e-08 
 2.29630724e+01  3.96033354e-08  2.29630724e+01  3.96612255e-08 
 2.34979511e+01  3.91726656e-08  2.34979511e+01  3.92295205e-08 
 2.40452887e+01  3.87471550e-08  2.40452887e+01  3.88030092e-08 
 2.46053754e+01  3.83267481e-08  2.46053754e+01  3.83816343e-08 
 2.51785082e+01  3.79113899e-08  2.51785082e+01  3.79653392e-08 
 2.57649910e+01  3.75010259e-08  2.57649910e+01  3.75540683e-08 
 2.63651348e+01  3.70956024e-08  2.63651348e+01  3.71477661e-08 
 2.69792577e+01  3.66950661e-08  2.69792577e+01  3.67463782e-08 
 2.76076853e+01  3.62993643e-08  2.76076853e+01  3.63498507e-08 
 2.82507509e+01  3.59084449e-08  2.82507509e+01  3.59581303e-08 
 2.89087954e+01  3.55222563e-08  2.89087954e+01  3.55711643e-08 
 2.95821678e+01  3.51407477e-08  2.95821678e+01  3.51889006e-08 
 3.02712250e+01  3.47638685e-08  3.02712250e+01  3.48112880e-08 
 3.09763324e+01  3.43915688e-08  3.09763324e+01  3.44382755e-08 
 3.16978638e+01  3.40237995e-08  3.16978638e+01  3.40698129e-08 
 3.24362019e+01  3.36605115e-08  3.24362019e+01  3.37058506e-08 
 3.31917381e+01  3.33016568e-08  3.31917381e+01  3.33463396e-08 
 3.39648730e+01  3.29471876e-08  3.39648730e+01  3.29912314e-08 
 3.47560166e+01  3.25970567e-08  3.47560166e+01  3.26404780e-08 
 3.55655882e+01  3.22512174e-08  3.55655882e+01  3.22940322e-08 
 3.63940172e+01  3.19096237e-08  3.63940172e+01  3.19518470e-08 
 3.72417427e+01  3.15722297e-08  3.72417427e+01  3.16138764e-08 
 3.81092144e+01  3.12389905e-08  3.81092144e+01  3.12800745e-08 
 3.89968920e+01  3.09098614e-08  3.89968920e+01  3.09503962e-08 
 3.99052463e+01  3.05847983e-08  3.99052463e+01  3.06247969e-08 
 4.08347589e+01  3.02637575e-08  4.08347589e+01  3.03032324e-08 
 4.17859226e+01  2.99466960e-08  4.17859226e+01  2.99856591e-08 
 4.27592418e+01  2.96335709e-08  4.27592418e+01  2.96720339e-08 
 4.37552325e+01  2.93243402e-08  4.37552325e+01  2.93623141e-08 
 4.47744228e+01  2.90189621e-08  4.47744228e+01  2.90564577e-08 
 4.58173531e+01  2.87173955e-08  4.58173531e+01  2.87544231e-08 
 4.68845763e+01  2.84195993e-08  4.68845763e+01  2.84561690e-08 
 4.79766584e+01  2.81255335e-08  4.79766584e+01  2.81616548e-08 
 4.90941783e+01  2.78351580e-08  4.90941783e+01  2.78708402e-08 
 5.02377286e+01  2.75484335e-08  5.02377286e+01  2.75836856e-08 
 5.14079157e+01  2.72653209e-08  5.14079157e+01  2.73001516e-08 
 5.26053598e+01  2.69857816e-08  5.26053598e+01  2.70201995e-08 
 5.38306961e+01  2.67097776e-08  5.38306961e+01  2.67437907e-08 
 5.50845741e+01  2.64372711e-08  5.50845741e+01  2.64708873e-08 
 5.63676586e+01  2.61682249e-08  5.63676586e+01  2.62014517e-08 
 5.76806301e+01  2.59026020e-08  5.76806301e+01  2.59354470e-08 
 5.90241845e+01  2.56403660e-08  5.90241845e+01  2.56728363e-08 
 6.03990344e+01  2.53814808e-08  6.03990344e+01  2.54135834e-08 
 6.18059087e+01  2.51259108e-08  6.18059087e+01  2.51576525e-08 
 6.32455532e+01  2.48736207e-08  6.32455532e+01  2.49050080e-08 
 6.47187314e+01  2.46245755e-08  6.47187314e+01  2.46556149e-08 
 6.62262243e+01  2.43787408e-08  6.62262243e+01  2.44094385e-08 
 6.77688312e+01  2.41360824e-08  6.77688312e+01  2.41664444e-08 
 6.93473701e+01  2.38965666e-08  6.93473701e+01  2.39265989e-08 
 7.09626778e+01  2.36601601e-08  7.09626778e+01  2.36898683e-08 
 7.26156110e+01  2.34268296e-08  7.26156110e+01  2.34562194e-08 
 7.43070458e+01  2.31965427e-08  7.43070458e+01  2.32256195e-08 
 7.60378793e+01  2.29692669e-08  7.60378793e+01  2.29980361e-08 
 7.78090290e+01  2.27449704e-08  7.78090290e+01  2.27734370e-08 
 7.96214341e+01  2.25236213e-08  7.96214341e+01  2.25517906e-08 
 8.14760556e+01  2.23051885e-08  8.14760556e+01  2.23330654e-08 
 8.33738767e+01  2.20896411e-08  8.33738767e+01  2.21172303e-08 
 8.53159038e+01  2.18769482e-08  8.53159038e+01  2.19042546e-08 
 8.73031664e+01  2.16670797e-08  8.73031664e+01  2.16941078e-08 
 8.93367184e+01  2.14600055e-08  8.93367184e+01  2.14867599e-08 
 9.14176379e+01  2.12556959e-08  9.14176379e+01  2.12821810e-08 
 9.35470283e+01  2.10541216e-08  9.35470283e+01  2.10803418e-08 
 9.57260185e+01  2.08552535e-08  9.57260185e+01  2.08812129e-08 
 9.79557639e+01  2.06590628e-08  9.79557639e+01  2.06847656e-08 
 1.00237447e+02  2.04655209e-08  1.00237447e+02  2.04909713e-08 
 1.02572277e+02  2.02745998e-08  1.02572277e+02  2.02998017e-08 
 1.04961492e+02  2.00862714e-08  1.04961492e+02  2.01112288e-08 
 1.07406359e+02  1.99005082e-08  1.07406359e+02  1.99252249e-08 
 1.09908175e+02  1.97172828e-08  1.09908175e+02  1.97417625e-08 
 1.12468265e+02  1.95365681e-08  1.12468265e+02  1.95608145e-08 
 1.15087987e+02  1.93583372e-08  1.15087987e+02  1.93823541e-08 
 1.17768731e+02  1.91825636e-08  1.17768731e+02  1.92063545e-08 
 1.20511917e+02  1.90092210e-08  1.20511917e+02  1.90327894e-08 
 1.23319000e+02  1.88382834e-08  1.23319000e+02  1.88616327e-08 
 1.26191469e+02  1.86697249e-08  1.26191469e+02  1.86928586e-08 
 1.29130846e+02  1.85035199e-08  1.29130846e+02  1.85264413e-08 
 1.32138690e+02  1.83396432e-08  1.32138690e+02  1.83623555e-08 
 1.35216595e+02  1.81780697e-08  1.35216595e+02  1.82005762e-08 
 1.38366194e+02  1.80187744e-08  1.38366194e+02  1.80410783e-08 
 1.41589157e+02  1.78617329e-08  1.41589157e+02  1.78838372e-08 
 1.44887192e+02  1.77069206e-08  1.44887192e+02  1.77288285e-08 
 1.48262048e+02  1.75543134e-08  1.48262048e+02  1.75760279e-08 
 1.51715515e+02  1.74038873e-08  1.51715515e+02  1.74254114e-08 
 1.55249423e+02  1.72556187e-08  1.55249423e+02  1.72769552e-08 
 1.58865647e+02  1.71094838e-08  1.58865647e+02  1.71306358e-08 
 1.62566103e+02  1.69654595e-08  1.62566103e+02  1.69864297e-08 
 1.66352754e+02  1.68235225e-08  1.66352754e+02  1.68443138e-08 
 1.70227608e+02  1.66836499e-08  1.70227608e+02  1.67042650e-08 
 1.74192718e+02  1.65458190e-08  1.74192718e+02  1.65662607e-08 
 1.78250188e+02  1.64100073e-08  1.78250188e+02  1.64302781e-08 
 1.82402168e+02  1.62761923e-08  1.82402168e+02  1.62962950e-08 
 1.86650860e+02  1.61443519e-08  1.86650860e+02  1.61642891e-08 
 1.90998517e+02  1.60144641e-08  1.90998517e+02  1.60342384e-08 
 1.95447444e+02  1.58865071e-08  1.95447444e+02  1.59061210e-08 
 2.00000000e+02  1.57604593e-08  2.00000000e+02  1.57799152e-08 
 2.04658598e+02  1.56362991e-08  2.04658598e+02  1.56555995e-08 
 2.09425710e+02  1.55140052e-08  2.09425710e+02  1.55331527e-08 
 2.14303861e+02  1.53935567e-08  2.14303861e+02  1.54125535e-08 
 2.19295639e+02  1.52749323e-08  2.19295639e+02  1.52937810e-08 
 2.24403691e+02  1.51581115e-08  2.24403691e+02  1.51768142e-08 
 2.29630724e+02  1.50430735e-08  2.29630724e+02  1.50616326e-08 
 2.34979511e+02  1.49297979e-08  2.34979511e+02  1.49482156e-08 
 2.40452887e+02  1.48182642e-08  2.40452887e+02  1.48365429e-08 
 2.46053754e+02  1.47084525e-08  2.46053754e+02  1.47265942e-08 
 2.51785082e+02  1.46003425e-08  2.51785082e+02  1.46183495e-08 
 2.57649910e+02  1.44939144e-08  2.57649910e+02  1.45117889e-08 
 2.63651348e+02  1.43891485e-08  2.63651348e+02  1.44068926e-08 
 2.69792577e+02  1.42860253e-08  2.69792577e+02  1.43036410e-08 
 2.76076853e+02  1.41845252e-08  2.76076853e+02  1.42020146e-08 
 2.82507509e+02  1.40846289e-08  2.82507509e+02  1.41019941e-08 
 2.89087954e+02  1.39863174e-08  2.89087954e+02  1.40035603e-08 
 2.95821678e+02  1.38895715e-08  2.95821678e+02  1.39066942e-08 
 3.02712250e+02  1.37943724e-08  3.02712250e+02  1.38113768e-08 
 3.09763324e+02  1.37007012e-08  3.09763324e+02  1.37175893e-08 
 3.16978638e+02  1.36085395e-08  3.16978638e+02  1.36253131e-08 
 3.24362019e+02  1.35178687e-08  3.24362019e+02  1.35345297e-08 
 3.31917381e+02  1.34286704e-08  3.31917381e+02  1.34452207e-08 
 3.39648730e+02  1.33409264e-08  3.39648730e+02  1.33573678e-08 
 3.47560166e+02  1.32546185e-08  3.47560166e+02  1.32709530e-08 
 3.55655882e+02  1.31697290e-08  3.55655882e+02  1.31859581e-08 
 3.63940172e+02  1.30862398e-08  3.63940172e+02  1.31023653e-08 
 3.72417427e+02  1.30041332e-08  3.72417427e+02  1.30201570e-08 
 3.81092144e+02  1.29233917e-08  3.81092144e+02  1.29393154e-08 
 3.89968920e+02  1.28439979e-08  3.89968920e+02  1.28598232e-08 
 3.99052463e+02  1.27659342e-08  3.99052463e+02  1.27816628e-08 
 4.08347589e+02  1.26891836e-08  4.08347589e+02  1.27048171e-08 
 4.17859226e+02  1.26137290e-08  4.17859226e+02  1.26292689e-08 
 4.27592418e+02  1.25395533e-08  4.27592418e+02  1.25550013e-08 
 4.37552325e+02  1.24666397e-08  4.37552325e+02  1.24819974e-08 
 4.47744228e+02  1.23949715e-08  4.47744228e+02  1.24102405e-08 
 4.58173531e+02  1.23245321e-08  4.58173531e+02  1.23397138e-08 
 4.68845763e+02  1.22553049e-08  4.68845763e+02  1.22704010e-08 
 4.79766584e+02  1.21872737e-08  4.79766584e+02  1.22022855e-08 
 4.90941783e+02  1.21204223e-08  4.90941783e+02  1.21353513e-08 
 5.02377286e+02  1.20547344e-08  5.02377286e+02  1.20695821e-08 
 5.14079157e+02  1.19901941e-08  5.14079157e+02  1.20049619e-08 
 5.26053598e+02  1.19267856e-08  5.26053598e+02  1.19414748e-08 
 5.38306961e+02  1.18644930e-08  5.38306961e+02  1.18791052e-08 
 5.50845741e+02  1.18033009e-08  5.50845741e+02  1.18178372e-08 
 5.63676586e+02  1.17431936e-08  5.63676586e+02  1.17576555e-08 
 5.76806301e+02  1.16841558e-08  5.76806301e+02  1.16985447e-08 
 5.90241845e+02  1.16261723e-08  5.90241845e+02  1.16404893e-08 
 6.03990344e+02  1.15692279e-08  6.03990344e+02  1.15834744e-08 
 6.18059087e+02  1.15133076e-08  6.18059087e+02  1.15274849e-08 
 6.32455532e+02  1.14583967e-08  6.32455532e+02  1.14725060e-08 
 6.47187314e+02  1.14044802e-08  6.47187314e+02  1.14185227e-08 
 6.62262243e+02  1.13515436e-08  6.62262243e+02  1.13655206e-08 
 6.77688312e+02  1.12995725e-08  6.77688312e+02  1.13134851e-08 
 6.93473701e+02  1.12485524e-08  6.93473701e+02  1.12624017e-08 
 7.09626778e+02  1.11984691e-08  7.09626778e+02  1.12122564e-08 
 7.26156110e+02  1.11493085e-08  7.26156110e+02  1.11630349e-08 
 7.43070458e+02  1.11010567e-08  7.43070458e+02  1.11147232e-08 
 7.60378793e+02  1.10536997e-08  7.60378793e+02  1.10673075e-08 
 7.78090290e+02  1.10072238e-08  7.78090290e+02  1.10207740e-08 
 7.96214341e+02  1.09616155e-08  7.96214341e+02  1.09751091e-08 
 8.14760556e+02  1.09168614e-08  8.14760556e+02  1.09302994e-08 
 8.33738767e+02  1.08729480e-08  8.33738767e+02  1.08863315e-08 
 8.53159038e+02  1.08298621e-08  8.53159038e+02  1.08431921e-08 
 8.73031664e+02  1.07875908e-08  8.73031664e+02  1.08008683e-08 
 8.93367184e+02  1.07461211e-08  8.93367184e+02  1.07593470e-08 
 9.14176379e+02  1.07054401e-08  9.14176379e+02  1.07186155e-08 
 9.35470283e+02  1.06655352e-08  9.35470283e+02  1.06786610e-08 
 9.57260185e+02  1.06263939e-08  9.57260185e+02  1.06394710e-08 
 9.79557639e+02  1.05880038e-08  9.79557639e+02  1.06010331e-08 
 1.00237447e+03  1.05503527e-08  1.00237447e+03  1.05633350e-08 
 1.02572277e+03  1.05134283e-08  1.02572277e+03  1.05263646e-08 
 1.04961492e+03  1.04772186e-08  1.04961492e+03  1.04901098e-08 
 1.07406359e+03  1.04417119e-08  1.07406359e+03  1.04545587e-08 
 1.09908175e+03  1.04068964e-08  1.09908175e+03  1.04196997e-08 
 1.12468265e+03  1.03727605e-08  1.12468265e+03  1.03855211e-08 
 1.15087987e+03  1.03392927e-08  1.15087987e+03  1.03520115e-08 
 1.17768731e+03  1.03064818e-08  1.17768731e+03  1.03191594e-08 
 1.20511917e+03  1.02743165e-08  1.20511917e+03  1.02869538e-08 
 1.23319000e+03  1.02427858e-08  1.23319000e+03  1.02553835e-08 
 1.26191469e+03  1.02118787e-08  1.26191469e+03  1.02244376e-08 
 1.29130846e+03  1.01815845e-08  1.29130846e+03  1.01941053e-08 
 1.32138690e+03  1.01518926e-08  1.32138690e+03  1.01643759e-08 
 1.35216595e+03  1.01227924e-08  1.35216595e+03  1.01352390e-08 
 1.38366194e+03  1.00942735e-08  1.38366194e+03  1.01066841e-08 
 1.41589157e+03  1.00663257e-08  1.41589157e+03  1.00787009e-08 
 1.44887192e+03  1.00389389e-08  1.44887192e+03  1.00512794e-08 
 1.48262048e+03  1.00121032e-08  1.48262048e+03  1.00244096e-08 
 1.51715515e+03  9.98580855e-09  1.51715515e+03  9.99808148e-09 
 1.55249423e+03  9.96004539e-09  1.55249423e+03  9.97228547e-09 
 1.58865647e+03  9.93480412e-09  1.58865647e+03  9.94701193e-09 
 1.62566103e+03  9.91007527e-09  1.62566103e+03  9.92225140e-09 
 1.66352754e+03  9.88584954e-09  1.66352754e+03  9.89799454e-09 
 1.70227608e+03  9.86211774e-09  1.70227608e+03  9.87423217e-09 
 1.74192718e+03  9.83887081e-09  1.74192718e+03  9.85095521e-09 
 1.78250188e+03  9.81609983e-09  1.78250188e+03  9.82815473e-09 
 1.82402168e+03  9.79379600e-09  1.82402168e+03  9.80582190e-09 
 1.86650860e+03  9.77195066e-09  1.86650860e+03  9.78394806e-09 
 1.90998517e+03  9.75055527e-09  1.90998517e+03  9.76252465e-09 
 1.95447444e+03  9.72960140e-09  1.95447444e+03  9.74154323e-09 
 2.00000000e+03  9.70908077e-09  2.00000000e+03  9.72099551e-09 
 2.04658598e+03  9.68898523e-09  2.04658598e+03  9.70087331e-09 
 2.09425710e+03  9.66930672e-09  2.09425710e+03  9.68116858e-09 
 2.14303861e+03  9.65003734e-09  2.14303861e+03  9.66187338e-09 
 2.19295639e+03  9.63116929e-09  2.19295639e+03  9.64297992e-09 
 2.24403691e+03  9.61269490e-09  2.24403691e+03  9.62448050e-09 
 2.29630724e+03  9.59460662e-09  2.29630724e+03  9.60636757e-09 
 2.34979511e+03  9.57689702e-09  2.34979511e+03  9.58863367e-09 
 2.40452887e+03  9.55955878e-09  2.40452887e+03  9.57127147e-09 
 2.46053754e+03  9.54258472e-09  2.46053754e+03  9.55427378e-09 
 2.51785082e+03  9.52596774e-09  2.51785082e+03  9.53763350e-09 
 2.57649910e+03  9.50970089e-09  2.57649910e+03  9.52134364e-09 
 2.63651348e+03  9.49377732e-09  2.63651348e+03  9.50539734e-09 
 2.69792577e+03  9.47819029e-09  2.69792577e+03  9.48978787e-09 
 2.76076853e+03  9.46293318e-09  2.76076853e+03  9.47450856e-09 
 2.82507509e+03  9.44799948e-09  2.82507509e+03  9.45955291e-09 
 2.89087954e+03  9.43338278e-09  2.89087954e+03  9.44491448e-09 
 2.95821678e+03  9.41907679e-09  2.95821678e+03  9.43058697e-09 
 3.02712250e+03  9.40507532e-09  3.02712250e+03  9.41656418e-09 
 3.09763324e+03  9.39137228e-09  3.09763324e+03  9.40284001e-09 
 3.16978638e+03  9.37796172e-09  3.16978638e+03  9.38940846e-09 
 3.24362019e+03  9.36483774e-09  3.24362019e+03  9.37626366e-09 
 3.31917381e+03  9.35199459e-09  3.31917381e+03  9.36339980e-09 
 3.39648730e+03  9.33942659e-09  3.39648730e+03  9.35081122e-09 
 3.47560166e+03  9.32712818e-09  3.47560166e+03  9.33849231e-09 
 3.55655882e+03  9.31509388e-09  3.55655882e+03  9.32643760e-09 
 3.63940172e+03  9.30331833e-09  3.63940172e+03  9.31464170e-09 
 3.72417427e+03  9.29179625e-09  3.72417427e+03  9.30309930e-09 
 3.81092144e+03  9.28052245e-09  3.81092144e+03  9.29180521e-09 
 3.89968920e+03  9.26949186e-09  3.89968920e+03  9.28075433e-09 
 3.99052463e+03  9.25869948e-09  3.99052463e+03  9.26994164e-09 
 4.08347589e+03  9.24814039e-09  4.08347589e+03  9.25936221e-09 
 4.17859226e+03  9.23780981e-09  4.17859226e+03  9.24901122e-09 
 4.27592418e+03  9.22770298e-09  4.27592418e+03  9.23888391e-09 
 4.37552325e+03  9.21781529e-09  4.37552325e+03  9.22897563e-09 
 4.47744228e+03  9.20814218e-09  4.47744228e+03  9.21928180e-09 
 4.58173531e+03  9.19867918e-09  4.58173531e+03  9.20979793e-09 
 4.68845763e+03  9.18942191e-09  4.68845763e+03  9.20051962e-09 
 4.79766584e+03  9.18036607e-09  4.79766584e+03  9.19144254e-09 
 4.90941783e+03  9.17150744e-09  4.90941783e+03  9.18256244e-09 
 5.02377286e+03  9.16284189e-09  5.02377286e+03  9.17387517e-09 
 5.14079157e+03  9.15436535e-09  5.14079157e+03  9.16537662e-09 
 5.26053598e+03  9.14607384e-09  5.26053598e+03  9.15706279e-09 
 5.38306961e+03  9.13796345e-09  5.38306961e+03  9.14892975e-09 
 5.50845741e+03  9.13003035e-09  5.50845741e+03  9.14097362e-09 
 5.63676586e+03  9.12227079e-09  5.63676586e+03  9.13319062e-09 
 5.76806301e+03  9.11468107e-09  5.76806301e+03  9.12557703e-09 
 5.90241845e+03  9.10725758e-09  5.90241845e+03  9.11812920e-09 
 6.03990344e+03  9.09999678e-09  6.03990344e+03  9.11084355e-09 
 6.18059087e+03  9.09289519e-09  6.18059087e+03  9.10371657e-09 
 6.32455532e+03  9.08594940e-09  6.32455532e+03  9.09674480e-09 
 6.47187314e+03  9.07915608e-09  6.47187314e+03  9.08992487e-09 
 6.62262243e+03  9.07251194e-09  6.62262243e+03  9.08325345e-09 
 6.77688312e+03  9.06601377e-09  6.77688312e+03  9.07672730e-09 
 6.93473701e+03  9.05965843e-09  6.93473701e+03  9.07034322e-09 
 7.09626778e+03  9.05344282e-09  7.09626778e+03  9.06409806e-09 
 7.26156110e+03  9.04736393e-09  7.26156110e+03  9.05798877e-09 
 7.43070458e+03  9.04141878e-09  7.43070458e+03  9.05201231e-09 
 7.60378793e+03  9.03560446e-09  7.60378793e+03  9.04616574e-09 
 7.78090290e+03  9.02991813e-09  7.78090290e+03  9.04044613e-09 
 7.96214341e+03  9.02435699e-09  7.96214341e+03  9.03485064e-09 
 8.14760556e+03  9.01891830e-09  8.14760556e+03  9.02937647e-09 
 8.33738767e+03  9.01359938e-09  8.33738767e+03  9.02402086e-09 
 8.53159038e+03  9.00839760e-09  8.53159038e+03  9.01878113e-09 
 8.73031664e+03  9.00331036e-09  8.73031664e+03  9.01365462e-09 
 8.93367184e+03  8.99833516e-09  8.93367184e+03  9.00863873e-09 
 9.14176379e+03  8.99346950e-09  9.14176379e+03  9.00373091e-09 
 9.35470283e+03  8.98871096e-09  9.35470283e+03  8.99892866e-09 
 9.57260185e+03  8.98405715e-09  9.57260185e+03  8.99422949e-09 
 9.79557639e+03  8.97950575e-09  9.79557639e+03  8.98963101e-09 
 1.00237447e+04  8.97505446e-09  1.00237447e+04  8.98513082e-09 
 1.02572277e+04  8.97070103e-09  1.02572277e+04  8.98072659e-09 
 1.04961492e+04  8.96644328e-09  1.04961492e+04  8.97641602e-09 
 1.07406359e+04  8.96227904e-09  1.07406359e+04  8.97219686e-09 
 1.09908175e+04  8.95820619e-09  1.09908175e+04  8.96806689e-09 
 1.12468265e+04  8.95422268e-09  1.12468265e+04  8.96402392e-09 
 1.15087987e+04  8.95032645e-09  1.15087987e+04  8.96006579e-09 
 1.17768731e+04  8.94651552e-09  1.17768731e+04  8.95619040e-09 
 1.20511917e+04  8.94278793e-09  1.20511917e+04  8.95239567e-09 
 1.23319000e+04  8.93914176e-09  1.23319000e+04  8.94867954e-09 
 1.26191469e+04  8.93557514e-09  1.26191469e+04  8.94503999e-09 
 1.29130846e+04  8.93208622e-09  1.29130846e+04  8.94147503e-09 
 1.32138690e+04  8.92867318e-09  1.32138690e+04  8.93798271e-09 
 1.35216595e+04  8.92533425e-09  1.35216595e+04  8.93456107e-09 
 1.38366194e+04  8.92206768e-09  1.38366194e+04  8.93120823e-09 
 1.41589157e+04  8.91887176e-09  1.41589157e+04  8.92792228e-09 
 1.44887192e+04  8.91574482e-09  1.44887192e+04  8.92470138e-09 
 1.48262048e+04  8.91268519e-09  1.48262048e+04  8.92154368e-09 
 1.51715515e+04  8.90969127e-09  1.51715515e+04  8.91844735e-09 
 1.55249423e+04  8.90676145e-09  1.55249423e+04  8.91541061e-09 
 1.58865647e+04  8.90389418e-09  1.58865647e+04  8.91243168e-09 
 1.62566103e+04  8.90108790e-09  1.62566103e+04  8.90950878e-09 
 1.66352754e+04  8.89834112e-09  1.66352754e+04  8.90664018e-09 
 1.70227608e+04  8.89565235e-09  1.70227608e+04  8.90382415e-09 
 1.74192718e+04  8.89302012e-09  1.74192718e+04  8.90105895e-09 
 1.78250188e+04  8.89044300e-09  1.78250188e+04  8.89834289e-09 
 1.82402168e+04  8.88791957e-09  1.82402168e+04  8.89567428e-09 
 1.86650860e+04  8.88544843e-09  1.86650860e+04  8.89305141e-09 
 1.90998517e+04  8.88302822e-09  1.90998517e+04  8.89047262e-09 
 1.95447444e+04  8.88065758e-09  1.95447444e+04  8.88793623e-09 
 2.00000000e+04  8.87833517e-09  2.00000000e+04  8.88544058e-09 
