 2.00000000e+01  1.69337804e+03  2.00000000e+01  1.93792518e-02 
 2.24403691e+01  1.50938447e+03  2.24403691e+01  1.93784372e-02 
 2.51785082e+01  1.34541568e+03  2.51785082e+01  1.93776520e-02 
 2.82507509e+01  1.19929702e+03  2.82507509e+01  1.93769666e-02 
 3.16978638e+01  1.06909036e+03  3.16978638e+01  1.93764603e-02 
 3.55655882e+01  9.53068476e+02  3.55655882e+01  1.93762200e-02 
 3.99052463e+01  8.49692199e+02  3.99052463e+01  1.93763390e-02 
 4.47744228e+01  7.57590037e+02  4.47744228e+01  1.93769178e-02 
 5.02377286e+01  6.75540006e+02  5.02377286e+01  1.93780668e-02 
 5.63676586e+01  6.02453428e+02  5.63676586e+01  1.93799118e-02 
 6.32455532e+01  5.37360502e+02  6.32455532e+01  1.93826011e-02 
 7.09626778e+01  4.79397432e+02  7.09626778e+01  1.93863154e-02 
 7.96214341e+01  4.27794961e+02  7.96214341e+01  1.93912794e-02 
 8.93367184e+01  3.81868148e+02  8.93367184e+01  1.93977762e-02 
 1.00237447e+02  3.41007260e+02  1.00237447e+02  1.94061635e-02 
 1.12468265e+02  3.04669640e+02  1.12468265e+02  1.94168947e-02 
 1.26191469e+02  2.72372460e+02  1.26191469e+02  1.94305430e-02 
 1.41589157e+02  2.43686241e+02  1.41589157e+02  1.94478324e-02 
 1.58865647e+02  2.18229061e+02  1.58865647e+02  1.94696753e-02 
 1.78250188e+02  1.95661352e+02  1.78250188e+02  1.94972191e-02 
 2.00000000e+02  1.75681225e+02  2.00000000e+02  1.95319041e-02 
 2.24403691e+02  1.58020237e+02  2.24403691e+02  1.95755344e-02 
 2.51785082e+02  1.42439541e+02  2.51785082e+02  1.96303654e-02 
 2.82507509e+02  1.28726360e+02  2.82507509e+02  1.96992098e-02 
 3.16978638e+02  1.16690739e+02  3.16978638e+02  1.97855656e-02 
 3.55655882e+02  1.06162534e+02  3.55655882e+02  1.98937690e-02 
 3.99052463e+02  9.69886324e+01  3.99052463e+02  2.00291745e-02 
 4.47744228e+02  8.90304113e+01  4.47744228e+02  2.01983623e-02 
 5.02377286e+02  8.21614629e+01  5.02377286e+02  2.04093731e-02 
 5.63676586e+02  7.62656474e+01  5.63676586e+02  2.06719652e-02 
 6.32455532e+02  7.12355334e+01  6.32455532e+02  2.09978859e-02 
 7.09626778e+02  6.69712722e+01  7.09626778e+02  2.14011432e-02 
 7.96214341e+02  6.33799194e+01  7.96214341e+02  2.18982598e-02 
 8.93367184e+02  6.03751595e+01  8.93367184e+02  2.25084870e-02 
 1.00237447e+03  5.78773342e+01  1.00237447e+03  2.32539574e-02 
 1.12468265e+03  5.58136382e+01  1.12468265e+03  2.41597601e-02 
 1.26191469e+03  5.41183380e+01  1.26191469e+03  2.52539361e-02 
 1.41589157e+03  5.27328927e+01  1.41589157e+03  2.65674104e-02 
 1.58865647e+03  5.16059019e+01  1.58865647e+03  2.81338983e-02 
 1.78250188e+03  5.06928582e+01  1.78250188e+03  2.99898390e-02 
 2.00000000e+03  4.99557226e+01  2.00000000e+03  3.21744186e-02 
 2.24403691e+03  4.93623657e+01  2.24403691e+03  3.47297318e-02 
 2.51785082e+03  4.88859324e+01  2.51785082e+03  3.77011187e-02 
 2.82507509e+03  4.85041771e+01  2.82507509e+03  4.11376839e-02 
 3.16978638e+03  4.81988136e+01  3.16978638e+03  4.50929887e-02 
 3.55655882e+03  4.79549075e+01  3.55655882e+03  4.96258911e-02 
 3.99052463e+03  4.77603268e+01  3.99052463e+03  5.48015086e-02 
 4.47744228e+03  4.76052604e+01  4.47744228e+03  6.06922821e-02 
 5.02377286e+03  4.74818032e+01  5.02377286e+03  6.73791273e-02 
 5.63676586e+03  4.73836060e+01  5.63676586e+03  7.49526710e-02 
 6.32455532e+03  4.73055828e+01  6.32455532e+03  8.35145768e-02 
 7.09626778e+03  4.72436699e+01  7.09626778e+03  9.31789697e-02 
 7.96214341e+03  4.71946281e+01  7.96214341e+03  1.04073974e-01 
 8.93367184e+03  4.71558822e+01  8.93367184e+03  1.16343377e-01 
 1.00237447e+04  4.71253918e+01  1.00237447e+04  1.30148428e-01 
 1.12468265e+04  4.71015477e+01  1.12468265e+04  1.45669789e-01 
 1.26191469e+04  4.70830887e+01  1.26191469e+04  1.63109619e-01 
 1.41589157e+04  4.70690368e+01  1.41589157e+04  1.82693810e-01 
 1.58865647e+04  4.70586459e+01  1.58865647e+04  2.04674323e-01 
 1.78250188e+04  4.70513626e+01  1.78250188e+04  2.29331599e-01 
 2.00000000e+04  4.70467967e+01  2.00000000e+04  2.56976955e-01 
 2.24403691e+04  4.70447003e+01  2.24403691e+04  2.87954871e-01 
 2.51785082e+04  4.70449528e+01  2.51785082e+04  3.22644961e-01 
 2.82507509e+04  4.70475535e+01  2.82507509e+04  3.61463409e-01 
 3.16978638e+04  4.70526182e+01  3.16978638e+04  4.04863497e-01 
 3.55655882e+04  4.70603807e+01  3.55655882e+04  4.53334729e-01 
 3.99052463e+04  4.70711983e+01  3.99052463e+04  5.07399911e-01 
 4.47744228e+04  4.70855597e+01  4.47744228e+04  5.67609293e-01 
 5.02377286e+04  4.71040942e+01  5.02377286e+04  6.34530697e-01 
 5.63676586e+04  4.71275803e+01  5.63676586e+04  7.08734302e-01 
 6.32455532e+04  4.71569498e+01  6.32455532e+04  7.90770607e-01 
 7.09626778e+04  4.71932836e+01  7.09626778e+04  8.81140078e-01 
 7.96214341e+04  4.72377923e+01  7.96214341e+04  9.80253317e-01 
 8.93367184e+04  4.72917747e+01  8.93367184e+04  1.08838145e+00 
 1.00237447e+05  4.73565461e+01  1.00237447e+05  1.20559807e+00 
 1.12468265e+05  4.74333295e+01  1.12468265e+05  1.33171684e+00 
 1.26191469e+05  4.75231082e+01  1.26191469e+05  1.46623240e+00 
 1.41589157e+05  4.76264473e+01  1.41589157e+05  1.60827672e+00 
 1.58865647e+05  4.77433044e+01  1.58865647e+05  1.75660651e+00 
 1.78250188e+05  4.78728667e+01  1.78250188e+05  1.90963865e+00 
 2.00000000e+05  4.80134617e+01  2.00000000e+05  2.06554685e+00 
