 2.00000000e+01  7.18337440e+01 
 2.24403691e+01  7.18265622e+01 
 2.51785082e+01  7.18171357e+01 
 2.82507509e+01  7.18049781e+01 
 3.16978638e+01  7.17894677e+01 
 3.55655882e+01  7.17698194e+01 
 3.99052463e+01  7.17450509e+01 
 4.47744228e+01  7.17139437e+01 
 5.02377286e+01  7.16749979e+01 
 5.63676586e+01  7.16263818e+01 
 6.32455532e+01  7.15658811e+01 
 7.09626778e+01  7.14908471e+01 
 7.96214341e+01  7.13981548e+01 
 8.93367184e+01  7.12841782e+01 
 1.00237447e+02  7.11447948e+01 
 1.12468265e+02  7.09754356e+01 
 1.26191469e+02  7.07711942e+01 
 1.41589157e+02  7.05270072e+01 
 1.58865647e+02  7.02379084e+01 
 1.78250188e+02  6.98993448e+01 
 2.00000000e+02  6.95075236e+01 
 2.24403691e+02  6.90597429e+01 
 2.51785082e+02  6.85546503e+01 
 2.82507509e+02  6.79923799e+01 
 3.16978638e+02  6.73745383e+01 
 3.55655882e+02  6.67040434e+01 
 3.99052463e+02  6.59848495e+01 
 4.47744228e+02  6.52216090e+01 
 5.02377286e+02  6.44193284e+01 
 5.63676586e+02  6.35830616e+01 
 6.32455532e+02  6.27176685e+01 
 7.09626778e+02  6.18276476e+01 
 7.96214341e+02  6.09170390e+01 
 8.93367184e+02  5.99893835e+01 
 1.00237447e+03  5.90477247e+01 
 1.12468265e+03  5.80946374e+01 
 1.26191469e+03  5.71322733e+01 
 1.41589157e+03  5.61624118e+01 
 1.58865647e+03  5.51865132e+01 
 1.78250188e+03  5.42057681e+01 
 2.00000000e+03  5.32211423e+01 
 2.24403691e+03  5.22334167e+01 
 2.51785082e+03  5.12432209e+01 
 2.82507509e+03  5.02510616e+01 
 3.16978638e+03  4.92573466e+01 
 3.55655882e+03  4.82624044e+01 
 3.99052463e+03  4.72665006e+01 
 4.47744228e+03  4.62698507e+01 
 5.02377286e+03  4.52726315e+01 
 5.63676586e+03  4.42749903e+01 
 6.32455532e+03  4.32770519e+01 
 7.09626778e+03  4.22789256e+01 
 7.96214341e+03  4.12807110e+01 
 8.93367184e+03  4.02825029e+01 
 1.00237447e+04  3.92843963e+01 
 1.12468265e+04  3.82864917e+01 
 1.26191469e+04  3.72889003e+01 
 1.41589157e+04  3.62917495e+01 
 1.58865647e+04  3.52951898e+01 
 1.78250188e+04  3.42994025e+01 
 2.00000000e+04  3.33046090e+01 
 2.24403691e+04  3.23110818e+01 
 2.51785082e+04  3.13191583e+01 
 2.82507509e+04  3.03292567e+01 
 3.16978638e+04  2.93418963e+01 
 3.55655882e+04  2.83577212e+01 
 3.99052463e+04  2.73775285e+01 
 4.47744228e+04  2.64023016e+01 
 5.02377286e+04  2.54332480e+01 
 5.63676586e+04  2.44718422e+01 
 6.32455532e+04  2.35198709e+01 
 7.09626778e+04  2.25794779e+01 
 7.96214341e+04  2.16532055e+01 
 8.93367184e+04  2.07440214e+01 
 1.00237447e+05  1.98553251e+01 
 1.12468265e+05  1.89909155e+01 
 1.26191469e+05  1.81549077e+01 
 1.41589157e+05  1.73515818e+01 
 1.58865647e+05  1.65851545e+01 
 1.78250188e+05  1.58594721e+01 
 2.00000000e+05  1.51776430e+01 
