 2.00000000e+01  8.92101170e-09  2.00000000e+01  8.93048655e-09 
 2.04658598e+01  8.90684698e-09  2.04658598e+01  8.91618528e-09 
 2.09425710e+01  8.89301825e-09  2.09425710e+01  8.90222620e-09 
 2.14303861e+01  8.87951736e-09  2.14303861e+01  8.88860085e-09 
 2.19295639e+01  8.86633633e-09  2.19295639e+01  8.87530097e-09 
 2.24403691e+01  8.85346739e-09  2.24403691e+01  8.86231855e-09 
 2.29630724e+01  8.84090296e-09  2.29630724e+01  8.84964574e-09 
 2.34979511e+01  8.82863567e-09  2.34979511e+01  8.83727493e-09 
 2.40452887e+01  8.81665830e-09  2.40452887e+01  8.82519869e-09 
 2.46053754e+01  8.80496384e-09  2.46053754e+01  8.81340977e-09 
 2.51785082e+01  8.79354544e-09  2.51785082e+01  8.80190113e-09 
 2.57649910e+01  8.78239642e-09  2.57649910e+01  8.79066590e-09 
 2.63651348e+01  8.77151027e-09  2.63651348e+01  8.77969737e-09 
 2.69792577e+01  8.76088065e-09  2.69792577e+01  8.76898902e-09 
 2.76076853e+01  8.75050137e-09  2.76076853e+01  8.75853450e-09 
 2.82507509e+01  8.74036638e-09  2.82507509e+01  8.74832760e-09 
 2.89087954e+01  8.73046982e-09  2.89087954e+01  8.73836229e-09 
 2.95821678e+01  8.72080592e-09  2.95821678e+01  8.72863268e-09 
 3.02712250e+01  8.71136911e-09  3.02712250e+01  8.71913304e-09 
 3.09763324e+01  8.70215392e-09  3.09763324e+01  8.70985778e-09 
 3.16978638e+01  8.69315502e-09  3.16978638e+01  8.70080144e-09 
 3.24362019e+01  8.68436724e-09  3.24362019e+01  8.69195872e-09 
 3.31917381e+01  8.67578550e-09  3.31917381e+01  8.68332444e-09 
 3.39648730e+01  8.66740487e-09  3.39648730e+01  8.67489356e-09 
 3.47560166e+01  8.65922053e-09  3.47560166e+01  8.66666115e-09 
 3.55655882e+01  8.65122779e-09  3.55655882e+01  8.65862242e-09 
 3.63940172e+01  8.64342207e-09  3.63940172e+01  8.65077270e-09 
 3.72417427e+01  8.63579889e-09  3.72417427e+01  8.64310743e-09 
 3.81092144e+01  8.62835391e-09  3.81092144e+01  8.63562216e-09 
 3.89968920e+01  8.62108287e-09  3.89968920e+01  8.62831256e-09 
 3.99052463e+01  8.61398163e-09  3.99052463e+01  8.62117442e-09 
 4.08347589e+01  8.60704614e-09  4.08347589e+01  8.61420360e-09 
 4.17859226e+01  8.60027246e-09  4.17859226e+01  8.60739611e-09 
 4.27592418e+01  8.59365674e-09  4.27592418e+01  8.60074801e-09 
 4.37552325e+01  8.58719522e-09  4.37552325e+01  8.59425550e-09 
 4.47744228e+01  8.58088425e-09  4.47744228e+01  8.58791484e-09 
 4.58173531e+01  8.57472025e-09  4.58173531e+01  8.58172242e-09 
 4.68845763e+01  8.56869974e-09  4.68845763e+01  8.57567468e-09 
 4.79766584e+01  8.56281931e-09  4.79766584e+01  8.56976818e-09 
 4.90941783e+01  8.55707566e-09  4.90941783e+01  8.56399954e-09 
 5.02377286e+01  8.55146553e-09  5.02377286e+01  8.55836548e-09 
 5.14079157e+01  8.54598578e-09  5.14079157e+01  8.55286280e-09 
 5.26053598e+01  8.54063333e-09  5.26053598e+01  8.54748837e-09 
 5.38306961e+01  8.53540516e-09  5.38306961e+01  8.54223914e-09 
 5.50845741e+01  8.53029835e-09  5.50845741e+01  8.53711215e-09 
 5.63676586e+01  8.52531003e-09  5.63676586e+01  8.53210448e-09 
 5.76806301e+01  8.52043740e-09  5.76806301e+01  8.52721331e-09 
 5.90241845e+01  8.51567775e-09  5.90241845e+01  8.52243588e-09 
 6.03990344e+01  8.51102842e-09  6.03990344e+01  8.51776950e-09 
 6.18059087e+01  8.50648680e-09  6.18059087e+01  8.51321153e-09 
 6.32455532e+01  8.50205037e-09  6.32455532e+01  8.50875942e-09 
 6.47187314e+01  8.49771665e-09  6.47187314e+01  8.50441066e-09 
 6.62262243e+01  8.49348324e-09  6.62262243e+01  8.50016282e-09 
 6.77688312e+01  8.48934777e-09  6.77688312e+01  8.49601351e-09 
 6.93473701e+01  8.48530795e-09  6.93473701e+01  8.49196041e-09 
 7.09626778e+01  8.48136153e-09  7.09626778e+01  8.48800126e-09 
 7.26156110e+01  8.47750634e-09  7.26156110e+01  8.48413384e-09 
 7.43070458e+01  8.47374023e-09  7.43070458e+01  8.48035599e-09 
 7.60378793e+01  8.47006111e-09  7.60378793e+01  8.47666561e-09 
 7.78090290e+01  8.46646696e-09  7.78090290e+01  8.47306064e-09 
 7.96214341e+01  8.46295578e-09  7.96214341e+01  8.46953908e-09 
 8.14760556e+01  8.45952564e-09  8.14760556e+01  8.46609896e-09 
 8.33738767e+01  8.45617464e-09  8.33738767e+01  8.46273839e-09 
 8.53159038e+01  8.45290093e-09  8.53159038e+01  8.45945549e-09 
 8.73031664e+01  8.44970272e-09  8.73031664e+01  8.45624845e-09 
 8.93367184e+01  8.44657824e-09  8.93367184e+01  8.45311548e-09 
 9.14176379e+01  8.44352577e-09  9.14176379e+01  8.45005486e-09 
 9.35470283e+01  8.44054364e-09  9.35470283e+01  8.44706489e-09 
 9.57260185e+01  8.43763020e-09  9.57260185e+01  8.44414392e-09 
 9.79557639e+01  8.43478386e-09  9.79557639e+01  8.44129034e-09 
 1.00237447e+02  8.43200305e-09  1.00237447e+02  8.43850258e-09 
 1.02572277e+02  8.42928626e-09  1.02572277e+02  8.43577909e-09 
 1.04961492e+02  8.42663199e-09  1.04961492e+02  8.43311839e-09 
 1.07406359e+02  8.42403879e-09  1.07406359e+02  8.43051901e-09 
 1.09908175e+02  8.42150524e-09  1.09908175e+02  8.42797951e-09 
 1.12468265e+02  8.41902995e-09  1.12468265e+02  8.42549850e-09 
 1.15087987e+02  8.41661158e-09  1.15087987e+02  8.42307463e-09 
 1.17768731e+02  8.41424881e-09  1.17768731e+02  8.42070655e-09 
 1.20511917e+02  8.41194033e-09  1.20511917e+02  8.41839298e-09 
 1.23319000e+02  8.40968490e-09  1.23319000e+02  8.41613265e-09 
 1.26191469e+02  8.40748129e-09  1.26191469e+02  8.41392432e-09 
 1.29130846e+02  8.40532829e-09  1.29130846e+02  8.41176677e-09 
 1.32138690e+02  8.40322474e-09  1.32138690e+02  8.40965884e-09 
 1.35216595e+02  8.40116948e-09  1.35216595e+02  8.40759937e-09 
 1.38366194e+02  8.39916141e-09  1.38366194e+02  8.40558724e-09 
 1.41589157e+02  8.39719942e-09  1.41589157e+02  8.40362134e-09 
 1.44887192e+02  8.39528246e-09  1.44887192e+02  8.40170061e-09 
 1.48262048e+02  8.39340948e-09  1.48262048e+02  8.39982400e-09 
 1.51715515e+02  8.39157946e-09  1.51715515e+02  8.39799049e-09 
 1.55249423e+02  8.38979142e-09  1.55249423e+02  8.39619908e-09 
 1.58865647e+02  8.38804438e-09  1.58865647e+02  8.39444879e-09 
 1.62566103e+02  8.38633740e-09  1.62566103e+02  8.39273868e-09 
 1.66352754e+02  8.38466955e-09  1.66352754e+02  8.39106781e-09 
 1.70227608e+02  8.38303994e-09  1.70227608e+02  8.38943527e-09 
 1.74192718e+02  8.38144766e-09  1.74192718e+02  8.38784019e-09 
 1.78250188e+02  8.37989188e-09  1.78250188e+02  8.38628169e-09 
 1.82402168e+02  8.37837174e-09  1.82402168e+02  8.38475893e-09 
 1.86650860e+02  8.37688642e-09  1.86650860e+02  8.38327109e-09 
 1.90998517e+02  8.37543512e-09  1.90998517e+02  8.38181736e-09 
 1.95447444e+02  8.37401706e-09  1.95447444e+02  8.38039694e-09 
 2.00000000e+02  8.37263147e-09  2.00000000e+02  8.37900908e-09 
 2.04658598e+02  8.37127760e-09  2.04658598e+02  8.37765302e-09 
 2.09425710e+02  8.36995473e-09  2.09425710e+02  8.37632802e-09 
 2.14303861e+02  8.36866214e-09  2.14303861e+02  8.37503338e-09 
 2.19295639e+02  8.36739913e-09  2.19295639e+02  8.37376839e-09 
 2.24403691e+02  8.36616502e-09  2.24403691e+02  8.37253237e-09 
 2.29630724e+02  8.36495915e-09  2.29630724e+02  8.37132465e-09 
 2.34979511e+02  8.36378087e-09  2.34979511e+02  8.37014458e-09 
 2.40452887e+02  8.36262954e-09  2.40452887e+02  8.36899153e-09 
 2.46053754e+02  8.36150455e-09  2.46053754e+02  8.36786486e-09 
 2.51785082e+02  8.36040528e-09  2.51785082e+02  8.36676398e-09 
 2.57649910e+02  8.35933116e-09  2.57649910e+02  8.36568829e-09 
 2.63651348e+02  8.35828159e-09  2.63651348e+02  8.36463720e-09 
 2.69792577e+02  8.35725603e-09  2.69792577e+02  8.36361017e-09 
 2.76076853e+02  8.35625390e-09  2.76076853e+02  8.36260662e-09 
 2.82507509e+02  8.35527469e-09  2.82507509e+02  8.36162603e-09 
 2.89087954e+02  8.35431786e-09  2.89087954e+02  8.36066786e-09 
 2.95821678e+02  8.35338289e-09  2.95821678e+02  8.35973160e-09 
 3.02712250e+02  8.35246929e-09  3.02712250e+02  8.35881675e-09 
 3.09763324e+02  8.35157657e-09  3.09763324e+02  8.35792280e-09 
 3.16978638e+02  8.35070424e-09  3.16978638e+02  8.35704929e-09 
 3.24362019e+02  8.34985185e-09  3.24362019e+02  8.35619575e-09 
 3.31917381e+02  8.34901892e-09  3.31917381e+02  8.35536171e-09 
 3.39648730e+02  8.34820502e-09  3.39648730e+02  8.35454673e-09 
 3.47560166e+02  8.34740971e-09  3.47560166e+02  8.35375037e-09 
 3.55655882e+02  8.34663256e-09  3.55655882e+02  8.35297220e-09 
 3.63940172e+02  8.34587316e-09  3.63940172e+02  8.35221180e-09 
 3.72417427e+02  8.34513111e-09  3.72417427e+02  8.35146878e-09 
 3.81092144e+02  8.34440599e-09  3.81092144e+02  8.35074272e-09 
 3.89968920e+02  8.34369743e-09  3.89968920e+02  8.35003324e-09 
 3.99052463e+02  8.34300504e-09  3.99052463e+02  8.34933996e-09 
 4.08347589e+02  8.34232846e-09  4.08347589e+02  8.34866250e-09 
 4.17859226e+02  8.34166732e-09  4.17859226e+02  8.34800052e-09 
 4.27592418e+02  8.34102127e-09  4.27592418e+02  8.34735364e-09 
 4.37552325e+02  8.34038997e-09  4.37552325e+02  8.34672152e-09 
 4.47744228e+02  8.33977307e-09  4.47744228e+02  8.34610383e-09 
 4.58173531e+02  8.33917025e-09  4.58173531e+02  8.34550023e-09 
 4.68845763e+02  8.33858118e-09  4.68845763e+02  8.34491041e-09 
 4.79766584e+02  8.33800555e-09  4.79766584e+02  8.34433404e-09 
 4.90941783e+02  8.33744306e-09  4.90941783e+02  8.34377081e-09 
 5.02377286e+02  8.33689339e-09  5.02377286e+02  8.34322043e-09 
 5.14079157e+02  8.33635627e-09  5.14079157e+02  8.34268260e-09 
 5.26053598e+02  8.33583139e-09  5.26053598e+02  8.34215704e-09 
 5.38306961e+02  8.33531848e-09  5.38306961e+02  8.34164345e-09 
 5.50845741e+02  8.33481727e-09  5.50845741e+02  8.34114157e-09 
 5.63676586e+02  8.33432749e-09  5.63676586e+02  8.34065114e-09 
 5.76806301e+02  8.33384888e-09  5.76806301e+02  8.34017187e-09 
 5.90241845e+02  8.33338118e-09  5.90241845e+02  8.33970353e-09 
 6.03990344e+02  8.33292414e-09  6.03990344e+02  8.33924586e-09 
 6.18059087e+02  8.33247752e-09  6.18059087e+02  8.33879861e-09 
 6.32455532e+02  8.33204108e-09  6.32455532e+02  8.33836155e-09 
 6.47187314e+02  8.33161458e-09  6.47187314e+02  8.33793443e-09 
 6.62262243e+02  8.33119781e-09  6.62262243e+02  8.33751705e-09 
 6.77688312e+02  8.33079053e-09  6.77688312e+02  8.33710916e-09 
 6.93473701e+02  8.33039253e-09  6.93473701e+02  8.33671056e-09 
 7.09626778e+02  8.33000360e-09  7.09626778e+02  8.33632102e-09 
 7.26156110e+02  8.32962353e-09  7.26156110e+02  8.33594035e-09 
 7.43070458e+02  8.32925212e-09  7.43070458e+02  8.33556833e-09 
 7.60378793e+02  8.32888917e-09  7.60378793e+02  8.33520477e-09 
 7.78090290e+02  8.32853448e-09  7.78090290e+02  8.33484948e-09 
 7.96214341e+02  8.32818787e-09  7.96214341e+02  8.33450226e-09 
 8.14760556e+02  8.32784915e-09  8.14760556e+02  8.33416292e-09 
 8.33738767e+02  8.32751814e-09  8.33738767e+02  8.33383130e-09 
 8.53159038e+02  8.32719467e-09  8.53159038e+02  8.33350720e-09 
 8.73031664e+02  8.32687856e-09  8.73031664e+02  8.33319046e-09 
 8.93367184e+02  8.32656964e-09  8.93367184e+02  8.33288091e-09 
 9.14176379e+02  8.32626775e-09  9.14176379e+02  8.33257837e-09 
 9.35470283e+02  8.32597273e-09  9.35470283e+02  8.33228270e-09 
 9.57260185e+02  8.32568441e-09  9.57260185e+02  8.33199372e-09 
 9.79557639e+02  8.32540266e-09  9.79557639e+02  8.33171129e-09 
 1.00237447e+03  8.32512731e-09  1.00237447e+03  8.33143526e-09 
 1.02572277e+03  8.32485822e-09  1.02572277e+03  8.33116547e-09 
 1.04961492e+03  8.32459524e-09  1.04961492e+03  8.33090178e-09 
 1.07406359e+03  8.32433825e-09  1.07406359e+03  8.33064405e-09 
 1.09908175e+03  8.32408709e-09  1.09908175e+03  8.33039215e-09 
 1.12468265e+03  8.32384163e-09  1.12468265e+03  8.33014592e-09 
 1.15087987e+03  8.32360175e-09  1.15087987e+03  8.32990526e-09 
 1.17768731e+03  8.32336731e-09  1.17768731e+03  8.32967001e-09 
 1.20511917e+03  8.32313819e-09  1.20511917e+03  8.32944007e-09 
 1.23319000e+03  8.32291427e-09  1.23319000e+03  8.32921530e-09 
 1.26191469e+03  8.32269543e-09  1.26191469e+03  8.32899558e-09 
 1.29130846e+03  8.32248155e-09  1.29130846e+03  8.32878079e-09 
 1.32138690e+03  8.32227251e-09  1.32138690e+03  8.32857082e-09 
 1.35216595e+03  8.32206821e-09  1.35216595e+03  8.32836556e-09 
 1.38366194e+03  8.32186854e-09  1.38366194e+03  8.32816489e-09 
 1.41589157e+03  8.32167338e-09  1.41589157e+03  8.32796871e-09 
 1.44887192e+03  8.32148264e-09  1.44887192e+03  8.32777690e-09 
 1.48262048e+03  8.32129621e-09  1.48262048e+03  8.32758937e-09 
 1.51715515e+03  8.32111399e-09  1.51715515e+03  8.32740601e-09 
 1.55249423e+03  8.32093589e-09  1.55249423e+03  8.32722672e-09 
 1.58865647e+03  8.32076181e-09  1.58865647e+03  8.32705140e-09 
 1.62566103e+03  8.32059165e-09  1.62566103e+03  8.32687997e-09 
 1.66352754e+03  8.32042532e-09  1.66352754e+03  8.32671232e-09 
 1.70227608e+03  8.32026274e-09  1.70227608e+03  8.32654836e-09 
 1.74192718e+03  8.32010382e-09  1.74192718e+03  8.32638801e-09 
 1.78250188e+03  8.31994847e-09  1.78250188e+03  8.32623117e-09 
 1.82402168e+03  8.31979661e-09  1.82402168e+03  8.32607775e-09 
 1.86650860e+03  8.31964816e-09  1.86650860e+03  8.32592768e-09 
 1.90998517e+03  8.31950303e-09  1.90998517e+03  8.32578087e-09 
 1.95447444e+03  8.31936115e-09  1.95447444e+03  8.32563724e-09 
 2.00000000e+03  8.31922244e-09  2.00000000e+03  8.32549670e-09 
 2.04658598e+03  8.31908682e-09  2.04658598e+03  8.32535918e-09 
 2.09425710e+03  8.31895423e-09  2.09425710e+03  8.32522460e-09 
 2.14303861e+03  8.31882459e-09  2.14303861e+03  8.32509289e-09 
 2.19295639e+03  8.31869783e-09  2.19295639e+03  8.32496396e-09 
 2.24403691e+03  8.31857388e-09  2.24403691e+03  8.32483776e-09 
 2.29630724e+03  8.31845267e-09  2.29630724e+03  8.32471419e-09 
 2.34979511e+03  8.31833414e-09  2.34979511e+03  8.32459320e-09 
 2.40452887e+03  8.31821822e-09  2.40452887e+03  8.32447472e-09 
 2.46053754e+03  8.31810485e-09  2.46053754e+03  8.32435866e-09 
 2.51785082e+03  8.31799396e-09  2.51785082e+03  8.32424498e-09 
 2.57649910e+03  8.31788550e-09  2.57649910e+03  8.32413359e-09 
 2.63651348e+03  8.31777941e-09  2.63651348e+03  8.32402444e-09 
 2.69792577e+03  8.31767562e-09  2.69792577e+03  8.32391745e-09 
 2.76076853e+03  8.31757407e-09  2.76076853e+03  8.32381257e-09 
 2.82507509e+03  8.31747472e-09  2.82507509e+03  8.32370972e-09 
 2.89087954e+03  8.31737751e-09  2.89087954e+03  8.32360886e-09 
 2.95821678e+03  8.31728238e-09  2.95821678e+03  8.32350991e-09 
 3.02712250e+03  8.31718927e-09  3.02712250e+03  8.32341281e-09 
 3.09763324e+03  8.31709814e-09  3.09763324e+03  8.32331750e-09 
 3.16978638e+03  8.31700893e-09  3.16978638e+03  8.32322393e-09 
 3.24362019e+03  8.31692160e-09  3.24362019e+03  8.32313203e-09 
 3.31917381e+03  8.31683608e-09  3.31917381e+03  8.32304173e-09 
 3.39648730e+03  8.31675234e-09  3.39648730e+03  8.32295300e-09 
 3.47560166e+03  8.31667032e-09  3.47560166e+03  8.32286575e-09 
 3.55655882e+03  8.31658998e-09  3.55655882e+03  8.32277994e-09 
 3.63940172e+03  8.31651127e-09  3.63940172e+03  8.32269550e-09 
 3.72417427e+03  8.31643414e-09  3.72417427e+03  8.32261238e-09 
 3.81092144e+03  8.31635854e-09  3.81092144e+03  8.32253052e-09 
 3.89968920e+03  8.31628444e-09  3.89968920e+03  8.32244986e-09 
 3.99052463e+03  8.31621178e-09  3.99052463e+03  8.32237034e-09 
 4.08347589e+03  8.31614052e-09  4.08347589e+03  8.32229190e-09 
 4.17859226e+03  8.31607063e-09  4.17859226e+03  8.32221449e-09 
 4.27592418e+03  8.31600204e-09  4.27592418e+03  8.32213804e-09 
 4.37552325e+03  8.31593473e-09  4.37552325e+03  8.32206249e-09 
 4.47744228e+03  8.31586865e-09  4.47744228e+03  8.32198779e-09 
 4.58173531e+03  8.31580375e-09  4.58173531e+03  8.32191388e-09 
 4.68845763e+03  8.31574000e-09  4.68845763e+03  8.32184069e-09 
 4.79766584e+03  8.31567735e-09  4.79766584e+03  8.32176816e-09 
 4.90941783e+03  8.31561577e-09  4.90941783e+03  8.32169622e-09 
 5.02377286e+03  8.31555520e-09  5.02377286e+03  8.32162483e-09 
 5.14079157e+03  8.31549561e-09  5.14079157e+03  8.32155391e-09 
 5.26053598e+03  8.31543696e-09  5.26053598e+03  8.32148339e-09 
 5.38306961e+03  8.31537920e-09  5.38306961e+03  8.32141321e-09 
 5.50845741e+03  8.31532231e-09  5.50845741e+03  8.32134331e-09 
 5.63676586e+03  8.31526622e-09  5.63676586e+03  8.32127361e-09 
 5.76806301e+03  8.31521091e-09  5.76806301e+03  8.32120405e-09 
 5.90241845e+03  8.31515633e-09  5.90241845e+03  8.32113455e-09 
 6.03990344e+03  8.31510244e-09  6.03990344e+03  8.32106504e-09 
 6.18059087e+03  8.31504920e-09  6.18059087e+03  8.32099545e-09 
 6.32455532e+03  8.31499657e-09  6.32455532e+03  8.32092569e-09 
 6.47187314e+03  8.31494450e-09  6.47187314e+03  8.32085570e-09 
 6.62262243e+03  8.31489295e-09  6.62262243e+03  8.32078539e-09 
 6.77688312e+03  8.31484188e-09  6.77688312e+03  8.32071467e-09 
 6.93473701e+03  8.31479124e-09  6.93473701e+03  8.32064347e-09 
 7.09626778e+03  8.31474100e-09  7.09626778e+03  8.32057169e-09 
 7.26156110e+03  8.31469110e-09  7.26156110e+03  8.32049925e-09 
 7.43070458e+03  8.31464150e-09  7.43070458e+03  8.32042605e-09 
 7.60378793e+03  8.31459216e-09  7.60378793e+03  8.32035199e-09 
 7.78090290e+03  8.31454302e-09  7.78090290e+03  8.32027698e-09 
 7.96214341e+03  8.31449404e-09  7.96214341e+03  8.32020092e-09 
 8.14760556e+03  8.31444518e-09  8.14760556e+03  8.32012369e-09 
 8.33738767e+03  8.31439637e-09  8.33738767e+03  8.32004520e-09 
 8.53159038e+03  8.31434758e-09  8.53159038e+03  8.31996532e-09 
 8.73031664e+03  8.31429874e-09  8.73031664e+03  8.31988394e-09 
 8.93367184e+03  8.31424981e-09  8.93367184e+03  8.31980093e-09 
 9.14176379e+03  8.31420073e-09  9.14176379e+03  8.31971617e-09 
 9.35470283e+03  8.31415145e-09  9.35470283e+03  8.31962954e-09 
 9.57260185e+03  8.31410190e-09  9.57260185e+03  8.31954088e-09 
 9.79557639e+03  8.31405203e-09  9.79557639e+03  8.31945007e-09 
 1.00237447e+04  8.31400177e-09  1.00237447e+04  8.31935695e-09 
 1.02572277e+04  8.31395108e-09  1.02572277e+04  8.31926138e-09 
 1.04961492e+04  8.31389987e-09  1.04961492e+04  8.31916319e-09 
 1.07406359e+04  8.31384808e-09  1.07406359e+04  8.31906221e-09 
 1.09908175e+04  8.31379565e-09  1.09908175e+04  8.31895828e-09 
 1.12468265e+04  8.31374251e-09  1.12468265e+04  8.31885122e-09 
 1.15087987e+04  8.31368857e-09  1.15087987e+04  8.31874084e-09 
 1.17768731e+04  8.31363377e-09  1.17768731e+04  8.31862695e-09 
 1.20511917e+04  8.31357803e-09  1.20511917e+04  8.31850934e-09 
 1.23319000e+04  8.31352126e-09  1.23319000e+04  8.31838780e-09 
 1.26191469e+04  8.31346338e-09  1.26191469e+04  8.31826212e-09 
 1.29130846e+04  8.31340431e-09  1.29130846e+04  8.31813206e-09 
 1.32138690e+04  8.31334395e-09  1.32138690e+04  8.31799739e-09 
 1.35216595e+04  8.31328221e-09  1.35216595e+04  8.31785785e-09 
 1.38366194e+04  8.31321899e-09  1.38366194e+04  8.31771319e-09 
 1.41589157e+04  8.31315419e-09  1.41589157e+04  8.31756313e-09 
 1.44887192e+04  8.31308771e-09  1.44887192e+04  8.31740740e-09 
 1.48262048e+04  8.31301943e-09  1.48262048e+04  8.31724569e-09 
 1.51715515e+04  8.31294925e-09  1.51715515e+04  8.31707770e-09 
 1.55249423e+04  8.31287704e-09  1.55249423e+04  8.31690311e-09 
 1.58865647e+04  8.31280268e-09  1.58865647e+04  8.31672158e-09 
 1.62566103e+04  8.31272604e-09  1.62566103e+04  8.31653275e-09 
 1.66352754e+04  8.31264699e-09  1.66352754e+04  8.31633627e-09 
 1.70227608e+04  8.31256539e-09  1.70227608e+04  8.31613175e-09 
 1.74192718e+04  8.31248110e-09  1.74192718e+04  8.31591879e-09 
 1.78250188e+04  8.31239396e-09  1.78250188e+04  8.31569698e-09 
 1.82402168e+04  8.31230381e-09  1.82402168e+04  8.31546588e-09 
 1.86650860e+04  8.31221050e-09  1.86650860e+04  8.31522503e-09 
 1.90998517e+04  8.31211386e-09  1.90998517e+04  8.31497396e-09 
 1.95447444e+04  8.31201369e-09  1.95447444e+04  8.31471218e-09 
 2.00000000e+04  8.31190983e-09  2.00000000e+04  8.31443917e-09 
