 1.00000000e+00  7.54693393e+01  1.00000000e+00  1.79434428e+02 
 1.02329299e+00  7.54691585e+01  1.02329299e+00  1.79423564e+02 
 1.04712855e+00  7.54689819e+01  1.04712855e+00  1.79412433e+02 
 1.07151931e+00  7.54688094e+01  1.07151931e+00  1.79401029e+02 
 1.09647820e+00  7.54686410e+01  1.09647820e+00  1.79389343e+02 
 1.12201845e+00  7.54684765e+01  1.12201845e+00  1.79377368e+02 
 1.14815362e+00  7.54683159e+01  1.14815362e+00  1.79365095e+02 
 1.17489755e+00  7.54681590e+01  1.17489755e+00  1.79352517e+02 
 1.20226443e+00  7.54680059e+01  1.20226443e+00  1.79339625e+02 
 1.23026877e+00  7.54678563e+01  1.23026877e+00  1.79326412e+02 
 1.25892541e+00  7.54677102e+01  1.25892541e+00  1.79312868e+02 
 1.28824955e+00  7.54675674e+01  1.28824955e+00  1.79298986e+02 
 1.31825674e+00  7.54674278e+01  1.31825674e+00  1.79284756e+02 
 1.34896288e+00  7.54672913e+01  1.34896288e+00  1.79270170e+02 
 1.38038426e+00  7.54671577e+01  1.38038426e+00  1.79255219e+02 
 1.41253754e+00  7.54670269e+01  1.41253754e+00  1.79239894e+02 
 1.44543977e+00  7.54668987e+01  1.44543977e+00  1.79224186e+02 
 1.47910839e+00  7.54667731e+01  1.47910839e+00  1.79208085e+02 
 1.51356125e+00  7.54666498e+01  1.51356125e+00  1.79191582e+02 
 1.54881662e+00  7.54665287e+01  1.54881662e+00  1.79174666e+02 
 1.58489319e+00  7.54664097e+01  1.58489319e+00  1.79157329e+02 
 1.62181010e+00  7.54662925e+01  1.62181010e+00  1.79139560e+02 
 1.65958691e+00  7.54661770e+01  1.65958691e+00  1.79121349e+02 
 1.69824365e+00  7.54660631e+01  1.69824365e+00  1.79102685e+02 
 1.73780083e+00  7.54659505e+01  1.73780083e+00  1.79083557e+02 
 1.77827941e+00  7.54658392e+01  1.77827941e+00  1.79063956e+02 
 1.81970086e+00  7.54657289e+01  1.81970086e+00  1.79043869e+02 
 1.86208714e+00  7.54656194e+01  1.86208714e+00  1.79023285e+02 
 1.90546072e+00  7.54655107e+01  1.90546072e+00  1.79002194e+02 
 1.94984460e+00  7.54654024e+01  1.94984460e+00  1.78980582e+02 
 1.99526231e+00  7.54652944e+01  1.99526231e+00  1.78958439e+02 
 2.04173794e+00  7.54651866e+01  2.04173794e+00  1.78935751e+02 
 2.08929613e+00  7.54650786e+01  2.08929613e+00  1.78912506e+02 
 2.13796209e+00  7.54649704e+01  2.13796209e+00  1.78888692e+02 
 2.18776162e+00  7.54648618e+01  2.18776162e+00  1.78864296e+02 
 2.23872114e+00  7.54647525e+01  2.23872114e+00  1.78839303e+02 
 2.29086765e+00  7.54646423e+01  2.29086765e+00  1.78813701e+02 
 2.34422882e+00  7.54645310e+01  2.34422882e+00  1.78787475e+02 
 2.39883292e+00  7.54644184e+01  2.39883292e+00  1.78760611e+02 
 2.45470892e+00  7.54643044e+01  2.45470892e+00  1.78733094e+02 
 2.51188643e+00  7.54641885e+01  2.51188643e+00  1.78704910e+02 
 2.57039578e+00  7.54640708e+01  2.57039578e+00  1.78676043e+02 
 2.63026799e+00  7.54639508e+01  2.63026799e+00  1.78646478e+02 
 2.69153480e+00  7.54638283e+01  2.69153480e+00  1.78616199e+02 
 2.75422870e+00  7.54637032e+01  2.75422870e+00  1.78585189e+02 
 2.81838293e+00  7.54635751e+01  2.81838293e+00  1.78553431e+02 
 2.88403150e+00  7.54634438e+01  2.88403150e+00  1.78520910e+02 
 2.95120923e+00  7.54633090e+01  2.95120923e+00  1.78487606e+02 
 3.01995172e+00  7.54631705e+01  3.01995172e+00  1.78453502e+02 
 3.09029543e+00  7.54630279e+01  3.09029543e+00  1.78418581e+02 
 3.16227766e+00  7.54628809e+01  3.16227766e+00  1.78382822e+02 
 3.23593657e+00  7.54627293e+01  3.23593657e+00  1.78346207e+02 
 3.31131121e+00  7.54625727e+01  3.31131121e+00  1.78308717e+02 
 3.38844156e+00  7.54624108e+01  3.38844156e+00  1.78270331e+02 
 3.46736850e+00  7.54622432e+01  3.46736850e+00  1.78231029e+02 
 3.54813389e+00  7.54620696e+01  3.54813389e+00  1.78190789e+02 
 3.63078055e+00  7.54618896e+01  3.63078055e+00  1.78149591e+02 
 3.71535229e+00  7.54617028e+01  3.71535229e+00  1.78107411e+02 
 3.80189396e+00  7.54615088e+01  3.80189396e+00  1.78064229e+02 
 3.89045145e+00  7.54613073e+01  3.89045145e+00  1.78020019e+02 
 3.98107171e+00  7.54610977e+01  3.98107171e+00  1.77974760e+02 
 4.07380278e+00  7.54608796e+01  4.07380278e+00  1.77928426e+02 
 4.16869383e+00  7.54606525e+01  4.16869383e+00  1.77880993e+02 
 4.26579519e+00  7.54604160e+01  4.26579519e+00  1.77832436e+02 
 4.36515832e+00  7.54601695e+01  4.36515832e+00  1.77782729e+02 
 4.46683592e+00  7.54599124e+01  4.46683592e+00  1.77731844e+02 
 4.57088190e+00  7.54596443e+01  4.57088190e+00  1.77679756e+02 
 4.67735141e+00  7.54593645e+01  4.67735141e+00  1.77626436e+02 
 4.78630092e+00  7.54590724e+01  4.78630092e+00  1.77571856e+02 
 4.89778819e+00  7.54587674e+01  4.89778819e+00  1.77515986e+02 
 5.01187234e+00  7.54584488e+01  5.01187234e+00  1.77458797e+02 
 5.12861384e+00  7.54581158e+01  5.12861384e+00  1.77400258e+02 
 5.24807460e+00  7.54577678e+01  5.24807460e+00  1.77340339e+02 
 5.37031796e+00  7.54574040e+01  5.37031796e+00  1.77279006e+02 
 5.49540874e+00  7.54570235e+01  5.49540874e+00  1.77216228e+02 
 5.62341325e+00  7.54566255e+01  5.62341325e+00  1.77151970e+02 
 5.75439937e+00  7.54562091e+01  5.75439937e+00  1.77086199e+02 
 5.88843655e+00  7.54557734e+01  5.88843655e+00  1.77018880e+02 
 6.02559586e+00  7.54553174e+01  6.02559586e+00  1.76949976e+02 
 6.16595002e+00  7.54548400e+01  6.16595002e+00  1.76879451e+02 
 6.30957344e+00  7.54543402e+01  6.30957344e+00  1.76807267e+02 
 6.45654229e+00  7.54538168e+01  6.45654229e+00  1.76733385e+02 
 6.60693448e+00  7.54532687e+01  6.60693448e+00  1.76657768e+02 
 6.76082975e+00  7.54526946e+01  6.76082975e+00  1.76580373e+02 
 6.91830971e+00  7.54520932e+01  6.91830971e+00  1.76501159e+02 
 7.07945784e+00  7.54514631e+01  7.07945784e+00  1.76420086e+02 
 7.24435960e+00  7.54508028e+01  7.24435960e+00  1.76337109e+02 
 7.41310241e+00  7.54501109e+01  7.41310241e+00  1.76252184e+02 
 7.58577575e+00  7.54493858e+01  7.58577575e+00  1.76165266e+02 
 7.76247117e+00  7.54486257e+01  7.76247117e+00  1.76076309e+02 
 7.94328235e+00  7.54478288e+01  7.94328235e+00  1.75985265e+02 
 8.12830516e+00  7.54469935e+01  8.12830516e+00  1.75892087e+02 
 8.31763771e+00  7.54461176e+01  8.31763771e+00  1.75796724e+02 
 8.51138038e+00  7.54451992e+01  8.51138038e+00  1.75699127e+02 
 8.70963590e+00  7.54442360e+01  8.70963590e+00  1.75599243e+02 
 8.91250938e+00  7.54432259e+01  8.91250938e+00  1.75497020e+02 
 9.12010839e+00  7.54421664e+01  9.12010839e+00  1.75392403e+02 
 9.33254301e+00  7.54410551e+01  9.33254301e+00  1.75285338e+02 
 9.54992586e+00  7.54398893e+01  9.54992586e+00  1.75175768e+02 
 9.77237221e+00  7.54386662e+01  9.77237221e+00  1.75063635e+02 
 1.00000000e+01  7.54373830e+01  1.00000000e+01  1.74948880e+02 
 1.02329299e+01  7.54360365e+01  1.02329299e+01  1.74831444e+02 
 1.04712855e+01  7.54346237e+01  1.04712855e+01  1.74711264e+02 
 1.07151931e+01  7.54331410e+01  1.07151931e+01  1.74588278e+02 
 1.09647820e+01  7.54315850e+01  1.09647820e+01  1.74462422e+02 
 1.12201845e+01  7.54299519e+01  1.12201845e+01  1.74333631e+02 
 1.14815362e+01  7.54282378e+01  1.14815362e+01  1.74201837e+02 
 1.17489755e+01  7.54264385e+01  1.17489755e+01  1.74066974e+02 
 1.20226443e+01  7.54245498e+01  1.20226443e+01  1.73928971e+02 
 1.23026877e+01  7.54225671e+01  1.23026877e+01  1.73787757e+02 
 1.25892541e+01  7.54204856e+01  1.25892541e+01  1.73643261e+02 
 1.28824955e+01  7.54183004e+01  1.28824955e+01  1.73495410e+02 
 1.31825674e+01  7.54160060e+01  1.31825674e+01  1.73344128e+02 
 1.34896288e+01  7.54135971e+01  1.34896288e+01  1.73189340e+02 
 1.38038426e+01  7.54110678e+01  1.38038426e+01  1.73030967e+02 
 1.41253754e+01  7.54084120e+01  1.41253754e+01  1.72868931e+02 
 1.44543977e+01  7.54056234e+01  1.44543977e+01  1.72703153e+02 
 1.47910839e+01  7.54026951e+01  1.47910839e+01  1.72533550e+02 
 1.51356125e+01  7.53996204e+01  1.51356125e+01  1.72360040e+02 
 1.54881662e+01  7.53963917e+01  1.54881662e+01  1.72182540e+02 
 1.58489319e+01  7.53930013e+01  1.58489319e+01  1.72000963e+02 
 1.62181010e+01  7.53894413e+01  1.62181010e+01  1.71815223e+02 
 1.65958691e+01  7.53857031e+01  1.65958691e+01  1.71625234e+02 
 1.69824365e+01  7.53817780e+01  1.69824365e+01  1.71430906e+02 
 1.73780083e+01  7.53776566e+01  1.73780083e+01  1.71232149e+02 
 1.77827941e+01  7.53733293e+01  1.77827941e+01  1.71028874e+02 
 1.81970086e+01  7.53687861e+01  1.81970086e+01  1.70820987e+02 
 1.86208714e+01  7.53640164e+01  1.86208714e+01  1.70608397e+02 
 1.90546072e+01  7.53590091e+01  1.90546072e+01  1.70391010e+02 
 1.94984460e+01  7.53537528e+01  1.94984460e+01  1.70168732e+02 
 1.99526231e+01  7.53482354e+01  1.99526231e+01  1.69941467e+02 
 2.04173794e+01  7.53424446e+01  2.04173794e+01  1.69709121e+02 
 2.08929613e+01  7.53363672e+01  2.08929613e+01  1.69471597e+02 
 2.13796209e+01  7.53299897e+01  2.13796209e+01  1.69228798e+02 
 2.18776162e+01  7.53232980e+01  2.18776162e+01  1.68980628e+02 
 2.23872114e+01  7.53162773e+01  2.23872114e+01  1.68726989e+02 
 2.29086765e+01  7.53089125e+01  2.29086765e+01  1.68467784e+02 
 2.34422882e+01  7.53011877e+01  2.34422882e+01  1.68202916e+02 
 2.39883292e+01  7.52930862e+01  2.39883292e+01  1.67932288e+02 
 2.45470892e+01  7.52845911e+01  2.45470892e+01  1.67655802e+02 
 2.51188643e+01  7.52756846e+01  2.51188643e+01  1.67373363e+02 
 2.57039578e+01  7.52663482e+01  2.57039578e+01  1.67084874e+02 
 2.63026799e+01  7.52565628e+01  2.63026799e+01  1.66790240e+02 
 2.69153480e+01  7.52463087e+01  2.69153480e+01  1.66489367e+02 
 2.75422870e+01  7.52355655e+01  2.75422870e+01  1.66182161e+02 
 2.81838293e+01  7.52243118e+01  2.81838293e+01  1.65868530e+02 
 2.88403150e+01  7.52125259e+01  2.88403150e+01  1.65548383e+02 
 2.95120923e+01  7.52001850e+01  2.95120923e+01  1.65221631e+02 
 3.01995172e+01  7.51872658e+01  3.01995172e+01  1.64888188e+02 
 3.09029543e+01  7.51737443e+01  3.09029543e+01  1.64547967e+02 
 3.16227766e+01  7.51595954e+01  3.16227766e+01  1.64200885e+02 
 3.23593657e+01  7.51447936e+01  3.23593657e+01  1.63846863e+02 
 3.31131121e+01  7.51293124e+01  3.31131121e+01  1.63485822e+02 
 3.38844156e+01  7.51131246e+01  3.38844156e+01  1.63117688e+02 
 3.46736850e+01  7.50962022e+01  3.46736850e+01  1.62742390e+02 
 3.54813389e+01  7.50785166e+01  3.54813389e+01  1.62359858e+02 
 3.63078055e+01  7.50600380e+01  3.63078055e+01  1.61970031e+02 
 3.71535229e+01  7.50407363e+01  3.71535229e+01  1.61572847e+02 
 3.80189396e+01  7.50205802e+01  3.80189396e+01  1.61168251e+02 
 3.89045145e+01  7.49995380e+01  3.89045145e+01  1.60756194e+02 
 3.98107171e+01  7.49775770e+01  3.98107171e+01  1.60336630e+02 
 4.07380278e+01  7.49546637e+01  4.07380278e+01  1.59909518e+02 
 4.16869383e+01  7.49307642e+01  4.16869383e+01  1.59474825e+02 
 4.26579519e+01  7.49058435e+01  4.26579519e+01  1.59032524e+02 
 4.36515832e+01  7.48798661e+01  4.36515832e+01  1.58582593e+02 
 4.46683592e+01  7.48527959e+01  4.46683592e+01  1.58125017e+02 
 4.57088190e+01  7.48245959e+01  4.57088190e+01  1.57659791e+02 
 4.67735141e+01  7.47952289e+01  4.67735141e+01  1.57186914e+02 
 4.78630092e+01  7.47646566e+01  4.78630092e+01  1.56706396e+02 
 4.89778819e+01  7.47328407e+01  4.89778819e+01  1.56218253e+02 
 5.01187234e+01  7.46997420e+01  5.01187234e+01  1.55722513e+02 
 5.12861384e+01  7.46653212e+01  5.12861384e+01  1.55219210e+02 
 5.24807460e+01  7.46295383e+01  5.24807460e+01  1.54708390e+02 
 5.37031796e+01  7.45923533e+01  5.37031796e+01  1.54190106e+02 
 5.49540874e+01  7.45537257e+01  5.49540874e+01  1.53664425e+02 
 5.62341325e+01  7.45136150e+01  5.62341325e+01  1.53131421e+02 
 5.75439937e+01  7.44719804e+01  5.75439937e+01  1.52591181e+02 
 5.88843655e+01  7.44287813e+01  5.88843655e+01  1.52043802e+02 
 6.02559586e+01  7.43839770e+01  6.02559586e+01  1.51489394e+02 
 6.16595002e+01  7.43375270e+01  6.16595002e+01  1.50928077e+02 
 6.30957344e+01  7.42893910e+01  6.30957344e+01  1.50359983e+02 
 6.45654229e+01  7.42395290e+01  6.45654229e+01  1.49785256e+02 
 6.60693448e+01  7.41879017e+01  6.60693448e+01  1.49204053e+02 
 6.76082975e+01  7.41344700e+01  6.76082975e+01  1.48616542e+02 
 6.91830971e+01  7.40791956e+01  6.91830971e+01  1.48022902e+02 
 7.07945784e+01  7.40220411e+01  7.07945784e+01  1.47423328e+02 
 7.24435960e+01  7.39629696e+01  7.24435960e+01  1.46818023e+02 
 7.41310241e+01  7.39019456e+01  7.41310241e+01  1.46207204e+02 
 7.58577575e+01  7.38389344e+01  7.58577575e+01  1.45591099e+02 
 7.76247117e+01  7.37739026e+01  7.76247117e+01  1.44969948e+02 
 7.94328235e+01  7.37068182e+01  7.94328235e+01  1.44344002e+02 
 8.12830516e+01  7.36376506e+01  8.12830516e+01  1.43713524e+02 
 8.31763771e+01  7.35663706e+01  8.31763771e+01  1.43078784e+02 
 8.51138038e+01  7.34929508e+01  8.51138038e+01  1.42440067e+02 
 8.70963590e+01  7.34173656e+01  8.70963590e+01  1.41797663e+02 
 8.91250938e+01  7.33395911e+01  8.91250938e+01  1.41151875e+02 
 9.12010839e+01  7.32596053e+01  9.12010839e+01  1.40503011e+02 
 9.33254301e+01  7.31773885e+01  9.33254301e+01  1.39851387e+02 
 9.54992586e+01  7.30929229e+01  9.54992586e+01  1.39197330e+02 
 9.77237221e+01  7.30061928e+01  9.77237221e+01  1.38541167e+02 
 1.00000000e+02  7.29171849e+01  1.00000000e+02  1.37883235e+02 
 1.02329299e+02  7.28258883e+01  1.02329299e+02  1.37223875e+02 
 1.04712855e+02  7.27322941e+01  1.04712855e+02  1.36563430e+02 
 1.07151931e+02  7.26363961e+01  1.07151931e+02  1.35902247e+02 
 1.09647820e+02  7.25381904e+01  1.09647820e+02  1.35240674e+02 
 1.12201845e+02  7.24376754e+01  1.12201845e+02  1.34579062e+02 
 1.14815362e+02  7.23348523e+01  1.14815362e+02  1.33917761e+02 
 1.17489755e+02  7.22297242e+01  1.17489755e+02  1.33257119e+02 
 1.20226443e+02  7.21222972e+01  1.20226443e+02  1.32597485e+02 
 1.23026877e+02  7.20125793e+01  1.23026877e+02  1.31939202e+02 
 1.25892541e+02  7.19005811e+01  1.25892541e+02  1.31282612e+02 
 1.28824955e+02  7.17863155e+01  1.28824955e+02  1.30628053e+02 
 1.31825674e+02  7.16697977e+01  1.31825674e+02  1.29975856e+02 
 1.34896288e+02  7.15510449e+01  1.34896288e+02  1.29326346e+02 
 1.38038426e+02  7.14300768e+01  1.38038426e+02  1.28679842e+02 
 1.41253754e+02  7.13069147e+01  1.41253754e+02  1.28036656e+02 
 1.44543977e+02  7.11815823e+01  1.44543977e+02  1.27397091e+02 
 1.47910839e+02  7.10541049e+01  1.47910839e+02  1.26761441e+02 
 1.51356125e+02  7.09245097e+01  1.51356125e+02  1.26129991e+02 
 1.54881662e+02  7.07928256e+01  1.54881662e+02  1.25503016e+02 
 1.58489319e+02  7.06590830e+01  1.58489319e+02  1.24880780e+02 
 1.62181010e+02  7.05233137e+01  1.62181010e+02  1.24263537e+02 
 1.65958691e+02  7.03855512e+01  1.65958691e+02  1.23651529e+02 
 1.69824365e+02  7.02458298e+01  1.69824365e+02  1.23044986e+02 
 1.73780083e+02  7.01041853e+01  1.73780083e+02  1.22444128e+02 
 1.77827941e+02  6.99606543e+01  1.77827941e+02  1.21849161e+02 
 1.81970086e+02  6.98152743e+01  1.81970086e+02  1.21260281e+02 
 1.86208714e+02  6.96680837e+01  1.86208714e+02  1.20677670e+02 
 1.90546072e+02  6.95191215e+01  1.90546072e+02  1.20101498e+02 
 1.94984460e+02  6.93684274e+01  1.94984460e+02  1.19531922e+02 
 1.99526231e+02  6.92160413e+01  1.99526231e+02  1.18969090e+02 
 2.04173794e+02  6.90620037e+01  2.04173794e+02  1.18413134e+02 
 2.08929613e+02  6.89063553e+01  2.08929613e+02  1.17864176e+02 
 2.13796209e+02  6.87491368e+01  2.13796209e+02  1.17322327e+02 
 2.18776162e+02  6.85903892e+01  2.18776162e+02  1.16787684e+02 
 2.23872114e+02  6.84301534e+01  2.23872114e+02  1.16260334e+02 
 2.29086765e+02  6.82684700e+01  2.29086765e+02  1.15740354e+02 
 2.34422882e+02  6.81053798e+01  2.34422882e+02  1.15227808e+02 
 2.39883292e+02  6.79409230e+01  2.39883292e+02  1.14722752e+02 
 2.45470892e+02  6.77751397e+01  2.45470892e+02  1.14225229e+02 
 2.51188643e+02  6.76080694e+01  2.51188643e+02  1.13735276e+02 
 2.57039578e+02  6.74397514e+01  2.57039578e+02  1.13252916e+02 
 2.63026799e+02  6.72702243e+01  2.63026799e+02  1.12778168e+02 
 2.69153480e+02  6.70995262e+01  2.69153480e+02  1.12311038e+02 
 2.75422870e+02  6.69276948e+01  2.75422870e+02  1.11851526e+02 
 2.81838293e+02  6.67547668e+01  2.81838293e+02  1.11399624e+02 
 2.88403150e+02  6.65807786e+01  2.88403150e+02  1.10955316e+02 
 2.95120923e+02  6.64057657e+01  2.95120923e+02  1.10518580e+02 
 3.01995172e+02  6.62297629e+01  3.01995172e+02  1.10089386e+02 
 3.09029543e+02  6.60528042e+01  3.09029543e+02  1.09667698e+02 
 3.16227766e+02  6.58749230e+01  3.16227766e+02  1.09253475e+02 
 3.23593657e+02  6.56961517e+01  3.23593657e+02  1.08846669e+02 
 3.31131121e+02  6.55165222e+01  3.31131121e+02  1.08447229e+02 
 3.38844156e+02  6.53360652e+01  3.38844156e+02  1.08055097e+02 
 3.46736850e+02  6.51548110e+01  3.46736850e+02  1.07670213e+02 
 3.54813389e+02  6.49727888e+01  3.54813389e+02  1.07292509e+02 
 3.63078055e+02  6.47900271e+01  3.63078055e+02  1.06921917e+02 
 3.71535229e+02  6.46065536e+01  3.71535229e+02  1.06558364e+02 
 3.80189396e+02  6.44223951e+01  3.80189396e+02  1.06201773e+02 
 3.89045145e+02  6.42375776e+01  3.89045145e+02  1.05852067e+02 
 3.98107171e+02  6.40521264e+01  3.98107171e+02  1.05509163e+02 
 4.07380278e+02  6.38660660e+01  4.07380278e+02  1.05172978e+02 
 4.16869383e+02  6.36794200e+01  4.16869383e+02  1.04843425e+02 
 4.26579519e+02  6.34922114e+01  4.26579519e+02  1.04520417e+02 
 4.36515832e+02  6.33044624e+01  4.36515832e+02  1.04203865e+02 
 4.46683592e+02  6.31161942e+01  4.46683592e+02  1.03893677e+02 
 4.57088190e+02  6.29274276e+01  4.57088190e+02  1.03589762e+02 
 4.67735141e+02  6.27381826e+01  4.67735141e+02  1.03292028e+02 
 4.78630092e+02  6.25484785e+01  4.78630092e+02  1.03000379e+02 
 4.89778819e+02  6.23583337e+01  4.89778819e+02  1.02714723e+02 
 5.01187234e+02  6.21677663e+01  5.01187234e+02  1.02434964e+02 
 5.12861384e+02  6.19767935e+01  5.12861384e+02  1.02161007e+02 
 5.24807460e+02  6.17854320e+01  5.24807460e+02  1.01892757e+02 
 5.37031796e+02  6.15936977e+01  5.37031796e+02  1.01630119e+02 
 5.49540874e+02  6.14016062e+01  5.49540874e+02  1.01372998e+02 
 5.62341325e+02  6.12091721e+01  5.62341325e+02  1.01121298e+02 
 5.75439937e+02  6.10164099e+01  5.75439937e+02  1.00874925e+02 
 5.88843655e+02  6.08233331e+01  5.88843655e+02  1.00633785e+02 
 6.02559586e+02  6.06299552e+01  6.02559586e+02  1.00397785e+02 
 6.16595002e+02  6.04362886e+01  6.16595002e+02  1.00166830e+02 
 6.30957344e+02  6.02423456e+01  6.30957344e+02  9.99408290e+01 
 6.45654229e+02  6.00481379e+01  6.45654229e+02  9.97196899e+01 
 6.60693448e+02  5.98536768e+01  6.60693448e+02  9.95033218e+01 
 6.76082975e+02  5.96589730e+01  6.76082975e+02  9.92916348e+01 
 6.91830971e+02  5.94640369e+01  6.91830971e+02  9.90845397e+01 
 7.07945784e+02  5.92688784e+01  7.07945784e+02  9.88819484e+01 
 7.24435960e+02  5.90735071e+01  7.24435960e+02  9.86837739e+01 
 7.41310241e+02  5.88779321e+01  7.41310241e+02  9.84899299e+01 
 7.58577575e+02  5.86821622e+01  7.58577575e+02  9.83003317e+01 
 7.76247117e+02  5.84862058e+01  7.76247117e+02  9.81148952e+01 
 7.94328235e+02  5.82900710e+01  7.94328235e+02  9.79335378e+01 
 8.12830516e+02  5.80937654e+01  8.12830516e+02  9.77561778e+01 
 8.31763771e+02  5.78972966e+01  8.31763771e+02  9.75827350e+01 
 8.51138038e+02  5.77006716e+01  8.51138038e+02  9.74131300e+01 
 8.70963590e+02  5.75038971e+01  8.70963590e+02  9.72472850e+01 
 8.91250938e+02  5.73069798e+01  8.91250938e+02  9.70851232e+01 
 9.12010839e+02  5.71099259e+01  9.12010839e+02  9.69265690e+01 
 9.33254301e+02  5.69127413e+01  9.33254301e+02  9.67715481e+01 
 9.54992586e+02  5.67154317e+01  9.54992586e+02  9.66199875e+01 
 9.77237221e+02  5.65180027e+01  9.77237221e+02  9.64718154e+01 
 1.00000000e+03  5.63204594e+01  1.00000000e+03  9.63269612e+01 
 1.02329299e+03  5.61228070e+01  1.02329299e+03  9.61853556e+01 
 1.04712855e+03  5.59250502e+01  1.04712855e+03  9.60469305e+01 
 1.07151931e+03  5.57271936e+01  1.07151931e+03  9.59116189e+01 
 1.09647820e+03  5.55292415e+01  1.09647820e+03  9.57793554e+01 
 1.12201845e+03  5.53311983e+01  1.12201845e+03  9.56500753e+01 
 1.14815362e+03  5.51330680e+01  1.14815362e+03  9.55237156e+01 
 1.17489755e+03  5.49348544e+01  1.17489755e+03  9.54002142e+01 
 1.20226443e+03  5.47365611e+01  1.20226443e+03  9.52795103e+01 
 1.23026877e+03  5.45381918e+01  1.23026877e+03  9.51615441e+01 
 1.25892541e+03  5.43397498e+01  1.25892541e+03  9.50462574e+01 
 1.28824955e+03  5.41412383e+01  1.28824955e+03  9.49335926e+01 
 1.31825674e+03  5.39426604e+01  1.31825674e+03  9.48234936e+01 
 1.34896288e+03  5.37440191e+01  1.34896288e+03  9.47159054e+01 
 1.38038426e+03  5.35453171e+01  1.38038426e+03  9.46107740e+01 
 1.41253754e+03  5.33465573e+01  1.41253754e+03  9.45080465e+01 
 1.44543977e+03  5.31477421e+01  1.44543977e+03  9.44076712e+01 
 1.47910839e+03  5.29488741e+01  1.47910839e+03  9.43095974e+01 
 1.51356125e+03  5.27499556e+01  1.51356125e+03  9.42137755e+01 
 1.54881662e+03  5.25509888e+01  1.54881662e+03  9.41201567e+01 
 1.58489319e+03  5.23519759e+01  1.58489319e+03  9.40286937e+01 
 1.62181010e+03  5.21529190e+01  1.62181010e+03  9.39393396e+01 
 1.65958691e+03  5.19538201e+01  1.65958691e+03  9.38520491e+01 
 1.69824365e+03  5.17546810e+01  1.69824365e+03  9.37667774e+01 
 1.73780083e+03  5.15555036e+01  1.73780083e+03  9.36834810e+01 
 1.77827941e+03  5.13562895e+01  1.77827941e+03  9.36021171e+01 
 1.81970086e+03  5.11570404e+01  1.81970086e+03  9.35226439e+01 
 1.86208714e+03  5.09577579e+01  1.86208714e+03  9.34450206e+01 
 1.90546072e+03  5.07584435e+01  1.90546072e+03  9.33692072e+01 
 1.94984460e+03  5.05590987e+01  1.94984460e+03  9.32951646e+01 
 1.99526231e+03  5.03597247e+01  1.99526231e+03  9.32228546e+01 
 2.04173794e+03  5.01603230e+01  2.04173794e+03  9.31522398e+01 
 2.08929613e+03  4.99608947e+01  2.08929613e+03  9.30832837e+01 
 2.13796209e+03  4.97614411e+01  2.13796209e+03  9.30159505e+01 
 2.18776162e+03  4.95619634e+01  2.18776162e+03  9.29502054e+01 
 2.23872114e+03  4.93624626e+01  2.23872114e+03  9.28860143e+01 
 2.29086765e+03  4.91629398e+01  2.29086765e+03  9.28233436e+01 
 2.34422882e+03  4.89633959e+01  2.34422882e+03  9.27621610e+01 
 2.39883292e+03  4.87638320e+01  2.39883292e+03  9.27024345e+01 
 2.45470892e+03  4.85642490e+01  2.45470892e+03  9.26441330e+01 
 2.51188643e+03  4.83646478e+01  2.51188643e+03  9.25872262e+01 
 2.57039578e+03  4.81650291e+01  2.57039578e+03  9.25316843e+01 
 2.63026799e+03  4.79653938e+01  2.63026799e+03  9.24774783e+01 
 2.69153480e+03  4.77657427e+01  2.69153480e+03  9.24245800e+01 
 2.75422870e+03  4.75660764e+01  2.75422870e+03  9.23729616e+01 
 2.81838293e+03  4.73663958e+01  2.81838293e+03  9.23225962e+01 
 2.88403150e+03  4.71667015e+01  2.88403150e+03  9.22734575e+01 
 2.95120923e+03  4.69669940e+01  2.95120923e+03  9.22255196e+01 
 3.01995172e+03  4.67672741e+01  3.01995172e+03  9.21787574e+01 
 3.09029543e+03  4.65675424e+01  3.09029543e+03  9.21331465e+01 
 3.16227766e+03  4.63677993e+01  3.16227766e+03  9.20886629e+01 
 3.23593657e+03  4.61680455e+01  3.23593657e+03  9.20452833e+01 
 3.31131121e+03  4.59682815e+01  3.31131121e+03  9.20029849e+01 
 3.38844156e+03  4.57685077e+01  3.38844156e+03  9.19617455e+01 
 3.46736850e+03  4.55687247e+01  3.46736850e+03  9.19215433e+01 
 3.54813389e+03  4.53689328e+01  3.54813389e+03  9.18823574e+01 
 3.63078055e+03  4.51691326e+01  3.63078055e+03  9.18441670e+01 
 3.71535229e+03  4.49693245e+01  3.71535229e+03  9.18069520e+01 
 3.80189396e+03  4.47695088e+01  3.80189396e+03  9.17706930e+01 
 3.89045145e+03  4.45696860e+01  3.89045145e+03  9.17353707e+01 
 3.98107171e+03  4.43698564e+01  3.98107171e+03  9.17009667e+01 
 4.07380278e+03  4.41700204e+01  4.07380278e+03  9.16674627e+01 
 4.16869383e+03  4.39701783e+01  4.16869383e+03  9.16348411e+01 
 4.26579519e+03  4.37703306e+01  4.26579519e+03  9.16030848e+01 
 4.36515832e+03  4.35704774e+01  4.36515832e+03  9.15721769e+01 
 4.46683592e+03  4.33706191e+01  4.46683592e+03  9.15421012e+01 
 4.57088190e+03  4.31707561e+01  4.57088190e+03  9.15128417e+01 
 4.67735141e+03  4.29708885e+01  4.67735141e+03  9.14843832e+01 
 4.78630092e+03  4.27710167e+01  4.78630092e+03  9.14567104e+01 
 4.89778819e+03  4.25711410e+01  4.89778819e+03  9.14298089e+01 
 5.01187234e+03  4.23712615e+01  5.01187234e+03  9.14036644e+01 
 5.12861384e+03  4.21713787e+01  5.12861384e+03  9.13782631e+01 
 5.24807460e+03  4.19714927e+01  5.24807460e+03  9.13535916e+01 
 5.37031796e+03  4.17716037e+01  5.37031796e+03  9.13296368e+01 
 5.49540874e+03  4.15717120e+01  5.49540874e+03  9.13063861e+01 
 5.62341325e+03  4.13718178e+01  5.62341325e+03  9.12838271e+01 
 5.75439937e+03  4.11719214e+01  5.75439937e+03  9.12619480e+01 
 5.88843655e+03  4.09720230e+01  5.88843655e+03  9.12407372e+01 
 6.02559586e+03  4.07721227e+01  6.02559586e+03  9.12201833e+01 
 6.16595002e+03  4.05722208e+01  6.16595002e+03  9.12002756e+01 
 6.30957344e+03  4.03723176e+01  6.30957344e+03  9.11810036e+01 
 6.45654229e+03  4.01724131e+01  6.45654229e+03  9.11623569e+01 
 6.60693448e+03  3.99725077e+01  6.60693448e+03  9.11443257e+01 
 6.76082975e+03  3.97726014e+01  6.76082975e+03  9.11269004e+01 
 6.91830971e+03  3.95726946e+01  6.91830971e+03  9.11100719e+01 
 7.07945784e+03  3.93727873e+01  7.07945784e+03  9.10938311e+01 
 7.24435960e+03  3.91728799e+01  7.24435960e+03  9.10781695e+01 
 7.41310241e+03  3.89729725e+01  7.41310241e+03  9.10630787e+01 
 7.58577575e+03  3.87730652e+01  7.58577575e+03  9.10485507e+01 
 7.76247117e+03  3.85731584e+01  7.76247117e+03  9.10345778e+01 
 7.94328235e+03  3.83732521e+01  7.94328235e+03  9.10211525e+01 
 8.12830516e+03  3.81733466e+01  8.12830516e+03  9.10082677e+01 
 8.31763771e+03  3.79734421e+01  8.31763771e+03  9.09959165e+01 
 8.51138038e+03  3.77735388e+01  8.51138038e+03  9.09840923e+01 
 8.70963590e+03  3.75736369e+01  8.70963590e+03  9.09727889e+01 
 8.91250938e+03  3.73737366e+01  8.91250938e+03  9.09620001e+01 
 9.12010839e+03  3.71738381e+01  9.12010839e+03  9.09517203e+01 
 9.33254301e+03  3.69739416e+01  9.33254301e+03  9.09419438e+01 
 9.54992586e+03  3.67740474e+01  9.54992586e+03  9.09326654e+01 
 9.77237221e+03  3.65741556e+01  9.77237221e+03  9.09238801e+01 
 1.00000000e+04  3.63742665e+01  1.00000000e+04  9.09155833e+01 
 1.02329299e+04  3.61743804e+01  1.02329299e+04  9.09077703e+01 
 1.04712855e+04  3.59744974e+01  1.04712855e+04  9.09004370e+01 
 1.07151931e+04  3.57746179e+01  1.07151931e+04  9.08935794e+01 
 1.09647820e+04  3.55747420e+01  1.09647820e+04  9.08871937e+01 
 1.12201845e+04  3.53748701e+01  1.12201845e+04  9.08812764e+01 
 1.14815362e+04  3.51750023e+01  1.14815362e+04  9.08758243e+01 
 1.17489755e+04  3.49751391e+01  1.17489755e+04  9.08708343e+01 
 1.20226443e+04  3.47752806e+01  1.20226443e+04  9.08663036e+01 
 1.23026877e+04  3.45754272e+01  1.23026877e+04  9.08622297e+01 
 1.25892541e+04  3.43755792e+01  1.25892541e+04  9.08586102e+01 
 1.28824955e+04  3.41757369e+01  1.28824955e+04  9.08554430e+01 
 1.31825674e+04  3.39759006e+01  1.31825674e+04  9.08527262e+01 
 1.34896288e+04  3.37760707e+01  1.34896288e+04  9.08504582e+01 
 1.38038426e+04  3.35762475e+01  1.38038426e+04  9.08486376e+01 
 1.41253754e+04  3.33764315e+01  1.41253754e+04  9.08472631e+01 
 1.44543977e+04  3.31766229e+01  1.44543977e+04  9.08463337e+01 
 1.47910839e+04  3.29768223e+01  1.47910839e+04  9.08458487e+01 
 1.51356125e+04  3.27770299e+01  1.51356125e+04  9.08458075e+01 
 1.54881662e+04  3.25772464e+01  1.54881662e+04  9.08462097e+01 
 1.58489319e+04  3.23774720e+01  1.58489319e+04  9.08470552e+01 
 1.62181010e+04  3.21777073e+01  1.62181010e+04  9.08483440e+01 
 1.65958691e+04  3.19779528e+01  1.65958691e+04  9.08500765e+01 
 1.69824365e+04  3.17782089e+01  1.69824365e+04  9.08522532e+01 
 1.73780083e+04  3.15784763e+01  1.73780083e+04  9.08548746e+01 
 1.77827941e+04  3.13787555e+01  1.77827941e+04  9.08579418e+01 
 1.81970086e+04  3.11790471e+01  1.81970086e+04  9.08614557e+01 
 1.86208714e+04  3.09793516e+01  1.86208714e+04  9.08654177e+01 
 1.90546072e+04  3.07796698e+01  1.90546072e+04  9.08698293e+01 
 1.94984460e+04  3.05800022e+01  1.94984460e+04  9.08746922e+01 
 1.99526231e+04  3.03803497e+01  1.99526231e+04  9.08800082e+01 
 2.04173794e+04  3.01807128e+01  2.04173794e+04  9.08857793e+01 
 2.08929613e+04  2.99810924e+01  2.08929613e+04  9.08920079e+01 
 2.13796209e+04  2.97814892e+01  2.13796209e+04  9.08986964e+01 
 2.18776162e+04  2.95819041e+01  2.18776162e+04  9.09058474e+01 
 2.23872114e+04  2.93823380e+01  2.23872114e+04  9.09134637e+01 
 2.29086765e+04  2.91827916e+01  2.29086765e+04  9.09215482e+01 
 2.34422882e+04  2.89832661e+01  2.34422882e+04  9.09301042e+01 
 2.39883292e+04  2.87837623e+01  2.39883292e+04  9.09391349e+01 
 2.45470892e+04  2.85842813e+01  2.45470892e+04  9.09486438e+01 
 2.51188643e+04  2.83848242e+01  2.51188643e+04  9.09586346e+01 
 2.57039578e+04  2.81853920e+01  2.57039578e+04  9.09691111e+01 
 2.63026799e+04  2.79859860e+01  2.63026799e+04  9.09800771e+01 
 2.69153480e+04  2.77866074e+01  2.69153480e+04  9.09915369e+01 
 2.75422870e+04  2.75872574e+01  2.75422870e+04  9.10034947e+01 
 2.81838293e+04  2.73879374e+01  2.81838293e+04  9.10159548e+01 
 2.88403150e+04  2.71886488e+01  2.88403150e+04  9.10289218e+01 
 2.95120923e+04  2.69893930e+01  2.95120923e+04  9.10424003e+01 
 3.01995172e+04  2.67901715e+01  3.01995172e+04  9.10563950e+01 
 3.09029543e+04  2.65909861e+01  3.09029543e+04  9.10709107e+01 
 3.16227766e+04  2.63918382e+01  3.16227766e+04  9.10859525e+01 
 3.23593657e+04  2.61927296e+01  3.23593657e+04  9.11015253e+01 
 3.31131121e+04  2.59936622e+01  3.31131121e+04  9.11176343e+01 
 3.38844156e+04  2.57946377e+01  3.38844156e+04  9.11342847e+01 
 3.46736850e+04  2.55956583e+01  3.46736850e+04  9.11514816e+01 
 3.54813389e+04  2.53967259e+01  3.54813389e+04  9.11692303e+01 
 3.63078055e+04  2.51978427e+01  3.63078055e+04  9.11875362e+01 
 3.71535229e+04  2.49990110e+01  3.71535229e+04  9.12064044e+01 
 3.80189396e+04  2.48002330e+01  3.80189396e+04  9.12258404e+01 
 3.89045145e+04  2.46015111e+01  3.89045145e+04  9.12458494e+01 
 3.98107171e+04  2.44028480e+01  3.98107171e+04  9.12664367e+01 
 4.07380278e+04  2.42042463e+01  4.07380278e+04  9.12876073e+01 
 4.16869383e+04  2.40057087e+01  4.16869383e+04  9.13093664e+01 
 4.26579519e+04  2.38072381e+01  4.26579519e+04  9.13317189e+01 
 4.36515832e+04  2.36088375e+01  4.36515832e+04  9.13546698e+01 
 4.46683592e+04  2.34105100e+01  4.46683592e+04  9.13782236e+01 
 4.57088190e+04  2.32122589e+01  4.57088190e+04  9.14023849e+01 
 4.67735141e+04  2.30140876e+01  4.67735141e+04  9.14271580e+01 
 4.78630092e+04  2.28159995e+01  4.78630092e+04  9.14525467e+01 
 4.89778819e+04  2.26179983e+01  4.89778819e+04  9.14785550e+01 
 5.01187234e+04  2.24200880e+01  5.01187234e+04  9.15051862e+01 
 5.12861384e+04  2.22222723e+01  5.12861384e+04  9.15324432e+01 
 5.24807460e+04  2.20245555e+01  5.24807460e+04  9.15603289e+01 
 5.37031796e+04  2.18269419e+01  5.37031796e+04  9.15888452e+01 
 5.49540874e+04  2.16294358e+01  5.49540874e+04  9.16179939e+01 
 5.62341325e+04  2.14320419e+01  5.62341325e+04  9.16477761e+01 
 5.75439937e+04  2.12347651e+01  5.75439937e+04  9.16781922e+01 
 5.88843655e+04  2.10376103e+01  5.88843655e+04  9.17092422e+01 
 6.02559586e+04  2.08405827e+01  6.02559586e+04  9.17409251e+01 
 6.16595002e+04  2.06436877e+01  6.16595002e+04  9.17732392e+01 
 6.30957344e+04  2.04469307e+01  6.30957344e+04  9.18061820e+01 
 6.45654229e+04  2.02503176e+01  6.45654229e+04  9.18397499e+01 
 6.60693448e+04  2.00538544e+01  6.60693448e+04  9.18739384e+01 
 6.76082975e+04  1.98575472e+01  6.76082975e+04  9.19087420e+01 
 6.91830971e+04  1.96614024e+01  6.91830971e+04  9.19441537e+01 
 7.07945784e+04  1.94654266e+01  7.07945784e+04  9.19801656e+01 
 7.24435960e+04  1.92696266e+01  7.24435960e+04  9.20167682e+01 
 7.41310241e+04  1.90740094e+01  7.41310241e+04  9.20539506e+01 
 7.58577575e+04  1.88785823e+01  7.58577575e+04  9.20917002e+01 
 7.76247117e+04  1.86833529e+01  7.76247117e+04  9.21300030e+01 
 7.94328235e+04  1.84883287e+01  7.94328235e+04  9.21688430e+01 
 8.12830516e+04  1.82935177e+01  8.12830516e+04  9.22082022e+01 
 8.31763771e+04  1.80989281e+01  8.31763771e+04  9.22480607e+01 
 8.51138038e+04  1.79045682e+01  8.51138038e+04  9.22883966e+01 
 8.70963590e+04  1.77104467e+01  8.70963590e+04  9.23291853e+01 
 8.91250938e+04  1.75165722e+01  8.91250938e+04  9.23704000e+01 
 9.12010839e+04  1.73229540e+01  9.12010839e+04  9.24120113e+01 
 9.33254301e+04  1.71296011e+01  9.33254301e+04  9.24539871e+01 
 9.54992586e+04  1.69365230e+01  9.54992586e+04  9.24962923e+01 
 9.77237221e+04  1.67437293e+01  9.77237221e+04  9.25388888e+01 
 1.00000000e+05  1.65512298e+01  1.00000000e+05  9.25817354e+01 
 1.02329299e+05  1.63590344e+01  1.02329299e+05  9.26247874e+01 
 1.04712855e+05  1.61671534e+01  1.04712855e+05  9.26679966e+01 
 1.07151931e+05  1.59755968e+01  1.07151931e+05  9.27113113e+01 
 1.09647820e+05  1.57843752e+01  1.09647820e+05  9.27546757e+01 
 1.12201845e+05  1.55934990e+01  1.12201845e+05  9.27980301e+01 
 1.14815362e+05  1.54029787e+01  1.14815362e+05  9.28413106e+01 
 1.17489755e+05  1.52128251e+01  1.17489755e+05  9.28844489e+01 
 1.20226443e+05  1.50230486e+01  1.20226443e+05  9.29273722e+01 
 1.23026877e+05  1.48336602e+01  1.23026877e+05  9.29700030e+01 
 1.25892541e+05  1.46446703e+01  1.25892541e+05  9.30122591e+01 
 1.28824955e+05  1.44560896e+01  1.28824955e+05  9.30540531e+01 
 1.31825674e+05  1.42679286e+01  1.31825674e+05  9.30952927e+01 
 1.34896288e+05  1.40801976e+01  1.34896288e+05  9.31358803e+01 
 1.38038426e+05  1.38929070e+01  1.38038426e+05  9.31757127e+01 
 1.41253754e+05  1.37060666e+01  1.41253754e+05  9.32146815e+01 
 1.44543977e+05  1.35196863e+01  1.44543977e+05  9.32526726e+01 
 1.47910839e+05  1.33337754e+01  1.47910839e+05  9.32895663e+01 
 1.51356125e+05  1.31483431e+01  1.51356125e+05  9.33252372e+01 
 1.54881662e+05  1.29633981e+01  1.54881662e+05  9.33595540e+01 
 1.58489319e+05  1.27789486e+01  1.58489319e+05  9.33923800e+01 
 1.62181010e+05  1.25950022e+01  1.62181010e+05  9.34235725e+01 
 1.65958691e+05  1.24115662e+01  1.65958691e+05  9.34529829e+01 
 1.69824365e+05  1.22286471e+01  1.69824365e+05  9.34804575e+01 
 1.73780083e+05  1.20462506e+01  1.73780083e+05  9.35058365e+01 
 1.77827941e+05  1.18643818e+01  1.77827941e+05  9.35289550e+01 
 1.81970086e+05  1.16830451e+01  1.81970086e+05  9.35496428e+01 
 1.86208714e+05  1.15022437e+01  1.86208714e+05  9.35677246e+01 
 1.90546072e+05  1.13219801e+01  1.90546072e+05  9.35830202e+01 
 1.94984460e+05  1.11422558e+01  1.94984460e+05  9.35953449e+01 
 1.99526231e+05  1.09630711e+01  1.99526231e+05  9.36045098e+01 
 2.04173794e+05  1.07844253e+01  2.04173794e+05  9.36103221e+01 
 2.08929613e+05  1.06063167e+01  2.08929613e+05  9.36125854e+01 
 2.13796209e+05  1.04287420e+01  2.13796209e+05  9.36111001e+01 
 2.18776162e+05  1.02516970e+01  2.18776162e+05  9.36056643e+01 
 2.23872114e+05  1.00751761e+01  2.23872114e+05  9.35960736e+01 
 2.29086765e+05  9.89917224e+00  2.29086765e+05  9.35821222e+01 
 2.34422882e+05  9.72367718e+00  2.34422882e+05  9.35636032e+01 
 2.39883292e+05  9.54868120e+00  2.39883292e+05  9.35403091e+01 
 2.45470892e+05  9.37417323e+00  2.45470892e+05  9.35120328e+01 
 2.51188643e+05  9.20014077e+00  2.51188643e+05  9.34785677e+01 
 2.57039578e+05  9.02656992e+00  2.57039578e+05  9.34397088e+01 
 2.63026799e+05  8.85344540e+00  2.63026799e+05  9.33952531e+01 
 2.69153480e+05  8.68075052e+00  2.69153480e+05  9.33450005e+01 
 2.75422870e+05  8.50846729e+00  2.75422870e+05  9.32887543e+01 
 2.81838293e+05  8.33657635e+00  2.81838293e+05  9.32263218e+01 
 2.88403150e+05  8.16505711e+00  2.88403150e+05  9.31575151e+01 
 2.95120923e+05  7.99388776e+00  2.95120923e+05  9.30821519e+01 
 3.01995172e+05  7.82304532e+00  3.01995172e+05  9.30000556e+01 
 3.09029543e+05  7.65250577e+00  3.09029543e+05  9.29110564e+01 
 3.16227766e+05  7.48224407e+00  3.16227766e+05  9.28149918e+01 
 3.23593657e+05  7.31223429e+00  3.23593657e+05  9.27117068e+01 
 3.31131121e+05  7.14244969e+00  3.31131121e+05  9.26010546e+01 
 3.38844156e+05  6.97286285e+00  3.38844156e+05  9.24828970e+01 
 3.46736850e+05  6.80344575e+00  3.46736850e+05  9.23571046e+01 
 3.54813389e+05  6.63416991e+00  3.54813389e+05  9.22235574e+01 
 3.63078055e+05  6.46500650e+00  3.63078055e+05  9.20821448e+01 
 3.71535229e+05  6.29592648e+00  3.71535229e+05  9.19327657e+01 
 3.80189396e+05  6.12690073e+00  3.80189396e+05  9.17753289e+01 
 3.89045145e+05  5.95790015e+00  3.89045145e+05  9.16097527e+01 
 3.98107171e+05  5.78889583e+00  3.98107171e+05  9.14359652e+01 
 4.07380278e+05  5.61985916e+00  4.07380278e+05  9.12539041e+01 
 4.16869383e+05  5.45076196e+00  4.16869383e+05  9.10635162e+01 
 4.26579519e+05  5.28157662e+00  4.26579519e+05  9.08647575e+01 
 4.36515832e+05  5.11227621e+00  4.36515832e+05  9.06575929e+01 
 4.46683592e+05  4.94283459e+00  4.46683592e+05  9.04419954e+01 
 4.57088190e+05  4.77322655e+00  4.57088190e+05  9.02179460e+01 
 4.67735141e+05  4.60342789e+00  4.67735141e+05  8.99854328e+01 
 4.78630092e+05  4.43341554e+00  4.78630092e+05  8.97444510e+01 
 4.89778819e+05  4.26316762e+00  4.89778819e+05  8.94950017e+01 
 5.01187234e+05  4.09266356e+00  5.01187234e+05  8.92370917e+01 
 5.12861384e+05  3.92188417e+00  5.12861384e+05  8.89707324e+01 
 5.24807460e+05  3.75081167e+00  5.24807460e+05  8.86959395e+01 
 5.37031796e+05  3.57942981e+00  5.37031796e+05  8.84127318e+01 
 5.49540874e+05  3.40772384e+00  5.49540874e+05  8.81211309e+01 
 5.62341325e+05  3.23568062e+00  5.62341325e+05  8.78211601e+01 
 5.75439937e+05  3.06328861e+00  5.75439937e+05  8.75128437e+01 
 5.88843655e+05  2.89053790e+00  5.88843655e+05  8.71962063e+01 
 6.02559586e+05  2.71742022e+00  6.02559586e+05  8.68712722e+01 
 6.16595002e+05  2.54392896e+00  6.16595002e+05  8.65380641e+01 
 6.30957344e+05  2.37005914e+00  6.30957344e+05  8.61966031e+01 
 6.45654229e+05  2.19580743e+00  6.45654229e+05  8.58469072e+01 
 6.60693448e+05  2.02117211e+00  6.60693448e+05  8.54889915e+01 
 6.76082975e+05  1.84615306e+00  6.76082975e+05  8.51228666e+01 
 6.91830971e+05  1.67075171e+00  6.91830971e+05  8.47485387e+01 
 7.07945784e+05  1.49497104e+00  7.07945784e+05  8.43660088e+01 
 7.24435960e+05  1.31881553e+00  7.24435960e+05  8.39752716e+01 
 7.41310241e+05  1.14229109e+00  7.41310241e+05  8.35763160e+01 
 7.58577575e+05  9.65405060e-01  7.58577575e+05  8.31691237e+01 
 7.76247117e+05  7.88166142e-01  7.76247117e+05  8.27536691e+01 
 7.94328235e+05  6.10584347e-01  7.94328235e+05  8.23299189e+01 
 8.12830516e+05  4.32670954e-01  8.12830516e+05  8.18978315e+01 
 8.31763771e+05  2.54438457e-01  8.31763771e+05  8.14573569e+01 
 8.51138038e+05  7.59005135e-02  8.51138038e+05  8.10084363e+01 
 8.70963590e+05 -1.02928107e-01  8.70963590e+05  8.05510015e+01 
 8.91250938e+05 -2.82031573e-01  8.91250938e+05  8.00849751e+01 
 9.12010839e+05 -4.61393040e-01  9.12010839e+05  7.96102699e+01 
 9.33254301e+05 -6.40994705e-01  9.33254301e+05  7.91267889e+01 
 9.54992586e+05 -8.20817847e-01  9.54992586e+05  7.86344247e+01 
 9.77237221e+05 -1.00084288e+00  9.77237221e+05  7.81330600e+01 
 1.00000000e+06 -1.18104940e+00  1.00000000e+06  7.76225667e+01 
 1.02329299e+06 -1.36141623e+00  1.02329299e+06  7.71028062e+01 
 1.04712855e+06 -1.54192144e+00  1.04712855e+06  7.65736293e+01 
 1.07151931e+06 -1.72254244e+00  1.07151931e+06  7.60348755e+01 
 1.09647820e+06 -1.90325597e+00  1.09647820e+06  7.54863735e+01 
 1.12201845e+06 -2.08403818e+00  1.12201845e+06  7.49279408e+01 
 1.14815362e+06 -2.26486465e+00  1.14815362e+06  7.43593836e+01 
 1.17489755e+06 -2.44571042e+00  1.17489755e+06  7.37804966e+01 
 1.20226443e+06 -2.62655006e+00  1.20226443e+06  7.31910629e+01 
 1.23026877e+06 -2.80735772e+00  1.23026877e+06  7.25908538e+01 
 1.25892541e+06 -2.98810711e+00  1.25892541e+06  7.19796290e+01 
 1.28824955e+06 -3.16877164e+00  1.28824955e+06  7.13571358e+01 
 1.31825674e+06 -3.34932439e+00  1.31825674e+06  7.07231095e+01 
 1.34896288e+06 -3.52973821e+00  1.34896288e+06  7.00772727e+01 
 1.38038426e+06 -3.70998578e+00  1.38038426e+06  6.94193358e+01 
 1.41253754e+06 -3.89003966e+00  1.41253754e+06  6.87489958e+01 
 1.44543977e+06 -4.06987237e+00  1.44543977e+06  6.80659371e+01 
 1.47910839e+06 -4.24945648e+00  1.47910839e+06  6.73698304e+01 
 1.51356125e+06 -4.42876471e+00  1.51356125e+06  6.66603330e+01 
 1.54881662e+06 -4.60777004e+00  1.54881662e+06  6.59370881e+01 
 1.58489319e+06 -4.78644581e+00  1.58489319e+06  6.51997251e+01 
 1.62181010e+06 -4.96476590e+00  1.62181010e+06  6.44478586e+01 
 1.65958691e+06 -5.14270488e+00  1.65958691e+06  6.36810888e+01 
 1.69824365e+06 -5.32023817e+00  1.69824365e+06  6.28990009e+01 
 1.73780083e+06 -5.49734230e+00  1.73780083e+06  6.21011650e+01 
 1.77827941e+06 -5.67399508e+00  1.77827941e+06  6.12871359e+01 
 1.81970086e+06 -5.85017593e+00  1.81970086e+06  6.04564535e+01 
 1.86208714e+06 -6.02586616e+00  1.86208714e+06  5.96086419e+01 
 1.90546072e+06 -6.20104930e+00  1.90546072e+06  5.87432107e+01 
 1.94984460e+06 -6.37571148e+00  1.94984460e+06  5.78596546e+01 
 1.99526231e+06 -6.54984189e+00  1.99526231e+06  5.69574543e+01 
 2.04173794e+06 -6.72343316e+00  2.04173794e+06  5.60360775e+01 
 2.08929613e+06 -6.89648197e+00  2.08929613e+06  5.50949799e+01 
 2.13796209e+06 -7.06898950e+00  2.13796209e+06  5.41336072e+01 
 2.18776162e+06 -7.24096211e+00  2.18776162e+06  5.31513970e+01 
 2.23872114e+06 -7.41241188e+00  2.23872114e+06  5.21477819e+01 
 2.29086765e+06 -7.58335732e+00  2.29086765e+06  5.11221929e+01 
 2.34422882e+06 -7.75382403e+00  2.34422882e+06  5.00740641e+01 
 2.39883292e+06 -7.92384533e+00  2.39883292e+06  4.90028374e+01 
 2.45470892e+06 -8.09346292e+00  2.45470892e+06  4.79079696e+01 
 2.51188643e+06 -8.26272747e+00  2.51188643e+06  4.67889395e+01 
 2.57039578e+06 -8.43169911e+00  2.57039578e+06  4.56452570e+01 
 2.63026799e+06 -8.60044779e+00  2.63026799e+06  4.44764731e+01 
 2.69153480e+06 -8.76905349e+00  2.69153480e+06  4.32821912e+01 
 2.75422870e+06 -8.93760612e+00  2.75422870e+06  4.20620798e+01 
 2.81838293e+06 -9.10620520e+00  2.81838293e+06  4.08158860e+01 
 2.88403150e+06 -9.27495911e+00  2.88403150e+06  3.95434501e+01 
 2.95120923e+06 -9.44398399e+00  2.95120923e+06  3.82447201e+01 
 3.01995172e+06 -9.61340203e+00  3.01995172e+06  3.69197662e+01 
 3.09029543e+06 -9.78333938e+00  3.09029543e+06  3.55687948e+01 
 3.16227766e+06 -9.95392341e+00  3.16227766e+06  3.41921597e+01 
 3.23593657e+06 -1.01252795e+01  3.23593657e+06  3.27903716e+01 
 3.31131121e+06 -1.02975272e+01  3.31131121e+06  3.13641035e+01 
 3.38844156e+06 -1.04707765e+01  3.38844156e+06  2.99141906e+01 
 3.46736850e+06 -1.06451229e+01  3.46736850e+06  2.84416255e+01 
 3.54813389e+06 -1.08206438e+01  3.54813389e+06  2.69475462e+01 
 3.63078055e+06 -1.09973936e+01  3.63078055e+06  2.54332176e+01 
 3.71535229e+06 -1.11754007e+01  3.71535229e+06  2.39000060e+01 
 3.80189396e+06 -1.13546641e+01  3.80189396e+06  2.23493474e+01 
 3.89045145e+06 -1.15351517e+01  3.89045145e+06  2.07827110e+01 
 3.98107171e+06 -1.17167998e+01  3.98107171e+06  1.92015588e+01 
 4.07380278e+06 -1.18995137e+01  4.07380278e+06  1.76073042e+01 
 4.16869383e+06 -1.20831695e+01  4.16869383e+06  1.60012715e+01 
 4.26579519e+06 -1.22676182e+01  4.26579519e+06  1.43846591e+01 
 4.36515832e+06 -1.24526899e+01  4.36515832e+06  1.27585077e+01 
 4.46683592e+06 -1.26381997e+01  4.46683592e+06  1.11236766e+01 
 4.57088190e+06 -1.28239536e+01  4.57088190e+06  9.48082879e+00 
 4.67735141e+06 -1.30097551e+01  4.67735141e+06  7.83042449e+00 
 4.78630092e+06 -1.31954117e+01  4.78630092e+06  6.17272496e+00 
 4.89778819e+06 -1.33807405e+01  4.89778819e+06  4.50780404e+00 
 5.01187234e+06 -1.35655734e+01  5.01187234e+06  2.83556698e+00 
 5.12861384e+06 -1.37497614e+01  5.12861384e+06  1.15577481e+00 
 5.24807460e+06 -1.39331778e+01  5.24807460e+06 -5.31927696e-01 
 5.37031796e+06 -1.41157202e+01  5.37031796e+06 -2.22798211e+00 
 5.49540874e+06 -1.42973119e+01  5.49540874e+06 -3.93288631e+00 
 5.62341325e+06 -1.44779017e+01  5.62341325e+06 -5.64716558e+00 
 5.75439937e+06 -1.46574633e+01  5.75439937e+06 -7.37134600e+00 
 5.88843655e+06 -1.48359942e+01  5.88843655e+06 -9.10593091e+00 
 6.02559586e+06 -1.50135139e+01  6.02559586e+06 -1.08513809e+01 
 6.16595002e+06 -1.51900614e+01  6.16595002e+06 -1.26080974e+01 
 6.30957344e+06 -1.53656933e+01  6.30957344e+06 -1.43764103e+01 
 6.45654229e+06 -1.55404807e+01  6.45654229e+06 -1.61565684e+01 
 6.60693448e+06 -1.57145074e+01  6.60693448e+06 -1.79487337e+01 
 6.76082975e+06 -1.58878669e+01  6.76082975e+06 -1.97529781e+01 
 6.91830971e+06 -1.60606604e+01  6.91830971e+06 -2.15692827e+01 
 7.07945784e+06 -1.62329945e+01  7.07945784e+06 -2.33975390e+01 
 7.24435960e+06 -1.64049793e+01  7.24435960e+06 -2.52375515e+01 
 7.41310241e+06 -1.65767265e+01  7.41310241e+06 -2.70890423e+01 
 7.58577575e+06 -1.67483477e+01  7.58577575e+06 -2.89516558e+01 
 7.76247117e+06 -1.69199535e+01  7.76247117e+06 -3.08249649e+01 
 7.94328235e+06 -1.70916516e+01  7.94328235e+06 -3.27084771e+01 
 8.12830516e+06 -1.72635460e+01  8.12830516e+06 -3.46016415e+01 
 8.31763771e+06 -1.74357361e+01  8.31763771e+06 -3.65038552e+01 
 8.51138038e+06 -1.76083163e+01  8.51138038e+06 -3.84144708e+01 
 8.70963590e+06 -1.77813746e+01  8.70963590e+06 -4.03328030e+01 
 8.91250938e+06 -1.79549930e+01  8.91250938e+06 -4.22581350e+01 
 9.12010839e+06 -1.81292464e+01  9.12010839e+06 -4.41897256e+01 
 9.33254301e+06 -1.83042030e+01  9.33254301e+06 -4.61268150e+01 
 9.54992586e+06 -1.84799237e+01  9.54992586e+06 -4.80686308e+01 
 9.77237221e+06 -1.86564623e+01  9.77237221e+06 -5.00143934e+01 
 1.00000000e+07 -1.88338657e+01  1.00000000e+07 -5.19633213e+01 
 1.02329299e+07 -1.90121737e+01  1.02329299e+07 -5.39146353e+01 
 1.04712855e+07 -1.91914194e+01  1.04712855e+07 -5.58675630e+01 
 1.07151931e+07 -1.93716296e+01  1.07151931e+07 -5.78213422e+01 
 1.09647820e+07 -1.95528248e+01  1.09647820e+07 -5.97752240e+01 
 1.12201845e+07 -1.97350200e+01  1.12201845e+07 -6.17284753e+01 
 1.14815362e+07 -1.99182248e+01  1.14815362e+07 -6.36803808e+01 
 1.17489755e+07 -2.01024439e+01  1.17489755e+07 -6.56302444e+01 
 1.20226443e+07 -2.02876778e+01  1.20226443e+07 -6.75773900e+01 
 1.23026877e+07 -2.04739230e+01  1.23026877e+07 -6.95211618e+01 
 1.25892541e+07 -2.06611727e+01  1.25892541e+07 -7.14609246e+01 
 1.28824955e+07 -2.08494169e+01  1.28824955e+07 -7.33960623e+01 
 1.31825674e+07 -2.10386435e+01  1.31825674e+07 -7.53259778e+01 
 1.34896288e+07 -2.12288381e+01  1.34896288e+07 -7.72500908e+01 
 1.38038426e+07 -2.14199849e+01  1.38038426e+07 -7.91678361e+01 
 1.41253754e+07 -2.16120668e+01  1.41253754e+07 -8.10786615e+01 
 1.44543977e+07 -2.18050661e+01  1.44543977e+07 -8.29820253e+01 
 1.47910839e+07 -2.19989642e+01  1.47910839e+07 -8.48773935e+01 
 1.51356125e+07 -2.21937426e+01  1.51356125e+07 -8.67642370e+01 
 1.54881662e+07 -2.23893827e+01  1.54881662e+07 -8.86420285e+01 
 1.58489319e+07 -2.25858663e+01  1.58489319e+07 -9.05102395e+01 
 1.62181010e+07 -2.27831753e+01  1.62181010e+07 -9.23683369e+01 
 1.65958691e+07 -2.29812924e+01  1.65958691e+07 -9.42157800e+01 
 1.69824365e+07 -2.31802007e+01  1.69824365e+07 -9.60520172e+01 
 1.73780083e+07 -2.33798838e+01  1.73780083e+07 -9.78764834e+01 
 1.77827941e+07 -2.35803262e+01  1.77827941e+07 -9.96885965e+01 
 1.81970086e+07 -2.37815126e+01  1.81970086e+07 -1.01487755e+02 
 1.86208714e+07 -2.39834282e+01  1.86208714e+07 -1.03273336e+02 
 1.90546072e+07 -2.41860587e+01  1.90546072e+07 -1.05044690e+02 
 1.94984460e+07 -2.43893897e+01  1.94984460e+07 -1.06801144e+02 
 1.99526231e+07 -2.45934069e+01  1.99526231e+07 -1.08541994e+02 
 2.04173794e+07 -2.47980956e+01  2.04173794e+07 -1.10266508e+02 
 2.08929613e+07 -2.50034406e+01  2.08929613e+07 -1.11973921e+02 
 2.13796209e+07 -2.52094260e+01  2.13796209e+07 -1.13663437e+02 
 2.18776162e+07 -2.54160348e+01  2.18776162e+07 -1.15334227e+02 
 2.23872114e+07 -2.56232484e+01  2.23872114e+07 -1.16985429e+02 
 2.29086765e+07 -2.58310466e+01  2.29086765e+07 -1.18616146e+02 
 2.34422882e+07 -2.60394072e+01  2.34422882e+07 -1.20225452e+02 
 2.39883292e+07 -2.62483055e+01  2.39883292e+07 -1.21812385e+02 
 2.45470892e+07 -2.64577140e+01  2.45470892e+07 -1.23375954e+02 
 2.51188643e+07 -2.66676021e+01  2.51188643e+07 -1.24915140e+02 
 2.57039578e+07 -2.68779357e+01  2.57039578e+07 -1.26428893e+02 
 2.63026799e+07 -2.70886768e+01  2.63026799e+07 -1.27916141e+02 
 2.69153480e+07 -2.72997833e+01  2.69153480e+07 -1.29375786e+02 
 2.75422870e+07 -2.75112085e+01  2.75422870e+07 -1.30806711e+02 
 2.81838293e+07 -2.77229008e+01  2.81838293e+07 -1.32207782e+02 
 2.88403150e+07 -2.79348035e+01  2.88403150e+07 -1.33577849e+02 
 2.95120923e+07 -2.81468543e+01  2.95120923e+07 -1.34915754e+02 
 3.01995172e+07 -2.83589854e+01  3.01995172e+07 -1.36220330e+02 
 3.09029543e+07 -2.85711229e+01  3.09029543e+07 -1.37490410e+02 
 3.16227766e+07 -2.87831866e+01  3.16227766e+07 -1.38724826e+02 
 3.23593657e+07 -2.89950902e+01  3.23593657e+07 -1.39922416e+02 
 3.31131121e+07 -2.92067408e+01  3.31131121e+07 -1.41082029e+02 
 3.38844156e+07 -2.94180390e+01  3.38844156e+07 -1.42202527e+02 
 3.46736850e+07 -2.96288787e+01  3.46736850e+07 -1.43282793e+02 
 3.54813389e+07 -2.98391472e+01  3.54813389e+07 -1.44321731e+02 
 3.63078055e+07 -3.00487252e+01  3.63078055e+07 -1.45318273e+02 
 3.71535229e+07 -3.02574868e+01  3.71535229e+07 -1.46271381e+02 
 3.80189396e+07 -3.04652997e+01  3.80189396e+07 -1.47180054e+02 
 3.89045145e+07 -3.06720251e+01  3.89045145e+07 -1.48043329e+02 
 3.98107171e+07 -3.08775183e+01  3.98107171e+07 -1.48860283e+02 
 4.07380278e+07 -3.10816282e+01  4.07380278e+07 -1.49630040e+02 
 4.16869383e+07 -3.12841980e+01  4.16869383e+07 -1.50351770e+02 
 4.26579519e+07 -3.14850651e+01  4.26579519e+07 -1.51024693e+02 
 4.36515832e+07 -3.16840614e+01  4.36515832e+07 -1.51648080e+02 
 4.46683592e+07 -3.18810132e+01  4.46683592e+07 -1.52221253e+02 
 4.57088190e+07 -3.20757415e+01  4.57088190e+07 -1.52743591e+02 
 4.67735141e+07 -3.22680616e+01  4.67735141e+07 -1.53214523e+02 
 4.78630092e+07 -3.24577836e+01  4.78630092e+07 -1.53633539e+02 
 4.89778819e+07 -3.26447119e+01  4.89778819e+07 -1.54000179e+02 
 5.01187234e+07 -3.28286449e+01  5.01187234e+07 -1.54314044e+02 
 5.12861384e+07 -3.30093748e+01  5.12861384e+07 -1.54574791e+02 
 5.24807460e+07 -3.31866874e+01  5.24807460e+07 -1.54782136e+02 
 5.37031796e+07 -3.33603612e+01  5.37031796e+07 -1.54935857e+02 
 5.49540874e+07 -3.35301669e+01  5.49540874e+07 -1.55035795e+02 
 5.62341325e+07 -3.36958669e+01  5.62341325e+07 -1.55081862e+02 
 5.75439937e+07 -3.38572146e+01  5.75439937e+07 -1.55074042e+02 
 5.88843655e+07 -3.40139537e+01  5.88843655e+07 -1.55012400e+02 
 6.02559586e+07 -3.41658175e+01  6.02559586e+07 -1.54897092e+02 
 6.16595002e+07 -3.43125286e+01  6.16595002e+07 -1.54728374e+02 
 6.30957344e+07 -3.44537984e+01  6.30957344e+07 -1.54506613e+02 
 6.45654229e+07 -3.45893273e+01  6.45654229e+07 -1.54232306e+02 
 6.60693448e+07 -3.47188048e+01  6.60693448e+07 -1.53906091e+02 
 6.76082975e+07 -3.48419101e+01  6.76082975e+07 -1.53528769e+02 
 6.91830971e+07 -3.49583137e+01  6.91830971e+07 -1.53101320e+02 
 7.07945784e+07 -3.50676790e+01  7.07945784e+07 -1.52624921e+02 
 7.24435960e+07 -3.51696647e+01  7.24435960e+07 -1.52100971e+02 
 7.41310241e+07 -3.52639279e+01  7.41310241e+07 -1.51531101e+02 
 7.58577575e+07 -3.53501283e+01  7.58577575e+07 -1.50917197e+02 
 7.76247117e+07 -3.54279324e+01  7.76247117e+07 -1.50261409e+02 
 7.94328235e+07 -3.54970189e+01  7.94328235e+07 -1.49566162e+02 
 8.12830516e+07 -3.55570842e+01  8.12830516e+07 -1.48834159e+02 
 8.31763771e+07 -3.56078492e+01  8.31763771e+07 -1.48068375e+02 
 8.51138038e+07 -3.56490650e+01  8.51138038e+07 -1.47272055e+02 
 8.70963590e+07 -3.56805196e+01  8.70963590e+07 -1.46448686e+02 
 8.91250938e+07 -3.57020445e+01  8.91250938e+07 -1.45601980e+02 
 9.12010839e+07 -3.57135196e+01  9.12010839e+07 -1.44735834e+02 
 9.33254301e+07 -3.57148790e+01  9.33254301e+07 -1.43854293e+02 
 9.54992586e+07 -3.57061143e+01  9.54992586e+07 -1.42961500e+02 
 9.77237221e+07 -3.56872776e+01  9.77237221e+07 -1.42061643e+02 
 1.00000000e+08 -3.56584828e+01  1.00000000e+08 -1.41158901e+02 
