 1.00000000e+00  6.81375230e+01  1.00000000e+00  1.79458828e+02 
 1.02329299e+00  6.81373511e+01  1.02329299e+00  1.79448425e+02 
 1.04712855e+00  6.81371833e+01  1.04712855e+00  1.79437768e+02 
 1.07151931e+00  6.81370194e+01  1.07151931e+00  1.79426848e+02 
 1.09647820e+00  6.81368594e+01  1.09647820e+00  1.79415659e+02 
 1.12201845e+00  6.81367032e+01  1.12201845e+00  1.79404193e+02 
 1.14815362e+00  6.81365508e+01  1.14815362e+00  1.79392442e+02 
 1.17489755e+00  6.81364020e+01  1.17489755e+00  1.79380399e+02 
 1.20226443e+00  6.81362567e+01  1.20226443e+00  1.79368055e+02 
 1.23026877e+00  6.81361149e+01  1.23026877e+00  1.79355404e+02 
 1.25892541e+00  6.81359764e+01  1.25892541e+00  1.79342437e+02 
 1.28824955e+00  6.81358411e+01  1.28824955e+00  1.79329145e+02 
 1.31825674e+00  6.81357089e+01  1.31825674e+00  1.79315521e+02 
 1.34896288e+00  6.81355798e+01  1.34896288e+00  1.79301556e+02 
 1.38038426e+00  6.81354534e+01  1.38038426e+00  1.79287242e+02 
 1.41253754e+00  6.81353298e+01  1.41253754e+00  1.79272569e+02 
 1.44543977e+00  6.81352088e+01  1.44543977e+00  1.79257530e+02 
 1.47910839e+00  6.81350902e+01  1.47910839e+00  1.79242114e+02 
 1.51356125e+00  6.81349739e+01  1.51356125e+00  1.79226314e+02 
 1.54881662e+00  6.81348597e+01  1.54881662e+00  1.79210119e+02 
 1.58489319e+00  6.81347476e+01  1.58489319e+00  1.79193521e+02 
 1.62181010e+00  6.81346373e+01  1.62181010e+00  1.79176509e+02 
 1.65958691e+00  6.81345288e+01  1.65958691e+00  1.79159073e+02 
 1.69824365e+00  6.81344217e+01  1.69824365e+00  1.79141205e+02 
 1.73780083e+00  6.81343161e+01  1.73780083e+00  1.79122892e+02 
 1.77827941e+00  6.81342117e+01  1.77827941e+00  1.79104126e+02 
 1.81970086e+00  6.81341084e+01  1.81970086e+00  1.79084896e+02 
 1.86208714e+00  6.81340060e+01  1.86208714e+00  1.79065190e+02 
 1.90546072e+00  6.81339043e+01  1.90546072e+00  1.79044998e+02 
 1.94984460e+00  6.81338032e+01  1.94984460e+00  1.79024308e+02 
 1.99526231e+00  6.81337025e+01  1.99526231e+00  1.79003108e+02 
 2.04173794e+00  6.81336020e+01  2.04173794e+00  1.78981388e+02 
 2.08929613e+00  6.81335016e+01  2.08929613e+00  1.78959135e+02 
 2.13796209e+00  6.81334010e+01  2.13796209e+00  1.78936337e+02 
 2.18776162e+00  6.81333001e+01  2.18776162e+00  1.78912981e+02 
 2.23872114e+00  6.81331987e+01  2.23872114e+00  1.78889055e+02 
 2.29086765e+00  6.81330966e+01  2.29086765e+00  1.78864545e+02 
 2.34422882e+00  6.81329936e+01  2.34422882e+00  1.78839437e+02 
 2.39883292e+00  6.81328895e+01  2.39883292e+00  1.78813720e+02 
 2.45470892e+00  6.81327842e+01  2.45470892e+00  1.78787377e+02 
 2.51188643e+00  6.81326773e+01  2.51188643e+00  1.78760396e+02 
 2.57039578e+00  6.81325688e+01  2.57039578e+00  1.78732761e+02 
 2.63026799e+00  6.81324583e+01  2.63026799e+00  1.78704458e+02 
 2.69153480e+00  6.81323456e+01  2.69153480e+00  1.78675470e+02 
 2.75422870e+00  6.81322306e+01  2.75422870e+00  1.78645784e+02 
 2.81838293e+00  6.81321130e+01  2.81838293e+00  1.78615382e+02 
 2.88403150e+00  6.81319926e+01  2.88403150e+00  1.78584248e+02 
 2.95120923e+00  6.81318690e+01  2.95120923e+00  1.78552365e+02 
 3.01995172e+00  6.81317421e+01  3.01995172e+00  1.78519717e+02 
 3.09029543e+00  6.81316115e+01  3.09029543e+00  1.78486286e+02 
 3.16227766e+00  6.81314771e+01  3.16227766e+00  1.78452054e+02 
 3.23593657e+00  6.81313385e+01  3.23593657e+00  1.78417002e+02 
 3.31131121e+00  6.81311954e+01  3.31131121e+00  1.78381111e+02 
 3.38844156e+00  6.81310475e+01  3.38844156e+00  1.78344363e+02 
 3.46736850e+00  6.81308946e+01  3.46736850e+00  1.78306738e+02 
 3.54813389e+00  6.81307362e+01  3.54813389e+00  1.78268216e+02 
 3.63078055e+00  6.81305720e+01  3.63078055e+00  1.78228775e+02 
 3.71535229e+00  6.81304018e+01  3.71535229e+00  1.78188396e+02 
 3.80189396e+00  6.81302251e+01  3.80189396e+00  1.78147056e+02 
 3.89045145e+00  6.81300415e+01  3.89045145e+00  1.78104733e+02 
 3.98107171e+00  6.81298507e+01  3.98107171e+00  1.78061404e+02 
 4.07380278e+00  6.81296521e+01  4.07380278e+00  1.78017047e+02 
 4.16869383e+00  6.81294455e+01  4.16869383e+00  1.77971638e+02 
 4.26579519e+00  6.81292303e+01  4.26579519e+00  1.77925152e+02 
 4.36515832e+00  6.81290061e+01  4.36515832e+00  1.77877565e+02 
 4.46683592e+00  6.81287724e+01  4.46683592e+00  1.77828851e+02 
 4.57088190e+00  6.81285287e+01  4.57088190e+00  1.77778984e+02 
 4.67735141e+00  6.81282743e+01  4.67735141e+00  1.77727938e+02 
 4.78630092e+00  6.81280088e+01  4.78630092e+00  1.77675684e+02 
 4.89778819e+00  6.81277317e+01  4.89778819e+00  1.77622197e+02 
 5.01187234e+00  6.81274421e+01  5.01187234e+00  1.77567445e+02 
 5.12861384e+00  6.81271396e+01  5.12861384e+00  1.77511402e+02 
 5.24807460e+00  6.81268234e+01  5.24807460e+00  1.77454036e+02 
 5.37031796e+00  6.81264929e+01  5.37031796e+00  1.77395317e+02 
 5.49540874e+00  6.81261473e+01  5.49540874e+00  1.77335213e+02 
 5.62341325e+00  6.81257858e+01  5.62341325e+00  1.77273693e+02 
 5.75439937e+00  6.81254076e+01  5.75439937e+00  1.77210723e+02 
 5.88843655e+00  6.81250118e+01  5.88843655e+00  1.77146270e+02 
 6.02559586e+00  6.81245976e+01  6.02559586e+00  1.77080300e+02 
 6.16595002e+00  6.81241640e+01  6.16595002e+00  1.77012777e+02 
 6.30957344e+00  6.81237101e+01  6.30957344e+00  1.76943665e+02 
 6.45654229e+00  6.81232347e+01  6.45654229e+00  1.76872927e+02 
 6.60693448e+00  6.81227369e+01  6.60693448e+00  1.76800526e+02 
 6.76082975e+00  6.81222154e+01  6.76082975e+00  1.76726423e+02 
 6.91830971e+00  6.81216691e+01  6.91830971e+00  1.76650578e+02 
 7.07945784e+00  6.81210967e+01  7.07945784e+00  1.76572950e+02 
 7.24435960e+00  6.81204969e+01  7.24435960e+00  1.76493499e+02 
 7.41310241e+00  6.81198683e+01  7.41310241e+00  1.76412182e+02 
 7.58577575e+00  6.81192095e+01  7.58577575e+00  1.76328956e+02 
 7.76247117e+00  6.81185188e+01  7.76247117e+00  1.76243775e+02 
 7.94328235e+00  6.81177948e+01  7.94328235e+00  1.76156596e+02 
 8.12830516e+00  6.81170357e+01  8.12830516e+00  1.76067370e+02 
 8.31763771e+00  6.81162397e+01  8.31763771e+00  1.75976052e+02 
 8.51138038e+00  6.81154049e+01  8.51138038e+00  1.75882592e+02 
 8.70963590e+00  6.81145294e+01  8.70963590e+00  1.75786941e+02 
 8.91250938e+00  6.81136112e+01  8.91250938e+00  1.75689047e+02 
 9.12010839e+00  6.81126479e+01  9.12010839e+00  1.75588859e+02 
 9.33254301e+00  6.81116375e+01  9.33254301e+00  1.75486324e+02 
 9.54992586e+00  6.81105773e+01  9.54992586e+00  1.75381388e+02 
 9.77237221e+00  6.81094650e+01  9.77237221e+00  1.75273994e+02 
 1.00000000e+01  6.81082977e+01  1.00000000e+01  1.75164088e+02 
 1.02329299e+01  6.81070729e+01  1.02329299e+01  1.75051609e+02 
 1.04712855e+01  6.81057874e+01  1.04712855e+01  1.74936500e+02 
 1.07151931e+01  6.81044382e+01  1.07151931e+01  1.74818700e+02 
 1.09647820e+01  6.81030221e+01  1.09647820e+01  1.74698147e+02 
 1.12201845e+01  6.81015356e+01  1.12201845e+01  1.74574778e+02 
 1.14815362e+01  6.80999752e+01  1.14815362e+01  1.74448530e+02 
 1.17489755e+01  6.80983369e+01  1.17489755e+01  1.74319335e+02 
 1.20226443e+01  6.80966170e+01  1.20226443e+01  1.74187129e+02 
 1.23026877e+01  6.80948111e+01  1.23026877e+01  1.74051841e+02 
 1.25892541e+01  6.80929149e+01  1.25892541e+01  1.73913404e+02 
 1.28824955e+01  6.80909239e+01  1.28824955e+01  1.73771745e+02 
 1.31825674e+01  6.80888331e+01  1.31825674e+01  1.73626793e+02 
 1.34896288e+01  6.80866374e+01  1.34896288e+01  1.73478474e+02 
 1.38038426e+01  6.80843316e+01  1.38038426e+01  1.73326713e+02 
 1.41253754e+01  6.80819100e+01  1.41253754e+01  1.73171434e+02 
 1.44543977e+01  6.80793668e+01  1.44543977e+01  1.73012559e+02 
 1.47910839e+01  6.80766957e+01  1.47910839e+01  1.72850010e+02 
 1.51356125e+01  6.80738904e+01  1.51356125e+01  1.72683707e+02 
 1.54881662e+01  6.80709440e+01  1.54881662e+01  1.72513567e+02 
 1.58489319e+01  6.80678494e+01  1.58489319e+01  1.72339509e+02 
 1.62181010e+01  6.80645992e+01  1.62181010e+01  1.72161448e+02 
 1.65958691e+01  6.80611857e+01  1.65958691e+01  1.71979300e+02 
 1.69824365e+01  6.80576005e+01  1.69824365e+01  1.71792978e+02 
 1.73780083e+01  6.80538353e+01  1.73780083e+01  1.71602394e+02 
 1.77827941e+01  6.80498811e+01  1.77827941e+01  1.71407461e+02 
 1.81970086e+01  6.80457286e+01  1.81970086e+01  1.71208089e+02 
 1.86208714e+01  6.80413679e+01  1.86208714e+01  1.71004187e+02 
 1.90546072e+01  6.80367889e+01  1.90546072e+01  1.70795663e+02 
 1.94984460e+01  6.80319811e+01  1.94984460e+01  1.70582426e+02 
 1.99526231e+01  6.80269332e+01  1.99526231e+01  1.70364383e+02 
 2.04173794e+01  6.80216337e+01  2.04173794e+01  1.70141439e+02 
 2.08929613e+01  6.80160705e+01  2.08929613e+01  1.69913500e+02 
 2.13796209e+01  6.80102311e+01  2.13796209e+01  1.69680471e+02 
 2.18776162e+01  6.80041023e+01  2.18776162e+01  1.69442256e+02 
 2.23872114e+01  6.79976706e+01  2.23872114e+01  1.69198759e+02 
 2.29086765e+01  6.79909216e+01  2.29086765e+01  1.68949884e+02 
 2.34422882e+01  6.79838408e+01  2.34422882e+01  1.68695535e+02 
 2.39883292e+01  6.79764127e+01  2.39883292e+01  1.68435613e+02 
 2.45470892e+01  6.79686214e+01  2.45470892e+01  1.68170024e+02 
 2.51188643e+01  6.79604503e+01  2.51188643e+01  1.67898670e+02 
 2.57039578e+01  6.79518824e+01  2.57039578e+01  1.67621455e+02 
 2.63026799e+01  6.79428997e+01  2.63026799e+01  1.67338284e+02 
 2.69153480e+01  6.79334839e+01  2.69153480e+01  1.67049061e+02 
 2.75422870e+01  6.79236159e+01  2.75422870e+01  1.66753691e+02 
 2.81838293e+01  6.79132757e+01  2.81838293e+01  1.66452080e+02 
 2.88403150e+01  6.79024430e+01  2.88403150e+01  1.66144137e+02 
 2.95120923e+01  6.78910965e+01  2.95120923e+01  1.65829770e+02 
 3.01995172e+01  6.78792144e+01  3.01995172e+01  1.65508888e+02 
 3.09029543e+01  6.78667740e+01  3.09029543e+01  1.65181403e+02 
 3.16227766e+01  6.78537519e+01  3.16227766e+01  1.64847228e+02 
 3.23593657e+01  6.78401240e+01  3.23593657e+01  1.64506280e+02 
 3.31131121e+01  6.78258654e+01  3.31131121e+01  1.64158475e+02 
 3.38844156e+01  6.78109506e+01  3.38844156e+01  1.63803734e+02 
 3.46736850e+01  6.77953530e+01  3.46736850e+01  1.63441980e+02 
 3.54813389e+01  6.77790456e+01  3.54813389e+01  1.63073138e+02 
 3.63078055e+01  6.77620003e+01  3.63078055e+01  1.62697137e+02 
 3.71535229e+01  6.77441884e+01  3.71535229e+01  1.62313912e+02 
 3.80189396e+01  6.77255804e+01  3.80189396e+01  1.61923397e+02 
 3.89045145e+01  6.77061460e+01  3.89045145e+01  1.61525534e+02 
 3.98107171e+01  6.76858541e+01  3.98107171e+01  1.61120269e+02 
 4.07380278e+01  6.76646729e+01  4.07380278e+01  1.60707550e+02 
 4.16869383e+01  6.76425698e+01  4.16869383e+01  1.60287334e+02 
 4.26579519e+01  6.76195113e+01  4.26579519e+01  1.59859581e+02 
 4.36515832e+01  6.75954635e+01  4.36515832e+01  1.59424257e+02 
 4.46683592e+01  6.75703915e+01  4.46683592e+01  1.58981336e+02 
 4.57088190e+01  6.75442598e+01  4.57088190e+01  1.58530796e+02 
 4.67735141e+01  6.75170322e+01  4.67735141e+01  1.58072625e+02 
 4.78630092e+01  6.74886720e+01  4.78630092e+01  1.57606814e+02 
 4.89778819e+01  6.74591417e+01  4.89778819e+01  1.57133367e+02 
 5.01187234e+01  6.74284034e+01  5.01187234e+01  1.56652291e+02 
 5.12861384e+01  6.73964184e+01  5.12861384e+01  1.56163606e+02 
 5.24807460e+01  6.73631479e+01  5.24807460e+01  1.55667337e+02 
 5.37031796e+01  6.73285523e+01  5.37031796e+01  1.55163520e+02 
 5.49540874e+01  6.72925920e+01  5.49540874e+01  1.54652202e+02 
 5.62341325e+01  6.72552266e+01  5.62341325e+01  1.54133437e+02 
 5.75439937e+01  6.72164160e+01  5.75439937e+01  1.53607290e+02 
 5.88843655e+01  6.71761195e+01  5.88843655e+01  1.53073839e+02 
 6.02559586e+01  6.71342965e+01  6.02559586e+01  1.52533170e+02 
 6.16595002e+01  6.70909062e+01  6.16595002e+01  1.51985381e+02 
 6.30957344e+01  6.70459082e+01  6.30957344e+01  1.51430581e+02 
 6.45654229e+01  6.69992618e+01  6.45654229e+01  1.50868893e+02 
 6.60693448e+01  6.69509270e+01  6.60693448e+01  1.50300448e+02 
 6.76082975e+01  6.69008638e+01  6.76082975e+01  1.49725392e+02 
 6.91830971e+01  6.68490327e+01  6.91830971e+01  1.49143882e+02 
 7.07945784e+01  6.67953950e+01  7.07945784e+01  1.48556087e+02 
 7.24435960e+01  6.67399123e+01  7.24435960e+01  1.47962188e+02 
 7.41310241e+01  6.66825471e+01  7.41310241e+01  1.47362378e+02 
 7.58577575e+01  6.66232630e+01  7.58577575e+01  1.46756862e+02 
 7.76247117e+01  6.65620243e+01  7.76247117e+01  1.46145859e+02 
 7.94328235e+01  6.64987965e+01  7.94328235e+01  1.45529597e+02 
 8.12830516e+01  6.64335463e+01  8.12830516e+01  1.44908316e+02 
 8.31763771e+01  6.63662418e+01  8.31763771e+01  1.44282269e+02 
 8.51138038e+01  6.62968524e+01  8.51138038e+01  1.43651718e+02 
 8.70963590e+01  6.62253493e+01  8.70963590e+01  1.43016936e+02 
 8.91250938e+01  6.61517051e+01  8.91250938e+01  1.42378207e+02 
 9.12010839e+01  6.60758942e+01  9.12010839e+01  1.41735822e+02 
 9.33254301e+01  6.59978931e+01  9.33254301e+01  1.41090084e+02 
 9.54992586e+01  6.59176798e+01  9.54992586e+01  1.40441302e+02 
 9.77237221e+01  6.58352348e+01  9.77237221e+01  1.39789794e+02 
 1.00000000e+02  6.57505405e+01  1.00000000e+02  1.39135885e+02 
 1.02329299e+02  6.56635814e+01  1.02329299e+02  1.38479905e+02 
 1.04712855e+02  6.55743443e+01  1.04712855e+02  1.37822189e+02 
 1.07151931e+02  6.54828185e+01  1.07151931e+02  1.37163079e+02 
 1.09647820e+02  6.53889954e+01  1.09647820e+02  1.36502918e+02 
 1.12201845e+02  6.52928688e+01  1.12201845e+02  1.35842054e+02 
 1.14815362e+02  6.51944352e+01  1.14815362e+02  1.35180836e+02 
 1.17489755e+02  6.50936931e+01  1.17489755e+02  1.34519612e+02 
 1.20226443e+02  6.49906438e+01  1.20226443e+02  1.33858734e+02 
 1.23026877e+02  6.48852908e+01  1.23026877e+02  1.33198550e+02 
 1.25892541e+02  6.47776402e+01  1.25892541e+02  1.32539407e+02 
 1.28824955e+02  6.46677002e+01  1.28824955e+02  1.31881651e+02 
 1.31825674e+02  6.45554818e+01  1.31825674e+02  1.31225621e+02 
 1.34896288e+02  6.44409979e+01  1.34896288e+02  1.30571655e+02 
 1.38038426e+02  6.43242638e+01  1.38038426e+02  1.29920083e+02 
 1.41253754e+02  6.42052972e+01  1.41253754e+02  1.29271231e+02 
 1.44543977e+02  6.40841175e+01  1.44543977e+02  1.28625418e+02 
 1.47910839e+02  6.39607466e+01  1.47910839e+02  1.27982953e+02 
 1.51356125e+02  6.38352081e+01  1.51356125e+02  1.27344140e+02 
 1.54881662e+02  6.37075275e+01  1.54881662e+02  1.26709272e+02 
 1.58489319e+02  6.35777322e+01  1.58489319e+02  1.26078632e+02 
 1.62181010e+02  6.34458511e+01  1.62181010e+02  1.25452496e+02 
 1.65958691e+02  6.33119147e+01  1.65958691e+02  1.24831126e+02 
 1.69824365e+02  6.31759552e+01  1.69824365e+02  1.24214776e+02 
 1.73780083e+02  6.30380058e+01  1.73780083e+02  1.23603686e+02 
 1.77827941e+02  6.28981012e+01  1.77827941e+02  1.22998086e+02 
 1.81970086e+02  6.27562771e+01  1.81970086e+02  1.22398195e+02 
 1.86208714e+02  6.26125702e+01  1.86208714e+02  1.21804219e+02 
 1.90546072e+02  6.24670181e+01  1.90546072e+02  1.21216351e+02 
 1.94984460e+02  6.23196593e+01  1.94984460e+02  1.20634772e+02 
 1.99526231e+02  6.21705328e+01  1.99526231e+02  1.20059653e+02 
 2.04173794e+02  6.20196782e+01  2.04173794e+02  1.19491150e+02 
 2.08929613e+02  6.18671355e+01  2.08929613e+02  1.18929409e+02 
 2.13796209e+02  6.17129454e+01  2.13796209e+02  1.18374561e+02 
 2.18776162e+02  6.15571483e+01  2.18776162e+02  1.17826729e+02 
 2.23872114e+02  6.13997851e+01  2.23872114e+02  1.17286020e+02 
 2.29086765e+02  6.12408967e+01  2.29086765e+02  1.16752533e+02 
 2.34422882e+02  6.10805240e+01  2.34422882e+02  1.16226354e+02 
 2.39883292e+02  6.09187077e+01  2.39883292e+02  1.15707557e+02 
 2.45470892e+02  6.07554884e+01  2.45470892e+02  1.15196208e+02 
 2.51188643e+02  6.05909064e+01  2.51188643e+02  1.14692361e+02 
 2.57039578e+02  6.04250015e+01  2.57039578e+02  1.14196059e+02 
 2.63026799e+02  6.02578135e+01  2.63026799e+02  1.13707337e+02 
 2.69153480e+02  6.00893814e+01  2.69153480e+02  1.13226219e+02 
 2.75422870e+02  5.99197439e+01  2.75422870e+02  1.12752722e+02 
 2.81838293e+02  5.97489390e+01  2.81838293e+02  1.12286853e+02 
 2.88403150e+02  5.95770042e+01  2.88403150e+02  1.11828612e+02 
 2.95120923e+02  5.94039764e+01  2.95120923e+02  1.11377988e+02 
 3.01995172e+02  5.92298917e+01  3.01995172e+02  1.10934967e+02 
 3.09029543e+02  5.90547855e+01  3.09029543e+02  1.10499526e+02 
 3.16227766e+02  5.88786927e+01  3.16227766e+02  1.10071634e+02 
 3.23593657e+02  5.87016472e+01  3.23593657e+02  1.09651256e+02 
 3.31131121e+02  5.85236822e+01  3.31131121e+02  1.09238351e+02 
 3.38844156e+02  5.83448302e+01  3.38844156e+02  1.08832869e+02 
 3.46736850e+02  5.81651229e+01  3.46736850e+02  1.08434761e+02 
 3.54813389e+02  5.79845910e+01  3.54813389e+02  1.08043967e+02 
 3.63078055e+02  5.78032646e+01  3.63078055e+02  1.07660428e+02 
 3.71535229e+02  5.76211729e+01  3.71535229e+02  1.07284076e+02 
 3.80189396e+02  5.74383443e+01  3.80189396e+02  1.06914844e+02 
 3.89045145e+02  5.72548064e+01  3.89045145e+02  1.06552657e+02 
 3.98107171e+02  5.70705860e+01  3.98107171e+02  1.06197440e+02 
 4.07380278e+02  5.68857090e+01  4.07380278e+02  1.05849115e+02 
 4.16869383e+02  5.67002007e+01  4.16869383e+02  1.05507599e+02 
 4.26579519e+02  5.65140853e+01  4.26579519e+02  1.05172810e+02 
 4.36515832e+02  5.63273866e+01  4.36515832e+02  1.04844661e+02 
 4.46683592e+02  5.61401273e+01  4.46683592e+02  1.04523066e+02 
 4.57088190e+02  5.59523296e+01  4.57088190e+02  1.04207934e+02 
 4.67735141e+02  5.57640147e+01  4.67735141e+02  1.03899176e+02 
 4.78630092e+02  5.55752033e+01  4.78630092e+02  1.03596701e+02 
 4.89778819e+02  5.53859154e+01  4.89778819e+02  1.03300415e+02 
 5.01187234e+02  5.51961700e+01  5.01187234e+02  1.03010225e+02 
 5.12861384e+02  5.50059858e+01  5.12861384e+02  1.02726038e+02 
 5.24807460e+02  5.48153805e+01  5.24807460e+02  1.02447759e+02 
 5.37031796e+02  5.46243714e+01  5.37031796e+02  1.02175294e+02 
 5.49540874e+02  5.44329751e+01  5.49540874e+02  1.01908548e+02 
 5.62341325e+02  5.42412075e+01  5.62341325e+02  1.01647426e+02 
 5.75439937e+02  5.40490840e+01  5.75439937e+02  1.01391834e+02 
 5.88843655e+02  5.38566194e+01  5.88843655e+02  1.01141677e+02 
 6.02559586e+02  5.36638279e+01  6.02559586e+02  1.00896861e+02 
 6.16595002e+02  5.34707232e+01  6.16595002e+02  1.00657292e+02 
 6.30957344e+02  5.32773185e+01  6.30957344e+02  1.00422879e+02 
 6.45654229e+02  5.30836263e+01  6.45654229e+02  1.00193527e+02 
 6.60693448e+02  5.28896588e+01  6.60693448e+02  9.99691461e+01 
 6.76082975e+02  5.26954277e+01  6.76082975e+02  9.97496444e+01 
 6.91830971e+02  5.25009442e+01  6.91830971e+02  9.95349319e+01 
 7.07945784e+02  5.23062190e+01  7.07945784e+02  9.93249194e+01 
 7.24435960e+02  5.21112625e+01  7.24435960e+02  9.91195185e+01 
 7.41310241e+02  5.19160845e+01  7.41310241e+02  9.89186418e+01 
 7.58577575e+02  5.17206946e+01  7.58577575e+02  9.87222031e+01 
 7.76247117e+02  5.15251018e+01  7.76247117e+02  9.85301170e+01 
 7.94328235e+02  5.13293149e+01  7.94328235e+02  9.83422994e+01 
 8.12830516e+02  5.11333424e+01  8.12830516e+02  9.81586673e+01 
 8.31763771e+02  5.09371921e+01  8.31763771e+02  9.79791389e+01 
 8.51138038e+02  5.07408719e+01  8.51138038e+02  9.78036333e+01 
 8.70963590e+02  5.05443891e+01  8.70963590e+02  9.76320713e+01 
 8.91250938e+02  5.03477507e+01  8.91250938e+02  9.74643743e+01 
 9.12010839e+02  5.01509636e+01  9.12010839e+02  9.73004655e+01 
 9.33254301e+02  4.99540343e+01  9.33254301e+02  9.71402691e+01 
 9.54992586e+02  4.97569689e+01  9.54992586e+02  9.69837104e+01 
 9.77237221e+02  4.95597734e+01  9.77237221e+02  9.68307163e+01 
 1.00000000e+03  4.93624535e+01  1.00000000e+03  9.66812145e+01 
 1.02329299e+03  4.91650147e+01  1.02329299e+03  9.65351345e+01 
 1.04712855e+03  4.89674622e+01  1.04712855e+03  9.63924066e+01 
 1.07151931e+03  4.87698010e+01  1.07151931e+03  9.62529627e+01 
 1.09647820e+03  4.85720359e+01  1.09647820e+03  9.61167357e+01 
 1.12201845e+03  4.83741714e+01  1.12201845e+03  9.59836599e+01 
 1.14815362e+03  4.81762120e+01  1.14815362e+03  9.58536707e+01 
 1.17489755e+03  4.79781619e+01  1.17489755e+03  9.57267050e+01 
 1.20226443e+03  4.77800250e+01  1.20226443e+03  9.56027007e+01 
 1.23026877e+03  4.75818053e+01  1.23026877e+03  9.54815970e+01 
 1.25892541e+03  4.73835063e+01  1.25892541e+03  9.53633344e+01 
 1.28824955e+03  4.71851317e+01  1.28824955e+03  9.52478543e+01 
 1.31825674e+03  4.69866847e+01  1.31825674e+03  9.51350998e+01 
 1.34896288e+03  4.67881686e+01  1.34896288e+03  9.50250146e+01 
 1.38038426e+03  4.65895865e+01  1.38038426e+03  9.49175441e+01 
 1.41253754e+03  4.63909413e+01  1.41253754e+03  9.48126345e+01 
 1.44543977e+03  4.61922358e+01  1.44543977e+03  9.47102332e+01 
 1.47910839e+03  4.59934728e+01  1.47910839e+03  9.46102888e+01 
 1.51356125e+03  4.57946547e+01  1.51356125e+03  9.45127511e+01 
 1.54881662e+03  4.55957841e+01  1.54881662e+03  9.44175708e+01 
 1.58489319e+03  4.53968633e+01  1.58489319e+03  9.43246998e+01 
 1.62181010e+03  4.51978946e+01  1.62181010e+03  9.42340909e+01 
 1.65958691e+03  4.49988801e+01  1.65958691e+03  9.41456984e+01 
 1.69824365e+03  4.47998219e+01  1.69824365e+03  9.40594771e+01 
 1.73780083e+03  4.46007220e+01  1.73780083e+03  9.39753831e+01 
 1.77827941e+03  4.44015822e+01  1.77827941e+03  9.38933735e+01 
 1.81970086e+03  4.42024043e+01  1.81970086e+03  9.38134064e+01 
 1.86208714e+03  4.40031901e+01  1.86208714e+03  9.37354409e+01 
 1.90546072e+03  4.38039411e+01  1.90546072e+03  9.36594368e+01 
 1.94984460e+03  4.36046591e+01  1.94984460e+03  9.35853553e+01 
 1.99526231e+03  4.34053455e+01  1.99526231e+03  9.35131582e+01 
 2.04173794e+03  4.32060017e+01  2.04173794e+03  9.34428083e+01 
 2.08929613e+03  4.30066291e+01  2.08929613e+03  9.33742694e+01 
 2.13796209e+03  4.28072290e+01  2.13796209e+03  9.33075060e+01 
 2.18776162e+03  4.26078027e+01  2.18776162e+03  9.32424838e+01 
 2.23872114e+03  4.24083514e+01  2.23872114e+03  9.31791689e+01 
 2.29086765e+03  4.22088763e+01  2.29086765e+03  9.31175287e+01 
 2.34422882e+03  4.20093784e+01  2.34422882e+03  9.30575311e+01 
 2.39883292e+03  4.18098588e+01  2.39883292e+03  9.29991452e+01 
 2.45470892e+03  4.16103186e+01  2.45470892e+03  9.29423404e+01 
 2.51188643e+03  4.14107586e+01  2.51188643e+03  9.28870874e+01 
 2.57039578e+03  4.12111799e+01  2.57039578e+03  9.28333573e+01 
 2.63026799e+03  4.10115833e+01  2.63026799e+03  9.27811222e+01 
 2.69153480e+03  4.08119696e+01  2.69153480e+03  9.27303549e+01 
 2.75422870e+03  4.06123398e+01  2.75422870e+03  9.26810289e+01 
 2.81838293e+03  4.04126944e+01  2.81838293e+03  9.26331184e+01 
 2.88403150e+03  4.02130344e+01  2.88403150e+03  9.25865985e+01 
 2.95120923e+03  4.00133604e+01  2.95120923e+03  9.25414449e+01 
 3.01995172e+03  3.98136731e+01  3.01995172e+03  9.24976339e+01 
 3.09029543e+03  3.96139732e+01  3.09029543e+03  9.24551426e+01 
 3.16227766e+03  3.94142613e+01  3.16227766e+03  9.24139489e+01 
 3.23593657e+03  3.92145380e+01  3.23593657e+03  9.23740310e+01 
 3.31131121e+03  3.90148039e+01  3.31131121e+03  9.23353682e+01 
 3.38844156e+03  3.88150596e+01  3.38844156e+03  9.22979402e+01 
 3.46736850e+03  3.86153056e+01  3.46736850e+03  9.22617272e+01 
 3.54813389e+03  3.84155424e+01  3.54813389e+03  9.22267105e+01 
 3.63078055e+03  3.82157705e+01  3.63078055e+03  9.21928714e+01 
 3.71535229e+03  3.80159904e+01  3.71535229e+03  9.21601924e+01 
 3.80189396e+03  3.78162026e+01  3.80189396e+03  9.21286563e+01 
 3.89045145e+03  3.76164075e+01  3.89045145e+03  9.20982463e+01 
 3.98107171e+03  3.74166056e+01  3.98107171e+03  9.20689467e+01 
 4.07380278e+03  3.72167972e+01  4.07380278e+03  9.20407419e+01 
 4.16869383e+03  3.70169828e+01  4.16869383e+03  9.20136172e+01 
 4.26579519e+03  3.68171628e+01  4.26579519e+03  9.19875583e+01 
 4.36515832e+03  3.66173375e+01  4.36515832e+03  9.19625514e+01 
 4.46683592e+03  3.64175074e+01  4.46683592e+03  9.19385834e+01 
 4.57088190e+03  3.62176727e+01  4.57088190e+03  9.19156417e+01 
 4.67735141e+03  3.60178339e+01  4.67735141e+03  9.18937141e+01 
 4.78630092e+03  3.58179912e+01  4.78630092e+03  9.18727892e+01 
 4.89778819e+03  3.56181451e+01  4.89778819e+03  9.18528559e+01 
 5.01187234e+03  3.54182958e+01  5.01187234e+03  9.18339036e+01 
 5.12861384e+03  3.52184436e+01  5.12861384e+03  9.18159225e+01 
 5.24807460e+03  3.50185889e+01  5.24807460e+03  9.17989029e+01 
 5.37031796e+03  3.48187319e+01  5.37031796e+03  9.17828360e+01 
 5.49540874e+03  3.46188731e+01  5.49540874e+03  9.17677131e+01 
 5.62341325e+03  3.44190126e+01  5.62341325e+03  9.17535264e+01 
 5.75439937e+03  3.42191508e+01  5.75439937e+03  9.17402683e+01 
 5.88843655e+03  3.40192879e+01  5.88843655e+03  9.17279319e+01 
 6.02559586e+03  3.38194243e+01  6.02559586e+03  9.17165105e+01 
 6.16595002e+03  3.36195603e+01  6.16595002e+03  9.17059982e+01 
 6.30957344e+03  3.34196961e+01  6.30957344e+03  9.16963893e+01 
 6.45654229e+03  3.32198319e+01  6.45654229e+03  9.16876788e+01 
 6.60693448e+03  3.30199682e+01  6.60693448e+03  9.16798620e+01 
 6.76082975e+03  3.28201052e+01  6.76082975e+03  9.16729349e+01 
 6.91830971e+03  3.26202432e+01  6.91830971e+03  9.16668936e+01 
 7.07945784e+03  3.24203825e+01  7.07945784e+03  9.16617349e+01 
 7.24435960e+03  3.22205233e+01  7.24435960e+03  9.16574562e+01 
 7.41310241e+03  3.20206660e+01  7.41310241e+03  9.16540551e+01 
 7.58577575e+03  3.18208108e+01  7.58577575e+03  9.16515296e+01 
 7.76247117e+03  3.16209582e+01  7.76247117e+03  9.16498786e+01 
 7.94328235e+03  3.14211083e+01  7.94328235e+03  9.16491010e+01 
 8.12830516e+03  3.12212616e+01  8.12830516e+03  9.16491963e+01 
 8.31763771e+03  3.10214183e+01  8.31763771e+03  9.16501646e+01 
 8.51138038e+03  3.08215787e+01  8.51138038e+03  9.16520062e+01 
 8.70963590e+03  3.06217433e+01  8.70963590e+03  9.16547221e+01 
 8.91250938e+03  3.04219123e+01  8.91250938e+03  9.16583136e+01 
 9.12010839e+03  3.02220861e+01  9.12010839e+03  9.16627826e+01 
 9.33254301e+03  3.00222651e+01  9.33254301e+03  9.16681313e+01 
 9.54992586e+03  2.98224496e+01  9.54992586e+03  9.16743623e+01 
 9.77237221e+03  2.96226401e+01  9.77237221e+03  9.16814789e+01 
 1.00000000e+04  2.94228370e+01  1.00000000e+04  9.16894848e+01 
 1.02329299e+04  2.92230406e+01  1.02329299e+04  9.16983840e+01 
 1.04712855e+04  2.90232514e+01  1.04712855e+04  9.17081811e+01 
 1.07151931e+04  2.88234699e+01  1.07151931e+04  9.17188810e+01 
 1.09647820e+04  2.86236965e+01  1.09647820e+04  9.17304894e+01 
 1.12201845e+04  2.84239316e+01  1.12201845e+04  9.17430121e+01 
 1.14815362e+04  2.82241759e+01  1.14815362e+04  9.17564556e+01 
 1.17489755e+04  2.80244297e+01  1.17489755e+04  9.17708267e+01 
 1.20226443e+04  2.78246937e+01  1.20226443e+04  9.17861329e+01 
 1.23026877e+04  2.76249683e+01  1.23026877e+04  9.18023820e+01 
 1.25892541e+04  2.74252543e+01  1.25892541e+04  9.18195823e+01 
 1.28824955e+04  2.72255521e+01  1.28824955e+04  9.18377427e+01 
 1.31825674e+04  2.70258624e+01  1.31825674e+04  9.18568724e+01 
 1.34896288e+04  2.68261859e+01  1.34896288e+04  9.18769812e+01 
 1.38038426e+04  2.66265232e+01  1.38038426e+04  9.18980794e+01 
 1.41253754e+04  2.64268751e+01  1.41253754e+04  9.19201778e+01 
 1.44543977e+04  2.62272423e+01  1.44543977e+04  9.19432877e+01 
 1.47910839e+04  2.60276255e+01  1.47910839e+04  9.19674208e+01 
 1.51356125e+04  2.58280256e+01  1.51356125e+04  9.19925895e+01 
 1.54881662e+04  2.56284435e+01  1.54881662e+04  9.20188065e+01 
 1.58489319e+04  2.54288799e+01  1.58489319e+04  9.20460852e+01 
 1.62181010e+04  2.52293358e+01  1.62181010e+04  9.20744395e+01 
 1.65958691e+04  2.50298123e+01  1.65958691e+04  9.21038836e+01 
 1.69824365e+04  2.48303102e+01  1.69824365e+04  9.21344326e+01 
 1.73780083e+04  2.46308306e+01  1.73780083e+04  9.21661018e+01 
 1.77827941e+04  2.44313747e+01  1.77827941e+04  9.21989072e+01 
 1.81970086e+04  2.42319435e+01  1.81970086e+04  9.22328654e+01 
 1.86208714e+04  2.40325383e+01  1.86208714e+04  9.22679934e+01 
 1.90546072e+04  2.38331603e+01  1.90546072e+04  9.23043088e+01 
 1.94984460e+04  2.36338108e+01  1.94984460e+04  9.23418299e+01 
 1.99526231e+04  2.34344912e+01  1.99526231e+04  9.23805753e+01 
 2.04173794e+04  2.32352028e+01  2.04173794e+04  9.24205644e+01 
 2.08929613e+04  2.30359473e+01  2.08929613e+04  9.24618171e+01 
 2.13796209e+04  2.28367261e+01  2.13796209e+04  9.25043539e+01 
 2.18776162e+04  2.26375409e+01  2.18776162e+04  9.25481957e+01 
 2.23872114e+04  2.24383934e+01  2.23872114e+04  9.25933642e+01 
 2.29086765e+04  2.22392853e+01  2.29086765e+04  9.26398817e+01 
 2.34422882e+04  2.20402186e+01  2.34422882e+04  9.26877709e+01 
 2.39883292e+04  2.18411951e+01  2.39883292e+04  9.27370552e+01 
 2.45470892e+04  2.16422169e+01  2.45470892e+04  9.27877587e+01 
 2.51188643e+04  2.14432862e+01  2.51188643e+04  9.28399059e+01 
 2.57039578e+04  2.12444051e+01  2.57039578e+04  9.28935222e+01 
 2.63026799e+04  2.10455760e+01  2.63026799e+04  9.29486332e+01 
 2.69153480e+04  2.08468013e+01  2.69153480e+04  9.30052654e+01 
 2.75422870e+04  2.06480836e+01  2.75422870e+04  9.30634459e+01 
 2.81838293e+04  2.04494254e+01  2.81838293e+04  9.31232023e+01 
 2.88403150e+04  2.02508297e+01  2.88403150e+04  9.31845628e+01 
 2.95120923e+04  2.00522992e+01  2.95120923e+04  9.32475564e+01 
 3.01995172e+04  1.98538371e+01  3.01995172e+04  9.33122125e+01 
 3.09029543e+04  1.96554465e+01  3.09029543e+04  9.33785611e+01 
 3.16227766e+04  1.94571306e+01  3.16227766e+04  9.34466331e+01 
 3.23593657e+04  1.92588931e+01  3.23593657e+04  9.35164595e+01 
 3.31131121e+04  1.90607374e+01  3.31131121e+04  9.35880724e+01 
 3.38844156e+04  1.88626674e+01  3.38844156e+04  9.36615042e+01 
 3.46736850e+04  1.86646871e+01  3.46736850e+04  9.37367879e+01 
 3.54813389e+04  1.84668004e+01  3.54813389e+04  9.38139571e+01 
 3.63078055e+04  1.82690119e+01  3.63078055e+04  9.38930460e+01 
 3.71535229e+04  1.80713259e+01  3.71535229e+04  9.39740894e+01 
 3.80189396e+04  1.78737471e+01  3.80189396e+04  9.40571224e+01 
 3.89045145e+04  1.76762806e+01  3.89045145e+04  9.41421809e+01 
 3.98107171e+04  1.74789313e+01  3.98107171e+04  9.42293011e+01 
 4.07380278e+04  1.72817047e+01  4.07380278e+04  9.43185198e+01 
 4.16869383e+04  1.70846064e+01  4.16869383e+04  9.44098741e+01 
 4.26579519e+04  1.68876421e+01  4.26579519e+04  9.45034018e+01 
 4.36515832e+04  1.66908180e+01  4.36515832e+04  9.45991409e+01 
 4.46683592e+04  1.64941404e+01  4.46683592e+04  9.46971297e+01 
 4.57088190e+04  1.62976159e+01  4.57088190e+04  9.47974072e+01 
 4.67735141e+04  1.61012514e+01  4.67735141e+04  9.49000124e+01 
 4.78630092e+04  1.59050542e+01  4.78630092e+04  9.50049845e+01 
 4.89778819e+04  1.57090318e+01  4.89778819e+04  9.51123633e+01 
 5.01187234e+04  1.55131920e+01  5.01187234e+04  9.52221885e+01 
 5.12861384e+04  1.53175429e+01  5.12861384e+04  9.53345000e+01 
 5.24807460e+04  1.51220930e+01  5.24807460e+04  9.54493377e+01 
 5.37031796e+04  1.49268513e+01  5.37031796e+04  9.55667415e+01 
 5.49540874e+04  1.47318269e+01  5.49540874e+04  9.56867516e+01 
 5.62341325e+04  1.45370294e+01  5.62341325e+04  9.58094075e+01 
 5.75439937e+04  1.43424689e+01  5.75439937e+04  9.59347490e+01 
 5.88843655e+04  1.41481558e+01  5.88843655e+04  9.60628153e+01 
 6.02559586e+04  1.39541008e+01  6.02559586e+04  9.61936454e+01 
 6.16595002e+04  1.37603153e+01  6.16595002e+04  9.63272779e+01 
 6.30957344e+04  1.35668109e+01  6.30957344e+04  9.64637505e+01 
 6.45654229e+04  1.33735999e+01  6.45654229e+04  9.66031007e+01 
 6.60693448e+04  1.31806948e+01  6.60693448e+04  9.67453647e+01 
 6.76082975e+04  1.29881089e+01  6.76082975e+04  9.68905783e+01 
 6.91830971e+04  1.27958557e+01  6.91830971e+04  9.70387760e+01 
 7.07945784e+04  1.26039494e+01  7.07945784e+04  9.71899910e+01 
 7.24435960e+04  1.24124048e+01  7.24435960e+04  9.73442554e+01 
 7.41310241e+04  1.22212369e+01  7.41310241e+04  9.75015996e+01 
 7.58577575e+04  1.20304617e+01  7.58577575e+04  9.76620527e+01 
 7.76247117e+04  1.18400954e+01  7.76247117e+04  9.78256415e+01 
 7.94328235e+04  1.16501550e+01  7.94328235e+04  9.79923911e+01 
 8.12830516e+04  1.14606580e+01  8.12830516e+04  9.81623242e+01 
 8.31763771e+04  1.12716225e+01  8.31763771e+04  9.83354613e+01 
 8.51138038e+04  1.10830673e+01  8.51138038e+04  9.85118200e+01 
 8.70963590e+04  1.08950118e+01  8.70963590e+04  9.86914152e+01 
 8.91250938e+04  1.07074759e+01  8.91250938e+04  9.88742584e+01 
 9.12010839e+04  1.05204802e+01  9.12010839e+04  9.90603581e+01 
 9.33254301e+04  1.03340461e+01  9.33254301e+04  9.92497189e+01 
 9.54992586e+04  1.01481953e+01  9.54992586e+04  9.94423415e+01 
 9.77237221e+04  9.96295059e+00  9.77237221e+04  9.96382224e+01 
 1.00000000e+05  9.77833501e+00  1.00000000e+05  9.98373536e+01 
 1.02329299e+05  9.59437245e+00  1.02329299e+05  1.00039722e+02 
 1.04712855e+05  9.41108740e+00  1.04712855e+05  1.00245311e+02 
 1.07151931e+05  9.22850499e+00  1.07151931e+05  1.00454095e+02 
 1.09647820e+05  9.04665097e+00  1.09647820e+05  1.00666045e+02 
 1.12201845e+05  8.86555170e+00  1.12201845e+05  1.00881127e+02 
 1.14815362e+05  8.68523415e+00  1.14815362e+05  1.01099298e+02 
 1.17489755e+05  8.50572586e+00  1.17489755e+05  1.01320509e+02 
 1.20226443e+05  8.32705496e+00  1.20226443e+05  1.01544703e+02 
 1.23026877e+05  8.14925007e+00  1.23026877e+05  1.01771817e+02 
 1.25892541e+05  7.97234036e+00  1.25892541e+05  1.02001778e+02 
 1.28824955e+05  7.79635546e+00  1.28824955e+05  1.02234505e+02 
 1.31825674e+05  7.62132543e+00  1.31825674e+05  1.02469909e+02 
 1.34896288e+05  7.44728074e+00  1.34896288e+05  1.02707891e+02 
 1.38038426e+05  7.27425219e+00  1.38038426e+05  1.02948342e+02 
 1.41253754e+05  7.10227091e+00  1.41253754e+05  1.03191144e+02 
 1.44543977e+05  6.93136826e+00  1.44543977e+05  1.03436167e+02 
 1.47910839e+05  6.76157576e+00  1.47910839e+05  1.03683271e+02 
 1.51356125e+05  6.59292508e+00  1.51356125e+05  1.03932305e+02 
 1.54881662e+05  6.42544793e+00  1.54881662e+05  1.04183105e+02 
 1.58489319e+05  6.25917598e+00  1.58489319e+05  1.04435497e+02 
 1.62181010e+05  6.09414078e+00  1.62181010e+05  1.04689293e+02 
 1.65958691e+05  5.93037369e+00  1.65958691e+05  1.04944294e+02 
 1.69824365e+05  5.76790579e+00  1.69824365e+05  1.05200286e+02 
 1.73780083e+05  5.60676776e+00  1.73780083e+05  1.05457044e+02 
 1.77827941e+05  5.44698977e+00  1.77827941e+05  1.05714330e+02 
 1.81970086e+05  5.28860142e+00  1.81970086e+05  1.05971889e+02 
 1.86208714e+05  5.13163159e+00  1.86208714e+05  1.06229456e+02 
 1.90546072e+05  4.97610832e+00  1.90546072e+05  1.06486751e+02 
 1.94984460e+05  4.82205873e+00  1.94984460e+05  1.06743481e+02 
 1.99526231e+05  4.66950885e+00  1.99526231e+05  1.06999337e+02 
 2.04173794e+05  4.51848353e+00  2.04173794e+05  1.07253999e+02 
 2.08929613e+05  4.36900629e+00  2.08929613e+05  1.07507131e+02 
 2.13796209e+05  4.22109922e+00  2.13796209e+05  1.07758386e+02 
 2.18776162e+05  4.07478280e+00  2.18776162e+05  1.08007401e+02 
 2.23872114e+05  3.93007582e+00  2.23872114e+05  1.08253804e+02 
 2.29086765e+05  3.78699524e+00  2.29086765e+05  1.08497206e+02 
 2.34422882e+05  3.64555602e+00  2.34422882e+05  1.08737208e+02 
 2.39883292e+05  3.50577104e+00  2.39883292e+05  1.08973401e+02 
 2.45470892e+05  3.36765097e+00  2.45470892e+05  1.09205362e+02 
 2.51188643e+05  3.23120414e+00  2.51188643e+05  1.09432660e+02 
 2.57039578e+05  3.09643640e+00  2.57039578e+05  1.09654851e+02 
 2.63026799e+05  2.96335106e+00  2.63026799e+05  1.09871486e+02 
 2.69153480e+05  2.83194877e+00  2.69153480e+05  1.10082105e+02 
 2.75422870e+05  2.70222739e+00  2.75422870e+05  1.10286241e+02 
 2.81838293e+05  2.57418195e+00  2.81838293e+05  1.10483422e+02 
 2.88403150e+05  2.44780454e+00  2.88403150e+05  1.10673169e+02 
 2.95120923e+05  2.32308425e+00  2.95120923e+05  1.10854999e+02 
 3.01995172e+05  2.20000712e+00  3.01995172e+05  1.11028427e+02 
 3.09029543e+05  2.07855607e+00  3.09029543e+05  1.11192963e+02 
 3.16227766e+05  1.95871089e+00  3.16227766e+05  1.11348118e+02 
 3.23593657e+05  1.84044818e+00  3.23593657e+05  1.11493404e+02 
 3.31131121e+05  1.72374139e+00  3.31131121e+05  1.11628331e+02 
 3.38844156e+05  1.60856076e+00  3.38844156e+05  1.11752415e+02 
 3.46736850e+05  1.49487338e+00  3.46736850e+05  1.11865172e+02 
 3.54813389e+05  1.38264317e+00  3.54813389e+05  1.11966127e+02 
 3.63078055e+05  1.27183098e+00  3.63078055e+05  1.12054809e+02 
 3.71535229e+05  1.16239458e+00  3.71535229e+05  1.12130753e+02 
 3.80189396e+05  1.05428877e+00  3.80189396e+05  1.12193505e+02 
 3.89045145e+05  9.47465444e-01  3.89045145e+05  1.12242620e+02 
 3.98107171e+05  8.41873654e-01  3.98107171e+05  1.12277662e+02 
 4.07380278e+05  7.37459750e-01  4.07380278e+05  1.12298210e+02 
 4.16869383e+05  6.34167474e-01  4.16869383e+05  1.12303854e+02 
 4.26579519e+05  5.31938091e-01  4.26579519e+05  1.12294198e+02 
 4.36515832e+05  4.30710517e-01  4.36515832e+05  1.12268861e+02 
 4.46683592e+05  3.30421475e-01  4.46683592e+05  1.12227480e+02 
 4.57088190e+05  2.31005641e-01  4.57088190e+05  1.12169705e+02 
 4.67735141e+05  1.32395813e-01  4.67735141e+05  1.12095207e+02 
 4.78630092e+05  3.45230809e-02  4.78630092e+05  1.12003672e+02 
 4.89778819e+05 -6.26829937e-02  4.89778819e+05  1.11894808e+02 
 5.01187234e+05 -1.59294191e-01  5.01187234e+05  1.11768341e+02 
 5.12861384e+05 -2.55383440e-01  5.12861384e+05  1.11624016e+02 
 5.24807460e+05 -3.51024625e-01  5.24807460e+05  1.11461600e+02 
 5.37031796e+05 -4.46292378e-01  5.37031796e+05  1.11280879e+02 
 5.49540874e+05 -5.41261877e-01  5.49540874e+05  1.11081662e+02 
 5.62341325e+05 -6.36008638e-01  5.62341325e+05  1.10863778e+02 
 5.75439937e+05 -7.30608300e-01  5.75439937e+05  1.10627077e+02 
 5.88843655e+05 -8.25136418e-01  5.88843655e+05  1.10371431e+02 
 6.02559586e+05 -9.19668245e-01  6.02559586e+05  1.10096732e+02 
 6.16595002e+05 -1.01427852e+00  6.16595002e+05  1.09802894e+02 
 6.30957344e+05 -1.10904127e+00  6.30957344e+05  1.09489852e+02 
 6.45654229e+05 -1.20402956e+00  6.45654229e+05  1.09157561e+02 
 6.60693448e+05 -1.29931534e+00  6.60693448e+05  1.08805996e+02 
 6.76082975e+05 -1.39496920e+00  6.76082975e+05  1.08435151e+02 
 6.91830971e+05 -1.49106017e+00  6.91830971e+05  1.08045041e+02 
 7.07945784e+05 -1.58765555e+00  7.07945784e+05  1.07635696e+02 
 7.24435960e+05 -1.68482069e+00  7.24435960e+05  1.07207168e+02 
 7.41310241e+05 -1.78261883e+00  7.41310241e+05  1.06759523e+02 
 7.58577575e+05 -1.88111089e+00  7.58577575e+05  1.06292842e+02 
 7.76247117e+05 -1.98035534e+00  7.76247117e+05  1.05807223e+02 
 7.94328235e+05 -2.08040800e+00  7.94328235e+05  1.05302779e+02 
 8.12830516e+05 -2.18132191e+00  8.12830516e+05  1.04779632e+02 
 8.31763771e+05 -2.28314719e+00  8.31763771e+05  1.04237920e+02 
 8.51138038e+05 -2.38593088e+00  8.51138038e+05  1.03677789e+02 
 8.70963590e+05 -2.48971685e+00  8.70963590e+05  1.03099395e+02 
 8.91250938e+05 -2.59454566e+00  8.91250938e+05  1.02502903e+02 
 9.12010839e+05 -2.70045449e+00  9.12010839e+05  1.01888483e+02 
 9.33254301e+05 -2.80747705e+00  9.33254301e+05  1.01256311e+02 
 9.54992586e+05 -2.91564347e+00  9.54992586e+05  1.00606569e+02 
 9.77237221e+05 -3.02498029e+00  9.77237221e+05  9.99394370e+01 
 1.00000000e+06 -3.13551039e+00  1.00000000e+06  9.92551006e+01 
 1.02329299e+06 -3.24725295e+00  1.02329299e+06  9.85537427e+01 
 1.04712855e+06 -3.36022347e+00  1.04712855e+06  9.78355449e+01 
 1.07151931e+06 -3.47443372e+00  1.07151931e+06  9.71006852e+01 
 1.09647820e+06 -3.58989177e+00  1.09647820e+06  9.63493371e+01 
 1.12201845e+06 -3.70660202e+00  1.12201845e+06  9.55816675e+01 
 1.14815362e+06 -3.82456524e+00  1.14815362e+06  9.47978359e+01 
 1.17489755e+06 -3.94377862e+00  1.17489755e+06  9.39979922e+01 
 1.20226443e+06 -4.06423582e+00  1.20226443e+06  9.31822761e+01 
 1.23026877e+06 -4.18592710e+00  1.23026877e+06  9.23508152e+01 
 1.25892541e+06 -4.30883935e+00  1.25892541e+06  9.15037235e+01 
 1.28824955e+06 -4.43295627e+00  1.28824955e+06  9.06411008e+01 
 1.31825674e+06 -4.55825844e+00  1.31825674e+06  8.97630305e+01 
 1.34896288e+06 -4.68472351e+00  1.34896288e+06  8.88695791e+01 
 1.38038426e+06 -4.81232629e+00  1.38038426e+06  8.79607944e+01 
 1.41253754e+06 -4.94103899e+00  1.41253754e+06  8.70367050e+01 
 1.44543977e+06 -5.07083136e+00  1.44543977e+06  8.60973183e+01 
 1.47910839e+06 -5.20167092e+00  1.47910839e+06  8.51426205e+01 
 1.51356125e+06 -5.33352314e+00  1.51356125e+06  8.41725745e+01 
 1.54881662e+06 -5.46635173e+00  1.54881662e+06  8.31871197e+01 
 1.58489319e+06 -5.60011886e+00  1.58489319e+06  8.21861711e+01 
 1.62181010e+06 -5.73478546e+00  1.62181010e+06  8.11696177e+01 
 1.65958691e+06 -5.87031153e+00  1.65958691e+06  8.01373228e+01 
 1.69824365e+06 -6.00665641e+00  1.69824365e+06  7.90891226e+01 
 1.73780083e+06 -6.14377924e+00  1.73780083e+06  7.80248260e+01 
 1.77827941e+06 -6.28163924e+00  1.77827941e+06  7.69442139e+01 
 1.81970086e+06 -6.42019620e+00  1.81970086e+06  7.58470392e+01 
 1.86208714e+06 -6.55941091e+00  1.86208714e+06  7.47330264e+01 
 1.90546072e+06 -6.69924565e+00  1.90546072e+06  7.36018720e+01 
 1.94984460e+06 -6.83966474e+00  1.94984460e+06  7.24532445e+01 
 1.99526231e+06 -6.98063511e+00  1.99526231e+06  7.12867854e+01 
 2.04173794e+06 -7.12212692e+00  2.04173794e+06  7.01021097e+01 
 2.08929613e+06 -7.26411421e+00  2.08929613e+06  6.88988078e+01 
 2.13796209e+06 -7.40657568e+00  2.13796209e+06  6.76764472e+01 
 2.18776162e+06 -7.54949536e+00  2.18776162e+06  6.64345753e+01 
 2.23872114e+06 -7.69286344e+00  2.23872114e+06  6.51727222e+01 
 2.29086765e+06 -7.83667709e+00  2.29086765e+06  6.38904053e+01 
 2.34422882e+06 -7.98094128e+00  2.34422882e+06  6.25871343e+01 
 2.39883292e+06 -8.12566959e+00  2.39883292e+06  6.12624170e+01 
 2.45470892e+06 -8.27088502e+00  2.45470892e+06  5.99157671e+01 
 2.51188643e+06 -8.41662071e+00  2.51188643e+06  5.85467127e+01 
 2.57039578e+06 -8.56292056e+00  2.57039578e+06  5.71548064e+01 
 2.63026799e+06 -8.70983971e+00  2.63026799e+06  5.57396373e+01 
 2.69153480e+06 -8.85744480e+00  2.69153480e+06  5.43008432e+01 
 2.75422870e+06 -9.00581396e+00  2.75422870e+06  5.28381262e+01 
 2.81838293e+06 -9.15503645e+00  2.81838293e+06  5.13512675e+01 
 2.88403150e+06 -9.30521191e+00  2.88403150e+06  4.98401440e+01 
 2.95120923e+06 -9.45644906e+00  2.95120923e+06  4.83047458e+01 
 3.01995172e+06 -9.60886391e+00  3.01995172e+06  4.67451923e+01 
 3.09029543e+06 -9.76257734e+00  3.09029543e+06  4.51617482e+01 
 3.16227766e+06 -9.91771203e+00  3.16227766e+06  4.35548372e+01 
 3.23593657e+06 -1.00743889e+01  3.23593657e+06  4.19250520e+01 
 3.31131121e+06 -1.02327227e+01  3.31131121e+06  4.02731615e+01 
 3.38844156e+06 -1.03928177e+01  3.38844156e+06  3.86001106e+01 
 3.46736850e+06 -1.05547626e+01  3.46736850e+06  3.69070147e+01 
 3.54813389e+06 -1.07186254e+01  3.54813389e+06  3.51951466e+01 
 3.63078055e+06 -1.08844494e+01  3.63078055e+06  3.34659156e+01 
 3.71535229e+06 -1.10522481e+01  3.71535229e+06  3.17208383e+01 
 3.80189396e+06 -1.12220028e+01  3.80189396e+06  2.99615034e+01 
 3.89045145e+06 -1.13936601e+01  3.89045145e+06  2.81895299e+01 
 3.98107171e+06 -1.15671313e+01  3.98107171e+06  2.64065219e+01 
 4.07380278e+06 -1.17422931e+01  4.07380278e+06  2.46140221e+01 
 4.16869383e+06 -1.19189904e+01  4.16869383e+06  2.28134663e+01 
 4.26579519e+06 -1.20970401e+01  4.26579519e+06  2.10061422e+01 
 4.36515832e+06 -1.22762363e+01  4.36515832e+06  1.91931546e+01 
 4.46683592e+06 -1.24563569e+01  4.46683592e+06  1.73753989e+01 
 4.57088190e+06 -1.26371706e+01  4.57088190e+06  1.55535454e+01 
 4.67735141e+06 -1.28184441e+01  4.67735141e+06  1.37280330e+01 
 4.78630092e+06 -1.29999489e+01  4.78630092e+06  1.18990744e+01 
 4.89778819e+06 -1.31814686e+01  4.89778819e+06  1.00666697e+01 
 5.01187234e+06 -1.33628038e+01  5.01187234e+06  8.23062887e+00 
 5.12861384e+06 -1.35437774e+01  5.12861384e+06  6.39059929e+00 
 5.24807460e+06 -1.37242376e+01  5.24807460e+06  4.54609825e+00 
 5.37031796e+06 -1.39040608e+01  5.37031796e+06  2.69654677e+00 
 5.49540874e+06 -1.40831521e+01  5.49540874e+06  8.41303822e-01 
 5.62341325e+06 -1.42614461e+01  5.62341325e+06 -1.02030097e+00 
 5.75439937e+06 -1.44389052e+01  5.75439937e+06 -2.88893720e+00 
 5.88843655e+06 -1.46155192e+01  5.88843655e+06 -4.76524704e+00 
 6.02559586e+06 -1.47913022e+01  6.02559586e+06 -6.64982257e+00 
 6.16595002e+06 -1.49662907e+01  6.16595002e+06 -8.54318720e+00 
 6.30957344e+06 -1.51405409e+01  6.30957344e+06 -1.04457812e+01 
 6.45654229e+06 -1.53141255e+01  6.45654229e+06 -1.23579513e+01 
 6.60693448e+06 -1.54871312e+01  6.60693448e+06 -1.42799433e+01 
 6.76082975e+06 -1.56596560e+01  6.76082975e+06 -1.62118982e+01 
 6.91830971e+06 -1.58318060e+01  6.91830971e+06 -1.81538511e+01 
 7.07945784e+06 -1.60036937e+01  7.07945784e+06 -2.01057319e+01 
 7.24435960e+06 -1.61754351e+01  7.24435960e+06 -2.20673681e+01 
 7.41310241e+06 -1.63471476e+01  7.41310241e+06 -2.40384892e+01 
 7.58577575e+06 -1.65189488e+01  7.58577575e+06 -2.60187319e+01 
 7.76247117e+06 -1.66909537e+01  7.76247117e+06 -2.80076467e+01 
 7.94328235e+06 -1.68632742e+01  7.94328235e+06 -3.00047044e+01 
 8.12830516e+06 -1.70360171e+01  8.12830516e+06 -3.20093038e+01 
 8.31763771e+06 -1.72092833e+01  8.31763771e+06 -3.40207798e+01 
 8.51138038e+06 -1.73831666e+01  8.51138038e+06 -3.60384106e+01 
 8.70963590e+06 -1.75577530e+01  8.70963590e+06 -3.80614264e+01 
 8.91250938e+06 -1.77331201e+01  8.91250938e+06 -4.00890173e+01 
 9.12010839e+06 -1.79093362e+01  9.12010839e+06 -4.21203408e+01 
 9.33254301e+06 -1.80864603e+01  9.33254301e+06 -4.41545305e+01 
 9.54992586e+06 -1.82645415e+01  9.54992586e+06 -4.61907028e+01 
 9.77237221e+06 -1.84436193e+01  9.77237221e+06 -4.82279649e+01 
 1.00000000e+07 -1.86237228e+01  1.00000000e+07 -5.02654213e+01 
 1.02329299e+07 -1.88048716e+01  1.02329299e+07 -5.23021809e+01 
 1.04712855e+07 -1.89870754e+01  1.04712855e+07 -5.43373629e+01 
 1.07151931e+07 -1.91703345e+01  1.07151931e+07 -5.63701025e+01 
 1.09647820e+07 -1.93546403e+01  1.09647820e+07 -5.83995563e+01 
 1.12201845e+07 -1.95399753e+01  1.12201845e+07 -6.04249066e+01 
 1.14815362e+07 -1.97263141e+01  1.14815362e+07 -6.24453658e+01 
 1.17489755e+07 -1.99136234e+01  1.17489755e+07 -6.44601799e+01 
 1.20226443e+07 -2.01018634e+01  1.20226443e+07 -6.64686307e+01 
 1.23026877e+07 -2.02909876e+01  1.23026877e+07 -6.84700391e+01 
 1.25892541e+07 -2.04809441e+01  1.25892541e+07 -7.04637654e+01 
 1.28824955e+07 -2.06716760e+01  1.28824955e+07 -7.24492116e+01 
 1.31825674e+07 -2.08631222e+01  1.31825674e+07 -7.44258206e+01 
 1.34896288e+07 -2.10552183e+01  1.34896288e+07 -7.63930770e+01 
 1.38038426e+07 -2.12478968e+01  1.38038426e+07 -7.83505058e+01 
 1.41253754e+07 -2.14410884e+01  1.41253754e+07 -8.02976712e+01 
 1.44543977e+07 -2.16347221e+01  1.44543977e+07 -8.22341755e+01 
 1.47910839e+07 -2.18287265e+01  1.47910839e+07 -8.41596564e+01 
 1.51356125e+07 -2.20230296e+01  1.51356125e+07 -8.60737850e+01 
 1.54881662e+07 -2.22175600e+01  1.54881662e+07 -8.79762629e+01 
 1.58489319e+07 -2.24122473e+01  1.58489319e+07 -8.98668192e+01 
 1.62181010e+07 -2.26070222e+01  1.62181010e+07 -9.17452076e+01 
 1.65958691e+07 -2.28018176e+01  1.65958691e+07 -9.36112027e+01 
 1.69824365e+07 -2.29965684e+01  1.69824365e+07 -9.54645969e+01 
 1.73780083e+07 -2.31912120e+01  1.73780083e+07 -9.73051968e+01 
 1.77827941e+07 -2.33856887e+01  1.77827941e+07 -9.91328195e+01 
 1.81970086e+07 -2.35799421e+01  1.81970086e+07 -1.00947289e+02 
 1.86208714e+07 -2.37739187e+01  1.86208714e+07 -1.02748435e+02 
 1.90546072e+07 -2.39675689e+01  1.90546072e+07 -1.04536085e+02 
 1.94984460e+07 -2.41608464e+01  1.94984460e+07 -1.06310065e+02 
 1.99526231e+07 -2.43537087e+01  1.99526231e+07 -1.08070196e+02 
 2.04173794e+07 -2.45461169e+01  2.04173794e+07 -1.09816289e+02 
 2.08929613e+07 -2.47380359e+01  2.08929613e+07 -1.11548145e+02 
 2.13796209e+07 -2.49294343e+01  2.13796209e+07 -1.13265550e+02 
 2.18776162e+07 -2.51202843e+01  2.18776162e+07 -1.14968275e+02 
 2.23872114e+07 -2.53105618e+01  2.23872114e+07 -1.16656072e+02 
 2.29086765e+07 -2.55002459e+01  2.29086765e+07 -1.18328673e+02 
 2.34422882e+07 -2.56893193e+01  2.34422882e+07 -1.19985791e+02 
 2.39883292e+07 -2.58777676e+01  2.39883292e+07 -1.21627112e+02 
 2.45470892e+07 -2.60655795e+01  2.45470892e+07 -1.23252300e+02 
 2.51188643e+07 -2.62527466e+01  2.51188643e+07 -1.24860996e+02 
 2.57039578e+07 -2.64392629e+01  2.57039578e+07 -1.26452813e+02 
 2.63026799e+07 -2.66251248e+01  2.63026799e+07 -1.28027338e+02 
 2.69153480e+07 -2.68103307e+01  2.69153480e+07 -1.29584133e+02 
 2.75422870e+07 -2.69948810e+01  2.75422870e+07 -1.31122733e+02 
 2.81838293e+07 -2.71787774e+01  2.81838293e+07 -1.32642647e+02 
 2.88403150e+07 -2.73620229e+01  2.88403150e+07 -1.34143358e+02 
 2.95120923e+07 -2.75446215e+01  2.95120923e+07 -1.35624323e+02 
 3.01995172e+07 -2.77265778e+01  3.01995172e+07 -1.37084977e+02 
 3.09029543e+07 -2.79078966e+01  3.09029543e+07 -1.38524727e+02 
 3.16227766e+07 -2.80885827e+01  3.16227766e+07 -1.39942960e+02 
 3.23593657e+07 -2.82686403e+01  3.23593657e+07 -1.41339041e+02 
 3.31131121e+07 -2.84480730e+01  3.31131121e+07 -1.42712313e+02 
 3.38844156e+07 -2.86268831e+01  3.38844156e+07 -1.44062101e+02 
 3.46736850e+07 -2.88050715e+01  3.46736850e+07 -1.45387710e+02 
 3.54813389e+07 -2.89826369e+01  3.54813389e+07 -1.46688430e+02 
 3.63078055e+07 -2.91595757e+01  3.63078055e+07 -1.47963537e+02 
 3.71535229e+07 -2.93358818e+01  3.71535229e+07 -1.49212293e+02 
 3.80189396e+07 -2.95115456e+01  3.80189396e+07 -1.50433946e+02 
 3.89045145e+07 -2.96865538e+01  3.89045145e+07 -1.51627739e+02 
 3.98107171e+07 -2.98608892e+01  3.98107171e+07 -1.52792905e+02 
 4.07380278e+07 -3.00345301e+01  4.07380278e+07 -1.53928672e+02 
 4.16869383e+07 -3.02074496e+01  4.16869383e+07 -1.55034264e+02 
 4.26579519e+07 -3.03796155e+01  4.26579519e+07 -1.56108904e+02 
 4.36515832e+07 -3.05509896e+01  4.36515832e+07 -1.57151820e+02 
 4.46683592e+07 -3.07215272e+01  4.46683592e+07 -1.58162239e+02 
 4.57088190e+07 -3.08911769e+01  4.57088190e+07 -1.59139399e+02 
 4.67735141e+07 -3.10598797e+01  4.67735141e+07 -1.60082546e+02 
 4.78630092e+07 -3.12275686e+01  4.78630092e+07 -1.60990942e+02 
 4.89778819e+07 -3.13941686e+01  4.89778819e+07 -1.61863863e+02 
 5.01187234e+07 -3.15595956e+01  5.01187234e+07 -1.62700610e+02 
 5.12861384e+07 -3.17237561e+01  5.12861384e+07 -1.63500505e+02 
 5.24807460e+07 -3.18865470e+01  5.24807460e+07 -1.64262905e+02 
 5.37031796e+07 -3.20478551e+01  5.37031796e+07 -1.64987199e+02 
 5.49540874e+07 -3.22075563e+01  5.49540874e+07 -1.65672818e+02 
 5.62341325e+07 -3.23655162e+01  5.62341325e+07 -1.66319241e+02 
 5.75439937e+07 -3.25215886e+01  5.75439937e+07 -1.66926002e+02 
 5.88843655e+07 -3.26756166e+01  5.88843655e+07 -1.67492693e+02 
 6.02559586e+07 -3.28274315e+01  6.02559586e+07 -1.68018980e+02 
 6.16595002e+07 -3.29768534e+01  6.16595002e+07 -1.68504602e+02 
 6.30957344e+07 -3.31236913e+01  6.30957344e+07 -1.68949389e+02 
 6.45654229e+07 -3.32677431e+01  6.45654229e+07 -1.69353263e+02 
 6.60693448e+07 -3.34087966e+01  6.60693448e+07 -1.69716255e+02 
 6.76082975e+07 -3.35466298e+01  6.76082975e+07 -1.70038512e+02 
 6.91830971e+07 -3.36810120e+01  6.91830971e+07 -1.70320304e+02 
 7.07945784e+07 -3.38117051e+01  7.07945784e+07 -1.70562040e+02 
 7.24435960e+07 -3.39384648e+01  7.24435960e+07 -1.70764274e+02 
 7.41310241e+07 -3.40610424e+01  7.41310241e+07 -1.70927717e+02 
 7.58577575e+07 -3.41791868e+01  7.58577575e+07 -1.71053242e+02 
 7.76247117e+07 -3.42926469e+01  7.76247117e+07 -1.71141894e+02 
 7.94328235e+07 -3.44011740e+01  7.94328235e+07 -1.71194893e+02 
 8.12830516e+07 -3.45045244e+01  8.12830516e+07 -1.71213643e+02 
 8.31763771e+07 -3.46024628e+01  8.31763771e+07 -1.71199727e+02 
 8.51138038e+07 -3.46947651e+01  8.51138038e+07 -1.71154911e+02 
 8.70963590e+07 -3.47812218e+01  8.70963590e+07 -1.71081139e+02 
 8.91250938e+07 -3.48616414e+01  8.91250938e+07 -1.70980524e+02 
 9.12010839e+07 -3.49358534e+01  9.12010839e+07 -1.70855340e+02 
 9.33254301e+07 -3.50037119e+01  9.33254301e+07 -1.70708010e+02 
 9.54992586e+07 -3.50650980e+01  9.54992586e+07 -1.70541085e+02 
 9.77237221e+07 -3.51199227e+01  9.77237221e+07 -1.70357228e+02 
 1.00000000e+08 -3.51681293e+01  1.00000000e+08 -1.70159190e+02 
