 1.00000000e+00  7.54693396e+01  1.00000000e+00  1.79434426e+02 
 1.02329299e+00  7.54691589e+01  1.02329299e+00  1.79423562e+02 
 1.04712855e+00  7.54689823e+01  1.04712855e+00  1.79412431e+02 
 1.07151931e+00  7.54688098e+01  1.07151931e+00  1.79401027e+02 
 1.09647820e+00  7.54686413e+01  1.09647820e+00  1.79389341e+02 
 1.12201845e+00  7.54684769e+01  1.12201845e+00  1.79377365e+02 
 1.14815362e+00  7.54683162e+01  1.14815362e+00  1.79365092e+02 
 1.17489755e+00  7.54681594e+01  1.17489755e+00  1.79352514e+02 
 1.20226443e+00  7.54680063e+01  1.20226443e+00  1.79339622e+02 
 1.23026877e+00  7.54678567e+01  1.23026877e+00  1.79326409e+02 
 1.25892541e+00  7.54677106e+01  1.25892541e+00  1.79312865e+02 
 1.28824955e+00  7.54675678e+01  1.28824955e+00  1.79298983e+02 
 1.31825674e+00  7.54674282e+01  1.31825674e+00  1.79284753e+02 
 1.34896288e+00  7.54672917e+01  1.34896288e+00  1.79270167e+02 
 1.38038426e+00  7.54671581e+01  1.38038426e+00  1.79255216e+02 
 1.41253754e+00  7.54670273e+01  1.41253754e+00  1.79239891e+02 
 1.44543977e+00  7.54668992e+01  1.44543977e+00  1.79224182e+02 
 1.47910839e+00  7.54667735e+01  1.47910839e+00  1.79208081e+02 
 1.51356125e+00  7.54666502e+01  1.51356125e+00  1.79191578e+02 
 1.54881662e+00  7.54665291e+01  1.54881662e+00  1.79174662e+02 
 1.58489319e+00  7.54664101e+01  1.58489319e+00  1.79157325e+02 
 1.62181010e+00  7.54662929e+01  1.62181010e+00  1.79139556e+02 
 1.65958691e+00  7.54661774e+01  1.65958691e+00  1.79121344e+02 
 1.69824365e+00  7.54660635e+01  1.69824365e+00  1.79102680e+02 
 1.73780083e+00  7.54659510e+01  1.73780083e+00  1.79083552e+02 
 1.77827941e+00  7.54658397e+01  1.77827941e+00  1.79063951e+02 
 1.81970086e+00  7.54657293e+01  1.81970086e+00  1.79043863e+02 
 1.86208714e+00  7.54656199e+01  1.86208714e+00  1.79023280e+02 
 1.90546072e+00  7.54655111e+01  1.90546072e+00  1.79002188e+02 
 1.94984460e+00  7.54654028e+01  1.94984460e+00  1.78980576e+02 
 1.99526231e+00  7.54652949e+01  1.99526231e+00  1.78958433e+02 
 2.04173794e+00  7.54651870e+01  2.04173794e+00  1.78935745e+02 
 2.08929613e+00  7.54650791e+01  2.08929613e+00  1.78912500e+02 
 2.13796209e+00  7.54649709e+01  2.13796209e+00  1.78888686e+02 
 2.18776162e+00  7.54648623e+01  2.18776162e+00  1.78864289e+02 
 2.23872114e+00  7.54647529e+01  2.23872114e+00  1.78839296e+02 
 2.29086765e+00  7.54646427e+01  2.29086765e+00  1.78813693e+02 
 2.34422882e+00  7.54645315e+01  2.34422882e+00  1.78787467e+02 
 2.39883292e+00  7.54644189e+01  2.39883292e+00  1.78760603e+02 
 2.45470892e+00  7.54643048e+01  2.45470892e+00  1.78733086e+02 
 2.51188643e+00  7.54641890e+01  2.51188643e+00  1.78704902e+02 
 2.57039578e+00  7.54640712e+01  2.57039578e+00  1.78676035e+02 
 2.63026799e+00  7.54639512e+01  2.63026799e+00  1.78646470e+02 
 2.69153480e+00  7.54638288e+01  2.69153480e+00  1.78616190e+02 
 2.75422870e+00  7.54637037e+01  2.75422870e+00  1.78585180e+02 
 2.81838293e+00  7.54635756e+01  2.81838293e+00  1.78553422e+02 
 2.88403150e+00  7.54634443e+01  2.88403150e+00  1.78520900e+02 
 2.95120923e+00  7.54633095e+01  2.95120923e+00  1.78487596e+02 
 3.01995172e+00  7.54631709e+01  3.01995172e+00  1.78453492e+02 
 3.09029543e+00  7.54630283e+01  3.09029543e+00  1.78418570e+02 
 3.16227766e+00  7.54628814e+01  3.16227766e+00  1.78382812e+02 
 3.23593657e+00  7.54627298e+01  3.23593657e+00  1.78346197e+02 
 3.31131121e+00  7.54625731e+01  3.31131121e+00  1.78308706e+02 
 3.38844156e+00  7.54624112e+01  3.38844156e+00  1.78270320e+02 
 3.46736850e+00  7.54622436e+01  3.46736850e+00  1.78231017e+02 
 3.54813389e+00  7.54620700e+01  3.54813389e+00  1.78190777e+02 
 3.63078055e+00  7.54618900e+01  3.63078055e+00  1.78149578e+02 
 3.71535229e+00  7.54617032e+01  3.71535229e+00  1.78107399e+02 
 3.80189396e+00  7.54615093e+01  3.80189396e+00  1.78064216e+02 
 3.89045145e+00  7.54613077e+01  3.89045145e+00  1.78020006e+02 
 3.98107171e+00  7.54610981e+01  3.98107171e+00  1.77974746e+02 
 4.07380278e+00  7.54608800e+01  4.07380278e+00  1.77928412e+02 
 4.16869383e+00  7.54606529e+01  4.16869383e+00  1.77880979e+02 
 4.26579519e+00  7.54604164e+01  4.26579519e+00  1.77832422e+02 
 4.36515832e+00  7.54601699e+01  4.36515832e+00  1.77782714e+02 
 4.46683592e+00  7.54599129e+01  4.46683592e+00  1.77731829e+02 
 4.57088190e+00  7.54596447e+01  4.57088190e+00  1.77679740e+02 
 4.67735141e+00  7.54593649e+01  4.67735141e+00  1.77626420e+02 
 4.78630092e+00  7.54590729e+01  4.78630092e+00  1.77571839e+02 
 4.89778819e+00  7.54587678e+01  4.89778819e+00  1.77515969e+02 
 5.01187234e+00  7.54584492e+01  5.01187234e+00  1.77458780e+02 
 5.12861384e+00  7.54581163e+01  5.12861384e+00  1.77400240e+02 
 5.24807460e+00  7.54577682e+01  5.24807460e+00  1.77340320e+02 
 5.37031796e+00  7.54574044e+01  5.37031796e+00  1.77278987e+02 
 5.49540874e+00  7.54570239e+01  5.49540874e+00  1.77216208e+02 
 5.62341325e+00  7.54566259e+01  5.62341325e+00  1.77151951e+02 
 5.75439937e+00  7.54562095e+01  5.75439937e+00  1.77086179e+02 
 5.88843655e+00  7.54557738e+01  5.88843655e+00  1.77018859e+02 
 6.02559586e+00  7.54553177e+01  6.02559586e+00  1.76949955e+02 
 6.16595002e+00  7.54548403e+01  6.16595002e+00  1.76879429e+02 
 6.30957344e+00  7.54543405e+01  6.30957344e+00  1.76807245e+02 
 6.45654229e+00  7.54538172e+01  6.45654229e+00  1.76733363e+02 
 6.60693448e+00  7.54532691e+01  6.60693448e+00  1.76657744e+02 
 6.76082975e+00  7.54526949e+01  6.76082975e+00  1.76580349e+02 
 6.91830971e+00  7.54520935e+01  6.91830971e+00  1.76501135e+02 
 7.07945784e+00  7.54514634e+01  7.07945784e+00  1.76420061e+02 
 7.24435960e+00  7.54508031e+01  7.24435960e+00  1.76337083e+02 
 7.41310241e+00  7.54501112e+01  7.41310241e+00  1.76252158e+02 
 7.58577575e+00  7.54493860e+01  7.58577575e+00  1.76165239e+02 
 7.76247117e+00  7.54486259e+01  7.76247117e+00  1.76076281e+02 
 7.94328235e+00  7.54478291e+01  7.94328235e+00  1.75985237e+02 
 8.12830516e+00  7.54469937e+01  8.12830516e+00  1.75892058e+02 
 8.31763771e+00  7.54461178e+01  8.31763771e+00  1.75796695e+02 
 8.51138038e+00  7.54451994e+01  8.51138038e+00  1.75699097e+02 
 8.70963590e+00  7.54442362e+01  8.70963590e+00  1.75599213e+02 
 8.91250938e+00  7.54432261e+01  8.91250938e+00  1.75496989e+02 
 9.12010839e+00  7.54421666e+01  9.12010839e+00  1.75392371e+02 
 9.33254301e+00  7.54410552e+01  9.33254301e+00  1.75285305e+02 
 9.54992586e+00  7.54398894e+01  9.54992586e+00  1.75175734e+02 
 9.77237221e+00  7.54386663e+01  9.77237221e+00  1.75063600e+02 
 1.00000000e+01  7.54373831e+01  1.00000000e+01  1.74948845e+02 
 1.02329299e+01  7.54360366e+01  1.02329299e+01  1.74831407e+02 
 1.04712855e+01  7.54346237e+01  1.04712855e+01  1.74711227e+02 
 1.07151931e+01  7.54331410e+01  1.07151931e+01  1.74588240e+02 
 1.09647820e+01  7.54315850e+01  1.09647820e+01  1.74462383e+02 
 1.12201845e+01  7.54299518e+01  1.12201845e+01  1.74333591e+02 
 1.14815362e+01  7.54282377e+01  1.14815362e+01  1.74201797e+02 
 1.17489755e+01  7.54264384e+01  1.17489755e+01  1.74066932e+02 
 1.20226443e+01  7.54245497e+01  1.20226443e+01  1.73928928e+02 
 1.23026877e+01  7.54225670e+01  1.23026877e+01  1.73787714e+02 
 1.25892541e+01  7.54204855e+01  1.25892541e+01  1.73643217e+02 
 1.28824955e+01  7.54183002e+01  1.28824955e+01  1.73495365e+02 
 1.31825674e+01  7.54160058e+01  1.31825674e+01  1.73344082e+02 
 1.34896288e+01  7.54135968e+01  1.34896288e+01  1.73189292e+02 
 1.38038426e+01  7.54110675e+01  1.38038426e+01  1.73030918e+02 
 1.41253754e+01  7.54084117e+01  1.41253754e+01  1.72868882e+02 
 1.44543977e+01  7.54056230e+01  1.44543977e+01  1.72703102e+02 
 1.47910839e+01  7.54026947e+01  1.47910839e+01  1.72533498e+02 
 1.51356125e+01  7.53996199e+01  1.51356125e+01  1.72359987e+02 
 1.54881662e+01  7.53963911e+01  1.54881662e+01  1.72182485e+02 
 1.58489319e+01  7.53930007e+01  1.58489319e+01  1.72000907e+02 
 1.62181010e+01  7.53894407e+01  1.62181010e+01  1.71815166e+02 
 1.65958691e+01  7.53857024e+01  1.65958691e+01  1.71625176e+02 
 1.69824365e+01  7.53817772e+01  1.69824365e+01  1.71430846e+02 
 1.73780083e+01  7.53776558e+01  1.73780083e+01  1.71232088e+02 
 1.77827941e+01  7.53733285e+01  1.77827941e+01  1.71028811e+02 
 1.81970086e+01  7.53687852e+01  1.81970086e+01  1.70820923e+02 
 1.86208714e+01  7.53640154e+01  1.86208714e+01  1.70608332e+02 
 1.90546072e+01  7.53590080e+01  1.90546072e+01  1.70390944e+02 
 1.94984460e+01  7.53537516e+01  1.94984460e+01  1.70168664e+02 
 1.99526231e+01  7.53482342e+01  1.99526231e+01  1.69941398e+02 
 2.04173794e+01  7.53424433e+01  2.04173794e+01  1.69709050e+02 
 2.08929613e+01  7.53363658e+01  2.08929613e+01  1.69471524e+02 
 2.13796209e+01  7.53299882e+01  2.13796209e+01  1.69228724e+02 
 2.18776162e+01  7.53232964e+01  2.18776162e+01  1.68980552e+02 
 2.23872114e+01  7.53162757e+01  2.23872114e+01  1.68726911e+02 
 2.29086765e+01  7.53089108e+01  2.29086765e+01  1.68467705e+02 
 2.34422882e+01  7.53011858e+01  2.34422882e+01  1.68202835e+02 
 2.39883292e+01  7.52930843e+01  2.39883292e+01  1.67932205e+02 
 2.45470892e+01  7.52845891e+01  2.45470892e+01  1.67655718e+02 
 2.51188643e+01  7.52756824e+01  2.51188643e+01  1.67373277e+02 
 2.57039578e+01  7.52663459e+01  2.57039578e+01  1.67084786e+02 
 2.63026799e+01  7.52565604e+01  2.63026799e+01  1.66790151e+02 
 2.69153480e+01  7.52463062e+01  2.69153480e+01  1.66489275e+02 
 2.75422870e+01  7.52355628e+01  2.75422870e+01  1.66182067e+02 
 2.81838293e+01  7.52243089e+01  2.81838293e+01  1.65868434e+02 
 2.88403150e+01  7.52125229e+01  2.88403150e+01  1.65548285e+02 
 2.95120923e+01  7.52001818e+01  2.95120923e+01  1.65221532e+02 
 3.01995172e+01  7.51872625e+01  3.01995172e+01  1.64888086e+02 
 3.09029543e+01  7.51737408e+01  3.09029543e+01  1.64547863e+02 
 3.16227766e+01  7.51595917e+01  3.16227766e+01  1.64200780e+02 
 3.23593657e+01  7.51447897e+01  3.23593657e+01  1.63846755e+02 
 3.31131121e+01  7.51293083e+01  3.31131121e+01  1.63485713e+02 
 3.38844156e+01  7.51131203e+01  3.38844156e+01  1.63117576e+02 
 3.46736850e+01  7.50961978e+01  3.46736850e+01  1.62742275e+02 
 3.54813389e+01  7.50785119e+01  3.54813389e+01  1.62359742e+02 
 3.63078055e+01  7.50600331e+01  3.63078055e+01  1.61969912e+02 
 3.71535229e+01  7.50407312e+01  3.71535229e+01  1.61572726e+02 
 3.80189396e+01  7.50205749e+01  3.80189396e+01  1.61168128e+02 
 3.89045145e+01  7.49995324e+01  3.89045145e+01  1.60756069e+02 
 3.98107171e+01  7.49775711e+01  3.98107171e+01  1.60336502e+02 
 4.07380278e+01  7.49546576e+01  4.07380278e+01  1.59909388e+02 
 4.16869383e+01  7.49307578e+01  4.16869383e+01  1.59474693e+02 
 4.26579519e+01  7.49058368e+01  4.26579519e+01  1.59032389e+02 
 4.36515832e+01  7.48798591e+01  4.36515832e+01  1.58582455e+02 
 4.46683592e+01  7.48527886e+01  4.46683592e+01  1.58124878e+02 
 4.57088190e+01  7.48245883e+01  4.57088190e+01  1.57659649e+02 
 4.67735141e+01  7.47952209e+01  4.67735141e+01  1.57186769e+02 
 4.78630092e+01  7.47646483e+01  4.78630092e+01  1.56706249e+02 
 4.89778819e+01  7.47328320e+01  4.89778819e+01  1.56218104e+02 
 5.01187234e+01  7.46997330e+01  5.01187234e+01  1.55722361e+02 
 5.12861384e+01  7.46653118e+01  5.12861384e+01  1.55219056e+02 
 5.24807460e+01  7.46295285e+01  5.24807460e+01  1.54708233e+02 
 5.37031796e+01  7.45923431e+01  5.37031796e+01  1.54189947e+02 
 5.49540874e+01  7.45537151e+01  5.49540874e+01  1.53664263e+02 
 5.62341325e+01  7.45136040e+01  5.62341325e+01  1.53131257e+02 
 5.75439937e+01  7.44719690e+01  5.75439937e+01  1.52591015e+02 
 5.88843655e+01  7.44287694e+01  5.88843655e+01  1.52043634e+02 
 6.02559586e+01  7.43839647e+01  6.02559586e+01  1.51489224e+02 
 6.16595002e+01  7.43375142e+01  6.16595002e+01  1.50927904e+02 
 6.30957344e+01  7.42893777e+01  6.30957344e+01  1.50359808e+02 
 6.45654229e+01  7.42395153e+01  6.45654229e+01  1.49785079e+02 
 6.60693448e+01  7.41878874e+01  6.60693448e+01  1.49203874e+02 
 6.76082975e+01  7.41344552e+01  6.76082975e+01  1.48616360e+02 
 6.91830971e+01  7.40791804e+01  6.91830971e+01  1.48022719e+02 
 7.07945784e+01  7.40220253e+01  7.07945784e+01  1.47423142e+02 
 7.24435960e+01  7.39629533e+01  7.24435960e+01  1.46817835e+02 
 7.41310241e+01  7.39019287e+01  7.41310241e+01  1.46207014e+02 
 7.58577575e+01  7.38389169e+01  7.58577575e+01  1.45590907e+02 
 7.76247117e+01  7.37738846e+01  7.76247117e+01  1.44969755e+02 
 7.94328235e+01  7.37067996e+01  7.94328235e+01  1.44343807e+02 
 8.12830516e+01  7.36376314e+01  8.12830516e+01  1.43713327e+02 
 8.31763771e+01  7.35663508e+01  8.31763771e+01  1.43078586e+02 
 8.51138038e+01  7.34929304e+01  8.51138038e+01  1.42439867e+02 
 8.70963590e+01  7.34173446e+01  8.70963590e+01  1.41797462e+02 
 8.91250938e+01  7.33395694e+01  8.91250938e+01  1.41151672e+02 
 9.12010839e+01  7.32595831e+01  9.12010839e+01  1.40502806e+02 
 9.33254301e+01  7.31773656e+01  9.33254301e+01  1.39851182e+02 
 9.54992586e+01  7.30928994e+01  9.54992586e+01  1.39197123e+02 
 9.77237221e+01  7.30061686e+01  9.77237221e+01  1.38540959e+02 
 1.00000000e+02  7.29171601e+01  1.00000000e+02  1.37883027e+02 
 1.02329299e+02  7.28258628e+01  1.02329299e+02  1.37223666e+02 
 1.04712855e+02  7.27322680e+01  1.04712855e+02  1.36563219e+02 
 1.07151931e+02  7.26363694e+01  1.07151931e+02  1.35902036e+02 
 1.09647820e+02  7.25381630e+01  1.09647820e+02  1.35240462e+02 
 1.12201845e+02  7.24376474e+01  1.12201845e+02  1.34578850e+02 
 1.14815362e+02  7.23348236e+01  1.14815362e+02  1.33917548e+02 
 1.17489755e+02  7.22296949e+01  1.17489755e+02  1.33256906e+02 
 1.20226443e+02  7.21222672e+01  1.20226443e+02  1.32597271e+02 
 1.23026877e+02  7.20125487e+01  1.23026877e+02  1.31938988e+02 
 1.25892541e+02  7.19005498e+01  1.25892541e+02  1.31282398e+02 
 1.28824955e+02  7.17862836e+01  1.28824955e+02  1.30627839e+02 
 1.31825674e+02  7.16697651e+01  1.31825674e+02  1.29975641e+02 
 1.34896288e+02  7.15510118e+01  1.34896288e+02  1.29326131e+02 
 1.38038426e+02  7.14300430e+01  1.38038426e+02  1.28679628e+02 
 1.41253754e+02  7.13068803e+01  1.41253754e+02  1.28036442e+02 
 1.44543977e+02  7.11815473e+01  1.44543977e+02  1.27396878e+02 
 1.47910839e+02  7.10540693e+01  1.47910839e+02  1.26761228e+02 
 1.51356125e+02  7.09244735e+01  1.51356125e+02  1.26129778e+02 
 1.54881662e+02  7.07927888e+01  1.54881662e+02  1.25502804e+02 
 1.58489319e+02  7.06590456e+01  1.58489319e+02  1.24880568e+02 
 1.62181010e+02  7.05232758e+01  1.62181010e+02  1.24263325e+02 
 1.65958691e+02  7.03855127e+01  1.65958691e+02  1.23651318e+02 
 1.69824365e+02  7.02457908e+01  1.69824365e+02  1.23044776e+02 
 1.73780083e+02  7.01041458e+01  1.73780083e+02  1.22443919e+02 
 1.77827941e+02  6.99606142e+01  1.77827941e+02  1.21848953e+02 
 1.81970086e+02  6.98152337e+01  1.81970086e+02  1.21260073e+02 
 1.86208714e+02  6.96680426e+01  1.86208714e+02  1.20677463e+02 
 1.90546072e+02  6.95190800e+01  1.90546072e+02  1.20101291e+02 
 1.94984460e+02  6.93683853e+01  1.94984460e+02  1.19531717e+02 
 1.99526231e+02  6.92159988e+01  1.99526231e+02  1.18968885e+02 
 2.04173794e+02  6.90619608e+01  2.04173794e+02  1.18412930e+02 
 2.08929613e+02  6.89063119e+01  2.08929613e+02  1.17863973e+02 
 2.13796209e+02  6.87490930e+01  2.13796209e+02  1.17322125e+02 
 2.18776162e+02  6.85903449e+01  2.18776162e+02  1.16787482e+02 
 2.23872114e+02  6.84301087e+01  2.23872114e+02  1.16260133e+02 
 2.29086765e+02  6.82684249e+01  2.29086765e+02  1.15740154e+02 
 2.34422882e+02  6.81053343e+01  2.34422882e+02  1.15227609e+02 
 2.39883292e+02  6.79408771e+01  2.39883292e+02  1.14722554e+02 
 2.45470892e+02  6.77750934e+01  2.45470892e+02  1.14225032e+02 
 2.51188643e+02  6.76080228e+01  2.51188643e+02  1.13735079e+02 
 2.57039578e+02  6.74397044e+01  2.57039578e+02  1.13252721e+02 
 2.63026799e+02  6.72701770e+01  2.63026799e+02  1.12777973e+02 
 2.69153480e+02  6.70994786e+01  2.69153480e+02  1.12310843e+02 
 2.75422870e+02  6.69276468e+01  2.75422870e+02  1.11851332e+02 
 2.81838293e+02  6.67547186e+01  2.81838293e+02  1.11399431e+02 
 2.88403150e+02  6.65807301e+01  2.88403150e+02  1.10955124e+02 
 2.95120923e+02  6.64057169e+01  2.95120923e+02  1.10518388e+02 
 3.01995172e+02  6.62297138e+01  3.01995172e+02  1.10089194e+02 
 3.09029543e+02  6.60527548e+01  3.09029543e+02  1.09667507e+02 
 3.16227766e+02  6.58748734e+01  3.16227766e+02  1.09253284e+02 
 3.23593657e+02  6.56961019e+01  3.23593657e+02  1.08846479e+02 
 3.31131121e+02  6.55164721e+01  3.31131121e+02  1.08447039e+02 
 3.38844156e+02  6.53360149e+01  3.38844156e+02  1.08054907e+02 
 3.46736850e+02  6.51547605e+01  3.46736850e+02  1.07670023e+02 
 3.54813389e+02  6.49727381e+01  3.54813389e+02  1.07292319e+02 
 3.63078055e+02  6.47899762e+01  3.63078055e+02  1.06921727e+02 
 3.71535229e+02  6.46065025e+01  3.71535229e+02  1.06558174e+02 
 3.80189396e+02  6.44223437e+01  3.80189396e+02  1.06201583e+02 
 3.89045145e+02  6.42375261e+01  3.89045145e+02  1.05851877e+02 
 3.98107171e+02  6.40520747e+01  3.98107171e+02  1.05508973e+02 
 4.07380278e+02  6.38660142e+01  4.07380278e+02  1.05172787e+02 
 4.16869383e+02  6.36793680e+01  4.16869383e+02  1.04843234e+02 
 4.26579519e+02  6.34921593e+01  4.26579519e+02  1.04520225e+02 
 4.36515832e+02  6.33044100e+01  4.36515832e+02  1.04203672e+02 
 4.46683592e+02  6.31161417e+01  4.46683592e+02  1.03893484e+02 
 4.57088190e+02  6.29273750e+01  4.57088190e+02  1.03589569e+02 
 4.67735141e+02  6.27381299e+01  4.67735141e+02  1.03291833e+02 
 4.78630092e+02  6.25484256e+01  4.78630092e+02  1.03000184e+02 
 4.89778819e+02  6.23582807e+01  4.89778819e+02  1.02714527e+02 
 5.01187234e+02  6.21677132e+01  5.01187234e+02  1.02434767e+02 
 5.12861384e+02  6.19767403e+01  5.12861384e+02  1.02160809e+02 
 5.24807460e+02  6.17853787e+01  5.24807460e+02  1.01892558e+02 
 5.37031796e+02  6.15936443e+01  5.37031796e+02  1.01629918e+02 
 5.49540874e+02  6.14015526e+01  5.49540874e+02  1.01372795e+02 
 5.62341325e+02  6.12091185e+01  5.62341325e+02  1.01121094e+02 
 5.75439937e+02  6.10163562e+01  5.75439937e+02  1.00874720e+02 
 5.88843655e+02  6.08232794e+01  5.88843655e+02  1.00633578e+02 
 6.02559586e+02  6.06299013e+01  6.02559586e+02  1.00397575e+02 
 6.16595002e+02  6.04362346e+01  6.16595002e+02  1.00166619e+02 
 6.30957344e+02  6.02422916e+01  6.30957344e+02  9.99406157e+01 
 6.45654229e+02  6.00480838e+01  6.45654229e+02  9.97194745e+01 
 6.60693448e+02  5.98536226e+01  6.60693448e+02  9.95031041e+01 
 6.76082975e+02  5.96589187e+01  6.76082975e+02  9.92914147e+01 
 6.91830971e+02  5.94639826e+01  6.91830971e+02  9.90843172e+01 
 7.07945784e+02  5.92688240e+01  7.07945784e+02  9.88817233e+01 
 7.24435960e+02  5.90734527e+01  7.24435960e+02  9.86835460e+01 
 7.41310241e+02  5.88778776e+01  7.41310241e+02  9.84896993e+01 
 7.58577575e+02  5.86821077e+01  7.58577575e+02  9.83000981e+01 
 7.76247117e+02  5.84861512e+01  7.76247117e+02  9.81146586e+01 
 7.94328235e+02  5.82900163e+01  7.94328235e+02  9.79332980e+01 
 8.12830516e+02  5.80937108e+01  8.12830516e+02  9.77559347e+01 
 8.31763771e+02  5.78972419e+01  8.31763771e+02  9.75824885e+01 
 8.51138038e+02  5.77006168e+01  8.51138038e+02  9.74128800e+01 
 8.70963590e+02  5.75038423e+01  8.70963590e+02  9.72470313e+01 
 8.91250938e+02  5.73069250e+01  8.91250938e+02  9.70848656e+01 
 9.12010839e+02  5.71098710e+01  9.12010839e+02  9.69263075e+01 
 9.33254301e+02  5.69126864e+01  9.33254301e+02  9.67712825e+01 
 9.54992586e+02  5.67153768e+01  9.54992586e+02  9.66197177e+01 
 9.77237221e+02  5.65179477e+01  9.77237221e+02  9.64715413e+01 
 1.00000000e+03  5.63204044e+01  1.00000000e+03  9.63266826e+01 
 1.02329299e+03  5.61227520e+01  1.02329299e+03  9.61850723e+01 
 1.04712855e+03  5.59249951e+01  1.04712855e+03  9.60466424e+01 
 1.07151931e+03  5.57271385e+01  1.07151931e+03  9.59113259e+01 
 1.09647820e+03  5.55291864e+01  1.09647820e+03  9.57790572e+01 
 1.12201845e+03  5.53311432e+01  1.12201845e+03  9.56497719e+01 
 1.14815362e+03  5.51330128e+01  1.14815362e+03  9.55234068e+01 
 1.17489755e+03  5.49347992e+01  1.17489755e+03  9.53998998e+01 
 1.20226443e+03  5.47365059e+01  1.20226443e+03  9.52791901e+01 
 1.23026877e+03  5.45381366e+01  1.23026877e+03  9.51612180e+01 
 1.25892541e+03  5.43396945e+01  1.25892541e+03  9.50459252e+01 
 1.28824955e+03  5.41411830e+01  1.28824955e+03  9.49332541e+01 
 1.31825674e+03  5.39426051e+01  1.31825674e+03  9.48231487e+01 
 1.34896288e+03  5.37439638e+01  1.34896288e+03  9.47155539e+01 
 1.38038426e+03  5.35452618e+01  1.38038426e+03  9.46104157e+01 
 1.41253754e+03  5.33465020e+01  1.41253754e+03  9.45076812e+01 
 1.44543977e+03  5.31476868e+01  1.44543977e+03  9.44072987e+01 
 1.47910839e+03  5.29488187e+01  1.47910839e+03  9.43092176e+01 
 1.51356125e+03  5.27499002e+01  1.51356125e+03  9.42133880e+01 
 1.54881662e+03  5.25509334e+01  1.54881662e+03  9.41197615e+01 
 1.58489319e+03  5.23519205e+01  1.58489319e+03  9.40282904e+01 
 1.62181010e+03  5.21528637e+01  1.62181010e+03  9.39389281e+01 
 1.65958691e+03  5.19537647e+01  1.65958691e+03  9.38516292e+01 
 1.69824365e+03  5.17546256e+01  1.69824365e+03  9.37663489e+01 
 1.73780083e+03  5.15554482e+01  1.73780083e+03  9.36830435e+01 
 1.77827941e+03  5.13562341e+01  1.77827941e+03  9.36016705e+01 
 1.81970086e+03  5.11569850e+01  1.81970086e+03  9.35221880e+01 
 1.86208714e+03  5.09577025e+01  1.86208714e+03  9.34445551e+01 
 1.90546072e+03  5.07583881e+01  1.90546072e+03  9.33687318e+01 
 1.94984460e+03  5.05590432e+01  1.94984460e+03  9.32946791e+01 
 1.99526231e+03  5.03596692e+01  1.99526231e+03  9.32223588e+01 
 2.04173794e+03  5.01602675e+01  2.04173794e+03  9.31517334e+01 
 2.08929613e+03  4.99608392e+01  2.08929613e+03  9.30827664e+01 
 2.13796209e+03  4.97613857e+01  2.13796209e+03  9.30154221e+01 
 2.18776162e+03  4.95619079e+01  2.18776162e+03  9.29496656e+01 
 2.23872114e+03  4.93624071e+01  2.23872114e+03  9.28854627e+01 
 2.29086765e+03  4.91628843e+01  2.29086765e+03  9.28227801e+01 
 2.34422882e+03  4.89633404e+01  2.34422882e+03  9.27615851e+01 
 2.39883292e+03  4.87637766e+01  2.39883292e+03  9.27018460e+01 
 2.45470892e+03  4.85641935e+01  2.45470892e+03  9.26435316e+01 
 2.51188643e+03  4.83645923e+01  2.51188643e+03  9.25866115e+01 
 2.57039578e+03  4.81649736e+01  2.57039578e+03  9.25310560e+01 
 2.63026799e+03  4.79653383e+01  2.63026799e+03  9.24768362e+01 
 2.69153480e+03  4.77656872e+01  2.69153480e+03  9.24239236e+01 
 2.75422870e+03  4.75660209e+01  2.75422870e+03  9.23722907e+01 
 2.81838293e+03  4.73663403e+01  2.81838293e+03  9.23219103e+01 
 2.88403150e+03  4.71666460e+01  2.88403150e+03  9.22727562e+01 
 2.95120923e+03  4.69669385e+01  2.95120923e+03  9.22248027e+01 
 3.01995172e+03  4.67672187e+01  3.01995172e+03  9.21780245e+01 
 3.09029543e+03  4.65674869e+01  3.09029543e+03  9.21323971e+01 
 3.16227766e+03  4.63677439e+01  3.16227766e+03  9.20878967e+01 
 3.23593657e+03  4.61679901e+01  3.23593657e+03  9.20444998e+01 
 3.31131121e+03  4.59682260e+01  3.31131121e+03  9.20021837e+01 
 3.38844156e+03  4.57684522e+01  3.38844156e+03  9.19609262e+01 
 3.46736850e+03  4.55686692e+01  3.46736850e+03  9.19207055e+01 
 3.54813389e+03  4.53688774e+01  3.54813389e+03  9.18815006e+01 
 3.63078055e+03  4.51690772e+01  3.63078055e+03  9.18432907e+01 
 3.71535229e+03  4.49692690e+01  3.71535229e+03  9.18060559e+01 
 3.80189396e+03  4.47694534e+01  3.80189396e+03  9.17697765e+01 
 3.89045145e+03  4.45696305e+01  3.89045145e+03  9.17344334e+01 
 3.98107171e+03  4.43698010e+01  3.98107171e+03  9.17000080e+01 
 4.07380278e+03  4.41699650e+01  4.07380278e+03  9.16664822e+01 
 4.16869383e+03  4.39701229e+01  4.16869383e+03  9.16338382e+01 
 4.26579519e+03  4.37702752e+01  4.26579519e+03  9.16020589e+01 
 4.36515832e+03  4.35704220e+01  4.36515832e+03  9.15711276e+01 
 4.46683592e+03  4.33705638e+01  4.46683592e+03  9.15410279e+01 
 4.57088190e+03  4.31707007e+01  4.57088190e+03  9.15117439e+01 
 4.67735141e+03  4.29708332e+01  4.67735141e+03  9.14832601e+01 
 4.78630092e+03  4.27709614e+01  4.78630092e+03  9.14555617e+01 
 4.89778819e+03  4.25710857e+01  4.89778819e+03  9.14286338e+01 
 5.01187234e+03  4.23712063e+01  5.01187234e+03  9.14024623e+01 
 5.12861384e+03  4.21713234e+01  5.12861384e+03  9.13770334e+01 
 5.24807460e+03  4.19714374e+01  5.24807460e+03  9.13523336e+01 
 5.37031796e+03  4.17715484e+01  5.37031796e+03  9.13283498e+01 
 5.49540874e+03  4.15716568e+01  5.49540874e+03  9.13050695e+01 
 5.62341325e+03  4.13717626e+01  5.62341325e+03  9.12824802e+01 
 5.75439937e+03  4.11718663e+01  5.75439937e+03  9.12605700e+01 
 5.88843655e+03  4.09719678e+01  5.88843655e+03  9.12393274e+01 
 6.02559586e+03  4.07720676e+01  6.02559586e+03  9.12187411e+01 
 6.16595002e+03  4.05721657e+01  6.16595002e+03  9.11988001e+01 
 6.30957344e+03  4.03722625e+01  6.30957344e+03  9.11794939e+01 
 6.45654229e+03  4.01723581e+01  6.45654229e+03  9.11608124e+01 
 6.60693448e+03  3.99724526e+01  6.60693448e+03  9.11427455e+01 
 6.76082975e+03  3.97725464e+01  6.76082975e+03  9.11252837e+01 
 6.91830971e+03  3.95726396e+01  6.91830971e+03  9.11084178e+01 
 7.07945784e+03  3.93727324e+01  7.07945784e+03  9.10921388e+01 
 7.24435960e+03  3.91728250e+01  7.24435960e+03  9.10764380e+01 
 7.41310241e+03  3.89729176e+01  7.41310241e+03  9.10613071e+01 
 7.58577575e+03  3.87730104e+01  7.58577575e+03  9.10467381e+01 
 7.76247117e+03  3.85731036e+01  7.76247117e+03  9.10327232e+01 
 7.94328235e+03  3.83731974e+01  7.94328235e+03  9.10192550e+01 
 8.12830516e+03  3.81732919e+01  8.12830516e+03  9.10063262e+01 
 8.31763771e+03  3.79733875e+01  8.31763771e+03  9.09939301e+01 
 8.51138038e+03  3.77734842e+01  8.51138038e+03  9.09820599e+01 
 8.70963590e+03  3.75735824e+01  8.70963590e+03  9.09707093e+01 
 8.91250938e+03  3.73736821e+01  8.91250938e+03  9.09598723e+01 
 9.12010839e+03  3.71737837e+01  9.12010839e+03  9.09495431e+01 
 9.33254301e+03  3.69738872e+01  9.33254301e+03  9.09397161e+01 
 9.54992586e+03  3.67739931e+01  9.54992586e+03  9.09303860e+01 
 9.77237221e+03  3.65741014e+01  9.77237221e+03  9.09215479e+01 
 1.00000000e+04  3.63742124e+01  1.00000000e+04  9.09131969e+01 
 1.02329299e+04  3.61743263e+01  1.02329299e+04  9.09053285e+01 
 1.04712855e+04  3.59744434e+01  1.04712855e+04  9.08979385e+01 
 1.07151931e+04  3.57745639e+01  1.07151931e+04  9.08910229e+01 
 1.09647820e+04  3.55746882e+01  1.09647820e+04  9.08845778e+01 
 1.12201845e+04  3.53748163e+01  1.12201845e+04  9.08785998e+01 
 1.14815362e+04  3.51749487e+01  1.14815362e+04  9.08730855e+01 
 1.17489755e+04  3.49750855e+01  1.17489755e+04  9.08680318e+01 
 1.20226443e+04  3.47752271e+01  1.20226443e+04  9.08634360e+01 
 1.23026877e+04  3.45753738e+01  1.23026877e+04  9.08592954e+01 
 1.25892541e+04  3.43755259e+01  1.25892541e+04  9.08556077e+01 
 1.28824955e+04  3.41756837e+01  1.28824955e+04  9.08523708e+01 
 1.31825674e+04  3.39758476e+01  1.31825674e+04  9.08495826e+01 
 1.34896288e+04  3.37760178e+01  1.34896288e+04  9.08472415e+01 
 1.38038426e+04  3.35761948e+01  1.38038426e+04  9.08453461e+01 
 1.41253754e+04  3.33763788e+01  1.41253754e+04  9.08438951e+01 
 1.44543977e+04  3.31765704e+01  1.44543977e+04  9.08428874e+01 
 1.47910839e+04  3.29767699e+01  1.47910839e+04  9.08423222e+01 
 1.51356125e+04  3.27769777e+01  1.51356125e+04  9.08421989e+01 
 1.54881662e+04  3.25771943e+01  1.54881662e+04  9.08425172e+01 
 1.58489319e+04  3.23774201e+01  1.58489319e+04  9.08432768e+01 
 1.62181010e+04  3.21776556e+01  1.62181010e+04  9.08444778e+01 
 1.65958691e+04  3.19779013e+01  1.65958691e+04  9.08461203e+01 
 1.69824365e+04  3.17781576e+01  1.69824365e+04  9.08482049e+01 
 1.73780083e+04  3.15784252e+01  1.73780083e+04  9.08507322e+01 
 1.77827941e+04  3.13787046e+01  1.77827941e+04  9.08537030e+01 
 1.81970086e+04  3.11789964e+01  1.81970086e+04  9.08571183e+01 
 1.86208714e+04  3.09793012e+01  1.86208714e+04  9.08609794e+01 
 1.90546072e+04  3.07796196e+01  1.90546072e+04  9.08652877e+01 
 1.94984460e+04  3.05799523e+01  1.94984460e+04  9.08700448e+01 
 1.99526231e+04  3.03803000e+01  1.99526231e+04  9.08752526e+01 
 2.04173794e+04  3.01806634e+01  2.04173794e+04  9.08809131e+01 
 2.08929613e+04  2.99810433e+01  2.08929613e+04  9.08870285e+01 
 2.13796209e+04  2.97814405e+01  2.13796209e+04  9.08936010e+01 
 2.18776162e+04  2.95818557e+01  2.18776162e+04  9.09006334e+01 
 2.23872114e+04  2.93822899e+01  2.23872114e+04  9.09081283e+01 
 2.29086765e+04  2.91827439e+01  2.29086765e+04  9.09160887e+01 
 2.34422882e+04  2.89832188e+01  2.34422882e+04  9.09245175e+01 
 2.39883292e+04  2.87837154e+01  2.39883292e+04  9.09334182e+01 
 2.45470892e+04  2.85842348e+01  2.45470892e+04  9.09427940e+01 
 2.51188643e+04  2.83847781e+01  2.51188643e+04  9.09526486e+01 
 2.57039578e+04  2.81853464e+01  2.57039578e+04  9.09629857e+01 
 2.63026799e+04  2.79859408e+01  2.63026799e+04  9.09738091e+01 
 2.69153480e+04  2.77865627e+01  2.69153480e+04  9.09851230e+01 
 2.75422870e+04  2.75872132e+01  2.75422870e+04  9.09969314e+01 
 2.81838293e+04  2.73878938e+01  2.81838293e+04  9.10092387e+01 
 2.88403150e+04  2.71886057e+01  2.88403150e+04  9.10220493e+01 
 2.95120923e+04  2.69893505e+01  2.95120923e+04  9.10353677e+01 
 3.01995172e+04  2.67901297e+01  3.01995172e+04  9.10491986e+01 
 3.09029543e+04  2.65909449e+01  3.09029543e+04  9.10635468e+01 
 3.16227766e+04  2.63917977e+01  3.16227766e+04  9.10784171e+01 
 3.23593657e+04  2.61926898e+01  3.23593657e+04  9.10938144e+01 
 3.31131121e+04  2.59936231e+01  3.31131121e+04  9.11097438e+01 
 3.38844156e+04  2.57945995e+01  3.38844156e+04  9.11262104e+01 
 3.46736850e+04  2.55956209e+01  3.46736850e+04  9.11432192e+01 
 3.54813389e+04  2.53966894e+01  3.54813389e+04  9.11607755e+01 
 3.63078055e+04  2.51978071e+01  3.63078055e+04  9.11788844e+01 
 3.71535229e+04  2.49989763e+01  3.71535229e+04  9.11975512e+01 
 3.80189396e+04  2.48001992e+01  3.80189396e+04  9.12167809e+01 
 3.89045145e+04  2.46014784e+01  3.89045145e+04  9.12365789e+01 
 3.98107171e+04  2.44028164e+01  3.98107171e+04  9.12569502e+01 
 4.07380278e+04  2.42042158e+01  4.07380278e+04  9.12778998e+01 
 4.16869383e+04  2.40056794e+01  4.16869383e+04  9.12994328e+01 
 4.26579519e+04  2.38072101e+01  4.26579519e+04  9.13215539e+01 
 4.36515832e+04  2.36088108e+01  4.36515832e+04  9.13442680e+01 
 4.46683592e+04  2.34104847e+01  4.46683592e+04  9.13675795e+01 
 4.57088190e+04  2.32122350e+01  4.57088190e+04  9.13914928e+01 
 4.67735141e+04  2.30140651e+01  4.67735141e+04  9.14160120e+01 
 4.78630092e+04  2.28159786e+01  4.78630092e+04  9.14411411e+01 
 4.89778819e+04  2.26179791e+01  4.89778819e+04  9.14668837e+01 
 5.01187234e+04  2.24200705e+01  5.01187234e+04  9.14932429e+01 
 5.12861384e+04  2.22222566e+01  5.12861384e+04  9.15202216e+01 
 5.24807460e+04  2.20245417e+01  5.24807460e+04  9.15478225e+01 
 5.37031796e+04  2.18269300e+01  5.37031796e+04  9.15760474e+01 
 5.49540874e+04  2.16294260e+01  5.49540874e+04  9.16048978e+01 
 5.62341325e+04  2.14320343e+01  5.62341325e+04  9.16343748e+01 
 5.75439937e+04  2.12347598e+01  5.75439937e+04  9.16644787e+01 
 5.88843655e+04  2.10376073e+01  5.88843655e+04  9.16952091e+01 
 6.02559586e+04  2.08405822e+01  6.02559586e+04  9.17265649e+01 
 6.16595002e+04  2.06436898e+01  6.16595002e+04  9.17585444e+01 
 6.30957344e+04  2.04469355e+01  6.30957344e+04  9.17911446e+01 
 6.45654229e+04  2.02503253e+01  6.45654229e+04  9.18243620e+01 
 6.60693448e+04  2.00538651e+01  6.60693448e+04  9.18581919e+01 
 6.76082975e+04  1.98575610e+01  6.76082975e+04  9.18926284e+01 
 6.91830971e+04  1.96614195e+01  6.91830971e+04  9.19276645e+01 
 7.07945784e+04  1.94654471e+01  7.07945784e+04  9.19632920e+01 
 7.24435960e+04  1.92696507e+01  7.24435960e+04  9.19995012e+01 
 7.41310241e+04  1.90740373e+01  7.41310241e+04  9.20362810e+01 
 7.58577575e+04  1.88786141e+01  7.58577575e+04  9.20736187e+01 
 7.76247117e+04  1.86833888e+01  7.76247117e+04  9.21114998e+01 
 7.94328235e+04  1.84883689e+01  7.94328235e+04  9.21499083e+01 
 8.12830516e+04  1.82935624e+01  8.12830516e+04  9.21888260e+01 
 8.31763771e+04  1.80989775e+01  8.31763771e+04  9.22282327e+01 
 8.51138038e+04  1.79046226e+01  8.51138038e+04  9.22681061e+01 
 8.70963590e+04  1.77105063e+01  8.70963590e+04  9.23084215e+01 
 8.91250938e+04  1.75166373e+01  8.91250938e+04  9.23491520e+01 
 9.12010839e+04  1.73230247e+01  9.12010839e+04  9.23902676e+01 
 9.33254301e+04  1.71296777e+01  9.33254301e+04  9.24317362e+01 
 9.54992586e+04  1.69366059e+01  9.54992586e+04  9.24735222e+01 
 9.77237221e+04  1.67438187e+01  9.77237221e+04  9.25155875e+01 
 1.00000000e+05  1.65513261e+01  1.00000000e+05  9.25578904e+01 
 1.02329299e+05  1.63591379e+01  1.02329299e+05  9.26003859e+01 
 1.04712855e+05  1.61672643e+01  1.04712855e+05  9.26430257e+01 
 1.07151931e+05  1.59757156e+01  1.07151931e+05  9.26857576e+01 
 1.09647820e+05  1.57845022e+01  1.09647820e+05  9.27285255e+01 
 1.12201845e+05  1.55936346e+01  1.12201845e+05  9.27712695e+01 
 1.14815362e+05  1.54031233e+01  1.14815362e+05  9.28139252e+01 
 1.17489755e+05  1.52129791e+01  1.17489755e+05  9.28564240e+01 
 1.20226443e+05  1.50232126e+01  1.20226443e+05  9.28986929e+01 
 1.23026877e+05  1.48338344e+01  1.23026877e+05  9.29406539e+01 
 1.25892541e+05  1.46448554e+01  1.25892541e+05  9.29822245e+01 
 1.28824955e+05  1.44562860e+01  1.28824955e+05  9.30233169e+01 
 1.31825674e+05  1.42681368e+01  1.31825674e+05  9.30638384e+01 
 1.34896288e+05  1.40804183e+01  1.34896288e+05  9.31036910e+01 
 1.38038426e+05  1.38931407e+01  1.38038426e+05  9.31427711e+01 
 1.41253754e+05  1.37063139e+01  1.41253754e+05  9.31809699e+01 
 1.44543977e+05  1.35199478e+01  1.44543977e+05  9.32181729e+01 
 1.47910839e+05  1.33340519e+01  1.47910839e+05  9.32542600e+01 
 1.51356125e+05  1.31486353e+01  1.51356125e+05  9.32891052e+01 
 1.54881662e+05  1.29637066e+01  1.54881662e+05  9.33225770e+01 
 1.58489319e+05  1.27792742e+01  1.58489319e+05  9.33545379e+01 
 1.62181010e+05  1.25953458e+01  1.62181010e+05  9.33848449e+01 
 1.65958691e+05  1.24119286e+01  1.65958691e+05  9.34133490e+01 
 1.69824365e+05  1.22290292e+01  1.69824365e+05  9.34398958e+01 
 1.73780083e+05  1.20466533e+01  1.73780083e+05  9.34643251e+01 
 1.77827941e+05  1.18648061e+01  1.77827941e+05  9.34864715e+01 
 1.81970086e+05  1.16834919e+01  1.81970086e+05  9.35061641e+01 
 1.86208714e+05  1.15027142e+01  1.86208714e+05  9.35232271e+01 
 1.90546072e+05  1.13224753e+01  1.90546072e+05  9.35374798e+01 
 1.94984460e+05  1.11427769e+01  1.94984460e+05  9.35487369e+01 
 1.99526231e+05  1.09636194e+01  1.99526231e+05  9.35568088e+01 
 2.04173794e+05  1.07850021e+01  2.04173794e+05  9.35615021e+01 
 2.08929613e+05  1.06069231e+01  2.08929613e+05  9.35626198e+01 
 2.13796209e+05  1.04293796e+01  2.13796209e+05  9.35599618e+01 
 2.18776162e+05  1.02523673e+01  2.18776162e+05  9.35533251e+01 
 2.23872114e+05  1.00758805e+01  2.23872114e+05  9.35425050e+01 
 2.29086765e+05  9.89991236e+00  2.29086765e+05  9.35272949e+01 
 2.34422882e+05  9.72445473e+00  2.34422882e+05  9.35074870e+01 
 2.39883292e+05  9.54949794e+00  2.39883292e+05  9.34828732e+01 
 2.45470892e+05  9.37503101e+00  2.45470892e+05  9.34532455e+01 
 2.51188643e+05  9.20104151e+00  2.51188643e+05  9.34183966e+01 
 2.57039578e+05  9.02751564e+00  2.57039578e+05  9.33781207e+01 
 2.63026799e+05  8.85443822e+00  2.63026799e+05  9.33322140e+01 
 2.69153480e+05  8.68179266e+00  2.69153480e+05  9.32804754e+01 
 2.75422870e+05  8.50956105e+00  2.75422870e+05  9.32227073e+01 
 2.81838293e+05  8.33772418e+00  2.81838293e+05  9.31587162e+01 
 2.88403150e+05  8.16626154e+00  2.88403150e+05  9.30883132e+01 
 2.95120923e+05  7.99515145e+00  2.95120923e+05  9.30113149e+01 
 3.01995172e+05  7.82437107e+00  3.01995172e+05  9.29275439e+01 
 3.09029543e+05  7.65389649e+00  3.09029543e+05  9.28368292e+01 
 3.16227766e+05  7.48370281e+00  3.16227766e+05  9.27390074e+01 
 3.23593657e+05  7.31376426e+00  3.23593657e+05  9.26339221e+01 
 3.31131121e+05  7.14405424e+00  3.31131121e+05  9.25214257e+01 
 3.38844156e+05  6.97454549e+00  3.38844156e+05  9.24013785e+01 
 3.46736850e+05  6.80521015e+00  3.46736850e+05  9.22736502e+01 
 3.54813389e+05  6.63601991e+00  3.54813389e+05  9.21381194e+01 
 3.63078055e+05  6.46694614e+00  3.63078055e+05  9.19946741e+01 
 3.71535229e+05  6.29795998e+00  3.71535229e+05  9.18432121e+01 
 3.80189396e+05  6.12903250e+00  3.80189396e+05  9.16836405e+01 
 3.89045145e+05  5.96013481e+00  3.89045145e+05  9.15158765e+01 
 3.98107171e+05  5.79123823e+00  3.98107171e+05  9.13398464e+01 
 4.07380278e+05  5.62231437e+00  4.07380278e+05  9.11554866e+01 
 4.16869383e+05  5.45333530e+00  4.16869383e+05  9.09627422e+01 
 4.26579519e+05  5.28427365e+00  4.26579519e+05  9.07615677e+01 
 4.36515832e+05  5.11510275e+00  4.36515832e+05  9.05519260e+01 
 4.46683592e+05  4.94579674e+00  4.46683592e+05  9.03337886e+01 
 4.57088190e+05  4.77633070e+00  4.57088190e+05  9.01071344e+01 
 4.67735141e+05  4.60668072e+00  4.67735141e+05  8.98719499e+01 
 4.78630092e+05  4.43682405e+00  4.78630092e+05  8.96282281e+01 
 4.89778819e+05  4.26673915e+00  4.89778819e+05  8.93759682e+01 
 5.01187234e+05  4.09640579e+00  5.01187234e+05  8.91151746e+01 
 5.12861384e+05  3.92580514e+00  5.12861384e+05  8.88458568e+01 
 5.24807460e+05  3.75491981e+00  5.24807460e+05  8.85680279e+01 
 5.37031796e+05  3.58373392e+00  5.37031796e+05  8.82817044e+01 
 5.49540874e+05  3.41223317e+00  5.49540874e+05  8.79869054e+01 
 5.62341325e+05  3.24040484e+00  5.62341325e+05  8.76836515e+01 
 5.75439937e+05  3.06823784e+00  5.75439937e+05  8.73719643e+01 
 5.88843655e+05  2.89572275e+00  5.88843655e+05  8.70518656e+01 
 6.02559586e+05  2.72285179e+00  6.02559586e+05  8.67233766e+01 
 6.16595002e+05  2.54961889e+00  6.16595002e+05  8.63865171e+01 
 6.30957344e+05  2.37601960e+00  6.30957344e+05  8.60413046e+01 
 6.45654229e+05  2.20205118e+00  6.45654229e+05  8.56877541e+01 
 6.60693448e+05  2.02771250e+00  6.60693448e+05  8.53258767e+01 
 6.76082975e+05  1.85300407e+00  6.76082975e+05  8.49556796e+01 
 6.91830971e+05  1.67792800e+00  6.91830971e+05  8.45771650e+01 
 7.07945784e+05  1.50248794e+00  7.07945784e+05  8.41903295e+01 
 7.24435960e+05  1.32668909e+00  7.24435960e+05  8.37951640e+01 
 7.41310241e+05  1.15053814e+00  7.41310241e+05  8.33916525e+01 
 7.58577575e+05  9.74043218e-01  7.58577575e+05  8.29797721e+01 
 7.76247117e+05  7.97213848e-01  7.76247117e+05  8.25594920e+01 
 7.94328235e+05  6.20060915e-01  7.94328235e+05  8.21307738e+01 
 8.12830516e+05  4.42596613e-01  8.12830516e+05  8.16935704e+01 
 8.31763771e+05  2.64834387e-01  8.31763771e+05  8.12478258e+01 
 8.51138038e+05  8.67888966e-02  8.51138038e+05  8.07934751e+01 
 8.70963590e+05 -9.15240426e-02  8.70963590e+05  8.03304436e+01 
 8.91250938e+05 -2.70087503e-01  8.91250938e+05  7.98586471e+01 
 9.12010839e+05 -4.48883493e-01  9.12010839e+05  7.93779911e+01 
 9.33254301e+05 -6.27893007e-01  9.33254301e+05  7.88883707e+01 
 9.54992586e+05 -8.07096068e-01  9.54992586e+05  7.83896708e+01 
 9.77237221e+05 -9.86471772e-01  9.77237221e+05  7.78817652e+01 
 1.00000000e+06 -1.16599834e+00  1.00000000e+06  7.73645168e+01 
 1.02329299e+06 -1.34565314e+00  1.02329299e+06  7.68377773e+01 
 1.04712855e+06 -1.52541275e+00  1.04712855e+06  7.63013872e+01 
 1.07151931e+06 -1.70525298e+00  1.07151931e+06  7.57551751e+01 
 1.09647820e+06 -1.88514894e+00  1.09647820e+06  7.51989582e+01 
 1.12201845e+06 -2.06507504e+00  1.12201845e+06  7.46325416e+01 
 1.14815362e+06 -2.24500504e+00  1.14815362e+06  7.40557183e+01 
 1.17489755e+06 -2.42491211e+00  1.17489755e+06  7.34682690e+01 
 1.20226443e+06 -2.60476885e+00  1.20226443e+06  7.28699621e+01 
 1.23026877e+06 -2.78454731e+00  1.23026877e+06  7.22605527e+01 
 1.25892541e+06 -2.96421907e+00  1.25892541e+06  7.16397836e+01 
 1.28824955e+06 -3.14375528e+00  1.28824955e+06  7.10073838e+01 
 1.31825674e+06 -3.32312669e+00  1.31825674e+06  7.03630692e+01 
 1.34896288e+06 -3.50230368e+00  1.34896288e+06  6.97065415e+01 
 1.38038426e+06 -3.68125640e+00  1.38038426e+06  6.90374885e+01 
 1.41253754e+06 -3.85995473e+00  1.41253754e+06  6.83555835e+01 
 1.44543977e+06 -4.03836846e+00  1.44543977e+06  6.76604848e+01 
 1.47910839e+06 -4.21646727e+00  1.47910839e+06  6.69518355e+01 
 1.51356125e+06 -4.39422093e+00  1.51356125e+06  6.62292630e+01 
 1.54881662e+06 -4.57159933e+00  1.54881662e+06  6.54923783e+01 
 1.58489319e+06 -4.74857266e+00  1.58489319e+06  6.47407761e+01 
 1.62181010e+06 -4.92511151e+00  1.62181010e+06  6.39740336e+01 
 1.65958691e+06 -5.10118710e+00  1.65958691e+06  6.31917106e+01 
 1.69824365e+06 -5.27677143e+00  1.69824365e+06  6.23933487e+01 
 1.73780083e+06 -5.45183750e+00  1.73780083e+06  6.15784706e+01 
 1.77827941e+06 -5.62635960e+00  1.77827941e+06  6.07465803e+01 
 1.81970086e+06 -5.80031358e+00  1.81970086e+06  5.98971620e+01 
 1.86208714e+06 -5.97367716e+00  1.86208714e+06  5.90296803e+01 
 1.90546072e+06 -6.14643035e+00  1.90546072e+06  5.81435795e+01 
 1.94984460e+06 -6.31855585e+00  1.94984460e+06  5.72382842e+01 
 1.99526231e+06 -6.49003950e+00  1.99526231e+06  5.63131987e+01 
 2.04173794e+06 -6.66087086e+00  2.04173794e+06  5.53677081e+01 
 2.08929613e+06 -6.83104373e+00  2.08929613e+06  5.44011785e+01 
 2.13796209e+06 -7.00055686e+00  2.13796209e+06  5.34129588e+01 
 2.18776162e+06 -7.16941460e+00  2.18776162e+06  5.24023817e+01 
 2.23872114e+06 -7.33762768e+00  2.23872114e+06  5.13687666e+01 
 2.29086765e+06 -7.50521401e+00  2.29086765e+06  5.03114226e+01 
 2.34422882e+06 -7.67219952e+00  2.34422882e+06  4.92296522e+01 
 2.39883292e+06 -7.83861901e+00  2.39883292e+06  4.81227566e+01 
 2.45470892e+06 -8.00451707e+00  2.45470892e+06  4.69900418e+01 
 2.51188643e+06 -8.16994887e+00  2.51188643e+06  4.58308263e+01 
 2.57039578e+06 -8.33498100e+00  2.57039578e+06  4.46444497e+01 
 2.63026799e+06 -8.49969209e+00  2.63026799e+06  4.34302839e+01 
 2.69153480e+06 -8.66417339e+00  2.69153480e+06  4.21877447e+01 
 2.75422870e+06 -8.82852903e+00  2.75422870e+06  4.09163059e+01 
 2.81838293e+06 -8.99287606e+00  2.81838293e+06  3.96155145e+01 
 2.88403150e+06 -9.15734403e+00  2.88403150e+06  3.82850073e+01 
 2.95120923e+06 -9.32207422e+00  2.95120923e+06  3.69245284e+01 
 3.01995172e+06 -9.48721826e+00  3.01995172e+06  3.55339474e+01 
 3.09029543e+06 -9.65293620e+00  3.09029543e+06  3.41132762e+01 
 3.16227766e+06 -9.81939394e+00  3.16227766e+06  3.26626864e+01 
 3.23593657e+06 -9.98675998e+00  3.23593657e+06  3.11825224e+01 
 3.31131121e+06 -1.01552016e+01  3.31131121e+06  2.96733125e+01 
 3.38844156e+06 -1.03248803e+01  3.38844156e+06  2.81357743e+01 
 3.46736850e+06 -1.04959474e+01  3.46736850e+06  2.65708151e+01 
 3.54813389e+06 -1.06685386e+01  3.54813389e+06  2.49795241e+01 
 3.63078055e+06 -1.08427690e+01  3.63078055e+06  2.33631583e+01 
 3.71535229e+06 -1.10187290e+01  3.71535229e+06  2.17231194e+01 
 3.80189396e+06 -1.11964798e+01  3.80189396e+06  2.00609235e+01 
 3.89045145e+06 -1.13760505e+01  3.89045145e+06  1.83781643e+01 
 3.98107171e+06 -1.15574366e+01  3.98107171e+06  1.66764713e+01 
 4.07380278e+06 -1.17405998e+01  4.07380278e+06  1.49574643e+01 
 4.16869383e+06 -1.19254688e+01  4.16869383e+06  1.32227092e+01 
 4.26579519e+06 -1.21119429e+01  4.26579519e+06  1.14736742e+01 
 4.36515832e+06 -1.22998957e+01  4.36515832e+06  9.71169297e+00 
 4.46683592e+06 -1.24891809e+01  4.46683592e+06  7.93793382e+00 
 4.57088190e+06 -1.26796386e+01  4.57088190e+06  6.15337879e+00 
 4.67735141e+06 -1.28711020e+01  4.67735141e+06  4.35881244e+00 
 4.78630092e+06 -1.30634045e+01  4.78630092e+06  2.55482114e+00 
 4.89778819e+06 -1.32563856e+01  4.89778819e+06  7.41801934e-01 
 5.01187234e+06 -1.34498975e+01  5.01187234e+06 -1.08001993e+00 
 5.12861384e+06 -1.36438093e+01  5.12861384e+06 -2.91056671e+00 
 5.24807460e+06 -1.38380110e+01  5.24807460e+06 -4.74987902e+00 
 5.37031796e+06 -1.40324161e+01  5.37031796e+06 -6.59808372e+00 
 5.49540874e+06 -1.42269631e+01  5.49540874e+06 -8.45536101e+00 
 5.62341325e+06 -1.44216156e+01  5.62341325e+06 -1.03219122e+01 
 5.75439937e+06 -1.46163616e+01  5.75439937e+06 -1.21979298e+01 
 5.88843655e+06 -1.48112123e+01  5.88843655e+06 -1.40835704e+01 
 6.02559586e+06 -1.50061998e+01  6.02559586e+06 -1.59789319e+01 
 6.16595002e+06 -1.52013745e+01  6.16595002e+06 -1.78840347e+01 
 6.30957344e+06 -1.53968025e+01  6.30957344e+06 -1.97988074e+01 
 6.45654229e+06 -1.55925619e+01  6.45654229e+06 -2.17230764e+01 
 6.60693448e+06 -1.57887403e+01  6.60693448e+06 -2.36565600e+01 
 6.76082975e+06 -1.59854314e+01  6.76082975e+06 -2.55988657e+01 
 6.91830971e+06 -1.61827322e+01  6.91830971e+06 -2.75494912e+01 
 7.07945784e+06 -1.63807399e+01  7.07945784e+06 -2.95078276e+01 
 7.24435960e+06 -1.65795499e+01  7.24435960e+06 -3.14731653e+01 
 7.41310241e+06 -1.67792532e+01  7.41310241e+06 -3.34447022e+01 
 7.58577575e+06 -1.69799342e+01  7.58577575e+06 -3.54215524e+01 
 7.76247117e+06 -1.71816695e+01  7.76247117e+06 -3.74027574e+01 
 7.94328235e+06 -1.73845260e+01  7.94328235e+06 -3.93872970e+01 
 8.12830516e+06 -1.75885599e+01  8.12830516e+06 -4.13741015e+01 
 8.31763771e+06 -1.77938160e+01  8.31763771e+06 -4.33620636e+01 
 8.51138038e+06 -1.80003269e+01  8.51138038e+06 -4.53500509e+01 
 8.70963590e+06 -1.82081128e+01  8.70963590e+06 -4.73369174e+01 
 8.91250938e+06 -1.84171811e+01  8.91250938e+06 -4.93215155e+01 
 9.12010839e+06 -1.86275271e+01  9.12010839e+06 -5.13027066e+01 
 9.33254301e+06 -1.88391336e+01  9.33254301e+06 -5.32793715e+01 
 9.54992586e+06 -1.90519719e+01  9.54992586e+06 -5.52504195e+01 
 9.77237221e+06 -1.92660023e+01  9.77237221e+06 -5.72147970e+01 
 1.00000000e+07 -1.94811749e+01  1.00000000e+07 -5.91714948e+01 
 1.02329299e+07 -1.96974302e+01  1.02329299e+07 -6.11195541e+01 
 1.04712855e+07 -1.99147007e+01  1.04712855e+07 -6.30580718e+01 
 1.07151931e+07 -2.01329112e+01  1.07151931e+07 -6.49862042e+01 
 1.09647820e+07 -2.03519805e+01  1.09647820e+07 -6.69031701e+01 
 1.12201845e+07 -2.05718220e+01  1.12201845e+07 -6.88082520e+01 
 1.14815362e+07 -2.07923450e+01  1.14815362e+07 -7.07007973e+01 
 1.17489755e+07 -2.10134560e+01  1.17489755e+07 -7.25802177e+01 
 1.20226443e+07 -2.12350591e+01  1.20226443e+07 -7.44459878e+01 
 1.23026877e+07 -2.14570578e+01  1.23026877e+07 -7.62976432e+01 
 1.25892541e+07 -2.16793550e+01  1.25892541e+07 -7.81347775e+01 
 1.28824955e+07 -2.19018548e+01  1.28824955e+07 -7.99570389e+01 
 1.31825674e+07 -2.21244624e+01  1.31825674e+07 -8.17641263e+01 
 1.34896288e+07 -2.23470857e+01  1.34896288e+07 -8.35557845e+01 
 1.38038426e+07 -2.25696349e+01  1.38038426e+07 -8.53317995e+01 
 1.41253754e+07 -2.27920241e+01  1.41253754e+07 -8.70919935e+01 
 1.44543977e+07 -2.30141708e+01  1.44543977e+07 -8.88362194e+01 
 1.47910839e+07 -2.32359970e+01  1.47910839e+07 -9.05643555e+01 
 1.51356125e+07 -2.34574291e+01  1.51356125e+07 -9.22762999e+01 
 1.54881662e+07 -2.36783982e+01  1.54881662e+07 -9.39719652e+01 
 1.58489319e+07 -2.38988404e+01  1.58489319e+07 -9.56512734e+01 
 1.62181010e+07 -2.41186966e+01  1.62181010e+07 -9.73141500e+01 
 1.65958691e+07 -2.43379128e+01  1.65958691e+07 -9.89605199e+01 
 1.69824365e+07 -2.45564400e+01  1.69824365e+07 -1.00590302e+02 
 1.73780083e+07 -2.47742340e+01  1.73780083e+07 -1.02203405e+02 
 1.77827941e+07 -2.49912554e+01  1.77827941e+07 -1.03799722e+02 
 1.81970086e+07 -2.52074694e+01  1.81970086e+07 -1.05379130e+02 
 1.86208714e+07 -2.54228456e+01  1.86208714e+07 -1.06941481e+02 
 1.90546072e+07 -2.56373577e+01  1.90546072e+07 -1.08486604e+02 
 1.94984460e+07 -2.58509833e+01  1.94984460e+07 -1.10014298e+02 
 1.99526231e+07 -2.60637036e+01  1.99526231e+07 -1.11524331e+02 
 2.04173794e+07 -2.62755032e+01  2.04173794e+07 -1.13016439e+02 
 2.08929613e+07 -2.64863694e+01  2.08929613e+07 -1.14490321e+02 
 2.13796209e+07 -2.66962923e+01  2.13796209e+07 -1.15945642e+02 
 2.18776162e+07 -2.69052641e+01  2.18776162e+07 -1.17382027e+02 
 2.23872114e+07 -2.71132788e+01  2.23872114e+07 -1.18799063e+02 
 2.29086765e+07 -2.73203322e+01  2.29086765e+07 -1.20196298e+02 
 2.34422882e+07 -2.75264206e+01  2.34422882e+07 -1.21573240e+02 
 2.39883292e+07 -2.77315415e+01  2.39883292e+07 -1.22929357e+02 
 2.45470892e+07 -2.79356922e+01  2.45470892e+07 -1.24264082e+02 
 2.51188643e+07 -2.81388701e+01  2.51188643e+07 -1.25576805e+02 
 2.57039578e+07 -2.83410720e+01  2.57039578e+07 -1.26866883e+02 
 2.63026799e+07 -2.85422935e+01  2.63026799e+07 -1.28133637e+02 
 2.69153480e+07 -2.87425290e+01  2.69153480e+07 -1.29376352e+02 
 2.75422870e+07 -2.89417710e+01  2.75422870e+07 -1.30594285e+02 
 2.81838293e+07 -2.91400100e+01  2.81838293e+07 -1.31786661e+02 
 2.88403150e+07 -2.93372335e+01  2.88403150e+07 -1.32952679e+02 
 2.95120923e+07 -2.95334264e+01  2.95120923e+07 -1.34091514e+02 
 3.01995172e+07 -2.97285701e+01  3.01995172e+07 -1.35202319e+02 
 3.09029543e+07 -2.99226426e+01  3.09029543e+07 -1.36284228e+02 
 3.16227766e+07 -3.01156177e+01  3.16227766e+07 -1.37336363e+02 
 3.23593657e+07 -3.03074650e+01  3.23593657e+07 -1.38357831e+02 
 3.31131121e+07 -3.04981496e+01  3.31131121e+07 -1.39347734e+02 
 3.38844156e+07 -3.06876319e+01  3.38844156e+07 -1.40305166e+02 
 3.46736850e+07 -3.08758672e+01  3.46736850e+07 -1.41229221e+02 
 3.54813389e+07 -3.10628059e+01  3.54813389e+07 -1.42118997e+02 
 3.63078055e+07 -3.12483928e+01  3.63078055e+07 -1.42973595e+02 
 3.71535229e+07 -3.14325675e+01  3.71535229e+07 -1.43792127e+02 
 3.80189396e+07 -3.16152638e+01  3.80189396e+07 -1.44573714e+02 
 3.89045145e+07 -3.17964101e+01  3.89045145e+07 -1.45317495e+02 
 3.98107171e+07 -3.19759290e+01  3.98107171e+07 -1.46022626e+02 
 4.07380278e+07 -3.21537373e+01  4.07380278e+07 -1.46688281e+02 
 4.16869383e+07 -3.23297459e+01  4.16869383e+07 -1.47313659e+02 
 4.26579519e+07 -3.25038599e+01  4.26579519e+07 -1.47897981e+02 
 4.36515832e+07 -3.26759782e+01  4.36515832e+07 -1.48440494e+02 
 4.46683592e+07 -3.28459936e+01  4.46683592e+07 -1.48940472e+02 
 4.57088190e+07 -3.30137924e+01  4.57088190e+07 -1.49397220e+02 
 4.67735141e+07 -3.31792543e+01  4.67735141e+07 -1.49810068e+02 
 4.78630092e+07 -3.33422523e+01  4.78630092e+07 -1.50178378e+02 
 4.89778819e+07 -3.35026516e+01  4.89778819e+07 -1.50501545e+02 
 5.01187234e+07 -3.36603099e+01  5.01187234e+07 -1.50778994e+02 
 5.12861384e+07 -3.38150765e+01  5.12861384e+07 -1.51010186e+02 
 5.24807460e+07 -3.39667912e+01  5.24807460e+07 -1.51194617e+02 
 5.37031796e+07 -3.41152846e+01  5.37031796e+07 -1.51331823e+02 
 5.49540874e+07 -3.42603760e+01  5.49540874e+07 -1.51421383e+02 
 5.62341325e+07 -3.44018735e+01  5.62341325e+07 -1.51462924e+02 
 5.75439937e+07 -3.45395726e+01  5.75439937e+07 -1.51456129e+02 
 5.88843655e+07 -3.46732554e+01  5.88843655e+07 -1.51400744e+02 
 6.02559586e+07 -3.48026899e+01  6.02559586e+07 -1.51296588e+02 
 6.16595002e+07 -3.49276288e+01  6.16595002e+07 -1.51143568e+02 
 6.30957344e+07 -3.50478097e+01  6.30957344e+07 -1.50941689e+02 
 6.45654229e+07 -3.51629542e+01  6.45654229e+07 -1.50691074e+02 
 6.60693448e+07 -3.52727681e+01  6.60693448e+07 -1.50391980e+02 
 6.76082975e+07 -3.53769423e+01  6.76082975e+07 -1.50044821e+02 
 6.91830971e+07 -3.54751534e+01  6.91830971e+07 -1.49650189e+02 
 7.07945784e+07 -3.55670657e+01  7.07945784e+07 -1.49208875e+02 
 7.24435960e+07 -3.56523334e+01  7.24435960e+07 -1.48721891e+02 
 7.41310241e+07 -3.57306037e+01  7.41310241e+07 -1.48190497e+02 
 7.58577575e+07 -3.58015210e+01  7.58577575e+07 -1.47616214e+02 
 7.76247117e+07 -3.58647315e+01  7.76247117e+07 -1.47000850e+02 
 7.94328235e+07 -3.59198883e+01  7.94328235e+07 -1.46346504e+02 
 8.12830516e+07 -3.59666584e+01  8.12830516e+07 -1.45655581e+02 
 8.31763771e+07 -3.60047284e+01  8.31763771e+07 -1.44930789e+02 
 8.51138038e+07 -3.60338124e+01  8.51138038e+07 -1.44175136e+02 
 8.70963590e+07 -3.60536586e+01  8.70963590e+07 -1.43391912e+02 
 8.91250938e+07 -3.60640567e+01  8.91250938e+07 -1.42584666e+02 
 9.12010839e+07 -3.60648442e+01  9.12010839e+07 -1.41757175e+02 
 9.33254301e+07 -3.60559124e+01  9.33254301e+07 -1.40913402e+02 
 9.54992586e+07 -3.60372114e+01  9.54992586e+07 -1.40057445e+02 
 9.77237221e+07 -3.60087534e+01  9.77237221e+07 -1.39193488e+02 
 1.00000000e+08 -3.59706151e+01  1.00000000e+08 -1.38325733e+02 
