 2.00000000e+01  2.54679473e-07  2.00000000e+01  2.55070398e-07 
 2.04658598e+01  2.51771067e-07  2.04658598e+01  2.52154091e-07 
 2.09425710e+01  2.48895803e-07  2.09425710e+01  2.49271208e-07 
 2.14303861e+01  2.46053312e-07  2.14303861e+01  2.46421367e-07 
 2.19295639e+01  2.43243230e-07  2.19295639e+01  2.43604190e-07 
 2.24403691e+01  2.40465197e-07  2.24403691e+01  2.40819304e-07 
 2.29630724e+01  2.37718854e-07  2.29630724e+01  2.38066340e-07 
 2.34979511e+01  2.35003848e-07  2.34979511e+01  2.35344932e-07 
 2.40452887e+01  2.32319829e-07  2.40452887e+01  2.32654719e-07 
 2.46053754e+01  2.29666450e-07  2.46053754e+01  2.29995346e-07 
 2.51785082e+01  2.27043368e-07  2.51785082e+01  2.27366460e-07 
 2.57649910e+01  2.24450244e-07  2.57649910e+01  2.24767712e-07 
 2.63651348e+01  2.21886741e-07  2.63651348e+01  2.22198757e-07 
 2.69792577e+01  2.19352526e-07  2.69792577e+01  2.19659255e-07 
 2.76076853e+01  2.16847271e-07  2.76076853e+01  2.17148870e-07 
 2.82507509e+01  2.14370651e-07  2.82507509e+01  2.14667269e-07 
 2.89087954e+01  2.11922342e-07  2.89087954e+01  2.12214122e-07 
 2.95821678e+01  2.09502027e-07  2.95821678e+01  2.09789105e-07 
 3.02712250e+01  2.07109389e-07  3.02712250e+01  2.07391896e-07 
 3.09763324e+01  2.04744117e-07  3.09763324e+01  2.05022177e-07 
 3.16978638e+01  2.02405902e-07  3.16978638e+01  2.02679634e-07 
 3.24362019e+01  2.00094439e-07  3.24362019e+01  2.00363956e-07 
 3.31917381e+01  1.97809425e-07  3.31917381e+01  1.98074838e-07 
 3.39648730e+01  1.95550563e-07  3.39648730e+01  1.95811974e-07 
 3.47560166e+01  1.93317555e-07  3.47560166e+01  1.93575066e-07 
 3.55655882e+01  1.91110111e-07  3.55655882e+01  1.91363817e-07 
 3.63940172e+01  1.88927940e-07  3.63940172e+01  1.89177933e-07 
 3.72417427e+01  1.86770757e-07  3.72417427e+01  1.87017124e-07 
 3.81092144e+01  1.84638278e-07  3.81092144e+01  1.84881106e-07 
 3.89968920e+01  1.82530225e-07  3.89968920e+01  1.82769593e-07 
 3.99052463e+01  1.80446320e-07  3.99052463e+01  1.80682307e-07 
 4.08347589e+01  1.78386290e-07  4.08347589e+01  1.78618970e-07 
 4.17859226e+01  1.76349864e-07  4.17859226e+01  1.76579310e-07 
 4.27592418e+01  1.74336774e-07  4.27592418e+01  1.74563055e-07 
 4.37552325e+01  1.72346756e-07  4.37552325e+01  1.72569938e-07 
 4.47744228e+01  1.70379548e-07  4.47744228e+01  1.70599696e-07 
 4.58173531e+01  1.68434891e-07  4.58173531e+01  1.68652067e-07 
 4.68845763e+01  1.66512529e-07  4.68845763e+01  1.66726793e-07 
 4.79766584e+01  1.64612210e-07  4.79766584e+01  1.64823619e-07 
 4.90941783e+01  1.62733682e-07  4.90941783e+01  1.62942292e-07 
 5.02377286e+01  1.60876698e-07  5.02377286e+01  1.61082563e-07 
 5.14079157e+01  1.59041014e-07  5.14079157e+01  1.59244185e-07 
 5.26053598e+01  1.57226388e-07  5.26053598e+01  1.57426916e-07 
 5.38306961e+01  1.55432580e-07  5.38306961e+01  1.55630513e-07 
 5.50845741e+01  1.53659354e-07  5.50845741e+01  1.53854739e-07 
 5.63676586e+01  1.51906477e-07  5.63676586e+01  1.52099358e-07 
 5.76806301e+01  1.50173715e-07  5.76806301e+01  1.50364138e-07 
 5.90241845e+01  1.48460842e-07  5.90241845e+01  1.48648849e-07 
 6.03990344e+01  1.46767631e-07  6.03990344e+01  1.46953263e-07 
 6.18059087e+01  1.45093858e-07  6.18059087e+01  1.45277156e-07 
 6.32455532e+01  1.43439302e-07  6.32455532e+01  1.43620305e-07 
 6.47187314e+01  1.41803746e-07  6.47187314e+01  1.41982490e-07 
 6.62262243e+01  1.40186972e-07  6.62262243e+01  1.40363495e-07 
 6.77688312e+01  1.38588768e-07  6.77688312e+01  1.38763105e-07 
 6.93473701e+01  1.37008921e-07  6.93473701e+01  1.37181108e-07 
 7.09626778e+01  1.35447224e-07  7.09626778e+01  1.35617295e-07 
 7.26156110e+01  1.33903470e-07  7.26156110e+01  1.34071457e-07 
 7.43070458e+01  1.32377455e-07  7.43070458e+01  1.32543389e-07 
 7.60378793e+01  1.30868976e-07  7.60378793e+01  1.31032891e-07 
 7.78090290e+01  1.29377836e-07  7.78090290e+01  1.29539760e-07 
 7.96214341e+01  1.27903836e-07  7.96214341e+01  1.28063800e-07 
 8.14760556e+01  1.26446781e-07  8.14760556e+01  1.26604814e-07 
 8.33738767e+01  1.25006480e-07  8.33738767e+01  1.25162609e-07 
 8.53159038e+01  1.23582740e-07  8.53159038e+01  1.23736994e-07 
 8.73031664e+01  1.22175375e-07  8.73031664e+01  1.22327780e-07 
 8.93367184e+01  1.20784197e-07  8.93367184e+01  1.20934780e-07 
 9.14176379e+01  1.19409023e-07  9.14176379e+01  1.19557810e-07 
 9.35470283e+01  1.18049671e-07  9.35470283e+01  1.18196686e-07 
 9.57260185e+01  1.16705961e-07  9.57260185e+01  1.16851229e-07 
 9.79557639e+01  1.15377714e-07  9.79557639e+01  1.15521261e-07 
 1.00237447e+02  1.14064756e-07  1.00237447e+02  1.14206604e-07 
 1.02572277e+02  1.12766912e-07  1.02572277e+02  1.12907084e-07 
 1.04961492e+02  1.11484011e-07  1.04961492e+02  1.11622530e-07 
 1.07406359e+02  1.10215882e-07  1.07406359e+02  1.10352771e-07 
 1.09908175e+02  1.08962358e-07  1.09908175e+02  1.09097639e-07 
 1.12468265e+02  1.07723273e-07  1.12468265e+02  1.07856967e-07 
 1.15087987e+02  1.06498463e-07  1.15087987e+02  1.06630590e-07 
 1.17768731e+02  1.05287766e-07  1.17768731e+02  1.05418347e-07 
 1.20511917e+02  1.04091021e-07  1.20511917e+02  1.04220077e-07 
 1.23319000e+02  1.02908069e-07  1.23319000e+02  1.03035620e-07 
 1.26191469e+02  1.01738755e-07  1.26191469e+02  1.01864820e-07 
 1.29130846e+02  1.00582923e-07  1.29130846e+02  1.00707521e-07 
 1.32138690e+02  9.94404200e-08  1.32138690e+02  9.95635698e-08 
 1.35216595e+02  9.83110950e-08  1.35216595e+02  9.84328152e-08 
 1.38366194e+02  9.71947981e-08  1.38366194e+02  9.73151070e-08 
 1.41589157e+02  9.60913816e-08  1.41589157e+02  9.62102971e-08 
 1.44887192e+02  9.50006992e-08  1.44887192e+02  9.51182389e-08 
 1.48262048e+02  9.39226064e-08  1.48262048e+02  9.40387877e-08 
 1.51715515e+02  9.28569605e-08  1.51715515e+02  9.29718004e-08 
 1.55249423e+02  9.18036202e-08  1.55249423e+02  9.19171355e-08 
 1.58865647e+02  9.07624460e-08  1.58865647e+02  9.08746531e-08 
 1.62566103e+02  8.97332998e-08  1.62566103e+02  8.98442150e-08 
 1.66352754e+02  8.87160454e-08  1.66352754e+02  8.88256847e-08 
 1.70227608e+02  8.77105479e-08  1.70227608e+02  8.78189271e-08 
 1.74192718e+02  8.67166740e-08  1.74192718e+02  8.68238087e-08 
 1.78250188e+02  8.57342921e-08  1.78250188e+02  8.58401975e-08 
 1.82402168e+02  8.47632720e-08  1.82402168e+02  8.48679631e-08 
 1.86650860e+02  8.38034849e-08  1.86650860e+02  8.39069766e-08 
 1.90998517e+02  8.28548036e-08  1.90998517e+02  8.29571107e-08 
 1.95447444e+02  8.19171025e-08  1.95447444e+02  8.20182392e-08 
 2.00000000e+02  8.09902572e-08  2.00000000e+02  8.10902378e-08 
 2.04658598e+02  8.00741448e-08  2.04658598e+02  8.01729834e-08 
 2.09425710e+02  7.91686440e-08  2.09425710e+02  7.92663544e-08 
 2.14303861e+02  7.82736346e-08  2.14303861e+02  7.83702304e-08 
 2.19295639e+02  7.73889980e-08  2.19295639e+02  7.74844928e-08 
 2.24403691e+02  7.65146170e-08  2.24403691e+02  7.66090239e-08 
 2.29630724e+02  7.56503757e-08  2.29630724e+02  7.57437078e-08 
 2.34979511e+02  7.47961594e-08  2.34979511e+02  7.48884297e-08 
 2.40452887e+02  7.39518548e-08  2.40452887e+02  7.40430760e-08 
 2.46053754e+02  7.31173501e-08  2.46053754e+02  7.32075348e-08 
 2.51785082e+02  7.22925346e-08  2.51785082e+02  7.23816952e-08 
 2.57649910e+02  7.14772989e-08  2.57649910e+02  7.15654476e-08 
 2.63651348e+02  7.06715349e-08  2.63651348e+02  7.07586838e-08 
 2.69792577e+02  6.98751357e-08  2.69792577e+02  6.99612968e-08 
 2.76076853e+02  6.90879958e-08  2.76076853e+02  6.91731808e-08 
 2.82507509e+02  6.83100107e-08  2.82507509e+02  6.83942313e-08 
 2.89087954e+02  6.75410772e-08  2.89087954e+02  6.76243449e-08 
 2.95821678e+02  6.67810934e-08  2.95821678e+02  6.68634195e-08 
 3.02712250e+02  6.60299585e-08  3.02712250e+02  6.61113541e-08 
 3.09763324e+02  6.52875727e-08  3.09763324e+02  6.53680490e-08 
 3.16978638e+02  6.45538377e-08  3.16978638e+02  6.46334056e-08 
 3.24362019e+02  6.38286561e-08  3.24362019e+02  6.39073263e-08 
 3.31917381e+02  6.31119317e-08  3.31917381e+02  6.31897149e-08 
 3.39648730e+02  6.24035693e-08  3.39648730e+02  6.24804761e-08 
 3.47560166e+02  6.17034751e-08  3.47560166e+02  6.17795158e-08 
 3.55655882e+02  6.10115560e-08  3.55655882e+02  6.10867409e-08 
 3.63940172e+02  6.03277204e-08  3.63940172e+02  6.04020595e-08 
 3.72417427e+02  5.96518774e-08  3.72417427e+02  5.97253808e-08 
 3.81092144e+02  5.89839373e-08  3.81092144e+02  5.90566150e-08 
 3.89968920e+02  5.83238115e-08  3.89968920e+02  5.83956732e-08 
 3.99052463e+02  5.76714124e-08  3.99052463e+02  5.77424677e-08 
 4.08347589e+02  5.70266533e-08  4.08347589e+02  5.70969118e-08 
 4.17859226e+02  5.63894487e-08  4.17859226e+02  5.64589198e-08 
 4.27592418e+02  5.57597139e-08  4.27592418e+02  5.58284069e-08 
 4.37552325e+02  5.51373654e-08  4.37552325e+02  5.52052896e-08 
 4.47744228e+02  5.45223205e-08  4.47744228e+02  5.45894849e-08 
 4.58173531e+02  5.39144975e-08  4.58173531e+02  5.39809111e-08 
 4.68845763e+02  5.33138158e-08  4.68845763e+02  5.33794875e-08 
 4.79766584e+02  5.27201954e-08  4.79766584e+02  5.27851340e-08 
 4.90941783e+02  5.21335576e-08  4.90941783e+02  5.21977717e-08 
 5.02377286e+02  5.15538244e-08  5.02377286e+02  5.16173227e-08 
 5.14079157e+02  5.09809189e-08  5.14079157e+02  5.10437097e-08 
 5.26053598e+02  5.04147647e-08  5.26053598e+02  5.04768566e-08 
 5.38306961e+02  4.98552869e-08  5.38306961e+02  4.99166879e-08 
 5.50845741e+02  4.93024108e-08  5.50845741e+02  4.93631293e-08 
 5.63676586e+02  4.87560631e-08  5.63676586e+02  4.88161071e-08 
 5.76806301e+02  4.82161712e-08  5.76806301e+02  4.82755487e-08 
 5.90241845e+02  4.76826632e-08  5.90241845e+02  4.77413821e-08 
 6.03990344e+02  4.71554681e-08  6.03990344e+02  4.72135362e-08 
 6.18059087e+02  4.66345160e-08  6.18059087e+02  4.66919410e-08 
 6.32455532e+02  4.61197374e-08  6.32455532e+02  4.61765269e-08 
 6.47187314e+02  4.56110638e-08  6.47187314e+02  4.56672255e-08 
 6.62262243e+02  4.51084276e-08  6.62262243e+02  4.51639688e-08 
 6.77688312e+02  4.46117619e-08  6.77688312e+02  4.46666900e-08 
 6.93473701e+02  4.41210005e-08  6.93473701e+02  4.41753228e-08 
 7.09626778e+02  4.36360782e-08  7.09626778e+02  4.36898019e-08 
 7.26156110e+02  4.31569302e-08  7.26156110e+02  4.32100624e-08 
 7.43070458e+02  4.26834929e-08  7.43070458e+02  4.27360406e-08 
 7.60378793e+02  4.22157030e-08  7.60378793e+02  4.22676732e-08 
 7.78090290e+02  4.17534983e-08  7.78090290e+02  4.18048979e-08 
 7.96214341e+02  4.12968172e-08  7.96214341e+02  4.13476529e-08 
 8.14760556e+02  4.08455987e-08  8.14760556e+02  4.08958773e-08 
 8.33738767e+02  4.03997827e-08  8.33738767e+02  4.04495108e-08 
 8.53159038e+02  3.99593097e-08  8.53159038e+02  4.00084939e-08 
 8.73031664e+02  3.95241209e-08  8.73031664e+02  3.95727677e-08 
 8.93367184e+02  3.90941582e-08  8.93367184e+02  3.91422740e-08 
 9.14176379e+02  3.86693642e-08  9.14176379e+02  3.87169553e-08 
 9.35470283e+02  3.82496822e-08  9.35470283e+02  3.82967549e-08 
 9.57260185e+02  3.78350560e-08  9.57260185e+02  3.78816166e-08 
 9.79557639e+02  3.74254303e-08  9.79557639e+02  3.74714848e-08 
 1.00237447e+03  3.70207503e-08  1.00237447e+03  3.70663048e-08 
 1.02572277e+03  3.66209618e-08  1.02572277e+03  3.66660223e-08 
 1.04961492e+03  3.62260114e-08  1.04961492e+03  3.62705837e-08 
 1.07406359e+03  3.58358461e-08  1.07406359e+03  3.58799362e-08 
 1.09908175e+03  3.54504137e-08  1.09908175e+03  3.54940273e-08 
 1.12468265e+03  3.50696625e-08  1.12468265e+03  3.51128054e-08 
 1.15087987e+03  3.46935415e-08  1.15087987e+03  3.47362193e-08 
 1.17768731e+03  3.43220003e-08  1.17768731e+03  3.43642186e-08 
 1.20511917e+03  3.39549890e-08  1.20511917e+03  3.39967532e-08 
 1.23319000e+03  3.35924582e-08  1.23319000e+03  3.36337739e-08 
 1.26191469e+03  3.32343593e-08  1.26191469e+03  3.32752319e-08 
 1.29130846e+03  3.28806441e-08  1.29130846e+03  3.29210789e-08 
 1.32138690e+03  3.25312651e-08  1.32138690e+03  3.25712674e-08 
 1.35216595e+03  3.21861752e-08  1.35216595e+03  3.22257502e-08 
 1.38366194e+03  3.18453279e-08  1.38366194e+03  3.18844808e-08 
 1.41589157e+03  3.15086774e-08  1.41589157e+03  3.15474131e-08 
 1.44887192e+03  3.11761781e-08  1.44887192e+03  3.12145018e-08 
 1.48262048e+03  3.08477851e-08  1.48262048e+03  3.08857018e-08 
 1.51715515e+03  3.05234543e-08  1.51715515e+03  3.05609687e-08 
 1.55249423e+03  3.02031415e-08  1.55249423e+03  3.02402587e-08 
 1.58865647e+03  2.98868036e-08  1.58865647e+03  2.99235283e-08 
 1.62566103e+03  2.95743977e-08  1.62566103e+03  2.96107346e-08 
 1.66352754e+03  2.92658814e-08  1.66352754e+03  2.93018353e-08 
 1.70227608e+03  2.89612129e-08  1.70227608e+03  2.89967883e-08 
 1.74192718e+03  2.86603507e-08  1.74192718e+03  2.86955522e-08 
 1.78250188e+03  2.83632540e-08  1.78250188e+03  2.83980862e-08 
 1.82402168e+03  2.80698823e-08  1.82402168e+03  2.81043496e-08 
 1.86650860e+03  2.77801956e-08  1.86650860e+03  2.78143024e-08 
 1.90998517e+03  2.74941545e-08  1.90998517e+03  2.75279052e-08 
 1.95447444e+03  2.72117198e-08  1.95447444e+03  2.72451187e-08 
 2.00000000e+03  2.69328529e-08  2.00000000e+03  2.69659042e-08 
 2.04658598e+03  2.66575157e-08  2.04658598e+03  2.66902236e-08 
 2.09425710e+03  2.63856703e-08  2.09425710e+03  2.64180390e-08 
 2.14303861e+03  2.61172794e-08  2.14303861e+03  2.61493130e-08 
 2.19295639e+03  2.58523062e-08  2.19295639e+03  2.58840087e-08 
 2.24403691e+03  2.55907141e-08  2.24403691e+03  2.56220895e-08 
 2.29630724e+03  2.53324671e-08  2.29630724e+03  2.53635193e-08 
 2.34979511e+03  2.50775294e-08  2.34979511e+03  2.51082623e-08 
 2.40452887e+03  2.48258658e-08  2.40452887e+03  2.48562833e-08 
 2.46053754e+03  2.45774414e-08  2.46053754e+03  2.46075472e-08 
 2.51785082e+03  2.43322217e-08  2.51785082e+03  2.43620196e-08 
 2.57649910e+03  2.40901725e-08  2.57649910e+03  2.41196662e-08 
 2.63651348e+03  2.38512602e-08  2.63651348e+03  2.38804532e-08 
 2.69792577e+03  2.36154513e-08  2.69792577e+03  2.36443473e-08 
 2.76076853e+03  2.33827128e-08  2.76076853e+03  2.34113153e-08 
 2.82507509e+03  2.31530120e-08  2.82507509e+03  2.31813245e-08 
 2.89087954e+03  2.29263168e-08  2.89087954e+03  2.29543427e-08 
 2.95821678e+03  2.27025950e-08  2.95821678e+03  2.27303378e-08 
 3.02712250e+03  2.24818152e-08  3.02712250e+03  2.25092781e-08 
 3.09763324e+03  2.22639460e-08  3.09763324e+03  2.22911323e-08 
 3.16978638e+03  2.20489565e-08  3.16978638e+03  2.20758695e-08 
 3.24362019e+03  2.18368162e-08  3.24362019e+03  2.18634590e-08 
 3.31917381e+03  2.16274947e-08  3.31917381e+03  2.16538704e-08 
 3.39648730e+03  2.14209620e-08  3.39648730e+03  2.14470738e-08 
 3.47560166e+03  2.12171885e-08  3.47560166e+03  2.12430395e-08 
 3.55655882e+03  2.10161449e-08  3.55655882e+03  2.10417379e-08 
 3.63940172e+03  2.08178022e-08  3.63940172e+03  2.08431402e-08 
 3.72417427e+03  2.06221315e-08  3.72417427e+03  2.06472174e-08 
 3.81092144e+03  2.04291045e-08  3.81092144e+03  2.04539411e-08 
 3.89968920e+03  2.02386930e-08  3.89968920e+03  2.02632831e-08 
 3.99052463e+03  2.00508690e-08  3.99052463e+03  2.00752154e-08 
 4.08347589e+03  1.98656051e-08  4.08347589e+03  1.98897103e-08 
 4.17859226e+03  1.96828740e-08  4.17859226e+03  1.97067407e-08 
 4.27592418e+03  1.95026484e-08  4.27592418e+03  1.95262792e-08 
 4.37552325e+03  1.93249018e-08  4.37552325e+03  1.93482991e-08 
 4.47744228e+03  1.91496075e-08  4.47744228e+03  1.91727739e-08 
 4.58173531e+03  1.89767393e-08  4.58173531e+03  1.89996771e-08 
 4.68845763e+03  1.88062712e-08  4.68845763e+03  1.88289828e-08 
 4.79766584e+03  1.86381774e-08  4.79766584e+03  1.86606651e-08 
 4.90941783e+03  1.84724324e-08  4.90941783e+03  1.84946984e-08 
 5.02377286e+03  1.83090109e-08  5.02377286e+03  1.83310574e-08 
 5.14079157e+03  1.81478880e-08  5.14079157e+03  1.81697170e-08 
 5.26053598e+03  1.79890387e-08  5.26053598e+03  1.80106524e-08 
 5.38306961e+03  1.78324385e-08  5.38306961e+03  1.78538388e-08 
 5.50845741e+03  1.76780630e-08  5.50845741e+03  1.76992520e-08 
 5.63676586e+03  1.75258882e-08  5.63676586e+03  1.75468676e-08 
 5.76806301e+03  1.73758900e-08  5.76806301e+03  1.73966616e-08 
 5.90241845e+03  1.72280447e-08  5.90241845e+03  1.72486104e-08 
 6.03990344e+03  1.70823290e-08  6.03990344e+03  1.71026903e-08 
 6.18059087e+03  1.69387194e-08  6.18059087e+03  1.69588780e-08 
 6.32455532e+03  1.67971929e-08  6.32455532e+03  1.68171503e-08 
 6.47187314e+03  1.66577265e-08  6.47187314e+03  1.66774843e-08 
 6.62262243e+03  1.65202976e-08  6.62262243e+03  1.65398571e-08 
 6.77688312e+03  1.63848837e-08  6.77688312e+03  1.64042461e-08 
 6.93473701e+03  1.62514624e-08  6.93473701e+03  1.62706291e-08 
 7.09626778e+03  1.61200116e-08  7.09626778e+03  1.61389836e-08 
 7.26156110e+03  1.59905093e-08  7.26156110e+03  1.60092878e-08 
 7.43070458e+03  1.58629337e-08  7.43070458e+03  1.58815198e-08 
 7.60378793e+03  1.57372632e-08  7.60378793e+03  1.57556578e-08 
 7.78090290e+03  1.56134765e-08  7.78090290e+03  1.56316803e-08 
 7.96214341e+03  1.54915522e-08  7.96214341e+03  1.55095660e-08 
 8.14760556e+03  1.53714692e-08  8.14760556e+03  1.53892936e-08 
 8.33738767e+03  1.52532066e-08  8.33738767e+03  1.52708422e-08 
 8.53159038e+03  1.51367436e-08  8.53159038e+03  1.51541909e-08 
 8.73031664e+03  1.50220595e-08  8.73031664e+03  1.50393190e-08 
 8.93367184e+03  1.49091341e-08  8.93367184e+03  1.49262058e-08 
 9.14176379e+03  1.47979468e-08  9.14176379e+03  1.48148310e-08 
 9.35470283e+03  1.46884776e-08  9.35470283e+03  1.47051743e-08 
 9.57260185e+03  1.45807064e-08  9.57260185e+03  1.45972157e-08 
 9.79557639e+03  1.44746134e-08  9.79557639e+03  1.44909350e-08 
 1.00237447e+04  1.43701789e-08  1.00237447e+04  1.43863125e-08 
 1.02572277e+04  1.42673833e-08  1.02572277e+04  1.42833284e-08 
 1.04961492e+04  1.41662072e-08  1.04961492e+04  1.41819633e-08 
 1.07406359e+04  1.40666312e-08  1.07406359e+04  1.40821976e-08 
 1.09908175e+04  1.39686363e-08  1.09908175e+04  1.39840122e-08 
 1.12468265e+04  1.38722033e-08  1.12468265e+04  1.38873877e-08 
 1.15087987e+04  1.37773134e-08  1.15087987e+04  1.37923053e-08 
 1.17768731e+04  1.36839479e-08  1.17768731e+04  1.36987459e-08 
 1.20511917e+04  1.35920881e-08  1.20511917e+04  1.36066908e-08 
 1.23319000e+04  1.35017155e-08  1.23319000e+04  1.35161214e-08 
 1.26191469e+04  1.34128117e-08  1.26191469e+04  1.34270190e-08 
 1.29130846e+04  1.33253586e-08  1.29130846e+04  1.33393654e-08 
 1.32138690e+04  1.32393380e-08  1.32138690e+04  1.32531421e-08 
 1.35216595e+04  1.31547319e-08  1.35216595e+04  1.31683310e-08 
 1.38366194e+04  1.30715225e-08  1.38366194e+04  1.30849141e-08 
 1.41589157e+04  1.29896920e-08  1.41589157e+04  1.30028735e-08 
 1.44887192e+04  1.29092228e-08  1.44887192e+04  1.29221911e-08 
 1.48262048e+04  1.28300974e-08  1.48262048e+04  1.28428495e-08 
 1.51715515e+04  1.27522985e-08  1.51715515e+04  1.27648309e-08 
 1.55249423e+04  1.26758087e-08  1.55249423e+04  1.26881179e-08 
 1.58865647e+04  1.26006110e-08  1.58865647e+04  1.26126931e-08 
 1.62566103e+04  1.25266883e-08  1.62566103e+04  1.25385392e-08 
 1.66352754e+04  1.24540238e-08  1.66352754e+04  1.24656390e-08 
 1.70227608e+04  1.23826006e-08  1.70227608e+04  1.23939756e-08 
 1.74192718e+04  1.23124021e-08  1.74192718e+04  1.23235319e-08 
 1.78250188e+04  1.22434118e-08  1.78250188e+04  1.22542911e-08 
 1.82402168e+04  1.21756133e-08  1.82402168e+04  1.21862365e-08 
 1.86650860e+04  1.21089901e-08  1.86650860e+04  1.21193514e-08 
 1.90998517e+04  1.20435263e-08  1.90998517e+04  1.20536193e-08 
 1.95447444e+04  1.19792056e-08  1.95447444e+04  1.19890238e-08 
 2.00000000e+04  1.19160121e-08  2.00000000e+04  1.19255486e-08 
