 2.00000000e+01  9.38989191e-09  2.00000000e+01  9.40454376e-09 
 2.04658598e+01  9.37644893e-09  2.04658598e+01  9.39095176e-09 
 2.09425710e+01  9.36332660e-09  2.09425710e+01  9.37768701e-09 
 2.14303861e+01  9.35051703e-09  2.14303861e+01  9.36474133e-09 
 2.19295639e+01  9.33801257e-09  2.19295639e+01  9.35210676e-09 
 2.24403691e+01  9.32580572e-09  2.24403691e+01  9.33977553e-09 
 2.29630724e+01  9.31388919e-09  2.29630724e+01  9.32774009e-09 
 2.34979511e+01  9.30225589e-09  2.34979511e+01  9.31599309e-09 
 2.40452887e+01  9.29089888e-09  2.40452887e+01  9.30452735e-09 
 2.46053754e+01  9.27981141e-09  2.46053754e+01  9.29333590e-09 
 2.51785082e+01  9.26898692e-09  2.51785082e+01  9.28241195e-09 
 2.57649910e+01  9.25841897e-09  2.57649910e+01  9.27174887e-09 
 2.63651348e+01  9.24810133e-09  2.63651348e+01  9.26134021e-09 
 2.69792577e+01  9.23802789e-09  2.69792577e+01  9.25117970e-09 
 2.76076853e+01  9.22819273e-09  2.76076853e+01  9.24126122e-09 
 2.82507509e+01  9.21859005e-09  2.82507509e+01  9.23157880e-09 
 2.89087954e+01  9.20921420e-09  2.89087954e+01  9.22212665e-09 
 2.95821678e+01  9.20005970e-09  2.95821678e+01  9.21289910e-09 
 3.02712250e+01  9.19112116e-09  3.02712250e+01  9.20389065e-09 
 3.09763324e+01  9.18239337e-09  3.09763324e+01  9.19509592e-09 
 3.16978638e+01  9.17387123e-09  3.16978638e+01  9.18650969e-09 
 3.24362019e+01  9.16554977e-09  3.24362019e+01  9.17812686e-09 
 3.31917381e+01  9.15742415e-09  3.31917381e+01  9.16994247e-09 
 3.39648730e+01  9.14948963e-09  3.39648730e+01  9.16195166e-09 
 3.47560166e+01  9.14174163e-09  3.47560166e+01  9.15414973e-09 
 3.55655882e+01  9.13417563e-09  3.55655882e+01  9.14653209e-09 
 3.63940172e+01  9.12678728e-09  3.63940172e+01  9.13909425e-09 
 3.72417427e+01  9.11957229e-09  3.72417427e+01  9.13183184e-09 
 3.81092144e+01  9.11252650e-09  3.81092144e+01  9.12474062e-09 
 3.89968920e+01  9.10564586e-09  3.89968920e+01  9.11781643e-09 
 3.99052463e+01  9.09892641e-09  3.99052463e+01  9.11105524e-09 
 4.08347589e+01  9.09236428e-09  4.08347589e+01  9.10445310e-09 
 4.17859226e+01  9.08595572e-09  4.17859226e+01  9.09800617e-09 
 4.27592418e+01  9.07969704e-09  4.27592418e+01  9.09171071e-09 
 4.37552325e+01  9.07358467e-09  4.37552325e+01  9.08556308e-09 
 4.47744228e+01  9.06761512e-09  4.47744228e+01  9.07955970e-09 
 4.58173531e+01  9.06178498e-09  4.58173531e+01  9.07369711e-09 
 4.68845763e+01  9.05609092e-09  4.68845763e+01  9.06797194e-09 
 4.79766584e+01  9.05052971e-09  4.79766584e+01  9.06238087e-09 
 4.90941783e+01  9.04509818e-09  4.90941783e+01  9.05692070e-09 
 5.02377286e+01  9.03979326e-09  5.02377286e+01  9.05158829e-09 
 5.14079157e+01  9.03461193e-09  5.14079157e+01  9.04638058e-09 
 5.26053598e+01  9.02955126e-09  5.26053598e+01  9.04129459e-09 
 5.38306961e+01  9.02460838e-09  5.38306961e+01  9.03632741e-09 
 5.50845741e+01  9.01978051e-09  5.50845741e+01  9.03147620e-09 
 5.63676586e+01  9.01506493e-09  5.63676586e+01  9.02673821e-09 
 5.76806301e+01  9.01045896e-09  5.76806301e+01  9.02211073e-09 
 5.90241845e+01  9.00596002e-09  5.90241845e+01  9.01759113e-09 
 6.03990344e+01  9.00156558e-09  6.03990344e+01  9.01317685e-09 
 6.18059087e+01  8.99727318e-09  6.18059087e+01  9.00886538e-09 
 6.32455532e+01  8.99308040e-09  6.32455532e+01  9.00465429e-09 
 6.47187314e+01  8.98898488e-09  6.47187314e+01  9.00054118e-09 
 6.62262243e+01  8.98498435e-09  6.62262243e+01  8.99652374e-09 
 6.77688312e+01  8.98107656e-09  6.77688312e+01  8.99259970e-09 
 6.93473701e+01  8.97725933e-09  6.93473701e+01  8.98876684e-09 
 7.09626778e+01  8.97353053e-09  7.09626778e+01  8.98502302e-09 
 7.26156110e+01  8.96988808e-09  7.26156110e+01  8.98136613e-09 
 7.43070458e+01  8.96632994e-09  7.43070458e+01  8.97779411e-09 
 7.60378793e+01  8.96285415e-09  7.60378793e+01  8.97430496e-09 
 7.78090290e+01  8.95945876e-09  7.78090290e+01  8.97089673e-09 
 7.96214341e+01  8.95614189e-09  7.96214341e+01  8.96756751e-09 
 8.14760556e+01  8.95290170e-09  8.14760556e+01  8.96431543e-09 
 8.33738767e+01  8.94973639e-09  8.33738767e+01  8.96113869e-09 
 8.53159038e+01  8.94664422e-09  8.53159038e+01  8.95803551e-09 
 8.73031664e+01  8.94362346e-09  8.73031664e+01  8.95500416e-09 
 8.93367184e+01  8.94067244e-09  8.93367184e+01  8.95204295e-09 
 9.14176379e+01  8.93778955e-09  9.14176379e+01  8.94915024e-09 
 9.35470283e+01  8.93497318e-09  9.35470283e+01  8.94632441e-09 
 9.57260185e+01  8.93222178e-09  9.57260185e+01  8.94356391e-09 
 9.79557639e+01  8.92953384e-09  9.79557639e+01  8.94086720e-09 
 1.00237447e+02  8.92690787e-09  1.00237447e+02  8.93823279e-09 
 1.02572277e+02  8.92434243e-09  1.02572277e+02  8.93565921e-09 
 1.04961492e+02  8.92183610e-09  1.04961492e+02  8.93314505e-09 
 1.07406359e+02  8.91938752e-09  1.07406359e+02  8.93068891e-09 
 1.09908175e+02  8.91699533e-09  1.09908175e+02  8.92828945e-09 
 1.12468265e+02  8.91465823e-09  1.12468265e+02  8.92594533e-09 
 1.15087987e+02  8.91237493e-09  1.15087987e+02  8.92365526e-09 
 1.17768731e+02  8.91014418e-09  1.17768731e+02  8.92141799e-09 
 1.20511917e+02  8.90796476e-09  1.20511917e+02  8.91923228e-09 
 1.23319000e+02  8.90583548e-09  1.23319000e+02  8.91709693e-09 
 1.26191469e+02  8.90375516e-09  1.26191469e+02  8.91501076e-09 
 1.29130846e+02  8.90172269e-09  1.29130846e+02  8.91297264e-09 
 1.32138690e+02  8.89973693e-09  1.32138690e+02  8.91098144e-09 
 1.35216595e+02  8.89779682e-09  1.35216595e+02  8.90903607e-09 
 1.38366194e+02  8.89590130e-09  1.38366194e+02  8.90713547e-09 
 1.41589157e+02  8.89404932e-09  1.41589157e+02  8.90527859e-09 
 1.44887192e+02  8.89223988e-09  1.44887192e+02  8.90346442e-09 
 1.48262048e+02  8.89047200e-09  1.48262048e+02  8.90169197e-09 
 1.51715515e+02  8.88874471e-09  1.51715515e+02  8.89996027e-09 
 1.55249423e+02  8.88705707e-09  1.55249423e+02  8.89826838e-09 
 1.58865647e+02  8.88540817e-09  1.58865647e+02  8.89661536e-09 
 1.62566103e+02  8.88379711e-09  1.62566103e+02  8.89500032e-09 
 1.66352754e+02  8.88222301e-09  1.66352754e+02  8.89342238e-09 
 1.70227608e+02  8.88068503e-09  1.70227608e+02  8.89188068e-09 
 1.74192718e+02  8.87918232e-09  1.74192718e+02  8.89037438e-09 
 1.78250188e+02  8.87771407e-09  1.78250188e+02  8.88890266e-09 
 1.82402168e+02  8.87627949e-09  1.82402168e+02  8.88746472e-09 
 1.86650860e+02  8.87487779e-09  1.86650860e+02  8.88605978e-09 
 1.90998517e+02  8.87350823e-09  1.90998517e+02  8.88468708e-09 
 1.95447444e+02  8.87217005e-09  1.95447444e+02  8.88334586e-09 
 2.00000000e+02  8.87086254e-09  2.00000000e+02  8.88203541e-09 
 2.04658598e+02  8.86958498e-09  2.04658598e+02  8.88075501e-09 
 2.09425710e+02  8.86833669e-09  2.09425710e+02  8.87950397e-09 
 2.14303861e+02  8.86711699e-09  2.14303861e+02  8.87828160e-09 
 2.19295639e+02  8.86592523e-09  2.19295639e+02  8.87708725e-09 
 2.24403691e+02  8.86476075e-09  2.24403691e+02  8.87592028e-09 
 2.29630724e+02  8.86362294e-09  2.29630724e+02  8.87478004e-09 
 2.34979511e+02  8.86251117e-09  2.34979511e+02  8.87366593e-09 
 2.40452887e+02  8.86142486e-09  2.40452887e+02  8.87257734e-09 
 2.46053754e+02  8.86036340e-09  2.46053754e+02  8.87151368e-09 
 2.51785082e+02  8.85932623e-09  2.51785082e+02  8.87047438e-09 
 2.57649910e+02  8.85831280e-09  2.57649910e+02  8.86945887e-09 
 2.63651348e+02  8.85732255e-09  2.63651348e+02  8.86846661e-09 
 2.69792577e+02  8.85635496e-09  2.69792577e+02  8.86749707e-09 
 2.76076853e+02  8.85540949e-09  2.76076853e+02  8.86654971e-09 
 2.82507509e+02  8.85448565e-09  2.82507509e+02  8.86562404e-09 
 2.89087954e+02  8.85358294e-09  2.89087954e+02  8.86471954e-09 
 2.95821678e+02  8.85270087e-09  2.95821678e+02  8.86383574e-09 
 3.02712250e+02  8.85183896e-09  3.02712250e+02  8.86297216e-09 
 3.09763324e+02  8.85099676e-09  3.09763324e+02  8.86212832e-09 
 3.16978638e+02  8.85017381e-09  3.16978638e+02  8.86130379e-09 
 3.24362019e+02  8.84936967e-09  3.24362019e+02  8.86049811e-09 
 3.31917381e+02  8.84858391e-09  3.31917381e+02  8.85971085e-09 
 3.39648730e+02  8.84781610e-09  3.39648730e+02  8.85894158e-09 
 3.47560166e+02  8.84706584e-09  3.47560166e+02  8.85818990e-09 
 3.55655882e+02  8.84633272e-09  3.55655882e+02  8.85745540e-09 
 3.63940172e+02  8.84561634e-09  3.63940172e+02  8.85673769e-09 
 3.72417427e+02  8.84491634e-09  3.72417427e+02  8.85603637e-09 
 3.81092144e+02  8.84423232e-09  3.81092144e+02  8.85535108e-09 
 3.89968920e+02  8.84356392e-09  3.89968920e+02  8.85468145e-09 
 3.99052463e+02  8.84291079e-09  3.99052463e+02  8.85402710e-09 
 4.08347589e+02  8.84227257e-09  4.08347589e+02  8.85338771e-09 
 4.17859226e+02  8.84164893e-09  4.17859226e+02  8.85276291e-09 
 4.27592418e+02  8.84103952e-09  4.27592418e+02  8.85215238e-09 
 4.37552325e+02  8.84044403e-09  4.37552325e+02  8.85155579e-09 
 4.47744228e+02  8.83986213e-09  4.47744228e+02  8.85097282e-09 
 4.58173531e+02  8.83929351e-09  4.58173531e+02  8.85040316e-09 
 4.68845763e+02  8.83873787e-09  4.68845763e+02  8.84984649e-09 
 4.79766584e+02  8.83819492e-09  4.79766584e+02  8.84930253e-09 
 4.90941783e+02  8.83766435e-09  4.90941783e+02  8.84877098e-09 
 5.02377286e+02  8.83714589e-09  5.02377286e+02  8.84825156e-09 
 5.14079157e+02  8.83663926e-09  5.14079157e+02  8.84774398e-09 
 5.26053598e+02  8.83614418e-09  5.26053598e+02  8.84724798e-09 
 5.38306961e+02  8.83566040e-09  5.38306961e+02  8.84676330e-09 
 5.50845741e+02  8.83518766e-09  5.50845741e+02  8.84628966e-09 
 5.63676586e+02  8.83472570e-09  5.63676586e+02  8.84582682e-09 
 5.76806301e+02  8.83427428e-09  5.76806301e+02  8.84537453e-09 
 5.90241845e+02  8.83383315e-09  5.90241845e+02  8.84493255e-09 
 6.03990344e+02  8.83340208e-09  6.03990344e+02  8.84450065e-09 
 6.18059087e+02  8.83298084e-09  6.18059087e+02  8.84407858e-09 
 6.32455532e+02  8.83256920e-09  6.32455532e+02  8.84366612e-09 
 6.47187314e+02  8.83216695e-09  6.47187314e+02  8.84326306e-09 
 6.62262243e+02  8.83177387e-09  6.62262243e+02  8.84286918e-09 
 6.77688312e+02  8.83138975e-09  6.77688312e+02  8.84248427e-09 
 6.93473701e+02  8.83101438e-09  6.93473701e+02  8.84210811e-09 
 7.09626778e+02  8.83064756e-09  7.09626778e+02  8.84174052e-09 
 7.26156110e+02  8.83028911e-09  7.26156110e+02  8.84138129e-09 
 7.43070458e+02  8.82993882e-09  7.43070458e+02  8.84103023e-09 
 7.60378793e+02  8.82959651e-09  7.60378793e+02  8.84068715e-09 
 7.78090290e+02  8.82926200e-09  7.78090290e+02  8.84035188e-09 
 7.96214341e+02  8.82893511e-09  7.96214341e+02  8.84002422e-09 
 8.14760556e+02  8.82861567e-09  8.14760556e+02  8.83970401e-09 
 8.33738767e+02  8.82830350e-09  8.33738767e+02  8.83939108e-09 
 8.53159038e+02  8.82799843e-09  8.53159038e+02  8.83908524e-09 
 8.73031664e+02  8.82770032e-09  8.73031664e+02  8.83878635e-09 
 8.93367184e+02  8.82740898e-09  8.93367184e+02  8.83849425e-09 
 9.14176379e+02  8.82712428e-09  9.14176379e+02  8.83820877e-09 
 9.35470283e+02  8.82684606e-09  9.35470283e+02  8.83792976e-09 
 9.57260185e+02  8.82657417e-09  9.57260185e+02  8.83765707e-09 
 9.79557639e+02  8.82630846e-09  9.79557639e+02  8.83739056e-09 
 1.00237447e+03  8.82604880e-09  1.00237447e+03  8.83713008e-09 
 1.02572277e+03  8.82579504e-09  1.02572277e+03  8.83687550e-09 
 1.04961492e+03  8.82554705e-09  1.04961492e+03  8.83662668e-09 
 1.07406359e+03  8.82530469e-09  1.07406359e+03  8.83638348e-09 
 1.09908175e+03  8.82506785e-09  1.09908175e+03  8.83614577e-09 
 1.12468265e+03  8.82483639e-09  1.12468265e+03  8.83591343e-09 
 1.15087987e+03  8.82461018e-09  1.15087987e+03  8.83568633e-09 
 1.17768731e+03  8.82438911e-09  1.17768731e+03  8.83546434e-09 
 1.20511917e+03  8.82417306e-09  1.20511917e+03  8.83524736e-09 
 1.23319000e+03  8.82396192e-09  1.23319000e+03  8.83503526e-09 
 1.26191469e+03  8.82375556e-09  1.26191469e+03  8.83482792e-09 
 1.29130846e+03  8.82355388e-09  1.29130846e+03  8.83462524e-09 
 1.32138690e+03  8.82335678e-09  1.32138690e+03  8.83442711e-09 
 1.35216595e+03  8.82316415e-09  1.35216595e+03  8.83423341e-09 
 1.38366194e+03  8.82297588e-09  1.38366194e+03  8.83404405e-09 
 1.41589157e+03  8.82279187e-09  1.41589157e+03  8.83385892e-09 
 1.44887192e+03  8.82261203e-09  1.44887192e+03  8.83367792e-09 
 1.48262048e+03  8.82243625e-09  1.48262048e+03  8.83350095e-09 
 1.51715515e+03  8.82226446e-09  1.51715515e+03  8.83332791e-09 
 1.55249423e+03  8.82209654e-09  1.55249423e+03  8.83315872e-09 
 1.58865647e+03  8.82193242e-09  1.58865647e+03  8.83299328e-09 
 1.62566103e+03  8.82177200e-09  1.62566103e+03  8.83283150e-09 
 1.66352754e+03  8.82161520e-09  1.66352754e+03  8.83267329e-09 
 1.70227608e+03  8.82146193e-09  1.70227608e+03  8.83251856e-09 
 1.74192718e+03  8.82131212e-09  1.74192718e+03  8.83236722e-09 
 1.78250188e+03  8.82116567e-09  1.78250188e+03  8.83221921e-09 
 1.82402168e+03  8.82102252e-09  1.82402168e+03  8.83207442e-09 
 1.86650860e+03  8.82088259e-09  1.86650860e+03  8.83193279e-09 
 1.90998517e+03  8.82074579e-09  1.90998517e+03  8.83179423e-09 
 1.95447444e+03  8.82061206e-09  1.95447444e+03  8.83165867e-09 
 2.00000000e+03  8.82048133e-09  2.00000000e+03  8.83152603e-09 
 2.04658598e+03  8.82035352e-09  2.04658598e+03  8.83139623e-09 
 2.09425710e+03  8.82022856e-09  2.09425710e+03  8.83126920e-09 
 2.14303861e+03  8.82010639e-09  2.14303861e+03  8.83114488e-09 
 2.19295639e+03  8.81998694e-09  2.19295639e+03  8.83102319e-09 
 2.24403691e+03  8.81987014e-09  2.24403691e+03  8.83090406e-09 
 2.29630724e+03  8.81975593e-09  2.29630724e+03  8.83078742e-09 
 2.34979511e+03  8.81964426e-09  2.34979511e+03  8.83067320e-09 
 2.40452887e+03  8.81953505e-09  2.40452887e+03  8.83056135e-09 
 2.46053754e+03  8.81942825e-09  2.46053754e+03  8.83045179e-09 
 2.51785082e+03  8.81932380e-09  2.51785082e+03  8.83034446e-09 
 2.57649910e+03  8.81922164e-09  2.57649910e+03  8.83023929e-09 
 2.63651348e+03  8.81912172e-09  2.63651348e+03  8.83013623e-09 
 2.69792577e+03  8.81902397e-09  2.69792577e+03  8.83003521e-09 
 2.76076853e+03  8.81892836e-09  2.76076853e+03  8.82993617e-09 
 2.82507509e+03  8.81883482e-09  2.82507509e+03  8.82983905e-09 
 2.89087954e+03  8.81874330e-09  2.89087954e+03  8.82974379e-09 
 2.95821678e+03  8.81865374e-09  2.95821678e+03  8.82965034e-09 
 3.02712250e+03  8.81856611e-09  3.02712250e+03  8.82955863e-09 
 3.09763324e+03  8.81848035e-09  3.09763324e+03  8.82946860e-09 
 3.16978638e+03  8.81839641e-09  3.16978638e+03  8.82938021e-09 
 3.24362019e+03  8.81831425e-09  3.24362019e+03  8.82929339e-09 
 3.31917381e+03  8.81823381e-09  3.31917381e+03  8.82920808e-09 
 3.39648730e+03  8.81815505e-09  3.39648730e+03  8.82912423e-09 
 3.47560166e+03  8.81807793e-09  3.47560166e+03  8.82904178e-09 
 3.55655882e+03  8.81800240e-09  3.55655882e+03  8.82896068e-09 
 3.63940172e+03  8.81792841e-09  3.63940172e+03  8.82888087e-09 
 3.72417427e+03  8.81785593e-09  3.72417427e+03  8.82880230e-09 
 3.81092144e+03  8.81778491e-09  3.81092144e+03  8.82872491e-09 
 3.89968920e+03  8.81771531e-09  3.89968920e+03  8.82864864e-09 
 3.99052463e+03  8.81764709e-09  3.99052463e+03  8.82857344e-09 
 4.08347589e+03  8.81758020e-09  4.08347589e+03  8.82849926e-09 
 4.17859226e+03  8.81751461e-09  4.17859226e+03  8.82842603e-09 
 4.27592418e+03  8.81745027e-09  4.27592418e+03  8.82835370e-09 
 4.37552325e+03  8.81738714e-09  4.37552325e+03  8.82828222e-09 
 4.47744228e+03  8.81732520e-09  4.47744228e+03  8.82821152e-09 
 4.58173531e+03  8.81726438e-09  4.58173531e+03  8.82814156e-09 
 4.68845763e+03  8.81720467e-09  4.68845763e+03  8.82807226e-09 
 4.79766584e+03  8.81714601e-09  4.79766584e+03  8.82800358e-09 
 4.90941783e+03  8.81708838e-09  4.90941783e+03  8.82793545e-09 
 5.02377286e+03  8.81703173e-09  5.02377286e+03  8.82786782e-09 
 5.14079157e+03  8.81697602e-09  5.14079157e+03  8.82780062e-09 
 5.26053598e+03  8.81692122e-09  5.26053598e+03  8.82773379e-09 
 5.38306961e+03  8.81686729e-09  5.38306961e+03  8.82766726e-09 
 5.50845741e+03  8.81681419e-09  5.50845741e+03  8.82760098e-09 
 5.63676586e+03  8.81676188e-09  5.63676586e+03  8.82753488e-09 
 5.76806301e+03  8.81671033e-09  5.76806301e+03  8.82746888e-09 
 5.90241845e+03  8.81665950e-09  5.90241845e+03  8.82740293e-09 
 6.03990344e+03  8.81660935e-09  6.03990344e+03  8.82733696e-09 
 6.18059087e+03  8.81655985e-09  6.18059087e+03  8.82727088e-09 
 6.32455532e+03  8.81651095e-09  6.32455532e+03  8.82720463e-09 
 6.47187314e+03  8.81646261e-09  6.47187314e+03  8.82713814e-09 
 6.62262243e+03  8.81641480e-09  6.62262243e+03  8.82707133e-09 
 6.77688312e+03  8.81636749e-09  6.77688312e+03  8.82700411e-09 
 6.93473701e+03  8.81632062e-09  6.93473701e+03  8.82693641e-09 
 7.09626778e+03  8.81627416e-09  7.09626778e+03  8.82686814e-09 
 7.26156110e+03  8.81622807e-09  7.26156110e+03  8.82679922e-09 
 7.43070458e+03  8.81618231e-09  7.43070458e+03  8.82672955e-09 
 7.60378793e+03  8.81613684e-09  7.60378793e+03  8.82665905e-09 
 7.78090290e+03  8.81609161e-09  7.78090290e+03  8.82658763e-09 
 7.96214341e+03  8.81604658e-09  7.96214341e+03  8.82651517e-09 
 8.14760556e+03  8.81600171e-09  8.14760556e+03  8.82644159e-09 
 8.33738767e+03  8.81595696e-09  8.33738767e+03  8.82636677e-09 
 8.53159038e+03  8.81591228e-09  8.53159038e+03  8.82629062e-09 
 8.73031664e+03  8.81586762e-09  8.73031664e+03  8.82621301e-09 
 8.93367184e+03  8.81582293e-09  8.93367184e+03  8.82613382e-09 
 9.14176379e+03  8.81577818e-09  9.14176379e+03  8.82605295e-09 
 9.35470283e+03  8.81573330e-09  9.35470283e+03  8.82597026e-09 
 9.57260185e+03  8.81568825e-09  9.57260185e+03  8.82588562e-09 
 9.79557639e+03  8.81564297e-09  9.79557639e+03  8.82579889e-09 
 1.00237447e+04  8.81559741e-09  1.00237447e+04  8.82570995e-09 
 1.02572277e+04  8.81555152e-09  1.02572277e+04  8.82561863e-09 
 1.04961492e+04  8.81550524e-09  1.04961492e+04  8.82552479e-09 
 1.07406359e+04  8.81545851e-09  1.07406359e+04  8.82542827e-09 
 1.09908175e+04  8.81541127e-09  1.09908175e+04  8.82532890e-09 
 1.12468265e+04  8.81536346e-09  1.12468265e+04  8.82522651e-09 
 1.15087987e+04  8.81531501e-09  1.15087987e+04  8.82512093e-09 
 1.17768731e+04  8.81526585e-09  1.17768731e+04  8.82501196e-09 
 1.20511917e+04  8.81521593e-09  1.20511917e+04  8.82489942e-09 
 1.23319000e+04  8.81516516e-09  1.23319000e+04  8.82478310e-09 
 1.26191469e+04  8.81511347e-09  1.26191469e+04  8.82466279e-09 
 1.29130846e+04  8.81506080e-09  1.29130846e+04  8.82453827e-09 
 1.32138690e+04  8.81500705e-09  1.32138690e+04  8.82440931e-09 
 1.35216595e+04  8.81495214e-09  1.35216595e+04  8.82427567e-09 
 1.38366194e+04  8.81489600e-09  1.38366194e+04  8.82413710e-09 
 1.41589157e+04  8.81483853e-09  1.41589157e+04  8.82399335e-09 
 1.44887192e+04  8.81477964e-09  1.44887192e+04  8.82384414e-09 
 1.48262048e+04  8.81471923e-09  1.48262048e+04  8.82368918e-09 
 1.51715515e+04  8.81465721e-09  1.51715515e+04  8.82352818e-09 
 1.55249423e+04  8.81459347e-09  1.55249423e+04  8.82336084e-09 
 1.58865647e+04  8.81452790e-09  1.58865647e+04  8.82318682e-09 
 1.62566103e+04  8.81446040e-09  1.62566103e+04  8.82300580e-09 
 1.66352754e+04  8.81439085e-09  1.66352754e+04  8.82281742e-09 
 1.70227608e+04  8.81431912e-09  1.70227608e+04  8.82262131e-09 
 1.74192718e+04  8.81424509e-09  1.74192718e+04  8.82241709e-09 
 1.78250188e+04  8.81416863e-09  1.78250188e+04  8.82220437e-09 
 1.82402168e+04  8.81408960e-09  1.82402168e+04  8.82198271e-09 
 1.86650860e+04  8.81400787e-09  1.86650860e+04  8.82175169e-09 
 1.90998517e+04  8.81392327e-09  1.90998517e+04  8.82151086e-09 
 1.95447444e+04  8.81383565e-09  1.95447444e+04  8.82125972e-09 
 2.00000000e+04  8.81374486e-09  2.00000000e+04  8.82099780e-09 
