 2.00000000e+01  6.99903327e+01 
 2.24403691e+01  6.98874252e+01 
 2.51785082e+01  6.97609793e+01 
 2.82507509e+01  6.96066507e+01 
 3.16978638e+01  6.94196932e+01 
 3.55655882e+01  6.91951055e+01 
 3.99052463e+01  6.89278528e+01 
 4.47744228e+01  6.86131563e+01 
 5.02377286e+01  6.82468313e+01 
 5.63676586e+01  6.78256332e+01 
 6.32455532e+01  6.73475569e+01 
 7.09626778e+01  6.68120359e+01 
 7.96214341e+01  6.62200015e+01 
 8.93367184e+01  6.55737878e+01 
 1.00237447e+02  6.48769050e+01 
 1.12468265e+02  6.41337235e+01 
 1.26191469e+02  6.33491264e+01 
 1.41589157e+02  6.25281808e+01 
 1.58865647e+02  6.16758636e+01 
 1.78250188e+02  6.07968592e+01 
 2.00000000e+02  5.98954311e+01 
 2.24403691e+02  5.89753564e+01 
 2.51785082e+02  5.80399092e+01 
 2.82507509e+02  5.70918791e+01 
 3.16978638e+02  5.61336096e+01 
 3.55655882e+02  5.51670474e+01 
 3.99052463e+02  5.41937952e+01 
 4.47744228e+02  5.32151629e+01 
 5.02377286e+02  5.22322152e+01 
 5.63676586e+02  5.12458132e+01 
 6.32455532e+02  5.02566514e+01 
 7.09626778e+02  4.92652878e+01 
 7.96214341e+02  4.82721705e+01 
 8.93367184e+02  4.72776583e+01 
 1.00237447e+03  4.62820386e+01 
 1.12468265e+03  4.52855416e+01 
 1.26191469e+03  4.42883520e+01 
 1.41589157e+03  4.32906181e+01 
 1.58865647e+03  4.22924599e+01 
 1.78250188e+03  4.12939749e+01 
 2.00000000e+03  4.02952436e+01 
 2.24403691e+03  3.92963333e+01 
 2.51785082e+03  3.82973018e+01 
 2.82507509e+03  3.72982008e+01 
 3.16978638e+03  3.62990779e+01 
 3.55655882e+03  3.52999799e+01 
 3.99052463e+03  3.43009546e+01 
 4.47744228e+03  3.33020539e+01 
 5.02377286e+03  3.23033363e+01 
 5.63676586e+03  3.13048697e+01 
 6.32455532e+03  3.03067356e+01 
 7.09626778e+03  2.93090327e+01 
 7.96214341e+03  2.83118826e+01 
 8.93367184e+03  2.73154357e+01 
 1.00237447e+04  2.63198792e+01 
 1.12468265e+04  2.53254465e+01 
 1.26191469e+04  2.43324289e+01 
 1.41589157e+04  2.33411902e+01 
 1.58865647e+04  2.23521842e+01 
 1.78250188e+04  2.13659762e+01 
 2.00000000e+04  2.03832690e+01 
 2.24403691e+04  1.94049339e+01 
 2.51785082e+04  1.84320470e+01 
 2.82507509e+04  1.74659309e+01 
 3.16978638e+04  1.65082015e+01 
 3.55655882e+04  1.55608183e+01 
 3.99052463e+04  1.46261351e+01 
 4.47744228e+04  1.37069458e+01 
 5.02377286e+04  1.28065181e+01 
 5.63676586e+04  1.19286042e+01 
 6.32455532e+04  1.10774144e+01 
 7.09626778e+04  1.02575381e+01 
 7.96214341e+04  9.47379891e+00 
 8.93367184e+04  8.73103379e+00 
 1.00237447e+05  8.03379954e+00 
 1.12468265e+05  7.38602589e+00 
 1.26191469e+05  6.79065281e+00 
 1.41589157e+05  6.24930428e+00 
 1.58865647e+05  5.76205359e+00 
 1.78250188e+05  5.32732248e+00 
 2.00000000e+05  4.94193033e+00 
