 2.00000000e+01  1.27053516e-08  2.00000000e+01  8.96091736e-09 
 2.09425710e+01  1.26681557e-08  2.09425710e+01  8.93444539e-09 
 2.19295639e+01  1.26326165e-08  2.19295639e+01  8.90916408e-09 
 2.29630724e+01  1.25986611e-08  2.29630724e+01  8.88501992e-09 
 2.40452887e+01  1.25662196e-08  2.40452887e+01  8.86196176e-09 
 2.51785082e+01  1.25352253e-08  2.51785082e+01  8.83994077e-09 
 2.63651348e+01  1.25056142e-08  2.63651348e+01  8.81891033e-09 
 2.76076853e+01  1.24773252e-08  2.76076853e+01  8.79882590e-09 
 2.89087954e+01  1.24502997e-08  2.89087954e+01  8.77964494e-09 
 3.02712250e+01  1.24244818e-08  3.02712250e+01  8.76132682e-09 
 3.16978638e+01  1.23998180e-08  3.16978638e+01  8.74383276e-09 
 3.31917381e+01  1.23762569e-08  3.31917381e+01  8.72712569e-09 
 3.47560166e+01  1.23537497e-08  3.47560166e+01  8.71117024e-09 
 3.63940172e+01  1.23322496e-08  3.63940172e+01  8.69593261e-09 
 3.81092144e+01  1.23117117e-08  3.81092144e+01  8.68138052e-09 
 3.99052463e+01  1.22920933e-08  3.99052463e+01  8.66748314e-09 
 4.17859226e+01  1.22733535e-08  4.17859226e+01  8.65421104e-09 
 4.37552325e+01  1.22554530e-08  4.37552325e+01  8.64153609e-09 
 4.58173531e+01  1.22383546e-08  4.58173531e+01  8.62943145e-09 
 4.79766584e+01  1.22220224e-08  4.79766584e+01  8.61787146e-09 
 5.02377286e+01  1.22064222e-08  5.02377286e+01  8.60683163e-09 
 5.26053598e+01  1.21915215e-08  5.26053598e+01  8.59628856e-09 
 5.50845741e+01  1.21772889e-08  5.50845741e+01  8.58621992e-09 
 5.76806301e+01  1.21636947e-08  5.76806301e+01  8.57660436e-09 
 6.03990344e+01  1.21507103e-08  6.03990344e+01  8.56742150e-09 
 6.32455532e+01  1.21383085e-08  6.32455532e+01  8.55865187e-09 
 6.62262243e+01  1.21264631e-08  6.62262243e+01  8.55027690e-09 
 6.93473701e+01  1.21151494e-08  6.93473701e+01  8.54227881e-09 
 7.26156110e+01  1.21043435e-08  7.26156110e+01  8.53464066e-09 
 7.60378793e+01  1.20940227e-08  7.60378793e+01  8.52734626e-09 
 7.96214341e+01  1.20841652e-08  7.96214341e+01  8.52038013e-09 
 8.33738767e+01  1.20747504e-08  8.33738767e+01  8.51372751e-09 
 8.73031664e+01  1.20657584e-08  8.73031664e+01  8.50737429e-09 
 9.14176379e+01  1.20571703e-08  9.14176379e+01  8.50130700e-09 
 9.57260185e+01  1.20489679e-08  9.57260185e+01  8.49551276e-09 
 1.00237447e+02  1.20411340e-08  1.00237447e+02  8.48997930e-09 
 1.04961492e+02  1.20336520e-08  1.04961492e+02  8.48469489e-09 
 1.09908175e+02  1.20265062e-08  1.09908175e+02  8.47964830e-09 
 1.15087987e+02  1.20196815e-08  1.15087987e+02  8.47482884e-09 
 1.20511917e+02  1.20131634e-08  1.20511917e+02  8.47022629e-09 
 1.26191469e+02  1.20069383e-08  1.26191469e+02  8.46583089e-09 
 1.32138690e+02  1.20009929e-08  1.32138690e+02  8.46163331e-09 
 1.38366194e+02  1.19953147e-08  1.38366194e+02  8.45762465e-09 
 1.44887192e+02  1.19898918e-08  1.44887192e+02  8.45379641e-09 
 1.51715515e+02  1.19847126e-08  1.51715515e+02  8.45014047e-09 
 1.58865647e+02  1.19797663e-08  1.58865647e+02  8.44664907e-09 
 1.66352754e+02  1.19750423e-08  1.66352754e+02  8.44331481e-09 
 1.74192718e+02  1.19705307e-08  1.74192718e+02  8.44013062e-09 
 1.82402168e+02  1.19662219e-08  1.82402168e+02  8.43708974e-09 
 1.90998517e+02  1.19621068e-08  1.90998517e+02  8.43418572e-09 
 2.00000000e+02  1.19581767e-08  2.00000000e+02  8.43141241e-09 
 2.09425710e+02  1.19544233e-08  2.09425710e+02  8.42876391e-09 
 2.19295639e+02  1.19508387e-08  2.19295639e+02  8.42623462e-09 
 2.29630724e+02  1.19474153e-08  2.29630724e+02  8.42381917e-09 
 2.40452887e+02  1.19441457e-08  2.40452887e+02  8.42151243e-09 
 2.51785082e+02  1.19410232e-08  2.51785082e+02  8.41930951e-09 
 2.63651348e+02  1.19380411e-08  2.63651348e+02  8.41720574e-09 
 2.76076853e+02  1.19351930e-08  2.76076853e+02  8.41519665e-09 
 2.89087954e+02  1.19324730e-08  2.89087954e+02  8.41327799e-09 
 3.02712250e+02  1.19298752e-08  3.02712250e+02  8.41144569e-09 
 3.16978638e+02  1.19273943e-08  3.16978638e+02  8.40969585e-09 
 3.31917381e+02  1.19250248e-08  3.31917381e+02  8.40802477e-09 
 3.47560166e+02  1.19227619e-08  3.47560166e+02  8.40642890e-09 
 3.63940172e+02  1.19206007e-08  3.63940172e+02  8.40490485e-09 
 3.81092144e+02  1.19185365e-08  3.81092144e+02  8.40344940e-09 
 3.99052463e+02  1.19165651e-08  3.99052463e+02  8.40205946e-09 
 4.17859226e+02  1.19146823e-08  4.17859226e+02  8.40073207e-09 
 4.37552325e+02  1.19128841e-08  4.37552325e+02  8.39946443e-09 
 4.58173531e+02  1.19111666e-08  4.58173531e+02  8.39825384e-09 
 4.79766584e+02  1.19095261e-08  4.79766584e+02  8.39709774e-09 
 5.02377286e+02  1.19079594e-08  5.02377286e+02  8.39599367e-09 
 5.26053598e+02  1.19064629e-08  5.26053598e+02  8.39493930e-09 
 5.50845741e+02  1.19050335e-08  5.50845741e+02  8.39393237e-09 
 5.76806301e+02  1.19036681e-08  5.76806301e+02  8.39297077e-09 
 6.03990344e+02  1.19023640e-08  6.03990344e+02  8.39205245e-09 
 6.32455532e+02  1.19011182e-08  6.32455532e+02  8.39117546e-09 
 6.62262243e+02  1.18999281e-08  6.62262243e+02  8.39033794e-09 
 6.93473701e+02  1.18987913e-08  6.93473701e+02  8.38953812e-09 
 7.26156110e+02  1.18977052e-08  7.26156110e+02  8.38877429e-09 
 7.60378793e+02  1.18966675e-08  7.60378793e+02  8.38804485e-09 
 7.96214341e+02  1.18956761e-08  7.96214341e+02  8.38734823e-09 
 8.33738767e+02  1.18947287e-08  8.33738767e+02  8.38668297e-09 
 8.73031664e+02  1.18938235e-08  8.73031664e+02  8.38604765e-09 
 9.14176379e+02  1.18929583e-08  9.14176379e+02  8.38544093e-09 
 9.57260185e+02  1.18921314e-08  9.57260185e+02  8.38486152e-09 
 1.00237447e+03  1.18913409e-08  1.00237447e+03  8.38430818e-09 
 1.04961492e+03  1.18905853e-08  1.04961492e+03  8.38377975e-09 
 1.09908175e+03  1.18898627e-08  1.09908175e+03  8.38327510e-09 
 1.15087987e+03  1.18891716e-08  1.15087987e+03  8.38279317e-09 
 1.20511917e+03  1.18885106e-08  1.20511917e+03  8.38233293e-09 
 1.26191469e+03  1.18878782e-08  1.26191469e+03  8.38189341e-09 
 1.32138690e+03  1.18872729e-08  1.32138690e+03  8.38147367e-09 
 1.38366194e+03  1.18866934e-08  1.38366194e+03  8.38107283e-09 
 1.44887192e+03  1.18861385e-08  1.44887192e+03  8.38069003e-09 
 1.51715515e+03  1.18856068e-08  1.51715515e+03  8.38032446e-09 
 1.58865647e+03  1.18850972e-08  1.58865647e+03  8.37997534e-09 
 1.66352754e+03  1.18846084e-08  1.66352754e+03  8.37964195e-09 
 1.74192718e+03  1.18841394e-08  1.74192718e+03  8.37932356e-09 
 1.82402168e+03  1.18836891e-08  1.82402168e+03  8.37901951e-09 
 1.90998517e+03  1.18832563e-08  1.90998517e+03  8.37872914e-09 
 2.00000000e+03  1.18828400e-08  2.00000000e+03  8.37845185e-09 
 2.09425710e+03  1.18824392e-08  2.09425710e+03  8.37818704e-09 
 2.19295639e+03  1.18820529e-08  2.19295639e+03  8.37793416e-09 
 2.29630724e+03  1.18816800e-08  2.29630724e+03  8.37769267e-09 
 2.40452887e+03  1.18813197e-08  2.40452887e+03  8.37746205e-09 
 2.51785082e+03  1.18809709e-08  2.51785082e+03  8.37724182e-09 
 2.63651348e+03  1.18806326e-08  2.63651348e+03  8.37703151e-09 
 2.76076853e+03  1.18803039e-08  2.76076853e+03  8.37683067e-09 
 2.89087954e+03  1.18799838e-08  2.89087954e+03  8.37663888e-09 
 3.02712250e+03  1.18796713e-08  3.02712250e+03  8.37645574e-09 
 3.16978638e+03  1.18793654e-08  3.16978638e+03  8.37628085e-09 
 3.31917381e+03  1.18790652e-08  3.31917381e+03  8.37611385e-09 
 3.47560166e+03  1.18787695e-08  3.47560166e+03  8.37595437e-09 
 3.63940172e+03  1.18784773e-08  3.63940172e+03  8.37580209e-09 
 3.81092144e+03  1.18781875e-08  3.81092144e+03  8.37565669e-09 
 3.99052463e+03  1.18778989e-08  3.99052463e+03  8.37551784e-09 
 4.17859226e+03  1.18776104e-08  4.17859226e+03  8.37538527e-09 
 4.37552325e+03  1.18773207e-08  4.37552325e+03  8.37525868e-09 
 4.58173531e+03  1.18770285e-08  4.58173531e+03  8.37513782e-09 
 4.79766584e+03  1.18767324e-08  4.79766584e+03  8.37502243e-09 
 5.02377286e+03  1.18764309e-08  5.02377286e+03  8.37491226e-09 
 5.26053598e+03  1.18761226e-08  5.26053598e+03  8.37480709e-09 
 5.50845741e+03  1.18758056e-08  5.50845741e+03  8.37470668e-09 
 5.76806301e+03  1.18754783e-08  5.76806301e+03  8.37461083e-09 
 6.03990344e+03  1.18751387e-08  6.03990344e+03  8.37451935e-09 
 6.32455532e+03  1.18747848e-08  6.32455532e+03  8.37443203e-09 
 6.62262243e+03  1.18744144e-08  6.62262243e+03  8.37434869e-09 
 6.93473701e+03  1.18740250e-08  6.93473701e+03  8.37426917e-09 
 7.26156110e+03  1.18736142e-08  7.26156110e+03  8.37419329e-09 
 7.60378793e+03  1.18731792e-08  7.60378793e+03  8.37412090e-09 
 7.96214341e+03  1.18727168e-08  7.96214341e+03  8.37405185e-09 
 8.33738767e+03  1.18722239e-08  8.33738767e+03  8.37398599e-09 
 8.73031664e+03  1.18716969e-08  8.73031664e+03  8.37392320e-09 
 9.14176379e+03  1.18711318e-08  9.14176379e+03  8.37386333e-09 
 9.57260185e+03  1.18705245e-08  9.57260185e+03  8.37380628e-09 
 1.00237447e+04  1.18698704e-08  1.00237447e+04  8.37375193e-09 
 1.04961492e+04  1.18691644e-08  1.04961492e+04  8.37370017e-09 
 1.09908175e+04  1.18684011e-08  1.09908175e+04  8.37365090e-09 
 1.15087987e+04  1.18675745e-08  1.15087987e+04  8.37360402e-09 
 1.20511917e+04  1.18666781e-08  1.20511917e+04  8.37355945e-09 
 1.26191469e+04  1.18657048e-08  1.26191469e+04  8.37351709e-09 
 1.32138690e+04  1.18646468e-08  1.32138690e+04  8.37347689e-09 
 1.38366194e+04  1.18634956e-08  1.38366194e+04  8.37343875e-09 
 1.44887192e+04  1.18622419e-08  1.44887192e+04  8.37340263e-09 
 1.51715515e+04  1.18608756e-08  1.51715515e+04  8.37336846e-09 
 1.58865647e+04  1.18593856e-08  1.58865647e+04  8.37333620e-09 
 1.66352754e+04  1.18577598e-08  1.66352754e+04  8.37330579e-09 
 1.74192718e+04  1.18559850e-08  1.74192718e+04  8.37327720e-09 
 1.82402168e+04  1.18540467e-08  1.82402168e+04  8.37325041e-09 
 1.90998517e+04  1.18519292e-08  1.90998517e+04  8.37322539e-09 
 2.00000000e+04  1.18496152e-08  2.00000000e+04  8.37320212e-09 
