 2.00000000e+01  3.21363184e-08  2.00000000e+01  1.02352591e-08 
 2.09425710e+01  3.20678440e-08  2.09425710e+01  1.02131778e-08 
 2.19295639e+01  3.20023117e-08  2.19295639e+01  1.01920585e-08 
 2.29630724e+01  3.19396008e-08  2.29630724e+01  1.01718606e-08 
 2.40452887e+01  3.18795954e-08  2.40452887e+01  1.01525449e-08 
 2.51785082e+01  3.18221837e-08  2.51785082e+01  1.01340739e-08 
 2.63651348e+01  3.17672581e-08  2.63651348e+01  1.01164118e-08 
 2.76076853e+01  3.17147150e-08  2.76076853e+01  1.00995238e-08 
 2.89087954e+01  3.16644550e-08  2.89087954e+01  1.00833771e-08 
 3.02712250e+01  3.16163822e-08  3.02712250e+01  1.00679396e-08 
 3.16978638e+01  3.15704047e-08  3.16978638e+01  1.00531811e-08 
 3.31917381e+01  3.15264341e-08  3.31917381e+01  1.00390722e-08 
 3.47560166e+01  3.14843854e-08  3.47560166e+01  1.00255850e-08 
 3.63940172e+01  3.14441770e-08  3.63940172e+01  1.00126926e-08 
 3.81092144e+01  3.14057307e-08  3.81092144e+01  1.00003693e-08 
 3.99052463e+01  3.13689712e-08  3.99052463e+01  9.98859039e-09 
 4.17859226e+01  3.13338264e-08  4.17859226e+01  9.97733227e-09 
 4.37552325e+01  3.13002270e-08  4.37552325e+01  9.96657230e-09 
 4.58173531e+01  3.12681068e-08  4.58173531e+01  9.95628879e-09 
 4.79766584e+01  3.12374019e-08  4.79766584e+01  9.94646097e-09 
 5.02377286e+01  3.12080513e-08  5.02377286e+01  9.93706893e-09 
 5.26053598e+01  3.11799964e-08  5.26053598e+01  9.92809364e-09 
 5.50845741e+01  3.11531812e-08  5.50845741e+01  9.91951684e-09 
 5.76806301e+01  3.11275518e-08  5.76806301e+01  9.91132108e-09 
 6.03990344e+01  3.11030568e-08  6.03990344e+01  9.90348964e-09 
 6.32455532e+01  3.10796466e-08  6.32455532e+01  9.89600652e-09 
 6.62262243e+01  3.10572741e-08  6.62262243e+01  9.88885639e-09 
 6.93473701e+01  3.10358939e-08  6.93473701e+01  9.88202460e-09 
 7.26156110e+01  3.10154626e-08  7.26156110e+01  9.87549713e-09 
 7.60378793e+01  3.09959387e-08  7.60378793e+01  9.86926055e-09 
 7.96214341e+01  3.09772824e-08  7.96214341e+01  9.86330202e-09 
 8.33738767e+01  3.09594556e-08  8.33738767e+01  9.85760926e-09 
 8.73031664e+01  3.09424218e-08  8.73031664e+01  9.85217052e-09 
 9.14176379e+01  3.09261462e-08  9.14176379e+01  9.84697456e-09 
 9.57260185e+01  3.09105954e-08  9.57260185e+01  9.84201061e-09 
 1.00237447e+02  3.08957374e-08  1.00237447e+02  9.83726841e-09 
 1.04961492e+02  3.08815417e-08  1.04961492e+02  9.83273812e-09 
 1.09908175e+02  3.08679789e-08  1.09908175e+02  9.82841033e-09 
 1.15087987e+02  3.08550211e-08  1.15087987e+02  9.82427605e-09 
 1.20511917e+02  3.08426415e-08  1.20511917e+02  9.82032668e-09 
 1.26191469e+02  3.08308146e-08  1.26191469e+02  9.81655400e-09 
 1.32138690e+02  3.08195158e-08  1.32138690e+02  9.81295016e-09 
 1.38366194e+02  3.08087216e-08  1.38366194e+02  9.80950763e-09 
 1.44887192e+02  3.07984097e-08  1.44887192e+02  9.80621924e-09 
 1.51715515e+02  3.07885587e-08  1.51715515e+02  9.80307811e-09 
 1.58865647e+02  3.07791481e-08  1.58865647e+02  9.80007769e-09 
 1.66352754e+02  3.07701582e-08  1.66352754e+02  9.79721170e-09 
 1.74192718e+02  3.07615703e-08  1.74192718e+02  9.79447414e-09 
 1.82402168e+02  3.07533666e-08  1.82402168e+02  9.79185928e-09 
 1.90998517e+02  3.07455298e-08  1.90998517e+02  9.78936165e-09 
 2.00000000e+02  3.07380436e-08  2.00000000e+02  9.78697601e-09 
 2.09425710e+02  3.07308924e-08  2.09425710e+02  9.78469735e-09 
 2.19295639e+02  3.07240612e-08  2.19295639e+02  9.78252090e-09 
 2.29630724e+02  3.07175357e-08  2.29630724e+02  9.78044209e-09 
 2.40452887e+02  3.07113021e-08  2.40452887e+02  9.77845654e-09 
 2.51785082e+02  3.07053475e-08  2.51785082e+02  9.77656010e-09 
 2.63651348e+02  3.06996592e-08  2.63651348e+02  9.77474876e-09 
 2.76076853e+02  3.06942254e-08  2.76076853e+02  9.77301873e-09 
 2.89087954e+02  3.06890347e-08  2.89087954e+02  9.77136637e-09 
 3.02712250e+02  3.06840759e-08  3.02712250e+02  9.76978819e-09 
 3.16978638e+02  3.06793389e-08  3.16978638e+02  9.76828088e-09 
 3.31917381e+02  3.06748134e-08  3.31917381e+02  9.76684125e-09 
 3.47560166e+02  3.06704901e-08  3.47560166e+02  9.76546629e-09 
 3.63940172e+02  3.06663597e-08  3.63940172e+02  9.76415309e-09 
 3.81092144e+02  3.06624135e-08  3.81092144e+02  9.76289888e-09 
 3.99052463e+02  3.06586431e-08  3.99052463e+02  9.76170102e-09 
 4.17859226e+02  3.06550405e-08  4.17859226e+02  9.76055698e-09 
 4.37552325e+02  3.06515981e-08  4.37552325e+02  9.75946435e-09 
 4.58173531e+02  3.06483086e-08  4.58173531e+02  9.75842083e-09 
 4.79766584e+02  3.06451648e-08  4.79766584e+02  9.75742421e-09 
 5.02377286e+02  3.06421602e-08  5.02377286e+02  9.75647240e-09 
 5.26053598e+02  3.06392882e-08  5.26053598e+02  9.75556337e-09 
 5.50845741e+02  3.06365427e-08  5.50845741e+02  9.75469521e-09 
 5.76806301e+02  3.06339178e-08  5.76806301e+02  9.75386610e-09 
 6.03990344e+02  3.06314078e-08  6.03990344e+02  9.75307427e-09 
 6.32455532e+02  3.06290072e-08  6.32455532e+02  9.75231805e-09 
 6.62262243e+02  3.06267108e-08  6.62262243e+02  9.75159586e-09 
 6.93473701e+02  3.06245136e-08  6.93473701e+02  9.75090615e-09 
 7.26156110e+02  3.06224108e-08  7.26156110e+02  9.75024749e-09 
 7.60378793e+02  3.06203976e-08  7.60378793e+02  9.74961846e-09 
 7.96214341e+02  3.06184697e-08  7.96214341e+02  9.74901775e-09 
 8.33738767e+02  3.06166225e-08  8.33738767e+02  9.74844409e-09 
 8.73031664e+02  3.06148521e-08  8.73031664e+02  9.74789626e-09 
 9.14176379e+02  3.06131542e-08  9.14176379e+02  9.74737311e-09 
 9.57260185e+02  3.06115251e-08  9.57260185e+02  9.74687354e-09 
 1.00237447e+03  3.06099608e-08  1.00237447e+03  9.74639648e-09 
 1.04961492e+03  3.06084576e-08  1.04961492e+03  9.74594093e-09 
 1.09908175e+03  3.06070118e-08  1.09908175e+03  9.74550593e-09 
 1.15087987e+03  3.06056201e-08  1.15087987e+03  9.74509056e-09 
 1.20511917e+03  3.06042788e-08  1.20511917e+03  9.74469395e-09 
 1.26191469e+03  3.06029844e-08  1.26191469e+03  9.74431525e-09 
 1.32138690e+03  3.06017337e-08  1.32138690e+03  9.74395368e-09 
 1.38366194e+03  3.06005232e-08  1.38366194e+03  9.74360847e-09 
 1.44887192e+03  3.05993497e-08  1.44887192e+03  9.74327889e-09 
 1.51715515e+03  3.05982096e-08  1.51715515e+03  9.74296425e-09 
 1.58865647e+03  3.05970998e-08  1.58865647e+03  9.74266390e-09 
 1.66352754e+03  3.05960167e-08  1.66352754e+03  9.74237719e-09 
 1.74192718e+03  3.05949569e-08  1.74192718e+03  9.74210354e-09 
 1.82402168e+03  3.05939171e-08  1.82402168e+03  9.74184236e-09 
 1.90998517e+03  3.05928935e-08  1.90998517e+03  9.74159311e-09 
 2.00000000e+03  3.05918825e-08  2.00000000e+03  9.74135528e-09 
 2.09425710e+03  3.05908803e-08  2.09425710e+03  9.74112836e-09 
 2.19295639e+03  3.05898830e-08  2.19295639e+03  9.74091190e-09 
 2.29630724e+03  3.05888865e-08  2.29630724e+03  9.74070544e-09 
 2.40452887e+03  3.05878866e-08  2.40452887e+03  9.74050856e-09 
 2.51785082e+03  3.05868786e-08  2.51785082e+03  9.74032085e-09 
 2.63651348e+03  3.05858579e-08  2.63651348e+03  9.74014194e-09 
 2.76076853e+03  3.05848194e-08  2.76076853e+03  9.73997145e-09 
 2.89087954e+03  3.05837578e-08  2.89087954e+03  9.73980906e-09 
 3.02712250e+03  3.05826674e-08  3.02712250e+03  9.73965443e-09 
 3.16978638e+03  3.05815422e-08  3.16978638e+03  9.73950726e-09 
 3.31917381e+03  3.05803755e-08  3.31917381e+03  9.73936726e-09 
 3.47560166e+03  3.05791605e-08  3.47560166e+03  9.73923417e-09 
 3.63940172e+03  3.05778895e-08  3.63940172e+03  9.73910773e-09 
 3.81092144e+03  3.05765545e-08  3.81092144e+03  9.73898770e-09 
 3.99052463e+03  3.05751466e-08  3.99052463e+03  9.73887387e-09 
 4.17859226e+03  3.05736563e-08  4.17859226e+03  9.73876604e-09 
 4.37552325e+03  3.05720733e-08  4.37552325e+03  9.73866401e-09 
 4.58173531e+03  3.05703864e-08  4.58173531e+03  9.73856763e-09 
 4.79766584e+03  3.05685834e-08  4.79766584e+03  9.73847673e-09 
 5.02377286e+03  3.05666511e-08  5.02377286e+03  9.73839118e-09 
 5.26053598e+03  3.05645750e-08  5.26053598e+03  9.73831087e-09 
 5.50845741e+03  3.05623395e-08  5.50845741e+03  9.73823569e-09 
 5.76806301e+03  3.05599273e-08  5.76806301e+03  9.73816555e-09 
 6.03990344e+03  3.05573200e-08  6.03990344e+03  9.73810040e-09 
 6.32455532e+03  3.05544969e-08  6.32455532e+03  9.73804017e-09 
 6.62262243e+03  3.05514360e-08  6.62262243e+03  9.73798485e-09 
 6.93473701e+03  3.05481128e-08  6.93473701e+03  9.73793442e-09 
 7.26156110e+03  3.05445008e-08  7.26156110e+03  9.73788890e-09 
 7.60378793e+03  3.05405711e-08  7.60378793e+03  9.73784831e-09 
 7.96214341e+03  3.05362918e-08  7.96214341e+03  9.73781272e-09 
 8.33738767e+03  3.05316285e-08  8.33738767e+03  9.73778221e-09 
 8.73031664e+03  3.05265431e-08  8.73031664e+03  9.73775688e-09 
 9.14176379e+03  3.05209944e-08  9.14176379e+03  9.73773687e-09 
 9.57260185e+03  3.05149370e-08  9.57260185e+03  9.73772233e-09 
 1.00237447e+04  3.05083216e-08  1.00237447e+04  9.73771348e-09 
 1.04961492e+04  3.05010942e-08  1.04961492e+04  9.73771052e-09 
 1.09908175e+04  3.04931957e-08  1.09908175e+04  9.73771374e-09 
 1.15087987e+04  3.04845617e-08  1.15087987e+04  9.73772344e-09 
 1.20511917e+04  3.04751218e-08  1.20511917e+04  9.73773995e-09 
 1.26191469e+04  3.04647991e-08  1.26191469e+04  9.73776369e-09 
 1.32138690e+04  3.04535097e-08  1.32138690e+04  9.73779508e-09 
 1.38366194e+04  3.04411621e-08  1.38366194e+04  9.73783463e-09 
 1.44887192e+04  3.04276564e-08  1.44887192e+04  9.73788289e-09 
 1.51715515e+04  3.04128837e-08  1.51715515e+04  9.73794048e-09 
 1.58865647e+04  3.03967253e-08  1.58865647e+04  9.73800809e-09 
 1.66352754e+04  3.03790522e-08  1.66352754e+04  9.73808650e-09 
 1.74192718e+04  3.03597235e-08  1.74192718e+04  9.73817654e-09 
 1.82402168e+04  3.03385862e-08  1.82402168e+04  9.73827915e-09 
 1.90998517e+04  3.03154742e-08  1.90998517e+04  9.73839538e-09 
 2.00000000e+04  3.02902066e-08  2.00000000e+04  9.73852637e-09 
