 1.00000000e+00  6.80537169e+01  1.00000000e+00  1.79451772e+02 
 1.02329299e+00  6.80535431e+01  1.02329299e+00  1.79441208e+02 
 1.04712855e+00  6.80533733e+01  1.04712855e+00  1.79430384e+02 
 1.07151931e+00  6.80532073e+01  1.07151931e+00  1.79419295e+02 
 1.09647820e+00  6.80530452e+01  1.09647820e+00  1.79407932e+02 
 1.12201845e+00  6.80528867e+01  1.12201845e+00  1.79396288e+02 
 1.14815362e+00  6.80527319e+01  1.14815362e+00  1.79384355e+02 
 1.17489755e+00  6.80525806e+01  1.17489755e+00  1.79372126e+02 
 1.20226443e+00  6.80524327e+01  1.20226443e+00  1.79359592e+02 
 1.23026877e+00  6.80522882e+01  1.23026877e+00  1.79346745e+02 
 1.25892541e+00  6.80521468e+01  1.25892541e+00  1.79333578e+02 
 1.28824955e+00  6.80520086e+01  1.28824955e+00  1.79320083e+02 
 1.31825674e+00  6.80518733e+01  1.31825674e+00  1.79306250e+02 
 1.34896288e+00  6.80517409e+01  1.34896288e+00  1.79292071e+02 
 1.38038426e+00  6.80516111e+01  1.38038426e+00  1.79277538e+02 
 1.41253754e+00  6.80514839e+01  1.41253754e+00  1.79262642e+02 
 1.44543977e+00  6.80513592e+01  1.44543977e+00  1.79247374e+02 
 1.47910839e+00  6.80512367e+01  1.47910839e+00  1.79231725e+02 
 1.51356125e+00  6.80511163e+01  1.51356125e+00  1.79215685e+02 
 1.54881662e+00  6.80509979e+01  1.54881662e+00  1.79199245e+02 
 1.58489319e+00  6.80508813e+01  1.58489319e+00  1.79182396e+02 
 1.62181010e+00  6.80507664e+01  1.62181010e+00  1.79165128e+02 
 1.65958691e+00  6.80506529e+01  1.65958691e+00  1.79147431e+02 
 1.69824365e+00  6.80505408e+01  1.69824365e+00  1.79129294e+02 
 1.73780083e+00  6.80504298e+01  1.73780083e+00  1.79110707e+02 
 1.77827941e+00  6.80503198e+01  1.77827941e+00  1.79091661e+02 
 1.81970086e+00  6.80502106e+01  1.81970086e+00  1.79072144e+02 
 1.86208714e+00  6.80501021e+01  1.86208714e+00  1.79052144e+02 
 1.90546072e+00  6.80499940e+01  1.90546072e+00  1.79031652e+02 
 1.94984460e+00  6.80498861e+01  1.94984460e+00  1.79010655e+02 
 1.99526231e+00  6.80497784e+01  1.99526231e+00  1.78989142e+02 
 2.04173794e+00  6.80496705e+01  2.04173794e+00  1.78967101e+02 
 2.08929613e+00  6.80495624e+01  2.08929613e+00  1.78944520e+02 
 2.13796209e+00  6.80494538e+01  2.13796209e+00  1.78921386e+02 
 2.18776162e+00  6.80493444e+01  2.18776162e+00  1.78897687e+02 
 2.23872114e+00  6.80492342e+01  2.23872114e+00  1.78873410e+02 
 2.29086765e+00  6.80491229e+01  2.29086765e+00  1.78848541e+02 
 2.34422882e+00  6.80490102e+01  2.34422882e+00  1.78823067e+02 
 2.39883292e+00  6.80488961e+01  2.39883292e+00  1.78796974e+02 
 2.45470892e+00  6.80487801e+01  2.45470892e+00  1.78770249e+02 
 2.51188643e+00  6.80486622e+01  2.51188643e+00  1.78742875e+02 
 2.57039578e+00  6.80485421e+01  2.57039578e+00  1.78714840e+02 
 2.63026799e+00  6.80484195e+01  2.63026799e+00  1.78686127e+02 
 2.69153480e+00  6.80482942e+01  2.69153480e+00  1.78656722e+02 
 2.75422870e+00  6.80481659e+01  2.75422870e+00  1.78626608e+02 
 2.81838293e+00  6.80480344e+01  2.81838293e+00  1.78595769e+02 
 2.88403150e+00  6.80478994e+01  2.88403150e+00  1.78564188e+02 
 2.95120923e+00  6.80477607e+01  2.95120923e+00  1.78531850e+02 
 3.01995172e+00  6.80476179e+01  3.01995172e+00  1.78498736e+02 
 3.09029543e+00  6.80474707e+01  3.09029543e+00  1.78464828e+02 
 3.16227766e+00  6.80473189e+01  3.16227766e+00  1.78430109e+02 
 3.23593657e+00  6.80471621e+01  3.23593657e+00  1.78394560e+02 
 3.31131121e+00  6.80470000e+01  3.31131121e+00  1.78358162e+02 
 3.38844156e+00  6.80468323e+01  3.38844156e+00  1.78320896e+02 
 3.46736850e+00  6.80466586e+01  3.46736850e+00  1.78282742e+02 
 3.54813389e+00  6.80464784e+01  3.54813389e+00  1.78243679e+02 
 3.63078055e+00  6.80462916e+01  3.63078055e+00  1.78203686e+02 
 3.71535229e+00  6.80460976e+01  3.71535229e+00  1.78162743e+02 
 3.80189396e+00  6.80458960e+01  3.80189396e+00  1.78120828e+02 
 3.89045145e+00  6.80456864e+01  3.89045145e+00  1.78077918e+02 
 3.98107171e+00  6.80454684e+01  3.98107171e+00  1.78033991e+02 
 4.07380278e+00  6.80452415e+01  4.07380278e+00  1.77989023e+02 
 4.16869383e+00  6.80450052e+01  4.16869383e+00  1.77942990e+02 
 4.26579519e+00  6.80447590e+01  4.26579519e+00  1.77895868e+02 
 4.36515832e+00  6.80445024e+01  4.36515832e+00  1.77847632e+02 
 4.46683592e+00  6.80442348e+01  4.46683592e+00  1.77798256e+02 
 4.57088190e+00  6.80439556e+01  4.57088190e+00  1.77747714e+02 
 4.67735141e+00  6.80436643e+01  4.67735141e+00  1.77695980e+02 
 4.78630092e+00  6.80433602e+01  4.78630092e+00  1.77643026e+02 
 4.89778819e+00  6.80430427e+01  4.89778819e+00  1.77588824e+02 
 5.01187234e+00  6.80427110e+01  5.01187234e+00  1.77533345e+02 
 5.12861384e+00  6.80423644e+01  5.12861384e+00  1.77476560e+02 
 5.24807460e+00  6.80420023e+01  5.24807460e+00  1.77418439e+02 
 5.37031796e+00  6.80416238e+01  5.37031796e+00  1.77358950e+02 
 5.49540874e+00  6.80412281e+01  5.49540874e+00  1.77298064e+02 
 5.62341325e+00  6.80408143e+01  5.62341325e+00  1.77235747e+02 
 5.75439937e+00  6.80403815e+01  5.75439937e+00  1.77171967e+02 
 5.88843655e+00  6.80399288e+01  5.88843655e+00  1.77106690e+02 
 6.02559586e+00  6.80394552e+01  6.02559586e+00  1.77039882e+02 
 6.16595002e+00  6.80389596e+01  6.16595002e+00  1.76971507e+02 
 6.30957344e+00  6.80384410e+01  6.30957344e+00  1.76901529e+02 
 6.45654229e+00  6.80378983e+01  6.45654229e+00  1.76829912e+02 
 6.60693448e+00  6.80373302e+01  6.60693448e+00  1.76756617e+02 
 6.76082975e+00  6.80367355e+01  6.76082975e+00  1.76681607e+02 
 6.91830971e+00  6.80361129e+01  6.91830971e+00  1.76604841e+02 
 7.07945784e+00  6.80354611e+01  7.07945784e+00  1.76526280e+02 
 7.24435960e+00  6.80347785e+01  7.24435960e+00  1.76445883e+02 
 7.41310241e+00  6.80340637e+01  7.41310241e+00  1.76363606e+02 
 7.58577575e+00  6.80333151e+01  7.58577575e+00  1.76279408e+02 
 7.76247117e+00  6.80325310e+01  7.76247117e+00  1.76193244e+02 
 7.94328235e+00  6.80317098e+01  7.94328235e+00  1.76105068e+02 
 8.12830516e+00  6.80308495e+01  8.12830516e+00  1.76014836e+02 
 8.31763771e+00  6.80299484e+01  8.31763771e+00  1.75922499e+02 
 8.51138038e+00  6.80290043e+01  8.51138038e+00  1.75828010e+02 
 8.70963590e+00  6.80280153e+01  8.70963590e+00  1.75731320e+02 
 8.91250938e+00  6.80269790e+01  8.91250938e+00  1.75632378e+02 
 9.12010839e+00  6.80258932e+01  9.12010839e+00  1.75531134e+02 
 9.33254301e+00  6.80247555e+01  9.33254301e+00  1.75427534e+02 
 9.54992586e+00  6.80235634e+01  9.54992586e+00  1.75321525e+02 
 9.77237221e+00  6.80223141e+01  9.77237221e+00  1.75213053e+02 
 1.00000000e+01  6.80210049e+01  1.00000000e+01  1.75102062e+02 
 1.02329299e+01  6.80196329e+01  1.02329299e+01  1.74988495e+02 
 1.04712855e+01  6.80181950e+01  1.04712855e+01  1.74872293e+02 
 1.07151931e+01  6.80166880e+01  1.07151931e+01  1.74753397e+02 
 1.09647820e+01  6.80151085e+01  1.09647820e+01  1.74631747e+02 
 1.12201845e+01  6.80134531e+01  1.12201845e+01  1.74507281e+02 
 1.14815362e+01  6.80117179e+01  1.14815362e+01  1.74379936e+02 
 1.17489755e+01  6.80098991e+01  1.17489755e+01  1.74249647e+02 
 1.20226443e+01  6.80079927e+01  1.20226443e+01  1.74116349e+02 
 1.23026877e+01  6.80059944e+01  1.23026877e+01  1.73979976e+02 
 1.25892541e+01  6.80038998e+01  1.25892541e+01  1.73840459e+02 
 1.28824955e+01  6.80017041e+01  1.28824955e+01  1.73697729e+02 
 1.31825674e+01  6.79994025e+01  1.31825674e+01  1.73551714e+02 
 1.34896288e+01  6.79969898e+01  1.34896288e+01  1.73402345e+02 
 1.38038426e+01  6.79944606e+01  1.38038426e+01  1.73249546e+02 
 1.41253754e+01  6.79918094e+01  1.41253754e+01  1.73093245e+02 
 1.44543977e+01  6.79890303e+01  1.44543977e+01  1.72933364e+02 
 1.47910839e+01  6.79861171e+01  1.47910839e+01  1.72769828e+02 
 1.51356125e+01  6.79830634e+01  1.51356125e+01  1.72602557e+02 
 1.54881662e+01  6.79798623e+01  1.54881662e+01  1.72431473e+02 
 1.58489319e+01  6.79765070e+01  1.58489319e+01  1.72256495e+02 
 1.62181010e+01  6.79729899e+01  1.62181010e+01  1.72077540e+02 
 1.65958691e+01  6.79693034e+01  1.65958691e+01  1.71894526e+02 
 1.69824365e+01  6.79654395e+01  1.69824365e+01  1.71707369e+02 
 1.73780083e+01  6.79613898e+01  1.73780083e+01  1.71515983e+02 
 1.77827941e+01  6.79571453e+01  1.77827941e+01  1.71320282e+02 
 1.81970086e+01  6.79526971e+01  1.81970086e+01  1.71120178e+02 
 1.86208714e+01  6.79480355e+01  1.86208714e+01  1.70915583e+02 
 1.90546072e+01  6.79431506e+01  1.90546072e+01  1.70706406e+02 
 1.94984460e+01  6.79380318e+01  1.94984460e+01  1.70492559e+02 
 1.99526231e+01  6.79326684e+01  1.99526231e+01  1.70273949e+02 
 2.04173794e+01  6.79270491e+01  2.04173794e+01  1.70050484e+02 
 2.08929613e+01  6.79211620e+01  2.08929613e+01  1.69822072e+02 
 2.13796209e+01  6.79149948e+01  2.13796209e+01  1.69588619e+02 
 2.18776162e+01  6.79085349e+01  2.18776162e+01  1.69350030e+02 
 2.23872114e+01  6.79017688e+01  2.23872114e+01  1.69106212e+02 
 2.29086765e+01  6.78946827e+01  2.29086765e+01  1.68857069e+02 
 2.34422882e+01  6.78872623e+01  2.34422882e+01  1.68602505e+02 
 2.39883292e+01  6.78794925e+01  2.39883292e+01  1.68342426e+02 
 2.45470892e+01  6.78713578e+01  2.45470892e+01  1.68076734e+02 
 2.51188643e+01  6.78628420e+01  2.51188643e+01  1.67805336e+02 
 2.57039578e+01  6.78539284e+01  2.57039578e+01  1.67528135e+02 
 2.63026799e+01  6.78445997e+01  2.63026799e+01  1.67245035e+02 
 2.69153480e+01  6.78348376e+01  2.69153480e+01  1.66955942e+02 
 2.75422870e+01  6.78246236e+01  2.75422870e+01  1.66660761e+02 
 2.81838293e+01  6.78139383e+01  2.81838293e+01  1.66359399e+02 
 2.88403150e+01  6.78027615e+01  2.88403150e+01  1.66051763e+02 
 2.95120923e+01  6.77910726e+01  2.95120923e+01  1.65737762e+02 
 3.01995172e+01  6.77788500e+01  3.01995172e+01  1.65417304e+02 
 3.09029543e+01  6.77660714e+01  3.09029543e+01  1.65090300e+02 
 3.16227766e+01  6.77527140e+01  3.16227766e+01  1.64756664e+02 
 3.23593657e+01  6.77387539e+01  3.23593657e+01  1.64416310e+02 
 3.31131121e+01  6.77241668e+01  3.31131121e+01  1.64069154e+02 
 3.38844156e+01  6.77089273e+01  3.38844156e+01  1.63715115e+02 
 3.46736850e+01  6.76930094e+01  3.46736850e+01  1.63354116e+02 
 3.54813389e+01  6.76763862e+01  3.54813389e+01  1.62986080e+02 
 3.63078055e+01  6.76590302e+01  3.63078055e+01  1.62610936e+02 
 3.71535229e+01  6.76409129e+01  3.71535229e+01  1.62228614e+02 
 3.80189396e+01  6.76220051e+01  3.80189396e+01  1.61839049e+02 
 3.89045145e+01  6.76022767e+01  3.89045145e+01  1.61442181e+02 
 3.98107171e+01  6.75816971e+01  3.98107171e+01  1.61037952e+02 
 4.07380278e+01  6.75602345e+01  4.07380278e+01  1.60626310e+02 
 4.16869383e+01  6.75378566e+01  4.16869383e+01  1.60207210e+02 
 4.26579519e+01  6.75145302e+01  4.26579519e+01  1.59780608e+02 
 4.36515832e+01  6.74902216e+01  4.36515832e+01  1.59346471e+02 
 4.46683592e+01  6.74648959e+01  4.46683592e+01  1.58904768e+02 
 4.57088190e+01  6.74385180e+01  4.57088190e+01  1.58455477e+02 
 4.67735141e+01  6.74110517e+01  4.67735141e+01  1.57998581e+02 
 4.78630092e+01  6.73824604e+01  4.78630092e+01  1.57534071e+02 
 4.89778819e+01  6.73527067e+01  4.89778819e+01  1.57061948e+02 
 5.01187234e+01  6.73217528e+01  5.01187234e+01  1.56582218e+02 
 5.12861384e+01  6.72895602e+01  5.12861384e+01  1.56094896e+02 
 5.24807460e+01  6.72560899e+01  5.24807460e+01  1.55600007e+02 
 5.37031796e+01  6.72213025e+01  5.37031796e+01  1.55097585e+02 
 5.49540874e+01  6.71851583e+01  5.49540874e+01  1.54587673e+02 
 5.62341325e+01  6.71476171e+01  5.62341325e+01  1.54070323e+02 
 5.75439937e+01  6.71086385e+01  5.75439937e+01  1.53545601e+02 
 5.88843655e+01  6.70681820e+01  5.88843655e+01  1.53013579e+02 
 6.02559586e+01  6.70262068e+01  6.02559586e+01  1.52474342e+02 
 6.16595002e+01  6.69826722e+01  6.16595002e+01  1.51927988e+02 
 6.30957344e+01  6.69375375e+01  6.30957344e+01  1.51374623e+02 
 6.45654229e+01  6.68907622e+01  6.45654229e+01  1.50814366e+02 
 6.60693448e+01  6.68423060e+01  6.60693448e+01  1.50247350e+02 
 6.76082975e+01  6.67921288e+01  6.76082975e+01  1.49673716e+02 
 6.91830971e+01  6.67401911e+01  6.91830971e+01  1.49093620e+02 
 7.07945784e+01  6.66864539e+01  7.07945784e+01  1.48507230e+02 
 7.24435960e+01  6.66308788e+01  7.24435960e+01  1.47914725e+02 
 7.41310241e+01  6.65734282e+01  7.41310241e+01  1.47316297e+02 
 7.58577575e+01  6.65140654e+01  7.58577575e+01  1.46712149e+02 
 7.76247117e+01  6.64527546e+01  7.76247117e+01  1.46102499e+02 
 7.94328235e+01  6.63894611e+01  7.94328235e+01  1.45487572e+02 
 8.12830516e+01  6.63241515e+01  8.12830516e+01  1.44867610e+02 
 8.31763771e+01  6.62567937e+01  8.31763771e+01  1.44242862e+02 
 8.51138038e+01  6.61873570e+01  8.51138038e+01  1.43613589e+02 
 8.70963590e+01  6.61158122e+01  8.70963590e+01  1.42980065e+02 
 8.91250938e+01  6.60421318e+01  8.91250938e+01  1.42342570e+02 
 9.12010839e+01  6.59662901e+01  9.12010839e+01  1.41701398e+02 
 9.33254301e+01  6.58882632e+01  9.33254301e+01  1.41056847e+02 
 9.54992586e+01  6.58080292e+01  9.54992586e+01  1.40409228e+02 
 9.77237221e+01  6.57255681e+01  9.77237221e+01  1.39758858e+02 
 1.00000000e+02  6.56408622e+01  1.00000000e+02  1.39106060e+02 
 1.02329299e+02  6.55538958e+01  1.02329299e+02  1.38451164e+02 
 1.04712855e+02  6.54646556e+01  1.04712855e+02  1.37794505e+02 
 1.07151931e+02  6.53731305e+01  1.07151931e+02  1.37136424e+02 
 1.09647820e+02  6.52793118e+01  1.09647820e+02  1.36477265e+02 
 1.12201845e+02  6.51831931e+01  1.12201845e+02  1.35817373e+02 
 1.14815362e+02  6.50847706e+01  1.14815362e+02  1.35157099e+02 
 1.17489755e+02  6.49840427e+01  1.17489755e+02  1.34496791e+02 
 1.20226443e+02  6.48810105e+01  1.20226443e+02  1.33836799e+02 
 1.23026877e+02  6.47756772e+01  1.23026877e+02  1.33177472e+02 
 1.25892541e+02  6.46680488e+01  1.25892541e+02  1.32519158e+02 
 1.28824955e+02  6.45581334e+01  1.28824955e+02  1.31862201e+02 
 1.31825674e+02  6.44459415e+01  1.31825674e+02  1.31206942e+02 
 1.34896288e+02  6.43314861e+01  1.34896288e+02  1.30553718e+02 
 1.38038426e+02  6.42147823e+01  1.38038426e+02  1.29902860e+02 
 1.41253754e+02  6.40958475e+01  1.41253754e+02  1.29254694e+02 
 1.44543977e+02  6.39747010e+01  1.44543977e+02  1.28609538e+02 
 1.47910839e+02  6.38513646e+01  1.47910839e+02  1.27967704e+02 
 1.51356125e+02  6.37258616e+01  1.51356125e+02  1.27329494e+02 
 1.54881662e+02  6.35982175e+01  1.54881662e+02  1.26695202e+02 
 1.58489319e+02  6.34684594e+01  1.58489319e+02  1.26065113e+02 
 1.62181010e+02  6.33366163e+01  1.62181010e+02  1.25439501e+02 
 1.65958691e+02  6.32027184e+01  1.65958691e+02  1.24818631e+02 
 1.69824365e+02  6.30667977e+01  1.69824365e+02  1.24202755e+02 
 1.73780083e+02  6.29288876e+01  1.73780083e+02  1.23592116e+02 
 1.77827941e+02  6.27890223e+01  1.77827941e+02  1.22986944e+02 
 1.81970086e+02  6.26472377e+01  1.81970086e+02  1.22387457e+02 
 1.86208714e+02  6.25035702e+01  1.86208714e+02  1.21793862e+02 
 1.90546072e+02  6.23580575e+01  1.90546072e+02  1.21206354e+02 
 1.94984460e+02  6.22107378e+01  1.94984460e+02  1.20625114e+02 
 1.99526231e+02  6.20616502e+01  1.99526231e+02  1.20050314e+02 
 2.04173794e+02  6.19108342e+01  2.04173794e+02  1.19482109e+02 
 2.08929613e+02  6.17583298e+01  2.08929613e+02  1.18920647e+02 
 2.13796209e+02  6.16041773e+01  2.13796209e+02  1.18366059e+02 
 2.18776162e+02  6.14484175e+01  2.18776162e+02  1.17818469e+02 
 2.23872114e+02  6.12910910e+01  2.23872114e+02  1.17277985e+02 
 2.29086765e+02  6.11322387e+01  2.29086765e+02  1.16744706e+02 
 2.34422882e+02  6.09719015e+01  2.34422882e+02  1.16218718e+02 
 2.39883292e+02  6.08101199e+01  2.39883292e+02  1.15700097e+02 
 2.45470892e+02  6.06469347e+01  2.45470892e+02  1.15188908e+02 
 2.51188643e+02  6.04823860e+01  2.51188643e+02  1.14685206e+02 
 2.57039578e+02  6.03165138e+01  2.57039578e+02  1.14189036e+02 
 2.63026799e+02  6.01493577e+01  2.63026799e+02  1.13700431e+02 
 2.69153480e+02  5.99809567e+01  2.69153480e+02  1.13219418e+02 
 2.75422870e+02  5.98113495e+01  2.75422870e+02  1.12746013e+02 
 2.81838293e+02  5.96405742e+01  2.81838293e+02  1.12280224e+02 
 2.88403150e+02  5.94686681e+01  2.88403150e+02  1.11822050e+02 
 2.95120923e+02  5.92956683e+01  2.95120923e+02  1.11371483e+02 
 3.01995172e+02  5.91216107e+01  3.01995172e+02  1.10928507e+02 
 3.09029543e+02  5.89465309e+01  3.09029543e+02  1.10493101e+02 
 3.16227766e+02  5.87704637e+01  3.16227766e+02  1.10065234e+02 
 3.23593657e+02  5.85934430e+01  3.23593657e+02  1.09644871e+02 
 3.31131121e+02  5.84155020e+01  3.31131121e+02  1.09231970e+02 
 3.38844156e+02  5.82366733e+01  3.38844156e+02  1.08826485e+02 
 3.46736850e+02  5.80569885e+01  3.46736850e+02  1.08428363e+02 
 3.54813389e+02  5.78764784e+01  3.54813389e+02  1.08037549e+02 
 3.63078055e+02  5.76951730e+01  3.63078055e+02  1.07653979e+02 
 3.71535229e+02  5.75131016e+01  3.71535229e+02  1.07277590e+02 
 3.80189396e+02  5.73302927e+01  3.80189396e+02  1.06908311e+02 
 3.89045145e+02  5.71467737e+01  3.89045145e+02  1.06546071e+02 
 3.98107171e+02  5.69625716e+01  3.98107171e+02  1.06190793e+02 
 4.07380278e+02  5.67777123e+01  4.07380278e+02  1.05842399e+02 
 4.16869383e+02  5.65922209e+01  4.16869383e+02  1.05500809e+02 
 4.26579519e+02  5.64061219e+01  4.26579519e+02  1.05165937e+02 
 4.36515832e+02  5.62194390e+01  4.36515832e+02  1.04837699e+02 
 4.46683592e+02  5.60321949e+01  4.46683592e+02  1.04516008e+02 
 4.57088190e+02  5.58444117e+01  4.57088190e+02  1.04200775e+02 
 4.67735141e+02  5.56561109e+01  4.67735141e+02  1.03891908e+02 
 4.78630092e+02  5.54673131e+01  4.78630092e+02  1.03589318e+02 
 4.89778819e+02  5.52780381e+01  4.89778819e+02  1.03292911e+02 
 5.01187234e+02  5.50883052e+01  5.01187234e+02  1.03002594e+02 
 5.12861384e+02  5.48981329e+01  5.12861384e+02  1.02718273e+02 
 5.24807460e+02  5.47075392e+01  5.24807460e+02  1.02439855e+02 
 5.37031796e+02  5.45165411e+01  5.37031796e+02  1.02167244e+02 
 5.49540874e+02  5.43251554e+01  5.49540874e+02  1.01900347e+02 
 5.62341325e+02  5.41333980e+01  5.62341325e+02  1.01639067e+02 
 5.75439937e+02  5.39412843e+01  5.75439937e+02  1.01383312e+02 
 5.88843655e+02  5.37488291e+01  5.88843655e+02  1.01132985e+02 
 6.02559586e+02  5.35560466e+01  6.02559586e+02  1.00887994e+02 
 6.16595002e+02  5.33629506e+01  6.16595002e+02  1.00648245e+02 
 6.30957344e+02  5.31695541e+01  6.30957344e+02  1.00413644e+02 
 6.45654229e+02  5.29758698e+01  6.45654229e+02  1.00184100e+02 
 6.60693448e+02  5.27819099e+01  6.60693448e+02  9.99595193e+01 
 6.76082975e+02  5.25876861e+01  6.76082975e+02  9.97398124e+01 
 6.91830971e+02  5.23932095e+01  6.91830971e+02  9.95248886e+01 
 7.07945784e+02  5.21984910e+01  7.07945784e+02  9.93146586e+01 
 7.24435960e+02  5.20035409e+01  7.24435960e+02  9.91090340e+01 
 7.41310241e+02  5.18083690e+01  7.41310241e+02  9.89079273e+01 
 7.58577575e+02  5.16129849e+01  7.58577575e+02  9.87112522e+01 
 7.76247117e+02  5.14173978e+01  7.76247117e+02  9.85189233e+01 
 7.94328235e+02  5.12216163e+01  7.94328235e+02  9.83308564e+01 
 8.12830516e+02  5.10256488e+01  8.12830516e+02  9.81469683e+01 
 8.31763771e+02  5.08295035e+01  8.31763771e+02  9.79671771e+01 
 8.51138038e+02  5.06331880e+01  8.51138038e+02  9.77914020e+01 
 8.70963590e+02  5.04367096e+01  8.70963590e+02  9.76195633e+01 
 8.91250938e+02  5.02400756e+01  8.91250938e+02  9.74515828e+01 
 9.12010839e+02  5.00432926e+01  9.12010839e+02  9.72873832e+01 
 9.33254301e+02  4.98463671e+01  9.33254301e+02  9.71268887e+01 
 9.54992586e+02  4.96493055e+01  9.54992586e+02  9.69700244e+01 
 9.77237221e+02  4.94521136e+01  9.77237221e+02  9.68167171e+01 
 1.00000000e+03  4.92547971e+01  1.00000000e+03  9.66668945e+01 
 1.02329299e+03  4.90573615e+01  1.02329299e+03  9.65204857e+01 
 1.04712855e+03  4.88598121e+01  1.04712855e+03  9.63774210e+01 
 1.07151931e+03  4.86621539e+01  1.07151931e+03  9.62376320e+01 
 1.09647820e+03  4.84643916e+01  1.09647820e+03  9.61010516e+01 
 1.12201845e+03  4.82665299e+01  1.12201845e+03  9.59676139e+01 
 1.14815362e+03  4.80685731e+01  1.14815362e+03  9.58372541e+01 
 1.17489755e+03  4.78705254e+01  1.17489755e+03  9.57099088e+01 
 1.20226443e+03  4.76723909e+01  1.20226443e+03  9.55855159e+01 
 1.23026877e+03  4.74741734e+01  1.23026877e+03  9.54640143e+01 
 1.25892541e+03  4.72758765e+01  1.25892541e+03  9.53453442e+01 
 1.28824955e+03  4.70775039e+01  1.28824955e+03  9.52294471e+01 
 1.31825674e+03  4.68790588e+01  1.31825674e+03  9.51162656e+01 
 1.34896288e+03  4.66805446e+01  1.34896288e+03  9.50057434e+01 
 1.38038426e+03  4.64819642e+01  1.38038426e+03  9.48978254e+01 
 1.41253754e+03  4.62833206e+01  1.41253754e+03  9.47924578e+01 
 1.44543977e+03  4.60846167e+01  1.44543977e+03  9.46895877e+01 
 1.47910839e+03  4.58858551e+01  1.47910839e+03  9.45891635e+01 
 1.51356125e+03  4.56870385e+01  1.51356125e+03  9.44911346e+01 
 1.54881662e+03  4.54881692e+01  1.54881662e+03  9.43954516e+01 
 1.58489319e+03  4.52892497e+01  1.58489319e+03  9.43020660e+01 
 1.62181010e+03  4.50902821e+01  1.62181010e+03  9.42109307e+01 
 1.65958691e+03  4.48912688e+01  1.65958691e+03  9.41219992e+01 
 1.69824365e+03  4.46922116e+01  1.69824365e+03  9.40352263e+01 
 1.73780083e+03  4.44931126e+01  1.73780083e+03  9.39505678e+01 
 1.77827941e+03  4.42939737e+01  1.77827941e+03  9.38679806e+01 
 1.81970086e+03  4.40947967e+01  1.81970086e+03  9.37874223e+01 
 1.86208714e+03  4.38955833e+01  1.86208714e+03  9.37088517e+01 
 1.90546072e+03  4.36963351e+01  1.90546072e+03  9.36322285e+01 
 1.94984460e+03  4.34970538e+01  1.94984460e+03  9.35575133e+01 
 1.99526231e+03  4.32977408e+01  1.99526231e+03  9.34846677e+01 
 2.04173794e+03  4.30983975e+01  2.04173794e+03  9.34136543e+01 
 2.08929613e+03  4.28990255e+01  2.08929613e+03  9.33444362e+01 
 2.13796209e+03  4.26996259e+01  2.13796209e+03  9.32769779e+01 
 2.18776162e+03  4.25002000e+01  2.18776162e+03  9.32112445e+01 
 2.23872114e+03  4.23007491e+01  2.23872114e+03  9.31472019e+01 
 2.29086765e+03  4.21012743e+01  2.29086765e+03  9.30848169e+01 
 2.34422882e+03  4.19017767e+01  2.34422882e+03  9.30240573e+01 
 2.39883292e+03  4.17022574e+01  2.39883292e+03  9.29648915e+01 
 2.45470892e+03  4.15027173e+01  2.45470892e+03  9.29072887e+01 
 2.51188643e+03  4.13031575e+01  2.51188643e+03  9.28512190e+01 
 2.57039578e+03  4.11035789e+01  2.57039578e+03  9.27966532e+01 
 2.63026799e+03  4.09039824e+01  2.63026799e+03  9.27435630e+01 
 2.69153480e+03  4.07043687e+01  2.69153480e+03  9.26919205e+01 
 2.75422870e+03  4.05047388e+01  2.75422870e+03  9.26416990e+01 
 2.81838293e+03  4.03050934e+01  2.81838293e+03  9.25928722e+01 
 2.88403150e+03  4.01054333e+01  2.88403150e+03  9.25454146e+01 
 2.95120923e+03  3.99057591e+01  2.95120923e+03  9.24993014e+01 
 3.01995172e+03  3.97060716e+01  3.01995172e+03  9.24545085e+01 
 3.09029543e+03  3.95063715e+01  3.09029543e+03  9.24110124e+01 
 3.16227766e+03  3.93066593e+01  3.16227766e+03  9.23687905e+01 
 3.23593657e+03  3.91069356e+01  3.23593657e+03  9.23278205e+01 
 3.31131121e+03  3.89072011e+01  3.31131121e+03  9.22880810e+01 
 3.38844156e+03  3.87074563e+01  3.38844156e+03  9.22495512e+01 
 3.46736850e+03  3.85077018e+01  3.46736850e+03  9.22122109e+01 
 3.54813389e+03  3.83079381e+01  3.54813389e+03  9.21760405e+01 
 3.63078055e+03  3.81081656e+01  3.63078055e+03  9.21410209e+01 
 3.71535229e+03  3.79083849e+01  3.71535229e+03  9.21071339e+01 
 3.80189396e+03  3.77085963e+01  3.80189396e+03  9.20743615e+01 
 3.89045145e+03  3.75088005e+01  3.89045145e+03  9.20426867e+01 
 3.98107171e+03  3.73089977e+01  3.98107171e+03  9.20120926e+01 
 4.07380278e+03  3.71091885e+01  4.07380278e+03  9.19825633e+01 
 4.16869383e+03  3.69093732e+01  4.16869383e+03  9.19540832e+01 
 4.26579519e+03  3.67095521e+01  4.26579519e+03  9.19266372e+01 
 4.36515832e+03  3.65097258e+01  4.36515832e+03  9.19002111e+01 
 4.46683592e+03  3.63098945e+01  4.46683592e+03  9.18747907e+01 
 4.57088190e+03  3.61100586e+01  4.57088190e+03  9.18503628e+01 
 4.67735141e+03  3.59102185e+01  4.67735141e+03  9.18269145e+01 
 4.78630092e+03  3.57103745e+01  4.78630092e+03  9.18044334e+01 
 4.89778819e+03  3.55105269e+01  4.89778819e+03  9.17829077e+01 
 5.01187234e+03  3.53106761e+01  5.01187234e+03  9.17623259e+01 
 5.12861384e+03  3.51108223e+01  5.12861384e+03  9.17426773e+01 
 5.24807460e+03  3.49109659e+01  5.24807460e+03  9.17239514e+01 
 5.37031796e+03  3.47111072e+01  5.37031796e+03  9.17061384e+01 
 5.49540874e+03  3.45112465e+01  5.49540874e+03  9.16892289e+01 
 5.62341325e+03  3.43113840e+01  5.62341325e+03  9.16732138e+01 
 5.75439937e+03  3.41115201e+01  5.75439937e+03  9.16580849e+01 
 5.88843655e+03  3.39116551e+01  5.88843655e+03  9.16438340e+01 
 6.02559586e+03  3.37117892e+01  6.02559586e+03  9.16304535e+01 
 6.16595002e+03  3.35119227e+01  6.16595002e+03  9.16179366e+01 
 6.30957344e+03  3.33120560e+01  6.30957344e+03  9.16062763e+01 
 6.45654229e+03  3.31121892e+01  6.45654229e+03  9.15954667e+01 
 6.60693448e+03  3.29123227e+01  6.60693448e+03  9.15855020e+01 
 6.76082975e+03  3.27124567e+01  6.76082975e+03  9.15763768e+01 
 6.91830971e+03  3.25125916e+01  6.91830971e+03  9.15680863e+01 
 7.07945784e+03  3.23127276e+01  7.07945784e+03  9.15606260e+01 
 7.24435960e+03  3.21128651e+01  7.24435960e+03  9.15539921e+01 
 7.41310241e+03  3.19130042e+01  7.41310241e+03  9.15481809e+01 
 7.58577575e+03  3.17131453e+01  7.58577575e+03  9.15431894e+01 
 7.76247117e+03  3.15132888e+01  7.76247117e+03  9.15390148e+01 
 7.94328235e+03  3.13134348e+01  7.94328235e+03  9.15356548e+01 
 8.12830516e+03  3.11135837e+01  8.12830516e+03  9.15331076e+01 
 8.31763771e+03  3.09137359e+01  8.31763771e+03  9.15313719e+01 
 8.51138038e+03  3.07138916e+01  8.51138038e+03  9.15304466e+01 
 8.70963590e+03  3.05140512e+01  8.70963590e+03  9.15303311e+01 
 8.91250938e+03  3.03142150e+01  8.91250938e+03  9.15310253e+01 
 9.12010839e+03  3.01143834e+01  9.12010839e+03  9.15325294e+01 
 9.33254301e+03  2.99145566e+01  9.33254301e+03  9.15348443e+01 
 9.54992586e+03  2.97147352e+01  9.54992586e+03  9.15379708e+01 
 9.77237221e+03  2.95149195e+01  9.77237221e+03  9.15419107e+01 
 1.00000000e+04  2.93151097e+01  1.00000000e+04  9.15466659e+01 
 1.02329299e+04  2.91153065e+01  1.02329299e+04  9.15522386e+01 
 1.04712855e+04  2.89155101e+01  1.04712855e+04  9.15586319e+01 
 1.07151931e+04  2.87157210e+01  1.07151931e+04  9.15658487e+01 
 1.09647820e+04  2.85159397e+01  1.09647820e+04  9.15738929e+01 
 1.12201845e+04  2.83161666e+01  1.12201845e+04  9.15827684e+01 
 1.14815362e+04  2.81164021e+01  1.14815362e+04  9.15924798e+01 
 1.17489755e+04  2.79166469e+01  1.17489755e+04  9.16030319e+01 
 1.20226443e+04  2.77169013e+01  1.20226443e+04  9.16144302e+01 
 1.23026877e+04  2.75171660e+01  1.23026877e+04  9.16266805e+01 
 1.25892541e+04  2.73174415e+01  1.25892541e+04  9.16397888e+01 
 1.28824955e+04  2.71177284e+01  1.28824955e+04  9.16537619e+01 
 1.31825674e+04  2.69180273e+01  1.31825674e+04  9.16686069e+01 
 1.34896288e+04  2.67183388e+01  1.34896288e+04  9.16843313e+01 
 1.38038426e+04  2.65186635e+01  1.38038426e+04  9.17009431e+01 
 1.41253754e+04  2.63190022e+01  1.41253754e+04  9.17184506e+01 
 1.44543977e+04  2.61193556e+01  1.44543977e+04  9.17368627e+01 
 1.47910839e+04  2.59197244e+01  1.47910839e+04  9.17561887e+01 
 1.51356125e+04  2.57201095e+01  1.51356125e+04  9.17764384e+01 
 1.54881662e+04  2.55205115e+01  1.54881662e+04  9.17976220e+01 
 1.58489319e+04  2.53209313e+01  1.58489319e+04  9.18197501e+01 
 1.62181010e+04  2.51213699e+01  1.62181010e+04  9.18428339e+01 
 1.65958691e+04  2.49218282e+01  1.65958691e+04  9.18668850e+01 
 1.69824365e+04  2.47223071e+01  1.69824365e+04  9.18919153e+01 
 1.73780083e+04  2.45228076e+01  1.73780083e+04  9.19179375e+01 
 1.77827941e+04  2.43233308e+01  1.77827941e+04  9.19449646e+01 
 1.81970086e+04  2.41238778e+01  1.81970086e+04  9.19730099e+01 
 1.86208714e+04  2.39244497e+01  1.86208714e+04  9.20020875e+01 
 1.90546072e+04  2.37250477e+01  1.90546072e+04  9.20322118e+01 
 1.94984460e+04  2.35256732e+01  1.94984460e+04  9.20633978e+01 
 1.99526231e+04  2.33263273e+01  1.99526231e+04  9.20956607e+01 
 2.04173794e+04  2.31270114e+01  2.04173794e+04  9.21290165e+01 
 2.08929613e+04  2.29277271e+01  2.08929613e+04  9.21634817e+01 
 2.13796209e+04  2.27284758e+01  2.13796209e+04  9.21990730e+01 
 2.18776162e+04  2.25292590e+01  2.18776162e+04  9.22358080e+01 
 2.23872114e+04  2.23300784e+01  2.23872114e+04  9.22737044e+01 
 2.29086765e+04  2.21309357e+01  2.29086765e+04  9.23127806e+01 
 2.34422882e+04  2.19318327e+01  2.34422882e+04  9.23530556e+01 
 2.39883292e+04  2.17327713e+01  2.39883292e+04  9.23945487e+01 
 2.45470892e+04  2.15337534e+01  2.45470892e+04  9.24372799e+01 
 2.51188643e+04  2.13347810e+01  2.51188643e+04  9.24812696e+01 
 2.57039578e+04  2.11358563e+01  2.57039578e+04  9.25265387e+01 
 2.63026799e+04  2.09369816e+01  2.63026799e+04  9.25731086e+01 
 2.69153480e+04  2.07381591e+01  2.69153480e+04  9.26210013e+01 
 2.75422870e+04  2.05393914e+01  2.75422870e+04  9.26702392e+01 
 2.81838293e+04  2.03406809e+01  2.81838293e+04  9.27208453e+01 
 2.88403150e+04  2.01420303e+01  2.88403150e+04  9.27728430e+01 
 2.95120923e+04  1.99434424e+01  2.95120923e+04  9.28262564e+01 
 3.01995172e+04  1.97449201e+01  3.01995172e+04  9.28811098e+01 
 3.09029543e+04  1.95464665e+01  3.09029543e+04  9.29374282e+01 
 3.16227766e+04  1.93480848e+01  3.16227766e+04  9.29952371e+01 
 3.23593657e+04  1.91497782e+01  3.23593657e+04  9.30545624e+01 
 3.31131121e+04  1.89515503e+01  3.31131121e+04  9.31154304e+01 
 3.38844156e+04  1.87534046e+01  3.38844156e+04  9.31778680e+01 
 3.46736850e+04  1.85553450e+01  3.46736850e+04  9.32419026e+01 
 3.54813389e+04  1.83573754e+01  3.54813389e+04  9.33075618e+01 
 3.63078055e+04  1.81595000e+01  3.63078055e+04  9.33748739e+01 
 3.71535229e+04  1.79617231e+01  3.71535229e+04  9.34438674e+01 
 3.80189396e+04  1.77640491e+01  3.80189396e+04  9.35145713e+01 
 3.89045145e+04  1.75664829e+01  3.89045145e+04  9.35870151e+01 
 3.98107171e+04  1.73690292e+01  3.98107171e+04  9.36612283e+01 
 4.07380278e+04  1.71716934e+01  4.07380278e+04  9.37372412e+01 
 4.16869383e+04  1.69744806e+01  4.16869383e+04  9.38150839e+01 
 4.26579519e+04  1.67773965e+01  4.26579519e+04  9.38947874e+01 
 4.36515832e+04  1.65804470e+01  4.36515832e+04  9.39763823e+01 
 4.46683592e+04  1.63836380e+01  4.46683592e+04  9.40598999e+01 
 4.57088190e+04  1.61869761e+01  4.57088190e+04  9.41453715e+01 
 4.67735141e+04  1.59904677e+01  4.67735141e+04  9.42328286e+01 
 4.78630092e+04  1.57941198e+01  4.78630092e+04  9.43223026e+01 
 4.89778819e+04  1.55979396e+01  4.89778819e+04  9.44138254e+01 
 5.01187234e+04  1.54019346e+01  5.01187234e+04  9.45074284e+01 
 5.12861384e+04  1.52061125e+01  5.12861384e+04  9.46031434e+01 
 5.24807460e+04  1.50104817e+01  5.24807460e+04  9.47010017e+01 
 5.37031796e+04  1.48150504e+01  5.37031796e+04  9.48010348e+01 
 5.49540874e+04  1.46198276e+01  5.49540874e+04  9.49032736e+01 
 5.62341325e+04  1.44248224e+01  5.62341325e+04  9.50077491e+01 
 5.75439937e+04  1.42300445e+01  5.75439937e+04  9.51144915e+01 
 5.88843655e+04  1.40355037e+01  5.88843655e+04  9.52235308e+01 
 6.02559586e+04  1.38412105e+01  6.02559586e+04  9.53348963e+01 
 6.16595002e+04  1.36471755e+01  6.16595002e+04  9.54486168e+01 
 6.30957344e+04  1.34534100e+01  6.30957344e+04  9.55647202e+01 
 6.45654229e+04  1.32599257e+01  6.45654229e+04  9.56832336e+01 
 6.60693448e+04  1.30667345e+01  6.60693448e+04  9.58041829e+01 
 6.76082975e+04  1.28738491e+01  6.76082975e+04  9.59275933e+01 
 6.91830971e+04  1.26812824e+01  6.91830971e+04  9.60534883e+01 
 7.07945784e+04  1.24890480e+01  7.07945784e+04  9.61818904e+01 
 7.24435960e+04  1.22971598e+01  7.24435960e+04  9.63128202e+01 
 7.41310241e+04  1.21056324e+01  7.41310241e+04  9.64462968e+01 
 7.58577575e+04  1.19144809e+01  7.58577575e+04  9.65823375e+01 
 7.76247117e+04  1.17237208e+01  7.76247117e+04  9.67209572e+01 
 7.94328235e+04  1.15333682e+01  7.94328235e+04  9.68621690e+01 
 8.12830516e+04  1.13434398e+01  8.12830516e+04  9.70059832e+01 
 8.31763771e+04  1.11539529e+01  8.31763771e+04  9.71524077e+01 
 8.51138038e+04  1.09649252e+01  8.51138038e+04  9.73014473e+01 
 8.70963590e+04  1.07763752e+01  8.70963590e+04  9.74531039e+01 
 8.91250938e+04  1.05883218e+01  8.91250938e+04  9.76073758e+01 
 9.12010839e+04  1.04007846e+01  9.12010839e+04  9.77642580e+01 
 9.33254301e+04  1.02137838e+01  9.33254301e+04  9.79237414e+01 
 9.54992586e+04  1.00273402e+01  9.54992586e+04  9.80858128e+01 
 9.77237221e+04  9.84147501e+00  9.77237221e+04  9.82504546e+01 
 1.00000000e+05  9.65621028e+00  1.00000000e+05  9.84176444e+01 
 1.02329299e+05  9.47156853e+00  1.02329299e+05  9.85873548e+01 
 1.04712855e+05  9.28757289e+00  1.04712855e+05  9.87595530e+01 
 1.07151931e+05  9.10424706e+00  1.07151931e+05  9.89342004e+01 
 1.09647820e+05  8.92161531e+00  1.09647820e+05  9.91112525e+01 
 1.12201845e+05  8.73970245e+00  1.12201845e+05  9.92906583e+01 
 1.14815362e+05  8.55853383e+00  1.14815362e+05  9.94723601e+01 
 1.17489755e+05  8.37813532e+00  1.17489755e+05  9.96562929e+01 
 1.20226443e+05  8.19853328e+00  1.20226443e+05  9.98423844e+01 
 1.23026877e+05  8.01975452e+00  1.23026877e+05  1.00030554e+02 
 1.25892541e+05  7.84182629e+00  1.25892541e+05  1.00220714e+02 
 1.28824955e+05  7.66477624e+00  1.28824955e+05  1.00412766e+02 
 1.31825674e+05  7.48863236e+00  1.31825674e+05  1.00606605e+02 
 1.34896288e+05  7.31342297e+00  1.34896288e+05  1.00802113e+02 
 1.38038426e+05  7.13917663e+00  1.38038426e+05  1.00999167e+02 
 1.41253754e+05  6.96592214e+00  1.41253754e+05  1.01197630e+02 
 1.44543977e+05  6.79368842e+00  1.44543977e+05  1.01397355e+02 
 1.47910839e+05  6.62250448e+00  1.47910839e+05  1.01598185e+02 
 1.51356125e+05  6.45239937e+00  1.51356125e+05  1.01799952e+02 
 1.54881662e+05  6.28340206e+00  1.54881662e+05  1.02002474e+02 
 1.58489319e+05  6.11554139e+00  1.58489319e+05  1.02205560e+02 
 1.62181010e+05  5.94884598e+00  1.62181010e+05  1.02409005e+02 
 1.65958691e+05  5.78334414e+00  1.65958691e+05  1.02612591e+02 
 1.69824365e+05  5.61906377e+00  1.69824365e+05  1.02816089e+02 
 1.73780083e+05  5.45603225e+00  1.73780083e+05  1.03019255e+02 
 1.77827941e+05  5.29427638e+00  1.77827941e+05  1.03221834e+02 
 1.81970086e+05  5.13382220e+00  1.81970086e+05  1.03423554e+02 
 1.86208714e+05  4.97469494e+00  1.86208714e+05  1.03624134e+02 
 1.90546072e+05  4.81691886e+00  1.90546072e+05  1.03823276e+02 
 1.94984460e+05  4.66051717e+00  1.94984460e+05  1.04020671e+02 
 1.99526231e+05  4.50551184e+00  1.99526231e+05  1.04215994e+02 
 2.04173794e+05  4.35192354e+00  2.04173794e+05  1.04408908e+02 
 2.08929613e+05  4.19977148e+00  2.08929613e+05  1.04599064e+02 
 2.13796209e+05  4.04907328e+00  2.13796209e+05  1.04786096e+02 
 2.18776162e+05  3.89984484e+00  2.18776162e+05  1.04969631e+02 
 2.23872114e+05  3.75210021e+00  2.23872114e+05  1.05149278e+02 
 2.29086765e+05  3.60585145e+00  2.29086765e+05  1.05324638e+02 
 2.34422882e+05  3.46110852e+00  2.34422882e+05  1.05495298e+02 
 2.39883292e+05  3.31787916e+00  2.39883292e+05  1.05660834e+02 
 2.45470892e+05  3.17616872e+00  2.45470892e+05  1.05820815e+02 
 2.51188643e+05  3.03598010e+00  2.51188643e+05  1.05974796e+02 
 2.57039578e+05  2.89731359e+00  2.57039578e+05  1.06122326e+02 
 2.63026799e+05  2.76016681e+00  2.63026799e+05  1.06262944e+02 
 2.69153480e+05  2.62453454e+00  2.69153480e+05  1.06396182e+02 
 2.75422870e+05  2.49040872e+00  2.75422870e+05  1.06521568e+02 
 2.81838293e+05  2.35777828e+00  2.81838293e+05  1.06638621e+02 
 2.88403150e+05  2.22662912e+00  2.88403150e+05  1.06746858e+02 
 2.95120923e+05  2.09694403e+00  2.95120923e+05  1.06845793e+02 
 3.01995172e+05  1.96870264e+00  3.01995172e+05  1.06934937e+02 
 3.09029543e+05  1.84188136e+00  3.09029543e+05  1.07013800e+02 
 3.16227766e+05  1.71645341e+00  3.16227766e+05  1.07081893e+02 
 3.23593657e+05  1.59238872e+00  3.23593657e+05  1.07138727e+02 
 3.31131121e+05  1.46965399e+00  3.31131121e+05  1.07183818e+02 
 3.38844156e+05  1.34821270e+00  3.38844156e+05  1.07216685e+02 
 3.46736850e+05  1.22802511e+00  3.46736850e+05  1.07236852e+02 
 3.54813389e+05  1.10904829e+00  3.54813389e+05  1.07243849e+02 
 3.63078055e+05  9.91236229e-01  3.63078055e+05  1.07237215e+02 
 3.71535229e+05  8.74539839e-01  3.71535229e+05  1.07216498e+02 
 3.80189396e+05  7.58907076e-01  3.80189396e+05  1.07181256e+02 
 3.89045145e+05  6.44283021e-01  3.89045145e+05  1.07131057e+02 
 3.98107171e+05  5.30609989e-01  3.98107171e+05  1.07065483e+02 
 4.07380278e+05  4.17827652e-01  4.07380278e+05  1.06984131e+02 
 4.16869383e+05  3.05873171e-01  4.16869383e+05  1.06886609e+02 
 4.26579519e+05  1.94681339e-01  4.26579519e+05  1.06772545e+02 
 4.36515832e+05  8.41847393e-02  4.36515832e+05  1.06641579e+02 
 4.46683592e+05 -2.56860904e-02  4.46683592e+05  1.06493373e+02 
 4.57088190e+05 -1.35002481e-01  4.57088190e+05  1.06327603e+02 
 4.67735141e+05 -2.43837450e-01  4.67735141e+05  1.06143968e+02 
 4.78630092e+05 -3.52265506e-01  4.78630092e+05  1.05942183e+02 
 4.89778819e+05 -4.60362456e-01  4.89778819e+05  1.05721985e+02 
 5.01187234e+05 -5.68205194e-01  5.01187234e+05  1.05483131e+02 
 5.12861384e+05 -6.75871498e-01  5.12861384e+05  1.05225399e+02 
 5.24807460e+05 -7.83439814e-01  5.24807460e+05  1.04948588e+02 
 5.37031796e+05 -8.90989038e-01  5.37031796e+05  1.04652518e+02 
 5.49540874e+05 -9.98598304e-01  5.49540874e+05  1.04337031e+02 
 5.62341325e+05 -1.10634676e+00  5.62341325e+05  1.04001989e+02 
 5.75439937e+05 -1.21431336e+00  5.75439937e+05  1.03647277e+02 
 5.88843655e+05 -1.32257664e+00  5.88843655e+05  1.03272798e+02 
 6.02559586e+05 -1.43121450e+00  6.02559586e+05  1.02878479e+02 
 6.16595002e+05 -1.54030401e+00  6.16595002e+05  1.02464265e+02 
 6.30957344e+05 -1.64992118e+00  6.30957344e+05  1.02030121e+02 
 6.45654229e+05 -1.76014081e+00  6.45654229e+05  1.01576030e+02 
 6.60693448e+05 -1.87103624e+00  6.60693448e+05  1.01101995e+02 
 6.76082975e+05 -1.98267921e+00  6.76082975e+05  1.00608035e+02 
 6.91830971e+05 -2.09513965e+00  6.91830971e+05  1.00094186e+02 
 7.07945784e+05 -2.20848556e+00  7.07945784e+05  9.95605014e+01 
 7.24435960e+05 -2.32278282e+00  7.24435960e+05  9.90070459e+01 
 7.41310241e+05 -2.43809505e+00  7.41310241e+05  9.84338996e+01 
 7.58577575e+05 -2.55448351e+00  7.58577575e+05  9.78411547e+01 
 7.76247117e+05 -2.67200694e+00  7.76247117e+05  9.72289142e+01 
 7.94328235e+05 -2.79072152e+00  7.94328235e+05  9.65972913e+01 
 8.12830516e+05 -2.91068071e+00  8.12830516e+05  9.59464072e+01 
 8.31763771e+05 -3.03193524e+00  8.31763771e+05  9.52763908e+01 
 8.51138038e+05 -3.15453302e+00  8.51138038e+05  9.45873763e+01 
 8.70963590e+05 -3.27851911e+00  8.70963590e+05  9.38795025e+01 
 8.91250938e+05 -3.40393571e+00  8.91250938e+05  9.31529113e+01 
 9.12010839e+05 -3.53082212e+00  9.12010839e+05  9.24077459e+01 
 9.33254301e+05 -3.65921479e+00  9.33254301e+05  9.16441498e+01 
 9.54992586e+05 -3.78914732e+00  9.54992586e+05  9.08622651e+01 
 9.77237221e+05 -3.92065053e+00  9.77237221e+05  9.00622315e+01 
 1.00000000e+06 -4.05375249e+00  1.00000000e+06  8.92441845e+01 
 1.02329299e+06 -4.18847864e+00  1.02329299e+06  8.84082543e+01 
 1.04712855e+06 -4.32485185e+00  1.04712855e+06  8.75545646e+01 
 1.07151931e+06 -4.46289255e+00  1.07151931e+06  8.66832312e+01 
 1.09647820e+06 -4.60261889e+00  1.09647820e+06  8.57943608e+01 
 1.12201845e+06 -4.74404683e+00  1.12201845e+06  8.48880501e+01 
 1.14815362e+06 -4.88719035e+00  1.14815362e+06  8.39643845e+01 
 1.17489755e+06 -5.03206161e+00  1.17489755e+06  8.30234375e+01 
 1.20226443e+06 -5.17867116e+00  1.20226443e+06  8.20652694e+01 
 1.23026877e+06 -5.32702816e+00  1.23026877e+06  8.10899267e+01 
 1.25892541e+06 -5.47714058e+00  1.25892541e+06  8.00974416e+01 
 1.28824955e+06 -5.62901549e+00  1.28824955e+06  7.90878309e+01 
 1.31825674e+06 -5.78265931e+00  1.31825674e+06  7.80610963e+01 
 1.34896288e+06 -5.93807808e+00  1.34896288e+06  7.70172233e+01 
 1.38038426e+06 -6.09527779e+00  1.38038426e+06  7.59561815e+01 
 1.41253754e+06 -6.25426468e+00  1.41253754e+06  7.48779246e+01 
 1.44543977e+06 -6.41504556e+00  1.44543977e+06  7.37823900e+01 
 1.47910839e+06 -6.57762824e+00  1.47910839e+06  7.26694999e+01 
 1.51356125e+06 -6.74202181e+00  1.51356125e+06  7.15391609e+01 
 1.54881662e+06 -6.90823715e+00  1.54881662e+06  7.03912658e+01 
 1.58489319e+06 -7.07628725e+00  1.58489319e+06  6.92256938e+01 
 1.62181010e+06 -7.24618771e+00  1.62181010e+06  6.80423120e+01 
 1.65958691e+06 -7.41795719e+00  1.65958691e+06  6.68409776e+01 
 1.69824365e+06 -7.59161792e+00  1.69824365e+06  6.56215389e+01 
 1.73780083e+06 -7.76719612e+00  1.73780083e+06  6.43838389e+01 
 1.77827941e+06 -7.94472261e+00  1.77827941e+06  6.31277174e+01 
 1.81970086e+06 -8.12423327e+00  1.81970086e+06  6.18530148e+01 
 1.86208714e+06 -8.30576963e+00  1.86208714e+06  6.05595763e+01 
 1.90546072e+06 -8.48937933e+00  1.90546072e+06  5.92472565e+01 
 1.94984460e+06 -8.67511669e+00  1.94984460e+06  5.79159253e+01 
 1.99526231e+06 -8.86304316e+00  1.99526231e+06  5.65654739e+01 
 2.04173794e+06 -9.05322779e+00  2.04173794e+06  5.51958225e+01 
 2.08929613e+06 -9.24574758e+00  2.08929613e+06  5.38069287e+01 
 2.13796209e+06 -9.44068776e+00  2.13796209e+06  5.23987969e+01 
 2.18776162e+06 -9.63814194e+00  2.18776162e+06  5.09714888e+01 
 2.23872114e+06 -9.83821210e+00  2.23872114e+06  4.95251354e+01 
 2.29086765e+06 -1.00410083e+01  2.29086765e+06  4.80599499e+01 
 2.34422882e+06 -1.02466483e+01  2.34422882e+06  4.65762415e+01 
 2.39883292e+06 -1.04552567e+01  2.39883292e+06  4.50744303e+01 
 2.45470892e+06 -1.06669635e+01  2.45470892e+06  4.35550632e+01 
 2.51188643e+06 -1.08819030e+01  2.51188643e+06  4.20188293e+01 
 2.57039578e+06 -1.11002110e+01  2.57039578e+06  4.04665763e+01 
 2.63026799e+06 -1.13220228e+01  2.63026799e+06  3.88993252e+01 
 2.69153480e+06 -1.15474692e+01  2.69153480e+06  3.73182840e+01 
 2.75422870e+06 -1.17766734e+01  2.75422870e+06  3.57248590e+01 
 2.81838293e+06 -1.20097455e+01  2.81838293e+06  3.41206631e+01 
 2.88403150e+06 -1.22467787e+01  2.88403150e+06  3.25075183e+01 
 2.95120923e+06 -1.24878424e+01  2.95120923e+06  3.08874543e+01 
 3.01995172e+06 -1.27329775e+01  3.01995172e+06  2.92626988e+01 
 3.09029543e+06 -1.29821897e+01  3.09029543e+06  2.76356606e+01 
 3.16227766e+06 -1.32354439e+01  3.16227766e+06  2.60089040e+01 
 3.23593657e+06 -1.34926586e+01  3.23593657e+06  2.43851137e+01 
 3.31131121e+06 -1.37537014e+01  3.31131121e+06  2.27670517e+01 
 3.38844156e+06 -1.40183851e+01  3.38844156e+06  2.11575045e+01 
 3.46736850e+06 -1.42864660e+01  3.46736850e+06  1.95592245e+01 
 3.54813389e+06 -1.45576433e+01  3.54813389e+06  1.79748661e+01 
 3.63078055e+06 -1.48315607e+01  3.63078055e+06  1.64069192e+01 
 3.71535229e+06 -1.51078103e+01  3.71535229e+06  1.48576442e+01 
 3.80189396e+06 -1.53859388e+01  3.80189396e+06  1.33290112e+01 
 3.89045145e+06 -1.56654547e+01  3.89045145e+06  1.18226463e+01 
 3.98107171e+06 -1.59458385e+01  3.98107171e+06  1.03397902e+01 
 4.07380278e+06 -1.62265530e+01  4.07380278e+06  8.88126866e+00 
 4.16869383e+06 -1.65070552e+01  4.16869383e+06  7.44747937e+00 
 4.26579519e+06 -1.67868077e+01  4.26579519e+06  6.03839421e+00 
 4.36515832e+06 -1.70652897e+01  4.36515832e+06  4.65357711e+00 
 4.46683592e+06 -1.73420077e+01  4.46683592e+06  3.29221598e+00 
 4.57088190e+06 -1.76165040e+01  4.57088190e+06  1.95316665e+00 
 4.67735141e+06 -1.78883633e+01  4.67735141e+06  6.35005689e-01 
 4.78630092e+06 -1.81572186e+01  4.78630092e+06 -6.63910985e-01 
 4.89778819e+06 -1.84227530e+01  4.89778819e+06 -1.94538714e+00 
 5.01187234e+06 -1.86847018e+01  5.01187234e+06 -3.21132594e+00 
 5.12861384e+06 -1.89428510e+01  5.12861384e+06 -4.46367301e+00 
 5.24807460e+06 -1.91970354e+01  5.24807460e+06 -5.70436516e+00 
 5.37031796e+06 -1.94471351e+01  5.37031796e+06 -6.93528603e+00 
 5.49540874e+06 -1.96930708e+01  5.49540874e+06 -8.15822982e+00 
 5.62341325e+06 -1.99347996e+01  5.62341325e+06 -9.37487307e+00 
 5.75439937e+06 -2.01723090e+01  5.75439937e+06 -1.05867547e+01 
 5.88843655e+06 -2.04056124e+01  5.88843655e+06 -1.17952635e+01 
 6.02559586e+06 -2.06347440e+01  6.02559586e+06 -1.30016319e+01 
 6.16595002e+06 -2.08597537e+01  6.16595002e+06 -1.42069361e+01 
 6.30957344e+06 -2.10807035e+01  6.30957344e+06 -1.54121004e+01 
 6.45654229e+06 -2.12976634e+01  6.45654229e+06 -1.66179048e+01 
 6.60693448e+06 -2.15107087e+01  6.60693448e+06 -1.78249960e+01 
 6.76082975e+06 -2.17199167e+01  6.76082975e+06 -1.90338996e+01 
 6.91830971e+06 -2.19253651e+01  6.91830971e+06 -2.02450335e+01 
 7.07945784e+06 -2.21271304e+01  7.07945784e+06 -2.14587214e+01 
 7.24435960e+06 -2.23252861e+01  7.24435960e+06 -2.26752069e+01 
 7.41310241e+06 -2.25199024e+01  7.41310241e+06 -2.38946664e+01 
 7.58577575e+06 -2.27110453e+01  7.58577575e+06 -2.51172218e+01 
 7.76247117e+06 -2.28987763e+01  7.76247117e+06 -2.63429518e+01 
 7.94328235e+06 -2.30831524e+01  7.94328235e+06 -2.75719025e+01 
 8.12830516e+06 -2.32642263e+01  8.12830516e+06 -2.88040968e+01 
 8.31763771e+06 -2.34420462e+01  8.31763771e+06 -3.00395428e+01 
 8.51138038e+06 -2.36166566e+01  8.51138038e+06 -3.12782409e+01 
 8.70963590e+06 -2.37880983e+01  8.70963590e+06 -3.25201896e+01 
 8.91250938e+06 -2.39564090e+01  8.91250938e+06 -3.37653914e+01 
 9.12010839e+06 -2.41216236e+01  9.12010839e+06 -3.50138559e+01 
 9.33254301e+06 -2.42837750e+01  9.33254301e+06 -3.62656039e+01 
 9.54992586e+06 -2.44428942e+01  9.54992586e+06 -3.75206699e+01 
 9.77237221e+06 -2.45990110e+01  9.77237221e+06 -3.87791031e+01 
 1.00000000e+07 -2.47521543e+01  1.00000000e+07 -4.00409696e+01 
 1.02329299e+07 -2.49023528e+01  1.02329299e+07 -4.13063519e+01 
 1.04712855e+07 -2.50496349e+01  1.04712855e+07 -4.25753497e+01 
 1.07151931e+07 -2.51940298e+01  1.07151931e+07 -4.38480791e+01 
 1.09647820e+07 -2.53355670e+01  1.09647820e+07 -4.51246716e+01 
 1.12201845e+07 -2.54742775e+01  1.12201845e+07 -4.64052733e+01 
 1.14815362e+07 -2.56101934e+01  1.14815362e+07 -4.76900428e+01 
 1.17489755e+07 -2.57433485e+01  1.17489755e+07 -4.89791500e+01 
 1.20226443e+07 -2.58737785e+01  1.20226443e+07 -5.02727736e+01 
 1.23026877e+07 -2.60015211e+01  1.23026877e+07 -5.15710989e+01 
 1.25892541e+07 -2.61266163e+01  1.25892541e+07 -5.28743158e+01 
 1.28824955e+07 -2.62491064e+01  1.28824955e+07 -5.41826157e+01 
 1.31825674e+07 -2.63690365e+01  1.31825674e+07 -5.54961893e+01 
 1.34896288e+07 -2.64864541e+01  1.34896288e+07 -5.68152236e+01 
 1.38038426e+07 -2.66014095e+01  1.38038426e+07 -5.81398994e+01 
 1.41253754e+07 -2.67139558e+01  1.41253754e+07 -5.94703884e+01 
 1.44543977e+07 -2.68241488e+01  1.44543977e+07 -6.08068501e+01 
 1.47910839e+07 -2.69320472e+01  1.47910839e+07 -6.21494297e+01 
 1.51356125e+07 -2.70377128e+01  1.51356125e+07 -6.34982545e+01 
 1.54881662e+07 -2.71412097e+01  1.54881662e+07 -6.48534319e+01 
 1.58489319e+07 -2.72426054e+01  1.58489319e+07 -6.62150464e+01 
 1.62181010e+07 -2.73419696e+01  1.62181010e+07 -6.75831571e+01 
 1.65958691e+07 -2.74393751e+01  1.65958691e+07 -6.89577953e+01 
 1.69824365e+07 -2.75348971e+01  1.69824365e+07 -7.03389621e+01 
 1.73780083e+07 -2.76286133e+01  1.73780083e+07 -7.17266261e+01 
 1.77827941e+07 -2.77206040e+01  1.77827941e+07 -7.31207214e+01 
 1.81970086e+07 -2.78109516e+01  1.81970086e+07 -7.45211456e+01 
 1.86208714e+07 -2.78997407e+01  1.86208714e+07 -7.59277578e+01 
 1.90546072e+07 -2.79870581e+01  1.90546072e+07 -7.73403775e+01 
 1.94984460e+07 -2.80729924e+01  1.94984460e+07 -7.87587824e+01 
 1.99526231e+07 -2.81576339e+01  1.99526231e+07 -8.01827074e+01 
 2.04173794e+07 -2.82410745e+01  2.04173794e+07 -8.16118438e+01 
 2.08929613e+07 -2.83234074e+01  2.08929613e+07 -8.30458376e+01 
 2.13796209e+07 -2.84047271e+01  2.13796209e+07 -8.44842893e+01 
 2.18776162e+07 -2.84851291e+01  2.18776162e+07 -8.59267532e+01 
 2.23872114e+07 -2.85647095e+01  2.23872114e+07 -8.73727368e+01 
 2.29086765e+07 -2.86435653e+01  2.29086765e+07 -8.88217008e+01 
 2.34422882e+07 -2.87217935e+01  2.34422882e+07 -9.02730589e+01 
 2.39883292e+07 -2.87994915e+01  2.39883292e+07 -9.17261779e+01 
 2.45470892e+07 -2.88767562e+01  2.45470892e+07 -9.31803781e+01 
 2.51188643e+07 -2.89536846e+01  2.51188643e+07 -9.46349341e+01 
 2.57039578e+07 -2.90303726e+01  2.57039578e+07 -9.60890748e+01 
 2.63026799e+07 -2.91069153e+01  2.63026799e+07 -9.75419847e+01 
 2.69153480e+07 -2.91834068e+01  2.69153480e+07 -9.89928048e+01 
 2.75422870e+07 -2.92599395e+01  2.75422870e+07 -1.00440634e+02 
 2.81838293e+07 -2.93366041e+01  2.81838293e+07 -1.01884528e+02 
 2.88403150e+07 -2.94134892e+01  2.88403150e+07 -1.03323507e+02 
 2.95120923e+07 -2.94906810e+01  2.95120923e+07 -1.04756548e+02 
 3.01995172e+07 -2.95682630e+01  3.01995172e+07 -1.06182595e+02 
 3.09029543e+07 -2.96463157e+01  3.09029543e+07 -1.07600554e+02 
 3.16227766e+07 -2.97249164e+01  3.16227766e+07 -1.09009301e+02 
 3.23593657e+07 -2.98041384e+01  3.23593657e+07 -1.10407679e+02 
 3.31131121e+07 -2.98840513e+01  3.31131121e+07 -1.11794500e+02 
 3.38844156e+07 -2.99647201e+01  3.38844156e+07 -1.13168552e+02 
 3.46736850e+07 -3.00462054e+01  3.46736850e+07 -1.14528596e+02 
 3.54813389e+07 -3.01285624e+01  3.54813389e+07 -1.15873369e+02 
 3.63078055e+07 -3.02118412e+01  3.63078055e+07 -1.17201589e+02 
 3.71535229e+07 -3.02960859e+01  3.71535229e+07 -1.18511951e+02 
 3.80189396e+07 -3.03813347e+01  3.80189396e+07 -1.19803139e+02 
 3.89045145e+07 -3.04676190e+01  3.89045145e+07 -1.21073816e+02 
 3.98107171e+07 -3.05549635e+01  3.98107171e+07 -1.22322638e+02 
 4.07380278e+07 -3.06433857e+01  4.07380278e+07 -1.23548248e+02 
 4.16869383e+07 -3.07328952e+01  4.16869383e+07 -1.24749280e+02 
 4.26579519e+07 -3.08234936e+01  4.26579519e+07 -1.25924365e+02 
 4.36515832e+07 -3.09151741e+01  4.36515832e+07 -1.27072129e+02 
 4.46683592e+07 -3.10079208e+01  4.46683592e+07 -1.28191197e+02 
 4.57088190e+07 -3.11017086e+01  4.57088190e+07 -1.29280197e+02 
 4.67735141e+07 -3.11965024e+01  4.67735141e+07 -1.30337758e+02 
 4.78630092e+07 -3.12922571e+01  4.78630092e+07 -1.31362519e+02 
 4.89778819e+07 -3.13889164e+01  4.89778819e+07 -1.32353126e+02 
 5.01187234e+07 -3.14864132e+01  5.01187234e+07 -1.33308241e+02 
 5.12861384e+07 -3.15846684e+01  5.12861384e+07 -1.34226540e+02 
 5.24807460e+07 -3.16835907e+01  5.24807460e+07 -1.35106719e+02 
 5.37031796e+07 -3.17830760e+01  5.37031796e+07 -1.35947497e+02 
 5.49540874e+07 -3.18830070e+01  5.49540874e+07 -1.36747625e+02 
 5.62341325e+07 -3.19832524e+01  5.62341325e+07 -1.37505884e+02 
 5.75439937e+07 -3.20836668e+01  5.75439937e+07 -1.38221096e+02 
 5.88843655e+07 -3.21840900e+01  5.88843655e+07 -1.38892126e+02 
 6.02559586e+07 -3.22843464e+01  6.02559586e+07 -1.39517892e+02 
 6.16595002e+07 -3.23842451e+01  6.16595002e+07 -1.40097373e+02 
 6.30957344e+07 -3.24835790e+01  6.30957344e+07 -1.40629615e+02 
 6.45654229e+07 -3.25821252e+01  6.45654229e+07 -1.41113739e+02 
 6.60693448e+07 -3.26796443e+01  6.60693448e+07 -1.41548956e+02 
 6.76082975e+07 -3.27758807e+01  6.76082975e+07 -1.41934574e+02 
 6.91830971e+07 -3.28705631e+01  6.91830971e+07 -1.42270011e+02 
 7.07945784e+07 -3.29634044e+01  7.07945784e+07 -1.42554806e+02 
 7.24435960e+07 -3.30541026e+01  7.24435960e+07 -1.42788636e+02 
 7.41310241e+07 -3.31423419e+01  7.41310241e+07 -1.42971325e+02 
 7.58577575e+07 -3.32277937e+01  7.58577575e+07 -1.43102860e+02 
 7.76247117e+07 -3.33101184e+01  7.76247117e+07 -1.43183404e+02 
 7.94328235e+07 -3.33889670e+01  7.94328235e+07 -1.43213311e+02 
 8.12830516e+07 -3.34639838e+01  8.12830516e+07 -1.43193138e+02 
 8.31763771e+07 -3.35348091e+01  8.31763771e+07 -1.43123654e+02 
 8.51138038e+07 -3.36010820e+01  8.51138038e+07 -1.43005852e+02 
 8.70963590e+07 -3.36624443e+01  8.70963590e+07 -1.42840960e+02 
 8.91250938e+07 -3.37185437e+01  8.91250938e+07 -1.42630437e+02 
 9.12010839e+07 -3.37690387e+01  9.12010839e+07 -1.42375983e+02 
 9.33254301e+07 -3.38136022e+01  9.33254301e+07 -1.42079534e+02 
 9.54992586e+07 -3.38519262e+01  9.54992586e+07 -1.41743251e+02 
 9.77237221e+07 -3.38837262e+01  9.77237221e+07 -1.41369518e+02 
 1.00000000e+08 -3.39087454e+01  1.00000000e+08 -1.40960920e+02 
