 2.00000000e+01  3.26685483e-08  2.00000000e+01  1.04045280e-08 
 2.04658598e+01  3.26206887e-08  2.04658598e+01  1.03891436e-08 
 2.09425710e+01  3.25738489e-08  2.09425710e+01  1.03740908e-08 
 2.14303861e+01  3.25280086e-08  2.14303861e+01  1.03593628e-08 
 2.19295639e+01  3.24831478e-08  2.19295639e+01  1.03449529e-08 
 2.24403691e+01  3.24392470e-08  2.24403691e+01  1.03308545e-08 
 2.29630724e+01  3.23962869e-08  2.29630724e+01  1.03170613e-08 
 2.34979511e+01  3.23542484e-08  2.34979511e+01  1.03035670e-08 
 2.40452887e+01  3.23131132e-08  2.40452887e+01  1.02903653e-08 
 2.46053754e+01  3.22728628e-08  2.46053754e+01  1.02774502e-08 
 2.51785082e+01  3.22334793e-08  2.51785082e+01  1.02648158e-08 
 2.57649910e+01  3.21949451e-08  2.57649910e+01  1.02524562e-08 
 2.63651348e+01  3.21572429e-08  2.63651348e+01  1.02403658e-08 
 2.69792577e+01  3.21203555e-08  2.69792577e+01  1.02285388e-08 
 2.76076853e+01  3.20842664e-08  2.76076853e+01  1.02169698e-08 
 2.82507509e+01  3.20489592e-08  2.82507509e+01  1.02056533e-08 
 2.89087954e+01  3.20144176e-08  2.89087954e+01  1.01945842e-08 
 2.95821678e+01  3.19806260e-08  2.95821678e+01  1.01837571e-08 
 3.02712250e+01  3.19475688e-08  3.02712250e+01  1.01731670e-08 
 3.09763324e+01  3.19152308e-08  3.09763324e+01  1.01628090e-08 
 3.16978638e+01  3.18835970e-08  3.16978638e+01  1.01526780e-08 
 3.24362019e+01  3.18526528e-08  3.24362019e+01  1.01427692e-08 
 3.31917381e+01  3.18223838e-08  3.31917381e+01  1.01330781e-08 
 3.39648730e+01  3.17927758e-08  3.39648730e+01  1.01236000e-08 
 3.47560166e+01  3.17638151e-08  3.47560166e+01  1.01143302e-08 
 3.55655882e+01  3.17354880e-08  3.55655882e+01  1.01052645e-08 
 3.63940172e+01  3.17077813e-08  3.63940172e+01  1.00963985e-08 
 3.72417427e+01  3.16806818e-08  3.72417427e+01  1.00877278e-08 
 3.81092144e+01  3.16541768e-08  3.81092144e+01  1.00792484e-08 
 3.89968920e+01  3.16282536e-08  3.89968920e+01  1.00709561e-08 
 3.99052463e+01  3.16029001e-08  3.99052463e+01  1.00628469e-08 
 4.08347589e+01  3.15781040e-08  4.08347589e+01  1.00549169e-08 
 4.17859226e+01  3.15538536e-08  4.17859226e+01  1.00471623e-08 
 4.27592418e+01  3.15301372e-08  4.27592418e+01  1.00395792e-08 
 4.37552325e+01  3.15069435e-08  4.37552325e+01  1.00321641e-08 
 4.47744228e+01  3.14842614e-08  4.47744228e+01  1.00249132e-08 
 4.58173531e+01  3.14620798e-08  4.58173531e+01  1.00178230e-08 
 4.68845763e+01  3.14403881e-08  4.68845763e+01  1.00108900e-08 
 4.79766584e+01  3.14191758e-08  4.79766584e+01  1.00041110e-08 
 4.90941783e+01  3.13984325e-08  4.90941783e+01  9.99748240e-09 
 5.02377286e+01  3.13781483e-08  5.02377286e+01  9.99100109e-09 
 5.14079157e+01  3.13583133e-08  5.14079157e+01  9.98466383e-09 
 5.26053598e+01  3.13389177e-08  5.26053598e+01  9.97846751e-09 
 5.38306961e+01  3.13199521e-08  5.38306961e+01  9.97240905e-09 
 5.50845741e+01  3.13014072e-08  5.50845741e+01  9.96648546e-09 
 5.63676586e+01  3.12832739e-08  5.63676586e+01  9.96069379e-09 
 5.76806301e+01  3.12655433e-08  5.76806301e+01  9.95503117e-09 
 5.90241845e+01  3.12482067e-08  5.90241845e+01  9.94949479e-09 
 6.03990344e+01  3.12312555e-08  6.03990344e+01  9.94408188e-09 
 6.18059087e+01  3.12146814e-08  6.18059087e+01  9.93878975e-09 
 6.32455532e+01  3.11984761e-08  6.32455532e+01  9.93361576e-09 
 6.47187314e+01  3.11826317e-08  6.47187314e+01  9.92855730e-09 
 6.62262243e+01  3.11671402e-08  6.62262243e+01  9.92361186e-09 
 6.77688312e+01  3.11519941e-08  6.77688312e+01  9.91877695e-09 
 6.93473701e+01  3.11371856e-08  6.93473701e+01  9.91405015e-09 
 7.09626778e+01  3.11227075e-08  7.09626778e+01  9.90942908e-09 
 7.26156110e+01  3.11085526e-08  7.26156110e+01  9.90491141e-09 
 7.43070458e+01  3.10947137e-08  7.43070458e+01  9.90049487e-09 
 7.60378793e+01  3.10811839e-08  7.60378793e+01  9.89617724e-09 
 7.78090290e+01  3.10679565e-08  7.78090290e+01  9.89195632e-09 
 7.96214341e+01  3.10550248e-08  7.96214341e+01  9.88782999e-09 
 8.14760556e+01  3.10423823e-08  8.14760556e+01  9.88379617e-09 
 8.33738767e+01  3.10300227e-08  8.33738767e+01  9.87985280e-09 
 8.53159038e+01  3.10179398e-08  8.53159038e+01  9.87599789e-09 
 8.73031664e+01  3.10061274e-08  8.73031664e+01  9.87222948e-09 
 8.93367184e+01  3.09945796e-08  8.93367184e+01  9.86854566e-09 
 9.14176379e+01  3.09832906e-08  9.14176379e+01  9.86494456e-09 
 9.35470283e+01  3.09722546e-08  9.35470283e+01  9.86142434e-09 
 9.57260185e+01  3.09614660e-08  9.57260185e+01  9.85798320e-09 
 9.79557639e+01  3.09509195e-08  9.79557639e+01  9.85461940e-09 
 1.00237447e+02  3.09406096e-08  1.00237447e+02  9.85133122e-09 
 1.02572277e+02  3.09305311e-08  1.02572277e+02  9.84811698e-09 
 1.04961492e+02  3.09206789e-08  1.04961492e+02  9.84497503e-09 
 1.07406359e+02  3.09110479e-08  1.07406359e+02  9.84190377e-09 
 1.09908175e+02  3.09016334e-08  1.09908175e+02  9.83890163e-09 
 1.12468265e+02  3.08924304e-08  1.12468265e+02  9.83596706e-09 
 1.15087987e+02  3.08834342e-08  1.15087987e+02  9.83309857e-09 
 1.17768731e+02  3.08746403e-08  1.17768731e+02  9.83029468e-09 
 1.20511917e+02  3.08660442e-08  1.20511917e+02  9.82755395e-09 
 1.23319000e+02  3.08576415e-08  1.23319000e+02  9.82487498e-09 
 1.26191469e+02  3.08494279e-08  1.26191469e+02  9.82225638e-09 
 1.29130846e+02  3.08413991e-08  1.29130846e+02  9.81969680e-09 
 1.32138690e+02  3.08335511e-08  1.32138690e+02  9.81719494e-09 
 1.35216595e+02  3.08258798e-08  1.35216595e+02  9.81474950e-09 
 1.38366194e+02  3.08183813e-08  1.38366194e+02  9.81235922e-09 
 1.41589157e+02  3.08110517e-08  1.41589157e+02  9.81002286e-09 
 1.44887192e+02  3.08038873e-08  1.44887192e+02  9.80773923e-09 
 1.48262048e+02  3.07968844e-08  1.48262048e+02  9.80550713e-09 
 1.51715515e+02  3.07900393e-08  1.51715515e+02  9.80332543e-09 
 1.55249423e+02  3.07833485e-08  1.55249423e+02  9.80119298e-09 
 1.58865647e+02  3.07768087e-08  1.58865647e+02  9.79910869e-09 
 1.62566103e+02  3.07704164e-08  1.62566103e+02  9.79707148e-09 
 1.66352754e+02  3.07641682e-08  1.66352754e+02  9.79508029e-09 
 1.70227608e+02  3.07580611e-08  1.70227608e+02  9.79313408e-09 
 1.74192718e+02  3.07520918e-08  1.74192718e+02  9.79123186e-09 
 1.78250188e+02  3.07462572e-08  1.78250188e+02  9.78937263e-09 
 1.82402168e+02  3.07405543e-08  1.82402168e+02  9.78755543e-09 
 1.86650860e+02  3.07349802e-08  1.86650860e+02  9.78577932e-09 
 1.90998517e+02  3.07295320e-08  1.90998517e+02  9.78404337e-09 
 1.95447444e+02  3.07242069e-08  1.95447444e+02  9.78234667e-09 
 2.00000000e+02  3.07190020e-08  2.00000000e+02  9.78068836e-09 
 2.04658598e+02  3.07139147e-08  2.04658598e+02  9.77906756e-09 
 2.09425710e+02  3.07089423e-08  2.09425710e+02  9.77748343e-09 
 2.14303861e+02  3.07040823e-08  2.14303861e+02  9.77593515e-09 
 2.19295639e+02  3.06993321e-08  2.19295639e+02  9.77442191e-09 
 2.24403691e+02  3.06946893e-08  2.24403691e+02  9.77294292e-09 
 2.29630724e+02  3.06901515e-08  2.29630724e+02  9.77149742e-09 
 2.34979511e+02  3.06857162e-08  2.34979511e+02  9.77008464e-09 
 2.40452887e+02  3.06813812e-08  2.40452887e+02  9.76870385e-09 
 2.46053754e+02  3.06771442e-08  2.46053754e+02  9.76735433e-09 
 2.51785082e+02  3.06730030e-08  2.51785082e+02  9.76603537e-09 
 2.57649910e+02  3.06689554e-08  2.57649910e+02  9.76474629e-09 
 2.63651348e+02  3.06649994e-08  2.63651348e+02  9.76348642e-09 
 2.69792577e+02  3.06611328e-08  2.69792577e+02  9.76225508e-09 
 2.76076853e+02  3.06573537e-08  2.76076853e+02  9.76105165e-09 
 2.82507509e+02  3.06536601e-08  2.82507509e+02  9.75987549e-09 
 2.89087954e+02  3.06500499e-08  2.89087954e+02  9.75872599e-09 
 2.95821678e+02  3.06465215e-08  2.95821678e+02  9.75760254e-09 
 3.02712250e+02  3.06430728e-08  3.02712250e+02  9.75650456e-09 
 3.09763324e+02  3.06397022e-08  3.09763324e+02  9.75543147e-09 
 3.16978638e+02  3.06364077e-08  3.16978638e+02  9.75438271e-09 
 3.24362019e+02  3.06331878e-08  3.24362019e+02  9.75335773e-09 
 3.31917381e+02  3.06300407e-08  3.31917381e+02  9.75235599e-09 
 3.39648730e+02  3.06269647e-08  3.39648730e+02  9.75137697e-09 
 3.47560166e+02  3.06239583e-08  3.47560166e+02  9.75042016e-09 
 3.55655882e+02  3.06210199e-08  3.55655882e+02  9.74948505e-09 
 3.63940172e+02  3.06181479e-08  3.63940172e+02  9.74857116e-09 
 3.72417427e+02  3.06153409e-08  3.72417427e+02  9.74767800e-09 
 3.81092144e+02  3.06125972e-08  3.81092144e+02  9.74680510e-09 
 3.89968920e+02  3.06099156e-08  3.89968920e+02  9.74595201e-09 
 3.99052463e+02  3.06072946e-08  3.99052463e+02  9.74511827e-09 
 4.08347589e+02  3.06047327e-08  4.08347589e+02  9.74430346e-09 
 4.17859226e+02  3.06022288e-08  4.17859226e+02  9.74350715e-09 
 4.27592418e+02  3.05997813e-08  4.27592418e+02  9.74272890e-09 
 4.37552325e+02  3.05973891e-08  4.37552325e+02  9.74196832e-09 
 4.47744228e+02  3.05950509e-08  4.47744228e+02  9.74122501e-09 
 4.58173531e+02  3.05927655e-08  4.58173531e+02  9.74049858e-09 
 4.68845763e+02  3.05905316e-08  4.68845763e+02  9.73978863e-09 
 4.79766584e+02  3.05883480e-08  4.79766584e+02  9.73909481e-09 
 4.90941783e+02  3.05862137e-08  4.90941783e+02  9.73841674e-09 
 5.02377286e+02  3.05841274e-08  5.02377286e+02  9.73775408e-09 
 5.14079157e+02  3.05820882e-08  5.14079157e+02  9.73710646e-09 
 5.26053598e+02  3.05800948e-08  5.26053598e+02  9.73647355e-09 
 5.38306961e+02  3.05781462e-08  5.38306961e+02  9.73585501e-09 
 5.50845741e+02  3.05762414e-08  5.50845741e+02  9.73525053e-09 
 5.63676586e+02  3.05743794e-08  5.63676586e+02  9.73465978e-09 
 5.76806301e+02  3.05725592e-08  5.76806301e+02  9.73408245e-09 
 5.90241845e+02  3.05707798e-08  5.90241845e+02  9.73351823e-09 
 6.03990344e+02  3.05690404e-08  6.03990344e+02  9.73296684e-09 
 6.18059087e+02  3.05673398e-08  6.18059087e+02  9.73242797e-09 
 6.32455532e+02  3.05656773e-08  6.32455532e+02  9.73190136e-09 
 6.47187314e+02  3.05640519e-08  6.47187314e+02  9.73138671e-09 
 6.62262243e+02  3.05624628e-08  6.62262243e+02  9.73088375e-09 
 6.77688312e+02  3.05609092e-08  6.77688312e+02  9.73039223e-09 
 6.93473701e+02  3.05593901e-08  6.93473701e+02  9.72991188e-09 
 7.09626778e+02  3.05579048e-08  7.09626778e+02  9.72944245e-09 
 7.26156110e+02  3.05564524e-08  7.26156110e+02  9.72898369e-09 
 7.43070458e+02  3.05550323e-08  7.43070458e+02  9.72853537e-09 
 7.60378793e+02  3.05536436e-08  7.60378793e+02  9.72809723e-09 
 7.78090290e+02  3.05522855e-08  7.78090290e+02  9.72766906e-09 
 7.96214341e+02  3.05509574e-08  7.96214341e+02  9.72725063e-09 
 8.14760556e+02  3.05496585e-08  8.14760556e+02  9.72684171e-09 
 8.33738767e+02  3.05483880e-08  8.33738767e+02  9.72644210e-09 
 8.53159038e+02  3.05471454e-08  8.53159038e+02  9.72605157e-09 
 8.73031664e+02  3.05459299e-08  8.73031664e+02  9.72566992e-09 
 8.93367184e+02  3.05447409e-08  8.93367184e+02  9.72529696e-09 
 9.14176379e+02  3.05435777e-08  9.14176379e+02  9.72493249e-09 
 9.35470283e+02  3.05424396e-08  9.35470283e+02  9.72457631e-09 
 9.57260185e+02  3.05413260e-08  9.57260185e+02  9.72422823e-09 
 9.79557639e+02  3.05402364e-08  9.79557639e+02  9.72388807e-09 
 1.00237447e+03  3.05391700e-08  1.00237447e+03  9.72355566e-09 
 1.02572277e+03  3.05381264e-08  1.02572277e+03  9.72323081e-09 
 1.04961492e+03  3.05371048e-08  1.04961492e+03  9.72291336e-09 
 1.07406359e+03  3.05361048e-08  1.07406359e+03  9.72260314e-09 
 1.09908175e+03  3.05351258e-08  1.09908175e+03  9.72229998e-09 
 1.12468265e+03  3.05341671e-08  1.12468265e+03  9.72200372e-09 
 1.15087987e+03  3.05332283e-08  1.15087987e+03  9.72171422e-09 
 1.17768731e+03  3.05323089e-08  1.17768731e+03  9.72143130e-09 
 1.20511917e+03  3.05314082e-08  1.20511917e+03  9.72115484e-09 
 1.23319000e+03  3.05305257e-08  1.23319000e+03  9.72088467e-09 
 1.26191469e+03  3.05296610e-08  1.26191469e+03  9.72062066e-09 
 1.29130846e+03  3.05288135e-08  1.29130846e+03  9.72036266e-09 
 1.32138690e+03  3.05279827e-08  1.32138690e+03  9.72011055e-09 
 1.35216595e+03  3.05271681e-08  1.35216595e+03  9.71986419e-09 
 1.38366194e+03  3.05263692e-08  1.38366194e+03  9.71962344e-09 
 1.41589157e+03  3.05255856e-08  1.41589157e+03  9.71938819e-09 
 1.44887192e+03  3.05248166e-08  1.44887192e+03  9.71915830e-09 
 1.48262048e+03  3.05240620e-08  1.48262048e+03  9.71893366e-09 
 1.51715515e+03  3.05233211e-08  1.51715515e+03  9.71871415e-09 
 1.55249423e+03  3.05225936e-08  1.55249423e+03  9.71849965e-09 
 1.58865647e+03  3.05218789e-08  1.58865647e+03  9.71829005e-09 
 1.62566103e+03  3.05211766e-08  1.62566103e+03  9.71808524e-09 
 1.66352754e+03  3.05204861e-08  1.66352754e+03  9.71788511e-09 
 1.70227608e+03  3.05198072e-08  1.70227608e+03  9.71768955e-09 
 1.74192718e+03  3.05191392e-08  1.74192718e+03  9.71749846e-09 
 1.78250188e+03  3.05184817e-08  1.78250188e+03  9.71731175e-09 
 1.82402168e+03  3.05178343e-08  1.82402168e+03  9.71712931e-09 
 1.86650860e+03  3.05171966e-08  1.86650860e+03  9.71695104e-09 
 1.90998517e+03  3.05165679e-08  1.90998517e+03  9.71677686e-09 
 1.95447444e+03  3.05159480e-08  1.95447444e+03  9.71660667e-09 
 2.00000000e+03  3.05153363e-08  2.00000000e+03  9.71644038e-09 
 2.04658598e+03  3.05147324e-08  2.04658598e+03  9.71627791e-09 
 2.09425710e+03  3.05141357e-08  2.09425710e+03  9.71611916e-09 
 2.14303861e+03  3.05135459e-08  2.14303861e+03  9.71596406e-09 
 2.19295639e+03  3.05129624e-08  2.19295639e+03  9.71581253e-09 
 2.24403691e+03  3.05123848e-08  2.24403691e+03  9.71566448e-09 
 2.29630724e+03  3.05118126e-08  2.29630724e+03  9.71551983e-09 
 2.34979511e+03  3.05112453e-08  2.34979511e+03  9.71537852e-09 
 2.40452887e+03  3.05106825e-08  2.40452887e+03  9.71524047e-09 
 2.46053754e+03  3.05101235e-08  2.46053754e+03  9.71510560e-09 
 2.51785082e+03  3.05095679e-08  2.51785082e+03  9.71497384e-09 
 2.57649910e+03  3.05090152e-08  2.57649910e+03  9.71484513e-09 
 2.63651348e+03  3.05084649e-08  2.63651348e+03  9.71471940e-09 
 2.69792577e+03  3.05079164e-08  2.69792577e+03  9.71459659e-09 
 2.76076853e+03  3.05073692e-08  2.76076853e+03  9.71447662e-09 
 2.82507509e+03  3.05068227e-08  2.82507509e+03  9.71435943e-09 
 2.89087954e+03  3.05062764e-08  2.89087954e+03  9.71424498e-09 
 2.95821678e+03  3.05057296e-08  2.95821678e+03  9.71413319e-09 
 3.02712250e+03  3.05051818e-08  3.02712250e+03  9.71402401e-09 
 3.09763324e+03  3.05046324e-08  3.09763324e+03  9.71391738e-09 
 3.16978638e+03  3.05040807e-08  3.16978638e+03  9.71381324e-09 
 3.24362019e+03  3.05035261e-08  3.24362019e+03  9.71371155e-09 
 3.31917381e+03  3.05029679e-08  3.31917381e+03  9.71361226e-09 
 3.39648730e+03  3.05024055e-08  3.39648730e+03  9.71351530e-09 
 3.47560166e+03  3.05018381e-08  3.47560166e+03  9.71342063e-09 
 3.55655882e+03  3.05012651e-08  3.55655882e+03  9.71332820e-09 
 3.63940172e+03  3.05006856e-08  3.63940172e+03  9.71323797e-09 
 3.72417427e+03  3.05000989e-08  3.72417427e+03  9.71314988e-09 
 3.81092144e+03  3.04995043e-08  3.81092144e+03  9.71306390e-09 
 3.89968920e+03  3.04989008e-08  3.89968920e+03  9.71297998e-09 
 3.99052463e+03  3.04982876e-08  3.99052463e+03  9.71289808e-09 
 4.08347589e+03  3.04976639e-08  4.08347589e+03  9.71281816e-09 
 4.17859226e+03  3.04970288e-08  4.17859226e+03  9.71274017e-09 
 4.27592418e+03  3.04963812e-08  4.27592418e+03  9.71266408e-09 
 4.37552325e+03  3.04957202e-08  4.37552325e+03  9.71258986e-09 
 4.47744228e+03  3.04950449e-08  4.47744228e+03  9.71251745e-09 
 4.58173531e+03  3.04943540e-08  4.58173531e+03  9.71244684e-09 
 4.68845763e+03  3.04936466e-08  4.68845763e+03  9.71237798e-09 
 4.79766584e+03  3.04929215e-08  4.79766584e+03  9.71231084e-09 
 4.90941783e+03  3.04921774e-08  4.90941783e+03  9.71224539e-09 
 5.02377286e+03  3.04914133e-08  5.02377286e+03  9.71218160e-09 
 5.14079157e+03  3.04906277e-08  5.14079157e+03  9.71211944e-09 
 5.26053598e+03  3.04898193e-08  5.26053598e+03  9.71205887e-09 
 5.38306961e+03  3.04889868e-08  5.38306961e+03  9.71199988e-09 
 5.50845741e+03  3.04881287e-08  5.50845741e+03  9.71194243e-09 
 5.63676586e+03  3.04872434e-08  5.63676586e+03  9.71188649e-09 
 5.76806301e+03  3.04863295e-08  5.76806301e+03  9.71183205e-09 
 5.90241845e+03  3.04853852e-08  5.90241845e+03  9.71177908e-09 
 6.03990344e+03  3.04844089e-08  6.03990344e+03  9.71172755e-09 
 6.18059087e+03  3.04833987e-08  6.18059087e+03  9.71167745e-09 
 6.32455532e+03  3.04823528e-08  6.32455532e+03  9.71162875e-09 
 6.47187314e+03  3.04812692e-08  6.47187314e+03  9.71158142e-09 
 6.62262243e+03  3.04801460e-08  6.62262243e+03  9.71153547e-09 
 6.77688312e+03  3.04789810e-08  6.77688312e+03  9.71149086e-09 
 6.93473701e+03  3.04777719e-08  6.93473701e+03  9.71144757e-09 
 7.09626778e+03  3.04765166e-08  7.09626778e+03  9.71140560e-09 
 7.26156110e+03  3.04752125e-08  7.26156110e+03  9.71136493e-09 
 7.43070458e+03  3.04738571e-08  7.43070458e+03  9.71132553e-09 
 7.60378793e+03  3.04724479e-08  7.60378793e+03  9.71128741e-09 
 7.78090290e+03  3.04709820e-08  7.78090290e+03  9.71125055e-09 
 7.96214341e+03  3.04694566e-08  7.96214341e+03  9.71121494e-09 
 8.14760556e+03  3.04678687e-08  8.14760556e+03  9.71118056e-09 
 8.33738767e+03  3.04662151e-08  8.33738767e+03  9.71114741e-09 
 8.53159038e+03  3.04644926e-08  8.53159038e+03  9.71111549e-09 
 8.73031664e+03  3.04626978e-08  8.73031664e+03  9.71108478e-09 
 8.93367184e+03  3.04608271e-08  8.93367184e+03  9.71105528e-09 
 9.14176379e+03  3.04588767e-08  9.14176379e+03  9.71102698e-09 
 9.35470283e+03  3.04568427e-08  9.35470283e+03  9.71099989e-09 
 9.57260185e+03  3.04547210e-08  9.57260185e+03  9.71097401e-09 
 9.79557639e+03  3.04525075e-08  9.79557639e+03  9.71094932e-09 
 1.00237447e+04  3.04501975e-08  1.00237447e+04  9.71092583e-09 
 1.02572277e+04  3.04477865e-08  1.02572277e+04  9.71090355e-09 
 1.04961492e+04  3.04452695e-08  1.04961492e+04  9.71088248e-09 
 1.07406359e+04  3.04426415e-08  1.07406359e+04  9.71086261e-09 
 1.09908175e+04  3.04398971e-08  1.09908175e+04  9.71084397e-09 
 1.12468265e+04  3.04370308e-08  1.12468265e+04  9.71082655e-09 
 1.15087987e+04  3.04340367e-08  1.15087987e+04  9.71081037e-09 
 1.17768731e+04  3.04309087e-08  1.17768731e+04  9.71079543e-09 
 1.20511917e+04  3.04276406e-08  1.20511917e+04  9.71078175e-09 
 1.23319000e+04  3.04242255e-08  1.23319000e+04  9.71076934e-09 
 1.26191469e+04  3.04206567e-08  1.26191469e+04  9.71075822e-09 
 1.29130846e+04  3.04169267e-08  1.29130846e+04  9.71074841e-09 
 1.32138690e+04  3.04130281e-08  1.32138690e+04  9.71073991e-09 
 1.35216595e+04  3.04089528e-08  1.35216595e+04  9.71073276e-09 
 1.38366194e+04  3.04046926e-08  1.38366194e+04  9.71072697e-09 
 1.41589157e+04  3.04002388e-08  1.41589157e+04  9.71072258e-09 
 1.44887192e+04  3.03955823e-08  1.44887192e+04  9.71071960e-09 
 1.48262048e+04  3.03907138e-08  1.48262048e+04  9.71071807e-09 
 1.51715515e+04  3.03856232e-08  1.51715515e+04  9.71071802e-09 
 1.55249423e+04  3.03803003e-08  1.55249423e+04  9.71071948e-09 
 1.58865647e+04  3.03747343e-08  1.58865647e+04  9.71072248e-09 
 1.62566103e+04  3.03689138e-08  1.62566103e+04  9.71072707e-09 
 1.66352754e+04  3.03628272e-08  1.66352754e+04  9.71073328e-09 
 1.70227608e+04  3.03564621e-08  1.70227608e+04  9.71074116e-09 
 1.74192718e+04  3.03498057e-08  1.74192718e+04  9.71075076e-09 
 1.78250188e+04  3.03428446e-08  1.78250188e+04  9.71076212e-09 
 1.82402168e+04  3.03355647e-08  1.82402168e+04  9.71077529e-09 
 1.86650860e+04  3.03279516e-08  1.86650860e+04  9.71079034e-09 
 1.90998517e+04  3.03199898e-08  1.90998517e+04  9.71080731e-09 
 1.95447444e+04  3.03116636e-08  1.95447444e+04  9.71082627e-09 
 2.00000000e+04  3.03029563e-08  2.00000000e+04  9.71084729e-09 
