 2.00000000e+01  3.19220056e-08  2.00000000e+01  1.01659224e-08 
 2.04658598e+01  3.18871481e-08  2.04658598e+01  1.01546832e-08 
 2.09425710e+01  3.18530465e-08  2.09425710e+01  1.01436912e-08 
 2.14303861e+01  3.18196852e-08  2.14303861e+01  1.01329412e-08 
 2.19295639e+01  3.17870490e-08  2.19295639e+01  1.01224280e-08 
 2.24403691e+01  3.17551228e-08  2.24403691e+01  1.01121465e-08 
 2.29630724e+01  3.17238919e-08  2.29630724e+01  1.01020919e-08 
 2.34979511e+01  3.16933418e-08  2.34979511e+01  1.00922592e-08 
 2.40452887e+01  3.16634584e-08  2.40452887e+01  1.00826436e-08 
 2.46053754e+01  3.16342277e-08  2.46053754e+01  1.00732406e-08 
 2.51785082e+01  3.16056361e-08  2.51785082e+01  1.00640454e-08 
 2.57649910e+01  3.15776702e-08  2.57649910e+01  1.00550538e-08 
 2.63651348e+01  3.15503168e-08  2.63651348e+01  1.00462613e-08 
 2.69792577e+01  3.15235631e-08  2.69792577e+01  1.00376635e-08 
 2.76076853e+01  3.14973963e-08  2.76076853e+01  1.00292563e-08 
 2.82507509e+01  3.14718042e-08  2.82507509e+01  1.00210356e-08 
 2.89087954e+01  3.14467745e-08  2.89087954e+01  1.00129973e-08 
 2.95821678e+01  3.14222954e-08  2.95821678e+01  1.00051375e-08 
 3.02712250e+01  3.13983550e-08  3.02712250e+01  9.99745231e-09 
 3.09763324e+01  3.13749421e-08  3.09763324e+01  9.98993792e-09 
 3.16978638e+01  3.13520453e-08  3.16978638e+01  9.98259063e-09 
 3.24362019e+01  3.13296536e-08  3.24362019e+01  9.97540682e-09 
 3.31917381e+01  3.13077563e-08  3.31917381e+01  9.96838292e-09 
 3.39648730e+01  3.12863427e-08  3.39648730e+01  9.96151545e-09 
 3.47560166e+01  3.12654026e-08  3.47560166e+01  9.95480099e-09 
 3.55655882e+01  3.12449257e-08  3.55655882e+01  9.94823620e-09 
 3.63940172e+01  3.12249020e-08  3.63940172e+01  9.94181782e-09 
 3.72417427e+01  3.12053220e-08  3.72417427e+01  9.93554265e-09 
 3.81092144e+01  3.11861759e-08  3.81092144e+01  9.92940754e-09 
 3.89968920e+01  3.11674544e-08  3.89968920e+01  9.92340943e-09 
 3.99052463e+01  3.11491483e-08  3.99052463e+01  9.91754533e-09 
 4.08347589e+01  3.11312488e-08  4.08347589e+01  9.91181227e-09 
 4.17859226e+01  3.11137469e-08  4.17859226e+01  9.90620740e-09 
 4.27592418e+01  3.10966340e-08  4.27592418e+01  9.90072790e-09 
 4.37552325e+01  3.10799017e-08  4.37552325e+01  9.89537099e-09 
 4.47744228e+01  3.10635418e-08  4.47744228e+01  9.89013400e-09 
 4.58173531e+01  3.10475461e-08  4.58173531e+01  9.88501427e-09 
 4.68845763e+01  3.10319068e-08  4.68845763e+01  9.88000923e-09 
 4.79766584e+01  3.10166159e-08  4.79766584e+01  9.87511634e-09 
 4.90941783e+01  3.10016661e-08  4.90941783e+01  9.87033313e-09 
 5.02377286e+01  3.09870497e-08  5.02377286e+01  9.86565717e-09 
 5.14079157e+01  3.09727595e-08  5.14079157e+01  9.86108610e-09 
 5.26053598e+01  3.09587883e-08  5.26053598e+01  9.85661760e-09 
 5.38306961e+01  3.09451293e-08  5.38306961e+01  9.85224939e-09 
 5.50845741e+01  3.09317755e-08  5.50845741e+01  9.84797926e-09 
 5.63676586e+01  3.09187203e-08  5.63676586e+01  9.84380503e-09 
 5.76806301e+01  3.09059570e-08  5.76806301e+01  9.83972458e-09 
 5.90241845e+01  3.08934793e-08  5.90241845e+01  9.83573583e-09 
 6.03990344e+01  3.08812809e-08  6.03990344e+01  9.83183674e-09 
 6.18059087e+01  3.08693556e-08  6.18059087e+01  9.82802532e-09 
 6.32455532e+01  3.08576975e-08  6.32455532e+01  9.82429963e-09 
 6.47187314e+01  3.08463006e-08  6.47187314e+01  9.82065775e-09 
 6.62262243e+01  3.08351592e-08  6.62262243e+01  9.81709783e-09 
 6.77688312e+01  3.08242676e-08  6.77688312e+01  9.81361803e-09 
 6.93473701e+01  3.08136204e-08  6.93473701e+01  9.81021659e-09 
 7.09626778e+01  3.08032120e-08  7.09626778e+01  9.80689174e-09 
 7.26156110e+01  3.07930373e-08  7.26156110e+01  9.80364179e-09 
 7.43070458e+01  3.07830911e-08  7.43070458e+01  9.80046506e-09 
 7.60378793e+01  3.07733682e-08  7.60378793e+01  9.79735992e-09 
 7.78090290e+01  3.07638638e-08  7.78090290e+01  9.79432477e-09 
 7.96214341e+01  3.07545729e-08  7.96214341e+01  9.79135806e-09 
 8.14760556e+01  3.07454910e-08  8.14760556e+01  9.78845824e-09 
 8.33738767e+01  3.07366132e-08  8.33738767e+01  9.78562383e-09 
 8.53159038e+01  3.07279351e-08  8.53159038e+01  9.78285337e-09 
 8.73031664e+01  3.07194523e-08  8.73031664e+01  9.78014542e-09 
 8.93367184e+01  3.07111604e-08  8.93367184e+01  9.77749859e-09 
 9.14176379e+01  3.07030551e-08  9.14176379e+01  9.77491150e-09 
 9.35470283e+01  3.06951323e-08  9.35470283e+01  9.77238283e-09 
 9.57260185e+01  3.06873879e-08  9.57260185e+01  9.76991125e-09 
 9.79557639e+01  3.06798180e-08  9.79557639e+01  9.76749550e-09 
 1.00237447e+02  3.06724186e-08  1.00237447e+02  9.76513432e-09 
 1.02572277e+02  3.06651860e-08  1.02572277e+02  9.76282649e-09 
 1.04961492e+02  3.06581164e-08  1.04961492e+02  9.76057081e-09 
 1.07406359e+02  3.06512062e-08  1.07406359e+02  9.75836611e-09 
 1.09908175e+02  3.06444518e-08  1.09908175e+02  9.75621125e-09 
 1.12468265e+02  3.06378498e-08  1.12468265e+02  9.75410510e-09 
 1.15087987e+02  3.06313967e-08  1.15087987e+02  9.75204658e-09 
 1.17768731e+02  3.06250892e-08  1.17768731e+02  9.75003461e-09 
 1.20511917e+02  3.06189240e-08  1.20511917e+02  9.74806816e-09 
 1.23319000e+02  3.06128979e-08  1.23319000e+02  9.74614618e-09 
 1.26191469e+02  3.06070080e-08  1.26191469e+02  9.74426769e-09 
 1.29130846e+02  3.06012509e-08  1.29130846e+02  9.74243171e-09 
 1.32138690e+02  3.05956239e-08  1.32138690e+02  9.74063727e-09 
 1.35216595e+02  3.05901240e-08  1.35216595e+02  9.73888346e-09 
 1.38366194e+02  3.05847483e-08  1.38366194e+02  9.73716934e-09 
 1.41589157e+02  3.05794940e-08  1.41589157e+02  9.73549403e-09 
 1.44887192e+02  3.05743585e-08  1.44887192e+02  9.73385665e-09 
 1.48262048e+02  3.05693390e-08  1.48262048e+02  9.73225636e-09 
 1.51715515e+02  3.05644330e-08  1.51715515e+02  9.73069230e-09 
 1.55249423e+02  3.05596378e-08  1.55249423e+02  9.72916368e-09 
 1.58865647e+02  3.05549510e-08  1.58865647e+02  9.72766968e-09 
 1.62566103e+02  3.05503702e-08  1.62566103e+02  9.72620953e-09 
 1.66352754e+02  3.05458929e-08  1.66352754e+02  9.72478246e-09 
 1.70227608e+02  3.05415169e-08  1.70227608e+02  9.72338773e-09 
 1.74192718e+02  3.05372398e-08  1.74192718e+02  9.72202461e-09 
 1.78250188e+02  3.05330595e-08  1.78250188e+02  9.72069239e-09 
 1.82402168e+02  3.05289737e-08  1.82402168e+02  9.71939036e-09 
 1.86650860e+02  3.05249803e-08  1.86650860e+02  9.71811785e-09 
 1.90998517e+02  3.05210772e-08  1.90998517e+02  9.71687419e-09 
 1.95447444e+02  3.05172624e-08  1.95447444e+02  9.71565873e-09 
 2.00000000e+02  3.05135339e-08  2.00000000e+02  9.71447083e-09 
 2.04658598e+02  3.05098898e-08  2.04658598e+02  9.71330986e-09 
 2.09425710e+02  3.05063281e-08  2.09425710e+02  9.71217523e-09 
 2.14303861e+02  3.05028469e-08  2.14303861e+02  9.71106634e-09 
 2.19295639e+02  3.04994445e-08  2.19295639e+02  9.70998260e-09 
 2.24403691e+02  3.04961191e-08  2.24403691e+02  9.70892344e-09 
 2.29630724e+02  3.04928689e-08  2.29630724e+02  9.70788831e-09 
 2.34979511e+02  3.04896922e-08  2.34979511e+02  9.70687667e-09 
 2.40452887e+02  3.04865873e-08  2.40452887e+02  9.70588799e-09 
 2.46053754e+02  3.04835527e-08  2.46053754e+02  9.70492174e-09 
 2.51785082e+02  3.04805867e-08  2.51785082e+02  9.70397742e-09 
 2.57649910e+02  3.04776878e-08  2.57649910e+02  9.70305453e-09 
 2.63651348e+02  3.04748545e-08  2.63651348e+02  9.70215259e-09 
 2.69792577e+02  3.04720852e-08  2.69792577e+02  9.70127112e-09 
 2.76076853e+02  3.04693785e-08  2.76076853e+02  9.70040966e-09 
 2.82507509e+02  3.04667329e-08  2.82507509e+02  9.69956776e-09 
 2.89087954e+02  3.04641472e-08  2.89087954e+02  9.69874498e-09 
 2.95821678e+02  3.04616199e-08  2.95821678e+02  9.69794087e-09 
 3.02712250e+02  3.04591497e-08  3.02712250e+02  9.69715503e-09 
 3.09763324e+02  3.04567353e-08  3.09763324e+02  9.69638703e-09 
 3.16978638e+02  3.04543753e-08  3.16978638e+02  9.69563647e-09 
 3.24362019e+02  3.04520687e-08  3.24362019e+02  9.69490295e-09 
 3.31917381e+02  3.04498141e-08  3.31917381e+02  9.69418610e-09 
 3.39648730e+02  3.04476104e-08  3.39648730e+02  9.69348553e-09 
 3.47560166e+02  3.04454564e-08  3.47560166e+02  9.69280088e-09 
 3.55655882e+02  3.04433509e-08  3.55655882e+02  9.69213177e-09 
 3.63940172e+02  3.04412929e-08  3.63940172e+02  9.69147787e-09 
 3.72417427e+02  3.04392812e-08  3.72417427e+02  9.69083883e-09 
 3.81092144e+02  3.04373148e-08  3.81092144e+02  9.69021430e-09 
 3.89968920e+02  3.04353926e-08  3.89968920e+02  9.68960396e-09 
 3.99052463e+02  3.04335137e-08  3.99052463e+02  9.68900750e-09 
 4.08347589e+02  3.04316770e-08  4.08347589e+02  9.68842459e-09 
 4.17859226e+02  3.04298815e-08  4.17859226e+02  9.68785492e-09 
 4.27592418e+02  3.04281263e-08  4.27592418e+02  9.68729821e-09 
 4.37552325e+02  3.04264105e-08  4.37552325e+02  9.68675414e-09 
 4.47744228e+02  3.04247331e-08  4.47744228e+02  9.68622245e-09 
 4.58173531e+02  3.04230932e-08  4.58173531e+02  9.68570284e-09 
 4.68845763e+02  3.04214900e-08  4.68845763e+02  9.68519504e-09 
 4.79766584e+02  3.04199226e-08  4.79766584e+02  9.68469879e-09 
 4.90941783e+02  3.04183902e-08  4.90941783e+02  9.68421382e-09 
 5.02377286e+02  3.04168919e-08  5.02377286e+02  9.68373988e-09 
 5.14079157e+02  3.04154269e-08  5.14079157e+02  9.68327671e-09 
 5.26053598e+02  3.04139945e-08  5.26053598e+02  9.68282408e-09 
 5.38306961e+02  3.04125939e-08  5.38306961e+02  9.68238174e-09 
 5.50845741e+02  3.04112242e-08  5.50845741e+02  9.68194947e-09 
 5.63676586e+02  3.04098849e-08  5.63676586e+02  9.68152702e-09 
 5.76806301e+02  3.04085751e-08  5.76806301e+02  9.68111419e-09 
 5.90241845e+02  3.04072941e-08  5.90241845e+02  9.68071074e-09 
 6.03990344e+02  3.04060413e-08  6.03990344e+02  9.68031648e-09 
 6.18059087e+02  3.04048159e-08  6.18059087e+02  9.67993118e-09 
 6.32455532e+02  3.04036173e-08  6.32455532e+02  9.67955466e-09 
 6.47187314e+02  3.04024448e-08  6.47187314e+02  9.67918670e-09 
 6.62262243e+02  3.04012978e-08  6.62262243e+02  9.67882712e-09 
 6.77688312e+02  3.04001757e-08  6.77688312e+02  9.67847572e-09 
 6.93473701e+02  3.03990778e-08  6.93473701e+02  9.67813232e-09 
 7.09626778e+02  3.03980035e-08  7.09626778e+02  9.67779674e-09 
 7.26156110e+02  3.03969522e-08  7.26156110e+02  9.67746879e-09 
 7.43070458e+02  3.03959233e-08  7.43070458e+02  9.67714832e-09 
 7.60378793e+02  3.03949163e-08  7.60378793e+02  9.67683515e-09 
 7.78090290e+02  3.03939306e-08  7.78090290e+02  9.67652911e-09 
 7.96214341e+02  3.03929656e-08  7.96214341e+02  9.67623004e-09 
 8.14760556e+02  3.03920208e-08  8.14760556e+02  9.67593778e-09 
 8.33738767e+02  3.03910955e-08  8.33738767e+02  9.67565219e-09 
 8.53159038e+02  3.03901894e-08  8.53159038e+02  9.67537310e-09 
 8.73031664e+02  3.03893019e-08  8.73031664e+02  9.67510038e-09 
 8.93367184e+02  3.03884324e-08  8.93367184e+02  9.67483387e-09 
 9.14176379e+02  3.03875805e-08  9.14176379e+02  9.67457345e-09 
 9.35470283e+02  3.03867456e-08  9.35470283e+02  9.67431896e-09 
 9.57260185e+02  3.03859272e-08  9.57260185e+02  9.67407028e-09 
 9.79557639e+02  3.03851249e-08  9.79557639e+02  9.67382727e-09 
 1.00237447e+03  3.03843382e-08  1.00237447e+03  9.67358981e-09 
 1.02572277e+03  3.03835666e-08  1.02572277e+03  9.67335777e-09 
 1.04961492e+03  3.03828095e-08  1.04961492e+03  9.67313103e-09 
 1.07406359e+03  3.03820666e-08  1.07406359e+03  9.67290947e-09 
 1.09908175e+03  3.03813374e-08  1.09908175e+03  9.67269298e-09 
 1.12468265e+03  3.03806214e-08  1.12468265e+03  9.67248143e-09 
 1.15087987e+03  3.03799182e-08  1.15087987e+03  9.67227472e-09 
 1.17768731e+03  3.03792273e-08  1.17768731e+03  9.67207275e-09 
 1.20511917e+03  3.03785482e-08  1.20511917e+03  9.67187539e-09 
 1.23319000e+03  3.03778805e-08  1.23319000e+03  9.67168255e-09 
 1.26191469e+03  3.03772238e-08  1.26191469e+03  9.67149413e-09 
 1.29130846e+03  3.03765775e-08  1.29130846e+03  9.67131003e-09 
 1.32138690e+03  3.03759413e-08  1.32138690e+03  9.67113016e-09 
 1.35216595e+03  3.03753147e-08  1.35216595e+03  9.67095441e-09 
 1.38366194e+03  3.03746973e-08  1.38366194e+03  9.67078269e-09 
 1.41589157e+03  3.03740885e-08  1.41589157e+03  9.67061492e-09 
 1.44887192e+03  3.03734881e-08  1.44887192e+03  9.67045101e-09 
 1.48262048e+03  3.03728954e-08  1.48262048e+03  9.67029087e-09 
 1.51715515e+03  3.03723101e-08  1.51715515e+03  9.67013442e-09 
 1.55249423e+03  3.03717317e-08  1.55249423e+03  9.66998158e-09 
 1.58865647e+03  3.03711597e-08  1.58865647e+03  9.66983226e-09 
 1.62566103e+03  3.03705937e-08  1.62566103e+03  9.66968639e-09 
 1.66352754e+03  3.03700332e-08  1.66352754e+03  9.66954389e-09 
 1.70227608e+03  3.03694777e-08  1.70227608e+03  9.66940470e-09 
 1.74192718e+03  3.03689268e-08  1.74192718e+03  9.66926873e-09 
 1.78250188e+03  3.03683800e-08  1.78250188e+03  9.66913591e-09 
 1.82402168e+03  3.03678368e-08  1.82402168e+03  9.66900618e-09 
 1.86650860e+03  3.03672966e-08  1.86650860e+03  9.66887947e-09 
 1.90998517e+03  3.03667591e-08  1.90998517e+03  9.66875572e-09 
 1.95447444e+03  3.03662235e-08  1.95447444e+03  9.66863485e-09 
 2.00000000e+03  3.03656896e-08  2.00000000e+03  9.66851682e-09 
 2.04658598e+03  3.03651566e-08  2.04658598e+03  9.66840155e-09 
 2.09425710e+03  3.03646241e-08  2.09425710e+03  9.66828899e-09 
 2.14303861e+03  3.03640914e-08  2.14303861e+03  9.66817908e-09 
 2.19295639e+03  3.03635581e-08  2.19295639e+03  9.66807177e-09 
 2.24403691e+03  3.03630236e-08  2.24403691e+03  9.66796699e-09 
 2.29630724e+03  3.03624871e-08  2.29630724e+03  9.66786470e-09 
 2.34979511e+03  3.03619482e-08  2.34979511e+03  9.66776485e-09 
 2.40452887e+03  3.03614061e-08  2.40452887e+03  9.66766738e-09 
 2.46053754e+03  3.03608603e-08  2.46053754e+03  9.66757225e-09 
 2.51785082e+03  3.03603100e-08  2.51785082e+03  9.66747941e-09 
 2.57649910e+03  3.03597546e-08  2.57649910e+03  9.66738881e-09 
 2.63651348e+03  3.03591933e-08  2.63651348e+03  9.66730041e-09 
 2.69792577e+03  3.03586254e-08  2.69792577e+03  9.66721416e-09 
 2.76076853e+03  3.03580502e-08  2.76076853e+03  9.66713002e-09 
 2.82507509e+03  3.03574668e-08  2.82507509e+03  9.66704795e-09 
 2.89087954e+03  3.03568745e-08  2.89087954e+03  9.66696791e-09 
 2.95821678e+03  3.03562724e-08  2.95821678e+03  9.66688987e-09 
 3.02712250e+03  3.03556596e-08  3.02712250e+03  9.66681378e-09 
 3.09763324e+03  3.03550352e-08  3.09763324e+03  9.66673961e-09 
 3.16978638e+03  3.03543984e-08  3.16978638e+03  9.66666732e-09 
 3.24362019e+03  3.03537480e-08  3.24362019e+03  9.66659688e-09 
 3.31917381e+03  3.03530831e-08  3.31917381e+03  9.66652826e-09 
 3.39648730e+03  3.03524027e-08  3.39648730e+03  9.66646143e-09 
 3.47560166e+03  3.03517057e-08  3.47560166e+03  9.66639636e-09 
 3.55655882e+03  3.03509909e-08  3.55655882e+03  9.66633301e-09 
 3.63940172e+03  3.03502572e-08  3.63940172e+03  9.66627136e-09 
 3.72417427e+03  3.03495033e-08  3.72417427e+03  9.66621139e-09 
 3.81092144e+03  3.03487280e-08  3.81092144e+03  9.66615306e-09 
 3.89968920e+03  3.03479299e-08  3.89968920e+03  9.66609636e-09 
 3.99052463e+03  3.03471076e-08  3.99052463e+03  9.66604126e-09 
 4.08347589e+03  3.03462598e-08  4.08347589e+03  9.66598773e-09 
 4.17859226e+03  3.03453848e-08  4.17859226e+03  9.66593577e-09 
 4.27592418e+03  3.03444813e-08  4.27592418e+03  9.66588535e-09 
 4.37552325e+03  3.03435474e-08  4.37552325e+03  9.66583644e-09 
 4.47744228e+03  3.03425816e-08  4.47744228e+03  9.66578904e-09 
 4.58173531e+03  3.03415820e-08  4.58173531e+03  9.66574313e-09 
 4.68845763e+03  3.03405468e-08  4.68845763e+03  9.66569870e-09 
 4.79766584e+03  3.03394740e-08  4.79766584e+03  9.66565572e-09 
 4.90941783e+03  3.03383617e-08  4.90941783e+03  9.66561419e-09 
 5.02377286e+03  3.03372078e-08  5.02377286e+03  9.66557410e-09 
 5.14079157e+03  3.03360100e-08  5.14079157e+03  9.66553544e-09 
 5.26053598e+03  3.03347661e-08  5.26053598e+03  9.66549820e-09 
 5.38306961e+03  3.03334736e-08  5.38306961e+03  9.66546237e-09 
 5.50845741e+03  3.03321301e-08  5.50845741e+03  9.66542795e-09 
 5.63676586e+03  3.03307330e-08  5.63676586e+03  9.66539493e-09 
 5.76806301e+03  3.03292795e-08  5.76806301e+03  9.66536331e-09 
 5.90241845e+03  3.03277667e-08  5.90241845e+03  9.66533309e-09 
 6.03990344e+03  3.03261918e-08  6.03990344e+03  9.66530427e-09 
 6.18059087e+03  3.03245515e-08  6.18059087e+03  9.66527685e-09 
 6.32455532e+03  3.03228426e-08  6.32455532e+03  9.66525084e-09 
 6.47187314e+03  3.03210618e-08  6.47187314e+03  9.66522623e-09 
 6.62262243e+03  3.03192055e-08  6.62262243e+03  9.66520304e-09 
 6.77688312e+03  3.03172699e-08  6.77688312e+03  9.66518128e-09 
 6.93473701e+03  3.03152512e-08  6.93473701e+03  9.66516094e-09 
 7.09626778e+03  3.03131453e-08  7.09626778e+03  9.66514206e-09 
 7.26156110e+03  3.03109480e-08  7.26156110e+03  9.66512463e-09 
 7.43070458e+03  3.03086548e-08  7.43070458e+03  9.66510867e-09 
 7.60378793e+03  3.03062612e-08  7.60378793e+03  9.66509421e-09 
 7.78090290e+03  3.03037622e-08  7.78090290e+03  9.66508126e-09 
 7.96214341e+03  3.03011529e-08  7.96214341e+03  9.66506984e-09 
 8.14760556e+03  3.02984278e-08  8.14760556e+03  9.66505997e-09 
 8.33738767e+03  3.02955816e-08  8.33738767e+03  9.66505168e-09 
 8.53159038e+03  3.02926083e-08  8.53159038e+03  9.66504500e-09 
 8.73031664e+03  3.02895020e-08  8.73031664e+03  9.66503997e-09 
 8.93367184e+03  3.02862563e-08  8.93367184e+03  9.66503660e-09 
 9.14176379e+03  3.02828646e-08  9.14176379e+03  9.66503494e-09 
 9.35470283e+03  3.02793200e-08  9.35470283e+03  9.66503502e-09 
 9.57260185e+03  3.02756154e-08  9.57260185e+03  9.66503689e-09 
 9.79557639e+03  3.02717430e-08  9.79557639e+03  9.66504059e-09 
 1.00237447e+04  3.02676952e-08  1.00237447e+04  9.66504617e-09 
 1.02572277e+04  3.02634636e-08  1.02572277e+04  9.66505367e-09 
 1.04961492e+04  3.02590396e-08  1.04961492e+04  9.66506315e-09 
 1.07406359e+04  3.02544142e-08  1.07406359e+04  9.66507466e-09 
 1.09908175e+04  3.02495781e-08  1.09908175e+04  9.66508827e-09 
 1.12468265e+04  3.02445213e-08  1.12468265e+04  9.66510404e-09 
 1.15087987e+04  3.02392337e-08  1.15087987e+04  9.66512203e-09 
 1.17768731e+04  3.02337045e-08  1.17768731e+04  9.66514232e-09 
 1.20511917e+04  3.02279225e-08  1.20511917e+04  9.66516497e-09 
 1.23319000e+04  3.02218761e-08  1.23319000e+04  9.66519008e-09 
 1.26191469e+04  3.02155529e-08  1.26191469e+04  9.66521772e-09 
 1.29130846e+04  3.02089404e-08  1.29130846e+04  9.66524799e-09 
 1.32138690e+04  3.02020251e-08  1.32138690e+04  9.66528097e-09 
 1.35216595e+04  3.01947931e-08  1.35216595e+04  9.66531677e-09 
 1.38366194e+04  3.01872300e-08  1.38366194e+04  9.66535549e-09 
 1.41589157e+04  3.01793205e-08  1.41589157e+04  9.66539724e-09 
 1.44887192e+04  3.01710490e-08  1.44887192e+04  9.66544213e-09 
 1.48262048e+04  3.01623988e-08  1.48262048e+04  9.66549029e-09 
 1.51715515e+04  3.01533529e-08  1.51715515e+04  9.66554184e-09 
 1.55249423e+04  3.01438931e-08  1.55249423e+04  9.66559691e-09 
 1.58865647e+04  3.01340010e-08  1.58865647e+04  9.66565566e-09 
 1.62566103e+04  3.01236568e-08  1.62566103e+04  9.66571822e-09 
 1.66352754e+04  3.01128403e-08  1.66352754e+04  9.66578476e-09 
 1.70227608e+04  3.01015303e-08  1.70227608e+04  9.66585543e-09 
 1.74192718e+04  3.00897046e-08  1.74192718e+04  9.66593041e-09 
 1.78250188e+04  3.00773403e-08  1.78250188e+04  9.66600988e-09 
 1.82402168e+04  3.00644134e-08  1.82402168e+04  9.66609403e-09 
 1.86650860e+04  3.00508989e-08  1.86650860e+04  9.66618306e-09 
 1.90998517e+04  3.00367707e-08  1.90998517e+04  9.66627717e-09 
 1.95447444e+04  3.00220019e-08  1.95447444e+04  9.66637659e-09 
 2.00000000e+04  3.00065643e-08  2.00000000e+04  9.66648155e-09 
