 2.00000000e+01  2.60765394e-08  2.00000000e+01  8.28722057e-09 
 2.09425710e+01  2.59917287e-08  2.09425710e+01  8.26004725e-09 
 2.19295639e+01  2.59104880e-08  2.19295639e+01  8.23402912e-09 
 2.29630724e+01  2.58326766e-08  2.29630724e+01  8.20911957e-09 
 2.40452887e+01  2.57581588e-08  2.40452887e+01  8.18527367e-09 
 2.51785082e+01  2.56868034e-08  2.51785082e+01  8.16244814e-09 
 2.63651348e+01  2.56184837e-08  2.63651348e+01  8.14060131e-09 
 2.76076853e+01  2.55530777e-08  2.76076853e+01  8.11969304e-09 
 2.89087954e+01  2.54904675e-08  2.89087954e+01  8.09968470e-09 
 3.02712250e+01  2.54305396e-08  3.02712250e+01  8.08053914e-09 
 3.16978638e+01  2.53731844e-08  3.16978638e+01  8.06222060e-09 
 3.31917381e+01  2.53182965e-08  3.31917381e+01  8.04469469e-09 
 3.47560166e+01  2.52657744e-08  3.47560166e+01  8.02792835e-09 
 3.63940172e+01  2.52155204e-08  3.63940172e+01  8.01188980e-09 
 3.81092144e+01  2.51674404e-08  3.81092144e+01  7.99654851e-09 
 3.99052463e+01  2.51214439e-08  3.99052463e+01  7.98187512e-09 
 4.17859226e+01  2.50774439e-08  4.17859226e+01  7.96784146e-09 
 4.37552325e+01  2.50353569e-08  4.37552325e+01  7.95442045e-09 
 4.58173531e+01  2.49951023e-08  4.58173531e+01  7.94158610e-09 
 4.79766584e+01  2.49566029e-08  4.79766584e+01  7.92931348e-09 
 5.02377286e+01  2.49197846e-08  5.02377286e+01  7.91757862e-09 
 5.26053598e+01  2.48845761e-08  5.26053598e+01  7.90635856e-09 
 5.50845741e+01  2.48509089e-08  5.50845741e+01  7.89563126e-09 
 5.76806301e+01  2.48187173e-08  5.76806301e+01  7.88537556e-09 
 6.03990344e+01  2.47879384e-08  6.03990344e+01  7.87557120e-09 
 6.32455532e+01  2.47585116e-08  6.32455532e+01  7.86619872e-09 
 6.62262243e+01  2.47303789e-08  6.62262243e+01  7.85723949e-09 
 6.93473701e+01  2.47034847e-08  6.93473701e+01  7.84867564e-09 
 7.26156110e+01  2.46777756e-08  7.26156110e+01  7.84049004e-09 
 7.60378793e+01  2.46532004e-08  7.60378793e+01  7.83266628e-09 
 7.96214341e+01  2.46297101e-08  7.96214341e+01  7.82518864e-09 
 8.33738767e+01  2.46072576e-08  8.33738767e+01  7.81804205e-09 
 8.73031664e+01  2.45857980e-08  8.73031664e+01  7.81121209e-09 
 9.14176379e+01  2.45652881e-08  9.14176379e+01  7.80468493e-09 
 9.57260185e+01  2.45456864e-08  9.57260185e+01  7.79844735e-09 
 1.00237447e+02  2.45269535e-08  1.00237447e+02  7.79248666e-09 
 1.04961492e+02  2.45090513e-08  1.04961492e+02  7.78679075e-09 
 1.09908175e+02  2.44919436e-08  1.09908175e+02  7.78134798e-09 
 1.15087987e+02  2.44755955e-08  1.15087987e+02  7.77614725e-09 
 1.20511917e+02  2.44599737e-08  1.20511917e+02  7.77117792e-09 
 1.26191469e+02  2.44450464e-08  1.26191469e+02  7.76642980e-09 
 1.32138690e+02  2.44307830e-08  1.32138690e+02  7.76189314e-09 
 1.38366194e+02  2.44171544e-08  1.38366194e+02  7.75755863e-09 
 1.44887192e+02  2.44041325e-08  1.44887192e+02  7.75341734e-09 
 1.51715515e+02  2.43916907e-08  1.51715515e+02  7.74946074e-09 
 1.58865647e+02  2.43798033e-08  1.58865647e+02  7.74568066e-09 
 1.66352754e+02  2.43684458e-08  1.66352754e+02  7.74206929e-09 
 1.74192718e+02  2.43575949e-08  1.74192718e+02  7.73861916e-09 
 1.82402168e+02  2.43472280e-08  1.82402168e+02  7.73532313e-09 
 1.90998517e+02  2.43373238e-08  1.90998517e+02  7.73217437e-09 
 2.00000000e+02  2.43278617e-08  2.00000000e+02  7.72916634e-09 
 2.09425710e+02  2.43188221e-08  2.09425710e+02  7.72629279e-09 
 2.19295639e+02  2.43101864e-08  2.19295639e+02  7.72354775e-09 
 2.29630724e+02  2.43019364e-08  2.29630724e+02  7.72092551e-09 
 2.40452887e+02  2.42940551e-08  2.40452887e+02  7.71842060e-09 
 2.51785082e+02  2.42865261e-08  2.51785082e+02  7.71602781e-09 
 2.63651348e+02  2.42793337e-08  2.63651348e+02  7.71374214e-09 
 2.76076853e+02  2.42724628e-08  2.76076853e+02  7.71155883e-09 
 2.89087954e+02  2.42658992e-08  2.89087954e+02  7.70947330e-09 
 3.02712250e+02  2.42596291e-08  3.02712250e+02  7.70748121e-09 
 3.16978638e+02  2.42536393e-08  3.16978638e+02  7.70557838e-09 
 3.31917381e+02  2.42479175e-08  3.31917381e+02  7.70376084e-09 
 3.47560166e+02  2.42424515e-08  3.47560166e+02  7.70202477e-09 
 3.63940172e+02  2.42372298e-08  3.63940172e+02  7.70036654e-09 
 3.81092144e+02  2.42322417e-08  3.81092144e+02  7.69878267e-09 
 3.99052463e+02  2.42274765e-08  3.99052463e+02  7.69726984e-09 
 4.17859226e+02  2.42229242e-08  4.17859226e+02  7.69582487e-09 
 4.37552325e+02  2.42185753e-08  4.37552325e+02  7.69444474e-09 
 4.58173531e+02  2.42144206e-08  4.58173531e+02  7.69312653e-09 
 4.79766584e+02  2.42104513e-08  4.79766584e+02  7.69186749e-09 
 5.02377286e+02  2.42066591e-08  5.02377286e+02  7.69066496e-09 
 5.26053598e+02  2.42030358e-08  5.26053598e+02  7.68951642e-09 
 5.50845741e+02  2.41995739e-08  5.50845741e+02  7.68841944e-09 
 5.76806301e+02  2.41962660e-08  5.76806301e+02  7.68737173e-09 
 6.03990344e+02  2.41931051e-08  6.03990344e+02  7.68637107e-09 
 6.32455532e+02  2.41900844e-08  6.32455532e+02  7.68541536e-09 
 6.62262243e+02  2.41871975e-08  6.62262243e+02  7.68450259e-09 
 6.93473701e+02  2.41844383e-08  6.93473701e+02  7.68363082e-09 
 7.26156110e+02  2.41818007e-08  7.26156110e+02  7.68279823e-09 
 7.60378793e+02  2.41792792e-08  7.60378793e+02  7.68200306e-09 
 7.96214341e+02  2.41768683e-08  7.96214341e+02  7.68124363e-09 
 8.33738767e+02  2.41745629e-08  8.33738767e+02  7.68051834e-09 
 8.73031664e+02  2.41723578e-08  8.73031664e+02  7.67982567e-09 
 9.14176379e+02  2.41702482e-08  9.14176379e+02  7.67916414e-09 
 9.57260185e+02  2.41682297e-08  9.57260185e+02  7.67853237e-09 
 1.00237447e+03  2.41662976e-08  1.00237447e+03  7.67792902e-09 
 1.04961492e+03  2.41644478e-08  1.04961492e+03  7.67735282e-09 
 1.09908175e+03  2.41626760e-08  1.09908175e+03  7.67680256e-09 
 1.15087987e+03  2.41609784e-08  1.15087987e+03  7.67627707e-09 
 1.20511917e+03  2.41593510e-08  1.20511917e+03  7.67577524e-09 
 1.26191469e+03  2.41577900e-08  1.26191469e+03  7.67529601e-09 
 1.32138690e+03  2.41562920e-08  1.32138690e+03  7.67483838e-09 
 1.38366194e+03  2.41548533e-08  1.38366194e+03  7.67440138e-09 
 1.44887192e+03  2.41534705e-08  1.44887192e+03  7.67398409e-09 
 1.51715515e+03  2.41521402e-08  1.51715515e+03  7.67358562e-09 
 1.58865647e+03  2.41508592e-08  1.58865647e+03  7.67320514e-09 
 1.66352754e+03  2.41496243e-08  1.66352754e+03  7.67284185e-09 
 1.74192718e+03  2.41484321e-08  1.74192718e+03  7.67249498e-09 
 1.82402168e+03  2.41472797e-08  1.82402168e+03  7.67216380e-09 
 1.90998517e+03  2.41461639e-08  1.90998517e+03  7.67184762e-09 
 2.00000000e+03  2.41450815e-08  2.00000000e+03  7.67154577e-09 
 2.09425710e+03  2.41440294e-08  2.09425710e+03  7.67125762e-09 
 2.19295639e+03  2.41430046e-08  2.19295639e+03  7.67098256e-09 
 2.29630724e+03  2.41420038e-08  2.29630724e+03  7.67072002e-09 
 2.40452887e+03  2.41410239e-08  2.40452887e+03  7.67046945e-09 
 2.51785082e+03  2.41400615e-08  2.51785082e+03  7.67023033e-09 
 2.63651348e+03  2.41391134e-08  2.63651348e+03  7.67000216e-09 
 2.76076853e+03  2.41381761e-08  2.76076853e+03  7.66978446e-09 
 2.89087954e+03  2.41372460e-08  2.89087954e+03  7.66957679e-09 
 3.02712250e+03  2.41363194e-08  3.02712250e+03  7.66937872e-09 
 3.16978638e+03  2.41353926e-08  3.16978638e+03  7.66918984e-09 
 3.31917381e+03  2.41344614e-08  3.31917381e+03  7.66900976e-09 
 3.47560166e+03  2.41335216e-08  3.47560166e+03  7.66883811e-09 
 3.63940172e+03  2.41325688e-08  3.63940172e+03  7.66867456e-09 
 3.81092144e+03  2.41315982e-08  3.81092144e+03  7.66851877e-09 
 3.99052463e+03  2.41306047e-08  3.99052463e+03  7.66837044e-09 
 4.17859226e+03  2.41295831e-08  4.17859226e+03  7.66822926e-09 
 4.37552325e+03  2.41285274e-08  4.37552325e+03  7.66809496e-09 
 4.58173531e+03  2.41274316e-08  4.58173531e+03  7.66796729e-09 
 4.79766584e+03  2.41262890e-08  4.79766584e+03  7.66784601e-09 
 5.02377286e+03  2.41250925e-08  5.02377286e+03  7.66773089e-09 
 5.26053598e+03  2.41238343e-08  5.26053598e+03  7.66762171e-09 
 5.50845741e+03  2.41225061e-08  5.50845741e+03  7.66751829e-09 
 5.76806301e+03  2.41210990e-08  5.76806301e+03  7.66742045e-09 
 6.03990344e+03  2.41196030e-08  6.03990344e+03  7.66732802e-09 
 6.32455532e+03  2.41180075e-08  6.32455532e+03  7.66724087e-09 
 6.62262243e+03  2.41163011e-08  6.62262243e+03  7.66715886e-09 
 6.93473701e+03  2.41144710e-08  6.93473701e+03  7.66708187e-09 
 7.26156110e+03  2.41125037e-08  7.26156110e+03  7.66700982e-09 
 7.60378793e+03  2.41103841e-08  7.60378793e+03  7.66694261e-09 
 7.96214341e+03  2.41080961e-08  7.96214341e+03  7.66688020e-09 
 8.33738767e+03  2.41056219e-08  8.33738767e+03  7.66682252e-09 
 8.73031664e+03  2.41029421e-08  8.73031664e+03  7.66676956e-09 
 9.14176379e+03  2.41000356e-08  9.14176379e+03  7.66672130e-09 
 9.57260185e+03  2.40968794e-08  9.57260185e+03  7.66667777e-09 
 1.00237447e+04  2.40934481e-08  1.00237447e+04  7.66663899e-09 
 1.04961492e+04  2.40897144e-08  1.04961492e+04  7.66660501e-09 
 1.09908175e+04  2.40856481e-08  1.09908175e+04  7.66657593e-09 
 1.15087987e+04  2.40812164e-08  1.15087987e+04  7.66655183e-09 
 1.20511917e+04  2.40763833e-08  1.20511917e+04  7.66653286e-09 
 1.26191469e+04  2.40711098e-08  1.26191469e+04  7.66651917e-09 
 1.32138690e+04  2.40653529e-08  1.32138690e+04  7.66651095e-09 
 1.38366194e+04  2.40590658e-08  1.38366194e+04  7.66650842e-09 
 1.44887192e+04  2.40521975e-08  1.44887192e+04  7.66651184e-09 
 1.51715515e+04  2.40446922e-08  1.51715515e+04  7.66652151e-09 
 1.58865647e+04  2.40364890e-08  1.58865647e+04  7.66653777e-09 
 1.66352754e+04  2.40275214e-08  1.66352754e+04  7.66656098e-09 
 1.74192718e+04  2.40177169e-08  1.74192718e+04  7.66659159e-09 
 1.82402168e+04  2.40069965e-08  1.82402168e+04  7.66663007e-09 
 1.90998517e+04  2.39952741e-08  1.90998517e+04  7.66667696e-09 
 2.00000000e+04  2.39824556e-08  2.00000000e+04  7.66673286e-09 
