 2.00000000e+01  1.51744213e-08  2.00000000e+01  1.07244640e-08 
 2.04658598e+01  1.51587375e-08  2.04658598e+01  1.07132335e-08 
 2.09425710e+01  1.51434124e-08  2.09425710e+01  1.07022633e-08 
 2.14303861e+01  1.51284378e-08  2.14303861e+01  1.06915474e-08 
 2.19295639e+01  1.51138056e-08  2.19295639e+01  1.06810796e-08 
 2.24403691e+01  1.50995080e-08  2.24403691e+01  1.06708543e-08 
 2.29630724e+01  1.50855373e-08  2.29630724e+01  1.06608656e-08 
 2.34979511e+01  1.50718860e-08  2.34979511e+01  1.06511082e-08 
 2.40452887e+01  1.50585469e-08  2.40452887e+01  1.06415764e-08 
 2.46053754e+01  1.50455128e-08  2.46053754e+01  1.06322651e-08 
 2.51785082e+01  1.50327767e-08  2.51785082e+01  1.06231690e-08 
 2.57649910e+01  1.50203318e-08  2.57649910e+01  1.06142832e-08 
 2.63651348e+01  1.50081714e-08  2.63651348e+01  1.06056027e-08 
 2.69792577e+01  1.49962889e-08  2.69792577e+01  1.05971227e-08 
 2.76076853e+01  1.49846782e-08  2.76076853e+01  1.05888385e-08 
 2.82507509e+01  1.49733328e-08  2.82507509e+01  1.05807455e-08 
 2.89087954e+01  1.49622467e-08  2.89087954e+01  1.05728393e-08 
 2.95821678e+01  1.49514141e-08  2.95821678e+01  1.05651156e-08 
 3.02712250e+01  1.49408290e-08  3.02712250e+01  1.05575699e-08 
 3.09763324e+01  1.49304859e-08  3.09763324e+01  1.05501983e-08 
 3.16978638e+01  1.49203792e-08  3.16978638e+01  1.05429966e-08 
 3.24362019e+01  1.49105034e-08  3.24362019e+01  1.05359609e-08 
 3.31917381e+01  1.49008533e-08  3.31917381e+01  1.05290874e-08 
 3.39648730e+01  1.48914237e-08  3.39648730e+01  1.05223721e-08 
 3.47560166e+01  1.48822096e-08  3.47560166e+01  1.05158115e-08 
 3.55655882e+01  1.48732060e-08  3.55655882e+01  1.05094020e-08 
 3.63940172e+01  1.48644081e-08  3.63940172e+01  1.05031400e-08 
 3.72417427e+01  1.48558112e-08  3.72417427e+01  1.04970222e-08 
 3.81092144e+01  1.48474108e-08  3.81092144e+01  1.04910451e-08 
 3.89968920e+01  1.48392022e-08  3.89968920e+01  1.04852055e-08 
 3.99052463e+01  1.48311811e-08  3.99052463e+01  1.04795002e-08 
 4.08347589e+01  1.48233432e-08  4.08347589e+01  1.04739261e-08 
 4.17859226e+01  1.48156844e-08  4.17859226e+01  1.04684801e-08 
 4.27592418e+01  1.48082005e-08  4.27592418e+01  1.04631594e-08 
 4.37552325e+01  1.48008875e-08  4.37552325e+01  1.04579609e-08 
 4.47744228e+01  1.47937416e-08  4.47744228e+01  1.04528818e-08 
 4.58173531e+01  1.47867588e-08  4.58173531e+01  1.04479194e-08 
 4.68845763e+01  1.47799355e-08  4.68845763e+01  1.04430710e-08 
 4.79766584e+01  1.47732680e-08  4.79766584e+01  1.04383340e-08 
 4.90941783e+01  1.47667527e-08  4.90941783e+01  1.04337057e-08 
 5.02377286e+01  1.47603862e-08  5.02377286e+01  1.04291836e-08 
 5.14079157e+01  1.47541650e-08  5.14079157e+01  1.04247653e-08 
 5.26053598e+01  1.47480859e-08  5.26053598e+01  1.04204484e-08 
 5.38306961e+01  1.47421455e-08  5.38306961e+01  1.04162306e-08 
 5.50845741e+01  1.47363408e-08  5.50845741e+01  1.04121095e-08 
 5.63676586e+01  1.47306685e-08  5.63676586e+01  1.04080829e-08 
 5.76806301e+01  1.47251258e-08  5.76806301e+01  1.04041487e-08 
 5.90241845e+01  1.47197095e-08  5.90241845e+01  1.04003047e-08 
 6.03990344e+01  1.47144169e-08  6.03990344e+01  1.03965488e-08 
 6.18059087e+01  1.47092451e-08  6.18059087e+01  1.03928790e-08 
 6.32455532e+01  1.47041913e-08  6.32455532e+01  1.03892933e-08 
 6.47187314e+01  1.46992528e-08  6.47187314e+01  1.03857898e-08 
 6.62262243e+01  1.46944270e-08  6.62262243e+01  1.03823665e-08 
 6.77688312e+01  1.46897113e-08  6.77688312e+01  1.03790217e-08 
 6.93473701e+01  1.46851033e-08  6.93473701e+01  1.03757535e-08 
 7.09626778e+01  1.46806004e-08  7.09626778e+01  1.03725602e-08 
 7.26156110e+01  1.46762002e-08  7.26156110e+01  1.03694399e-08 
 7.43070458e+01  1.46719004e-08  7.43070458e+01  1.03663912e-08 
 7.60378793e+01  1.46676987e-08  7.60378793e+01  1.03634122e-08 
 7.78090290e+01  1.46635928e-08  7.78090290e+01  1.03605014e-08 
 7.96214341e+01  1.46595807e-08  7.96214341e+01  1.03576572e-08 
 8.14760556e+01  1.46556600e-08  8.14760556e+01  1.03548782e-08 
 8.33738767e+01  1.46518288e-08  8.33738767e+01  1.03521627e-08 
 8.53159038e+01  1.46480850e-08  8.53159038e+01  1.03495094e-08 
 8.73031664e+01  1.46444265e-08  8.73031664e+01  1.03469167e-08 
 8.93367184e+01  1.46408515e-08  8.93367184e+01  1.03443834e-08 
 9.14176379e+01  1.46373580e-08  9.14176379e+01  1.03419080e-08 
 9.35470283e+01  1.46339442e-08  9.35470283e+01  1.03394893e-08 
 9.57260185e+01  1.46306083e-08  9.57260185e+01  1.03371258e-08 
 9.79557639e+01  1.46273484e-08  9.79557639e+01  1.03348164e-08 
 1.00237447e+02  1.46241629e-08  1.00237447e+02  1.03325598e-08 
 1.02572277e+02  1.46210500e-08  1.02572277e+02  1.03303548e-08 
 1.04961492e+02  1.46180081e-08  1.04961492e+02  1.03282002e-08 
 1.07406359e+02  1.46150355e-08  1.07406359e+02  1.03260948e-08 
 1.09908175e+02  1.46121307e-08  1.09908175e+02  1.03240376e-08 
 1.12468265e+02  1.46092922e-08  1.12468265e+02  1.03220274e-08 
 1.15087987e+02  1.46065183e-08  1.15087987e+02  1.03200631e-08 
 1.17768731e+02  1.46038077e-08  1.17768731e+02  1.03181437e-08 
 1.20511917e+02  1.46011589e-08  1.20511917e+02  1.03162682e-08 
 1.23319000e+02  1.45985705e-08  1.23319000e+02  1.03144355e-08 
 1.26191469e+02  1.45960411e-08  1.26191469e+02  1.03126446e-08 
 1.29130846e+02  1.45935693e-08  1.29130846e+02  1.03108947e-08 
 1.32138690e+02  1.45911539e-08  1.32138690e+02  1.03091848e-08 
 1.35216595e+02  1.45887935e-08  1.35216595e+02  1.03075139e-08 
 1.38366194e+02  1.45864869e-08  1.38366194e+02  1.03058811e-08 
 1.41589157e+02  1.45842329e-08  1.41589157e+02  1.03042857e-08 
 1.44887192e+02  1.45820303e-08  1.44887192e+02  1.03027267e-08 
 1.48262048e+02  1.45798779e-08  1.48262048e+02  1.03012033e-08 
 1.51715515e+02  1.45777745e-08  1.51715515e+02  1.02997146e-08 
 1.55249423e+02  1.45757190e-08  1.55249423e+02  1.02982600e-08 
 1.58865647e+02  1.45737104e-08  1.58865647e+02  1.02968385e-08 
 1.62566103e+02  1.45717476e-08  1.62566103e+02  1.02954495e-08 
 1.66352754e+02  1.45698295e-08  1.66352754e+02  1.02940922e-08 
 1.70227608e+02  1.45679551e-08  1.70227608e+02  1.02927659e-08 
 1.74192718e+02  1.45661234e-08  1.74192718e+02  1.02914698e-08 
 1.78250188e+02  1.45643334e-08  1.78250188e+02  1.02902034e-08 
 1.82402168e+02  1.45625842e-08  1.82402168e+02  1.02889658e-08 
 1.86650860e+02  1.45608749e-08  1.86650860e+02  1.02877565e-08 
 1.90998517e+02  1.45592045e-08  1.90998517e+02  1.02865747e-08 
 1.95447444e+02  1.45575722e-08  1.95447444e+02  1.02854199e-08 
 2.00000000e+02  1.45559770e-08  2.00000000e+02  1.02842915e-08 
 2.04658598e+02  1.45544182e-08  2.04658598e+02  1.02831888e-08 
 2.09425710e+02  1.45528949e-08  2.09425710e+02  1.02821113e-08 
 2.14303861e+02  1.45514063e-08  2.14303861e+02  1.02810583e-08 
 2.19295639e+02  1.45499516e-08  2.19295639e+02  1.02800294e-08 
 2.24403691e+02  1.45485300e-08  2.24403691e+02  1.02790239e-08 
 2.29630724e+02  1.45471408e-08  2.29630724e+02  1.02780414e-08 
 2.34979511e+02  1.45457833e-08  2.34979511e+02  1.02770813e-08 
 2.40452887e+02  1.45444567e-08  2.40452887e+02  1.02761431e-08 
 2.46053754e+02  1.45431602e-08  2.46053754e+02  1.02752262e-08 
 2.51785082e+02  1.45418933e-08  2.51785082e+02  1.02743303e-08 
 2.57649910e+02  1.45406553e-08  2.57649910e+02  1.02734548e-08 
 2.63651348e+02  1.45394454e-08  2.63651348e+02  1.02725993e-08 
 2.69792577e+02  1.45382631e-08  2.69792577e+02  1.02717633e-08 
 2.76076853e+02  1.45371077e-08  2.76076853e+02  1.02709463e-08 
 2.82507509e+02  1.45359786e-08  2.82507509e+02  1.02701480e-08 
 2.89087954e+02  1.45348752e-08  2.89087954e+02  1.02693678e-08 
 2.95821678e+02  1.45337969e-08  2.95821678e+02  1.02686055e-08 
 3.02712250e+02  1.45327432e-08  3.02712250e+02  1.02678605e-08 
 3.09763324e+02  1.45317134e-08  3.09763324e+02  1.02671325e-08 
 3.16978638e+02  1.45307071e-08  3.16978638e+02  1.02664211e-08 
 3.24362019e+02  1.45297237e-08  3.24362019e+02  1.02657260e-08 
 3.31917381e+02  1.45287627e-08  3.31917381e+02  1.02650466e-08 
 3.39648730e+02  1.45278235e-08  3.39648730e+02  1.02643828e-08 
 3.47560166e+02  1.45269057e-08  3.47560166e+02  1.02637341e-08 
 3.55655882e+02  1.45260088e-08  3.55655882e+02  1.02631001e-08 
 3.63940172e+02  1.45251323e-08  3.63940172e+02  1.02624807e-08 
 3.72417427e+02  1.45242757e-08  3.72417427e+02  1.02618753e-08 
 3.81092144e+02  1.45234386e-08  3.81092144e+02  1.02612837e-08 
 3.89968920e+02  1.45226205e-08  3.89968920e+02  1.02607056e-08 
 3.99052463e+02  1.45218211e-08  3.99052463e+02  1.02601407e-08 
 4.08347589e+02  1.45210398e-08  4.08347589e+02  1.02595887e-08 
 4.17859226e+02  1.45202762e-08  4.17859226e+02  1.02590492e-08 
 4.27592418e+02  1.45195301e-08  4.27592418e+02  1.02585220e-08 
 4.37552325e+02  1.45188009e-08  4.37552325e+02  1.02580069e-08 
 4.47744228e+02  1.45180882e-08  4.47744228e+02  1.02575034e-08 
 4.58173531e+02  1.45173918e-08  4.58173531e+02  1.02570115e-08 
 4.68845763e+02  1.45167111e-08  4.68845763e+02  1.02565307e-08 
 4.79766584e+02  1.45160459e-08  4.79766584e+02  1.02560609e-08 
 4.90941783e+02  1.45153959e-08  4.90941783e+02  1.02556018e-08 
 5.02377286e+02  1.45147605e-08  5.02377286e+02  1.02551532e-08 
 5.14079157e+02  1.45141396e-08  5.14079157e+02  1.02547148e-08 
 5.26053598e+02  1.45135328e-08  5.26053598e+02  1.02542864e-08 
 5.38306961e+02  1.45129398e-08  5.38306961e+02  1.02538677e-08 
 5.50845741e+02  1.45123601e-08  5.50845741e+02  1.02534586e-08 
 5.63676586e+02  1.45117937e-08  5.63676586e+02  1.02530588e-08 
 5.76806301e+02  1.45112400e-08  5.76806301e+02  1.02526680e-08 
 5.90241845e+02  1.45106990e-08  5.90241845e+02  1.02522862e-08 
 6.03990344e+02  1.45101701e-08  6.03990344e+02  1.02519131e-08 
 6.18059087e+02  1.45096533e-08  6.18059087e+02  1.02515485e-08 
 6.32455532e+02  1.45091481e-08  6.32455532e+02  1.02511922e-08 
 6.47187314e+02  1.45086543e-08  6.47187314e+02  1.02508440e-08 
 6.62262243e+02  1.45081717e-08  6.62262243e+02  1.02505037e-08 
 6.77688312e+02  1.45077001e-08  6.77688312e+02  1.02501712e-08 
 6.93473701e+02  1.45072390e-08  6.93473701e+02  1.02498462e-08 
 7.09626778e+02  1.45067884e-08  7.09626778e+02  1.02495287e-08 
 7.26156110e+02  1.45063479e-08  7.26156110e+02  1.02492184e-08 
 7.43070458e+02  1.45059174e-08  7.43070458e+02  1.02489151e-08 
 7.60378793e+02  1.45054965e-08  7.60378793e+02  1.02486187e-08 
 7.78090290e+02  1.45050852e-08  7.78090290e+02  1.02483291e-08 
 7.96214341e+02  1.45046830e-08  7.96214341e+02  1.02480461e-08 
 8.14760556e+02  1.45042899e-08  8.14760556e+02  1.02477695e-08 
 8.33738767e+02  1.45039056e-08  8.33738767e+02  1.02474992e-08 
 8.53159038e+02  1.45035300e-08  8.53159038e+02  1.02472351e-08 
 8.73031664e+02  1.45031627e-08  8.73031664e+02  1.02469770e-08 
 8.93367184e+02  1.45028037e-08  8.93367184e+02  1.02467247e-08 
 9.14176379e+02  1.45024526e-08  9.14176379e+02  1.02464782e-08 
 9.35470283e+02  1.45021094e-08  9.35470283e+02  1.02462373e-08 
 9.57260185e+02  1.45017739e-08  9.57260185e+02  1.02460019e-08 
 9.79557639e+02  1.45014458e-08  9.79557639e+02  1.02457718e-08 
 1.00237447e+03  1.45011250e-08  1.00237447e+03  1.02455470e-08 
 1.02572277e+03  1.45008113e-08  1.02572277e+03  1.02453273e-08 
 1.04961492e+03  1.45005045e-08  1.04961492e+03  1.02451126e-08 
 1.07406359e+03  1.45002045e-08  1.07406359e+03  1.02449027e-08 
 1.09908175e+03  1.44999111e-08  1.09908175e+03  1.02446976e-08 
 1.12468265e+03  1.44996241e-08  1.12468265e+03  1.02444972e-08 
 1.15087987e+03  1.44993435e-08  1.15087987e+03  1.02443014e-08 
 1.17768731e+03  1.44990689e-08  1.17768731e+03  1.02441100e-08 
 1.20511917e+03  1.44988004e-08  1.20511917e+03  1.02439229e-08 
 1.23319000e+03  1.44985376e-08  1.23319000e+03  1.02437401e-08 
 1.26191469e+03  1.44982806e-08  1.26191469e+03  1.02435615e-08 
 1.29130846e+03  1.44980291e-08  1.29130846e+03  1.02433869e-08 
 1.32138690e+03  1.44977830e-08  1.32138690e+03  1.02432162e-08 
 1.35216595e+03  1.44975421e-08  1.35216595e+03  1.02430495e-08 
 1.38366194e+03  1.44973064e-08  1.38366194e+03  1.02428865e-08 
 1.41589157e+03  1.44970757e-08  1.41589157e+03  1.02427272e-08 
 1.44887192e+03  1.44968498e-08  1.44887192e+03  1.02425716e-08 
 1.48262048e+03  1.44966286e-08  1.48262048e+03  1.02424194e-08 
 1.51715515e+03  1.44964121e-08  1.51715515e+03  1.02422707e-08 
 1.55249423e+03  1.44962000e-08  1.55249423e+03  1.02421254e-08 
 1.58865647e+03  1.44959923e-08  1.58865647e+03  1.02419834e-08 
 1.62566103e+03  1.44957889e-08  1.62566103e+03  1.02418446e-08 
 1.66352754e+03  1.44955895e-08  1.66352754e+03  1.02417089e-08 
 1.70227608e+03  1.44953942e-08  1.70227608e+03  1.02415763e-08 
 1.74192718e+03  1.44952027e-08  1.74192718e+03  1.02414467e-08 
 1.78250188e+03  1.44950150e-08  1.78250188e+03  1.02413201e-08 
 1.82402168e+03  1.44948309e-08  1.82402168e+03  1.02411962e-08 
 1.86650860e+03  1.44946504e-08  1.86650860e+03  1.02410752e-08 
 1.90998517e+03  1.44944733e-08  1.90998517e+03  1.02409570e-08 
 1.95447444e+03  1.44942995e-08  1.95447444e+03  1.02408413e-08 
 2.00000000e+03  1.44941289e-08  2.00000000e+03  1.02407283e-08 
 2.04658598e+03  1.44939614e-08  2.04658598e+03  1.02406179e-08 
 2.09425710e+03  1.44937970e-08  2.09425710e+03  1.02405099e-08 
 2.14303861e+03  1.44936354e-08  2.14303861e+03  1.02404043e-08 
 2.19295639e+03  1.44934765e-08  2.19295639e+03  1.02403012e-08 
 2.24403691e+03  1.44933204e-08  2.24403691e+03  1.02402003e-08 
 2.29630724e+03  1.44931668e-08  2.29630724e+03  1.02401017e-08 
 2.34979511e+03  1.44930157e-08  2.34979511e+03  1.02400053e-08 
 2.40452887e+03  1.44928669e-08  2.40452887e+03  1.02399111e-08 
 2.46053754e+03  1.44927204e-08  2.46053754e+03  1.02398189e-08 
 2.51785082e+03  1.44925761e-08  2.51785082e+03  1.02397289e-08 
 2.57649910e+03  1.44924338e-08  2.57649910e+03  1.02396408e-08 
 2.63651348e+03  1.44922934e-08  2.63651348e+03  1.02395547e-08 
 2.69792577e+03  1.44921549e-08  2.69792577e+03  1.02394705e-08 
 2.76076853e+03  1.44920180e-08  2.76076853e+03  1.02393881e-08 
 2.82507509e+03  1.44918828e-08  2.82507509e+03  1.02393076e-08 
 2.89087954e+03  1.44917492e-08  2.89087954e+03  1.02392289e-08 
 2.95821678e+03  1.44916169e-08  2.95821678e+03  1.02391519e-08 
 3.02712250e+03  1.44914859e-08  3.02712250e+03  1.02390766e-08 
 3.09763324e+03  1.44913561e-08  3.09763324e+03  1.02390029e-08 
 3.16978638e+03  1.44912274e-08  3.16978638e+03  1.02389309e-08 
 3.24362019e+03  1.44910997e-08  3.24362019e+03  1.02388604e-08 
 3.31917381e+03  1.44909728e-08  3.31917381e+03  1.02387914e-08 
 3.39648730e+03  1.44908466e-08  3.39648730e+03  1.02387240e-08 
 3.47560166e+03  1.44907210e-08  3.47560166e+03  1.02386580e-08 
 3.55655882e+03  1.44905960e-08  3.55655882e+03  1.02385934e-08 
 3.63940172e+03  1.44904713e-08  3.63940172e+03  1.02385302e-08 
 3.72417427e+03  1.44903468e-08  3.72417427e+03  1.02384683e-08 
 3.81092144e+03  1.44902225e-08  3.81092144e+03  1.02384078e-08 
 3.89968920e+03  1.44900981e-08  3.89968920e+03  1.02383485e-08 
 3.99052463e+03  1.44899736e-08  3.99052463e+03  1.02382905e-08 
 4.08347589e+03  1.44898488e-08  4.08347589e+03  1.02382337e-08 
 4.17859226e+03  1.44897236e-08  4.17859226e+03  1.02381781e-08 
 4.27592418e+03  1.44895979e-08  4.27592418e+03  1.02381236e-08 
 4.37552325e+03  1.44894714e-08  4.37552325e+03  1.02380702e-08 
 4.47744228e+03  1.44893440e-08  4.47744228e+03  1.02380179e-08 
 4.58173531e+03  1.44892156e-08  4.58173531e+03  1.02379666e-08 
 4.68845763e+03  1.44890860e-08  4.68845763e+03  1.02379164e-08 
 4.79766584e+03  1.44889551e-08  4.79766584e+03  1.02378672e-08 
 4.90941783e+03  1.44888226e-08  4.90941783e+03  1.02378189e-08 
 5.02377286e+03  1.44886885e-08  5.02377286e+03  1.02377715e-08 
 5.14079157e+03  1.44885524e-08  5.14079157e+03  1.02377251e-08 
 5.26053598e+03  1.44884143e-08  5.26053598e+03  1.02376795e-08 
 5.38306961e+03  1.44882739e-08  5.38306961e+03  1.02376348e-08 
 5.50845741e+03  1.44881310e-08  5.50845741e+03  1.02375909e-08 
 5.63676586e+03  1.44879854e-08  5.63676586e+03  1.02375477e-08 
 5.76806301e+03  1.44878369e-08  5.76806301e+03  1.02375054e-08 
 5.90241845e+03  1.44876853e-08  5.90241845e+03  1.02374637e-08 
 6.03990344e+03  1.44875304e-08  6.03990344e+03  1.02374228e-08 
 6.18059087e+03  1.44873718e-08  6.18059087e+03  1.02373826e-08 
 6.32455532e+03  1.44872093e-08  6.32455532e+03  1.02373430e-08 
 6.47187314e+03  1.44870428e-08  6.47187314e+03  1.02373040e-08 
 6.62262243e+03  1.44868718e-08  6.62262243e+03  1.02372656e-08 
 6.77688312e+03  1.44866961e-08  6.77688312e+03  1.02372278e-08 
 6.93473701e+03  1.44865155e-08  6.93473701e+03  1.02371905e-08 
 7.09626778e+03  1.44863295e-08  7.09626778e+03  1.02371537e-08 
 7.26156110e+03  1.44861379e-08  7.26156110e+03  1.02371174e-08 
 7.43070458e+03  1.44859404e-08  7.43070458e+03  1.02370816e-08 
 7.60378793e+03  1.44857366e-08  7.60378793e+03  1.02370462e-08 
 7.78090290e+03  1.44855261e-08  7.78090290e+03  1.02370112e-08 
 7.96214341e+03  1.44853086e-08  7.96214341e+03  1.02369766e-08 
 8.14760556e+03  1.44850836e-08  8.14760556e+03  1.02369423e-08 
 8.33738767e+03  1.44848508e-08  8.33738767e+03  1.02369084e-08 
 8.53159038e+03  1.44846096e-08  8.53159038e+03  1.02368747e-08 
 8.73031664e+03  1.44843598e-08  8.73031664e+03  1.02368413e-08 
 8.93367184e+03  1.44841007e-08  8.93367184e+03  1.02368081e-08 
 9.14176379e+03  1.44838320e-08  9.14176379e+03  1.02367751e-08 
 9.35470283e+03  1.44835530e-08  9.35470283e+03  1.02367423e-08 
 9.57260185e+03  1.44832633e-08  9.57260185e+03  1.02367096e-08 
 9.79557639e+03  1.44829623e-08  9.79557639e+03  1.02366771e-08 
 1.00237447e+04  1.44826494e-08  1.00237447e+04  1.02366445e-08 
 1.02572277e+04  1.44823240e-08  1.02572277e+04  1.02366121e-08 
 1.04961492e+04  1.44819855e-08  1.04961492e+04  1.02365796e-08 
 1.07406359e+04  1.44816331e-08  1.07406359e+04  1.02365471e-08 
 1.09908175e+04  1.44812663e-08  1.09908175e+04  1.02365146e-08 
 1.12468265e+04  1.44808843e-08  1.12468265e+04  1.02364819e-08 
 1.15087987e+04  1.44804863e-08  1.15087987e+04  1.02364491e-08 
 1.17768731e+04  1.44800715e-08  1.17768731e+04  1.02364162e-08 
 1.20511917e+04  1.44796391e-08  1.20511917e+04  1.02363830e-08 
 1.23319000e+04  1.44791883e-08  1.23319000e+04  1.02363496e-08 
 1.26191469e+04  1.44787181e-08  1.26191469e+04  1.02363158e-08 
 1.29130846e+04  1.44782276e-08  1.29130846e+04  1.02362817e-08 
 1.32138690e+04  1.44777157e-08  1.32138690e+04  1.02362473e-08 
 1.35216595e+04  1.44771815e-08  1.35216595e+04  1.02362124e-08 
 1.38366194e+04  1.44766239e-08  1.38366194e+04  1.02361770e-08 
 1.41589157e+04  1.44760417e-08  1.41589157e+04  1.02361411e-08 
 1.44887192e+04  1.44754338e-08  1.44887192e+04  1.02361047e-08 
 1.48262048e+04  1.44747989e-08  1.48262048e+04  1.02360676e-08 
 1.51715515e+04  1.44741357e-08  1.51715515e+04  1.02360298e-08 
 1.55249423e+04  1.44734429e-08  1.55249423e+04  1.02359913e-08 
 1.58865647e+04  1.44727190e-08  1.58865647e+04  1.02359520e-08 
 1.62566103e+04  1.44719626e-08  1.62566103e+04  1.02359118e-08 
 1.66352754e+04  1.44711722e-08  1.66352754e+04  1.02358707e-08 
 1.70227608e+04  1.44703460e-08  1.70227608e+04  1.02358286e-08 
 1.74192718e+04  1.44694825e-08  1.74192718e+04  1.02357855e-08 
 1.78250188e+04  1.44685798e-08  1.78250188e+04  1.02357413e-08 
 1.82402168e+04  1.44676361e-08  1.82402168e+04  1.02356958e-08 
 1.86650860e+04  1.44666495e-08  1.86650860e+04  1.02356491e-08 
 1.90998517e+04  1.44656180e-08  1.90998517e+04  1.02356011e-08 
 1.95447444e+04  1.44645394e-08  1.95447444e+04  1.02355516e-08 
 2.00000000e+04  1.44634115e-08  2.00000000e+04  1.02355006e-08 
