-1.40000000e+01 -1.40015512e+01 -1.40000000e+01  2.27475388e+01 -1.40000000e+01  2.27479274e+01 -1.40000000e+01 -1.32060169e+01 -1.40000000e+01 -1.48136063e+01 
-1.39500000e+01 -1.39524656e+01 -1.39500000e+01  2.27144907e+01 -1.39500000e+01  2.27151305e+01 -1.39500000e+01 -1.31255749e+01 -1.39500000e+01 -1.47959678e+01 
-1.39000000e+01 -1.39036730e+01 -1.39000000e+01  2.26870951e+01 -1.39000000e+01  2.26880734e+01 -1.39000000e+01 -1.30523440e+01 -1.39000000e+01 -1.47716211e+01 
-1.38500000e+01 -1.38550732e+01 -1.38500000e+01  2.26636302e+01 -1.38500000e+01  2.26650124e+01 -1.38500000e+01 -1.29849533e+01 -1.38500000e+01 -1.47417548e+01 
-1.38000000e+01 -1.38065458e+01 -1.38000000e+01  2.26417362e+01 -1.38000000e+01  2.26435567e+01 -1.38000000e+01 -1.29209654e+01 -1.38000000e+01 -1.47085929e+01 
-1.37500000e+01 -1.37580297e+01 -1.37500000e+01  2.26200191e+01 -1.37500000e+01  2.26222954e+01 -1.37500000e+01 -1.28588555e+01 -1.37500000e+01 -1.46735541e+01 
-1.37000000e+01 -1.37095108e+01 -1.37000000e+01  2.25979127e+01 -1.37000000e+01  2.26006578e+01 -1.37000000e+01 -1.27980160e+01 -1.37000000e+01 -1.46372244e+01 
-1.36500000e+01 -1.36609879e+01 -1.36500000e+01  2.25750763e+01 -1.36500000e+01  2.25783023e+01 -1.36500000e+01 -1.27380822e+01 -1.36500000e+01 -1.45999707e+01 
-1.36000000e+01 -1.36124658e+01 -1.36000000e+01  2.25512445e+01 -1.36000000e+01  2.25549637e+01 -1.36000000e+01 -1.26787864e+01 -1.36000000e+01 -1.45620729e+01 
-1.35500000e+01 -1.35639543e+01 -1.35500000e+01  2.25261864e+01 -1.35500000e+01  2.25304127e+01 -1.35500000e+01 -1.26199546e+01 -1.35500000e+01 -1.45237269e+01 
-1.35000000e+01 -1.35154668e+01 -1.35000000e+01  2.24996578e+01 -1.35000000e+01  2.25044076e+01 -1.35000000e+01 -1.25614950e+01 -1.35000000e+01 -1.44850527e+01 
-1.34500000e+01 -1.34670134e+01 -1.34500000e+01  2.24713531e+01 -1.34500000e+01  2.24766441e+01 -1.34500000e+01 -1.25034034e+01 -1.34500000e+01 -1.44460748e+01 
-1.34000000e+01 -1.34185823e+01 -1.34000000e+01  2.24408468e+01 -1.34000000e+01  2.24466904e+01 -1.34000000e+01 -1.24457889e+01 -1.34000000e+01 -1.44066598e+01 
-1.33500000e+01 -1.33701086e+01 -1.33500000e+01  2.24075188e+01 -1.33500000e+01  2.24139018e+01 -1.33500000e+01 -1.23889221e+01 -1.33500000e+01 -1.43664039e+01 
-1.33000000e+01 -1.33214468e+01 -1.33000000e+01  2.23705228e+01 -1.33000000e+01  2.23773795e+01 -1.33000000e+01 -1.23332770e+01 -1.33000000e+01 -1.43245362e+01 
-1.32500000e+01 -1.32724107e+01 -1.32500000e+01  2.23291061e+01 -1.32500000e+01  2.23363042e+01 -1.32500000e+01 -1.22793775e+01 -1.32500000e+01 -1.42801535e+01 
-1.32000000e+01 -1.32229515e+01 -1.32000000e+01  2.22836224e+01 -1.32000000e+01  2.22910118e+01 -1.32000000e+01 -1.22272357e+01 -1.32000000e+01 -1.42331463e+01 
-1.31500000e+01 -1.31732115e+01 -1.31500000e+01  2.22356544e+01 -1.31500000e+01  2.22431352e+01 -1.31500000e+01 -1.21761865e+01 -1.31500000e+01 -1.41844724e+01 
-1.31000000e+01 -1.31233320e+01 -1.31000000e+01  2.21865826e+01 -1.31000000e+01  2.21941053e+01 -1.31000000e+01 -1.21256499e+01 -1.31000000e+01 -1.41350021e+01 
-1.30500000e+01 -1.30733966e+01 -1.30500000e+01  2.21371011e+01 -1.30500000e+01  2.21446460e+01 -1.30500000e+01 -1.20753172e+01 -1.30500000e+01 -1.40852147e+01 
-1.30000000e+01 -1.30234424e+01 -1.30000000e+01  2.20874835e+01 -1.30000000e+01  2.20950439e+01 -1.30000000e+01 -1.20250514e+01 -1.30000000e+01 -1.40353235e+01 
-1.29500000e+01 -1.29734834e+01 -1.29500000e+01  2.20378325e+01 -1.29500000e+01  2.20454067e+01 -1.29500000e+01 -1.19748016e+01 -1.29500000e+01 -1.39854078e+01 
-1.29000000e+01 -1.29235230e+01 -1.29000000e+01  2.19881724e+01 -1.29000000e+01  2.19957601e+01 -1.29000000e+01 -1.19245564e+01 -1.29000000e+01 -1.39354863e+01 
-1.28500000e+01 -1.28735620e+01 -1.28500000e+01  2.19385072e+01 -1.28500000e+01  2.19461080e+01 -1.28500000e+01 -1.18743141e+01 -1.28500000e+01 -1.38855618e+01 
-1.28000000e+01 -1.28236004e+01 -1.28000000e+01  2.18888372e+01 -1.28000000e+01  2.18964510e+01 -1.28000000e+01 -1.18240745e+01 -1.28000000e+01 -1.38356346e+01 
-1.27500000e+01 -1.27736382e+01 -1.27500000e+01  2.18391626e+01 -1.27500000e+01  2.18467890e+01 -1.27500000e+01 -1.17738376e+01 -1.27500000e+01 -1.37857049e+01 
-1.27000000e+01 -1.27236754e+01 -1.27000000e+01  2.17894832e+01 -1.27000000e+01  2.17971222e+01 -1.27000000e+01 -1.17236035e+01 -1.27000000e+01 -1.37357725e+01 
-1.26500000e+01 -1.26737120e+01 -1.26500000e+01  2.17397991e+01 -1.26500000e+01  2.17474504e+01 -1.26500000e+01 -1.16733721e+01 -1.26500000e+01 -1.36858374e+01 
-1.26000000e+01 -1.26237481e+01 -1.26000000e+01  2.16901103e+01 -1.26000000e+01  2.16977737e+01 -1.26000000e+01 -1.16231434e+01 -1.26000000e+01 -1.36358996e+01 
-1.25500000e+01 -1.25737835e+01 -1.25500000e+01  2.16404167e+01 -1.25500000e+01  2.16480920e+01 -1.25500000e+01 -1.15729175e+01 -1.25500000e+01 -1.35859591e+01 
-1.25000000e+01 -1.25238183e+01 -1.25000000e+01  2.15907184e+01 -1.25000000e+01  2.15984054e+01 -1.25000000e+01 -1.15226944e+01 -1.25000000e+01 -1.35360158e+01 
-1.24500000e+01 -1.24738525e+01 -1.24500000e+01  2.15410153e+01 -1.24500000e+01  2.15487137e+01 -1.24500000e+01 -1.14724740e+01 -1.24500000e+01 -1.34860696e+01 
-1.24000000e+01 -1.24238861e+01 -1.24000000e+01  2.14913073e+01 -1.24000000e+01  2.14990169e+01 -1.24000000e+01 -1.14222565e+01 -1.24000000e+01 -1.34361205e+01 
-1.23500000e+01 -1.23739190e+01 -1.23500000e+01  2.14415944e+01 -1.23500000e+01  2.14493151e+01 -1.23500000e+01 -1.13720419e+01 -1.23500000e+01 -1.33861685e+01 
-1.23000000e+01 -1.23239514e+01 -1.23000000e+01  2.13918767e+01 -1.23000000e+01  2.13996081e+01 -1.23000000e+01 -1.13218301e+01 -1.23000000e+01 -1.33362134e+01 
-1.22500000e+01 -1.22739830e+01 -1.22500000e+01  2.13421539e+01 -1.22500000e+01  2.13498960e+01 -1.22500000e+01 -1.12716212e+01 -1.22500000e+01 -1.32862553e+01 
-1.22000000e+01 -1.22240140e+01 -1.22000000e+01  2.12924262e+01 -1.22000000e+01  2.13001786e+01 -1.22000000e+01 -1.12214153e+01 -1.22000000e+01 -1.32362940e+01 
-1.21500000e+01 -1.21740444e+01 -1.21500000e+01  2.12426934e+01 -1.21500000e+01  2.12504559e+01 -1.21500000e+01 -1.11712123e+01 -1.21500000e+01 -1.31863295e+01 
-1.21000000e+01 -1.21240740e+01 -1.21000000e+01  2.11929555e+01 -1.21000000e+01  2.12007278e+01 -1.21000000e+01 -1.11210124e+01 -1.21000000e+01 -1.31363617e+01 
-1.20500000e+01 -1.20741030e+01 -1.20500000e+01  2.11432123e+01 -1.20500000e+01  2.11509942e+01 -1.20500000e+01 -1.10708156e+01 -1.20500000e+01 -1.30863904e+01 
-1.20000000e+01 -1.20241313e+01 -1.20000000e+01  2.10934639e+01 -1.20000000e+01  2.11012551e+01 -1.20000000e+01 -1.10206220e+01 -1.20000000e+01 -1.30364157e+01 
-1.19500000e+01 -1.19741588e+01 -1.19500000e+01  2.10437100e+01 -1.19500000e+01  2.10515104e+01 -1.19500000e+01 -1.09704315e+01 -1.19500000e+01 -1.29864373e+01 
-1.19000000e+01 -1.19241856e+01 -1.19000000e+01  2.09939507e+01 -1.19000000e+01  2.10017599e+01 -1.19000000e+01 -1.09202443e+01 -1.19000000e+01 -1.29364553e+01 
-1.18500000e+01 -1.18742117e+01 -1.18500000e+01  2.09441858e+01 -1.18500000e+01  2.09520035e+01 -1.18500000e+01 -1.08700604e+01 -1.18500000e+01 -1.28864694e+01 
-1.18000000e+01 -1.18242369e+01 -1.18000000e+01  2.08944151e+01 -1.18000000e+01  2.09022411e+01 -1.18000000e+01 -1.08198800e+01 -1.18000000e+01 -1.28364795e+01 
-1.17500000e+01 -1.17742614e+01 -1.17500000e+01  2.08446385e+01 -1.17500000e+01  2.08524725e+01 -1.17500000e+01 -1.07697031e+01 -1.17500000e+01 -1.27864855e+01 
-1.17000000e+01 -1.17242850e+01 -1.17000000e+01  2.07948559e+01 -1.17000000e+01  2.08026976e+01 -1.17000000e+01 -1.07195298e+01 -1.17000000e+01 -1.27364872e+01 
-1.16500000e+01 -1.16743078e+01 -1.16500000e+01  2.07450669e+01 -1.16500000e+01  2.07529161e+01 -1.16500000e+01 -1.06693603e+01 -1.16500000e+01 -1.26864844e+01 
-1.16000000e+01 -1.16243297e+01 -1.16000000e+01  2.06952715e+01 -1.16000000e+01  2.07031278e+01 -1.16000000e+01 -1.06191946e+01 -1.16000000e+01 -1.26364769e+01 
-1.15500000e+01 -1.15743507e+01 -1.15500000e+01  2.06454693e+01 -1.15500000e+01  2.06533323e+01 -1.15500000e+01 -1.05690330e+01 -1.15500000e+01 -1.25864645e+01 
-1.15000000e+01 -1.15243707e+01 -1.15000000e+01  2.05956600e+01 -1.15000000e+01  2.06035294e+01 -1.15000000e+01 -1.05188756e+01 -1.15000000e+01 -1.25364469e+01 
-1.14500000e+01 -1.14743897e+01 -1.14500000e+01  2.05458432e+01 -1.14500000e+01  2.05537187e+01 -1.14500000e+01 -1.04687226e+01 -1.14500000e+01 -1.24864237e+01 
-1.14000000e+01 -1.14244076e+01 -1.14000000e+01  2.04960184e+01 -1.14000000e+01  2.05038996e+01 -1.14000000e+01 -1.04185743e+01 -1.14000000e+01 -1.24363945e+01 
-1.13500000e+01 -1.13744244e+01 -1.13500000e+01  2.04461850e+01 -1.13500000e+01  2.04540715e+01 -1.13500000e+01 -1.03684310e+01 -1.13500000e+01 -1.23863589e+01 
-1.13000000e+01 -1.13244398e+01 -1.13000000e+01  2.03963424e+01 -1.13000000e+01  2.04042336e+01 -1.13000000e+01 -1.03182930e+01 -1.13000000e+01 -1.23363163e+01 
-1.12500000e+01 -1.12744539e+01 -1.12500000e+01  2.03464895e+01 -1.12500000e+01  2.03543851e+01 -1.12500000e+01 -1.02681610e+01 -1.12500000e+01 -1.22862660e+01 
-1.12000000e+01 -1.12244665e+01 -1.12000000e+01  2.02966253e+01 -1.12000000e+01  2.03045247e+01 -1.12000000e+01 -1.02180353e+01 -1.12000000e+01 -1.22362070e+01 
-1.11500000e+01 -1.11744774e+01 -1.11500000e+01  2.02467487e+01 -1.11500000e+01  2.02546513e+01 -1.11500000e+01 -1.01679166e+01 -1.11500000e+01 -1.21861387e+01 
-1.11000000e+01 -1.11244868e+01 -1.11000000e+01  2.01968604e+01 -1.11000000e+01  2.02047657e+01 -1.11000000e+01 -1.01178044e+01 -1.11000000e+01 -1.21360616e+01 
-1.10500000e+01 -1.10744954e+01 -1.10500000e+01  2.01469659e+01 -1.10500000e+01  2.01548735e+01 -1.10500000e+01 -1.00676959e+01 -1.10500000e+01 -1.20859800e+01 
-1.10000000e+01 -1.10245037e+01 -1.10000000e+01  2.00970695e+01 -1.10000000e+01  2.01049794e+01 -1.10000000e+01 -1.00175890e+01 -1.10000000e+01 -1.20358971e+01 
-1.09500000e+01 -1.09745119e+01 -1.09500000e+01  2.00471726e+01 -1.09500000e+01  2.00550847e+01 -1.09500000e+01 -9.96748281e+00 -1.09500000e+01 -1.19858142e+01 
-1.09000000e+01 -1.09245201e+01 -1.09000000e+01  1.99972756e+01 -1.09000000e+01  2.00051899e+01 -1.09000000e+01 -9.91737717e+00 -1.09000000e+01 -1.19357315e+01 
-1.08500000e+01 -1.08745282e+01 -1.08500000e+01  1.99473786e+01 -1.08500000e+01  1.99552952e+01 -1.08500000e+01 -9.86727204e+00 -1.08500000e+01 -1.18856491e+01 
-1.08000000e+01 -1.08245364e+01 -1.08000000e+01  1.98974816e+01 -1.08000000e+01  1.99054004e+01 -1.08000000e+01 -9.81716739e+00 -1.08000000e+01 -1.18355670e+01 
-1.07500000e+01 -1.07745445e+01 -1.07500000e+01  1.98475847e+01 -1.07500000e+01  1.98555056e+01 -1.07500000e+01 -9.76706323e+00 -1.07500000e+01 -1.17854852e+01 
-1.07000000e+01 -1.07245526e+01 -1.07000000e+01  1.97976877e+01 -1.07000000e+01  1.98056109e+01 -1.07000000e+01 -9.71695954e+00 -1.07000000e+01 -1.17354036e+01 
-1.06500000e+01 -1.06745606e+01 -1.06500000e+01  1.97477908e+01 -1.06500000e+01  1.97557161e+01 -1.06500000e+01 -9.66685632e+00 -1.06500000e+01 -1.16853224e+01 
-1.06000000e+01 -1.06245687e+01 -1.06000000e+01  1.96978939e+01 -1.06000000e+01  1.97058214e+01 -1.06000000e+01 -9.61675357e+00 -1.06000000e+01 -1.16352415e+01 
-1.05500000e+01 -1.05745767e+01 -1.05500000e+01  1.96479971e+01 -1.05500000e+01  1.96559267e+01 -1.05500000e+01 -9.56665127e+00 -1.05500000e+01 -1.15851608e+01 
-1.05000000e+01 -1.05245847e+01 -1.05000000e+01  1.95981002e+01 -1.05000000e+01  1.96060320e+01 -1.05000000e+01 -9.51654943e+00 -1.05000000e+01 -1.15350805e+01 
-1.04500000e+01 -1.04745927e+01 -1.04500000e+01  1.95482034e+01 -1.04500000e+01  1.95561374e+01 -1.04500000e+01 -9.46644804e+00 -1.04500000e+01 -1.14850004e+01 
-1.04000000e+01 -1.04246007e+01 -1.04000000e+01  1.94983066e+01 -1.04000000e+01  1.95062427e+01 -1.04000000e+01 -9.41634709e+00 -1.04000000e+01 -1.14349206e+01 
-1.03500000e+01 -1.03746087e+01 -1.03500000e+01  1.94484098e+01 -1.03500000e+01  1.94563481e+01 -1.03500000e+01 -9.36624658e+00 -1.03500000e+01 -1.13848410e+01 
-1.03000000e+01 -1.03246166e+01 -1.03000000e+01  1.93985131e+01 -1.03000000e+01  1.94064535e+01 -1.03000000e+01 -9.31614651e+00 -1.03000000e+01 -1.13347618e+01 
-1.02500000e+01 -1.02746245e+01 -1.02500000e+01  1.93486163e+01 -1.02500000e+01  1.93565589e+01 -1.02500000e+01 -9.26604687e+00 -1.02500000e+01 -1.12846828e+01 
-1.02000000e+01 -1.02246325e+01 -1.02000000e+01  1.92987196e+01 -1.02000000e+01  1.93066643e+01 -1.02000000e+01 -9.21594765e+00 -1.02000000e+01 -1.12346041e+01 
-1.01500000e+01 -1.01746404e+01 -1.01500000e+01  1.92488229e+01 -1.01500000e+01  1.92567698e+01 -1.01500000e+01 -9.16584885e+00 -1.01500000e+01 -1.11845257e+01 
-1.01000000e+01 -1.01246483e+01 -1.01000000e+01  1.91989263e+01 -1.01000000e+01  1.92068752e+01 -1.01000000e+01 -9.11575047e+00 -1.01000000e+01 -1.11344475e+01 
-1.00500000e+01 -1.00746561e+01 -1.00500000e+01  1.91490296e+01 -1.00500000e+01  1.91569807e+01 -1.00500000e+01 -9.06565249e+00 -1.00500000e+01 -1.10843696e+01 
-1.00000000e+01 -1.00246640e+01 -1.00000000e+01  1.90991330e+01 -1.00000000e+01  1.91070862e+01 -1.00000000e+01 -9.01555493e+00 -1.00000000e+01 -1.10342920e+01 
-9.95000000e+00 -9.97467184e+00 -9.95000000e+00  1.90492364e+01 -9.95000000e+00  1.90571917e+01 -9.95000000e+00 -8.96545777e+00 -9.95000000e+00 -1.09842146e+01 
-9.90000000e+00 -9.92467968e+00 -9.90000000e+00  1.89993399e+01 -9.90000000e+00  1.90072973e+01 -9.90000000e+00 -8.91536101e+00 -9.90000000e+00 -1.09341374e+01 
-9.85000000e+00 -9.87468749e+00 -9.85000000e+00  1.89494433e+01 -9.85000000e+00  1.89574029e+01 -9.85000000e+00 -8.86526464e+00 -9.85000000e+00 -1.08840606e+01 
-9.80000000e+00 -9.82469530e+00 -9.80000000e+00  1.88995468e+01 -9.80000000e+00  1.89075084e+01 -9.80000000e+00 -8.81516867e+00 -9.80000000e+00 -1.08339839e+01 
-9.75000000e+00 -9.77470309e+00 -9.75000000e+00  1.88496503e+01 -9.75000000e+00  1.88576140e+01 -9.75000000e+00 -8.76507308e+00 -9.75000000e+00 -1.07839075e+01 
-9.70000000e+00 -9.72471087e+00 -9.70000000e+00  1.87997539e+01 -9.70000000e+00  1.88077197e+01 -9.70000000e+00 -8.71497787e+00 -9.70000000e+00 -1.07338314e+01 
-9.65000000e+00 -9.67471864e+00 -9.65000000e+00  1.87498574e+01 -9.65000000e+00  1.87578253e+01 -9.65000000e+00 -8.66488304e+00 -9.65000000e+00 -1.06837555e+01 
-9.60000000e+00 -9.62472639e+00 -9.60000000e+00  1.86999610e+01 -9.60000000e+00  1.87079310e+01 -9.60000000e+00 -8.61478859e+00 -9.60000000e+00 -1.06336799e+01 
-9.55000000e+00 -9.57473413e+00 -9.55000000e+00  1.86500646e+01 -9.55000000e+00  1.86580366e+01 -9.55000000e+00 -8.56469450e+00 -9.55000000e+00 -1.05836045e+01 
-9.50000000e+00 -9.52474186e+00 -9.50000000e+00  1.86001683e+01 -9.50000000e+00  1.86081423e+01 -9.50000000e+00 -8.51460079e+00 -9.50000000e+00 -1.05335293e+01 
-9.45000000e+00 -9.47474958e+00 -9.45000000e+00  1.85502719e+01 -9.45000000e+00  1.85582481e+01 -9.45000000e+00 -8.46450744e+00 -9.45000000e+00 -1.04834544e+01 
-9.40000000e+00 -9.42475728e+00 -9.40000000e+00  1.85003756e+01 -9.40000000e+00  1.85083538e+01 -9.40000000e+00 -8.41441444e+00 -9.40000000e+00 -1.04333797e+01 
-9.35000000e+00 -9.37476497e+00 -9.35000000e+00  1.84504793e+01 -9.35000000e+00  1.84584596e+01 -9.35000000e+00 -8.36432181e+00 -9.35000000e+00 -1.03833052e+01 
-9.30000000e+00 -9.32477266e+00 -9.30000000e+00  1.84005831e+01 -9.30000000e+00  1.84085654e+01 -9.30000000e+00 -8.31422952e+00 -9.30000000e+00 -1.03332309e+01 
-9.25000000e+00 -9.27478033e+00 -9.25000000e+00  1.83506868e+01 -9.25000000e+00  1.83586712e+01 -9.25000000e+00 -8.26413759e+00 -9.25000000e+00 -1.02831569e+01 
-9.20000000e+00 -9.22478799e+00 -9.20000000e+00  1.83007906e+01 -9.20000000e+00  1.83087770e+01 -9.20000000e+00 -8.21404600e+00 -9.20000000e+00 -1.02330831e+01 
-9.15000000e+00 -9.17479564e+00 -9.15000000e+00  1.82508944e+01 -9.15000000e+00  1.82588828e+01 -9.15000000e+00 -8.16395475e+00 -9.15000000e+00 -1.01830096e+01 
-9.10000000e+00 -9.12480327e+00 -9.10000000e+00  1.82009983e+01 -9.10000000e+00  1.82089887e+01 -9.10000000e+00 -8.11386384e+00 -9.10000000e+00 -1.01329362e+01 
-9.05000000e+00 -9.07481090e+00 -9.05000000e+00  1.81511021e+01 -9.05000000e+00  1.81590946e+01 -9.05000000e+00 -8.06377327e+00 -9.05000000e+00 -1.00828631e+01 
-9.00000000e+00 -9.02481852e+00 -9.00000000e+00  1.81012060e+01 -9.00000000e+00  1.81092005e+01 -9.00000000e+00 -8.01368302e+00 -9.00000000e+00 -1.00327902e+01 
-8.95000000e+00 -8.97482613e+00 -8.95000000e+00  1.80513099e+01 -8.95000000e+00  1.80593065e+01 -8.95000000e+00 -7.96359311e+00 -8.95000000e+00 -9.98271751e+00 
-8.90000000e+00 -8.92483372e+00 -8.90000000e+00  1.80014139e+01 -8.90000000e+00  1.80094124e+01 -8.90000000e+00 -7.91350352e+00 -8.90000000e+00 -9.93264503e+00 
-8.85000000e+00 -8.87484131e+00 -8.85000000e+00  1.79515178e+01 -8.85000000e+00  1.79595184e+01 -8.85000000e+00 -7.86341426e+00 -8.85000000e+00 -9.88257277e+00 
-8.80000000e+00 -8.82484889e+00 -8.80000000e+00  1.79016218e+01 -8.80000000e+00  1.79096244e+01 -8.80000000e+00 -7.81332531e+00 -8.80000000e+00 -9.83250071e+00 
-8.75000000e+00 -8.77485646e+00 -8.75000000e+00  1.78517259e+01 -8.75000000e+00  1.78597304e+01 -8.75000000e+00 -7.76323668e+00 -8.75000000e+00 -9.78242887e+00 
-8.70000000e+00 -8.72486402e+00 -8.70000000e+00  1.78018299e+01 -8.70000000e+00  1.78098365e+01 -8.70000000e+00 -7.71314837e+00 -8.70000000e+00 -9.73235723e+00 
-8.65000000e+00 -8.67487157e+00 -8.65000000e+00  1.77519340e+01 -8.65000000e+00  1.77599426e+01 -8.65000000e+00 -7.66306036e+00 -8.65000000e+00 -9.68228579e+00 
-8.60000000e+00 -8.62487911e+00 -8.60000000e+00  1.77020381e+01 -8.60000000e+00  1.77100487e+01 -8.60000000e+00 -7.61297266e+00 -8.60000000e+00 -9.63221456e+00 
-8.55000000e+00 -8.57488664e+00 -8.55000000e+00  1.76521422e+01 -8.55000000e+00  1.76601548e+01 -8.55000000e+00 -7.56288527e+00 -8.55000000e+00 -9.58214352e+00 
-8.50000000e+00 -8.52489416e+00 -8.50000000e+00  1.76022463e+01 -8.50000000e+00  1.76102609e+01 -8.50000000e+00 -7.51279817e+00 -8.50000000e+00 -9.53207269e+00 
-8.45000000e+00 -8.47490168e+00 -8.45000000e+00  1.75523505e+01 -8.45000000e+00  1.75603671e+01 -8.45000000e+00 -7.46271138e+00 -8.45000000e+00 -9.48200206e+00 
-8.40000000e+00 -8.42490918e+00 -8.40000000e+00  1.75024547e+01 -8.40000000e+00  1.75104733e+01 -8.40000000e+00 -7.41262488e+00 -8.40000000e+00 -9.43193162e+00 
-8.35000000e+00 -8.37491668e+00 -8.35000000e+00  1.74525590e+01 -8.35000000e+00  1.74605795e+01 -8.35000000e+00 -7.36253868e+00 -8.35000000e+00 -9.38186138e+00 
-8.30000000e+00 -8.32492417e+00 -8.30000000e+00  1.74026632e+01 -8.30000000e+00  1.74106857e+01 -8.30000000e+00 -7.31245276e+00 -8.30000000e+00 -9.33179133e+00 
-8.25000000e+00 -8.27493165e+00 -8.25000000e+00  1.73527675e+01 -8.25000000e+00  1.73607920e+01 -8.25000000e+00 -7.26236713e+00 -8.25000000e+00 -9.28172147e+00 
-8.20000000e+00 -8.22493912e+00 -8.20000000e+00  1.73028718e+01 -8.20000000e+00  1.73108983e+01 -8.20000000e+00 -7.21228179e+00 -8.20000000e+00 -9.23165180e+00 
-8.15000000e+00 -8.17494659e+00 -8.15000000e+00  1.72529762e+01 -8.15000000e+00  1.72610046e+01 -8.15000000e+00 -7.16219673e+00 -8.15000000e+00 -9.18158231e+00 
-8.10000000e+00 -8.12495405e+00 -8.10000000e+00  1.72030805e+01 -8.10000000e+00  1.72111109e+01 -8.10000000e+00 -7.11211195e+00 -8.10000000e+00 -9.13151302e+00 
-8.05000000e+00 -8.07496150e+00 -8.05000000e+00  1.71531849e+01 -8.05000000e+00  1.71612173e+01 -8.05000000e+00 -7.06202744e+00 -8.05000000e+00 -9.08144391e+00 
-8.00000000e+00 -8.02496894e+00 -8.00000000e+00  1.71032893e+01 -8.00000000e+00  1.71113237e+01 -8.00000000e+00 -7.01194321e+00 -8.00000000e+00 -9.03137498e+00 
-7.95000000e+00 -7.97497638e+00 -7.95000000e+00  1.70533938e+01 -7.95000000e+00  1.70614301e+01 -7.95000000e+00 -6.96185926e+00 -7.95000000e+00 -8.98130624e+00 
-7.90000000e+00 -7.92498380e+00 -7.90000000e+00  1.70034982e+01 -7.90000000e+00  1.70115365e+01 -7.90000000e+00 -6.91177557e+00 -7.90000000e+00 -8.93123767e+00 
-7.85000000e+00 -7.87499123e+00 -7.85000000e+00  1.69536027e+01 -7.85000000e+00  1.69616429e+01 -7.85000000e+00 -6.86169215e+00 -7.85000000e+00 -8.88116929e+00 
-7.80000000e+00 -7.82499864e+00 -7.80000000e+00  1.69037073e+01 -7.80000000e+00  1.69117494e+01 -7.80000000e+00 -6.81160899e+00 -7.80000000e+00 -8.83110108e+00 
-7.75000000e+00 -7.77500605e+00 -7.75000000e+00  1.68538118e+01 -7.75000000e+00  1.68618559e+01 -7.75000000e+00 -6.76152610e+00 -7.75000000e+00 -8.78103305e+00 
-7.70000000e+00 -7.72501345e+00 -7.70000000e+00  1.68039164e+01 -7.70000000e+00  1.68119625e+01 -7.70000000e+00 -6.71144346e+00 -7.70000000e+00 -8.73096519e+00 
-7.65000000e+00 -7.67502085e+00 -7.65000000e+00  1.67540210e+01 -7.65000000e+00  1.67620690e+01 -7.65000000e+00 -6.66136109e+00 -7.65000000e+00 -8.68089750e+00 
-7.60000000e+00 -7.62502823e+00 -7.60000000e+00  1.67041257e+01 -7.60000000e+00  1.67121756e+01 -7.60000000e+00 -6.61127897e+00 -7.60000000e+00 -8.63082999e+00 
-7.55000000e+00 -7.57503562e+00 -7.55000000e+00  1.66542303e+01 -7.55000000e+00  1.66622822e+01 -7.55000000e+00 -6.56119710e+00 -7.55000000e+00 -8.58076265e+00 
-7.50000000e+00 -7.52504299e+00 -7.50000000e+00  1.66043350e+01 -7.50000000e+00  1.66123888e+01 -7.50000000e+00 -6.51111548e+00 -7.50000000e+00 -8.53069547e+00 
-7.45000000e+00 -7.47505036e+00 -7.45000000e+00  1.65544397e+01 -7.45000000e+00  1.65624955e+01 -7.45000000e+00 -6.46103411e+00 -7.45000000e+00 -8.48062847e+00 
-7.40000000e+00 -7.42505773e+00 -7.40000000e+00  1.65045445e+01 -7.40000000e+00  1.65126022e+01 -7.40000000e+00 -6.41095299e+00 -7.40000000e+00 -8.43056163e+00 
-7.35000000e+00 -7.37506508e+00 -7.35000000e+00  1.64546493e+01 -7.35000000e+00  1.64627089e+01 -7.35000000e+00 -6.36087211e+00 -7.35000000e+00 -8.38049495e+00 
-7.30000000e+00 -7.32507243e+00 -7.30000000e+00  1.64047541e+01 -7.30000000e+00  1.64128156e+01 -7.30000000e+00 -6.31079147e+00 -7.30000000e+00 -8.33042844e+00 
-7.25000000e+00 -7.27507978e+00 -7.25000000e+00  1.63548589e+01 -7.25000000e+00  1.63629223e+01 -7.25000000e+00 -6.26071107e+00 -7.25000000e+00 -8.28036209e+00 
-7.20000000e+00 -7.22508712e+00 -7.20000000e+00  1.63049638e+01 -7.20000000e+00  1.63130291e+01 -7.20000000e+00 -6.21063091e+00 -7.20000000e+00 -8.23029590e+00 
-7.15000000e+00 -7.17509446e+00 -7.15000000e+00  1.62550686e+01 -7.15000000e+00  1.62631359e+01 -7.15000000e+00 -6.16055099e+00 -7.15000000e+00 -8.18022987e+00 
-7.10000000e+00 -7.12510179e+00 -7.10000000e+00  1.62051736e+01 -7.10000000e+00  1.62132428e+01 -7.10000000e+00 -6.11047130e+00 -7.10000000e+00 -8.13016400e+00 
-7.05000000e+00 -7.07510911e+00 -7.05000000e+00  1.61552785e+01 -7.05000000e+00  1.61633496e+01 -7.05000000e+00 -6.06039184e+00 -7.05000000e+00 -8.08009829e+00 
-7.00000000e+00 -7.02511643e+00 -7.00000000e+00  1.61053835e+01 -7.00000000e+00  1.61134565e+01 -7.00000000e+00 -6.01031261e+00 -7.00000000e+00 -8.03003273e+00 
-6.95000000e+00 -6.97512375e+00 -6.95000000e+00  1.60554885e+01 -6.95000000e+00  1.60635634e+01 -6.95000000e+00 -5.96023360e+00 -6.95000000e+00 -7.97996733e+00 
-6.90000000e+00 -6.92513106e+00 -6.90000000e+00  1.60055935e+01 -6.90000000e+00  1.60136704e+01 -6.90000000e+00 -5.91015483e+00 -6.90000000e+00 -7.92990208e+00 
-6.85000000e+00 -6.87513836e+00 -6.85000000e+00  1.59556985e+01 -6.85000000e+00  1.59637773e+01 -6.85000000e+00 -5.86007627e+00 -6.85000000e+00 -7.87983698e+00 
-6.80000000e+00 -6.82514566e+00 -6.80000000e+00  1.59058036e+01 -6.80000000e+00  1.59138843e+01 -6.80000000e+00 -5.80999794e+00 -6.80000000e+00 -7.82977203e+00 
-6.75000000e+00 -6.77515295e+00 -6.75000000e+00  1.58559087e+01 -6.75000000e+00  1.58639913e+01 -6.75000000e+00 -5.75991983e+00 -6.75000000e+00 -7.77970723e+00 
-6.70000000e+00 -6.72516025e+00 -6.70000000e+00  1.58060139e+01 -6.70000000e+00  1.58140984e+01 -6.70000000e+00 -5.70984193e+00 -6.70000000e+00 -7.72964258e+00 
-6.65000000e+00 -6.67516753e+00 -6.65000000e+00  1.57561191e+01 -6.65000000e+00  1.57642054e+01 -6.65000000e+00 -5.65976426e+00 -6.65000000e+00 -7.67957808e+00 
-6.60000000e+00 -6.62517481e+00 -6.60000000e+00  1.57062242e+01 -6.60000000e+00  1.57143125e+01 -6.60000000e+00 -5.60968679e+00 -6.60000000e+00 -7.62951372e+00 
-6.55000000e+00 -6.57518209e+00 -6.55000000e+00  1.56563295e+01 -6.55000000e+00  1.56644197e+01 -6.55000000e+00 -5.55960954e+00 -6.55000000e+00 -7.57944951e+00 
-6.50000000e+00 -6.52518936e+00 -6.50000000e+00  1.56064347e+01 -6.50000000e+00  1.56145268e+01 -6.50000000e+00 -5.50953250e+00 -6.50000000e+00 -7.52938544e+00 
-6.45000000e+00 -6.47519663e+00 -6.45000000e+00  1.55565400e+01 -6.45000000e+00  1.55646340e+01 -6.45000000e+00 -5.45945566e+00 -6.45000000e+00 -7.47932152e+00 
-6.40000000e+00 -6.42520390e+00 -6.40000000e+00  1.55066453e+01 -6.40000000e+00  1.55147412e+01 -6.40000000e+00 -5.40937904e+00 -6.40000000e+00 -7.42925774e+00 
-6.35000000e+00 -6.37521116e+00 -6.35000000e+00  1.54567507e+01 -6.35000000e+00  1.54648484e+01 -6.35000000e+00 -5.35930262e+00 -6.35000000e+00 -7.37919409e+00 
-6.30000000e+00 -6.32521841e+00 -6.30000000e+00  1.54068560e+01 -6.30000000e+00  1.54149557e+01 -6.30000000e+00 -5.30922640e+00 -6.30000000e+00 -7.32913059e+00 
-6.25000000e+00 -6.27522566e+00 -6.25000000e+00  1.53569614e+01 -6.25000000e+00  1.53650629e+01 -6.25000000e+00 -5.25915038e+00 -6.25000000e+00 -7.27906723e+00 
-6.20000000e+00 -6.22523291e+00 -6.20000000e+00  1.53070668e+01 -6.20000000e+00  1.53151703e+01 -6.20000000e+00 -5.20907457e+00 -6.20000000e+00 -7.22900400e+00 
-6.15000000e+00 -6.17524016e+00 -6.15000000e+00  1.52571723e+01 -6.15000000e+00  1.52652776e+01 -6.15000000e+00 -5.15899895e+00 -6.15000000e+00 -7.17894091e+00 
-6.10000000e+00 -6.12524740e+00 -6.10000000e+00  1.52072778e+01 -6.10000000e+00  1.52153850e+01 -6.10000000e+00 -5.10892353e+00 -6.10000000e+00 -7.12887795e+00 
-6.05000000e+00 -6.07525464e+00 -6.05000000e+00  1.51573833e+01 -6.05000000e+00  1.51654924e+01 -6.05000000e+00 -5.05884830e+00 -6.05000000e+00 -7.07881513e+00 
-6.00000000e+00 -6.02526187e+00 -6.00000000e+00  1.51074888e+01 -6.00000000e+00  1.51155998e+01 -6.00000000e+00 -5.00877327e+00 -6.00000000e+00 -7.02875244e+00 
-5.95000000e+00 -5.97526910e+00 -5.95000000e+00  1.50575944e+01 -5.95000000e+00  1.50657072e+01 -5.95000000e+00 -4.95869843e+00 -5.95000000e+00 -6.97868988e+00 
-5.90000000e+00 -5.92527633e+00 -5.90000000e+00  1.50077000e+01 -5.90000000e+00  1.50158147e+01 -5.90000000e+00 -4.90862378e+00 -5.90000000e+00 -6.92862745e+00 
-5.85000000e+00 -5.87528356e+00 -5.85000000e+00  1.49578056e+01 -5.85000000e+00  1.49659222e+01 -5.85000000e+00 -4.85854932e+00 -5.85000000e+00 -6.87856515e+00 
-5.80000000e+00 -5.82529078e+00 -5.80000000e+00  1.49079113e+01 -5.80000000e+00  1.49160297e+01 -5.80000000e+00 -4.80847504e+00 -5.80000000e+00 -6.82850298e+00 
-5.75000000e+00 -5.77529799e+00 -5.75000000e+00  1.48580170e+01 -5.75000000e+00  1.48661373e+01 -5.75000000e+00 -4.75840096e+00 -5.75000000e+00 -6.77844094e+00 
-5.70000000e+00 -5.72530521e+00 -5.70000000e+00  1.48081227e+01 -5.70000000e+00  1.48162449e+01 -5.70000000e+00 -4.70832705e+00 -5.70000000e+00 -6.72837903e+00 
-5.65000000e+00 -5.67531242e+00 -5.65000000e+00  1.47582284e+01 -5.65000000e+00  1.47663525e+01 -5.65000000e+00 -4.65825333e+00 -5.65000000e+00 -6.67831724e+00 
-5.60000000e+00 -5.62531963e+00 -5.60000000e+00  1.47083342e+01 -5.60000000e+00  1.47164601e+01 -5.60000000e+00 -4.60817979e+00 -5.60000000e+00 -6.62825558e+00 
-5.55000000e+00 -5.57532684e+00 -5.55000000e+00  1.46584400e+01 -5.55000000e+00  1.46665678e+01 -5.55000000e+00 -4.55810642e+00 -5.55000000e+00 -6.57819404e+00 
-5.50000000e+00 -5.52533404e+00 -5.50000000e+00  1.46085459e+01 -5.50000000e+00  1.46166755e+01 -5.50000000e+00 -4.50803324e+00 -5.50000000e+00 -6.52813262e+00 
-5.45000000e+00 -5.47534124e+00 -5.45000000e+00  1.45586517e+01 -5.45000000e+00  1.45667832e+01 -5.45000000e+00 -4.45796023e+00 -5.45000000e+00 -6.47807133e+00 
-5.40000000e+00 -5.42534844e+00 -5.40000000e+00  1.45087576e+01 -5.40000000e+00  1.45168910e+01 -5.40000000e+00 -4.40788740e+00 -5.40000000e+00 -6.42801016e+00 
-5.35000000e+00 -5.37535564e+00 -5.35000000e+00  1.44588635e+01 -5.35000000e+00  1.44669988e+01 -5.35000000e+00 -4.35781474e+00 -5.35000000e+00 -6.37794910e+00 
-5.30000000e+00 -5.32536283e+00 -5.30000000e+00  1.44089695e+01 -5.30000000e+00  1.44171066e+01 -5.30000000e+00 -4.30774226e+00 -5.30000000e+00 -6.32788817e+00 
-5.25000000e+00 -5.27537002e+00 -5.25000000e+00  1.43590755e+01 -5.25000000e+00  1.43672144e+01 -5.25000000e+00 -4.25766994e+00 -5.25000000e+00 -6.27782735e+00 
-5.20000000e+00 -5.22537721e+00 -5.20000000e+00  1.43091815e+01 -5.20000000e+00  1.43173223e+01 -5.20000000e+00 -4.20759779e+00 -5.20000000e+00 -6.22776665e+00 
-5.15000000e+00 -5.17538439e+00 -5.15000000e+00  1.42592875e+01 -5.15000000e+00  1.42674302e+01 -5.15000000e+00 -4.15752582e+00 -5.15000000e+00 -6.17770607e+00 
-5.10000000e+00 -5.12539158e+00 -5.10000000e+00  1.42093936e+01 -5.10000000e+00  1.42175381e+01 -5.10000000e+00 -4.10745400e+00 -5.10000000e+00 -6.12764561e+00 
-5.05000000e+00 -5.07539876e+00 -5.05000000e+00  1.41594997e+01 -5.05000000e+00  1.41676460e+01 -5.05000000e+00 -4.05738236e+00 -5.05000000e+00 -6.07758525e+00 
-5.00000000e+00 -5.02540594e+00 -5.00000000e+00  1.41096058e+01 -5.00000000e+00  1.41177540e+01 -5.00000000e+00 -4.00731088e+00 -5.00000000e+00 -6.02752502e+00 
-4.95000000e+00 -4.97541311e+00 -4.95000000e+00  1.40597120e+01 -4.95000000e+00  1.40678620e+01 -4.95000000e+00 -3.95723956e+00 -4.95000000e+00 -5.97746489e+00 
-4.90000000e+00 -4.92542029e+00 -4.90000000e+00  1.40098181e+01 -4.90000000e+00  1.40179701e+01 -4.90000000e+00 -3.90716840e+00 -4.90000000e+00 -5.92740488e+00 
-4.85000000e+00 -4.87542746e+00 -4.85000000e+00  1.39599244e+01 -4.85000000e+00  1.39680781e+01 -4.85000000e+00 -3.85709740e+00 -4.85000000e+00 -5.87734497e+00 
-4.80000000e+00 -4.82543463e+00 -4.80000000e+00  1.39100306e+01 -4.80000000e+00  1.39181862e+01 -4.80000000e+00 -3.80702657e+00 -4.80000000e+00 -5.82728518e+00 
-4.75000000e+00 -4.77544180e+00 -4.75000000e+00  1.38601369e+01 -4.75000000e+00  1.38682944e+01 -4.75000000e+00 -3.75695588e+00 -4.75000000e+00 -5.77722550e+00 
-4.70000000e+00 -4.72544897e+00 -4.70000000e+00  1.38102432e+01 -4.70000000e+00  1.38184025e+01 -4.70000000e+00 -3.70688536e+00 -4.70000000e+00 -5.72716593e+00 
-4.65000000e+00 -4.67545614e+00 -4.65000000e+00  1.37603495e+01 -4.65000000e+00  1.37685107e+01 -4.65000000e+00 -3.65681499e+00 -4.65000000e+00 -5.67710646e+00 
-4.60000000e+00 -4.62546330e+00 -4.60000000e+00  1.37104559e+01 -4.60000000e+00  1.37186189e+01 -4.60000000e+00 -3.60674477e+00 -4.60000000e+00 -5.62704710e+00 
-4.55000000e+00 -4.57547046e+00 -4.55000000e+00  1.36605623e+01 -4.55000000e+00  1.36687271e+01 -4.55000000e+00 -3.55667471e+00 -4.55000000e+00 -5.57698785e+00 
-4.50000000e+00 -4.52547763e+00 -4.50000000e+00  1.36106687e+01 -4.50000000e+00  1.36188354e+01 -4.50000000e+00 -3.50660480e+00 -4.50000000e+00 -5.52692870e+00 
-4.45000000e+00 -4.47548479e+00 -4.45000000e+00  1.35607752e+01 -4.45000000e+00  1.35689437e+01 -4.45000000e+00 -3.45653504e+00 -4.45000000e+00 -5.47686966e+00 
-4.40000000e+00 -4.42549194e+00 -4.40000000e+00  1.35108817e+01 -4.40000000e+00  1.35190520e+01 -4.40000000e+00 -3.40646543e+00 -4.40000000e+00 -5.42681072e+00 
-4.35000000e+00 -4.37549910e+00 -4.35000000e+00  1.34609882e+01 -4.35000000e+00  1.34691604e+01 -4.35000000e+00 -3.35639596e+00 -4.35000000e+00 -5.37675188e+00 
-4.30000000e+00 -4.32550626e+00 -4.30000000e+00  1.34110947e+01 -4.30000000e+00  1.34192688e+01 -4.30000000e+00 -3.30632664e+00 -4.30000000e+00 -5.32669315e+00 
-4.25000000e+00 -4.27551341e+00 -4.25000000e+00  1.33612013e+01 -4.25000000e+00  1.33693772e+01 -4.25000000e+00 -3.25625747e+00 -4.25000000e+00 -5.27663451e+00 
-4.20000000e+00 -4.22552056e+00 -4.20000000e+00  1.33113079e+01 -4.20000000e+00  1.33194857e+01 -4.20000000e+00 -3.20618844e+00 -4.20000000e+00 -5.22657598e+00 
-4.15000000e+00 -4.17552771e+00 -4.15000000e+00  1.32614145e+01 -4.15000000e+00  1.32695941e+01 -4.15000000e+00 -3.15611956e+00 -4.15000000e+00 -5.17651755e+00 
-4.10000000e+00 -4.12553486e+00 -4.10000000e+00  1.32115212e+01 -4.10000000e+00  1.32197026e+01 -4.10000000e+00 -3.10605081e+00 -4.10000000e+00 -5.12645921e+00 
-4.05000000e+00 -4.07554201e+00 -4.05000000e+00  1.31616279e+01 -4.05000000e+00  1.31698112e+01 -4.05000000e+00 -3.05598221e+00 -4.05000000e+00 -5.07640098e+00 
-4.00000000e+00 -4.02554916e+00 -4.00000000e+00  1.31117346e+01 -4.00000000e+00  1.31199197e+01 -4.00000000e+00 -3.00591375e+00 -4.00000000e+00 -5.02634284e+00 
-3.95000000e+00 -3.97555631e+00 -3.95000000e+00  1.30618414e+01 -3.95000000e+00  1.30700283e+01 -3.95000000e+00 -2.95584542e+00 -3.95000000e+00 -4.97628480e+00 
-3.90000000e+00 -3.92556346e+00 -3.90000000e+00  1.30119482e+01 -3.90000000e+00  1.30201369e+01 -3.90000000e+00 -2.90577724e+00 -3.90000000e+00 -4.92622685e+00 
-3.85000000e+00 -3.87557060e+00 -3.85000000e+00  1.29620550e+01 -3.85000000e+00  1.29702456e+01 -3.85000000e+00 -2.85570919e+00 -3.85000000e+00 -4.87616900e+00 
-3.80000000e+00 -3.82557775e+00 -3.80000000e+00  1.29121618e+01 -3.80000000e+00  1.29203543e+01 -3.80000000e+00 -2.80564127e+00 -3.80000000e+00 -4.82611124e+00 
-3.75000000e+00 -3.77558489e+00 -3.75000000e+00  1.28622687e+01 -3.75000000e+00  1.28704630e+01 -3.75000000e+00 -2.75557349e+00 -3.75000000e+00 -4.77605358e+00 
-3.70000000e+00 -3.72559203e+00 -3.70000000e+00  1.28123756e+01 -3.70000000e+00  1.28205717e+01 -3.70000000e+00 -2.70550584e+00 -3.70000000e+00 -4.72599601e+00 
-3.65000000e+00 -3.67559918e+00 -3.65000000e+00  1.27624826e+01 -3.65000000e+00  1.27706805e+01 -3.65000000e+00 -2.65543833e+00 -3.65000000e+00 -4.67593854e+00 
-3.60000000e+00 -3.62560632e+00 -3.60000000e+00  1.27125895e+01 -3.60000000e+00  1.27207893e+01 -3.60000000e+00 -2.60537095e+00 -3.60000000e+00 -4.62588115e+00 
-3.55000000e+00 -3.57561346e+00 -3.55000000e+00  1.26626966e+01 -3.55000000e+00  1.26708981e+01 -3.55000000e+00 -2.55530369e+00 -3.55000000e+00 -4.57582386e+00 
-3.50000000e+00 -3.52562060e+00 -3.50000000e+00  1.26128036e+01 -3.50000000e+00  1.26210070e+01 -3.50000000e+00 -2.50523657e+00 -3.50000000e+00 -4.52576665e+00 
-3.45000000e+00 -3.47562774e+00 -3.45000000e+00  1.25629107e+01 -3.45000000e+00  1.25711159e+01 -3.45000000e+00 -2.45516957e+00 -3.45000000e+00 -4.47570954e+00 
-3.40000000e+00 -3.42563488e+00 -3.40000000e+00  1.25130177e+01 -3.40000000e+00  1.25212248e+01 -3.40000000e+00 -2.40510270e+00 -3.40000000e+00 -4.42565251e+00 
-3.35000000e+00 -3.37564202e+00 -3.35000000e+00  1.24631249e+01 -3.35000000e+00  1.24713338e+01 -3.35000000e+00 -2.35503596e+00 -3.35000000e+00 -4.37559557e+00 
-3.30000000e+00 -3.32564916e+00 -3.30000000e+00  1.24132320e+01 -3.30000000e+00  1.24214428e+01 -3.30000000e+00 -2.30496934e+00 -3.30000000e+00 -4.32553872e+00 
-3.25000000e+00 -3.27565629e+00 -3.25000000e+00  1.23633392e+01 -3.25000000e+00  1.23715518e+01 -3.25000000e+00 -2.25490285e+00 -3.25000000e+00 -4.27548196e+00 
-3.20000000e+00 -3.22566343e+00 -3.20000000e+00  1.23134464e+01 -3.20000000e+00  1.23216608e+01 -3.20000000e+00 -2.20483648e+00 -3.20000000e+00 -4.22542528e+00 
-3.15000000e+00 -3.17567057e+00 -3.15000000e+00  1.22635537e+01 -3.15000000e+00  1.22717699e+01 -3.15000000e+00 -2.15477023e+00 -3.15000000e+00 -4.17536868e+00 
-3.10000000e+00 -3.12567771e+00 -3.10000000e+00  1.22136610e+01 -3.10000000e+00  1.22218790e+01 -3.10000000e+00 -2.10470410e+00 -3.10000000e+00 -4.12531218e+00 
-3.05000000e+00 -3.07568484e+00 -3.05000000e+00  1.21637683e+01 -3.05000000e+00  1.21719881e+01 -3.05000000e+00 -2.05463809e+00 -3.05000000e+00 -4.07525575e+00 
-3.00000000e+00 -3.02569198e+00 -3.00000000e+00  1.21138756e+01 -3.00000000e+00  1.21220973e+01 -3.00000000e+00 -2.00457220e+00 -3.00000000e+00 -4.02519941e+00 
-2.95000000e+00 -2.97569912e+00 -2.95000000e+00  1.20639830e+01 -2.95000000e+00  1.20722065e+01 -2.95000000e+00 -1.95450643e+00 -2.95000000e+00 -3.97514315e+00 
-2.90000000e+00 -2.92570625e+00 -2.90000000e+00  1.20140904e+01 -2.90000000e+00  1.20223157e+01 -2.90000000e+00 -1.90444078e+00 -2.90000000e+00 -3.92508698e+00 
-2.85000000e+00 -2.87571339e+00 -2.85000000e+00  1.19641978e+01 -2.85000000e+00  1.19724250e+01 -2.85000000e+00 -1.85437525e+00 -2.85000000e+00 -3.87503088e+00 
-2.80000000e+00 -2.82572053e+00 -2.80000000e+00  1.19143053e+01 -2.80000000e+00  1.19225343e+01 -2.80000000e+00 -1.80430983e+00 -2.80000000e+00 -3.82497487e+00 
-2.75000000e+00 -2.77572767e+00 -2.75000000e+00  1.18644128e+01 -2.75000000e+00  1.18726436e+01 -2.75000000e+00 -1.75424452e+00 -2.75000000e+00 -3.77491893e+00 
-2.70000000e+00 -2.72573480e+00 -2.70000000e+00  1.18145203e+01 -2.70000000e+00  1.18227529e+01 -2.70000000e+00 -1.70417933e+00 -2.70000000e+00 -3.72486308e+00 
-2.65000000e+00 -2.67574194e+00 -2.65000000e+00  1.17646279e+01 -2.65000000e+00  1.17728623e+01 -2.65000000e+00 -1.65411425e+00 -2.65000000e+00 -3.67480730e+00 
-2.60000000e+00 -2.62574908e+00 -2.60000000e+00  1.17147355e+01 -2.60000000e+00  1.17229717e+01 -2.60000000e+00 -1.60404928e+00 -2.60000000e+00 -3.62475161e+00 
-2.55000000e+00 -2.57575621e+00 -2.55000000e+00  1.16648431e+01 -2.55000000e+00  1.16730812e+01 -2.55000000e+00 -1.55398443e+00 -2.55000000e+00 -3.57469599e+00 
-2.50000000e+00 -2.52576335e+00 -2.50000000e+00  1.16149507e+01 -2.50000000e+00  1.16231906e+01 -2.50000000e+00 -1.50391968e+00 -2.50000000e+00 -3.52464044e+00 
-2.45000000e+00 -2.47577049e+00 -2.45000000e+00  1.15650584e+01 -2.45000000e+00  1.15733001e+01 -2.45000000e+00 -1.45385505e+00 -2.45000000e+00 -3.47458498e+00 
-2.40000000e+00 -2.42577763e+00 -2.40000000e+00  1.15151661e+01 -2.40000000e+00  1.15234097e+01 -2.40000000e+00 -1.40379052e+00 -2.40000000e+00 -3.42452958e+00 
-2.35000000e+00 -2.37578477e+00 -2.35000000e+00  1.14652739e+01 -2.35000000e+00  1.14735192e+01 -2.35000000e+00 -1.35372610e+00 -2.35000000e+00 -3.37447427e+00 
-2.30000000e+00 -2.32579191e+00 -2.30000000e+00  1.14153817e+01 -2.30000000e+00  1.14236288e+01 -2.30000000e+00 -1.30366179e+00 -2.30000000e+00 -3.32441903e+00 
-2.25000000e+00 -2.27579905e+00 -2.25000000e+00  1.13654895e+01 -2.25000000e+00  1.13737385e+01 -2.25000000e+00 -1.25359758e+00 -2.25000000e+00 -3.27436386e+00 
-2.20000000e+00 -2.22580619e+00 -2.20000000e+00  1.13155973e+01 -2.20000000e+00  1.13238481e+01 -2.20000000e+00 -1.20353348e+00 -2.20000000e+00 -3.22430877e+00 
-2.15000000e+00 -2.17581333e+00 -2.15000000e+00  1.12657052e+01 -2.15000000e+00  1.12739578e+01 -2.15000000e+00 -1.15346948e+00 -2.15000000e+00 -3.17425375e+00 
-2.10000000e+00 -2.12582047e+00 -2.10000000e+00  1.12158131e+01 -2.10000000e+00  1.12240675e+01 -2.10000000e+00 -1.10340558e+00 -2.10000000e+00 -3.12419880e+00 
-2.05000000e+00 -2.07582761e+00 -2.05000000e+00  1.11659210e+01 -2.05000000e+00  1.11741773e+01 -2.05000000e+00 -1.05334179e+00 -2.05000000e+00 -3.07414392e+00 
-2.00000000e+00 -2.02583475e+00 -2.00000000e+00  1.11160290e+01 -2.00000000e+00  1.11242871e+01 -2.00000000e+00 -1.00327810e+00 -2.00000000e+00 -3.02408911e+00 
-1.95000000e+00 -1.97584190e+00 -1.95000000e+00  1.10661370e+01 -1.95000000e+00  1.10743969e+01 -1.95000000e+00 -9.53214514e-01 -1.95000000e+00 -2.97403438e+00 
-1.90000000e+00 -1.92584904e+00 -1.90000000e+00  1.10162450e+01 -1.90000000e+00  1.10245068e+01 -1.90000000e+00 -9.03151025e-01 -1.90000000e+00 -2.92397971e+00 
-1.85000000e+00 -1.87585619e+00 -1.85000000e+00  1.09663531e+01 -1.85000000e+00  1.09746166e+01 -1.85000000e+00 -8.53087636e-01 -1.85000000e+00 -2.87392511e+00 
-1.80000000e+00 -1.82586333e+00 -1.80000000e+00  1.09164612e+01 -1.80000000e+00  1.09247265e+01 -1.80000000e+00 -8.03024345e-01 -1.80000000e+00 -2.82387059e+00 
-1.75000000e+00 -1.77587048e+00 -1.75000000e+00  1.08665693e+01 -1.75000000e+00  1.08748365e+01 -1.75000000e+00 -7.52961152e-01 -1.75000000e+00 -2.77381612e+00 
-1.70000000e+00 -1.72587762e+00 -1.70000000e+00  1.08166775e+01 -1.70000000e+00  1.08249465e+01 -1.70000000e+00 -7.02898056e-01 -1.70000000e+00 -2.72376173e+00 
-1.65000000e+00 -1.67588477e+00 -1.65000000e+00  1.07667856e+01 -1.65000000e+00  1.07750565e+01 -1.65000000e+00 -6.52835057e-01 -1.65000000e+00 -2.67370741e+00 
-1.60000000e+00 -1.62589192e+00 -1.60000000e+00  1.07168939e+01 -1.60000000e+00  1.07251665e+01 -1.60000000e+00 -6.02772153e-01 -1.60000000e+00 -2.62365315e+00 
-1.55000000e+00 -1.57589907e+00 -1.55000000e+00  1.06670021e+01 -1.55000000e+00  1.06752766e+01 -1.55000000e+00 -5.52709343e-01 -1.55000000e+00 -2.57359895e+00 
-1.50000000e+00 -1.52590622e+00 -1.50000000e+00  1.06171104e+01 -1.50000000e+00  1.06253867e+01 -1.50000000e+00 -5.02646628e-01 -1.50000000e+00 -2.52354483e+00 
-1.45000000e+00 -1.47591337e+00 -1.45000000e+00  1.05672187e+01 -1.45000000e+00  1.05754968e+01 -1.45000000e+00 -4.52584006e-01 -1.45000000e+00 -2.47349076e+00 
-1.40000000e+00 -1.42592053e+00 -1.40000000e+00  1.05173271e+01 -1.40000000e+00  1.05256070e+01 -1.40000000e+00 -4.02521476e-01 -1.40000000e+00 -2.42343676e+00 
-1.35000000e+00 -1.37592768e+00 -1.35000000e+00  1.04674355e+01 -1.35000000e+00  1.04757172e+01 -1.35000000e+00 -3.52459038e-01 -1.35000000e+00 -2.37338283e+00 
-1.30000000e+00 -1.32593484e+00 -1.30000000e+00  1.04175439e+01 -1.30000000e+00  1.04258274e+01 -1.30000000e+00 -3.02396691e-01 -1.30000000e+00 -2.32332896e+00 
-1.25000000e+00 -1.27594199e+00 -1.25000000e+00  1.03676523e+01 -1.25000000e+00  1.03759377e+01 -1.25000000e+00 -2.52334435e-01 -1.25000000e+00 -2.27327515e+00 
-1.20000000e+00 -1.22594915e+00 -1.20000000e+00  1.03177608e+01 -1.20000000e+00  1.03260479e+01 -1.20000000e+00 -2.02272268e-01 -1.20000000e+00 -2.22322140e+00 
-1.15000000e+00 -1.17595631e+00 -1.15000000e+00  1.02678693e+01 -1.15000000e+00  1.02761583e+01 -1.15000000e+00 -1.52210189e-01 -1.15000000e+00 -2.17316771e+00 
-1.10000000e+00 -1.12596347e+00 -1.10000000e+00  1.02179778e+01 -1.10000000e+00  1.02262686e+01 -1.10000000e+00 -1.02148199e-01 -1.10000000e+00 -2.12311409e+00 
-1.05000000e+00 -1.07597063e+00 -1.05000000e+00  1.01680864e+01 -1.05000000e+00  1.01763790e+01 -1.05000000e+00 -5.20862960e-02 -1.05000000e+00 -2.07306053e+00 
-1.00000000e+00 -1.02597779e+00 -1.00000000e+00  1.01181950e+01 -1.00000000e+00  1.01264894e+01 -1.00000000e+00 -2.02447977e-03 -1.00000000e+00 -2.02300702e+00 
-9.50000000e-01 -9.75984954e-01 -9.50000000e-01  1.00683036e+01 -9.50000000e-01  1.00765999e+01 -9.50000000e-01  4.80372505e-02 -9.50000000e-01 -1.97295358e+00 
-9.00000000e-01 -9.25992119e-01 -9.00000000e-01  1.00184123e+01 -9.00000000e-01  1.00267104e+01 -9.00000000e-01  9.80988956e-02 -9.00000000e-01 -1.92290019e+00 
-8.50000000e-01 -8.75999285e-01 -8.50000000e-01  9.96852101e+00 -8.50000000e-01  9.97682089e+00 -8.50000000e-01  1.48160456e-01 -8.50000000e-01 -1.87284686e+00 
-8.00000000e-01 -8.26006453e-01 -8.00000000e-01  9.91862974e+00 -8.00000000e-01  9.92693144e+00 -8.00000000e-01  1.98221933e-01 -8.00000000e-01 -1.82279360e+00 
-7.50000000e-01 -7.76013623e-01 -7.50000000e-01  9.86873851e+00 -7.50000000e-01  9.87704202e+00 -7.50000000e-01  2.48283326e-01 -7.50000000e-01 -1.77274038e+00 
-7.00000000e-01 -7.26020793e-01 -7.00000000e-01  9.81884730e+00 -7.00000000e-01  9.82715263e+00 -7.00000000e-01  2.98344637e-01 -7.00000000e-01 -1.72268723e+00 
-6.50000000e-01 -6.76027966e-01 -6.50000000e-01  9.76895613e+00 -6.50000000e-01  9.77726328e+00 -6.50000000e-01  3.48405866e-01 -6.50000000e-01 -1.67263413e+00 
-6.00000000e-01 -6.26035140e-01 -6.00000000e-01  9.71906500e+00 -6.00000000e-01  9.72737396e+00 -6.00000000e-01  3.98467015e-01 -6.00000000e-01 -1.62258109e+00 
-5.50000000e-01 -5.76042315e-01 -5.50000000e-01  9.66917389e+00 -5.50000000e-01  9.67748467e+00 -5.50000000e-01  4.48528082e-01 -5.50000000e-01 -1.57252810e+00 
-5.00000000e-01 -5.26049492e-01 -5.00000000e-01  9.61928282e+00 -5.00000000e-01  9.62759541e+00 -5.00000000e-01  4.98589070e-01 -5.00000000e-01 -1.52247517e+00 
-4.50000000e-01 -4.76056671e-01 -4.50000000e-01  9.56939177e+00 -4.50000000e-01  9.57770619e+00 -4.50000000e-01  5.48649979e-01 -4.50000000e-01 -1.47242229e+00 
-4.00000000e-01 -4.26063852e-01 -4.00000000e-01  9.51950077e+00 -4.00000000e-01  9.52781700e+00 -4.00000000e-01  5.98710809e-01 -4.00000000e-01 -1.42236947e+00 
-3.50000000e-01 -3.76071034e-01 -3.50000000e-01  9.46960979e+00 -3.50000000e-01  9.47792784e+00 -3.50000000e-01  6.48771561e-01 -3.50000000e-01 -1.37231670e+00 
-3.00000000e-01 -3.26078218e-01 -3.00000000e-01  9.41971885e+00 -3.00000000e-01  9.42803871e+00 -3.00000000e-01  6.98832237e-01 -3.00000000e-01 -1.32226398e+00 
-2.50000000e-01 -2.76085403e-01 -2.50000000e-01  9.36982793e+00 -2.50000000e-01  9.37814962e+00 -2.50000000e-01  7.48892835e-01 -2.50000000e-01 -1.27221132e+00 
-2.00000000e-01 -2.26092591e-01 -2.00000000e-01  9.31993706e+00 -2.00000000e-01  9.32826056e+00 -2.00000000e-01  7.98953358e-01 -2.00000000e-01 -1.22215870e+00 
-1.50000000e-01 -1.76099780e-01 -1.50000000e-01  9.27004621e+00 -1.50000000e-01  9.27837153e+00 -1.50000000e-01  8.49013806e-01 -1.50000000e-01 -1.17210614e+00 
-1.00000000e-01 -1.26106971e-01 -1.00000000e-01  9.22015540e+00 -1.00000000e-01  9.22848254e+00 -1.00000000e-01  8.99074179e-01 -1.00000000e-01 -1.12205363e+00 
-5.00000000e-02 -7.61141641e-02 -5.00000000e-02  9.17026461e+00 -5.00000000e-02  9.17859357e+00 -5.00000000e-02  9.49134478e-01 -5.00000000e-02 -1.07200117e+00 
 6.44900799e-14 -2.61213590e-02  6.44900799e-14  9.12037387e+00  6.44900799e-14  9.12870464e+00  6.44900799e-14  9.99194704e-01  6.44900799e-14 -1.02194876e+00 
 5.00000000e-02  2.38714442e-02  5.00000000e-02  9.07048315e+00  5.00000000e-02  9.07881575e+00  5.00000000e-02  1.04925486e+00  5.00000000e-02 -9.71896405e-01 
 1.00000000e-01  7.38642453e-02  1.00000000e-01  9.02059247e+00  1.00000000e-01  9.02892688e+00  1.00000000e-01  1.09931494e+00  1.00000000e-01 -9.21844094e-01 
 1.50000000e-01  1.23857044e-01  1.50000000e-01  8.97070182e+00  1.50000000e-01  8.97903805e+00  1.50000000e-01  1.14937495e+00  1.50000000e-01 -8.71791833e-01 
 2.00000000e-01  1.73849842e-01  2.00000000e-01  8.92081120e+00  2.00000000e-01  8.92914926e+00  2.00000000e-01  1.19943489e+00  2.00000000e-01 -8.21739619e-01 
 2.50000000e-01  2.23842637e-01  2.50000000e-01  8.87092061e+00  2.50000000e-01  8.87926049e+00  2.50000000e-01  1.24949475e+00  2.50000000e-01 -7.71687454e-01 
 3.00000000e-01  2.73835430e-01  3.00000000e-01  8.82103006e+00  3.00000000e-01  8.82937176e+00  3.00000000e-01  1.29955455e+00  3.00000000e-01 -7.21635335e-01 
 3.50000000e-01  3.23828221e-01  3.50000000e-01  8.77113954e+00  3.50000000e-01  8.77948306e+00  3.50000000e-01  1.34961428e+00  3.50000000e-01 -6.71583264e-01 
 4.00000000e-01  3.73821009e-01  4.00000000e-01  8.72124906e+00  4.00000000e-01  8.72959440e+00  4.00000000e-01  1.39967395e+00  4.00000000e-01 -6.21531239e-01 
 4.50000000e-01  4.23813796e-01  4.50000000e-01  8.67135860e+00  4.50000000e-01  8.67970576e+00  4.50000000e-01  1.44973354e+00  4.50000000e-01 -5.71479260e-01 
 5.00000000e-01  4.73806580e-01  5.00000000e-01  8.62146818e+00  5.00000000e-01  8.62981716e+00  5.00000000e-01  1.49979307e+00  5.00000000e-01 -5.21427326e-01 
 5.50000000e-01  5.23799362e-01  5.50000000e-01  8.57157780e+00  5.50000000e-01  8.57992860e+00  5.50000000e-01  1.54985252e+00  5.50000000e-01 -4.71375438e-01 
 6.00000000e-01  5.73792142e-01  6.00000000e-01  8.52168744e+00  6.00000000e-01  8.53004007e+00  6.00000000e-01  1.59991192e+00  6.00000000e-01 -4.21323594e-01 
 6.50000000e-01  6.23784920e-01  6.50000000e-01  8.47179712e+00  6.50000000e-01  8.48015157e+00  6.50000000e-01  1.64997125e+00  6.50000000e-01 -3.71271795e-01 
 7.00000000e-01  6.73777695e-01  7.00000000e-01  8.42190683e+00  7.00000000e-01  8.43026310e+00  7.00000000e-01  1.70003051e+00  7.00000000e-01 -3.21220039e-01 
 7.50000000e-01  7.23770468e-01  7.50000000e-01  8.37201657e+00  7.50000000e-01  8.38037467e+00  7.50000000e-01  1.75008971e+00  7.50000000e-01 -2.71168326e-01 
 8.00000000e-01  7.73763239e-01  8.00000000e-01  8.32212635e+00  8.00000000e-01  8.33048627e+00  8.00000000e-01  1.80014884e+00  8.00000000e-01 -2.21116656e-01 
 8.50000000e-01  8.23756007e-01  8.50000000e-01  8.27223616e+00  8.50000000e-01  8.28059790e+00  8.50000000e-01  1.85020792e+00  8.50000000e-01 -1.71065029e-01 
 9.00000000e-01  8.73748773e-01  9.00000000e-01  8.22234601e+00  9.00000000e-01  8.23070957e+00  9.00000000e-01  1.90026693e+00  9.00000000e-01 -1.21013444e-01 
 9.50000000e-01  9.23741536e-01  9.50000000e-01  8.17245588e+00  9.50000000e-01  8.18082127e+00  9.50000000e-01  1.95032587e+00  9.50000000e-01 -7.09618999e-02 
 1.00000000e+00  9.73734297e-01  1.00000000e+00  8.12256579e+00  1.00000000e+00  8.13093301e+00  1.00000000e+00  2.00038476e+00  1.00000000e+00 -2.09103972e-02 
 1.05000000e+00  1.02372706e+00  1.05000000e+00  8.07267574e+00  1.05000000e+00  8.08104478e+00  1.05000000e+00  2.05044359e+00  1.05000000e+00  2.91410649e-02 
 1.10000000e+00  1.07371981e+00  1.10000000e+00  8.02278571e+00  1.10000000e+00  8.03115658e+00  1.10000000e+00  2.10050235e+00  1.10000000e+00  7.91924867e-02 
 1.15000000e+00  1.12371256e+00  1.15000000e+00  7.97289572e+00  1.15000000e+00  7.98126841e+00  1.15000000e+00  2.15056106e+00  1.15000000e+00  1.29243869e-01 
 1.20000000e+00  1.17370532e+00  1.20000000e+00  7.92300576e+00  1.20000000e+00  7.93138028e+00  1.20000000e+00  2.20061970e+00  1.20000000e+00  1.79295211e-01 
 1.25000000e+00  1.22369806e+00  1.25000000e+00  7.87311584e+00  1.25000000e+00  7.88149219e+00  1.25000000e+00  2.25067829e+00  1.25000000e+00  2.29346515e-01 
 1.30000000e+00  1.27369081e+00  1.30000000e+00  7.82322595e+00  1.30000000e+00  7.83160412e+00  1.30000000e+00  2.30073682e+00  1.30000000e+00  2.79397780e-01 
 1.35000000e+00  1.32368355e+00  1.35000000e+00  7.77333609e+00  1.35000000e+00  7.78171609e+00  1.35000000e+00  2.35079529e+00  1.35000000e+00  3.29449007e-01 
 1.40000000e+00  1.37367629e+00  1.40000000e+00  7.72344627e+00  1.40000000e+00  7.73182810e+00  1.40000000e+00  2.40085371e+00  1.40000000e+00  3.79500196e-01 
 1.45000000e+00  1.42366903e+00  1.45000000e+00  7.67355648e+00  1.45000000e+00  7.68194014e+00  1.45000000e+00  2.45091206e+00  1.45000000e+00  4.29551349e-01 
 1.50000000e+00  1.47366176e+00  1.50000000e+00  7.62366672e+00  1.50000000e+00  7.63205221e+00  1.50000000e+00  2.50097037e+00  1.50000000e+00  4.79602464e-01 
 1.55000000e+00  1.52365450e+00  1.55000000e+00  7.57377700e+00  1.55000000e+00  7.58216431e+00  1.55000000e+00  2.55102861e+00  1.55000000e+00  5.29653543e-01 
 1.60000000e+00  1.57364723e+00  1.60000000e+00  7.52388731e+00  1.60000000e+00  7.53227645e+00  1.60000000e+00  2.60108681e+00  1.60000000e+00  5.79704585e-01 
 1.65000000e+00  1.62363995e+00  1.65000000e+00  7.47399765e+00  1.65000000e+00  7.48238863e+00  1.65000000e+00  2.65114494e+00  1.65000000e+00  6.29755592e-01 
 1.70000000e+00  1.67363268e+00  1.70000000e+00  7.42410803e+00  1.70000000e+00  7.43250084e+00  1.70000000e+00  2.70120303e+00  1.70000000e+00  6.79806564e-01 
 1.75000000e+00  1.72362540e+00  1.75000000e+00  7.37421844e+00  1.75000000e+00  7.38261308e+00  1.75000000e+00  2.75126106e+00  1.75000000e+00  7.29857502e-01 
 1.80000000e+00  1.77361811e+00  1.80000000e+00  7.32432888e+00  1.80000000e+00  7.33272536e+00  1.80000000e+00  2.80131904e+00  1.80000000e+00  7.79908404e-01 
 1.85000000e+00  1.82361083e+00  1.85000000e+00  7.27443936e+00  1.85000000e+00  7.28283767e+00  1.85000000e+00  2.85137696e+00  1.85000000e+00  8.29959273e-01 
 1.90000000e+00  1.87360354e+00  1.90000000e+00  7.22454987e+00  1.90000000e+00  7.23295001e+00  1.90000000e+00  2.90143484e+00  1.90000000e+00  8.80010108e-01 
 1.95000000e+00  1.92359625e+00  1.95000000e+00  7.17466042e+00  1.95000000e+00  7.18306239e+00  1.95000000e+00  2.95149266e+00  1.95000000e+00  9.30060911e-01 
 2.00000000e+00  1.97358896e+00  2.00000000e+00  7.12477099e+00  2.00000000e+00  7.13317480e+00  2.00000000e+00  3.00155043e+00  2.00000000e+00  9.80111680e-01 
 2.05000000e+00  2.02358166e+00  2.05000000e+00  7.07488161e+00  2.05000000e+00  7.08328725e+00  2.05000000e+00  3.05160815e+00  2.05000000e+00  1.03016242e+00 
 2.10000000e+00  2.07357436e+00  2.10000000e+00  7.02499225e+00  2.10000000e+00  7.03339973e+00  2.10000000e+00  3.10166583e+00  2.10000000e+00  1.08021312e+00 
 2.15000000e+00  2.12356705e+00  2.15000000e+00  6.97510293e+00  2.15000000e+00  6.98351225e+00  2.15000000e+00  3.15172345e+00  2.15000000e+00  1.13026380e+00 
 2.20000000e+00  2.17355975e+00  2.20000000e+00  6.92521365e+00  2.20000000e+00  6.93362480e+00  2.20000000e+00  3.20178102e+00  2.20000000e+00  1.18031444e+00 
 2.25000000e+00  2.22355244e+00  2.25000000e+00  6.87532439e+00  2.25000000e+00  6.88373738e+00  2.25000000e+00  3.25183855e+00  2.25000000e+00  1.23036505e+00 
 2.30000000e+00  2.27354513e+00  2.30000000e+00  6.82543517e+00  2.30000000e+00  6.83385000e+00  2.30000000e+00  3.30189603e+00  2.30000000e+00  1.28041563e+00 
 2.35000000e+00  2.32353781e+00  2.35000000e+00  6.77554599e+00  2.35000000e+00  6.78396265e+00  2.35000000e+00  3.35195346e+00  2.35000000e+00  1.33046618e+00 
 2.40000000e+00  2.37353049e+00  2.40000000e+00  6.72565684e+00  2.40000000e+00  6.73407534e+00  2.40000000e+00  3.40201085e+00  2.40000000e+00  1.38051670e+00 
 2.45000000e+00  2.42352317e+00  2.45000000e+00  6.67576772e+00  2.45000000e+00  6.68418807e+00  2.45000000e+00  3.45206818e+00  2.45000000e+00  1.43056720e+00 
 2.50000000e+00  2.47351584e+00  2.50000000e+00  6.62587864e+00  2.50000000e+00  6.63430082e+00  2.50000000e+00  3.50212548e+00  2.50000000e+00  1.48061766e+00 
 2.55000000e+00  2.52350851e+00  2.55000000e+00  6.57598959e+00  2.55000000e+00  6.58441361e+00  2.55000000e+00  3.55218273e+00  2.55000000e+00  1.53066810e+00 
 2.60000000e+00  2.57350118e+00  2.60000000e+00  6.52610057e+00  2.60000000e+00  6.53452644e+00  2.60000000e+00  3.60223993e+00  2.60000000e+00  1.58071850e+00 
 2.65000000e+00  2.62349385e+00  2.65000000e+00  6.47621159e+00  2.65000000e+00  6.48463930e+00  2.65000000e+00  3.65229709e+00  2.65000000e+00  1.63076888e+00 
 2.70000000e+00  2.67348651e+00  2.70000000e+00  6.42632265e+00  2.70000000e+00  6.43475220e+00  2.70000000e+00  3.70235420e+00  2.70000000e+00  1.68081924e+00 
 2.75000000e+00  2.72347917e+00  2.75000000e+00  6.37643373e+00  2.75000000e+00  6.38486513e+00  2.75000000e+00  3.75241128e+00  2.75000000e+00  1.73086956e+00 
 2.80000000e+00  2.77347182e+00  2.80000000e+00  6.32654485e+00  2.80000000e+00  6.33497809e+00  2.80000000e+00  3.80246831e+00  2.80000000e+00  1.78091986e+00 
 2.85000000e+00  2.82346447e+00  2.85000000e+00  6.27665601e+00  2.85000000e+00  6.28509109e+00  2.85000000e+00  3.85252529e+00  2.85000000e+00  1.83097014e+00 
 2.90000000e+00  2.87345712e+00  2.90000000e+00  6.22676720e+00  2.90000000e+00  6.23520413e+00  2.90000000e+00  3.90258224e+00  2.90000000e+00  1.88102038e+00 
 2.95000000e+00  2.92344976e+00  2.95000000e+00  6.17687842e+00  2.95000000e+00  6.18531720e+00  2.95000000e+00  3.95263914e+00  2.95000000e+00  1.93107061e+00 
 3.00000000e+00  2.97344240e+00  3.00000000e+00  6.12698968e+00  3.00000000e+00  6.13543030e+00  3.00000000e+00  4.00269601e+00  3.00000000e+00  1.98112080e+00 
 3.05000000e+00  3.02343504e+00  3.05000000e+00  6.07710097e+00  3.05000000e+00  6.08554344e+00  3.05000000e+00  4.05275283e+00  3.05000000e+00  2.03117098e+00 
 3.10000000e+00  3.07342767e+00  3.10000000e+00  6.02721230e+00  3.10000000e+00  6.03565662e+00  3.10000000e+00  4.10280961e+00  3.10000000e+00  2.08122112e+00 
 3.15000000e+00  3.12342030e+00  3.15000000e+00  5.97732366e+00  3.15000000e+00  5.98576983e+00  3.15000000e+00  4.15286636e+00  3.15000000e+00  2.13127125e+00 
 3.20000000e+00  3.17341293e+00  3.20000000e+00  5.92743505e+00  3.20000000e+00  5.93588307e+00  3.20000000e+00  4.20292306e+00  3.20000000e+00  2.18132135e+00 
 3.25000000e+00  3.22340555e+00  3.25000000e+00  5.87754648e+00  3.25000000e+00  5.88599635e+00  3.25000000e+00  4.25297973e+00  3.25000000e+00  2.23137143e+00 
 3.30000000e+00  3.27339817e+00  3.30000000e+00  5.82765795e+00  3.30000000e+00  5.83610967e+00  3.30000000e+00  4.30303636e+00  3.30000000e+00  2.28142149e+00 
 3.35000000e+00  3.32339079e+00  3.35000000e+00  5.77776944e+00  3.35000000e+00  5.78622302e+00  3.35000000e+00  4.35309295e+00  3.35000000e+00  2.33147152e+00 
 3.40000000e+00  3.37338340e+00  3.40000000e+00  5.72788098e+00  3.40000000e+00  5.73633640e+00  3.40000000e+00  4.40314950e+00  3.40000000e+00  2.38152153e+00 
 3.45000000e+00  3.42337601e+00  3.45000000e+00  5.67799254e+00  3.45000000e+00  5.68644982e+00  3.45000000e+00  4.45320602e+00  3.45000000e+00  2.43157152e+00 
 3.50000000e+00  3.47336861e+00  3.50000000e+00  5.62810414e+00  3.50000000e+00  5.63656328e+00  3.50000000e+00  4.50326250e+00  3.50000000e+00  2.48162149e+00 
 3.55000000e+00  3.52336121e+00  3.55000000e+00  5.57821578e+00  3.55000000e+00  5.58667677e+00  3.55000000e+00  4.55331895e+00  3.55000000e+00  2.53167144e+00 
 3.60000000e+00  3.57335381e+00  3.60000000e+00  5.52832745e+00  3.60000000e+00  5.53679030e+00  3.60000000e+00  4.60337536e+00  3.60000000e+00  2.58172137e+00 
 3.65000000e+00  3.62334640e+00  3.65000000e+00  5.47843915e+00  3.65000000e+00  5.48690386e+00  3.65000000e+00  4.65343174e+00  3.65000000e+00  2.63177128e+00 
 3.70000000e+00  3.67333899e+00  3.70000000e+00  5.42855089e+00  3.70000000e+00  5.43701745e+00  3.70000000e+00  4.70348808e+00  3.70000000e+00  2.68182117e+00 
 3.75000000e+00  3.72333157e+00  3.75000000e+00  5.37866267e+00  3.75000000e+00  5.38713109e+00  3.75000000e+00  4.75354439e+00  3.75000000e+00  2.73187104e+00 
 3.80000000e+00  3.77332415e+00  3.80000000e+00  5.32877448e+00  3.80000000e+00  5.33724475e+00  3.80000000e+00  4.80360066e+00  3.80000000e+00  2.78192089e+00 
 3.85000000e+00  3.82331673e+00  3.85000000e+00  5.27888632e+00  3.85000000e+00  5.28735846e+00  3.85000000e+00  4.85365690e+00  3.85000000e+00  2.83197072e+00 
 3.90000000e+00  3.87330930e+00  3.90000000e+00  5.22899820e+00  3.90000000e+00  5.23747220e+00  3.90000000e+00  4.90371311e+00  3.90000000e+00  2.88202053e+00 
 3.95000000e+00  3.92330187e+00  3.95000000e+00  5.17911011e+00  3.95000000e+00  5.18758597e+00  3.95000000e+00  4.95376929e+00  3.95000000e+00  2.93207033e+00 
 4.00000000e+00  3.97329444e+00  4.00000000e+00  5.12922206e+00  4.00000000e+00  5.13769978e+00  4.00000000e+00  5.00382543e+00  4.00000000e+00  2.98212011e+00 
 4.05000000e+00  4.02328700e+00  4.05000000e+00  5.07933404e+00  4.05000000e+00  5.08781363e+00  4.05000000e+00  5.05388155e+00  4.05000000e+00  3.03216987e+00 
 4.10000000e+00  4.07327955e+00  4.10000000e+00  5.02944606e+00  4.10000000e+00  5.03792751e+00  4.10000000e+00  5.10393763e+00  4.10000000e+00  3.08221961e+00 
 4.15000000e+00  4.12327211e+00  4.15000000e+00  4.97955811e+00  4.15000000e+00  4.98804143e+00  4.15000000e+00  5.15399368e+00  4.15000000e+00  3.13226934e+00 
 4.20000000e+00  4.17326466e+00  4.20000000e+00  4.92967019e+00  4.20000000e+00  4.93815538e+00  4.20000000e+00  5.20404971e+00  4.20000000e+00  3.18231905e+00 
 4.25000000e+00  4.22325720e+00  4.25000000e+00  4.87978232e+00  4.25000000e+00  4.88826937e+00  4.25000000e+00  5.25410570e+00  4.25000000e+00  3.23236875e+00 
 4.30000000e+00  4.27324974e+00  4.30000000e+00  4.82989447e+00  4.30000000e+00  4.83838339e+00  4.30000000e+00  5.30416167e+00  4.30000000e+00  3.28241843e+00 
 4.35000000e+00  4.32324228e+00  4.35000000e+00  4.78000666e+00  4.35000000e+00  4.78849745e+00  4.35000000e+00  5.35421760e+00  4.35000000e+00  3.33246810e+00 
 4.40000000e+00  4.37323481e+00  4.40000000e+00  4.73011889e+00  4.40000000e+00  4.73861155e+00  4.40000000e+00  5.40427351e+00  4.40000000e+00  3.38251775e+00 
 4.45000000e+00  4.42322734e+00  4.45000000e+00  4.68023115e+00  4.45000000e+00  4.68872568e+00  4.45000000e+00  5.45432939e+00  4.45000000e+00  3.43256739e+00 
 4.50000000e+00  4.47321986e+00  4.50000000e+00  4.63034345e+00  4.50000000e+00  4.63883985e+00  4.50000000e+00  5.50438525e+00  4.50000000e+00  3.48261702e+00 
 4.55000000e+00  4.52321238e+00  4.55000000e+00  4.58045578e+00  4.55000000e+00  4.58895405e+00  4.55000000e+00  5.55444107e+00  4.55000000e+00  3.53266663e+00 
 4.60000000e+00  4.57320489e+00  4.60000000e+00  4.53056814e+00  4.60000000e+00  4.53906829e+00  4.60000000e+00  5.60449687e+00  4.60000000e+00  3.58271622e+00 
 4.65000000e+00  4.62319740e+00  4.65000000e+00  4.48068054e+00  4.65000000e+00  4.48918257e+00  4.65000000e+00  5.65455265e+00  4.65000000e+00  3.63276581e+00 
 4.70000000e+00  4.67318991e+00  4.70000000e+00  4.43079298e+00  4.70000000e+00  4.43929688e+00  4.70000000e+00  5.70460840e+00  4.70000000e+00  3.68281538e+00 
 4.75000000e+00  4.72318241e+00  4.75000000e+00  4.38090545e+00  4.75000000e+00  4.38941123e+00  4.75000000e+00  5.75466412e+00  4.75000000e+00  3.73286494e+00 
 4.80000000e+00  4.77317491e+00  4.80000000e+00  4.33101796e+00  4.80000000e+00  4.33952561e+00  4.80000000e+00  5.80471982e+00  4.80000000e+00  3.78291449e+00 
 4.85000000e+00  4.82316740e+00  4.85000000e+00  4.28113050e+00  4.85000000e+00  4.28964003e+00  4.85000000e+00  5.85477550e+00  4.85000000e+00  3.83296403e+00 
 4.90000000e+00  4.87315989e+00  4.90000000e+00  4.23124308e+00  4.90000000e+00  4.23975449e+00  4.90000000e+00  5.90483115e+00  4.90000000e+00  3.88301356e+00 
 4.95000000e+00  4.92315237e+00  4.95000000e+00  4.18135569e+00  4.95000000e+00  4.18986898e+00  4.95000000e+00  5.95488678e+00  4.95000000e+00  3.93306308e+00 
 5.00000000e+00  4.97314485e+00  5.00000000e+00  4.13146834e+00  5.00000000e+00  4.13998351e+00  5.00000000e+00  6.00494238e+00  5.00000000e+00  3.98311258e+00 
 5.05000000e+00  5.02313733e+00  5.05000000e+00  4.08158102e+00  5.05000000e+00  4.09009807e+00  5.05000000e+00  6.05499797e+00  5.05000000e+00  4.03316208e+00 
 5.10000000e+00  5.07312980e+00  5.10000000e+00  4.03169374e+00  5.10000000e+00  4.04021268e+00  5.10000000e+00  6.10505353e+00  5.10000000e+00  4.08321157e+00 
 5.15000000e+00  5.12312226e+00  5.15000000e+00  3.98180649e+00  5.15000000e+00  3.99032731e+00  5.15000000e+00  6.15510907e+00  5.15000000e+00  4.13326104e+00 
 5.20000000e+00  5.17311472e+00  5.20000000e+00  3.93191928e+00  5.20000000e+00  3.94044199e+00  5.20000000e+00  6.20516459e+00  5.20000000e+00  4.18331051e+00 
 5.25000000e+00  5.22310718e+00  5.25000000e+00  3.88203210e+00  5.25000000e+00  3.89055670e+00  5.25000000e+00  6.25522008e+00  5.25000000e+00  4.23335997e+00 
 5.30000000e+00  5.27309963e+00  5.30000000e+00  3.83214496e+00  5.30000000e+00  3.84067145e+00  5.30000000e+00  6.30527556e+00  5.30000000e+00  4.28340943e+00 
 5.35000000e+00  5.32309208e+00  5.35000000e+00  3.78225786e+00  5.35000000e+00  3.79078623e+00  5.35000000e+00  6.35533102e+00  5.35000000e+00  4.33345887e+00 
 5.40000000e+00  5.37308452e+00  5.40000000e+00  3.73237079e+00  5.40000000e+00  3.74090105e+00  5.40000000e+00  6.40538646e+00  5.40000000e+00  4.38350831e+00 
 5.45000000e+00  5.42307696e+00  5.45000000e+00  3.68248375e+00  5.45000000e+00  3.69101591e+00  5.45000000e+00  6.45544188e+00  5.45000000e+00  4.43355774e+00 
 5.50000000e+00  5.47306939e+00  5.50000000e+00  3.63259676e+00  5.50000000e+00  3.64113080e+00  5.50000000e+00  6.50549728e+00  5.50000000e+00  4.48360716e+00 
 5.55000000e+00  5.52306182e+00  5.55000000e+00  3.58270979e+00  5.55000000e+00  3.59124573e+00  5.55000000e+00  6.55555266e+00  5.55000000e+00  4.53365658e+00 
 5.60000000e+00  5.57305424e+00  5.60000000e+00  3.53282287e+00  5.60000000e+00  3.54136070e+00  5.60000000e+00  6.60560802e+00  5.60000000e+00  4.58370599e+00 
 5.65000000e+00  5.62304666e+00  5.65000000e+00  3.48293597e+00  5.65000000e+00  3.49147570e+00  5.65000000e+00  6.65566337e+00  5.65000000e+00  4.63375540e+00 
 5.70000000e+00  5.67303907e+00  5.70000000e+00  3.43304912e+00  5.70000000e+00  3.44159074e+00  5.70000000e+00  6.70571870e+00  5.70000000e+00  4.68380480e+00 
 5.75000000e+00  5.72303148e+00  5.75000000e+00  3.38316230e+00  5.75000000e+00  3.39170582e+00  5.75000000e+00  6.75577401e+00  5.75000000e+00  4.73385420e+00 
 5.80000000e+00  5.77302388e+00  5.80000000e+00  3.33327551e+00  5.80000000e+00  3.34182094e+00  5.80000000e+00  6.80582931e+00  5.80000000e+00  4.78390359e+00 
 5.85000000e+00  5.82301628e+00  5.85000000e+00  3.28338876e+00  5.85000000e+00  3.29193609e+00  5.85000000e+00  6.85588459e+00  5.85000000e+00  4.83395298e+00 
 5.90000000e+00  5.87300867e+00  5.90000000e+00  3.23350205e+00  5.90000000e+00  3.24205128e+00  5.90000000e+00  6.90593986e+00  5.90000000e+00  4.88400236e+00 
 5.95000000e+00  5.92300106e+00  5.95000000e+00  3.18361537e+00  5.95000000e+00  3.19216650e+00  5.95000000e+00  6.95599511e+00  5.95000000e+00  4.93405174e+00 
 6.00000000e+00  5.97299344e+00  6.00000000e+00  3.13372873e+00  6.00000000e+00  3.14228176e+00  6.00000000e+00  7.00605035e+00  6.00000000e+00  4.98410112e+00 
 6.05000000e+00  6.02298582e+00  6.05000000e+00  3.08384213e+00  6.05000000e+00  3.09239706e+00  6.05000000e+00  7.05610557e+00  6.05000000e+00  5.03415050e+00 
 6.10000000e+00  6.07297819e+00  6.10000000e+00  3.03395556e+00  6.10000000e+00  3.04251240e+00  6.10000000e+00  7.10616078e+00  6.10000000e+00  5.08419987e+00 
 6.15000000e+00  6.12297056e+00  6.15000000e+00  2.98406902e+00  6.15000000e+00  2.99262777e+00  6.15000000e+00  7.15621597e+00  6.15000000e+00  5.13424924e+00 
 6.20000000e+00  6.17296292e+00  6.20000000e+00  2.93418252e+00  6.20000000e+00  2.94274318e+00  6.20000000e+00  7.20627116e+00  6.20000000e+00  5.18429861e+00 
 6.25000000e+00  6.22295528e+00  6.25000000e+00  2.88429606e+00  6.25000000e+00  2.89285863e+00  6.25000000e+00  7.25632633e+00  6.25000000e+00  5.23434797e+00 
 6.30000000e+00  6.27294763e+00  6.30000000e+00  2.83440963e+00  6.30000000e+00  2.84297411e+00  6.30000000e+00  7.30638148e+00  6.30000000e+00  5.28439734e+00 
 6.35000000e+00  6.32293998e+00  6.35000000e+00  2.78452324e+00  6.35000000e+00  2.79308963e+00  6.35000000e+00  7.35643663e+00  6.35000000e+00  5.33444671e+00 
 6.40000000e+00  6.37293232e+00  6.40000000e+00  2.73463689e+00  6.40000000e+00  2.74320519e+00  6.40000000e+00  7.40649177e+00  6.40000000e+00  5.38449607e+00 
 6.45000000e+00  6.42292466e+00  6.45000000e+00  2.68475057e+00  6.45000000e+00  2.69332079e+00  6.45000000e+00  7.45654689e+00  6.45000000e+00  5.43454544e+00 
 6.50000000e+00  6.47291699e+00  6.50000000e+00  2.63486429e+00  6.50000000e+00  2.64343642e+00  6.50000000e+00  7.50660201e+00  6.50000000e+00  5.48459480e+00 
 6.55000000e+00  6.52290931e+00  6.55000000e+00  2.58497804e+00  6.55000000e+00  2.59355209e+00  6.55000000e+00  7.55665711e+00  6.55000000e+00  5.53464417e+00 
 6.60000000e+00  6.57290163e+00  6.60000000e+00  2.53509183e+00  6.60000000e+00  2.54366780e+00  6.60000000e+00  7.60671221e+00  6.60000000e+00  5.58469354e+00 
 6.65000000e+00  6.62289395e+00  6.65000000e+00  2.48520566e+00  6.65000000e+00  2.49378355e+00  6.65000000e+00  7.65676729e+00  6.65000000e+00  5.63474291e+00 
 6.70000000e+00  6.67288626e+00  6.70000000e+00  2.43531952e+00  6.70000000e+00  2.44389933e+00  6.70000000e+00  7.70682237e+00  6.70000000e+00  5.68479228e+00 
 6.75000000e+00  6.72287856e+00  6.75000000e+00  2.38543342e+00  6.75000000e+00  2.39401515e+00  6.75000000e+00  7.75687744e+00  6.75000000e+00  5.73484165e+00 
 6.80000000e+00  6.77287086e+00  6.80000000e+00  2.33554736e+00  6.80000000e+00  2.34413101e+00  6.80000000e+00  7.80693250e+00  6.80000000e+00  5.78489103e+00 
 6.85000000e+00  6.82286315e+00  6.85000000e+00  2.28566133e+00  6.85000000e+00  2.29424691e+00  6.85000000e+00  7.85698755e+00  6.85000000e+00  5.83494041e+00 
 6.90000000e+00  6.87285544e+00  6.90000000e+00  2.23577534e+00  6.90000000e+00  2.24436284e+00  6.90000000e+00  7.90704260e+00  6.90000000e+00  5.88498979e+00 
 6.95000000e+00  6.92284772e+00  6.95000000e+00  2.18588938e+00  6.95000000e+00  2.19447881e+00  6.95000000e+00  7.95709764e+00  6.95000000e+00  5.93503918e+00 
 7.00000000e+00  6.97284000e+00  7.00000000e+00  2.13600346e+00  7.00000000e+00  2.14459482e+00  7.00000000e+00  8.00715267e+00  7.00000000e+00  5.98508857e+00 
 7.05000000e+00  7.02283227e+00  7.05000000e+00  2.08611758e+00  7.05000000e+00  2.09471087e+00  7.05000000e+00  8.05720770e+00  7.05000000e+00  6.03513796e+00 
 7.10000000e+00  7.07282453e+00  7.10000000e+00  2.03623173e+00  7.10000000e+00  2.04482695e+00  7.10000000e+00  8.10726272e+00  7.10000000e+00  6.08518736e+00 
 7.15000000e+00  7.12281679e+00  7.15000000e+00  1.98634592e+00  7.15000000e+00  1.99494308e+00  7.15000000e+00  8.15731774e+00  7.15000000e+00  6.13523677e+00 
 7.20000000e+00  7.17280904e+00  7.20000000e+00  1.93646014e+00  7.20000000e+00  1.94505924e+00  7.20000000e+00  8.20737275e+00  7.20000000e+00  6.18528618e+00 
 7.25000000e+00  7.22280129e+00  7.25000000e+00  1.88657441e+00  7.25000000e+00  1.89517544e+00  7.25000000e+00  8.25742776e+00  7.25000000e+00  6.23533559e+00 
 7.30000000e+00  7.27279353e+00  7.30000000e+00  1.83668871e+00  7.30000000e+00  1.84529167e+00  7.30000000e+00  8.30748276e+00  7.30000000e+00  6.28538501e+00 
 7.35000000e+00  7.32278577e+00  7.35000000e+00  1.78680304e+00  7.35000000e+00  1.79540795e+00  7.35000000e+00  8.35753776e+00  7.35000000e+00  6.33543444e+00 
 7.40000000e+00  7.37277800e+00  7.40000000e+00  1.73691741e+00  7.40000000e+00  1.74552426e+00  7.40000000e+00  8.40759276e+00  7.40000000e+00  6.38548388e+00 
 7.45000000e+00  7.42277022e+00  7.45000000e+00  1.68703182e+00  7.45000000e+00  1.69564061e+00  7.45000000e+00  8.45764775e+00  7.45000000e+00  6.43553332e+00 
 7.50000000e+00  7.47276244e+00  7.50000000e+00  1.63714627e+00  7.50000000e+00  1.64575700e+00  7.50000000e+00  8.50770274e+00  7.50000000e+00  6.48558277e+00 
 7.55000000e+00  7.52275465e+00  7.55000000e+00  1.58726075e+00  7.55000000e+00  1.59587342e+00  7.55000000e+00  8.55775773e+00  7.55000000e+00  6.53563223e+00 
 7.60000000e+00  7.57274686e+00  7.60000000e+00  1.53737527e+00  7.60000000e+00  1.54598989e+00  7.60000000e+00  8.60781272e+00  7.60000000e+00  6.58568169e+00 
 7.65000000e+00  7.62273906e+00  7.65000000e+00  1.48748983e+00  7.65000000e+00  1.49610639e+00  7.65000000e+00  8.65786771e+00  7.65000000e+00  6.63573117e+00 
 7.70000000e+00  7.67273125e+00  7.70000000e+00  1.43760442e+00  7.70000000e+00  1.44622293e+00  7.70000000e+00  8.70792270e+00  7.70000000e+00  6.68578065e+00 
 7.75000000e+00  7.72272344e+00  7.75000000e+00  1.38771905e+00  7.75000000e+00  1.39633951e+00  7.75000000e+00  8.75797769e+00  7.75000000e+00  6.73583014e+00 
 7.80000000e+00  7.77271562e+00  7.80000000e+00  1.33783371e+00  7.80000000e+00  1.34645613e+00  7.80000000e+00  8.80803267e+00  7.80000000e+00  6.78587965e+00 
 7.85000000e+00  7.82270779e+00  7.85000000e+00  1.28794842e+00  7.85000000e+00  1.29657279e+00  7.85000000e+00  8.85808766e+00  7.85000000e+00  6.83592916e+00 
 7.90000000e+00  7.87269996e+00  7.90000000e+00  1.23806316e+00  7.90000000e+00  1.24668948e+00  7.90000000e+00  8.90814265e+00  7.90000000e+00  6.88597868e+00 
 7.95000000e+00  7.92269213e+00  7.95000000e+00  1.18817793e+00  7.95000000e+00  1.19680621e+00  7.95000000e+00  8.95819764e+00  7.95000000e+00  6.93602822e+00 
 8.00000000e+00  7.97268428e+00  8.00000000e+00  1.13829275e+00  8.00000000e+00  1.14692298e+00  8.00000000e+00  9.00825263e+00  8.00000000e+00  6.98607776e+00 
 8.05000000e+00  8.02237364e+00  8.05000000e+00  1.08870974e+00  8.05000000e+00  1.09734193e+00  8.05000000e+00  9.05800446e+00  8.05000000e+00  7.03582418e+00 
 8.10000000e+00  8.07088530e+00  8.10000000e+00  1.04126287e+00  8.10000000e+00  1.04989696e+00  8.10000000e+00  9.10657710e+00  8.10000000e+00  7.08439156e+00 
 8.15000000e+00  8.11929095e+00  8.15000000e+00  9.96240041e-01  8.15000000e+00  1.00487603e+00  8.15000000e+00  9.15504361e+00  8.15000000e+00  7.13285283e+00 
 8.20000000e+00  8.16759050e+00  8.20000000e+00  9.53607142e-01  8.20000000e+00  9.62245029e-01  8.20000000e+00  9.20340390e+00  8.20000000e+00  7.18120791e+00 
 8.25000000e+00  8.21578355e+00  8.25000000e+00  9.13314349e-01  8.25000000e+00  9.21954131e-01  8.25000000e+00  9.25165755e+00  8.25000000e+00  7.22945638e+00 
 8.30000000e+00  8.26386770e+00  8.30000000e+00  8.75297260e-01  8.30000000e+00  8.83938934e-01  8.30000000e+00  9.29980219e+00  8.30000000e+00  7.27759585e+00 
 8.35000000e+00  8.31184099e+00  8.35000000e+00  8.39479593e-01  8.35000000e+00  8.48123157e-01  8.35000000e+00  9.34783582e+00  8.35000000e+00  7.32562435e+00 
 8.40000000e+00  8.35970180e+00  8.40000000e+00  8.05775399e-01  8.40000000e+00  8.14420849e-01  8.40000000e+00  9.39575684e+00  8.40000000e+00  7.37354027e+00 
 8.45000000e+00  8.40744889e+00  8.45000000e+00  7.74091352e-01  8.45000000e+00  7.82738686e-01  8.45000000e+00  9.44356401e+00  8.45000000e+00  7.42134236e+00 
 8.50000000e+00  8.45508134e+00  8.50000000e+00  7.44328990e-01  8.50000000e+00  7.52978204e-01  8.50000000e+00  9.49125639e+00  8.50000000e+00  7.46902969e+00 
 8.55000000e+00  8.50259851e+00  8.55000000e+00  7.16386810e-01  8.55000000e+00  7.25037902e-01  8.55000000e+00  9.53883337e+00  8.55000000e+00  7.51660164e+00 
 8.60000000e+00  8.55000004e+00  8.60000000e+00  6.90162147e-01  8.60000000e+00  6.98815113e-01  8.60000000e+00  9.58629456e+00  8.60000000e+00  7.56405783e+00 
 8.65000000e+00  8.59728577e+00  8.65000000e+00  6.65552795e-01  8.65000000e+00  6.74207634e-01  8.65000000e+00  9.63363982e+00  8.65000000e+00  7.61139811e+00 
 8.70000000e+00  8.64445574e+00  8.70000000e+00  6.42458356e-01  8.70000000e+00  6.51115063e-01  8.70000000e+00  9.68086918e+00  8.70000000e+00  7.65862252e+00 
 8.75000000e+00  8.69151012e+00  8.75000000e+00  6.20781304e-01  8.75000000e+00  6.29439876e-01  8.75000000e+00  9.72798283e+00  8.75000000e+00  7.70573124e+00 
 8.80000000e+00  8.73844924e+00  8.80000000e+00  6.00427805e-01  8.80000000e+00  6.09088240e-01  8.80000000e+00  9.77498107e+00  8.80000000e+00  7.75272457e+00 
 8.85000000e+00  8.78527350e+00  8.85000000e+00  5.81308298e-01  8.85000000e+00  5.89970592e-01  8.85000000e+00  9.82186432e+00  8.85000000e+00  7.79960294e+00 
 8.90000000e+00  8.83198338e+00  8.90000000e+00  5.63337874e-01  8.90000000e+00  5.72002026e-01  8.90000000e+00  9.86863307e+00  8.90000000e+00  7.84636683e+00 
 8.95000000e+00  8.87857942e+00  8.95000000e+00  5.46436493e-01  8.95000000e+00  5.55102501e-01  8.95000000e+00  9.91528784e+00  8.95000000e+00  7.89301676e+00 
 9.00000000e+00  8.92506219e+00  9.00000000e+00  5.30529057e-01  9.00000000e+00  5.39196926e-01  9.00000000e+00  9.96182920e+00  9.00000000e+00  7.93955331e+00 
 9.05000000e+00  8.97143217e+00  9.05000000e+00  5.15545381e-01  9.05000000e+00  5.24215140e-01  9.05000000e+00  1.00082577e+01  9.05000000e+00  7.98597698e+00 
 9.10000000e+00  9.01768953e+00  9.10000000e+00  5.01420059e-01  9.10000000e+00  5.10091836e-01  9.10000000e+00  1.00545734e+01  9.10000000e+00  8.03228791e+00 
 9.15000000e+00  9.06383270e+00  9.15000000e+00  4.88092212e-01  9.15000000e+00  4.96766561e-01  9.15000000e+00  1.01007747e+01  9.15000000e+00  8.07848454e+00 
 9.20000000e+00  9.10985191e+00  9.20000000e+00  4.75504910e-01  9.20000000e+00  4.84184255e-01  9.20000000e+00  1.01468521e+01  9.20000000e+00  8.12455712e+00 
 9.25000000e+00  9.15569819e+00  9.25000000e+00  4.63603300e-01  9.25000000e+00  4.72298438e-01  9.25000000e+00  1.01927563e+01  9.25000000e+00  8.17045663e+00 
 9.30000000e+00  9.20113184e+00  9.30000000e+00  4.52326991e-01  9.30000000e+00  4.61086878e-01  9.30000000e+00  1.02382475e+01  9.30000000e+00  8.21594322e+00 
 9.35000000e+00  9.24499631e+00  9.35000000e+00  4.41577650e-01  9.35000000e+00  4.50623956e-01  9.35000000e+00  1.02821682e+01  9.35000000e+00  8.25985944e+00 
 9.40000000e+00  9.28220394e+00  9.40000000e+00  4.31103780e-01  9.40000000e+00  4.41368979e-01  9.40000000e+00  1.03194251e+01  9.40000000e+00  8.29711246e+00 
 9.45000000e+00  9.29743103e+00  9.45000000e+00  4.20314090e-01  9.45000000e+00  4.34719279e-01  9.45000000e+00  1.03346725e+01  9.45000000e+00  8.31235836e+00 
 9.50000000e+00  9.27436962e+00  9.50000000e+00  4.08585911e-01  9.50000000e+00  4.32127457e-01  9.50000000e+00  1.03115791e+01  9.50000000e+00  8.28926722e+00 
 9.55000000e+00  9.21843264e+00  9.55000000e+00  3.95942418e-01  9.55000000e+00  4.33113237e-01  9.55000000e+00  1.02555701e+01  9.55000000e+00  8.23326387e+00 
 9.60000000e+00  9.14341124e+00  9.60000000e+00  3.82772123e-01  9.60000000e+00  4.36492322e-01  9.60000000e+00  1.01804538e+01  9.60000000e+00  8.15815522e+00 
 9.65000000e+00  9.05921083e+00  9.65000000e+00  3.69356306e-01  9.65000000e+00  4.41432519e-01  9.65000000e+00  1.00961472e+01  9.65000000e+00  8.07385714e+00 
 9.70000000e+00  8.97163564e+00  9.70000000e+00  3.55849035e-01  9.70000000e+00  4.47444644e-01  9.70000000e+00  1.00084616e+01  9.70000000e+00  7.98618045e+00 
 9.75000000e+00  8.88392057e+00  9.75000000e+00  3.42335678e-01  9.75000000e+00  4.54248131e-01  9.75000000e+00  9.92063601e+00  9.75000000e+00  7.89836381e+00 
 9.80000000e+00  8.79792566e+00  9.80000000e+00  3.28871354e-01  9.80000000e+00  4.61670393e-01  9.80000000e+00  9.83453278e+00  9.80000000e+00  7.81226939e+00 
 9.85000000e+00  8.71457843e+00  9.85000000e+00  3.15487707e-01  9.85000000e+00  4.69621752e-01  9.85000000e+00  9.75108061e+00  9.85000000e+00  7.72882577e+00 
 9.90000000e+00  8.63448065e+00  9.90000000e+00  3.02222498e-01  9.90000000e+00  4.78038639e-01  9.90000000e+00  9.67088202e+00  9.90000000e+00  7.64863543e+00 
 9.95000000e+00  8.55786697e+00  9.95000000e+00  2.89115694e-01  9.95000000e+00  4.86905534e-01  9.95000000e+00  9.59417196e+00  9.95000000e+00  7.57193327e+00 
 1.00000000e+01  8.48474976e+00  1.00000000e+01  2.76224798e-01  1.00000000e+01  4.96255399e-01  1.00000000e+01  9.52096279e+00  1.00000000e+01  7.49873167e+00 
 1.00500000e+01  8.41496665e+00  1.00500000e+01  2.63641763e-01  1.00500000e+01  5.06188512e-01  1.00500000e+01  9.45109195e+00  1.00500000e+01  7.42886806e+00 
 1.01000000e+01  8.34820722e+00  1.01000000e+01  2.51514187e-01  1.01000000e+01  5.16902341e-01  1.01000000e+01  9.38424860e+00  1.01000000e+01  7.36203165e+00 
 1.01500000e+01  8.28407177e+00  1.01500000e+01  2.40064394e-01  1.01500000e+01  5.28718111e-01  1.01500000e+01  9.32003256e+00  1.01500000e+01  7.29782229e+00 
 1.02000000e+01  8.22222525e+00  1.02000000e+01  2.29585687e-01  1.02000000e+01  5.42069345e-01  1.02000000e+01  9.25810834e+00  1.02000000e+01  7.23590452e+00 
 1.02500000e+01  8.16242738e+00  1.02500000e+01  2.20388855e-01  1.02500000e+01  5.57409483e-01  1.02500000e+01  9.19823536e+00  1.02500000e+01  7.17603780e+00 
 1.03000000e+01  8.09783984e+00  1.03000000e+01  2.12704258e-01  1.03000000e+01  5.75054307e-01  1.03000000e+01  9.13356670e+00  1.03000000e+01  7.11137591e+00 
 1.03500000e+01  8.02402287e+00  1.03500000e+01  2.06631579e-01  1.03500000e+01  5.95151548e-01  1.03500000e+01  9.05965705e+00  1.03500000e+01  7.03747402e+00 
 1.04000000e+01  7.93894305e+00  1.04000000e+01  2.02030360e-01  1.04000000e+01  6.17697475e-01  1.04000000e+01  8.97447042e+00  1.04000000e+01  6.95229638e+00 
 1.04500000e+01  7.83777848e+00  1.04500000e+01  1.98740835e-01  1.04500000e+01  6.44292377e-01  1.04500000e+01  8.87317888e+00  1.04500000e+01  6.85101555e+00 
 1.05000000e+01  7.68528910e+00  1.05000000e+01  1.96575661e-01  1.05000000e+01  7.06912080e-01  1.05000000e+01  8.72049818e+00  1.05000000e+01  6.69835105e+00 
 1.05500000e+01 -1.47495349e+01  1.05500000e+01  6.61075903e-02  1.05500000e+01  1.89991270e-01  1.05500000e+01 -1.48711857e+01  1.05500000e+01 -1.48711879e+01 
 1.06000000e+01 -1.47495313e+01  1.06000000e+01  6.61088120e-02  1.06000000e+01  1.40422632e-01  1.06000000e+01 -1.48711875e+01  1.06000000e+01 -1.48711879e+01 
 1.06500000e+01 -1.47495388e+01  1.06500000e+01  6.61100470e-02  1.06500000e+01  9.04319952e-02  1.06500000e+01 -1.48711873e+01  1.06500000e+01 -1.48711878e+01 
 1.07000000e+01 -1.47495379e+01  1.07000000e+01  6.61112812e-02  1.07000000e+01  4.04409774e-02  1.07000000e+01 -1.48711872e+01  1.07000000e+01 -1.48711877e+01 
 1.07500000e+01 -1.47495303e+01  1.07500000e+01  6.61125158e-02  1.07500000e+01 -9.55947641e-03  1.07500000e+01 -1.48711871e+01  1.07500000e+01 -1.48711876e+01 
 1.08000000e+01 -1.47495263e+01  1.08000000e+01  6.61137499e-02  1.08000000e+01 -5.95520095e-02  1.08000000e+01 -1.48711870e+01  1.08000000e+01 -1.48711876e+01 
 1.08500000e+01 -1.47495276e+01  1.08500000e+01  6.61149837e-02  1.08500000e+01 -1.09535439e-01  1.08500000e+01 -1.48711870e+01  1.08500000e+01 -1.48711875e+01 
 1.09000000e+01 -1.47495282e+01  1.09000000e+01  6.61162173e-02  1.09000000e+01 -1.59534129e-01  1.09000000e+01 -1.48711869e+01  1.09000000e+01 -1.48711874e+01 
 1.09500000e+01 -1.47495337e+01  1.09500000e+01  6.61174507e-02  1.09500000e+01 -2.09521145e-01  1.09500000e+01 -1.48711868e+01  1.09500000e+01 -1.48711874e+01 
 1.10000000e+01 -1.47495354e+01  1.10000000e+01  6.61186839e-02  1.10000000e+01 -2.59516194e-01  1.10000000e+01 -1.48711867e+01  1.10000000e+01 -1.48711873e+01 
 1.10500000e+01 -1.47495371e+01  1.10500000e+01  6.61199169e-02  1.10500000e+01 -3.09509496e-01  1.10500000e+01 -1.48711867e+01  1.10500000e+01 -1.48711872e+01 
 1.11000000e+01 -1.47495331e+01  1.11000000e+01  6.61211497e-02  1.11000000e+01 -3.59503071e-01  1.11000000e+01 -1.48711866e+01  1.11000000e+01 -1.48711871e+01 
 1.11500000e+01 -1.47495374e+01  1.11500000e+01  6.61223822e-02  1.11500000e+01 -4.09495647e-01  1.11500000e+01 -1.48711865e+01  1.11500000e+01 -1.48711871e+01 
 1.12000000e+01 -1.47495330e+01  1.12000000e+01  6.61236146e-02  1.12000000e+01 -4.59481984e-01  1.12000000e+01 -1.48711865e+01  1.12000000e+01 -1.48711870e+01 
 1.12500000e+01 -1.47495282e+01  1.12500000e+01  6.61248467e-02  1.12500000e+01 -5.09480173e-01  1.12500000e+01 -1.48711864e+01  1.12500000e+01 -1.48711869e+01 
 1.13000000e+01 -1.47495338e+01  1.13000000e+01  6.61260786e-02  1.13000000e+01 -5.59470075e-01  1.13000000e+01 -1.48711863e+01  1.13000000e+01 -1.48711868e+01 
 1.13500000e+01 -1.47495250e+01  1.13500000e+01  6.61273103e-02  1.13500000e+01 -6.09470286e-01  1.13500000e+01 -1.48711862e+01  1.13500000e+01 -1.48711868e+01 
 1.14000000e+01 -1.47495267e+01  1.14000000e+01  6.61285418e-02  1.14000000e+01 -6.59462723e-01  1.14000000e+01 -1.48711862e+01  1.14000000e+01 -1.48711867e+01 
 1.14500000e+01 -1.47495315e+01  1.14500000e+01  6.61297731e-02  1.14500000e+01 -7.09451065e-01  1.14500000e+01 -1.48711861e+01  1.14500000e+01 -1.48711866e+01 
 1.15000000e+01 -1.47495339e+01  1.15000000e+01  6.61310041e-02  1.15000000e+01 -7.59439123e-01  1.15000000e+01 -1.48711860e+01  1.15000000e+01 -1.48711866e+01 
 1.15500000e+01 -1.47495360e+01  1.15500000e+01  6.61322350e-02  1.15500000e+01 -8.09436395e-01  1.15500000e+01 -1.48711859e+01  1.15500000e+01 -1.48711865e+01 
 1.16000000e+01 -1.47495228e+01  1.16000000e+01  6.61334656e-02  1.16000000e+01 -8.59430867e-01  1.16000000e+01 -1.48711859e+01  1.16000000e+01 -1.48711864e+01 
 1.16500000e+01 -1.47495244e+01  1.16500000e+01  6.61346961e-02  1.16500000e+01 -9.09424327e-01  1.16500000e+01 -1.48711858e+01  1.16500000e+01 -1.48711863e+01 
 1.17000000e+01 -1.47495351e+01  1.17000000e+01  6.61359263e-02  1.17000000e+01 -9.59416944e-01  1.17000000e+01 -1.48711857e+01  1.17000000e+01 -1.48711863e+01 
 1.17500000e+01 -1.47495252e+01  1.17500000e+01  6.61371563e-02  1.17500000e+01 -1.00941143e+00  1.17500000e+01 -1.48711857e+01  1.17500000e+01 -1.48711862e+01 
 1.18000000e+01 -1.47495324e+01  1.18000000e+01  6.61383861e-02  1.18000000e+01 -1.05940580e+00  1.18000000e+01 -1.48711856e+01  1.18000000e+01 -1.48711861e+01 
 1.18500000e+01 -1.47495312e+01  1.18500000e+01  6.61396157e-02  1.18500000e+01 -1.10938946e+00  1.18500000e+01 -1.48711855e+01  1.18500000e+01 -1.48711861e+01 
 1.19000000e+01 -1.47495280e+01  1.19000000e+01  6.61408450e-02  1.19000000e+01 -1.15939568e+00  1.19000000e+01 -1.48711854e+01  1.19000000e+01 -1.48711860e+01 
 1.19500000e+01 -1.47495256e+01  1.19500000e+01  6.61420742e-02  1.19500000e+01 -1.20937842e+00  1.19500000e+01 -1.48711854e+01  1.19500000e+01 -1.48711859e+01 
 1.20000000e+01 -1.47495318e+01  1.20000000e+01  6.61433031e-02  1.20000000e+01 -1.25937702e+00  1.20000000e+01 -1.48711853e+01  1.20000000e+01 -1.48711858e+01 
 1.20500000e+01 -1.47495274e+01  1.20500000e+01  6.61445319e-02  1.20500000e+01 -1.30936633e+00  1.20500000e+01 -1.48711852e+01  1.20500000e+01 -1.48711858e+01 
 1.21000000e+01 -1.47495250e+01  1.21000000e+01  6.61457604e-02  1.21000000e+01 -1.35935160e+00  1.21000000e+01 -1.48711852e+01  1.21000000e+01 -1.48711857e+01 
 1.21500000e+01 -1.47495301e+01  1.21500000e+01  6.61469887e-02  1.21500000e+01 -1.40934932e+00  1.21500000e+01 -1.48711851e+01  1.21500000e+01 -1.48711856e+01 
 1.22000000e+01 -1.47495243e+01  1.22000000e+01  6.61482168e-02  1.22000000e+01 -1.45935282e+00  1.22000000e+01 -1.48711850e+01  1.22000000e+01 -1.48711855e+01 
 1.22500000e+01 -1.47495262e+01  1.22500000e+01  6.61494447e-02  1.22500000e+01 -1.50933562e+00  1.22500000e+01 -1.48711849e+01  1.22500000e+01 -1.48711855e+01 
 1.23000000e+01 -1.47495291e+01  1.23000000e+01  6.61506724e-02  1.23000000e+01 -1.55933256e+00  1.23000000e+01 -1.48711849e+01  1.23000000e+01 -1.48711854e+01 
 1.23500000e+01 -1.47495224e+01  1.23500000e+01  6.61518998e-02  1.23500000e+01 -1.60932401e+00  1.23500000e+01 -1.48711848e+01  1.23500000e+01 -1.48711853e+01 
 1.24000000e+01 -1.47495280e+01  1.24000000e+01  6.61531271e-02  1.24000000e+01 -1.65931293e+00  1.24000000e+01 -1.48711847e+01  1.24000000e+01 -1.48711853e+01 
 1.24500000e+01 -1.47495294e+01  1.24500000e+01  6.61543541e-02  1.24500000e+01 -1.70931198e+00  1.24500000e+01 -1.48711846e+01  1.24500000e+01 -1.48711852e+01 
 1.25000000e+01 -1.47495190e+01  1.25000000e+01  6.61555810e-02  1.25000000e+01 -1.75930238e+00  1.25000000e+01 -1.48711846e+01  1.25000000e+01 -1.48711851e+01 
 1.25500000e+01 -1.47495280e+01  1.25500000e+01  6.61568076e-02  1.25500000e+01 -1.80929504e+00  1.25500000e+01 -1.48711845e+01  1.25500000e+01 -1.48711850e+01 
 1.26000000e+01 -1.47495284e+01  1.26000000e+01  6.61580340e-02  1.26000000e+01 -1.85929206e+00  1.26000000e+01 -1.48711844e+01  1.26000000e+01 -1.48711850e+01 
 1.26500000e+01 -1.47495304e+01  1.26500000e+01  6.61592602e-02  1.26500000e+01 -1.90927325e+00  1.26500000e+01 -1.48711844e+01  1.26500000e+01 -1.48711849e+01 
 1.27000000e+01 -1.47495283e+01  1.27000000e+01  6.61604862e-02  1.27000000e+01 -1.95927203e+00  1.27000000e+01 -1.48711843e+01  1.27000000e+01 -1.48711848e+01 
 1.27500000e+01 -1.47495234e+01  1.27500000e+01  6.61617120e-02  1.27500000e+01 -2.00926187e+00  1.27500000e+01 -1.48711842e+01  1.27500000e+01 -1.48711848e+01 
 1.28000000e+01 -1.47495274e+01  1.28000000e+01  6.61629375e-02  1.28000000e+01 -2.05925548e+00  1.28000000e+01 -1.48711841e+01  1.28000000e+01 -1.48711847e+01 
 1.28500000e+01 -1.47495279e+01  1.28500000e+01  6.61641629e-02  1.28500000e+01 -2.10925647e+00  1.28500000e+01 -1.48711841e+01  1.28500000e+01 -1.48711846e+01 
 1.29000000e+01 -1.47495265e+01  1.29000000e+01  6.61653881e-02  1.29000000e+01 -2.15924322e+00  1.29000000e+01 -1.48711840e+01  1.29000000e+01 -1.48711845e+01 
 1.29500000e+01 -1.47495311e+01  1.29500000e+01  6.61666130e-02  1.29500000e+01 -2.20923975e+00  1.29500000e+01 -1.48711839e+01  1.29500000e+01 -1.48711845e+01 
 1.30000000e+01 -1.47495186e+01  1.30000000e+01  6.61678377e-02  1.30000000e+01 -2.25923533e+00  1.30000000e+01 -1.48711839e+01  1.30000000e+01 -1.48711844e+01 
 1.30500000e+01 -1.47495263e+01  1.30500000e+01  6.61690622e-02  1.30500000e+01 -2.30923216e+00  1.30500000e+01 -1.48711838e+01  1.30500000e+01 -1.48711843e+01 
 1.31000000e+01 -1.47495282e+01  1.31000000e+01  6.61702865e-02  1.31000000e+01 -2.35922086e+00  1.31000000e+01 -1.48711837e+01  1.31000000e+01 -1.48711843e+01 
 1.31500000e+01 -1.47495245e+01  1.31500000e+01  6.61715106e-02  1.31500000e+01 -2.40921350e+00  1.31500000e+01 -1.48711836e+01  1.31500000e+01 -1.48711842e+01 
 1.32000000e+01 -1.47495310e+01  1.32000000e+01  6.61727345e-02  1.32000000e+01 -2.45920004e+00  1.32000000e+01 -1.48711836e+01  1.32000000e+01 -1.48711841e+01 
 1.32500000e+01 -1.47495300e+01  1.32500000e+01  6.61739582e-02  1.32500000e+01 -2.50919808e+00  1.32500000e+01 -1.48711835e+01  1.32500000e+01 -1.48711840e+01 
 1.33000000e+01 -1.47495206e+01  1.33000000e+01  6.61751817e-02  1.33000000e+01 -2.55919589e+00  1.33000000e+01 -1.48711834e+01  1.33000000e+01 -1.48711840e+01 
 1.33500000e+01 -1.47495202e+01  1.33500000e+01  6.61764049e-02  1.33500000e+01 -2.60918398e+00  1.33500000e+01 -1.48711834e+01  1.33500000e+01 -1.48711839e+01 
 1.34000000e+01 -1.47495283e+01  1.34000000e+01  6.61776280e-02  1.34000000e+01 -2.65918024e+00  1.34000000e+01 -1.48711833e+01  1.34000000e+01 -1.48711838e+01 
 1.34500000e+01 -1.47495269e+01  1.34500000e+01  6.61788508e-02  1.34500000e+01 -2.70917251e+00  1.34500000e+01 -1.48711832e+01  1.34500000e+01 -1.48711838e+01 
 1.35000000e+01 -1.47495313e+01  1.35000000e+01  6.61800735e-02  1.35000000e+01 -2.75916236e+00  1.35000000e+01 -1.48711831e+01  1.35000000e+01 -1.48711837e+01 
 1.35500000e+01 -1.47495270e+01  1.35500000e+01  6.61812959e-02  1.35500000e+01 -2.80915957e+00  1.35500000e+01 -1.48711831e+01  1.35500000e+01 -1.48711836e+01 
 1.36000000e+01 -1.47495253e+01  1.36000000e+01  6.61825181e-02  1.36000000e+01 -2.85915104e+00  1.36000000e+01 -1.48711830e+01  1.36000000e+01 -1.48711835e+01 
 1.36500000e+01 -1.47495266e+01  1.36500000e+01  6.61837401e-02  1.36500000e+01 -2.90914495e+00  1.36500000e+01 -1.48711829e+01  1.36500000e+01 -1.48711835e+01 
 1.37000000e+01 -1.47495186e+01  1.37000000e+01  6.61849619e-02  1.37000000e+01 -2.95913276e+00  1.37000000e+01 -1.48711829e+01  1.37000000e+01 -1.48711834e+01 
 1.37500000e+01 -1.47495195e+01  1.37500000e+01  6.61861835e-02  1.37500000e+01 -3.00913025e+00  1.37500000e+01 -1.48711828e+01  1.37500000e+01 -1.48711833e+01 
 1.38000000e+01 -1.47495270e+01  1.38000000e+01  6.61874048e-02  1.38000000e+01 -3.05911375e+00  1.38000000e+01 -1.48711827e+01  1.38000000e+01 -1.48711833e+01 
 1.38500000e+01 -1.47495196e+01  1.38500000e+01  6.61886260e-02  1.38500000e+01 -3.10911275e+00  1.38500000e+01 -1.48711826e+01  1.38500000e+01 -1.48711832e+01 
 1.39000000e+01 -1.47495205e+01  1.39000000e+01  6.61898470e-02  1.39000000e+01 -3.15910446e+00  1.39000000e+01 -1.48711826e+01  1.39000000e+01 -1.48711831e+01 
 1.39500000e+01 -1.47495266e+01  1.39500000e+01  6.61910677e-02  1.39500000e+01 -3.20910098e+00  1.39500000e+01 -1.48711825e+01  1.39500000e+01 -1.48711830e+01 
 1.40000000e+01 -1.47495261e+01  1.40000000e+01  6.61922883e-02  1.40000000e+01 -3.25908426e+00  1.40000000e+01 -1.48711824e+01  1.40000000e+01 -1.48711830e+01 
