 2.00000000e+01  7.04095966e+01 
 2.24403691e+01  7.04186414e+01 
 2.51785082e+01  7.04293146e+01 
 2.82507509e+01  7.04418974e+01 
 3.16978638e+01  7.04566489e+01 
 3.55655882e+01  7.04737789e+01 
 3.99052463e+01  7.04934136e+01 
 4.47744228e+01  7.05155583e+01 
 5.02377286e+01  7.05400626e+01 
 5.63676586e+01  7.05665976e+01 
 6.32455532e+01  7.05946556e+01 
 7.09626778e+01  7.06235764e+01 
 7.96214341e+01  7.06526018e+01 
 8.93367184e+01  7.06809492e+01 
 1.00237447e+02  7.07078886e+01 
 1.12468265e+02  7.07328075e+01 
 1.26191469e+02  7.07552510e+01 
 1.41589157e+02  7.07749324e+01 
 1.58865647e+02  7.07917181e+01 
 1.78250188e+02  7.08055941e+01 
 2.00000000e+02  7.08166247e+01 
 2.24403691e+02  7.08249105e+01 
 2.51785082e+02  7.08305500e+01 
 2.82507509e+02  7.08336082e+01 
 3.16978638e+02  7.08340900e+01 
 3.55655882e+02  7.08319184e+01 
 3.99052463e+02  7.08269147e+01 
 4.47744228e+02  7.08187791e+01 
 5.02377286e+02  7.08070691e+01 
 5.63676586e+02  7.07911747e+01 
 6.32455532e+02  7.07702893e+01 
 7.09626778e+02  7.07433747e+01 
 7.96214341e+02  7.07091203e+01 
 8.93367184e+02  7.06658976e+01 
 1.00237447e+03  7.06117102e+01 
 1.12468265e+03  7.05441437e+01 
 1.26191469e+03  7.04603196e+01 
 1.41589157e+03  7.03568628e+01 
 1.58865647e+03  7.02298915e+01 
 1.78250188e+03  7.00750461e+01 
 2.00000000e+03  6.98875700e+01 
 2.24403691e+03  6.96624572e+01 
 2.51785082e+03  6.93946746e+01 
 2.82507509e+03  6.90794523e+01 
 3.16978638e+03  6.87126228e+01 
 3.55655882e+03  6.82909664e+01 
 3.99052463e+03  6.78125106e+01 
 4.47744228e+03  6.72767286e+01 
 5.02377286e+03  6.66845969e+01 
 5.63676586e+03  6.60385004e+01 
 6.32455532e+03  6.53420055e+01 
 7.09626778e+03  6.45995460e+01 
 7.96214341e+03  6.38160782e+01 
 8.93367184e+03  6.29967563e+01 
 1.00237447e+04  6.21466635e+01 
 1.12468265e+04  6.12706170e+01 
 1.26191469e+04  6.03730463e+01 
 1.41589157e+04  5.94579381e+01 
 1.58865647e+04  5.85288307e+01 
 1.78250188e+04  5.75888461e+01 
 2.00000000e+04  5.66407446e+01 
 2.24403691e+04  5.56869941e+01 
 2.51785082e+04  5.47298461e+01 
 2.82507509e+04  5.37714148e+01 
 3.16978638e+04  5.28137564e+01 
 3.55655882e+04  5.18589477e+01 
 3.99052463e+04  5.09091608e+01 
 4.47744228e+04  4.99667350e+01 
 5.02377286e+04  4.90342393e+01 
 5.63676586e+04  4.81145220e+01 
 6.32455532e+04  4.72107381e+01 
 7.09626778e+04  4.63263439e+01 
 7.96214341e+04  4.54650435e+01 
 8.93367184e+04  4.46306714e+01 
 1.00237447e+05  4.38269983e+01 
 1.12468265e+05  4.30574528e+01 
 1.26191469e+05  4.23247649e+01 
 1.41589157e+05  4.16305570e+01 
 1.58865647e+05  4.09749257e+01 
 1.78250188e+05  4.03560737e+01 
 2.00000000e+05  3.97700541e+01 
