 2.00000000e+01  1.27055672e-08  2.00000000e+01  8.96107069e-09 
 2.09425710e+01  1.26683719e-08  2.09425710e+01  8.93459916e-09 
 2.19295639e+01  1.26328333e-08  2.19295639e+01  8.90931828e-09 
 2.29630724e+01  1.25988785e-08  2.29630724e+01  8.88517452e-09 
 2.40452887e+01  1.25664376e-08  2.40452887e+01  8.86211675e-09 
 2.51785082e+01  1.25354438e-08  2.51785082e+01  8.84009614e-09 
 2.63651348e+01  1.25058333e-08  2.63651348e+01  8.81906606e-09 
 2.76076853e+01  1.24775448e-08  2.76076853e+01  8.79898197e-09 
 2.89087954e+01  1.24505198e-08  2.89087954e+01  8.77980134e-09 
 3.02712250e+01  1.24247023e-08  3.02712250e+01  8.76148354e-09 
 3.16978638e+01  1.24000389e-08  3.16978638e+01  8.74398977e-09 
 3.31917381e+01  1.23764782e-08  3.31917381e+01  8.72728300e-09 
 3.47560166e+01  1.23539715e-08  3.47560166e+01  8.71132783e-09 
 3.63940172e+01  1.23324717e-08  3.63940172e+01  8.69609046e-09 
 3.81092144e+01  1.23119342e-08  3.81092144e+01  8.68153863e-09 
 3.99052463e+01  1.22923162e-08  3.99052463e+01  8.66764149e-09 
 4.17859226e+01  1.22735766e-08  4.17859226e+01  8.65436963e-09 
 4.37552325e+01  1.22556765e-08  4.37552325e+01  8.64169490e-09 
 4.58173531e+01  1.22385784e-08  4.58173531e+01  8.62959047e-09 
 4.79766584e+01  1.22222465e-08  4.79766584e+01  8.61803069e-09 
 5.02377286e+01  1.22066466e-08  5.02377286e+01  8.60699106e-09 
 5.26053598e+01  1.21917462e-08  5.26053598e+01  8.59644818e-09 
 5.50845741e+01  1.21775139e-08  5.50845741e+01  8.58637972e-09 
 5.76806301e+01  1.21639199e-08  5.76806301e+01  8.57676433e-09 
 6.03990344e+01  1.21509357e-08  6.03990344e+01  8.56758163e-09 
 6.32455532e+01  1.21385341e-08  6.32455532e+01  8.55881216e-09 
 6.62262243e+01  1.21266890e-08  6.62262243e+01  8.55043734e-09 
 6.93473701e+01  1.21153755e-08  6.93473701e+01  8.54243940e-09 
 7.26156110e+01  1.21045698e-08  7.26156110e+01  8.53480139e-09 
 7.60378793e+01  1.20942492e-08  7.60378793e+01  8.52750711e-09 
 7.96214341e+01  1.20843919e-08  7.96214341e+01  8.52054111e-09 
 8.33738767e+01  1.20749773e-08  8.33738767e+01  8.51388861e-09 
 8.73031664e+01  1.20659855e-08  8.73031664e+01  8.50753550e-09 
 9.14176379e+01  1.20573975e-08  9.14176379e+01  8.50146832e-09 
 9.57260185e+01  1.20491953e-08  9.57260185e+01  8.49567419e-09 
 1.00237447e+02  1.20413615e-08  1.00237447e+02  8.49014083e-09 
 1.04961492e+02  1.20338797e-08  1.04961492e+02  8.48485651e-09 
 1.09908175e+02  1.20267340e-08  1.09908175e+02  8.47981001e-09 
 1.15087987e+02  1.20199094e-08  1.15087987e+02  8.47499064e-09 
 1.20511917e+02  1.20133915e-08  1.20511917e+02  8.47038817e-09 
 1.26191469e+02  1.20071665e-08  1.26191469e+02  8.46599285e-09 
 1.32138690e+02  1.20012213e-08  1.32138690e+02  8.46179534e-09 
 1.38366194e+02  1.19955433e-08  1.38366194e+02  8.45778675e-09 
 1.44887192e+02  1.19901205e-08  1.44887192e+02  8.45395858e-09 
 1.51715515e+02  1.19849414e-08  1.51715515e+02  8.45030270e-09 
 1.58865647e+02  1.19799952e-08  1.58865647e+02  8.44681136e-09 
 1.66352754e+02  1.19752713e-08  1.66352754e+02  8.44347716e-09 
 1.74192718e+02  1.19707598e-08  1.74192718e+02  8.44029302e-09 
 1.82402168e+02  1.19664511e-08  1.82402168e+02  8.43725218e-09 
 1.90998517e+02  1.19623361e-08  1.90998517e+02  8.43434821e-09 
 2.00000000e+02  1.19584062e-08  2.00000000e+02  8.43157494e-09 
 2.09425710e+02  1.19546529e-08  2.09425710e+02  8.42892649e-09 
 2.19295639e+02  1.19510684e-08  2.19295639e+02  8.42639723e-09 
 2.29630724e+02  1.19476451e-08  2.29630724e+02  8.42398181e-09 
 2.40452887e+02  1.19443757e-08  2.40452887e+02  8.42167510e-09 
 2.51785082e+02  1.19412533e-08  2.51785082e+02  8.41947221e-09 
 2.63651348e+02  1.19382713e-08  2.63651348e+02  8.41736846e-09 
 2.76076853e+02  1.19354234e-08  2.76076853e+02  8.41535939e-09 
 2.89087954e+02  1.19327035e-08  2.89087954e+02  8.41344075e-09 
 3.02712250e+02  1.19301059e-08  3.02712250e+02  8.41160845e-09 
 3.16978638e+02  1.19276251e-08  3.16978638e+02  8.40985862e-09 
 3.31917381e+02  1.19252559e-08  3.31917381e+02  8.40818755e-09 
 3.47560166e+02  1.19229931e-08  3.47560166e+02  8.40659168e-09 
 3.63940172e+02  1.19208320e-08  3.63940172e+02  8.40506763e-09 
 3.81092144e+02  1.19187681e-08  3.81092144e+02  8.40361217e-09 
 3.99052463e+02  1.19167970e-08  3.99052463e+02  8.40222221e-09 
 4.17859226e+02  1.19149144e-08  4.17859226e+02  8.40089481e-09 
 4.37552325e+02  1.19131164e-08  4.37552325e+02  8.39962715e-09 
 4.58173531e+02  1.19113991e-08  4.58173531e+02  8.39841653e-09 
 4.79766584e+02  1.19097590e-08  4.79766584e+02  8.39726039e-09 
 5.02377286e+02  1.19081925e-08  5.02377286e+02  8.39615628e-09 
 5.26053598e+02  1.19066964e-08  5.26053598e+02  8.39510186e-09 
 5.50845741e+02  1.19052673e-08  5.50845741e+02  8.39409488e-09 
 5.76806301e+02  1.19039024e-08  5.76806301e+02  8.39313321e-09 
 6.03990344e+02  1.19025987e-08  6.03990344e+02  8.39221482e-09 
 6.32455532e+02  1.19013534e-08  6.32455532e+02  8.39133775e-09 
 6.62262243e+02  1.19001638e-08  6.62262243e+02  8.39050013e-09 
 6.93473701e+02  1.18990275e-08  6.93473701e+02  8.38970021e-09 
 7.26156110e+02  1.18979420e-08  7.26156110e+02  8.38893627e-09 
 7.60378793e+02  1.18969050e-08  7.60378793e+02  8.38820669e-09 
 7.96214341e+02  1.18959143e-08  7.96214341e+02  8.38750993e-09 
 8.33738767e+02  1.18949678e-08  8.33738767e+02  8.38684451e-09 
 8.73031664e+02  1.18940634e-08  8.73031664e+02  8.38620902e-09 
 9.14176379e+02  1.18931992e-08  9.14176379e+02  8.38560210e-09 
 9.57260185e+02  1.18923733e-08  9.57260185e+02  8.38502247e-09 
 1.00237447e+03  1.18915840e-08  1.00237447e+03  8.38446890e-09 
 1.04961492e+03  1.18908296e-08  1.04961492e+03  8.38394020e-09 
 1.09908175e+03  1.18901084e-08  1.09908175e+03  8.38343527e-09 
 1.15087987e+03  1.18894189e-08  1.15087987e+03  8.38295302e-09 
 1.20511917e+03  1.18887595e-08  1.20511917e+03  8.38249243e-09 
 1.26191469e+03  1.18881288e-08  1.26191469e+03  8.38205252e-09 
 1.32138690e+03  1.18875255e-08  1.32138690e+03  8.38163236e-09 
 1.38366194e+03  1.18869482e-08  1.38366194e+03  8.38123105e-09 
 1.44887192e+03  1.18863956e-08  1.44887192e+03  8.38084774e-09 
 1.51715515e+03  1.18858665e-08  1.51715515e+03  8.38048160e-09 
 1.58865647e+03  1.18853598e-08  1.58865647e+03  8.38013187e-09 
 1.66352754e+03  1.18848741e-08  1.66352754e+03  8.37979780e-09 
 1.74192718e+03  1.18844086e-08  1.74192718e+03  8.37947866e-09 
 1.82402168e+03  1.18839619e-08  1.82402168e+03  8.37917379e-09 
 1.90998517e+03  1.18835333e-08  1.90998517e+03  8.37888253e-09 
 2.00000000e+03  1.18831215e-08  2.00000000e+03  8.37860425e-09 
 2.09425710e+03  1.18827256e-08  2.09425710e+03  8.37833837e-09 
 2.19295639e+03  1.18823447e-08  2.19295639e+03  8.37808430e-09 
 2.29630724e+03  1.18819778e-08  2.29630724e+03  8.37784150e-09 
 2.40452887e+03  1.18816239e-08  2.40452887e+03  8.37760946e-09 
 2.51785082e+03  1.18812822e-08  2.51785082e+03  8.37738766e-09 
 2.63651348e+03  1.18809517e-08  2.63651348e+03  8.37717563e-09 
 2.76076853e+03  1.18806316e-08  2.76076853e+03  8.37697292e-09 
 2.89087954e+03  1.18803209e-08  2.89087954e+03  8.37677906e-09 
 3.02712250e+03  1.18800187e-08  3.02712250e+03  8.37659366e-09 
 3.16978638e+03  1.18797241e-08  3.16978638e+03  8.37641628e-09 
 3.31917381e+03  1.18794362e-08  3.31917381e+03  8.37624655e-09 
 3.47560166e+03  1.18791541e-08  3.47560166e+03  8.37608409e-09 
 3.63940172e+03  1.18788767e-08  3.63940172e+03  8.37592854e-09 
 3.81092144e+03  1.18786032e-08  3.81092144e+03  8.37577954e-09 
 3.99052463e+03  1.18783325e-08  3.99052463e+03  8.37563675e-09 
 4.17859226e+03  1.18780636e-08  4.17859226e+03  8.37549986e-09 
 4.37552325e+03  1.18777954e-08  4.37552325e+03  8.37536854e-09 
 4.58173531e+03  1.18775267e-08  4.58173531e+03  8.37524248e-09 
 4.79766584e+03  1.18772564e-08  4.79766584e+03  8.37512139e-09 
 5.02377286e+03  1.18769832e-08  5.02377286e+03  8.37500498e-09 
 5.26053598e+03  1.18767059e-08  5.26053598e+03  8.37489295e-09 
 5.50845741e+03  1.18764229e-08  5.50845741e+03  8.37478504e-09 
 5.76806301e+03  1.18761329e-08  5.76806301e+03  8.37468096e-09 
 6.03990344e+03  1.18758342e-08  6.03990344e+03  8.37458044e-09 
 6.32455532e+03  1.18755251e-08  6.32455532e+03  8.37448322e-09 
 6.62262243e+03  1.18752038e-08  6.62262243e+03  8.37438903e-09 
 6.93473701e+03  1.18748684e-08  6.93473701e+03  8.37429760e-09 
 7.26156110e+03  1.18745166e-08  7.26156110e+03  8.37420867e-09 
 7.60378793e+03  1.18741463e-08  7.60378793e+03  8.37412196e-09 
 7.96214341e+03  1.18737549e-08  7.96214341e+03  8.37403721e-09 
 8.33738767e+03  1.18733398e-08  8.33738767e+03  8.37395415e-09 
 8.73031664e+03  1.18728980e-08  8.73031664e+03  8.37387248e-09 
 9.14176379e+03  1.18724264e-08  9.14176379e+03  8.37379193e-09 
 9.57260185e+03  1.18719215e-08  9.57260185e+03  8.37371219e-09 
 1.00237447e+04  1.18713797e-08  1.00237447e+04  8.37363297e-09 
 1.04961492e+04  1.18707968e-08  1.04961492e+04  8.37355393e-09 
 1.09908175e+04  1.18701684e-08  1.09908175e+04  8.37347475e-09 
 1.15087987e+04  1.18694896e-08  1.15087987e+04  8.37339507e-09 
 1.20511917e+04  1.18687553e-08  1.20511917e+04  8.37331454e-09 
 1.26191469e+04  1.18679595e-08  1.26191469e+04  8.37323276e-09 
 1.32138690e+04  1.18670960e-08  1.32138690e+04  8.37314932e-09 
 1.38366194e+04  1.18661579e-08  1.38366194e+04  8.37306379e-09 
 1.44887192e+04  1.18651378e-08  1.44887192e+04  8.37297569e-09 
 1.51715515e+04  1.18640274e-08  1.51715515e+04  8.37288453e-09 
 1.58865647e+04  1.18628177e-08  1.58865647e+04  8.37278977e-09 
 1.66352754e+04  1.18614990e-08  1.66352754e+04  8.37269084e-09 
 1.74192718e+04  1.18600605e-08  1.74192718e+04  8.37258712e-09 
 1.82402168e+04  1.18584906e-08  1.82402168e+04  8.37247795e-09 
 1.90998517e+04  1.18567764e-08  1.90998517e+04  8.37236259e-09 
 2.00000000e+04  1.18549041e-08  2.00000000e+04  8.37224029e-09 
