 1.00000000e+00  7.87598207e+01  1.00000000e+00  1.79406324e+02 
 1.02329299e+00  7.87596298e+01  1.02329299e+00  1.79394901e+02 
 1.04712855e+00  7.87594433e+01  1.04712855e+00  1.79383197e+02 
 1.07151931e+00  7.87592608e+01  1.07151931e+00  1.79371206e+02 
 1.09647820e+00  7.87590825e+01  1.09647820e+00  1.79358919e+02 
 1.12201845e+00  7.87589081e+01  1.12201845e+00  1.79346327e+02 
 1.14815362e+00  7.87587376e+01  1.14815362e+00  1.79333424e+02 
 1.17489755e+00  7.87585709e+01  1.17489755e+00  1.79320199e+02 
 1.20226443e+00  7.87584079e+01  1.20226443e+00  1.79306645e+02 
 1.23026877e+00  7.87582484e+01  1.23026877e+00  1.79292754e+02 
 1.25892541e+00  7.87580923e+01  1.25892541e+00  1.79278515e+02 
 1.28824955e+00  7.87579395e+01  1.28824955e+00  1.79263920e+02 
 1.31825674e+00  7.87577899e+01  1.31825674e+00  1.79248961e+02 
 1.34896288e+00  7.87576433e+01  1.34896288e+00  1.79233628e+02 
 1.38038426e+00  7.87574994e+01  1.38038426e+00  1.79217911e+02 
 1.41253754e+00  7.87573583e+01  1.41253754e+00  1.79201802e+02 
 1.44543977e+00  7.87572197e+01  1.44543977e+00  1.79185290e+02 
 1.47910839e+00  7.87570835e+01  1.47910839e+00  1.79168365e+02 
 1.51356125e+00  7.87569495e+01  1.51356125e+00  1.79151018e+02 
 1.54881662e+00  7.87568175e+01  1.54881662e+00  1.79133238e+02 
 1.58489319e+00  7.87566873e+01  1.58489319e+00  1.79115016e+02 
 1.62181010e+00  7.87565588e+01  1.62181010e+00  1.79096340e+02 
 1.65958691e+00  7.87564318e+01  1.65958691e+00  1.79077199e+02 
 1.69824365e+00  7.87563060e+01  1.69824365e+00  1.79057583e+02 
 1.73780083e+00  7.87561814e+01  1.73780083e+00  1.79037481e+02 
 1.77827941e+00  7.87560577e+01  1.77827941e+00  1.79016880e+02 
 1.81970086e+00  7.87559347e+01  1.81970086e+00  1.78995770e+02 
 1.86208714e+00  7.87558122e+01  1.86208714e+00  1.78974139e+02 
 1.90546072e+00  7.87556900e+01  1.90546072e+00  1.78951975e+02 
 1.94984460e+00  7.87555679e+01  1.94984460e+00  1.78929264e+02 
 1.99526231e+00  7.87554457e+01  1.99526231e+00  1.78905995e+02 
 2.04173794e+00  7.87553231e+01  2.04173794e+00  1.78882155e+02 
 2.08929613e+00  7.87552000e+01  2.08929613e+00  1.78857730e+02 
 2.13796209e+00  7.87550761e+01  2.13796209e+00  1.78832707e+02 
 2.18776162e+00  7.87549513e+01  2.18776162e+00  1.78807073e+02 
 2.23872114e+00  7.87548251e+01  2.23872114e+00  1.78780813e+02 
 2.29086765e+00  7.87546975e+01  2.29086765e+00  1.78753914e+02 
 2.34422882e+00  7.87545682e+01  2.34422882e+00  1.78726359e+02 
 2.39883292e+00  7.87544369e+01  2.39883292e+00  1.78698136e+02 
 2.45470892e+00  7.87543034e+01  2.45470892e+00  1.78669227e+02 
 2.51188643e+00  7.87541673e+01  2.51188643e+00  1.78639618e+02 
 2.57039578e+00  7.87540286e+01  2.57039578e+00  1.78609292e+02 
 2.63026799e+00  7.87538867e+01  2.63026799e+00  1.78578234e+02 
 2.69153480e+00  7.87537415e+01  2.69153480e+00  1.78546426e+02 
 2.75422870e+00  7.87535928e+01  2.75422870e+00  1.78513852e+02 
 2.81838293e+00  7.87534400e+01  2.81838293e+00  1.78480493e+02 
 2.88403150e+00  7.87532831e+01  2.88403150e+00  1.78446333e+02 
 2.95120923e+00  7.87531215e+01  2.95120923e+00  1.78411352e+02 
 3.01995172e+00  7.87529551e+01  3.01995172e+00  1.78375532e+02 
 3.09029543e+00  7.87527834e+01  3.09029543e+00  1.78338854e+02 
 3.16227766e+00  7.87526061e+01  3.16227766e+00  1.78301299e+02 
 3.23593657e+00  7.87524229e+01  3.23593657e+00  1.78262845e+02 
 3.31131121e+00  7.87522332e+01  3.31131121e+00  1.78223474e+02 
 3.38844156e+00  7.87520369e+01  3.38844156e+00  1.78183163e+02 
 3.46736850e+00  7.87518333e+01  3.46736850e+00  1.78141892e+02 
 3.54813389e+00  7.87516221e+01  3.54813389e+00  1.78099638e+02 
 3.63078055e+00  7.87514029e+01  3.63078055e+00  1.78056379e+02 
 3.71535229e+00  7.87511752e+01  3.71535229e+00  1.78012091e+02 
 3.80189396e+00  7.87509385e+01  3.80189396e+00  1.77966752e+02 
 3.89045145e+00  7.87506922e+01  3.89045145e+00  1.77920338e+02 
 3.98107171e+00  7.87504359e+01  3.98107171e+00  1.77872823e+02 
 4.07380278e+00  7.87501691e+01  4.07380278e+00  1.77824183e+02 
 4.16869383e+00  7.87498911e+01  4.16869383e+00  1.77774391e+02 
 4.26579519e+00  7.87496014e+01  4.26579519e+00  1.77723422e+02 
 4.36515832e+00  7.87492993e+01  4.36515832e+00  1.77671248e+02 
 4.46683592e+00  7.87489842e+01  4.46683592e+00  1.77617842e+02 
 4.57088190e+00  7.87486553e+01  4.57088190e+00  1.77563175e+02 
 4.67735141e+00  7.87483121e+01  4.67735141e+00  1.77507219e+02 
 4.78630092e+00  7.87479538e+01  4.78630092e+00  1.77449944e+02 
 4.89778819e+00  7.87475795e+01  4.89778819e+00  1.77391319e+02 
 5.01187234e+00  7.87471886e+01  5.01187234e+00  1.77331315e+02 
 5.12861384e+00  7.87467801e+01  5.12861384e+00  1.77269899e+02 
 5.24807460e+00  7.87463531e+01  5.24807460e+00  1.77207038e+02 
 5.37031796e+00  7.87459068e+01  5.37031796e+00  1.77142700e+02 
 5.49540874e+00  7.87454401e+01  5.49540874e+00  1.77076851e+02 
 5.62341325e+00  7.87449521e+01  5.62341325e+00  1.77009455e+02 
 5.75439937e+00  7.87444416e+01  5.75439937e+00  1.76940479e+02 
 5.88843655e+00  7.87439077e+01  5.88843655e+00  1.76869884e+02 
 6.02559586e+00  7.87433491e+01  6.02559586e+00  1.76797635e+02 
 6.16595002e+00  7.87427646e+01  6.16595002e+00  1.76723693e+02 
 6.30957344e+00  7.87421530e+01  6.30957344e+00  1.76648019e+02 
 6.45654229e+00  7.87415128e+01  6.45654229e+00  1.76570574e+02 
 6.60693448e+00  7.87408428e+01  6.60693448e+00  1.76491317e+02 
 6.76082975e+00  7.87401414e+01  6.76082975e+00  1.76410207e+02 
 6.91830971e+00  7.87394071e+01  6.91830971e+00  1.76327201e+02 
 7.07945784e+00  7.87386383e+01  7.07945784e+00  1.76242256e+02 
 7.24435960e+00  7.87378334e+01  7.24435960e+00  1.76155327e+02 
 7.41310241e+00  7.87369905e+01  7.41310241e+00  1.76066369e+02 
 7.58577575e+00  7.87361078e+01  7.58577575e+00  1.75975337e+02 
 7.76247117e+00  7.87351834e+01  7.76247117e+00  1.75882181e+02 
 7.94328235e+00  7.87342152e+01  7.94328235e+00  1.75786854e+02 
 8.12830516e+00  7.87332012e+01  8.12830516e+00  1.75689307e+02 
 8.31763771e+00  7.87321390e+01  8.31763771e+00  1.75589489e+02 
 8.51138038e+00  7.87310264e+01  8.51138038e+00  1.75487349e+02 
 8.70963590e+00  7.87298609e+01  8.70963590e+00  1.75382833e+02 
 8.91250938e+00  7.87286398e+01  8.91250938e+00  1.75275887e+02 
 9.12010839e+00  7.87273607e+01  9.12010839e+00  1.75166457e+02 
 9.33254301e+00  7.87260205e+01  9.33254301e+00  1.75054487e+02 
 9.54992586e+00  7.87246164e+01  9.54992586e+00  1.74939919e+02 
 9.77237221e+00  7.87231452e+01  9.77237221e+00  1.74822695e+02 
 1.00000000e+01  7.87216037e+01  1.00000000e+01  1.74702754e+02 
 1.02329299e+01  7.87199885e+01  1.02329299e+01  1.74580036e+02 
 1.04712855e+01  7.87182959e+01  1.04712855e+01  1.74454479e+02 
 1.07151931e+01  7.87165224e+01  1.07151931e+01  1.74326019e+02 
 1.09647820e+01  7.87146639e+01  1.09647820e+01  1.74194592e+02 
 1.12201845e+01  7.87127163e+01  1.12201845e+01  1.74060131e+02 
 1.14815362e+01  7.87106753e+01  1.14815362e+01  1.73922569e+02 
 1.17489755e+01  7.87085365e+01  1.17489755e+01  1.73781838e+02 
 1.20226443e+01  7.87062950e+01  1.20226443e+01  1.73637868e+02 
 1.23026877e+01  7.87039460e+01  1.23026877e+01  1.73490588e+02 
 1.25892541e+01  7.87014842e+01  1.25892541e+01  1.73339925e+02 
 1.28824955e+01  7.86989042e+01  1.28824955e+01  1.73185805e+02 
 1.31825674e+01  7.86962003e+01  1.31825674e+01  1.73028155e+02 
 1.34896288e+01  7.86933666e+01  1.34896288e+01  1.72866896e+02 
 1.38038426e+01  7.86903969e+01  1.38038426e+01  1.72701953e+02 
 1.41253754e+01  7.86872846e+01  1.41253754e+01  1.72533245e+02 
 1.44543977e+01  7.86840229e+01  1.44543977e+01  1.72360693e+02 
 1.47910839e+01  7.86806046e+01  1.47910839e+01  1.72184216e+02 
 1.51356125e+01  7.86770225e+01  1.51356125e+01  1.72003731e+02 
 1.54881662e+01  7.86732685e+01  1.54881662e+01  1.71819154e+02 
 1.58489319e+01  7.86693346e+01  1.58489319e+01  1.71630401e+02 
 1.62181010e+01  7.86652123e+01  1.62181010e+01  1.71437385e+02 
 1.65958691e+01  7.86608927e+01  1.65958691e+01  1.71240019e+02 
 1.69824365e+01  7.86563664e+01  1.69824365e+01  1.71038215e+02 
 1.73780083e+01  7.86516239e+01  1.73780083e+01  1.70831883e+02 
 1.77827941e+01  7.86466549e+01  1.77827941e+01  1.70620934e+02 
 1.81970086e+01  7.86414489e+01  1.81970086e+01  1.70405276e+02 
 1.86208714e+01  7.86359949e+01  1.86208714e+01  1.70184817e+02 
 1.90546072e+01  7.86302815e+01  1.90546072e+01  1.69959464e+02 
 1.94984460e+01  7.86242966e+01  1.94984460e+01  1.69729124e+02 
 1.99526231e+01  7.86180278e+01  1.99526231e+01  1.69493702e+02 
 2.04173794e+01  7.86114621e+01  2.04173794e+01  1.69253104e+02 
 2.08929613e+01  7.86045860e+01  2.08929613e+01  1.69007234e+02 
 2.13796209e+01  7.85973855e+01  2.13796209e+01  1.68755996e+02 
 2.18776162e+01  7.85898459e+01  2.18776162e+01  1.68499295e+02 
 2.23872114e+01  7.85819519e+01  2.23872114e+01  1.68237033e+02 
 2.29086765e+01  7.85736879e+01  2.29086765e+01  1.67969116e+02 
 2.34422882e+01  7.85650374e+01  2.34422882e+01  1.67695446e+02 
 2.39883292e+01  7.85559833e+01  2.39883292e+01  1.67415927e+02 
 2.45470892e+01  7.85465080e+01  2.45470892e+01  1.67130464e+02 
 2.51188643e+01  7.85365931e+01  2.51188643e+01  1.66838961e+02 
 2.57039578e+01  7.85262196e+01  2.57039578e+01  1.66541324e+02 
 2.63026799e+01  7.85153678e+01  2.63026799e+01  1.66237458e+02 
 2.69153480e+01  7.85040173e+01  2.69153480e+01  1.65927271e+02 
 2.75422870e+01  7.84921469e+01  2.75422870e+01  1.65610672e+02 
 2.81838293e+01  7.84797348e+01  2.81838293e+01  1.65287568e+02 
 2.88403150e+01  7.84667584e+01  2.88403150e+01  1.64957873e+02 
 2.95120923e+01  7.84531944e+01  2.95120923e+01  1.64621498e+02 
 3.01995172e+01  7.84390186e+01  3.01995172e+01  1.64278358e+02 
 3.09029543e+01  7.84242062e+01  3.09029543e+01  1.63928372e+02 
 3.16227766e+01  7.84087315e+01  3.16227766e+01  1.63571457e+02 
 3.23593657e+01  7.83925679e+01  3.23593657e+01  1.63207538e+02 
 3.31131121e+01  7.83756884e+01  3.31131121e+01  1.62836539e+02 
 3.38844156e+01  7.83580648e+01  3.38844156e+01  1.62458389e+02 
 3.46736850e+01  7.83396682e+01  3.46736850e+01  1.62073021e+02 
 3.54813389e+01  7.83204691e+01  3.54813389e+01  1.61680371e+02 
 3.63078055e+01  7.83004371e+01  3.63078055e+01  1.61280379e+02 
 3.71535229e+01  7.82795407e+01  3.71535229e+01  1.60872991e+02 
 3.80189396e+01  7.82577482e+01  3.80189396e+01  1.60458157e+02 
 3.89045145e+01  7.82350266e+01  3.89045145e+01  1.60035832e+02 
 3.98107171e+01  7.82113425e+01  3.98107171e+01  1.59605977e+02 
 4.07380278e+01  7.81866615e+01  4.07380278e+01  1.59168560e+02 
 4.16869383e+01  7.81609486e+01  4.16869383e+01  1.58723553e+02 
 4.26579519e+01  7.81341681e+01  4.26579519e+01  1.58270936e+02 
 4.36515832e+01  7.81062837e+01  4.36515832e+01  1.57810697e+02 
 4.46683592e+01  7.80772582e+01  4.46683592e+01  1.57342831e+02 
 4.57088190e+01  7.80470540e+01  4.57088190e+01  1.56867339e+02 
 4.67735141e+01  7.80156329e+01  4.67735141e+01  1.56384233e+02 
 4.78630092e+01  7.79829563e+01  4.78630092e+01  1.55893533e+02 
 4.89778819e+01  7.79489848e+01  4.89778819e+01  1.55395266e+02 
 5.01187234e+01  7.79136788e+01  5.01187234e+01  1.54889471e+02 
 5.12861384e+01  7.78769984e+01  5.12861384e+01  1.54376195e+02 
 5.24807460e+01  7.78389033e+01  5.24807460e+01  1.53855496e+02 
 5.37031796e+01  7.77993529e+01  5.37031796e+01  1.53327443e+02 
 5.49540874e+01  7.77583066e+01  5.49540874e+01  1.52792113e+02 
 5.62341325e+01  7.77157235e+01  5.62341325e+01  1.52249598e+02 
 5.75439937e+01  7.76715630e+01  5.75439937e+01  1.51699998e+02 
 5.88843655e+01  7.76257843e+01  5.88843655e+01  1.51143427e+02 
 6.02559586e+01  7.75783470e+01  6.02559586e+01  1.50580008e+02 
 6.16595002e+01  7.75292108e+01  6.16595002e+01  1.50009878e+02 
 6.30957344e+01  7.74783360e+01  6.30957344e+01  1.49433186e+02 
 6.45654229e+01  7.74256831e+01  6.45654229e+01  1.48850092e+02 
 6.60693448e+01  7.73712134e+01  6.60693448e+01  1.48260770e+02 
 6.76082975e+01  7.73148889e+01  6.76082975e+01  1.47665403e+02 
 6.91830971e+01  7.72566722e+01  6.91830971e+01  1.47064190e+02 
 7.07945784e+01  7.71965271e+01  7.07945784e+01  1.46457339e+02 
 7.24435960e+01  7.71344182e+01  7.24435960e+01  1.45845072e+02 
 7.41310241e+01  7.70703113e+01  7.41310241e+01  1.45227621e+02 
 7.58577575e+01  7.70041736e+01  7.58577575e+01  1.44605231e+02 
 7.76247117e+01  7.69359735e+01  7.76247117e+01  1.43978157e+02 
 7.94328235e+01  7.68656810e+01  7.94328235e+01  1.43346665e+02 
 8.12830516e+01  7.67932677e+01  8.12830516e+01  1.42711032e+02 
 8.31763771e+01  7.67187067e+01  8.31763771e+01  1.42071545e+02 
 8.51138038e+01  7.66419731e+01  8.51138038e+01  1.41428498e+02 
 8.70963590e+01  7.65630439e+01  8.70963590e+01  1.40782197e+02 
 8.91250938e+01  7.64818980e+01  8.91250938e+01  1.40132954e+02 
 9.12010839e+01  7.63985163e+01  9.12010839e+01  1.39481089e+02 
 9.33254301e+01  7.63128821e+01  9.33254301e+01  1.38826927e+02 
 9.54992586e+01  7.62249806e+01  9.54992586e+01  1.38170803e+02 
 9.77237221e+01  7.61347994e+01  9.77237221e+01  1.37513054e+02 
 1.00000000e+02  7.60423286e+01  1.00000000e+02  1.36854020e+02 
 1.02329299e+02  7.59475604e+01  1.02329299e+02  1.36194048e+02 
 1.04712855e+02  7.58504895e+01  1.04712855e+02  1.35533484e+02 
 1.07151931e+02  7.57511131e+01  1.07151931e+02  1.34872679e+02 
 1.09647820e+02  7.56494308e+01  1.09647820e+02  1.34211981e+02 
 1.12201845e+02  7.55454444e+01  1.12201845e+02  1.33551741e+02 
 1.14815362e+02  7.54391585e+01  1.14815362e+02  1.32892306e+02 
 1.17489755e+02  7.53305799e+01  1.17489755e+02  1.32234023e+02 
 1.20226443e+02  7.52197178e+01  1.20226443e+02  1.31577235e+02 
 1.23026877e+02  7.51065839e+01  1.23026877e+02  1.30922281e+02 
 1.25892541e+02  7.49911919e+01  1.25892541e+02  1.30269496e+02 
 1.28824955e+02  7.48735579e+01  1.28824955e+02  1.29619208e+02 
 1.31825674e+02  7.47537003e+01  1.31825674e+02  1.28971740e+02 
 1.34896288e+02  7.46316395e+01  1.34896288e+02  1.28327408e+02 
 1.38038426e+02  7.45073977e+01  1.38038426e+02  1.27686518e+02 
 1.41253754e+02  7.43809995e+01  1.41253754e+02  1.27049370e+02 
 1.44543977e+02  7.42524708e+01  1.44543977e+02  1.26416254e+02 
 1.47910839e+02  7.41218397e+01  1.47910839e+02  1.25787450e+02 
 1.51356125e+02  7.39891357e+01  1.51356125e+02  1.25163228e+02 
 1.54881662e+02  7.38543898e+01  1.54881662e+02  1.24543847e+02 
 1.58489319e+02  7.37176346e+01  1.58489319e+02  1.23929555e+02 
 1.62181010e+02  7.35789039e+01  1.62181010e+02  1.23320589e+02 
 1.65958691e+02  7.34382326e+01  1.65958691e+02  1.22717175e+02 
 1.69824365e+02  7.32956569e+01  1.69824365e+02  1.22119526e+02 
 1.73780083e+02  7.31512138e+01  1.73780083e+02  1.21527843e+02 
 1.77827941e+02  7.30049411e+01  1.77827941e+02  1.20942315e+02 
 1.81970086e+02  7.28568775e+01  1.81970086e+02  1.20363118e+02 
 1.86208714e+02  7.27070623e+01  1.86208714e+02  1.19790418e+02 
 1.90546072e+02  7.25555352e+01  1.90546072e+02  1.19224366e+02 
 1.94984460e+02  7.24023365e+01  1.94984460e+02  1.18665102e+02 
 1.99526231e+02  7.22475065e+01  1.99526231e+02  1.18112755e+02 
 2.04173794e+02  7.20910861e+01  2.04173794e+02  1.17567441e+02 
 2.08929613e+02  7.19331160e+01  2.08929613e+02  1.17029264e+02 
 2.13796209e+02  7.17736371e+01  2.13796209e+02  1.16498317e+02 
 2.18776162e+02  7.16126902e+01  2.18776162e+02  1.15974682e+02 
 2.23872114e+02  7.14503159e+01  2.23872114e+02  1.15458430e+02 
 2.29086765e+02  7.12865548e+01  2.29086765e+02  1.14949620e+02 
 2.34422882e+02  7.11214468e+01  2.34422882e+02  1.14448303e+02 
 2.39883292e+02  7.09550319e+01  2.39883292e+02  1.13954519e+02 
 2.45470892e+02  7.07873495e+01  2.45470892e+02  1.13468298e+02 
 2.51188643e+02  7.06184384e+01  2.51188643e+02  1.12989662e+02 
 2.57039578e+02  7.04483370e+01  2.57039578e+02  1.12518622e+02 
 2.63026799e+02  7.02770832e+01  2.63026799e+02  1.12055182e+02 
 2.69153480e+02  7.01047141e+01  2.69153480e+02  1.11599339e+02 
 2.75422870e+02  6.99312664e+01  2.75422870e+02  1.11151080e+02 
 2.81838293e+02  6.97567760e+01  2.81838293e+02  1.10710387e+02 
 2.88403150e+02  6.95812779e+01  2.88403150e+02  1.10277233e+02 
 2.95120923e+02  6.94048067e+01  2.95120923e+02  1.09851586e+02 
 3.01995172e+02  6.92273960e+01  3.01995172e+02  1.09433407e+02 
 3.09029543e+02  6.90490787e+01  3.09029543e+02  1.09022652e+02 
 3.16227766e+02  6.88698870e+01  3.16227766e+02  1.08619271e+02 
 3.23593657e+02  6.86898522e+01  3.23593657e+02  1.08223210e+02 
 3.31131121e+02  6.85090047e+01  3.31131121e+02  1.07834410e+02 
 3.38844156e+02  6.83273743e+01  3.38844156e+02  1.07452806e+02 
 3.46736850e+02  6.81449900e+01  3.46736850e+02  1.07078332e+02 
 3.54813389e+02  6.79618796e+01  3.54813389e+02  1.06710915e+02 
 3.63078055e+02  6.77780706e+01  3.63078055e+02  1.06350482e+02 
 3.71535229e+02  6.75935894e+01  3.71535229e+02  1.05996955e+02 
 3.80189396e+02  6.74084616e+01  3.80189396e+02  1.05650253e+02 
 3.89045145e+02  6.72227121e+01  3.89045145e+02  1.05310295e+02 
 3.98107171e+02  6.70363649e+01  3.98107171e+02  1.04976994e+02 
 4.07380278e+02  6.68494434e+01  4.07380278e+02  1.04650264e+02 
 4.16869383e+02  6.66619701e+01  4.16869383e+02  1.04330016e+02 
 4.26579519e+02  6.64739668e+01  4.26579519e+02  1.04016160e+02 
 4.36515832e+02  6.62854546e+01  4.36515832e+02  1.03708604e+02 
 4.46683592e+02  6.60964537e+01  4.46683592e+02  1.03407256e+02 
 4.57088190e+02  6.59069838e+01  4.57088190e+02  1.03112023e+02 
 4.67735141e+02  6.57170638e+01  4.67735141e+02  1.02822809e+02 
 4.78630092e+02  6.55267120e+01  4.78630092e+02  1.02539521e+02 
 4.89778819e+02  6.53359460e+01  4.89778819e+02  1.02262063e+02 
 5.01187234e+02  6.51447827e+01  5.01187234e+02  1.01990340e+02 
 5.12861384e+02  6.49532386e+01  5.12861384e+02  1.01724256e+02 
 5.24807460e+02  6.47613292e+01  5.24807460e+02  1.01463716e+02 
 5.37031796e+02  6.45690697e+01  5.37031796e+02  1.01208625e+02 
 5.49540874e+02  6.43764748e+01  5.49540874e+02  1.00958886e+02 
 5.62341325e+02  6.41835583e+01  5.62341325e+02  1.00714407e+02 
 5.75439937e+02  6.39903338e+01  5.75439937e+02  1.00475091e+02 
 5.88843655e+02  6.37968142e+01  5.88843655e+02  1.00240846e+02 
 6.02559586e+02  6.36030120e+01  6.02559586e+02  1.00011579e+02 
 6.16595002e+02  6.34089391e+01  6.16595002e+02  9.97871960e+01 
 6.30957344e+02  6.32146069e+01  6.30957344e+02  9.95676066e+01 
 6.45654229e+02  6.30200266e+01  6.45654229e+02  9.93527196e+01 
 6.60693448e+02  6.28252086e+01  6.60693448e+02  9.91424450e+01 
 6.76082975e+02  6.26301632e+01  6.76082975e+02  9.89366938e+01 
 6.91830971e+02  6.24349000e+01  6.91830971e+02  9.87353778e+01 
 7.07945784e+02  6.22394285e+01  7.07945784e+02  9.85384101e+01 
 7.24435960e+02  6.20437575e+01  7.24435960e+02  9.83457045e+01 
 7.41310241e+02  6.18478957e+01  7.41310241e+02  9.81571762e+01 
 7.58577575e+02  6.16518513e+01  7.58577575e+02  9.79727413e+01 
 7.76247117e+02  6.14556322e+01  7.76247117e+02  9.77923172e+01 
 7.94328235e+02  6.12592460e+01  7.94328235e+02  9.76158222e+01 
 8.12830516e+02  6.10626999e+01  8.12830516e+02  9.74431762e+01 
 8.31763771e+02  6.08660009e+01  8.31763771e+02  9.72742999e+01 
 8.51138038e+02  6.06691557e+01  8.51138038e+02  9.71091152e+01 
 8.70963590e+02  6.04721706e+01  8.70963590e+02  9.69475456e+01 
 8.91250938e+02  6.02750517e+01  8.91250938e+02  9.67895154e+01 
 9.12010839e+02  6.00778050e+01  9.12010839e+02  9.66349503e+01 
 9.33254301e+02  5.98804359e+01  9.33254301e+02  9.64837772e+01 
 9.54992586e+02  5.96829498e+01  9.54992586e+02  9.63359242e+01 
 9.77237221e+02  5.94853519e+01  9.77237221e+02  9.61913207e+01 
 1.00000000e+03  5.92876472e+01  1.00000000e+03  9.60498973e+01 
 1.02329299e+03  5.90898402e+01  1.02329299e+03  9.59115857e+01 
 1.04712855e+03  5.88919355e+01  1.04712855e+03  9.57763188e+01 
 1.07151931e+03  5.86939374e+01  1.07151931e+03  9.56440310e+01 
 1.09647820e+03  5.84958500e+01  1.09647820e+03  9.55146576e+01 
 1.12201845e+03  5.82976773e+01  1.12201845e+03  9.53881350e+01 
 1.14815362e+03  5.80994230e+01  1.14815362e+03  9.52644012e+01 
 1.17489755e+03  5.79010908e+01  1.17489755e+03  9.51433949e+01 
 1.20226443e+03  5.77026841e+01  1.20226443e+03  9.50250563e+01 
 1.23026877e+03  5.75042061e+01  1.23026877e+03  9.49093264e+01 
 1.25892541e+03  5.73056601e+01  1.25892541e+03  9.47961477e+01 
 1.28824955e+03  5.71070490e+01  1.28824955e+03  9.46854635e+01 
 1.31825674e+03  5.69083758e+01  1.31825674e+03  9.45772185e+01 
 1.34896288e+03  5.67096432e+01  1.34896288e+03  9.44713580e+01 
 1.38038426e+03  5.65108538e+01  1.38038426e+03  9.43678290e+01 
 1.41253754e+03  5.63120102e+01  1.41253754e+03  9.42665789e+01 
 1.44543977e+03  5.61131148e+01  1.44543977e+03  9.41675567e+01 
 1.47910839e+03  5.59141698e+01  1.47910839e+03  9.40707121e+01 
 1.51356125e+03  5.57151775e+01  1.51356125e+03  9.39759959e+01 
 1.54881662e+03  5.55161400e+01  1.54881662e+03  9.38833599e+01 
 1.58489319e+03  5.53170593e+01  1.58489319e+03  9.37927567e+01 
 1.62181010e+03  5.51179373e+01  1.62181010e+03  9.37041401e+01 
 1.65958691e+03  5.49187759e+01  1.65958691e+03  9.36174647e+01 
 1.69824365e+03  5.47195768e+01  1.69824365e+03  9.35326861e+01 
 1.73780083e+03  5.45203416e+01  1.73780083e+03  9.34497607e+01 
 1.77827941e+03  5.43210721e+01  1.77827941e+03  9.33686459e+01 
 1.81970086e+03  5.41217697e+01  1.81970086e+03  9.32893000e+01 
 1.86208714e+03  5.39224359e+01  1.86208714e+03  9.32116819e+01 
 1.90546072e+03  5.37230721e+01  1.90546072e+03  9.31357516e+01 
 1.94984460e+03  5.35236796e+01  1.94984460e+03  9.30614699e+01 
 1.99526231e+03  5.33242597e+01  1.99526231e+03  9.29887983e+01 
 2.04173794e+03  5.31248136e+01  2.04173794e+03  9.29176991e+01 
 2.08929613e+03  5.29253425e+01  2.08929613e+03  9.28481355e+01 
 2.13796209e+03  5.27258476e+01  2.13796209e+03  9.27800713e+01 
 2.18776162e+03  5.25263298e+01  2.18776162e+03  9.27134712e+01 
 2.23872114e+03  5.23267901e+01  2.23872114e+03  9.26483006e+01 
 2.29086765e+03  5.21272297e+01  2.29086765e+03  9.25845254e+01 
 2.34422882e+03  5.19276493e+01  2.34422882e+03  9.25221124e+01 
 2.39883292e+03  5.17280498e+01  2.39883292e+03  9.24610292e+01 
 2.45470892e+03  5.15284322e+01  2.45470892e+03  9.24012437e+01 
 2.51188643e+03  5.13287972e+01  2.51188643e+03  9.23427249e+01 
 2.57039578e+03  5.11291455e+01  2.57039578e+03  9.22854421e+01 
 2.63026799e+03  5.09294780e+01  2.63026799e+03  9.22293653e+01 
 2.69153480e+03  5.07297953e+01  2.69153480e+03  9.21744651e+01 
 2.75422870e+03  5.05300981e+01  2.75422870e+03  9.21207130e+01 
 2.81838293e+03  5.03303870e+01  2.81838293e+03  9.20680806e+01 
 2.88403150e+03  5.01306626e+01  2.88403150e+03  9.20165403e+01 
 2.95120923e+03  4.99309256e+01  2.95120923e+03  9.19660653e+01 
 3.01995172e+03  4.97311764e+01  3.01995172e+03  9.19166288e+01 
 3.09029543e+03  4.95314157e+01  3.09029543e+03  9.18682051e+01 
 3.16227766e+03  4.93316438e+01  3.16227766e+03  9.18207687e+01 
 3.23593657e+03  4.91318614e+01  3.23593657e+03  9.17742945e+01 
 3.31131121e+03  4.89320688e+01  3.31131121e+03  9.17287583e+01 
 3.38844156e+03  4.87322665e+01  3.38844156e+03  9.16841360e+01 
 3.46736850e+03  4.85324549e+01  3.46736850e+03  9.16404042e+01 
 3.54813389e+03  4.83326344e+01  3.54813389e+03  9.15975398e+01 
 3.63078055e+03  4.81328054e+01  3.63078055e+03  9.15555204e+01 
 3.71535229e+03  4.79329682e+01  3.71535229e+03  9.15143236e+01 
 3.80189396e+03  4.77331233e+01  3.80189396e+03  9.14739280e+01 
 3.89045145e+03  4.75332708e+01  3.89045145e+03  9.14343121e+01 
 3.98107171e+03  4.73334112e+01  3.98107171e+03  9.13954550e+01 
 4.07380278e+03  4.71335448e+01  4.07380278e+03  9.13573364e+01 
 4.16869383e+03  4.69336717e+01  4.16869383e+03  9.13199360e+01 
 4.26579519e+03  4.67337923e+01  4.26579519e+03  9.12832342e+01 
 4.36515832e+03  4.65339069e+01  4.36515832e+03  9.12472116e+01 
 4.46683592e+03  4.63340156e+01  4.46683592e+03  9.12118492e+01 
 4.57088190e+03  4.61341188e+01  4.57088190e+03  9.11771282e+01 
 4.67735141e+03  4.59342166e+01  4.67735141e+03  9.11430305e+01 
 4.78630092e+03  4.57343092e+01  4.78630092e+03  9.11095379e+01 
 4.89778819e+03  4.55343968e+01  4.89778819e+03  9.10766328e+01 
 5.01187234e+03  4.53344797e+01  5.01187234e+03  9.10442979e+01 
 5.12861384e+03  4.51345580e+01  5.12861384e+03  9.10125159e+01 
 5.24807460e+03  4.49346318e+01  5.24807460e+03  9.09812702e+01 
 5.37031796e+03  4.47347013e+01  5.37031796e+03  9.09505442e+01 
 5.49540874e+03  4.45347667e+01  5.49540874e+03  9.09203217e+01 
 5.62341325e+03  4.43348281e+01  5.62341325e+03  9.08905866e+01 
 5.75439937e+03  4.41348857e+01  5.75439937e+03  9.08613234e+01 
 5.88843655e+03  4.39349395e+01  5.88843655e+03  9.08325165e+01 
 6.02559586e+03  4.37349896e+01  6.02559586e+03  9.08041507e+01 
 6.16595002e+03  4.35350363e+01  6.16595002e+03  9.07762110e+01 
 6.30957344e+03  4.33350795e+01  6.30957344e+03  9.07486826e+01 
 6.45654229e+03  4.31351193e+01  6.45654229e+03  9.07215510e+01 
 6.60693448e+03  4.29351560e+01  6.60693448e+03  9.06948018e+01 
 6.76082975e+03  4.27351894e+01  6.76082975e+03  9.06684209e+01 
 6.91830971e+03  4.25352197e+01  6.91830971e+03  9.06423944e+01 
 7.07945784e+03  4.23352470e+01  7.07945784e+03  9.06167084e+01 
 7.24435960e+03  4.21352714e+01  7.24435960e+03  9.05913494e+01 
 7.41310241e+03  4.19352928e+01  7.41310241e+03  9.05663040e+01 
 7.58577575e+03  4.17353113e+01  7.58577575e+03  9.05415589e+01 
 7.76247117e+03  4.15353270e+01  7.76247117e+03  9.05171011e+01 
 7.94328235e+03  4.13353398e+01  7.94328235e+03  9.04929176e+01 
 8.12830516e+03  4.11353499e+01  8.12830516e+03  9.04689957e+01 
 8.31763771e+03  4.09353572e+01  8.31763771e+03  9.04453227e+01 
 8.51138038e+03  4.07353618e+01  8.51138038e+03  9.04218861e+01 
 8.70963590e+03  4.05353636e+01  8.70963590e+03  9.03986735e+01 
 8.91250938e+03  4.03353627e+01  8.91250938e+03  9.03756726e+01 
 9.12010839e+03  4.01353591e+01  9.12010839e+03  9.03528714e+01 
 9.33254301e+03  3.99353527e+01  9.33254301e+03  9.03302577e+01 
 9.54992586e+03  3.97353436e+01  9.54992586e+03  9.03078197e+01 
 9.77237221e+03  3.95353317e+01  9.77237221e+03  9.02855455e+01 
 1.00000000e+04  3.93353170e+01  1.00000000e+04  9.02634232e+01 
 1.02329299e+04  3.91352995e+01  1.02329299e+04  9.02414414e+01 
 1.04712855e+04  3.89352792e+01  1.04712855e+04  9.02195883e+01 
 1.07151931e+04  3.87352559e+01  1.07151931e+04  9.01978525e+01 
 1.09647820e+04  3.85352296e+01  1.09647820e+04  9.01762224e+01 
 1.12201845e+04  3.83352004e+01  1.12201845e+04  9.01546868e+01 
 1.14815362e+04  3.81351681e+01  1.14815362e+04  9.01332343e+01 
 1.17489755e+04  3.79351326e+01  1.17489755e+04  9.01118535e+01 
 1.20226443e+04  3.77350939e+01  1.20226443e+04  9.00905332e+01 
 1.23026877e+04  3.75350520e+01  1.23026877e+04  9.00692622e+01 
 1.25892541e+04  3.73350066e+01  1.25892541e+04  9.00480294e+01 
 1.28824955e+04  3.71349578e+01  1.28824955e+04  9.00268236e+01 
 1.31825674e+04  3.69349054e+01  1.31825674e+04  9.00056336e+01 
 1.34896288e+04  3.67348493e+01  1.34896288e+04  8.99844484e+01 
 1.38038426e+04  3.65347894e+01  1.38038426e+04  8.99632569e+01 
 1.41253754e+04  3.63347255e+01  1.41253754e+04  8.99420479e+01 
 1.44543977e+04  3.61346576e+01  1.44543977e+04  8.99208103e+01 
 1.47910839e+04  3.59345855e+01  1.47910839e+04  8.98995331e+01 
 1.51356125e+04  3.57345091e+01  1.51356125e+04  8.98782052e+01 
 1.54881662e+04  3.55344281e+01  1.54881662e+04  8.98568154e+01 
 1.58489319e+04  3.53343424e+01  1.58489319e+04  8.98353526e+01 
 1.62181010e+04  3.51342519e+01  1.62181010e+04  8.98138055e+01 
 1.65958691e+04  3.49341563e+01  1.65958691e+04  8.97921631e+01 
 1.69824365e+04  3.47340555e+01  1.69824365e+04  8.97704141e+01 
 1.73780083e+04  3.45339492e+01  1.73780083e+04  8.97485471e+01 
 1.77827941e+04  3.43338372e+01  1.77827941e+04  8.97265509e+01 
 1.81970086e+04  3.41337193e+01  1.81970086e+04  8.97044142e+01 
 1.86208714e+04  3.39335953e+01  1.86208714e+04  8.96821254e+01 
 1.90546072e+04  3.37334648e+01  1.90546072e+04  8.96596731e+01 
 1.94984460e+04  3.35333277e+01  1.94984460e+04  8.96370458e+01 
 1.99526231e+04  3.33331835e+01  1.99526231e+04  8.96142319e+01 
 2.04173794e+04  3.31330322e+01  2.04173794e+04  8.95912196e+01 
 2.08929613e+04  3.29328732e+01  2.08929613e+04  8.95679972e+01 
 2.13796209e+04  3.27327063e+01  2.13796209e+04  8.95445529e+01 
 2.18776162e+04  3.25325312e+01  2.18776162e+04  8.95208747e+01 
 2.23872114e+04  3.23323475e+01  2.23872114e+04  8.94969506e+01 
 2.29086765e+04  3.21321548e+01  2.29086765e+04  8.94727686e+01 
 2.34422882e+04  3.19319527e+01  2.34422882e+04  8.94483164e+01 
 2.39883292e+04  3.17317408e+01  2.39883292e+04  8.94235817e+01 
 2.45470892e+04  3.15315186e+01  2.45470892e+04  8.93985521e+01 
 2.51188643e+04  3.13312859e+01  2.51188643e+04  8.93732152e+01 
 2.57039578e+04  3.11310419e+01  2.57039578e+04  8.93475582e+01 
 2.63026799e+04  3.09307863e+01  2.63026799e+04  8.93215684e+01 
 2.69153480e+04  3.07305185e+01  2.69153480e+04  8.92952331e+01 
 2.75422870e+04  3.05302380e+01  2.75422870e+04  8.92685391e+01 
 2.81838293e+04  3.03299443e+01  2.81838293e+04  8.92414735e+01 
 2.88403150e+04  3.01296367e+01  2.88403150e+04  8.92140230e+01 
 2.95120923e+04  2.99293146e+01  2.95120923e+04  8.91861743e+01 
 3.01995172e+04  2.97289773e+01  3.01995172e+04  8.91579139e+01 
 3.09029543e+04  2.95286243e+01  3.09029543e+04  8.91292283e+01 
 3.16227766e+04  2.93282548e+01  3.16227766e+04  8.91001036e+01 
 3.23593657e+04  2.91278680e+01  3.23593657e+04  8.90705261e+01 
 3.31131121e+04  2.89274632e+01  3.31131121e+04  8.90404817e+01 
 3.38844156e+04  2.87270396e+01  3.38844156e+04  8.90099564e+01 
 3.46736850e+04  2.85265963e+01  3.46736850e+04  8.89789359e+01 
 3.54813389e+04  2.83261326e+01  3.54813389e+04  8.89474058e+01 
 3.63078055e+04  2.81256474e+01  3.63078055e+04  8.89153517e+01 
 3.71535229e+04  2.79251399e+01  3.71535229e+04  8.88827588e+01 
 3.80189396e+04  2.77246091e+01  3.80189396e+04  8.88496125e+01 
 3.89045145e+04  2.75240538e+01  3.89045145e+04  8.88158978e+01 
 3.98107171e+04  2.73234732e+01  3.98107171e+04  8.87815998e+01 
 4.07380278e+04  2.71228660e+01  4.07380278e+04  8.87467033e+01 
 4.16869383e+04  2.69222311e+01  4.16869383e+04  8.87111932e+01 
 4.26579519e+04  2.67215673e+01  4.26579519e+04  8.86750541e+01 
 4.36515832e+04  2.65208734e+01  4.36515832e+04  8.86382706e+01 
 4.46683592e+04  2.63201480e+01  4.46683592e+04  8.86008271e+01 
 4.57088190e+04  2.61193898e+01  4.57088190e+04  8.85627081e+01 
 4.67735141e+04  2.59185975e+01  4.67735141e+04  8.85238979e+01 
 4.78630092e+04  2.57177695e+01  4.78630092e+04  8.84843808e+01 
 4.89778819e+04  2.55169043e+01  4.89778819e+04  8.84441409e+01 
 5.01187234e+04  2.53160004e+01  5.01187234e+04  8.84031624e+01 
 5.12861384e+04  2.51150562e+01  5.12861384e+04  8.83614295e+01 
 5.24807460e+04  2.49140699e+01  5.24807460e+04  8.83189261e+01 
 5.37031796e+04  2.47130399e+01  5.37031796e+04  8.82756366e+01 
 5.49540874e+04  2.45119643e+01  5.49540874e+04  8.82315448e+01 
 5.62341325e+04  2.43108413e+01  5.62341325e+04  8.81866350e+01 
 5.75439937e+04  2.41096689e+01  5.75439937e+04  8.81408914e+01 
 5.88843655e+04  2.39084452e+01  5.88843655e+04  8.80942982e+01 
 6.02559586e+04  2.37071680e+01  6.02559586e+04  8.80468397e+01 
 6.16595002e+04  2.35058354e+01  6.16595002e+04  8.79985003e+01 
 6.30957344e+04  2.33044450e+01  6.30957344e+04  8.79492647e+01 
 6.45654229e+04  2.31029947e+01  6.45654229e+04  8.78991176e+01 
 6.60693448e+04  2.29014821e+01  6.60693448e+04  8.78480438e+01 
 6.76082975e+04  2.26999048e+01  6.76082975e+04  8.77960284e+01 
 6.91830971e+04  2.24982604e+01  6.91830971e+04  8.77430569e+01 
 7.07945784e+04  2.22965464e+01  7.07945784e+04  8.76891148e+01 
 7.24435960e+04  2.20947603e+01  7.24435960e+04  8.76341880e+01 
 7.41310241e+04  2.18928992e+01  7.41310241e+04  8.75782628e+01 
 7.58577575e+04  2.16909607e+01  7.58577575e+04  8.75213258e+01 
 7.76247117e+04  2.14889419e+01  7.76247117e+04  8.74633640e+01 
 7.94328235e+04  2.12868400e+01  7.94328235e+04  8.74043649e+01 
 8.12830516e+04  2.10846521e+01  8.12830516e+04  8.73443163e+01 
 8.31763771e+04  2.08823755e+01  8.31763771e+04  8.72832066e+01 
 8.51138038e+04  2.06800070e+01  8.51138038e+04  8.72210250e+01 
 8.70963590e+04  2.04775437e+01  8.70963590e+04  8.71577609e+01 
 8.91250938e+04  2.02749825e+01  8.91250938e+04  8.70934046e+01 
 9.12010839e+04  2.00723205e+01  9.12010839e+04  8.70279469e+01 
 9.33254301e+04  1.98695546e+01  9.33254301e+04  8.69613793e+01 
 9.54992586e+04  1.96666816e+01  9.54992586e+04  8.68936943e+01 
 9.77237221e+04  1.94636984e+01  9.77237221e+04  8.68248849e+01 
 1.00000000e+05  1.92606021e+01  1.00000000e+05  8.67549451e+01 
 1.02329299e+05  1.90573894e+01  1.02329299e+05  8.66838696e+01 
 1.04712855e+05  1.88540573e+01  1.04712855e+05  8.66116542e+01 
 1.07151931e+05  1.86506028e+01  1.07151931e+05  8.65382954e+01 
 1.09647820e+05  1.84470229e+01  1.09647820e+05  8.64637909e+01 
 1.12201845e+05  1.82433147e+01  1.12201845e+05  8.63881391e+01 
 1.14815362e+05  1.80394753e+01  1.14815362e+05  8.63113396e+01 
 1.17489755e+05  1.78355020e+01  1.17489755e+05  8.62333929e+01 
 1.20226443e+05  1.76313921e+01  1.20226443e+05  8.61543008e+01 
 1.23026877e+05  1.74271430e+01  1.23026877e+05  8.60740656e+01 
 1.25892541e+05  1.72227524e+01  1.25892541e+05  8.59926912e+01 
 1.28824955e+05  1.70182180e+01  1.28824955e+05  8.59101821e+01 
 1.31825674e+05  1.68135377e+01  1.31825674e+05  8.58265440e+01 
 1.34896288e+05  1.66087097e+01  1.34896288e+05  8.57417837e+01 
 1.38038426e+05  1.64037321e+01  1.38038426e+05  8.56559087e+01 
 1.41253754e+05  1.61986037e+01  1.41253754e+05  8.55689275e+01 
 1.44543977e+05  1.59933232e+01  1.44543977e+05  8.54808495e+01 
 1.47910839e+05  1.57878897e+01  1.47910839e+05  8.53916848e+01 
 1.51356125e+05  1.55823026e+01  1.51356125e+05  8.53014444e+01 
 1.54881662e+05  1.53765615e+01  1.54881662e+05  8.52101396e+01 
 1.58489319e+05  1.51706665e+01  1.58489319e+05  8.51177825e+01 
 1.62181010e+05  1.49646180e+01  1.62181010e+05  8.50243854e+01 
 1.65958691e+05  1.47584168e+01  1.65958691e+05  8.49299611e+01 
 1.69824365e+05  1.45520640e+01  1.69824365e+05  8.48345223e+01 
 1.73780083e+05  1.43455613e+01  1.73780083e+05  8.47380818e+01 
 1.77827941e+05  1.41389105e+01  1.77827941e+05  8.46406522e+01 
 1.81970086e+05  1.39321143e+01  1.81970086e+05  8.45422457e+01 
 1.86208714e+05  1.37251756e+01  1.86208714e+05  8.44428740e+01 
 1.90546072e+05  1.35180978e+01  1.90546072e+05  8.43425478e+01 
 1.94984460e+05  1.33108847e+01  1.94984460e+05  8.42412772e+01 
 1.99526231e+05  1.31035409e+01  1.99526231e+05  8.41390707e+01 
 2.04173794e+05  1.28960713e+01  2.04173794e+05  8.40359355e+01 
 2.08929613e+05  1.26884812e+01  2.08929613e+05  8.39318773e+01 
 2.13796209e+05  1.24807766e+01  2.13796209e+05  8.38268994e+01 
 2.18776162e+05  1.22729641e+01  2.18776162e+05  8.37210034e+01 
 2.23872114e+05  1.20650505e+01  2.23872114e+05  8.36141881e+01 
 2.29086765e+05  1.18570433e+01  2.29086765e+05  8.35064497e+01 
 2.34422882e+05  1.16489506e+01  2.34422882e+05  8.33977814e+01 
 2.39883292e+05  1.14407807e+01  2.39883292e+05  8.32881732e+01 
 2.45470892e+05  1.12325426e+01  2.45470892e+05  8.31776117e+01 
 2.51188643e+05  1.10242457e+01  2.51188643e+05  8.30660795e+01 
 2.57039578e+05  1.08158996e+01  2.57039578e+05  8.29535555e+01 
 2.63026799e+05  1.06075146e+01  2.63026799e+05  8.28400145e+01 
 2.69153480e+05  1.03991013e+01  2.69153480e+05  8.27254266e+01 
 2.75422870e+05  1.01906705e+01  2.75422870e+05  8.26097576e+01 
 2.81838293e+05  9.98223339e+00  2.81838293e+05  8.24929685e+01 
 2.88403150e+05  9.77380148e+00  2.88403150e+05  8.23750154e+01 
 2.95120923e+05  9.56538650e+00  2.95120923e+05  8.22558492e+01 
 3.01995172e+05  9.35700035e+00  3.01995172e+05  8.21354158e+01 
 3.09029543e+05  9.14865513e+00  3.09029543e+05  8.20136559e+01 
 3.16227766e+05  8.94036307e+00  3.16227766e+05  8.18905048e+01 
 3.23593657e+05  8.73213647e+00  3.23593657e+05  8.17658925e+01 
 3.31131121e+05  8.52398773e+00  3.31131121e+05  8.16397435e+01 
 3.38844156e+05  8.31592922e+00  3.38844156e+05  8.15119771e+01 
 3.46736850e+05  8.10797332e+00  3.46736850e+05  8.13825070e+01 
 3.54813389e+05  7.90013236e+00  3.54813389e+05  8.12512418e+01 
 3.63078055e+05  7.69241859e+00  3.63078055e+05  8.11180848e+01 
 3.71535229e+05  7.48484413e+00  3.71535229e+05  8.09829340e+01 
 3.80189396e+05  7.27742098e+00  3.80189396e+05  8.08456823e+01 
 3.89045145e+05  7.07016096e+00  3.89045145e+05  8.07062180e+01 
 3.98107171e+05  6.86307571e+00  3.98107171e+05  8.05644241e+01 
 4.07380278e+05  6.65617665e+00  4.07380278e+05  8.04201793e+01 
 4.16869383e+05  6.44947500e+00  4.16869383e+05  8.02733573e+01 
 4.26579519e+05  6.24298171e+00  4.26579519e+05  8.01238280e+01 
 4.36515832e+05  6.03670752e+00  4.36515832e+05  7.99714566e+01 
 4.46683592e+05  5.83066289e+00  4.46683592e+05  7.98161045e+01 
 4.57088190e+05  5.62485803e+00  4.57088190e+05  7.96576290e+01 
 4.67735141e+05  5.41930291e+00  4.67735141e+05  7.94958838e+01 
 4.78630092e+05  5.21400724e+00  4.78630092e+05  7.93307191e+01 
 4.89778819e+05  5.00898048e+00  4.89778819e+05  7.91619816e+01 
 5.01187234e+05  4.80423189e+00  5.01187234e+05  7.89895147e+01 
 5.12861384e+05  4.59977049e+00  5.12861384e+05  7.88131587e+01 
 5.24807460e+05  4.39560509e+00  5.24807460e+05  7.86327508e+01 
 5.37031796e+05  4.19174434e+00  5.37031796e+05  7.84481256e+01 
 5.49540874e+05  3.98819672e+00  5.49540874e+05  7.82591145e+01 
 5.62341325e+05  3.78497057e+00  5.62341325e+05  7.80655466e+01 
 5.75439937e+05  3.58207414e+00  5.75439937e+05  7.78672480e+01 
 5.88843655e+05  3.37951559e+00  5.88843655e+05  7.76640425e+01 
 6.02559586e+05  3.17730301e+00  6.02559586e+05  7.74557512e+01 
 6.16595002e+05  2.97544449e+00  6.16595002e+05  7.72421927e+01 
 6.30957344e+05  2.77394813e+00  6.30957344e+05  7.70231832e+01 
 6.45654229e+05  2.57282207e+00  6.45654229e+05  7.67985363e+01 
 6.60693448e+05  2.37207454e+00  6.60693448e+05  7.65680629e+01 
 6.76082975e+05  2.17171387e+00  6.76082975e+05  7.63315715e+01 
 6.91830971e+05  1.97174855e+00  6.91830971e+05  7.60888678e+01 
 7.07945784e+05  1.77218724e+00  7.07945784e+05  7.58397548e+01 
 7.24435960e+05  1.57303885e+00  7.24435960e+05  7.55840325e+01 
 7.41310241e+05  1.37431253e+00  7.41310241e+05  7.53214980e+01 
 7.58577575e+05  1.17601772e+00  7.58577575e+05  7.50519454e+01 
 7.76247117e+05  9.78164206e-01  7.76247117e+05  7.47751653e+01 
 7.94328235e+05  7.80762119e-01  7.94328235e+05  7.44909450e+01 
 8.12830516e+05  5.83822007e-01  8.12830516e+05  7.41990680e+01 
 8.31763771e+05  3.87354845e-01  8.31763771e+05  7.38993141e+01 
 8.51138038e+05  1.91372083e-01  8.51138038e+05  7.35914590e+01 
 8.70963590e+05 -4.11433166e-03  8.70963590e+05  7.32752742e+01 
 8.91250938e+05 -1.99091912e-01  8.91250938e+05  7.29505263e+01 
 9.12010839e+05 -3.93547606e-01  9.12010839e+05  7.26169775e+01 
 9.33254301e+05 -5.87467761e-01  9.33254301e+05  7.22743845e+01 
 9.54992586e+05 -7.80838097e-01  9.54992586e+05  7.19224989e+01 
 9.77237221e+05 -9.73643678e-01  9.77237221e+05  7.15610664e+01 
 1.00000000e+06 -1.16586888e+00  1.00000000e+06  7.11898265e+01 
 1.02329299e+06 -1.35749738e+00  1.02329299e+06  7.08085124e+01 
 1.04712855e+06 -1.54851210e+00  1.04712855e+06  7.04168504e+01 
 1.07151931e+06 -1.73889521e+00  1.07151931e+06  7.00145596e+01 
 1.09647820e+06 -1.92862813e+00  1.09647820e+06  6.96013515e+01 
 1.12201845e+06 -2.11769144e+00  1.12201845e+06  6.91769291e+01 
 1.14815362e+06 -2.30606494e+00  1.14815362e+06  6.87409873e+01 
 1.17489755e+06 -2.49372759e+00  1.17489755e+06  6.82932115e+01 
 1.20226443e+06 -2.68065753e+00  1.20226443e+06  6.78332776e+01 
 1.23026877e+06 -2.86683205e+00  1.23026877e+06  6.73608512e+01 
 1.25892541e+06 -3.05222760e+00  1.25892541e+06  6.68755871e+01 
 1.28824955e+06 -3.23681981e+00  1.28824955e+06  6.63771287e+01 
 1.31825674e+06 -3.42058346e+00  1.31825674e+06  6.58651070e+01 
 1.34896288e+06 -3.60349257e+00  1.34896288e+06  6.53391404e+01 
 1.38038426e+06 -3.78552034e+00  1.38038426e+06  6.47988333e+01 
 1.41253754e+06 -3.96663924e+00  1.41253754e+06  6.42437759e+01 
 1.44543977e+06 -4.14682105e+00  1.44543977e+06  6.36735428e+01 
 1.47910839e+06 -4.32603691e+00  1.47910839e+06  6.30876923e+01 
 1.51356125e+06 -4.50425740e+00  1.51356125e+06  6.24857656e+01 
 1.54881662e+06 -4.68145262e+00  1.54881662e+06  6.18672853e+01 
 1.58489319e+06 -4.85759233e+00  1.58489319e+06  6.12317547e+01 
 1.62181010e+06 -5.03264604e+00  1.62181010e+06  6.05786562e+01 
 1.65958691e+06 -5.20658321e+00  1.65958691e+06  5.99074507e+01 
 1.69824365e+06 -5.37937344e+00  1.69824365e+06  5.92175756e+01 
 1.73780083e+06 -5.55098664e+00  1.73780083e+06  5.85084439e+01 
 1.77827941e+06 -5.72139337e+00  1.77827941e+06  5.77794429e+01 
 1.81970086e+06 -5.89056509e+00  1.81970086e+06  5.70299324e+01 
 1.86208714e+06 -6.05847457e+00  1.86208714e+06  5.62592436e+01 
 1.90546072e+06 -6.22509625e+00  1.90546072e+06  5.54666778e+01 
 1.94984460e+06 -6.39040678e+00  1.94984460e+06  5.46515046e+01 
 1.99526231e+06 -6.55438551e+00  1.99526231e+06  5.38129613e+01 
 2.04173794e+06 -6.71701521e+00  2.04173794e+06  5.29502515e+01 
 2.08929613e+06 -6.87828269e+00  2.08929613e+06  5.20625445e+01 
 2.13796209e+06 -7.03817968e+00  2.13796209e+06  5.11489745e+01 
 2.18776162e+06 -7.19670374e+00  2.18776162e+06  5.02086410e+01 
 2.23872114e+06 -7.35385922e+00  2.23872114e+06  4.92406089e+01 
 2.29086765e+06 -7.50965848e+00  2.29086765e+06  4.82439103e+01 
 2.34422882e+06 -7.66412301e+00  2.34422882e+06  4.72175463e+01 
 2.39883292e+06 -7.81728486e+00  2.39883292e+06  4.61604905e+01 
 2.45470892e+06 -7.96918796e+00  2.45470892e+06  4.50716935e+01 
 2.51188643e+06 -8.11988969e+00  2.51188643e+06  4.39500897e+01 
 2.57039578e+06 -8.26946232e+00  2.57039578e+06  4.27946049e+01 
 2.63026799e+06 -8.41799455e+00  2.63026799e+06  4.16041668e+01 
 2.69153480e+06 -8.56559298e+00  2.69153480e+06  4.03777180e+01 
 2.75422870e+06 -8.71238335e+00  2.75422870e+06  3.91142307e+01 
 2.81838293e+06 -8.85851167e+00  2.81838293e+06  3.78127250e+01 
 2.88403150e+06 -9.00414497e+00  2.88403150e+06  3.64722897e+01 
 2.95120923e+06 -9.14947157e+00  2.95120923e+06  3.50921049e+01 
 3.01995172e+06 -9.29470085e+00  3.01995172e+06  3.36714679e+01 
 3.09029543e+06 -9.44006224e+00  3.09029543e+06  3.22098201e+01 
 3.16227766e+06 -9.58580342e+00  3.16227766e+06  3.07067745e+01 
 3.23593657e+06 -9.73218766e+00  3.23593657e+06  2.91621431e+01 
 3.31131121e+06 -9.87949001e+00  3.31131121e+06  2.75759623e+01 
 3.38844156e+06 -1.00279927e+01  3.38844156e+06  2.59485143e+01 
 3.46736850e+06 -1.01779795e+01  3.46736850e+06  2.42803431e+01 
 3.54813389e+06 -1.03297293e+01  3.54813389e+06  2.25722640e+01 
 3.63078055e+06 -1.04835092e+01  3.63078055e+06  2.08253623e+01 
 3.71535229e+06 -1.06395675e+01  3.71535229e+06  1.90409834e+01 
 3.80189396e+06 -1.07981268e+01  3.80189396e+06  1.72207109e+01 
 3.89045145e+06 -1.09593779e+01  3.89045145e+06  1.53663338e+01 
 3.98107171e+06 -1.11234745e+01  3.98107171e+06  1.34798043e+01 
 4.07380278e+06 -1.12905299e+01  4.07380278e+06  1.15631871e+01 
 4.16869383e+06 -1.14606151e+01  4.16869383e+06  9.61860408e+00 
 4.26579519e+06 -1.16337596e+01  4.26579519e+06  7.64817723e+00 
 4.36515832e+06 -1.18099535e+01  4.36515832e+06  5.65397327e+00 
 4.46683592e+06 -1.19891518e+01  4.46683592e+06  3.63795438e+00 
 4.57088190e+06 -1.21712808e+01  4.57088190e+06  1.60193753e+00 
 4.67735141e+06 -1.23562446e+01  4.67735141e+06 -4.52434870e-01 
 4.78630092e+06 -1.25439335e+01  4.78630092e+06 -2.52371167e+00 
 4.89778819e+06 -1.27342312e+01  4.89778819e+06 -4.61063681e+00 
 5.01187234e+06 -1.29270230e+01  5.01187234e+06 -6.71214080e+00 
 5.12861384e+06 -1.31222017e+01  5.12861384e+06 -8.82732169e+00 
 5.24807460e+06 -1.33196733e+01  5.24807460e+06 -1.09554174e+01 
 5.37031796e+06 -1.35193612e+01  5.37031796e+06 -1.30957725e+01 
 5.49540874e+06 -1.37212087e+01  5.49540874e+06 -1.52478011e+01 
 5.62341325e+06 -1.39251796e+01  5.62341325e+06 -1.74109497e+01 
 5.75439937e+06 -1.41312587e+01  5.75439937e+06 -1.95846614e+01 
 5.88843655e+06 -1.43394495e+01  5.88843655e+06 -2.17683429e+01 
 6.02559586e+06 -1.45497723e+01  6.02559586e+06 -2.39613365e+01 
 6.16595002e+06 -1.47622609e+01  6.16595002e+06 -2.61628981e+01 
 6.30957344e+06 -1.49769586e+01  6.30957344e+06 -2.83721804e+01 
 6.45654229e+06 -1.51939144e+01  6.45654229e+06 -3.05882226e+01 
 6.60693448e+06 -1.54131786e+01  6.60693448e+06 -3.28099466e+01 
 6.76082975e+06 -1.56347994e+01  6.76082975e+06 -3.50361580e+01 
 6.91830971e+06 -1.58588182e+01  6.91830971e+06 -3.72655527e+01 
 7.07945784e+06 -1.60852670e+01  7.07945784e+06 -3.94967275e+01 
 7.24435960e+06 -1.63141649e+01  7.24435960e+06 -4.17281945e+01 
 7.41310241e+06 -1.65455158e+01  7.41310241e+06 -4.39583980e+01 
 7.58577575e+06 -1.67793064e+01  7.58577575e+06 -4.61857338e+01 
 7.76247117e+06 -1.70155050e+01  7.76247117e+06 -4.84085693e+01 
 7.94328235e+06 -1.72540605e+01  7.94328235e+06 -5.06252645e+01 
 8.12830516e+06 -1.74949023e+01  8.12830516e+06 -5.28341925e+01 
 8.31763771e+06 -1.77379404e+01  8.31763771e+06 -5.50337594e+01 
 8.51138038e+06 -1.79830661e+01  8.51138038e+06 -5.72224231e+01 
 8.70963590e+06 -1.82301532e+01  8.70963590e+06 -5.93987100e+01 
 8.91250938e+06 -1.84790595e+01  8.91250938e+06 -6.15612301e+01 
 9.12010839e+06 -1.87296282e+01  9.12010839e+06 -6.37086902e+01 
 9.33254301e+06 -1.89816901e+01  9.33254301e+06 -6.58399035e+01 
 9.54992586e+06 -1.92350653e+01  9.54992586e+06 -6.79537985e+01 
 9.77237221e+06 -1.94895659e+01  9.77237221e+06 -7.00494238e+01 
 1.00000000e+07 -1.97449974e+01  1.00000000e+07 -7.21259521e+01 
 1.02329299e+07 -2.00011615e+01  1.02329299e+07 -7.41826810e+01 
 1.04712855e+07 -2.02578574e+01  1.04712855e+07 -7.62190319e+01 
 1.07151931e+07 -2.05148846e+01  1.07151931e+07 -7.82345479e+01 
 1.09647820e+07 -2.07720439e+01  1.09647820e+07 -8.02288889e+01 
 1.12201845e+07 -2.10291395e+01  1.12201845e+07 -8.22018265e+01 
 1.14815362e+07 -2.12859804e+01  1.14815362e+07 -8.41532371e+01 
 1.17489755e+07 -2.15423815e+01  1.17489755e+07 -8.60830943e+01 
 1.20226443e+07 -2.17981650e+01  1.20226443e+07 -8.79914607e+01 
 1.23026877e+07 -2.20531610e+01  1.23026877e+07 -8.98784795e+01 
 1.25892541e+07 -2.23072086e+01  1.25892541e+07 -9.17443651e+01 
 1.28824955e+07 -2.25601562e+01  1.28824955e+07 -9.35893942e+01 
 1.31825674e+07 -2.28118622e+01  1.31825674e+07 -9.54138971e+01 
 1.34896288e+07 -2.30621953e+01  1.34896288e+07 -9.72182485e+01 
 1.38038426e+07 -2.33110344e+01  1.38038426e+07 -9.90028588e+01 
 1.41253754e+07 -2.35582690e+01  1.41253754e+07 -1.00768166e+02 
 1.44543977e+07 -2.38037990e+01  1.44543977e+07 -1.02514629e+02 
 1.47910839e+07 -2.40475346e+01  1.47910839e+07 -1.04242716e+02 
 1.51356125e+07 -2.42893964e+01  1.51356125e+07 -1.05952904e+02 
 1.54881662e+07 -2.45293147e+01  1.54881662e+07 -1.07645666e+02 
 1.58489319e+07 -2.47672294e+01  1.58489319e+07 -1.09321469e+02 
 1.62181010e+07 -2.50030900e+01  1.62181010e+07 -1.10980768e+02 
 1.65958691e+07 -2.52368546e+01  1.65958691e+07 -1.12623999e+02 
 1.69824365e+07 -2.54684902e+01  1.69824365e+07 -1.14251576e+02 
 1.73780083e+07 -2.56979718e+01  1.73780083e+07 -1.15863889e+02 
 1.77827941e+07 -2.59252820e+01  1.77827941e+07 -1.17461295e+02 
 1.81970086e+07 -2.61504111e+01  1.81970086e+07 -1.19044120e+02 
 1.86208714e+07 -2.63733559e+01  1.86208714e+07 -1.20612656e+02 
 1.90546072e+07 -2.65941200e+01  1.90546072e+07 -1.22167155e+02 
 1.94984460e+07 -2.68127129e+01  1.94984460e+07 -1.23707831e+02 
 1.99526231e+07 -2.70291497e+01  1.99526231e+07 -1.25234856e+02 
 2.04173794e+07 -2.72434509e+01  2.04173794e+07 -1.26748360e+02 
 2.08929613e+07 -2.74556416e+01  2.08929613e+07 -1.28248432e+02 
 2.13796209e+07 -2.76657515e+01  2.13796209e+07 -1.29735114e+02 
 2.18776162e+07 -2.78738142e+01  2.18776162e+07 -1.31208407e+02 
 2.23872114e+07 -2.80798668e+01  2.23872114e+07 -1.32668266e+02 
 2.29086765e+07 -2.82839499e+01  2.29086765e+07 -1.34114604e+02 
 2.34422882e+07 -2.84861068e+01  2.34422882e+07 -1.35547289e+02 
 2.39883292e+07 -2.86863833e+01  2.39883292e+07 -1.36966147e+02 
 2.45470892e+07 -2.88848272e+01  2.45470892e+07 -1.38370962e+02 
 2.51188643e+07 -2.90814882e+01  2.51188643e+07 -1.39761478e+02 
 2.57039578e+07 -2.92764172e+01  2.57039578e+07 -1.41137396e+02 
 2.63026799e+07 -2.94696662e+01  2.63026799e+07 -1.42498383e+02 
 2.69153480e+07 -2.96612877e+01  2.69153480e+07 -1.43844065e+02 
 2.75422870e+07 -2.98513346e+01  2.75422870e+07 -1.45174032e+02 
 2.81838293e+07 -3.00398596e+01  2.81838293e+07 -1.46487843e+02 
 2.88403150e+07 -3.02269148e+01  2.88403150e+07 -1.47785021e+02 
 2.95120923e+07 -3.04125517e+01  2.95120923e+07 -1.49065061e+02 
 3.01995172e+07 -3.05968203e+01  3.01995172e+07 -1.50327426e+02 
 3.09029543e+07 -3.07797691e+01  3.09029543e+07 -1.51571553e+02 
 3.16227766e+07 -3.09614446e+01  3.16227766e+07 -1.52796856e+02 
 3.23593657e+07 -3.11418910e+01  3.23593657e+07 -1.54002723e+02 
 3.31131121e+07 -3.13211496e+01  3.31131121e+07 -1.55188522e+02 
 3.38844156e+07 -3.14992587e+01  3.38844156e+07 -1.56353601e+02 
 3.46736850e+07 -3.16762529e+01  3.46736850e+07 -1.57497292e+02 
 3.54813389e+07 -3.18521631e+01  3.54813389e+07 -1.58618912e+02 
 3.63078055e+07 -3.20270158e+01  3.63078055e+07 -1.59717767e+02 
 3.71535229e+07 -3.22008326e+01  3.71535229e+07 -1.60793149e+02 
 3.80189396e+07 -3.23736303e+01  3.80189396e+07 -1.61844346e+02 
 3.89045145e+07 -3.25454200e+01  3.89045145e+07 -1.62870638e+02 
 3.98107171e+07 -3.27162070e+01  3.98107171e+07 -1.63871305e+02 
 4.07380278e+07 -3.28859904e+01  4.07380278e+07 -1.64845624e+02 
 4.16869383e+07 -3.30547625e+01  4.16869383e+07 -1.65792876e+02 
 4.26579519e+07 -3.32225085e+01  4.26579519e+07 -1.66712347e+02 
 4.36515832e+07 -3.33892064e+01  4.36515832e+07 -1.67603331e+02 
 4.46683592e+07 -3.35548260e+01  4.46683592e+07 -1.68465135e+02 
 4.57088190e+07 -3.37193294e+01  4.57088190e+07 -1.69297078e+02 
 4.67735141e+07 -3.38826698e+01  4.67735141e+07 -1.70098501e+02 
 4.78630092e+07 -3.40447918e+01  4.78630092e+07 -1.70868764e+02 
 4.89778819e+07 -3.42056305e+01  4.89778819e+07 -1.71607257e+02 
 5.01187234e+07 -3.43651120e+01  5.01187234e+07 -1.72313397e+02 
 5.12861384e+07 -3.45231524e+01  5.12861384e+07 -1.72986641e+02 
 5.24807460e+07 -3.46796581e+01  5.24807460e+07 -1.73626483e+02 
 5.37031796e+07 -3.48345252e+01  5.37031796e+07 -1.74232464e+02 
 5.49540874e+07 -3.49876399e+01  5.49540874e+07 -1.74804178e+02 
 5.62341325e+07 -3.51388783e+01  5.62341325e+07 -1.75341277e+02 
 5.75439937e+07 -3.52881064e+01  5.75439937e+07 -1.75843477e+02 
 5.88843655e+07 -3.54351802e+01  5.88843655e+07 -1.76310565e+02 
 6.02559586e+07 -3.55799463e+01  6.02559586e+07 -1.76742407e+02 
 6.16595002e+07 -3.57222420e+01  6.16595002e+07 -1.77138957e+02 
 6.30957344e+07 -3.58618960e+01  6.30957344e+07 -1.77500260e+02 
 6.45654229e+07 -3.59987293e+01  6.45654229e+07 -1.77826465e+02 
 6.60693448e+07 -3.61325559e+01  6.60693448e+07 -1.78117828e+02 
 6.76082975e+07 -3.62631837e+01  6.76082975e+07 -1.78374722e+02 
 6.91830971e+07 -3.63904162e+01  6.91830971e+07 -1.78597646e+02 
 7.07945784e+07 -3.65140539e+01  7.07945784e+07 -1.78787227e+02 
 7.24435960e+07 -3.66338956e+01  7.24435960e+07 -1.78944228e+02 
 7.41310241e+07 -3.67497407e+01  7.41310241e+07 -1.79069555e+02 
 7.58577575e+07 -3.68613910e+01  7.58577575e+07 -1.79164255e+02 
 7.76247117e+07 -3.69686534e+01  7.76247117e+07 -1.79229525e+02 
 7.94328235e+07 -3.70713414e+01  7.94328235e+07 -1.79266708e+02 
 8.12830516e+07 -3.71692786e+01  8.12830516e+07 -1.79277290e+02 
 8.31763771e+07 -3.72623003e+01  8.31763771e+07 -1.79262901e+02 
 8.51138038e+07 -3.73502569e+01  8.51138038e+07 -1.79225304e+02 
 8.70963590e+07 -3.74330158e+01  8.70963590e+07 -1.79166392e+02 
 8.91250938e+07 -3.75104640e+01  8.91250938e+07 -1.79088171e+02 
 9.12010839e+07 -3.75825106e+01  9.12010839e+07 -1.78992750e+02 
 9.33254301e+07 -3.76490884e+01  9.33254301e+07 -1.78882327e+02 
 9.54992586e+07 -3.77101561e+01  9.54992586e+07 -1.78759168e+02 
 9.77237221e+07 -3.77656992e+01  9.77237221e+07 -1.78625590e+02 
 1.00000000e+08 -3.78157313e+01  1.00000000e+08 -1.78483937e+02 
