 1.00000000e+00  6.80537132e+01  1.00000000e+00  1.79451790e+02 
 1.02329299e+00  6.80535394e+01  1.02329299e+00  1.79441227e+02 
 1.04712855e+00  6.80533695e+01  1.04712855e+00  1.79430404e+02 
 1.07151931e+00  6.80532034e+01  1.07151931e+00  1.79419316e+02 
 1.09647820e+00  6.80530412e+01  1.09647820e+00  1.79407954e+02 
 1.12201845e+00  6.80528827e+01  1.12201845e+00  1.79396311e+02 
 1.14815362e+00  6.80527278e+01  1.14815362e+00  1.79384380e+02 
 1.17489755e+00  6.80525764e+01  1.17489755e+00  1.79372151e+02 
 1.20226443e+00  6.80524285e+01  1.20226443e+00  1.79359619e+02 
 1.23026877e+00  6.80522839e+01  1.23026877e+00  1.79346774e+02 
 1.25892541e+00  6.80521426e+01  1.25892541e+00  1.79333608e+02 
 1.28824955e+00  6.80520043e+01  1.28824955e+00  1.79320114e+02 
 1.31825674e+00  6.80518689e+01  1.31825674e+00  1.79306282e+02 
 1.34896288e+00  6.80517365e+01  1.34896288e+00  1.79292105e+02 
 1.38038426e+00  6.80516067e+01  1.38038426e+00  1.79277574e+02 
 1.41253754e+00  6.80514794e+01  1.41253754e+00  1.79262679e+02 
 1.44543977e+00  6.80513546e+01  1.44543977e+00  1.79247412e+02 
 1.47910839e+00  6.80512321e+01  1.47910839e+00  1.79231765e+02 
 1.51356125e+00  6.80511117e+01  1.51356125e+00  1.79215726e+02 
 1.54881662e+00  6.80509932e+01  1.54881662e+00  1.79199288e+02 
 1.58489319e+00  6.80508766e+01  1.58489319e+00  1.79182441e+02 
 1.62181010e+00  6.80507616e+01  1.62181010e+00  1.79165174e+02 
 1.65958691e+00  6.80506481e+01  1.65958691e+00  1.79147478e+02 
 1.69824365e+00  6.80505360e+01  1.69824365e+00  1.79129343e+02 
 1.73780083e+00  6.80504250e+01  1.73780083e+00  1.79110759e+02 
 1.77827941e+00  6.80503150e+01  1.77827941e+00  1.79091714e+02 
 1.81970086e+00  6.80502057e+01  1.81970086e+00  1.79072198e+02 
 1.86208714e+00  6.80500972e+01  1.86208714e+00  1.79052201e+02 
 1.90546072e+00  6.80499891e+01  1.90546072e+00  1.79031710e+02 
 1.94984460e+00  6.80498812e+01  1.94984460e+00  1.79010715e+02 
 1.99526231e+00  6.80497734e+01  1.99526231e+00  1.78989204e+02 
 2.04173794e+00  6.80496656e+01  2.04173794e+00  1.78967165e+02 
 2.08929613e+00  6.80495574e+01  2.08929613e+00  1.78944586e+02 
 2.13796209e+00  6.80494488e+01  2.13796209e+00  1.78921454e+02 
 2.18776162e+00  6.80493394e+01  2.18776162e+00  1.78897757e+02 
 2.23872114e+00  6.80492292e+01  2.23872114e+00  1.78873482e+02 
 2.29086765e+00  6.80491179e+01  2.29086765e+00  1.78848616e+02 
 2.34422882e+00  6.80490052e+01  2.34422882e+00  1.78823144e+02 
 2.39883292e+00  6.80488910e+01  2.39883292e+00  1.78797054e+02 
 2.45470892e+00  6.80487751e+01  2.45470892e+00  1.78770330e+02 
 2.51188643e+00  6.80486571e+01  2.51188643e+00  1.78742959e+02 
 2.57039578e+00  6.80485370e+01  2.57039578e+00  1.78714926e+02 
 2.63026799e+00  6.80484144e+01  2.63026799e+00  1.78686216e+02 
 2.69153480e+00  6.80482891e+01  2.69153480e+00  1.78656813e+02 
 2.75422870e+00  6.80481608e+01  2.75422870e+00  1.78626702e+02 
 2.81838293e+00  6.80480293e+01  2.81838293e+00  1.78595865e+02 
 2.88403150e+00  6.80478944e+01  2.88403150e+00  1.78564288e+02 
 2.95120923e+00  6.80477556e+01  2.95120923e+00  1.78531952e+02 
 3.01995172e+00  6.80476128e+01  3.01995172e+00  1.78498840e+02 
 3.09029543e+00  6.80474657e+01  3.09029543e+00  1.78464935e+02 
 3.16227766e+00  6.80473139e+01  3.16227766e+00  1.78430219e+02 
 3.23593657e+00  6.80471571e+01  3.23593657e+00  1.78394673e+02 
 3.31131121e+00  6.80469950e+01  3.31131121e+00  1.78358279e+02 
 3.38844156e+00  6.80468273e+01  3.38844156e+00  1.78321015e+02 
 3.46736850e+00  6.80466536e+01  3.46736850e+00  1.78282864e+02 
 3.54813389e+00  6.80464735e+01  3.54813389e+00  1.78243804e+02 
 3.63078055e+00  6.80462866e+01  3.63078055e+00  1.78203815e+02 
 3.71535229e+00  6.80460926e+01  3.71535229e+00  1.78162876e+02 
 3.80189396e+00  6.80458911e+01  3.80189396e+00  1.78120964e+02 
 3.89045145e+00  6.80456815e+01  3.89045145e+00  1.78078057e+02 
 3.98107171e+00  6.80454635e+01  3.98107171e+00  1.78034133e+02 
 4.07380278e+00  6.80452367e+01  4.07380278e+00  1.77989169e+02 
 4.16869383e+00  6.80450004e+01  4.16869383e+00  1.77943140e+02 
 4.26579519e+00  6.80447542e+01  4.26579519e+00  1.77896022e+02 
 4.36515832e+00  6.80444976e+01  4.36515832e+00  1.77847789e+02 
 4.46683592e+00  6.80442301e+01  4.46683592e+00  1.77798418e+02 
 4.57088190e+00  6.80439509e+01  4.57088190e+00  1.77747880e+02 
 4.67735141e+00  6.80436597e+01  4.67735141e+00  1.77696150e+02 
 4.78630092e+00  6.80433556e+01  4.78630092e+00  1.77643200e+02 
 4.89778819e+00  6.80430381e+01  4.89778819e+00  1.77589002e+02 
 5.01187234e+00  6.80427064e+01  5.01187234e+00  1.77533528e+02 
 5.12861384e+00  6.80423600e+01  5.12861384e+00  1.77476747e+02 
 5.24807460e+00  6.80419979e+01  5.24807460e+00  1.77418630e+02 
 5.37031796e+00  6.80416194e+01  5.37031796e+00  1.77359147e+02 
 5.49540874e+00  6.80412237e+01  5.49540874e+00  1.77298266e+02 
 5.62341325e+00  6.80408100e+01  5.62341325e+00  1.77235954e+02 
 5.75439937e+00  6.80403773e+01  5.75439937e+00  1.77172179e+02 
 5.88843655e+00  6.80399246e+01  5.88843655e+00  1.77106907e+02 
 6.02559586e+00  6.80394511e+01  6.02559586e+00  1.77040103e+02 
 6.16595002e+00  6.80389556e+01  6.16595002e+00  1.76971734e+02 
 6.30957344e+00  6.80384371e+01  6.30957344e+00  1.76901761e+02 
 6.45654229e+00  6.80378945e+01  6.45654229e+00  1.76830150e+02 
 6.60693448e+00  6.80373265e+01  6.60693448e+00  1.76756861e+02 
 6.76082975e+00  6.80367319e+01  6.76082975e+00  1.76681856e+02 
 6.91830971e+00  6.80361094e+01  6.91830971e+00  1.76605097e+02 
 7.07945784e+00  6.80354576e+01  7.07945784e+00  1.76526542e+02 
 7.24435960e+00  6.80347751e+01  7.24435960e+00  1.76446151e+02 
 7.41310241e+00  6.80340604e+01  7.41310241e+00  1.76363881e+02 
 7.58577575e+00  6.80333119e+01  7.58577575e+00  1.76279689e+02 
 7.76247117e+00  6.80325280e+01  7.76247117e+00  1.76193531e+02 
 7.94328235e+00  6.80317069e+01  7.94328235e+00  1.76105362e+02 
 8.12830516e+00  6.80308468e+01  8.12830516e+00  1.76015137e+02 
 8.31763771e+00  6.80299458e+01  8.31763771e+00  1.75922807e+02 
 8.51138038e+00  6.80290018e+01  8.51138038e+00  1.75828326e+02 
 8.70963590e+00  6.80280129e+01  8.70963590e+00  1.75731643e+02 
 8.91250938e+00  6.80269768e+01  8.91250938e+00  1.75632709e+02 
 9.12010839e+00  6.80258912e+01  9.12010839e+00  1.75531472e+02 
 9.33254301e+00  6.80247537e+01  9.33254301e+00  1.75427880e+02 
 9.54992586e+00  6.80235617e+01  9.54992586e+00  1.75321880e+02 
 9.77237221e+00  6.80223126e+01  9.77237221e+00  1.75213416e+02 
 1.00000000e+01  6.80210036e+01  1.00000000e+01  1.75102433e+02 
 1.02329299e+01  6.80196318e+01  1.02329299e+01  1.74988875e+02 
 1.04712855e+01  6.80181942e+01  1.04712855e+01  1.74872682e+02 
 1.07151931e+01  6.80166874e+01  1.07151931e+01  1.74753795e+02 
 1.09647820e+01  6.80151082e+01  1.09647820e+01  1.74632154e+02 
 1.12201845e+01  6.80134529e+01  1.12201845e+01  1.74507698e+02 
 1.14815362e+01  6.80117180e+01  1.14815362e+01  1.74380362e+02 
 1.17489755e+01  6.80098996e+01  1.17489755e+01  1.74250083e+02 
 1.20226443e+01  6.80079935e+01  1.20226443e+01  1.74116796e+02 
 1.23026877e+01  6.80059955e+01  1.23026877e+01  1.73980433e+02 
 1.25892541e+01  6.80039011e+01  1.25892541e+01  1.73840926e+02 
 1.28824955e+01  6.80017058e+01  1.28824955e+01  1.73698206e+02 
 1.31825674e+01  6.79994045e+01  1.31825674e+01  1.73552203e+02 
 1.34896288e+01  6.79969921e+01  1.34896288e+01  1.73402845e+02 
 1.38038426e+01  6.79944634e+01  1.38038426e+01  1.73250058e+02 
 1.41253754e+01  6.79918126e+01  1.41253754e+01  1.73093768e+02 
 1.44543977e+01  6.79890339e+01  1.44543977e+01  1.72933899e+02 
 1.47910839e+01  6.79861211e+01  1.47910839e+01  1.72770375e+02 
 1.51356125e+01  6.79830678e+01  1.51356125e+01  1.72603117e+02 
 1.54881662e+01  6.79798673e+01  1.54881662e+01  1.72432046e+02 
 1.58489319e+01  6.79765124e+01  1.58489319e+01  1.72257080e+02 
 1.62181010e+01  6.79729959e+01  1.62181010e+01  1.72078139e+02 
 1.65958691e+01  6.79693100e+01  1.65958691e+01  1.71895139e+02 
 1.69824365e+01  6.79654466e+01  1.69824365e+01  1.71707996e+02 
 1.73780083e+01  6.79613975e+01  1.73780083e+01  1.71516624e+02 
 1.77827941e+01  6.79571537e+01  1.77827941e+01  1.71320937e+02 
 1.81970086e+01  6.79527061e+01  1.81970086e+01  1.71120848e+02 
 1.86208714e+01  6.79480452e+01  1.86208714e+01  1.70916267e+02 
 1.90546072e+01  6.79431609e+01  1.90546072e+01  1.70707107e+02 
 1.94984460e+01  6.79380429e+01  1.94984460e+01  1.70493275e+02 
 1.99526231e+01  6.79326803e+01  1.99526231e+01  1.70274681e+02 
 2.04173794e+01  6.79270618e+01  2.04173794e+01  1.70051232e+02 
 2.08929613e+01  6.79211756e+01  2.08929613e+01  1.69822836e+02 
 2.13796209e+01  6.79150093e+01  2.13796209e+01  1.69589400e+02 
 2.18776162e+01  6.79085503e+01  2.18776162e+01  1.69350829e+02 
 2.23872114e+01  6.79017852e+01  2.23872114e+01  1.69107028e+02 
 2.29086765e+01  6.78947001e+01  2.29086765e+01  1.68857902e+02 
 2.34422882e+01  6.78872807e+01  2.34422882e+01  1.68603357e+02 
 2.39883292e+01  6.78795121e+01  2.39883292e+01  1.68343296e+02 
 2.45470892e+01  6.78713785e+01  2.45470892e+01  1.68077624e+02 
 2.51188643e+01  6.78628640e+01  2.51188643e+01  1.67806244e+02 
 2.57039578e+01  6.78539517e+01  2.57039578e+01  1.67529062e+02 
 2.63026799e+01  6.78446242e+01  2.63026799e+01  1.67245983e+02 
 2.69153480e+01  6.78348636e+01  2.69153480e+01  1.66956910e+02 
 2.75422870e+01  6.78246510e+01  2.75422870e+01  1.66661750e+02 
 2.81838293e+01  6.78139672e+01  2.81838293e+01  1.66360408e+02 
 2.88403150e+01  6.78027920e+01  2.88403150e+01  1.66052794e+02 
 2.95120923e+01  6.77911046e+01  2.95120923e+01  1.65738813e+02 
 3.01995172e+01  6.77788837e+01  3.01995172e+01  1.65418377e+02 
 3.09029543e+01  6.77661069e+01  3.09029543e+01  1.65091395e+02 
 3.16227766e+01  6.77527513e+01  3.16227766e+01  1.64757782e+02 
 3.23593657e+01  6.77387932e+01  3.23593657e+01  1.64417450e+02 
 3.31131121e+01  6.77242080e+01  3.31131121e+01  1.64070317e+02 
 3.38844156e+01  6.77089706e+01  3.38844156e+01  1.63716302e+02 
 3.46736850e+01  6.76930548e+01  3.46736850e+01  1.63355326e+02 
 3.54813389e+01  6.76764339e+01  3.54813389e+01  1.62987314e+02 
 3.63078055e+01  6.76590802e+01  3.63078055e+01  1.62612194e+02 
 3.71535229e+01  6.76409653e+01  3.71535229e+01  1.62229896e+02 
 3.80189396e+01  6.76220600e+01  3.80189396e+01  1.61840356e+02 
 3.89045145e+01  6.76023343e+01  3.89045145e+01  1.61443512e+02 
 3.98107171e+01  6.75817573e+01  3.98107171e+01  1.61039308e+02 
 4.07380278e+01  6.75602976e+01  4.07380278e+01  1.60627692e+02 
 4.16869383e+01  6.75379226e+01  4.16869383e+01  1.60208617e+02 
 4.26579519e+01  6.75145993e+01  4.26579519e+01  1.59782042e+02 
 4.36515832e+01  6.74902937e+01  4.36515832e+01  1.59347930e+02 
 4.46683592e+01  6.74649713e+01  4.46683592e+01  1.58906253e+02 
 4.57088190e+01  6.74385967e+01  4.57088190e+01  1.58456988e+02 
 4.67735141e+01  6.74111339e+01  4.67735141e+01  1.58000118e+02 
 4.78630092e+01  6.73825462e+01  4.78630092e+01  1.57535635e+02 
 4.89778819e+01  6.73527962e+01  4.89778819e+01  1.57063538e+02 
 5.01187234e+01  6.73218461e+01  5.01187234e+01  1.56583833e+02 
 5.12861384e+01  6.72896574e+01  5.12861384e+01  1.56096538e+02 
 5.24807460e+01  6.72561912e+01  5.24807460e+01  1.55601675e+02 
 5.37031796e+01  6.72214080e+01  5.37031796e+01  1.55099279e+02 
 5.49540874e+01  6.71852681e+01  5.49540874e+01  1.54589393e+02 
 5.62341325e+01  6.71477314e+01  5.62341325e+01  1.54072070e+02 
 5.75439937e+01  6.71087574e+01  5.75439937e+01  1.53547373e+02 
 5.88843655e+01  6.70683056e+01  5.88843655e+01  1.53015377e+02 
 6.02559586e+01  6.70263352e+01  6.02559586e+01  1.52476166e+02 
 6.16595002e+01  6.69828056e+01  6.16595002e+01  1.51929836e+02 
 6.30957344e+01  6.69376760e+01  6.30957344e+01  1.51376496e+02 
 6.45654229e+01  6.68909059e+01  6.45654229e+01  1.50816264e+02 
 6.60693448e+01  6.68424550e+01  6.60693448e+01  1.50249271e+02 
 6.76082975e+01  6.67922833e+01  6.76082975e+01  1.49675661e+02 
 6.91830971e+01  6.67403512e+01  6.91830971e+01  1.49095589e+02 
 7.07945784e+01  6.66866197e+01  7.07945784e+01  1.48509221e+02 
 7.24435960e+01  6.66310505e+01  7.24435960e+01  1.47916739e+02 
 7.41310241e+01  6.65736059e+01  7.41310241e+01  1.47318332e+02 
 7.58577575e+01  6.65142491e+01  7.58577575e+01  1.46714206e+02 
 7.76247117e+01  6.64529445e+01  7.76247117e+01  1.46104576e+02 
 7.94328235e+01  6.63896574e+01  7.94328235e+01  1.45489670e+02 
 8.12830516e+01  6.63243542e+01  8.12830516e+01  1.44869726e+02 
 8.31763771e+01  6.62570029e+01  8.31763771e+01  1.44244996e+02 
 8.51138038e+01  6.61875728e+01  8.51138038e+01  1.43615742e+02 
 8.70963590e+01  6.61160347e+01  8.70963590e+01  1.42982234e+02 
 8.91250938e+01  6.60423611e+01  8.91250938e+01  1.42344756e+02 
 9.12010839e+01  6.59665262e+01  9.12010839e+01  1.41703598e+02 
 9.33254301e+01  6.58885063e+01  9.33254301e+01  1.41059062e+02 
 9.54992586e+01  6.58082793e+01  9.54992586e+01  1.40411457e+02 
 9.77237221e+01  6.57258253e+01  9.77237221e+01  1.39761099e+02 
 1.00000000e+02  6.56411264e+01  1.00000000e+02  1.39108312e+02 
 1.02329299e+02  6.55541672e+01  1.02329299e+02  1.38453427e+02 
 1.04712855e+02  6.54649342e+01  1.04712855e+02  1.37796778e+02 
 1.07151931e+02  6.53734163e+01  1.07151931e+02  1.37138706e+02 
 1.09647820e+02  6.52796048e+01  1.09647820e+02  1.36479554e+02 
 1.12201845e+02  6.51834935e+01  1.12201845e+02  1.35819669e+02 
 1.14815362e+02  6.50850782e+01  1.14815362e+02  1.35159401e+02 
 1.17489755e+02  6.49843576e+01  1.17489755e+02  1.34499097e+02 
 1.20226443e+02  6.48813327e+01  1.20226443e+02  1.33839109e+02 
 1.23026877e+02  6.47760067e+01  1.23026877e+02  1.33179785e+02 
 1.25892541e+02  6.46683855e+01  1.25892541e+02  1.32521473e+02 
 1.28824955e+02  6.45584773e+01  1.28824955e+02  1.31864516e+02 
 1.31825674e+02  6.44462926e+01  1.31825674e+02  1.31209257e+02 
 1.34896288e+02  6.43318443e+01  1.34896288e+02  1.30556032e+02 
 1.38038426e+02  6.42151476e+01  1.38038426e+02  1.29905172e+02 
 1.41253754e+02  6.40962198e+01  1.41253754e+02  1.29257004e+02 
 1.44543977e+02  6.39750803e+01  1.44543977e+02  1.28611844e+02 
 1.47910839e+02  6.38517508e+01  1.47910839e+02  1.27970005e+02 
 1.51356125e+02  6.37262546e+01  1.51356125e+02  1.27331790e+02 
 1.54881662e+02  6.35986172e+01  1.54881662e+02  1.26697492e+02 
 1.58489319e+02  6.34688658e+01  1.58489319e+02  1.26067397e+02 
 1.62181010e+02  6.33370292e+01  1.62181010e+02  1.25441777e+02 
 1.65958691e+02  6.32031377e+01  1.65958691e+02  1.24820899e+02 
 1.69824365e+02  6.30672234e+01  1.69824365e+02  1.24205014e+02 
 1.73780083e+02  6.29293195e+01  1.73780083e+02  1.23594366e+02 
 1.77827941e+02  6.27894604e+01  1.77827941e+02  1.22989184e+02 
 1.81970086e+02  6.26476817e+01  1.81970086e+02  1.22389686e+02 
 1.86208714e+02  6.25040202e+01  1.86208714e+02  1.21796081e+02 
 1.90546072e+02  6.23585132e+01  1.90546072e+02  1.21208561e+02 
 1.94984460e+02  6.22111992e+01  1.94984460e+02  1.20627310e+02 
 1.99526231e+02  6.20621171e+01  1.99526231e+02  1.20052497e+02 
 2.04173794e+02  6.19113065e+01  2.04173794e+02  1.19484281e+02 
 2.08929613e+02  6.17588074e+01  2.08929613e+02  1.18922806e+02 
 2.13796209e+02  6.16046601e+01  2.13796209e+02  1.18368206e+02 
 2.18776162e+02  6.14489052e+01  2.18776162e+02  1.17820603e+02 
 2.23872114e+02  6.12915836e+01  2.23872114e+02  1.17280106e+02 
 2.29086765e+02  6.11327361e+01  2.29086765e+02  1.16746813e+02 
 2.34422882e+02  6.09724035e+01  2.34422882e+02  1.16220812e+02 
 2.39883292e+02  6.08106265e+01  2.39883292e+02  1.15702179e+02 
 2.45470892e+02  6.06474457e+01  2.45470892e+02  1.15190977e+02 
 2.51188643e+02  6.04829012e+01  2.51188643e+02  1.14687262e+02 
 2.57039578e+02  6.03170332e+01  2.57039578e+02  1.14191079e+02 
 2.63026799e+02  6.01498810e+01  2.63026799e+02  1.13702462e+02 
 2.69153480e+02  5.99814839e+01  2.69153480e+02  1.13221436e+02 
 2.75422870e+02  5.98118805e+01  2.75422870e+02  1.12748019e+02 
 2.81838293e+02  5.96411088e+01  2.81838293e+02  1.12282218e+02 
 2.88403150e+02  5.94692063e+01  2.88403150e+02  1.11824032e+02 
 2.95120923e+02  5.92962098e+01  2.95120923e+02  1.11373454e+02 
 3.01995172e+02  5.91221555e+01  3.01995172e+02  1.10930468e+02 
 3.09029543e+02  5.89470789e+01  3.09029543e+02  1.10495051e+02 
 3.16227766e+02  5.87710147e+01  3.16227766e+02  1.10067174e+02 
 3.23593657e+02  5.85939970e+01  3.23593657e+02  1.09646801e+02 
 3.31131121e+02  5.84160589e+01  3.31131121e+02  1.09233891e+02 
 3.38844156e+02  5.82372330e+01  3.38844156e+02  1.08828397e+02 
 3.46736850e+02  5.80575508e+01  3.46736850e+02  1.08430268e+02 
 3.54813389e+02  5.78770432e+01  3.54813389e+02  1.08039445e+02 
 3.63078055e+02  5.76957404e+01  3.63078055e+02  1.07655869e+02 
 3.71535229e+02  5.75136714e+01  3.71535229e+02  1.07279473e+02 
 3.80189396e+02  5.73308647e+01  3.80189396e+02  1.06910188e+02 
 3.89045145e+02  5.71473480e+01  3.89045145e+02  1.06547943e+02 
 3.98107171e+02  5.69631480e+01  3.98107171e+02  1.06192660e+02 
 4.07380278e+02  5.67782907e+01  4.07380278e+02  1.05844263e+02 
 4.16869383e+02  5.65928013e+01  4.16869383e+02  1.05502668e+02 
 4.26579519e+02  5.64067042e+01  4.26579519e+02  1.05167794e+02 
 4.36515832e+02  5.62200231e+01  4.36515832e+02  1.04839555e+02 
 4.46683592e+02  5.60327807e+01  4.46683592e+02  1.04517862e+02 
 4.57088190e+02  5.58449992e+01  4.57088190e+02  1.04202628e+02 
 4.67735141e+02  5.56567000e+01  4.67735141e+02  1.03893762e+02 
 4.78630092e+02  5.54679037e+01  4.78630092e+02  1.03591172e+02 
 4.89778819e+02  5.52786302e+01  4.89778819e+02  1.03294767e+02 
 5.01187234e+02  5.50888988e+01  5.01187234e+02  1.03004453e+02 
 5.12861384e+02  5.48987279e+01  5.12861384e+02  1.02720136e+02 
 5.24807460e+02  5.47081354e+01  5.24807460e+02  1.02441721e+02 
 5.37031796e+02  5.45171387e+01  5.37031796e+02  1.02169116e+02 
 5.49540874e+02  5.43257542e+01  5.49540874e+02  1.01902224e+02 
 5.62341325e+02  5.41339979e+01  5.62341325e+02  1.01640951e+02 
 5.75439937e+02  5.39418853e+01  5.75439937e+02  1.01385203e+02 
 5.88843655e+02  5.37494312e+01  5.88843655e+02  1.01134885e+02 
 6.02559586e+02  5.35566497e+01  6.02559586e+02  1.00889903e+02 
 6.16595002e+02  5.33635546e+01  6.16595002e+02  1.00650164e+02 
 6.30957344e+02  5.31701591e+01  6.30957344e+02  1.00415575e+02 
 6.45654229e+02  5.29764757e+01  6.45654229e+02  1.00186042e+02 
 6.60693448e+02  5.27825167e+01  6.60693448e+02  9.99614748e+01 
 6.76082975e+02  5.25882937e+01  6.76082975e+02  9.97417818e+01 
 6.91830971e+02  5.23938180e+01  6.91830971e+02  9.95268729e+01 
 7.07945784e+02  5.21991002e+01  7.07945784e+02  9.93166588e+01 
 7.24435960e+02  5.20041508e+01  7.24435960e+02  9.91110511e+01 
 7.41310241e+02  5.18089796e+01  7.41310241e+02  9.89099623e+01 
 7.58577575e+02  5.16135962e+01  7.58577575e+02  9.87133060e+01 
 7.76247117e+02  5.14180097e+01  7.76247117e+02  9.85209971e+01 
 7.94328235e+02  5.12222288e+01  7.94328235e+02  9.83329511e+01 
 8.12830516e+02  5.10262620e+01  8.12830516e+02  9.81490850e+01 
 8.31763771e+02  5.08301172e+01  8.31763771e+02  9.79693169e+01 
 8.51138038e+02  5.06338022e+01  8.51138038e+02  9.77935660e+01 
 8.70963590e+02  5.04373244e+01  8.70963590e+02  9.76217527e+01 
 8.91250938e+02  5.02406909e+01  8.91250938e+02  9.74537986e+01 
 9.12010839e+02  5.00439083e+01  9.12010839e+02  9.72896265e+01 
 9.33254301e+02  4.98469834e+01  9.33254301e+02  9.71291607e+01 
 9.54992586e+02  4.96499222e+01  9.54992586e+02  9.69723263e+01 
 9.77237221e+02  4.94527307e+01  9.77237221e+02  9.68190501e+01 
 1.00000000e+03  4.92554146e+01  1.00000000e+03  9.66692598e+01 
 1.02329299e+03  4.90579795e+01  1.02329299e+03  9.65228845e+01 
 1.04712855e+03  4.88604305e+01  1.04712855e+03  9.63798545e+01 
 1.07151931e+03  4.86627726e+01  1.07151931e+03  9.62401016e+01 
 1.09647820e+03  4.84650107e+01  1.09647820e+03  9.61035585e+01 
 1.12201845e+03  4.82671493e+01  1.12201845e+03  9.59701594e+01 
 1.14815362e+03  4.80691928e+01  1.14815362e+03  9.58398396e+01 
 1.17489755e+03  4.78711454e+01  1.17489755e+03  9.57125356e+01 
 1.20226443e+03  4.76730112e+01  1.20226443e+03  9.55881854e+01 
 1.23026877e+03  4.74747940e+01  1.23026877e+03  9.54667279e+01 
 1.25892541e+03  4.72764974e+01  1.25892541e+03  9.53481033e+01 
 1.28824955e+03  4.70781251e+01  1.28824955e+03  9.52322532e+01 
 1.31825674e+03  4.68796803e+01  1.31825674e+03  9.51191201e+01 
 1.34896288e+03  4.66811663e+01  1.34896288e+03  9.50086478e+01 
 1.38038426e+03  4.64825862e+01  1.38038426e+03  9.49007813e+01 
 1.41253754e+03  4.62839429e+01  1.41253754e+03  9.47954667e+01 
 1.44543977e+03  4.60852392e+01  1.44543977e+03  9.46926512e+01 
 1.47910839e+03  4.58864779e+01  1.47910839e+03  9.45922832e+01 
 1.51356125e+03  4.56876615e+01  1.51356125e+03  9.44943122e+01 
 1.54881662e+03  4.54887924e+01  1.54881662e+03  9.43986887e+01 
 1.58489319e+03  4.52898731e+01  1.58489319e+03  9.43053645e+01 
 1.62181010e+03  4.50909058e+01  1.62181010e+03  9.42142921e+01 
 1.65958691e+03  4.48918926e+01  1.65958691e+03  9.41254254e+01 
 1.69824365e+03  4.46928357e+01  1.69824365e+03  9.40387191e+01 
 1.73780083e+03  4.44937369e+01  1.73780083e+03  9.39541291e+01 
 1.77827941e+03  4.42945982e+01  1.77827941e+03  9.38716121e+01 
 1.81970086e+03  4.40954214e+01  1.81970086e+03  9.37911261e+01 
 1.86208714e+03  4.38962082e+01  1.86208714e+03  9.37126296e+01 
 1.90546072e+03  4.36969603e+01  1.90546072e+03  9.36360826e+01 
 1.94984460e+03  4.34976791e+01  1.94984460e+03  9.35614457e+01 
 1.99526231e+03  4.32983663e+01  1.99526231e+03  9.34886805e+01 
 2.04173794e+03  4.30990233e+01  2.04173794e+03  9.34177494e+01 
 2.08929613e+03  4.28996515e+01  2.08929613e+03  9.33486160e+01 
 2.13796209e+03  4.27002521e+01  2.13796209e+03  9.32812445e+01 
 2.18776162e+03  4.25008264e+01  2.18776162e+03  9.32156001e+01 
 2.23872114e+03  4.23013758e+01  2.23872114e+03  9.31516489e+01 
 2.29086765e+03  4.21019012e+01  2.29086765e+03  9.30893577e+01 
 2.34422882e+03  4.19024038e+01  2.34422882e+03  9.30286942e+01 
 2.39883292e+03  4.17028847e+01  2.39883292e+03  9.29696270e+01 
 2.45470892e+03  4.15033449e+01  2.45470892e+03  9.29121253e+01 
 2.51188643e+03  4.13037854e+01  2.51188643e+03  9.28561593e+01 
 2.57039578e+03  4.11042070e+01  2.57039578e+03  9.28016998e+01 
 2.63026799e+03  4.09046107e+01  2.63026799e+03  9.27487185e+01 
 2.69153480e+03  4.07049973e+01  2.69153480e+03  9.26971878e+01 
 2.75422870e+03  4.05053676e+01  2.75422870e+03  9.26470808e+01 
 2.81838293e+03  4.03057225e+01  2.81838293e+03  9.25983713e+01 
 2.88403150e+03  4.01060627e+01  2.88403150e+03  9.25510340e+01 
 2.95120923e+03  3.99063888e+01  2.95120923e+03  9.25050440e+01 
 3.01995172e+03  3.97067016e+01  3.01995172e+03  9.24603773e+01 
 3.09029543e+03  3.95070017e+01  3.09029543e+03  9.24170107e+01 
 3.16227766e+03  3.93072899e+01  3.16227766e+03  9.23749213e+01 
 3.23593657e+03  3.91075665e+01  3.23593657e+03  9.23340871e+01 
 3.31131121e+03  3.89078324e+01  3.31131121e+03  9.22944868e+01 
 3.38844156e+03  3.87080880e+01  3.38844156e+03  9.22560995e+01 
 3.46736850e+03  3.85083338e+01  3.46736850e+03  9.22189052e+01 
 3.54813389e+03  3.83085704e+01  3.54813389e+03  9.21828843e+01 
 3.63078055e+03  3.81087984e+01  3.63078055e+03  9.21480179e+01 
 3.71535229e+03  3.79090180e+01  3.71535229e+03  9.21142878e+01 
 3.80189396e+03  3.77092300e+01  3.80189396e+03  9.20816761e+01 
 3.89045145e+03  3.75094346e+01  3.89045145e+03  9.20501658e+01 
 3.98107171e+03  3.73096323e+01  3.98107171e+03  9.20197402e+01 
 4.07380278e+03  3.71098235e+01  4.07380278e+03  9.19903835e+01 
 4.16869383e+03  3.69100087e+01  4.16869383e+03  9.19620801e+01 
 4.26579519e+03  3.67101882e+01  4.26579519e+03  9.19348151e+01 
 4.36515832e+03  3.65103624e+01  4.36515832e+03  9.19085742e+01 
 4.46683592e+03  3.63105317e+01  4.46683592e+03  9.18833436e+01 
 4.57088190e+03  3.61106965e+01  4.57088190e+03  9.18591099e+01 
 4.67735141e+03  3.59108570e+01  4.67735141e+03  9.18358605e+01 
 4.78630092e+03  3.57110136e+01  4.78630092e+03  9.18135830e+01 
 4.89778819e+03  3.55111667e+01  4.89778819e+03  9.17922657e+01 
 5.01187234e+03  3.53113166e+01  5.01187234e+03  9.17718974e+01 
 5.12861384e+03  3.51114636e+01  5.12861384e+03  9.17524673e+01 
 5.24807460e+03  3.49116080e+01  5.24807460e+03  9.17339651e+01 
 5.37031796e+03  3.47117501e+01  5.37031796e+03  9.17163811e+01 
 5.49540874e+03  3.45118902e+01  5.49540874e+03  9.16997060e+01 
 5.62341325e+03  3.43120287e+01  5.62341325e+03  9.16839310e+01 
 5.75439937e+03  3.41121657e+01  5.75439937e+03  9.16690476e+01 
 5.88843655e+03  3.39123017e+01  5.88843655e+03  9.16550482e+01 
 6.02559586e+03  3.37124368e+01  6.02559586e+03  9.16419252e+01 
 6.16595002e+03  3.35125714e+01  6.16595002e+03  9.16296717e+01 
 6.30957344e+03  3.33127058e+01  6.30957344e+03  9.16182812e+01 
 6.45654229e+03  3.31128402e+01  6.45654229e+03  9.16077476e+01 
 6.60693448e+03  3.29129749e+01  6.60693448e+03  9.15980654e+01 
 6.76082975e+03  3.27131102e+01  6.76082975e+03  9.15892294e+01 
 6.91830971e+03  3.25132465e+01  6.91830971e+03  9.15812349e+01 
 7.07945784e+03  3.23133839e+01  7.07945784e+03  9.15740777e+01 
 7.24435960e+03  3.21135228e+01  7.24435960e+03  9.15677539e+01 
 7.41310241e+03  3.19136635e+01  7.41310241e+03  9.15622601e+01 
 7.58577575e+03  3.17138062e+01  7.58577575e+03  9.15575934e+01 
 7.76247117e+03  3.15139514e+01  7.76247117e+03  9.15537513e+01 
 7.94328235e+03  3.13140992e+01  7.94328235e+03  9.15507316e+01 
 8.12830516e+03  3.11142500e+01  8.12830516e+03  9.15485327e+01 
 8.31763771e+03  3.09144041e+01  8.31763771e+03  9.15471534e+01 
 8.51138038e+03  3.07145618e+01  8.51138038e+03  9.15465929e+01 
 8.70963590e+03  3.05147236e+01  8.70963590e+03  9.15468508e+01 
 8.91250938e+03  3.03148896e+01  8.91250938e+03  9.15479270e+01 
 9.12010839e+03  3.01150603e+01  9.12010839e+03  9.15498222e+01 
 9.33254301e+03  2.99152360e+01  9.33254301e+03  9.15525372e+01 
 9.54992586e+03  2.97154172e+01  9.54992586e+03  9.15560734e+01 
 9.77237221e+03  2.95156041e+01  9.77237221e+03  9.15604324e+01 
 1.00000000e+04  2.93157972e+01  1.00000000e+04  9.15656164e+01 
 1.02329299e+04  2.91159969e+01  1.02329299e+04  9.15716282e+01 
 1.04712855e+04  2.89162036e+01  1.04712855e+04  9.15784706e+01 
 1.07151931e+04  2.87164177e+01  1.07151931e+04  9.15861471e+01 
 1.09647820e+04  2.85166397e+01  1.09647820e+04  9.15946617e+01 
 1.12201845e+04  2.83168701e+01  1.12201845e+04  9.16040187e+01 
 1.14815362e+04  2.81171094e+01  1.14815362e+04  9.16142227e+01 
 1.17489755e+04  2.79173580e+01  1.17489755e+04  9.16252790e+01 
 1.20226443e+04  2.77176165e+01  1.20226443e+04  9.16371932e+01 
 1.23026877e+04  2.75178855e+01  1.23026877e+04  9.16499714e+01 
 1.25892541e+04  2.73181654e+01  1.25892541e+04  9.16636200e+01 
 1.28824955e+04  2.71184570e+01  1.28824955e+04  9.16781460e+01 
 1.31825674e+04  2.69187607e+01  1.31825674e+04  9.16935567e+01 
 1.34896288e+04  2.67190773e+01  1.34896288e+04  9.17098600e+01 
 1.38038426e+04  2.65194074e+01  1.38038426e+04  9.17270641e+01 
 1.41253754e+04  2.63197517e+01  1.41253754e+04  9.17451778e+01 
 1.44543977e+04  2.61201110e+01  1.44543977e+04  9.17642102e+01 
 1.47910839e+04  2.59204859e+01  1.47910839e+04  9.17841709e+01 
 1.51356125e+04  2.57208774e+01  1.51356125e+04  9.18050701e+01 
 1.54881662e+04  2.55212861e+01  1.54881662e+04  9.18269183e+01 
 1.58489319e+04  2.53217130e+01  1.58489319e+04  9.18497264e+01 
 1.62181010e+04  2.51221590e+01  1.62181010e+04  9.18735061e+01 
 1.65958691e+04  2.49226250e+01  1.65958691e+04  9.18982692e+01 
 1.69824365e+04  2.47231119e+01  1.69824365e+04  9.19240281e+01 
 1.73780083e+04  2.45236209e+01  1.73780083e+04  9.19507958e+01 
 1.77827941e+04  2.43241530e+01  1.77827941e+04  9.19785856e+01 
 1.81970086e+04  2.41247093e+01  1.81970086e+04  9.20074114e+01 
 1.86208714e+04  2.39252909e+01  1.86208714e+04  9.20372876e+01 
 1.90546072e+04  2.37258991e+01  1.90546072e+04  9.20682290e+01 
 1.94984460e+04  2.35265352e+01  1.94984460e+04  9.21002510e+01 
 1.99526231e+04  2.33272004e+01  1.99526231e+04  9.21333694e+01 
 2.04173794e+04  2.31278963e+01  2.04173794e+04  9.21676005e+01 
 2.08929613e+04  2.29286242e+01  2.08929613e+04  9.22029612e+01 
 2.13796209e+04  2.27293857e+01  2.13796209e+04  9.22394688e+01 
 2.18776162e+04  2.25301823e+01  2.18776162e+04  9.22771411e+01 
 2.23872114e+04  2.23310157e+01  2.23872114e+04  9.23159967e+01 
 2.29086765e+04  2.21318877e+01  2.29086765e+04  9.23560542e+01 
 2.34422882e+04  2.19328001e+01  2.34422882e+04  9.23973332e+01 
 2.39883292e+04  2.17337548e+01  2.39883292e+04  9.24398536e+01 
 2.45470892e+04  2.15347538e+01  2.45470892e+04  9.24836357e+01 
 2.51188643e+04  2.13357991e+01  2.51188643e+04  9.25287005e+01 
 2.57039578e+04  2.11368929e+01  2.57039578e+04  9.25750695e+01 
 2.63026799e+04  2.09380376e+01  2.63026799e+04  9.26227648e+01 
 2.69153480e+04  2.07392354e+01  2.69153480e+04  9.26718087e+01 
 2.75422870e+04  2.05404888e+01  2.75422870e+04  9.27222244e+01 
 2.81838293e+04  2.03418006e+01  2.81838293e+04  9.27740354e+01 
 2.88403150e+04  2.01431733e+01  2.88403150e+04  9.28272657e+01 
 2.95120923e+04  1.99446097e+01  2.95120923e+04  9.28819399e+01 
 3.01995172e+04  1.97461130e+01  3.01995172e+04  9.29380832e+01 
 3.09029543e+04  1.95476861e+01  3.09029543e+04  9.29957211e+01 
 3.16227766e+04  1.93493323e+01  3.16227766e+04  9.30548798e+01 
 3.23593657e+04  1.91510550e+01  3.23593657e+04  9.31155857e+01 
 3.31131121e+04  1.89528578e+01  3.31131121e+04  9.31778660e+01 
 3.38844156e+04  1.87547442e+01  3.38844156e+04  9.32417482e+01 
 3.46736850e+04  1.85567182e+01  3.46736850e+04  9.33072604e+01 
 3.54813389e+04  1.83587838e+01  3.54813389e+04  9.33744309e+01 
 3.63078055e+04  1.81609452e+01  3.63078055e+04  9.34432888e+01 
 3.71535229e+04  1.79632069e+01  3.71535229e+04  9.35138634e+01 
 3.80189396e+04  1.77655733e+01  3.80189396e+04  9.35861843e+01 
 3.89045145e+04  1.75680493e+01  3.89045145e+04  9.36602819e+01 
 3.98107171e+04  1.73706400e+01  3.98107171e+04  9.37361865e+01 
 4.07380278e+04  1.71733504e+01  4.07380278e+04  9.38139290e+01 
 4.16869383e+04  1.69761861e+01  4.16869383e+04  9.38935407e+01 
 4.26579519e+04  1.67791528e+01  4.26579519e+04  9.39750530e+01 
 4.36515832e+04  1.65822565e+01  4.36515832e+04  9.40584978e+01 
 4.46683592e+04  1.63855032e+01  4.46683592e+04  9.41439069e+01 
 4.57088190e+04  1.61888995e+01  4.57088190e+04  9.42313125e+01 
 4.67735141e+04  1.59924521e+01  4.67735141e+04  9.43207472e+01 
 4.78630092e+04  1.57961680e+01  4.78630092e+04  9.44122432e+01 
 4.89778819e+04  1.56000547e+01  4.89778819e+04  9.45058332e+01 
 5.01187234e+04  1.54041196e+01  5.01187234e+04  9.46015497e+01 
 5.12861384e+04  1.52083708e+01  5.12861384e+04  9.46994253e+01 
 5.24807460e+04  1.50128166e+01  5.24807460e+04  9.47994924e+01 
 5.37031796e+04  1.48174656e+01  5.37031796e+04  9.49017832e+01 
 5.49540874e+04  1.46223267e+01  5.49540874e+04  9.50063299e+01 
 5.62341325e+04  1.44274095e+01  5.62341325e+04  9.51131642e+01 
 5.75439937e+04  1.42327236e+01  5.75439937e+04  9.52223175e+01 
 5.88843655e+04  1.40382791e+01  5.88843655e+04  9.53338207e+01 
 6.02559586e+04  1.38440866e+01  6.02559586e+04  9.54477043e+01 
 6.16595002e+04  1.36501572e+01  6.16595002e+04  9.55639978e+01 
 6.30957344e+04  1.34565021e+01  6.30957344e+04  9.56827303e+01 
 6.45654229e+04  1.32631333e+01  6.45654229e+04  9.58039299e+01 
 6.60693448e+04  1.30700630e+01  6.60693448e+04  9.59276237e+01 
 6.76082975e+04  1.28773042e+01  6.76082975e+04  9.60538376e+01 
 6.91830971e+04  1.26848699e+01  6.91830971e+04  9.61825965e+01 
 7.07945784e+04  1.24927741e+01  7.07945784e+04  9.63139237e+01 
 7.24435960e+04  1.23010309e+01  7.24435960e+04  9.64478410e+01 
 7.41310241e+04  1.21096553e+01  7.41310241e+04  9.65843685e+01 
 7.58577575e+04  1.19186626e+01  7.58577575e+04  9.67235245e+01 
 7.76247117e+04  1.17280686e+01  7.76247117e+04  9.68653250e+01 
 7.94328235e+04  1.15378898e+01  7.94328235e+04  9.70097840e+01 
 8.12830516e+04  1.13481432e+01  8.12830516e+04  9.71569129e+01 
 8.31763771e+04  1.11588466e+01  8.31763771e+04  9.73067206e+01 
 8.51138038e+04  1.09700179e+01  8.51138038e+04  9.74592129e+01 
 8.70963590e+04  1.07816761e+01  8.70963590e+04  9.76143926e+01 
 8.91250938e+04  1.05938406e+01  8.91250938e+04  9.77722591e+01 
 9.12010839e+04  1.04065312e+01  9.12010839e+04  9.79328081e+01 
 9.33254301e+04  1.02197687e+01  9.33254301e+04  9.80960315e+01 
 9.54992586e+04  1.00335743e+01  9.54992586e+04  9.82619170e+01 
 9.77237221e+04  9.84796978e+00  9.77237221e+04  9.84304477e+01 
 1.00000000e+05  9.66297764e+00  1.00000000e+05  9.86016020e+01 
 1.02329299e+05  9.47862094e+00  1.02329299e+05  9.87753532e+01 
 1.04712855e+05  9.29492336e+00  1.04712855e+05  9.89516692e+01 
 1.07151931e+05  9.11190918e+00  1.07151931e+05  9.91305121e+01 
 1.09647820e+05  8.92960325e+00  1.09647820e+05  9.93118379e+01 
 1.12201845e+05  8.74803102e+00  1.12201845e+05  9.94955959e+01 
 1.14815362e+05  8.56721849e+00  1.14815362e+05  9.96817290e+01 
 1.17489755e+05  8.38719218e+00  1.17489755e+05  9.98701724e+01 
 1.20226443e+05  8.20797916e+00  1.20226443e+05  1.00060854e+02 
 1.23026877e+05  8.02960695e+00  1.23026877e+05  1.00253694e+02 
 1.25892541e+05  7.85210358e+00  1.25892541e+05  1.00448603e+02 
 1.28824955e+05  7.67549745e+00  1.28824955e+05  1.00645484e+02 
 1.31825674e+05  7.49981737e+00  1.31825674e+05  1.00844230e+02 
 1.34896288e+05  7.32509251e+00  1.34896288e+05  1.01044726e+02 
 1.38038426e+05  7.15135230e+00  1.38038426e+05  1.01246845e+02 
 1.41253754e+05  6.97862642e+00  1.41253754e+05  1.01450450e+02 
 1.44543977e+05  6.80694475e+00  1.44543977e+05  1.01655394e+02 
 1.47910839e+05  6.63633726e+00  1.47910839e+05  1.01861519e+02 
 1.51356125e+05  6.46683398e+00  1.51356125e+05  1.02068654e+02 
 1.54881662e+05  6.29846494e+00  1.54881662e+05  1.02276618e+02 
 1.58489319e+05  6.13126003e+00  1.58489319e+05  1.02485216e+02 
 1.62181010e+05  5.96524898e+00  1.62181010e+05  1.02694241e+02 
 1.65958691e+05  5.80046122e+00  1.65958691e+05  1.02903474e+02 
 1.69824365e+05  5.63692583e+00  1.69824365e+05  1.03112683e+02 
 1.73780083e+05  5.47467141e+00  1.73780083e+05  1.03321621e+02 
 1.77827941e+05  5.31372596e+00  1.77827941e+05  1.03530028e+02 
 1.81970086e+05  5.15411682e+00  1.81970086e+05  1.03737631e+02 
 1.86208714e+05  4.99587052e+00  1.86208714e+05  1.03944143e+02 
 1.90546072e+05  4.83901266e+00  1.90546072e+05  1.04149263e+02 
 1.94984460e+05  4.68356781e+00  1.94984460e+05  1.04352675e+02 
 1.99526231e+05  4.52955936e+00  1.99526231e+05  1.04554051e+02 
 2.04173794e+05  4.37700941e+00  2.04173794e+05  1.04753048e+02 
 2.08929613e+05  4.22593863e+00  2.08929613e+05  1.04949308e+02 
 2.13796209e+05  4.07636611e+00  2.13796209e+05  1.05142462e+02 
 2.18776162e+05  3.92830928e+00  2.18776162e+05  1.05332126e+02 
 2.23872114e+05  3.78178372e+00  2.23872114e+05  1.05517903e+02 
 2.29086765e+05  3.63680306e+00  2.29086765e+05  1.05699384e+02 
 2.34422882e+05  3.49337882e+00  2.34422882e+05  1.05876148e+02 
 2.39883292e+05  3.35152033e+00  2.39883292e+05  1.06047761e+02 
 2.45470892e+05  3.21123453e+00  2.45470892e+05  1.06213780e+02 
 2.51188643e+05  3.07252593e+00  2.51188643e+05  1.06373749e+02 
 2.57039578e+05  2.93539643e+00  2.57039578e+05  1.06527205e+02 
 2.63026799e+05  2.79984522e+00  2.63026799e+05  1.06673674e+02 
 2.69153480e+05  2.66586870e+00  2.69153480e+05  1.06812674e+02 
 2.75422870e+05  2.53346036e+00  2.75422870e+05  1.06943716e+02 
 2.81838293e+05  2.40261069e+00  2.81838293e+05  1.07066307e+02 
 2.88403150e+05  2.27330712e+00  2.88403150e+05  1.07179945e+02 
 2.95120923e+05  2.14553391e+00  2.95120923e+05  1.07284127e+02 
 3.01995172e+05  2.01927213e+00  3.01995172e+05  1.07378345e+02 
 3.09029543e+05  1.89449958e+00  3.09029543e+05  1.07462089e+02 
 3.16227766e+05  1.77119078e+00  3.16227766e+05  1.07534851e+02 
 3.23593657e+05  1.64931692e+00  3.23593657e+05  1.07596119e+02 
 3.31131121e+05  1.52884585e+00  3.31131121e+05  1.07645386e+02 
 3.38844156e+05  1.40974211e+00  3.38844156e+05  1.07682148e+02 
 3.46736850e+05  1.29196691e+00  3.46736850e+05  1.07705904e+02 
 3.54813389e+05  1.17547817e+00  3.54813389e+05  1.07716158e+02 
 3.63078055e+05  1.06023055e+00  3.63078055e+05  1.07712422e+02 
 3.71535229e+05  9.46175537e-01  3.71535229e+05  1.07694216e+02 
 3.80189396e+05  8.33261465e-01  3.80189396e+05  1.07661069e+02 
 3.89045145e+05  7.21433636e-01  3.89045145e+05  1.07612519e+02 
 3.98107171e+05  6.10634393e-01  3.98107171e+05  1.07548119e+02 
 4.07380278e+05  5.00803235e-01  4.07380278e+05  1.07467430e+02 
 4.16869383e+05  3.91876929e-01  4.16869383e+05  1.07370032e+02 
 4.26579519e+05  2.83789647e-01  4.26579519e+05  1.07255515e+02 
 4.36515832e+05  1.76473104e-01  4.36515832e+05  1.07123489e+02 
 4.46683592e+05  6.98567108e-02  4.46683592e+05  1.06973578e+02 
 4.57088190e+05 -3.61322625e-02  4.57088190e+05  1.06805425e+02 
 4.67735141e+05 -1.41568517e-01  4.67735141e+05  1.06618691e+02 
 4.78630092e+05 -2.46528543e-01  4.78630092e+05  1.06413057e+02 
 4.89778819e+05 -3.51090433e-01  4.89778819e+05  1.06188223e+02 
 5.01187234e+05 -4.55333686e-01  5.01187234e+05  1.05943910e+02 
 5.12861384e+05 -5.59339010e-01  5.12861384e+05  1.05679859e+02 
 5.24807460e+05 -6.63188108e-01  5.24807460e+05  1.05395833e+02 
 5.37031796e+05 -7.66963474e-01  5.37031796e+05  1.05091617e+02 
 5.49540874e+05 -8.70748177e-01  5.49540874e+05  1.04767016e+02 
 5.62341325e+05 -9.74625640e-01  5.62341325e+05  1.04421861e+02 
 5.75439937e+05 -1.07867943e+00  5.75439937e+05  1.04056000e+02 
 5.88843655e+05 -1.18299301e+00  5.88843655e+05  1.03669307e+02 
 6.02559586e+05 -1.28764958e+00  6.02559586e+05  1.03261675e+02 
 6.16595002e+05 -1.39273178e+00  6.16595002e+05  1.02833020e+02 
 6.30957344e+05 -1.49832154e+00  6.30957344e+05  1.02383280e+02 
 6.45654229e+05 -1.60449981e+00  6.45654229e+05  1.01912411e+02 
 6.60693448e+05 -1.71134641e+00  6.60693448e+05  1.01420392e+02 
 6.76082975e+05 -1.81893978e+00  6.76082975e+05  1.00907221e+02 
 6.91830971e+05 -1.92735680e+00  6.91830971e+05  1.00372913e+02 
 7.07945784e+05 -2.03667259e+00  7.07945784e+05  9.98175038e+01 
 7.24435960e+05 -2.14696034e+00  7.24435960e+05  9.92410445e+01 
 7.41310241e+05 -2.25829112e+00  7.41310241e+05  9.86436030e+01 
 7.58577575e+05 -2.37073375e+00  7.58577575e+05  9.80252623e+01 
 7.76247117e+05 -2.48435460e+00  7.76247117e+05  9.73861193e+01 
 7.94328235e+05 -2.59921750e+00  7.94328235e+05  9.67262837e+01 
 8.12830516e+05 -2.71538358e+00  8.12830516e+05  9.60458766e+01 
 8.31763771e+05 -2.83291118e+00  8.31763771e+05  9.53450293e+01 
 8.51138038e+05 -2.95185573e+00  8.51138038e+05  9.46238819e+01 
 8.70963590e+05 -3.07226970e+00  8.70963590e+05  9.38825817e+01 
 8.91250938e+05 -3.19420254e+00  8.91250938e+05  9.31212817e+01 
 9.12010839e+05 -3.31770059e+00  9.12010839e+05  9.23401393e+01 
 9.33254301e+05 -3.44280710e+00  9.33254301e+05  9.15393147e+01 
 9.54992586e+05 -3.56956222e+00  9.54992586e+05  9.07189693e+01 
 9.77237221e+05 -3.69800299e+00  9.77237221e+05  8.98792639e+01 
 1.00000000e+06 -3.82816337e+00  1.00000000e+06  8.90203576e+01 
 1.02329299e+06 -3.96007433e+00  1.02329299e+06  8.81424059e+01 
 1.04712855e+06 -4.09376389e+00  1.04712855e+06  8.72455595e+01 
 1.07151931e+06 -4.22925722e+00  1.07151931e+06  8.63299624e+01 
 1.09647820e+06 -4.36657678e+00  1.09647820e+06  8.53957507e+01 
 1.12201845e+06 -4.50574241e+00  1.12201845e+06  8.44430513e+01 
 1.14815362e+06 -4.64677154e+00  1.14815362e+06  8.34719803e+01 
 1.17489755e+06 -4.78967932e+00  1.17489755e+06  8.24826421e+01 
 1.20226443e+06 -4.93447887e+00  1.20226443e+06  8.14751280e+01 
 1.23026877e+06 -5.08118146e+00  1.23026877e+06  8.04495149e+01 
 1.25892541e+06 -5.22979677e+00  1.25892541e+06  7.94058650e+01 
 1.28824955e+06 -5.38033316e+00  1.28824955e+06  7.83442242e+01 
 1.31825674e+06 -5.53279794e+00  1.31825674e+06  7.72646220e+01 
 1.34896288e+06 -5.68719770e+00  1.34896288e+06  7.61670704e+01 
 1.38038426e+06 -5.84353862e+00  1.38038426e+06  7.50515639e+01 
 1.41253754e+06 -6.00182681e+00  1.41253754e+06  7.39180791e+01 
 1.44543977e+06 -6.16206871e+00  1.44543977e+06  7.27665745e+01 
 1.47910839e+06 -6.32427150e+00  1.47910839e+06  7.15969910e+01 
 1.51356125e+06 -6.48844344e+00  1.51356125e+06  7.04092518e+01 
 1.54881662e+06 -6.65459443e+00  1.54881662e+06  6.92032635e+01 
 1.58489319e+06 -6.82273635e+00  1.58489319e+06  6.79789168e+01 
 1.62181010e+06 -6.99288366e+00  1.62181010e+06  6.67360879e+01 
 1.65958691e+06 -7.16505382e+00  1.65958691e+06  6.54746398e+01 
 1.69824365e+06 -7.33926788e+00  1.69824365e+06  6.41944249e+01 
 1.73780083e+06 -7.51555101e+00  1.73780083e+06  6.28952869e+01 
 1.77827941e+06 -7.69393304e+00  1.77827941e+06  6.15770642e+01 
 1.81970086e+06 -7.87444909e+00  1.81970086e+06  6.02395934e+01 
 1.86208714e+06 -8.05714010e+00  1.86208714e+06  5.88827135e+01 
 1.90546072e+06 -8.24205344e+00  1.90546072e+06  5.75062710e+01 
 1.94984460e+06 -8.42924343e+00  1.94984460e+06  5.61101257e+01 
 1.99526231e+06 -8.61877194e+00  1.99526231e+06  5.46941574e+01 
 2.04173794e+06 -8.81070879e+00  2.04173794e+06  5.32582737e+01 
 2.08929613e+06 -9.00513224e+00  2.08929613e+06  5.18024185e+01 
 2.13796209e+06 -9.20212923e+00  2.13796209e+06  5.03265825e+01 
 2.18776162e+06 -9.40179559e+00  2.18776162e+06  4.88308139e+01 
 2.23872114e+06 -9.60423604e+00  2.23872114e+06  4.73152307e+01 
 2.29086765e+06 -9.80956393e+00  2.29086765e+06  4.57800347e+01 
 2.34422882e+06 -1.00179008e+01  2.34422882e+06  4.42255256e+01 
 2.39883292e+06 -1.02293753e+01  2.39883292e+06  4.26521171e+01 
 2.45470892e+06 -1.04441225e+01  2.45470892e+06  4.10603528e+01 
 2.51188643e+06 -1.06622816e+01  2.51188643e+06  3.94509234e+01 
 2.57039578e+06 -1.08839939e+01  2.57039578e+06  3.78246828e+01 
 2.63026799e+06 -1.11094000e+01  2.63026799e+06  3.61826642e+01 
 2.69153480e+06 -1.13386366e+01  2.69153480e+06  3.45260945e+01 
 2.75422870e+06 -1.15718320e+01  2.75422870e+06  3.28564056e+01 
 2.81838293e+06 -1.18091018e+01  2.81838293e+06  3.11752432e+01 
 2.88403150e+06 -1.20505433e+01  2.88403150e+06  2.94844700e+01 
 2.95120923e+06 -1.22962298e+01  2.95120923e+06  2.77861631e+01 
 3.01995172e+06 -1.25462046e+01  3.01995172e+06  2.60826044e+01 
 3.09029543e+06 -1.28004749e+01  3.09029543e+06  2.43762629e+01 
 3.16227766e+06 -1.30590050e+01  3.16227766e+06  2.26697673e+01 
 3.23593657e+06 -1.33217115e+01  3.23593657e+06  2.09658698e+01 
 3.31131121e+06 -1.35884579e+01  3.31131121e+06  1.92674004e+01 
 3.38844156e+06 -1.38590511e+01  3.38844156e+06  1.75772124e+01 
 3.46736850e+06 -1.41332392e+01  3.46736850e+06  1.58981206e+01 
 3.54813389e+06 -1.44107115e+01  3.54813389e+06  1.42328355e+01 
 3.63078055e+06 -1.46910997e+01  3.63078055e+06  1.25838939e+01 
 3.71535229e+06 -1.49739826e+01  3.71535229e+06  1.09535917e+01 
 3.80189396e+06 -1.52588921e+01  3.80189396e+06  9.34392112e+00 
 3.89045145e+06 -1.55453210e+01  3.89045145e+06  7.75651572e+00 
 3.98107171e+06 -1.58327337e+01  3.98107171e+06  6.19260759e+00 
 4.07380278e+06 -1.61205768e+01  4.07380278e+06  4.65299816e+00 
 4.16869383e+06 -1.64082914e+01  4.16869383e+06  3.13804492e+00 
 4.26579519e+06 -1.66953250e+01  4.26579519e+06  1.64766462e+00 
 4.36515832e+06 -1.69811430e+01  4.36515832e+06  1.81352486e-01 
 4.46683592e+06 -1.72652391e+01  4.46683592e+06 -1.26178409e+00 
 4.57088190e+06 -1.75471448e+01  4.57088190e+06 -2.68297967e+00 
 4.67735141e+06 -1.78264356e+01  4.67735141e+06 -4.08375574e+00 
 4.78630092e+06 -1.81027372e+01  4.78630092e+06 -5.46586004e+00 
 4.89778819e+06 -1.83757275e+01  4.89778819e+06 -6.83120340e+00 
 5.01187234e+06 -1.86451381e+01  5.01187234e+06 -8.18179754e+00 
 5.12861384e+06 -1.89107536e+01  5.12861384e+06 -9.51969643e+00 
 5.24807460e+06 -1.91724088e+01  5.24807460e+06 -1.08469434e+01 
 5.37031796e+06 -1.94299852e+01  5.37031796e+06 -1.21655258e+01 
 5.49540874e+06 -1.96834069e+01  5.49540874e+06 -1.34773372e+01 
 5.62341325e+06 -1.99326351e+01  5.62341325e+06 -1.47841489e+01 
 5.75439937e+06 -2.01776630e+01  5.75439937e+06 -1.60875894e+01 
 5.88843655e+06 -2.04185105e+01  5.88843655e+06 -1.73891309e+01 
 6.02559586e+06 -2.06552191e+01  6.02559586e+06 -1.86900838e+01 
 6.16595002e+06 -2.08878470e+01  6.16595002e+06 -1.99915958e+01 
 6.30957344e+06 -2.11164652e+01  6.30957344e+06 -2.12946566e+01 
 6.45654229e+06 -2.13411532e+01  6.45654229e+06 -2.26001058e+01 
 6.60693448e+06 -2.15619961e+01  6.60693448e+06 -2.39086433e+01 
 6.76082975e+06 -2.17790821e+01  6.76082975e+06 -2.52208423e+01 
 6.91830971e+06 -2.19924999e+01  6.91830971e+06 -2.65371622e+01 
 7.07945784e+06 -2.22023372e+01  7.07945784e+06 -2.78579629e+01 
 7.24435960e+06 -2.24086794e+01  7.24435960e+06 -2.91835182e+01 
 7.41310241e+06 -2.26116089e+01  7.41310241e+06 -3.05140292e+01 
 7.58577575e+06 -2.28112042e+01  7.58577575e+06 -3.18496371e+01 
 7.76247117e+06 -2.30075398e+01  7.76247117e+06 -3.31904343e+01 
 7.94328235e+06 -2.32006862e+01  7.94328235e+06 -3.45364750e+01 
 8.12830516e+06 -2.33907095e+01  8.12830516e+06 -3.58877849e+01 
 8.31763771e+06 -2.35776721e+01  8.31763771e+06 -3.72443688e+01 
 8.51138038e+06 -2.37616330e+01  8.51138038e+06 -3.86062185e+01 
 8.70963590e+06 -2.39426477e+01  8.70963590e+06 -3.99733177e+01 
 8.91250938e+06 -2.41207694e+01  8.91250938e+06 -4.13456480e+01 
 9.12010839e+06 -2.42960486e+01  9.12010839e+06 -4.27231922e+01 
 9.33254301e+06 -2.44685344e+01  9.33254301e+06 -4.41059376e+01 
 9.54992586e+06 -2.46382744e+01  9.54992586e+06 -4.54938783e+01 
 9.77237221e+06 -2.48053155e+01  9.77237221e+06 -4.68870167e+01 
 1.00000000e+07 -2.49697040e+01  1.00000000e+07 -4.82853643e+01 
 1.02329299e+07 -2.51314866e+01  1.02329299e+07 -4.96889420e+01 
 1.04712855e+07 -2.52907103e+01  1.04712855e+07 -5.10977797e+01 
 1.07151931e+07 -2.54474230e+01  1.07151931e+07 -5.25119157e+01 
 1.09647820e+07 -2.56016739e+01  1.09647820e+07 -5.39313954e+01 
 1.12201845e+07 -2.57535135e+01  1.12201845e+07 -5.53562696e+01 
 1.14815362e+07 -2.59029944e+01  1.14815362e+07 -5.67865928e+01 
 1.17489755e+07 -2.60501711e+01  1.17489755e+07 -5.82224210e+01 
 1.20226443e+07 -2.61951004e+01  1.20226443e+07 -5.96638091e+01 
 1.23026877e+07 -2.63378417e+01  1.23026877e+07 -6.11108086e+01 
 1.25892541e+07 -2.64784569e+01  1.25892541e+07 -6.25634645e+01 
 1.28824955e+07 -2.66170107e+01  1.28824955e+07 -6.40218126e+01 
 1.31825674e+07 -2.67535706e+01  1.31825674e+07 -6.54858764e+01 
 1.34896288e+07 -2.68882070e+01  1.34896288e+07 -6.69556641e+01 
 1.38038426e+07 -2.70209933e+01  1.38038426e+07 -6.84311653e+01 
 1.41253754e+07 -2.71520059e+01  1.41253754e+07 -6.99123482e+01 
 1.44543977e+07 -2.72813239e+01  1.44543977e+07 -7.13991561e+01 
 1.47910839e+07 -2.74090295e+01  1.47910839e+07 -7.28915046e+01 
 1.51356125e+07 -2.75352075e+01  1.51356125e+07 -7.43892781e+01 
 1.54881662e+07 -2.76599454e+01  1.54881662e+07 -7.58923276e+01 
 1.58489319e+07 -2.77833335e+01  1.58489319e+07 -7.74004671e+01 
 1.62181010e+07 -2.79054642e+01  1.62181010e+07 -7.89134710e+01 
 1.65958691e+07 -2.80264322e+01  1.65958691e+07 -8.04310720e+01 
 1.69824365e+07 -2.81463341e+01  1.69824365e+07 -8.19529579e+01 
 1.73780083e+07 -2.82652686e+01  1.73780083e+07 -8.34787699e+01 
 1.77827941e+07 -2.83833357e+01  1.77827941e+07 -8.50080999e+01 
 1.81970086e+07 -2.85006364e+01  1.81970086e+07 -8.65404892e+01 
 1.86208714e+07 -2.86172732e+01  1.86208714e+07 -8.80754266e+01 
 1.90546072e+07 -2.87333488e+01  1.90546072e+07 -8.96123468e+01 
 1.94984460e+07 -2.88489662e+01  1.94984460e+07 -9.11506292e+01 
 1.99526231e+07 -2.89642286e+01  1.99526231e+07 -9.26895973e+01 
 2.04173794e+07 -2.90792384e+01  2.04173794e+07 -9.42285176e+01 
 2.08929613e+07 -2.91940973e+01  2.08929613e+07 -9.57665995e+01 
 2.13796209e+07 -2.93089057e+01  2.13796209e+07 -9.73029952e+01 
 2.18776162e+07 -2.94237623e+01  2.18776162e+07 -9.88367996e+01 
 2.23872114e+07 -2.95387634e+01  2.23872114e+07 -1.00367051e+02 
 2.29086765e+07 -2.96540028e+01  2.29086765e+07 -1.01892733e+02 
 2.34422882e+07 -2.97695713e+01  2.34422882e+07 -1.03412772e+02 
 2.39883292e+07 -2.98855558e+01  2.39883292e+07 -1.04926044e+02 
 2.45470892e+07 -3.00020393e+01  2.45470892e+07 -1.06431373e+02 
 2.51188643e+07 -3.01191000e+01  2.51188643e+07 -1.07927532e+02 
 2.57039578e+07 -3.02368113e+01  2.57039578e+07 -1.09413249e+02 
 2.63026799e+07 -3.03552405e+01  2.63026799e+07 -1.10887208e+02 
 2.69153480e+07 -3.04744493e+01  2.69153480e+07 -1.12348051e+02 
 2.75422870e+07 -3.05944925e+01  2.75422870e+07 -1.13794381e+02 
 2.81838293e+07 -3.07154180e+01  2.81838293e+07 -1.15224769e+02 
 2.88403150e+07 -3.08372661e+01  2.88403150e+07 -1.16637756e+02 
 2.95120923e+07 -3.09600693e+01  2.95120923e+07 -1.18031855e+02 
 3.01995172e+07 -3.10838515e+01  3.01995172e+07 -1.19405557e+02 
 3.09029543e+07 -3.12086284e+01  3.09029543e+07 -1.20757337e+02 
 3.16227766e+07 -3.13344060e+01  3.16227766e+07 -1.22085656e+02 
 3.23593657e+07 -3.14611815e+01  3.23593657e+07 -1.23388969e+02 
 3.31131121e+07 -3.15889422e+01  3.31131121e+07 -1.24665725e+02 
 3.38844156e+07 -3.17176656e+01  3.38844156e+07 -1.25914377e+02 
 3.46736850e+07 -3.18473192e+01  3.46736850e+07 -1.27133384e+02 
 3.54813389e+07 -3.19778605e+01  3.54813389e+07 -1.28321217e+02 
 3.63078055e+07 -3.21092365e+01  3.63078055e+07 -1.29476362e+02 
 3.71535229e+07 -3.22413840e+01  3.71535229e+07 -1.30597326e+02 
 3.80189396e+07 -3.23742297e+01  3.80189396e+07 -1.31682643e+02 
 3.89045145e+07 -3.25076898e+01  3.89045145e+07 -1.32730874e+02 
 3.98107171e+07 -3.26416703e+01  3.98107171e+07 -1.33740615e+02 
 4.07380278e+07 -3.27760672e+01  4.07380278e+07 -1.34710498e+02 
 4.16869383e+07 -3.29107663e+01  4.16869383e+07 -1.35639195e+02 
 4.26579519e+07 -3.30456437e+01  4.26579519e+07 -1.36525420e+02 
 4.36515832e+07 -3.31805652e+01  4.36515832e+07 -1.37367933e+02 
 4.46683592e+07 -3.33153871e+01  4.46683592e+07 -1.38165541e+02 
 4.57088190e+07 -3.34499557e+01  4.57088190e+07 -1.38917100e+02 
 4.67735141e+07 -3.35841077e+01  4.67735141e+07 -1.39621517e+02 
 4.78630092e+07 -3.37176695e+01  4.78630092e+07 -1.40277751e+02 
 4.89778819e+07 -3.38504575e+01  4.89778819e+07 -1.40884813e+02 
 5.01187234e+07 -3.39822777e+01  5.01187234e+07 -1.41441770e+02 
 5.12861384e+07 -3.41129253e+01  5.12861384e+07 -1.41947748e+02 
 5.24807460e+07 -3.42421841e+01  5.24807460e+07 -1.42401928e+02 
 5.37031796e+07 -3.43698263e+01  5.37031796e+07 -1.42803556e+02 
 5.49540874e+07 -3.44956113e+01  5.49540874e+07 -1.43151942e+02 
 5.62341325e+07 -3.46192857e+01  5.62341325e+07 -1.43446469e+02 
 5.75439937e+07 -3.47405818e+01  5.75439937e+07 -1.43686597e+02 
 5.88843655e+07 -3.48592175e+01  5.88843655e+07 -1.43871873e+02 
 6.02559586e+07 -3.49748951e+01  6.02559586e+07 -1.44001938e+02 
 6.16595002e+07 -3.50873009e+01  6.16595002e+07 -1.44076544e+02 
 6.30957344e+07 -3.51961051e+01  6.30957344e+07 -1.44095566e+02 
 6.45654229e+07 -3.53009611e+01  6.45654229e+07 -1.44059018e+02 
 6.60693448e+07 -3.54015062e+01  6.60693448e+07 -1.43967075e+02 
 6.76082975e+07 -3.54973620e+01  6.76082975e+07 -1.43820090e+02 
 6.91830971e+07 -3.55881358e+01  6.91830971e+07 -1.43618619e+02 
 7.07945784e+07 -3.56734225e+01  7.07945784e+07 -1.43363443e+02 
 7.24435960e+07 -3.57528069e+01  7.24435960e+07 -1.43055593e+02 
 7.41310241e+07 -3.58258677e+01  7.41310241e+07 -1.42696369e+02 
 7.58577575e+07 -3.58921811e+01  7.58577575e+07 -1.42287367e+02 
 7.76247117e+07 -3.59513265e+01  7.76247117e+07 -1.41830491e+02 
 7.94328235e+07 -3.60028920e+01  7.94328235e+07 -1.41327969e+02 
 8.12830516e+07 -3.60464813e+01  8.12830516e+07 -1.40782362e+02 
 8.31763771e+07 -3.60817204e+01  8.31763771e+07 -1.40196561e+02 
 8.51138038e+07 -3.61082660e+01  8.51138038e+07 -1.39573783e+02 
 8.70963590e+07 -3.61258125e+01  8.70963590e+07 -1.38917554e+02 
 8.91250938e+07 -3.61340996e+01  8.91250938e+07 -1.38231679e+02 
 9.12010839e+07 -3.61329199e+01  9.12010839e+07 -1.37520211e+02 
 9.33254301e+07 -3.61221244e+01  9.33254301e+07 -1.36787403e+02 
 9.54992586e+07 -3.61016282e+01  9.54992586e+07 -1.36037657e+02 
 9.77237221e+07 -3.60714142e+01  9.77237221e+07 -1.35275463e+02 
 1.00000000e+08 -3.60315348e+01  1.00000000e+08 -1.34505335e+02 
