 1.00000000e+00  6.80536964e+01  1.00000000e+00  1.79451736e+02 
 1.02329299e+00  6.80535223e+01  1.02329299e+00  1.79441174e+02 
 1.04712855e+00  6.80533521e+01  1.04712855e+00  1.79430354e+02 
 1.07151931e+00  6.80531858e+01  1.07151931e+00  1.79419267e+02 
 1.09647820e+00  6.80530233e+01  1.09647820e+00  1.79407907e+02 
 1.12201845e+00  6.80528645e+01  1.12201845e+00  1.79396266e+02 
 1.14815362e+00  6.80527093e+01  1.14815362e+00  1.79384336e+02 
 1.17489755e+00  6.80525577e+01  1.17489755e+00  1.79372109e+02 
 1.20226443e+00  6.80524096e+01  1.20226443e+00  1.79359579e+02 
 1.23026877e+00  6.80522647e+01  1.23026877e+00  1.79346736e+02 
 1.25892541e+00  6.80521231e+01  1.25892541e+00  1.79333572e+02 
 1.28824955e+00  6.80519846e+01  1.28824955e+00  1.79320080e+02 
 1.31825674e+00  6.80518490e+01  1.31825674e+00  1.79306250e+02 
 1.34896288e+00  6.80517163e+01  1.34896288e+00  1.79292075e+02 
 1.38038426e+00  6.80515863e+01  1.38038426e+00  1.79277546e+02 
 1.41253754e+00  6.80514589e+01  1.41253754e+00  1.79262654e+02 
 1.44543977e+00  6.80513339e+01  1.44543977e+00  1.79247389e+02 
 1.47910839e+00  6.80512112e+01  1.47910839e+00  1.79231743e+02 
 1.51356125e+00  6.80510906e+01  1.51356125e+00  1.79215708e+02 
 1.54881662e+00  6.80509720e+01  1.54881662e+00  1.79199272e+02 
 1.58489319e+00  6.80508551e+01  1.58489319e+00  1.79182427e+02 
 1.62181010e+00  6.80507400e+01  1.62181010e+00  1.79165162e+02 
 1.65958691e+00  6.80506264e+01  1.65958691e+00  1.79147469e+02 
 1.69824365e+00  6.80505140e+01  1.69824365e+00  1.79129336e+02 
 1.73780083e+00  6.80504029e+01  1.73780083e+00  1.79110754e+02 
 1.77827941e+00  6.80502927e+01  1.77827941e+00  1.79091712e+02 
 1.81970086e+00  6.80501834e+01  1.81970086e+00  1.79072199e+02 
 1.86208714e+00  6.80500747e+01  1.86208714e+00  1.79052204e+02 
 1.90546072e+00  6.80499664e+01  1.90546072e+00  1.79031716e+02 
 1.94984460e+00  6.80498585e+01  1.94984460e+00  1.79010724e+02 
 1.99526231e+00  6.80497506e+01  1.99526231e+00  1.78989215e+02 
 2.04173794e+00  6.80496426e+01  2.04173794e+00  1.78967179e+02 
 2.08929613e+00  6.80495343e+01  2.08929613e+00  1.78944602e+02 
 2.13796209e+00  6.80494256e+01  2.13796209e+00  1.78921473e+02 
 2.18776162e+00  6.80493161e+01  2.18776162e+00  1.78897779e+02 
 2.23872114e+00  6.80492058e+01  2.23872114e+00  1.78873507e+02 
 2.29086765e+00  6.80490944e+01  2.29086765e+00  1.78848643e+02 
 2.34422882e+00  6.80489817e+01  2.34422882e+00  1.78823174e+02 
 2.39883292e+00  6.80488674e+01  2.39883292e+00  1.78797086e+02 
 2.45470892e+00  6.80487514e+01  2.45470892e+00  1.78770366e+02 
 2.51188643e+00  6.80486334e+01  2.51188643e+00  1.78742998e+02 
 2.57039578e+00  6.80485132e+01  2.57039578e+00  1.78714968e+02 
 2.63026799e+00  6.80483905e+01  2.63026799e+00  1.78686261e+02 
 2.69153480e+00  6.80482651e+01  2.69153480e+00  1.78656861e+02 
 2.75422870e+00  6.80481368e+01  2.75422870e+00  1.78626752e+02 
 2.81838293e+00  6.80480053e+01  2.81838293e+00  1.78595919e+02 
 2.88403150e+00  6.80478703e+01  2.88403150e+00  1.78564344e+02 
 2.95120923e+00  6.80477315e+01  2.95120923e+00  1.78532012e+02 
 3.01995172e+00  6.80475886e+01  3.01995172e+00  1.78498903e+02 
 3.09029543e+00  6.80474414e+01  3.09029543e+00  1.78465002e+02 
 3.16227766e+00  6.80472896e+01  3.16227766e+00  1.78430289e+02 
 3.23593657e+00  6.80471328e+01  3.23593657e+00  1.78394746e+02 
 3.31131121e+00  6.80469707e+01  3.31131121e+00  1.78358355e+02 
 3.38844156e+00  6.80468029e+01  3.38844156e+00  1.78321095e+02 
 3.46736850e+00  6.80466292e+01  3.46736850e+00  1.78282947e+02 
 3.54813389e+00  6.80464490e+01  3.54813389e+00  1.78243891e+02 
 3.63078055e+00  6.80462622e+01  3.63078055e+00  1.78203906e+02 
 3.71535229e+00  6.80460682e+01  3.71535229e+00  1.78162970e+02 
 3.80189396e+00  6.80458666e+01  3.80189396e+00  1.78121061e+02 
 3.89045145e+00  6.80456570e+01  3.89045145e+00  1.78078159e+02 
 3.98107171e+00  6.80454391e+01  3.98107171e+00  1.78034238e+02 
 4.07380278e+00  6.80452122e+01  4.07380278e+00  1.77989278e+02 
 4.16869383e+00  6.80449759e+01  4.16869383e+00  1.77943252e+02 
 4.26579519e+00  6.80447297e+01  4.26579519e+00  1.77896138e+02 
 4.36515832e+00  6.80444732e+01  4.36515832e+00  1.77847910e+02 
 4.46683592e+00  6.80442056e+01  4.46683592e+00  1.77798542e+02 
 4.57088190e+00  6.80439265e+01  4.57088190e+00  1.77748009e+02 
 4.67735141e+00  6.80436352e+01  4.67735141e+00  1.77696283e+02 
 4.78630092e+00  6.80433312e+01  4.78630092e+00  1.77643337e+02 
 4.89778819e+00  6.80430137e+01  4.89778819e+00  1.77589144e+02 
 5.01187234e+00  6.80426821e+01  5.01187234e+00  1.77533674e+02 
 5.12861384e+00  6.80423356e+01  5.12861384e+00  1.77476898e+02 
 5.24807460e+00  6.80419736e+01  5.24807460e+00  1.77418786e+02 
 5.37031796e+00  6.80415951e+01  5.37031796e+00  1.77359307e+02 
 5.49540874e+00  6.80411995e+01  5.49540874e+00  1.77298430e+02 
 5.62341325e+00  6.80407858e+01  5.62341325e+00  1.77236123e+02 
 5.75439937e+00  6.80403531e+01  5.75439937e+00  1.77172353e+02 
 5.88843655e+00  6.80399005e+01  5.88843655e+00  1.77107086e+02 
 6.02559586e+00  6.80394271e+01  6.02559586e+00  1.77040288e+02 
 6.16595002e+00  6.80389316e+01  6.16595002e+00  1.76971923e+02 
 6.30957344e+00  6.80384132e+01  6.30957344e+00  1.76901956e+02 
 6.45654229e+00  6.80378706e+01  6.45654229e+00  1.76830350e+02 
 6.60693448e+00  6.80373027e+01  6.60693448e+00  1.76757067e+02 
 6.76082975e+00  6.80367081e+01  6.76082975e+00  1.76682068e+02 
 6.91830971e+00  6.80360857e+01  6.91830971e+00  1.76605314e+02 
 7.07945784e+00  6.80354340e+01  7.07945784e+00  1.76526765e+02 
 7.24435960e+00  6.80347516e+01  7.24435960e+00  1.76446380e+02 
 7.41310241e+00  6.80340370e+01  7.41310241e+00  1.76364116e+02 
 7.58577575e+00  6.80332886e+01  7.58577575e+00  1.76279930e+02 
 7.76247117e+00  6.80325048e+01  7.76247117e+00  1.76193779e+02 
 7.94328235e+00  6.80316838e+01  7.94328235e+00  1.76105617e+02 
 8.12830516e+00  6.80308238e+01  8.12830516e+00  1.76015398e+02 
 8.31763771e+00  6.80299229e+01  8.31763771e+00  1.75923075e+02 
 8.51138038e+00  6.80289791e+01  8.51138038e+00  1.75828600e+02 
 8.70963590e+00  6.80279903e+01  8.70963590e+00  1.75731924e+02 
 8.91250938e+00  6.80269544e+01  8.91250938e+00  1.75632998e+02 
 9.12010839e+00  6.80258689e+01  9.12010839e+00  1.75531768e+02 
 9.33254301e+00  6.80247315e+01  9.33254301e+00  1.75428184e+02 
 9.54992586e+00  6.80235397e+01  9.54992586e+00  1.75322191e+02 
 9.77237221e+00  6.80222908e+01  9.77237221e+00  1.75213735e+02 
 1.00000000e+01  6.80209820e+01  1.00000000e+01  1.75102760e+02 
 1.02329299e+01  6.80196104e+01  1.02329299e+01  1.74989209e+02 
 1.04712855e+01  6.80181729e+01  1.04712855e+01  1.74873024e+02 
 1.07151931e+01  6.80166663e+01  1.07151931e+01  1.74754146e+02 
 1.09647820e+01  6.80150873e+01  1.09647820e+01  1.74632514e+02 
 1.12201845e+01  6.80134323e+01  1.12201845e+01  1.74508066e+02 
 1.14815362e+01  6.80116977e+01  1.14815362e+01  1.74380739e+02 
 1.17489755e+01  6.80098794e+01  1.17489755e+01  1.74250469e+02 
 1.20226443e+01  6.80079736e+01  1.20226443e+01  1.74117191e+02 
 1.23026877e+01  6.80059759e+01  1.23026877e+01  1.73980838e+02 
 1.25892541e+01  6.80038818e+01  1.25892541e+01  1.73841341e+02 
 1.28824955e+01  6.80016868e+01  1.28824955e+01  1.73698631e+02 
 1.31825674e+01  6.79993858e+01  1.31825674e+01  1.73552638e+02 
 1.34896288e+01  6.79969738e+01  1.34896288e+01  1.73403290e+02 
 1.38038426e+01  6.79944454e+01  1.38038426e+01  1.73250514e+02 
 1.41253754e+01  6.79917949e+01  1.41253754e+01  1.73094234e+02 
 1.44543977e+01  6.79890166e+01  1.44543977e+01  1.72934377e+02 
 1.47910839e+01  6.79861042e+01  1.47910839e+01  1.72770864e+02 
 1.51356125e+01  6.79830513e+01  1.51356125e+01  1.72603617e+02 
 1.54881662e+01  6.79798512e+01  1.54881662e+01  1.72432557e+02 
 1.58489319e+01  6.79764968e+01  1.58489319e+01  1.72257604e+02 
 1.62181010e+01  6.79729807e+01  1.62181010e+01  1.72078675e+02 
 1.65958691e+01  6.79692953e+01  1.65958691e+01  1.71895687e+02 
 1.69824365e+01  6.79654325e+01  1.69824365e+01  1.71708556e+02 
 1.73780083e+01  6.79613838e+01  1.73780083e+01  1.71517197e+02 
 1.77827941e+01  6.79571406e+01  1.77827941e+01  1.71321523e+02 
 1.81970086e+01  6.79526936e+01  1.81970086e+01  1.71121447e+02 
 1.86208714e+01  6.79480333e+01  1.86208714e+01  1.70916881e+02 
 1.90546072e+01  6.79431497e+01  1.90546072e+01  1.70707734e+02 
 1.94984460e+01  6.79380324e+01  1.94984460e+01  1.70493916e+02 
 1.99526231e+01  6.79326705e+01  1.99526231e+01  1.70275336e+02 
 2.04173794e+01  6.79270527e+01  2.04173794e+01  1.70051902e+02 
 2.08929613e+01  6.79211672e+01  2.08929613e+01  1.69823522e+02 
 2.13796209e+01  6.79150018e+01  2.13796209e+01  1.69590100e+02 
 2.18776162e+01  6.79085436e+01  2.18776162e+01  1.69351545e+02 
 2.23872114e+01  6.79017793e+01  2.23872114e+01  1.69107759e+02 
 2.29086765e+01  6.78946951e+01  2.29086765e+01  1.68858650e+02 
 2.34422882e+01  6.78872767e+01  2.34422882e+01  1.68604121e+02 
 2.39883292e+01  6.78795090e+01  2.39883292e+01  1.68344077e+02 
 2.45470892e+01  6.78713765e+01  2.45470892e+01  1.68078421e+02 
 2.51188643e+01  6.78628630e+01  2.51188643e+01  1.67807059e+02 
 2.57039578e+01  6.78539518e+01  2.57039578e+01  1.67529895e+02 
 2.63026799e+01  6.78446255e+01  2.63026799e+01  1.67246833e+02 
 2.69153480e+01  6.78348660e+01  2.69153480e+01  1.66957778e+02 
 2.75422870e+01  6.78246547e+01  2.75422870e+01  1.66662636e+02 
 2.81838293e+01  6.78139722e+01  2.81838293e+01  1.66361314e+02 
 2.88403150e+01  6.78027984e+01  2.88403150e+01  1.66053718e+02 
 2.95120923e+01  6.77911125e+01  2.95120923e+01  1.65739757e+02 
 3.01995172e+01  6.77788930e+01  3.01995172e+01  1.65419340e+02 
 3.09029543e+01  6.77661178e+01  3.09029543e+01  1.65092379e+02 
 3.16227766e+01  6.77527638e+01  3.16227766e+01  1.64758785e+02 
 3.23593657e+01  6.77388073e+01  3.23593657e+01  1.64418474e+02 
 3.31131121e+01  6.77242239e+01  3.31131121e+01  1.64071362e+02 
 3.38844156e+01  6.77089882e+01  3.38844156e+01  1.63717368e+02 
 3.46736850e+01  6.76930743e+01  3.46736850e+01  1.63356413e+02 
 3.54813389e+01  6.76764554e+01  3.54813389e+01  1.62988423e+02 
 3.63078055e+01  6.76591037e+01  3.63078055e+01  1.62613324e+02 
 3.71535229e+01  6.76409909e+01  3.71535229e+01  1.62231048e+02 
 3.80189396e+01  6.76220877e+01  3.80189396e+01  1.61841530e+02 
 3.89045145e+01  6.76023643e+01  3.89045145e+01  1.61444709e+02 
 3.98107171e+01  6.75817896e+01  3.98107171e+01  1.61040528e+02 
 4.07380278e+01  6.75603323e+01  4.07380278e+01  1.60628934e+02 
 4.16869383e+01  6.75379598e+01  4.16869383e+01  1.60209882e+02 
 4.26579519e+01  6.75146391e+01  4.26579519e+01  1.59783330e+02 
 4.36515832e+01  6.74903363e+01  4.36515832e+01  1.59349242e+02 
 4.46683592e+01  6.74650166e+01  4.46683592e+01  1.58907588e+02 
 4.57088190e+01  6.74386449e+01  4.57088190e+01  1.58458346e+02 
 4.67735141e+01  6.74111851e+01  4.67735141e+01  1.58001500e+02 
 4.78630092e+01  6.73826005e+01  4.78630092e+01  1.57537041e+02 
 4.89778819e+01  6.73528537e+01  4.89778819e+01  1.57064968e+02 
 5.01187234e+01  6.73219069e+01  5.01187234e+01  1.56585288e+02 
 5.12861384e+01  6.72897216e+01  5.12861384e+01  1.56098016e+02 
 5.24807460e+01  6.72562588e+01  5.24807460e+01  1.55603177e+02 
 5.37031796e+01  6.72214793e+01  5.37031796e+01  1.55100805e+02 
 5.49540874e+01  6.71853431e+01  5.49540874e+01  1.54590943e+02 
 5.62341325e+01  6.71478101e+01  5.62341325e+01  1.54073644e+02 
 5.75439937e+01  6.71088401e+01  5.75439937e+01  1.53548971e+02 
 5.88843655e+01  6.70683923e+01  5.88843655e+01  1.53016998e+02 
 6.02559586e+01  6.70264261e+01  6.02559586e+01  1.52477810e+02 
 6.16595002e+01  6.69829007e+01  6.16595002e+01  1.51931504e+02 
 6.30957344e+01  6.69377755e+01  6.30957344e+01  1.51378187e+02 
 6.45654229e+01  6.68910099e+01  6.45654229e+01  1.50817978e+02 
 6.60693448e+01  6.68425636e+01  6.60693448e+01  1.50251008e+02 
 6.76082975e+01  6.67923966e+01  6.76082975e+01  1.49677420e+02 
 6.91830971e+01  6.67404693e+01  6.91830971e+01  1.49097370e+02 
 7.07945784e+01  6.66867427e+01  7.07945784e+01  1.48511024e+02 
 7.24435960e+01  6.66311785e+01  7.24435960e+01  1.47918562e+02 
 7.41310241e+01  6.65737390e+01  7.41310241e+01  1.47320177e+02 
 7.58577575e+01  6.65143874e+01  7.58577575e+01  1.46716071e+02 
 7.76247117e+01  6.64530881e+01  7.76247117e+01  1.46106461e+02 
 7.94328235e+01  6.63898064e+01  7.94328235e+01  1.45491574e+02 
 8.12830516e+01  6.63245087e+01  8.12830516e+01  1.44871649e+02 
 8.31763771e+01  6.62571630e+01  8.31763771e+01  1.44246938e+02 
 8.51138038e+01  6.61877385e+01  8.51138038e+01  1.43617701e+02 
 8.70963590e+01  6.61162061e+01  8.70963590e+01  1.42984210e+02 
 8.91250938e+01  6.60425383e+01  8.91250938e+01  1.42346748e+02 
 9.12010839e+01  6.59667094e+01  9.12010839e+01  1.41705607e+02 
 9.33254301e+01  6.58886953e+01  9.33254301e+01  1.41061086e+02 
 9.54992586e+01  6.58084743e+01  9.54992586e+01  1.40413495e+02 
 9.77237221e+01  6.57260263e+01  9.77237221e+01  1.39763151e+02 
 1.00000000e+02  6.56413336e+01  1.00000000e+02  1.39110377e+02 
 1.02329299e+02  6.55543805e+01  1.02329299e+02  1.38455504e+02 
 1.04712855e+02  6.54651536e+01  1.04712855e+02  1.37798866e+02 
 1.07151931e+02  6.53736419e+01  1.07151931e+02  1.37140805e+02 
 1.09647820e+02  6.52798367e+01  1.09647820e+02  1.36481663e+02 
 1.12201845e+02  6.51837315e+01  1.12201845e+02  1.35821788e+02 
 1.14815362e+02  6.50853225e+01  1.14815362e+02  1.35161527e+02 
 1.17489755e+02  6.49846081e+01  1.17489755e+02  1.34501232e+02 
 1.20226443e+02  6.48815894e+01  1.20226443e+02  1.33841251e+02 
 1.23026877e+02  6.47762696e+01  1.23026877e+02  1.33181933e+02 
 1.25892541e+02  6.46686546e+01  1.25892541e+02  1.32523626e+02 
 1.28824955e+02  6.45587526e+01  1.28824955e+02  1.31866674e+02 
 1.31825674e+02  6.44465740e+01  1.31825674e+02  1.31211419e+02 
 1.34896288e+02  6.43321318e+01  1.34896288e+02  1.30558197e+02 
 1.38038426e+02  6.42154412e+01  1.38038426e+02  1.29907340e+02 
 1.41253754e+02  6.40965194e+01  1.41253754e+02  1.29259173e+02 
 1.44543977e+02  6.39753858e+01  1.44543977e+02  1.28614015e+02 
 1.47910839e+02  6.38520622e+01  1.47910839e+02  1.27972177e+02 
 1.51356125e+02  6.37265718e+01  1.51356125e+02  1.27333962e+02 
 1.54881662e+02  6.35989402e+01  1.54881662e+02  1.26699664e+02 
 1.58489319e+02  6.34691945e+01  1.58489319e+02  1.26069567e+02 
 1.62181010e+02  6.33373634e+01  1.62181010e+02  1.25443946e+02 
 1.65958691e+02  6.32034775e+01  1.65958691e+02  1.24823066e+02 
 1.69824365e+02  6.30675686e+01  1.69824365e+02  1.24207179e+02 
 1.73780083e+02  6.29296700e+01  1.73780083e+02  1.23596528e+02 
 1.77827941e+02  6.27898162e+01  1.77827941e+02  1.22991343e+02 
 1.81970086e+02  6.26480426e+01  1.81970086e+02  1.22391843e+02 
 1.86208714e+02  6.25043861e+01  1.86208714e+02  1.21798234e+02 
 1.90546072e+02  6.23588841e+01  1.90546072e+02  1.21210710e+02 
 1.94984460e+02  6.22115749e+01  1.94984460e+02  1.20629455e+02 
 1.99526231e+02  6.20624976e+01  1.99526231e+02  1.20054639e+02 
 2.04173794e+02  6.19116916e+01  2.04173794e+02  1.19486418e+02 
 2.08929613e+02  6.17591969e+01  2.08929613e+02  1.18924939e+02 
 2.13796209e+02  6.16050541e+01  2.13796209e+02  1.18370335e+02 
 2.18776162e+02  6.14493035e+01  2.18776162e+02  1.17822727e+02 
 2.23872114e+02  6.12919861e+01  2.23872114e+02  1.17282227e+02 
 2.29086765e+02  6.11331427e+01  2.29086765e+02  1.16748930e+02 
 2.34422882e+02  6.09728140e+01  2.34422882e+02  1.16222925e+02 
 2.39883292e+02  6.08110409e+01  2.39883292e+02  1.15704288e+02 
 2.45470892e+02  6.06478637e+01  2.45470892e+02  1.15193083e+02 
 2.51188643e+02  6.04833229e+01  2.51188643e+02  1.14689365e+02 
 2.57039578e+02  6.03174584e+01  2.57039578e+02  1.14193179e+02 
 2.63026799e+02  6.01503097e+01  2.63026799e+02  1.13704559e+02 
 2.69153480e+02  5.99819159e+01  2.69153480e+02  1.13223532e+02 
 2.75422870e+02  5.98123157e+01  2.75422870e+02  1.12750113e+02 
 2.81838293e+02  5.96415471e+01  2.81838293e+02  1.12284310e+02 
 2.88403150e+02  5.94696476e+01  2.88403150e+02  1.11826123e+02 
 2.95120923e+02  5.92966540e+01  2.95120923e+02  1.11375545e+02 
 3.01995172e+02  5.91226026e+01  3.01995172e+02  1.10932559e+02 
 3.09029543e+02  5.89475287e+01  3.09029543e+02  1.10497142e+02 
 3.16227766e+02  5.87714672e+01  3.16227766e+02  1.10069266e+02 
 3.23593657e+02  5.85944520e+01  3.23593657e+02  1.09648895e+02 
 3.31131121e+02  5.84165163e+01  3.31131121e+02  1.09235988e+02 
 3.38844156e+02  5.82376927e+01  3.38844156e+02  1.08830498e+02 
 3.46736850e+02  5.80580128e+01  3.46736850e+02  1.08432372e+02 
 3.54813389e+02  5.78775075e+01  3.54813389e+02  1.08041554e+02 
 3.63078055e+02  5.76962067e+01  3.63078055e+02  1.07657982e+02 
 3.71535229e+02  5.75141398e+01  3.71535229e+02  1.07281592e+02 
 3.80189396e+02  5.73313351e+01  3.80189396e+02  1.06912315e+02 
 3.89045145e+02  5.71478202e+01  3.89045145e+02  1.06550077e+02 
 3.98107171e+02  5.69636221e+01  3.98107171e+02  1.06194803e+02 
 4.07380278e+02  5.67787665e+01  4.07380278e+02  1.05846414e+02 
 4.16869383e+02  5.65932788e+01  4.16869383e+02  1.05504830e+02 
 4.26579519e+02  5.64071833e+01  4.26579519e+02  1.05169967e+02 
 4.36515832e+02  5.62205038e+01  4.36515832e+02  1.04841740e+02 
 4.46683592e+02  5.60332629e+01  4.46683592e+02  1.04520060e+02 
 4.57088190e+02  5.58454829e+01  4.57088190e+02  1.04204840e+02 
 4.67735141e+02  5.56571851e+01  4.67735141e+02  1.03895988e+02 
 4.78630092e+02  5.54683901e+01  4.78630092e+02  1.03593415e+02 
 4.89778819e+02  5.52791178e+01  4.89778819e+02  1.03297026e+02 
 5.01187234e+02  5.50893876e+01  5.01187234e+02  1.03006730e+02 
 5.12861384e+02  5.48992179e+01  5.12861384e+02  1.02722431e+02 
 5.24807460e+02  5.47086266e+01  5.24807460e+02  1.02444037e+02 
 5.37031796e+02  5.45176309e+01  5.37031796e+02  1.02171453e+02 
 5.49540874e+02  5.43262475e+01  5.49540874e+02  1.01904583e+02 
 5.62341325e+02  5.41344922e+01  5.62341325e+02  1.01643334e+02 
 5.75439937e+02  5.39423806e+01  5.75439937e+02  1.01387610e+02 
 5.88843655e+02  5.37499274e+01  5.88843655e+02  1.01137317e+02 
 6.02559586e+02  5.35571468e+01  6.02559586e+02  1.00892362e+02 
 6.16595002e+02  5.33640526e+01  6.16595002e+02  1.00652651e+02 
 6.30957344e+02  5.31706578e+01  6.30957344e+02  1.00418091e+02 
 6.45654229e+02  5.29769753e+01  6.45654229e+02  1.00188589e+02 
 6.60693448e+02  5.27830170e+01  6.60693448e+02  9.99640533e+01 
 6.76082975e+02  5.25887947e+01  6.76082975e+02  9.97443934e+01 
 6.91830971e+02  5.23943197e+01  6.91830971e+02  9.95295189e+01 
 7.07945784e+02  5.21996026e+01  7.07945784e+02  9.93193404e+01 
 7.24435960e+02  5.20046538e+01  7.24435960e+02  9.91137697e+01 
 7.41310241e+02  5.18094833e+01  7.41310241e+02  9.89127194e+01 
 7.58577575e+02  5.16141005e+01  7.58577575e+02  9.87161030e+01 
 7.76247117e+02  5.14185145e+01  7.76247117e+02  9.85238353e+01 
 7.94328235e+02  5.12227342e+01  7.94328235e+02  9.83358321e+01 
 8.12830516e+02  5.10267679e+01  8.12830516e+02  9.81520102e+01 
 8.31763771e+02  5.08306236e+01  8.31763771e+02  9.79722879e+01 
 8.51138038e+02  5.06343092e+01  8.51138038e+02  9.77965842e+01 
 8.70963590e+02  5.04378318e+01  8.70963590e+02  9.76248197e+01 
 8.91250938e+02  5.02411987e+01  8.91250938e+02  9.74569160e+01 
 9.12010839e+02  5.00444166e+01  9.12010839e+02  9.72927961e+01 
 9.33254301e+02  4.98474921e+01  9.33254301e+02  9.71323839e+01 
 9.54992586e+02  4.96504313e+01  9.54992586e+02  9.69756050e+01 
 9.77237221e+02  4.94532402e+01  9.77237221e+02  9.68223858e+01 
 1.00000000e+03  4.92559246e+01  1.00000000e+03  9.66726543e+01 
 1.02329299e+03  4.90584898e+01  1.02329299e+03  9.65263396e+01 
 1.04712855e+03  4.88609412e+01  1.04712855e+03  9.63833721e+01 
 1.07151931e+03  4.86632836e+01  1.07151931e+03  9.62436835e+01 
 1.09647820e+03  4.84655221e+01  1.09647820e+03  9.61072065e+01 
 1.12201845e+03  4.82676610e+01  1.12201845e+03  9.59738755e+01 
 1.14815362e+03  4.80697049e+01  1.14815362e+03  9.58436257e+01 
 1.17489755e+03  4.78716578e+01  1.17489755e+03  9.57163938e+01 
 1.20226443e+03  4.76735239e+01  1.20226443e+03  9.55921176e+01 
 1.23026877e+03  4.74753070e+01  1.23026877e+03  9.54707362e+01 
 1.25892541e+03  4.72770108e+01  1.25892541e+03  9.53521899e+01 
 1.28824955e+03  4.70786387e+01  1.28824955e+03  9.52364201e+01 
 1.31825674e+03  4.68801943e+01  1.31825674e+03  9.51233696e+01 
 1.34896288e+03  4.66816806e+01  1.34896288e+03  9.50129822e+01 
 1.38038426e+03  4.64831007e+01  1.38038426e+03  9.49052028e+01 
 1.41253754e+03  4.62844577e+01  1.41253754e+03  9.47999776e+01 
 1.44543977e+03  4.60857543e+01  1.44543977e+03  9.46972540e+01 
 1.47910839e+03  4.58869933e+01  1.47910839e+03  9.45969803e+01 
 1.51356125e+03  4.56881771e+01  1.51356125e+03  9.44991061e+01 
 1.54881662e+03  4.54893084e+01  1.54881662e+03  9.44035819e+01 
 1.58489319e+03  4.52903894e+01  1.58489319e+03  9.43103595e+01 
 1.62181010e+03  4.50914223e+01  1.62181010e+03  9.42193916e+01 
 1.65958691e+03  4.48924095e+01  1.65958691e+03  9.41306321e+01 
 1.69824365e+03  4.46933528e+01  1.69824365e+03  9.40440358e+01 
 1.73780083e+03  4.44942544e+01  1.73780083e+03  9.39595586e+01 
 1.77827941e+03  4.42951160e+01  1.77827941e+03  9.38771573e+01 
 1.81970086e+03  4.40959395e+01  1.81970086e+03  9.37967899e+01 
 1.86208714e+03  4.38967266e+01  1.86208714e+03  9.37184151e+01 
 1.90546072e+03  4.36974789e+01  1.90546072e+03  9.36419927e+01 
 1.94984460e+03  4.34981981e+01  1.94984460e+03  9.35674836e+01 
 1.99526231e+03  4.32988857e+01  1.99526231e+03  9.34948493e+01 
 2.04173794e+03  4.30995430e+01  2.04173794e+03  9.34240525e+01 
 2.08929613e+03  4.29001715e+01  2.08929613e+03  9.33550567e+01 
 2.13796209e+03  4.27007724e+01  2.13796209e+03  9.32878263e+01 
 2.18776162e+03  4.25013472e+01  2.18776162e+03  9.32223264e+01 
 2.23872114e+03  4.23018969e+01  2.23872114e+03  9.31585233e+01 
 2.29086765e+03  4.21024227e+01  2.29086765e+03  9.30963838e+01 
 2.34422882e+03  4.19029257e+01  2.34422882e+03  9.30358757e+01 
 2.39883292e+03  4.17034070e+01  2.39883292e+03  9.29769677e+01 
 2.45470892e+03  4.15038676e+01  2.45470892e+03  9.29196292e+01 
 2.51188643e+03  4.13043085e+01  2.51188643e+03  9.28638302e+01 
 2.57039578e+03  4.11047306e+01  2.57039578e+03  9.28095419e+01 
 2.63026799e+03  4.09051348e+01  2.63026799e+03  9.27567360e+01 
 2.69153480e+03  4.07055219e+01  2.69153480e+03  9.27053848e+01 
 2.75422870e+03  4.05058928e+01  2.75422870e+03  9.26554617e+01 
 2.81838293e+03  4.03062482e+01  2.81838293e+03  9.26069406e+01 
 2.88403150e+03  4.01065889e+01  2.88403150e+03  9.25597961e+01 
 2.95120923e+03  3.99069156e+01  2.95120923e+03  9.25140037e+01 
 3.01995172e+03  3.97072290e+01  3.01995172e+03  9.24695394e+01 
 3.09029543e+03  3.95075297e+01  3.09029543e+03  9.24263799e+01 
 3.16227766e+03  3.93078185e+01  3.16227766e+03  9.23845026e+01 
 3.23593657e+03  3.91080959e+01  3.23593657e+03  9.23438856e+01 
 3.31131121e+03  3.89083624e+01  3.31131121e+03  9.23045077e+01 
 3.38844156e+03  3.87086187e+01  3.38844156e+03  9.22663481e+01 
 3.46736850e+03  3.85088654e+01  3.46736850e+03  9.22293869e+01 
 3.54813389e+03  3.83091028e+01  3.54813389e+03  9.21936047e+01 
 3.63078055e+03  3.81093315e+01  3.63078055e+03  9.21589827e+01 
 3.71535229e+03  3.79095521e+01  3.71535229e+03  9.21255028e+01 
 3.80189396e+03  3.77097649e+01  3.80189396e+03  9.20931472e+01 
 3.89045145e+03  3.75099705e+01  3.89045145e+03  9.20618991e+01 
 3.98107171e+03  3.73101692e+01  3.98107171e+03  9.20317420e+01 
 4.07380278e+03  3.71103615e+01  4.07380278e+03  9.20026600e+01 
 4.16869383e+03  3.69105478e+01  4.16869383e+03  9.19746379e+01 
 4.26579519e+03  3.67107284e+01  4.26579519e+03  9.19476609e+01 
 4.36515832e+03  3.65109038e+01  4.36515832e+03  9.19217148e+01 
 4.46683592e+03  3.63110744e+01  4.46683592e+03  9.18967859e+01 
 4.57088190e+03  3.61112404e+01  4.57088190e+03  9.18728611e+01 
 4.67735141e+03  3.59114023e+01  4.67735141e+03  9.18499278e+01 
 4.78630092e+03  3.57115604e+01  4.78630092e+03  9.18279740e+01 
 4.89778819e+03  3.55117150e+01  4.89778819e+03  9.18069879e+01 
 5.01187234e+03  3.53118664e+01  5.01187234e+03  9.17869586e+01 
 5.12861384e+03  3.51120150e+01  5.12861384e+03  9.17678755e+01 
 5.24807460e+03  3.49121611e+01  5.24807460e+03  9.17497285e+01 
 5.37031796e+03  3.47123050e+01  5.37031796e+03  9.17325081e+01 
 5.49540874e+03  3.45124470e+01  5.49540874e+03  9.17162050e+01 
 5.62341325e+03  3.43125874e+01  5.62341325e+03  9.17008108e+01 
 5.75439937e+03  3.41127265e+01  5.75439937e+03  9.16863173e+01 
 5.88843655e+03  3.39128646e+01  5.88843655e+03  9.16727168e+01 
 6.02559586e+03  3.37130020e+01  6.02559586e+03  9.16600020e+01 
 6.16595002e+03  3.35131390e+01  6.16595002e+03  9.16481664e+01 
 6.30957344e+03  3.33132758e+01  6.30957344e+03  9.16372036e+01 
 6.45654229e+03  3.31134128e+01  6.45654229e+03  9.16271077e+01 
 6.60693448e+03  3.29135502e+01  6.60693448e+03  9.16178735e+01 
 6.76082975e+03  3.27136884e+01  6.76082975e+03  9.16094960e+01 
 6.91830971e+03  3.25138276e+01  6.91830971e+03  9.16019707e+01 
 7.07945784e+03  3.23139681e+01  7.07945784e+03  9.15952936e+01 
 7.24435960e+03  3.21141102e+01  7.24435960e+03  9.15894613e+01 
 7.41310241e+03  3.19142543e+01  7.41310241e+03  9.15844704e+01 
 7.58577575e+03  3.17144006e+01  7.58577575e+03  9.15803184e+01 
 7.76247117e+03  3.15145495e+01  7.76247117e+03  9.15770030e+01 
 7.94328235e+03  3.13147012e+01  7.94328235e+03  9.15745224e+01 
 8.12830516e+03  3.11148560e+01  8.12830516e+03  9.15728752e+01 
 8.31763771e+03  3.09150144e+01  8.31763771e+03  9.15720604e+01 
 8.51138038e+03  3.07151766e+01  8.51138038e+03  9.15720776e+01 
 8.70963590e+03  3.05153430e+01  8.70963590e+03  9.15729267e+01 
 8.91250938e+03  3.03155140e+01  8.91250938e+03  9.15746081e+01 
 9.12010839e+03  3.01156898e+01  9.12010839e+03  9.15771225e+01 
 9.33254301e+03  2.99158709e+01  9.33254301e+03  9.15804711e+01 
 9.54992586e+03  2.97160577e+01  9.54992586e+03  9.15846557e+01 
 9.77237221e+03  2.95162505e+01  9.77237221e+03  9.15896783e+01 
 1.00000000e+04  2.93164498e+01  1.00000000e+04  9.15955414e+01 
 1.02329299e+04  2.91166559e+01  1.02329299e+04  9.16022481e+01 
 1.04712855e+04  2.89168694e+01  1.04712855e+04  9.16098016e+01 
 1.07151931e+04  2.87170906e+01  1.07151931e+04  9.16182059e+01 
 1.09647820e+04  2.85173200e+01  1.09647820e+04  9.16274652e+01 
 1.12201845e+04  2.83175582e+01  1.12201845e+04  9.16375842e+01 
 1.14815362e+04  2.81178056e+01  1.14815362e+04  9.16485681e+01 
 1.17489755e+04  2.79180627e+01  1.17489755e+04  9.16604224e+01 
 1.20226443e+04  2.77183302e+01  1.20226443e+04  9.16731532e+01 
 1.23026877e+04  2.75186084e+01  1.23026877e+04  9.16867670e+01 
 1.25892541e+04  2.73188982e+01  1.25892541e+04  9.17012707e+01 
 1.28824955e+04  2.71191999e+01  1.28824955e+04  9.17166717e+01 
 1.31825674e+04  2.69195144e+01  1.31825674e+04  9.17329779e+01 
 1.34896288e+04  2.67198422e+01  1.34896288e+04  9.17501974e+01 
 1.38038426e+04  2.65201841e+01  1.38038426e+04  9.17683392e+01 
 1.41253754e+04  2.63205407e+01  1.41253754e+04  9.17874123e+01 
 1.44543977e+04  2.61209128e+01  1.44543977e+04  9.18074265e+01 
 1.47910839e+04  2.59213013e+01  1.47910839e+04  9.18283918e+01 
 1.51356125e+04  2.57217068e+01  1.51356125e+04  9.18503190e+01 
 1.54881662e+04  2.55221303e+01  1.54881662e+04  9.18732191e+01 
 1.58489319e+04  2.53225727e+01  1.58489319e+04  9.18971037e+01 
 1.62181010e+04  2.51230349e+01  1.62181010e+04  9.19219848e+01 
 1.65958691e+04  2.49235179e+01  1.65958691e+04  9.19478749e+01 
 1.69824365e+04  2.47240227e+01  1.69824365e+04  9.19747871e+01 
 1.73780083e+04  2.45245503e+01  1.73780083e+04  9.20027349e+01 
 1.77827941e+04  2.43251018e+01  1.77827941e+04  9.20317322e+01 
 1.81970086e+04  2.41256785e+01  1.81970086e+04  9.20617936e+01 
 1.86208714e+04  2.39262815e+01  1.86208714e+04  9.20929341e+01 
 1.90546072e+04  2.37269121e+01  1.90546072e+04  9.21251692e+01 
 1.94984460e+04  2.35275716e+01  1.94984460e+04  9.21585149e+01 
 1.99526231e+04  2.33282614e+01  1.99526231e+04  9.21929877e+01 
 2.04173794e+04  2.31289830e+01  2.04173794e+04  9.22286047e+01 
 2.08929613e+04  2.29297378e+01  2.08929613e+04  9.22653835e+01 
 2.13796209e+04  2.27305274e+01  2.13796209e+04  9.23033421e+01 
 2.18776162e+04  2.25313535e+01  2.18776162e+04  9.23424991e+01 
 2.23872114e+04  2.23322179e+01  2.23872114e+04  9.23828738e+01 
 2.29086765e+04  2.21331223e+01  2.29086765e+04  9.24244857e+01 
 2.34422882e+04  2.19340685e+01  2.34422882e+04  9.24673550e+01 
 2.39883292e+04  2.17350587e+01  2.39883292e+04  9.25115026e+01 
 2.45470892e+04  2.15360948e+01  2.45470892e+04  9.25569496e+01 
 2.51188643e+04  2.13371790e+01  2.51188643e+04  9.26037180e+01 
 2.57039578e+04  2.11383135e+01  2.57039578e+04  9.26518300e+01 
 2.63026799e+04  2.09395008e+01  2.63026799e+04  9.27013085e+01 
 2.69153480e+04  2.07407433e+01  2.69153480e+04  9.27521771e+01 
 2.75422870e+04  2.05420435e+01  2.75422870e+04  9.28044596e+01 
 2.81838293e+04  2.03434042e+01  2.81838293e+04  9.28581805e+01 
 2.88403150e+04  2.01448281e+01  2.88403150e+04  9.29133650e+01 
 2.95120923e+04  1.99463183e+01  2.95120923e+04  9.29700386e+01 
 3.01995172e+04  1.97478777e+01  3.01995172e+04  9.30282274e+01 
 3.09029543e+04  1.95495097e+01  3.09029543e+04  9.30879580e+01 
 3.16227766e+04  1.93512176e+01  3.16227766e+04  9.31492577e+01 
 3.23593657e+04  1.91530048e+01  3.23593657e+04  9.32121541e+01 
 3.31131121e+04  1.89548751e+01  3.31131121e+04  9.32766754e+01 
 3.38844156e+04  1.87568323e+01  3.38844156e+04  9.33428502e+01 
 3.46736850e+04  1.85588804e+01  3.46736850e+04  9.34107078e+01 
 3.54813389e+04  1.83610235e+01  3.54813389e+04  9.34802778e+01 
 3.63078055e+04  1.81632662e+01  3.63078055e+04  9.35515903e+01 
 3.71535229e+04  1.79656128e+01  3.71535229e+04  9.36246760e+01 
 3.80189396e+04  1.77680683e+01  3.80189396e+04  9.36995657e+01 
 3.89045145e+04  1.75706376e+01  3.89045145e+04  9.37762911e+01 
 3.98107171e+04  1.73733258e+01  3.98107171e+04  9.38548838e+01 
 4.07380278e+04  1.71761385e+01  4.07380278e+04  9.39353762e+01 
 4.16869383e+04  1.69790813e+01  4.16869383e+04  9.40178007e+01 
 4.26579519e+04  1.67821601e+01  4.26579519e+04  9.41021902e+01 
 4.36515832e+04  1.65853811e+01  4.36515832e+04  9.41885780e+01 
 4.46683592e+04  1.63887507e+01  4.46683592e+04  9.42769974e+01 
 4.57088190e+04  1.61922756e+01  4.57088190e+04  9.43674822e+01 
 4.67735141e+04  1.59959630e+01  4.67735141e+04  9.44600662e+01 
 4.78630092e+04  1.57998200e+01  4.78630092e+04  9.45547834e+01 
 4.89778819e+04  1.56038543e+01  4.89778819e+04  9.46516679e+01 
 5.01187234e+04  1.54080739e+01  5.01187234e+04  9.47507538e+01 
 5.12861384e+04  1.52124870e+01  5.12861384e+04  9.48520754e+01 
 5.24807460e+04  1.50171023e+01  5.24807460e+04  9.49556667e+01 
 5.37031796e+04  1.48219288e+01  5.37031796e+04  9.50615616e+01 
 5.49540874e+04  1.46269759e+01  5.49540874e+04  9.51697940e+01 
 5.62341325e+04  1.44322533e+01  5.62341325e+04  9.52803973e+01 
 5.75439937e+04  1.42377711e+01  5.75439937e+04  9.53934046e+01 
 5.88843655e+04  1.40435400e+01  5.88843655e+04  9.55088487e+01 
 6.02559586e+04  1.38495709e+01  6.02559586e+04  9.56267618e+01 
 6.16595002e+04  1.36558754e+01  6.16595002e+04  9.57471754e+01 
 6.30957344e+04  1.34624652e+01  6.30957344e+04  9.58701204e+01 
 6.45654229e+04  1.32693528e+01  6.45654229e+04  9.59956267e+01 
 6.60693448e+04  1.30765510e+01  6.60693448e+04  9.61237234e+01 
 6.76082975e+04  1.28840732e+01  6.76082975e+04  9.62544384e+01 
 6.91830971e+04  1.26919332e+01  6.91830971e+04  9.63877985e+01 
 7.07945784e+04  1.25001455e+01  7.07945784e+04  9.65238290e+01 
 7.24435960e+04  1.23087249e+01  7.24435960e+04  9.66625536e+01 
 7.41310241e+04  1.21176870e+01  7.41310241e+04  9.68039947e+01 
 7.58577575e+04  1.19270479e+01  7.58577575e+04  9.69481724e+01 
 7.76247117e+04  1.17368241e+01  7.76247117e+04  9.70951050e+01 
 7.94328235e+04  1.15470329e+01  7.94328235e+04  9.72448084e+01 
 8.12830516e+04  1.13576922e+01  8.12830516e+04  9.73972963e+01 
 8.31763771e+04  1.11688203e+01  8.31763771e+04  9.75525796e+01 
 8.51138038e+04  1.09804364e+01  8.51138038e+04  9.77106662e+01 
 8.70963590e+04  1.07925603e+01  8.70963590e+04  9.78715611e+01 
 8.91250938e+04  1.06052122e+01  8.91250938e+04  9.80352658e+01 
 9.12010839e+04  1.04184132e+01  9.12010839e+04  9.82017782e+01 
 9.33254301e+04  1.02321849e+01  9.33254301e+04  9.83710924e+01 
 9.54992586e+04  1.00465498e+01  9.54992586e+04  9.85431981e+01 
 9.77237221e+04  9.86153080e+00  9.77237221e+04  9.87180806e+01 
 1.00000000e+05  9.67715160e+00  1.00000000e+05  9.88957205e+01 
 1.02329299e+05  9.49343655e+00  1.02329299e+05  9.90760931e+01 
 1.04712855e+05  9.31041066e+00  1.04712855e+05  9.92591684e+01 
 1.07151931e+05  9.12809960e+00  1.07151931e+05  9.94449106e+01 
 1.09647820e+05  8.94652971e+00  1.09647820e+05  9.96332777e+01 
 1.12201845e+05  8.76572793e+00  1.12201845e+05  9.98242211e+01 
 1.14815362e+05  8.58572187e+00  1.14815362e+05  1.00017685e+02 
 1.17489755e+05  8.40653974e+00  1.17489755e+05  1.00213608e+02 
 1.20226443e+05  8.22821033e+00  1.20226443e+05  1.00411918e+02 
 1.23026877e+05  8.05076301e+00  1.23026877e+05  1.00612538e+02 
 1.25892541e+05  7.87422769e+00  1.25892541e+05  1.00815380e+02 
 1.28824955e+05  7.69863479e+00  1.28824955e+05  1.01020349e+02 
 1.31825674e+05  7.52401520e+00  1.31825674e+05  1.01227339e+02 
 1.34896288e+05  7.35040026e+00  1.34896288e+05  1.01436236e+02 
 1.38038426e+05  7.17782169e+00  1.38038426e+05  1.01646915e+02 
 1.41253754e+05  7.00631154e+00  1.41253754e+05  1.01859240e+02 
 1.44543977e+05  6.83590218e+00  1.44543977e+05  1.02073064e+02 
 1.47910839e+05  6.66662618e+00  1.47910839e+05  1.02288231e+02 
 1.51356125e+05  6.49851629e+00  1.51356125e+05  1.02504571e+02 
 1.54881662e+05  6.33160536e+00  1.54881662e+05  1.02721901e+02 
 1.58489319e+05  6.16592625e+00  1.58489319e+05  1.02940028e+02 
 1.62181010e+05  6.00151178e+00  1.62181010e+05  1.03158745e+02 
 1.65958691e+05  5.83839461e+00  1.65958691e+05  1.03377833e+02 
 1.69824365e+05  5.67660719e+00  1.69824365e+05  1.03597057e+02 
 1.73780083e+05  5.51618163e+00  1.73780083e+05  1.03816170e+02 
 1.77827941e+05  5.35714962e+00  1.77827941e+05  1.04034913e+02 
 1.81970086e+05  5.19954232e+00  1.81970086e+05  1.04253009e+02 
 1.86208714e+05  5.04339026e+00  1.86208714e+05  1.04470169e+02 
 1.90546072e+05  4.88872322e+00  1.90546072e+05  1.04686090e+02 
 1.94984460e+05  4.73557010e+00  1.94984460e+05  1.04900454e+02 
 1.99526231e+05  4.58395885e+00  1.99526231e+05  1.05112928e+02 
 2.04173794e+05  4.43391628e+00  2.04173794e+05  1.05323164e+02 
 2.08929613e+05  4.28546800e+00  2.08929613e+05  1.05530802e+02 
 2.13796209e+05  4.13863825e+00  2.13796209e+05  1.05735467e+02 
 2.18776162e+05  3.99344981e+00  2.18776162e+05  1.05936767e+02 
 2.23872114e+05  3.84992384e+00  2.23872114e+05  1.06134301e+02 
 2.29086765e+05  3.70807978e+00  2.29086765e+05  1.06327651e+02 
 2.34422882e+05  3.56793521e+00  2.34422882e+05  1.06516388e+02 
 2.39883292e+05  3.42950576e+00  2.39883292e+05  1.06700068e+02 
 2.45470892e+05  3.29280495e+00  2.45470892e+05  1.06878239e+02 
 2.51188643e+05  3.15784408e+00  2.51188643e+05  1.07050434e+02 
 2.57039578e+05  3.02463218e+00  2.57039578e+05  1.07216175e+02 
 2.63026799e+05  2.89317584e+00  2.63026799e+05  1.07374977e+02 
 2.69153480e+05  2.76347912e+00  2.69153480e+05  1.07526342e+02 
 2.75422870e+05  2.63554351e+00  2.75422870e+05  1.07669767e+02 
 2.81838293e+05  2.50936781e+00  2.81838293e+05  1.07804738e+02 
 2.88403150e+05  2.38494805e+00  2.88403150e+05  1.07930737e+02 
 2.95120923e+05  2.26227747e+00  2.95120923e+05  1.08047238e+02 
 3.01995172e+05  2.14134643e+00  3.01995172e+05  1.08153711e+02 
 3.09029543e+05  2.02214240e+00  3.09029543e+05  1.08249622e+02 
 3.16227766e+05  1.90464990e+00  3.16227766e+05  1.08334436e+02 
 3.23593657e+05  1.78885053e+00  3.23593657e+05  1.08407614e+02 
 3.31131121e+05  1.67472292e+00  3.31131121e+05  1.08468618e+02 
 3.38844156e+05  1.56224278e+00  3.38844156e+05  1.08516910e+02 
 3.46736850e+05  1.45138290e+00  3.46736850e+05  1.08551954e+02 
 3.54813389e+05  1.34211318e+00  3.54813389e+05  1.08573217e+02 
 3.63078055e+05  1.23440074e+00  3.63078055e+05  1.08580170e+02 
 3.71535229e+05  1.12820989e+00  3.71535229e+05  1.08572289e+02 
 3.80189396e+05  1.02350230e+00  3.80189396e+05  1.08549055e+02 
 3.89045145e+05  9.20237032e-01  3.89045145e+05  1.08509959e+02 
 3.98107171e+05  8.18370670e-01  3.98107171e+05  1.08454496e+02 
 4.07380278e+05  7.17857433e-01  4.07380278e+05  1.08382175e+02 
 4.16869383e+05  6.18649304e-01  4.16869383e+05  1.08292511e+02 
 4.26579519e+05  5.20696171e-01  4.26579519e+05  1.08185032e+02 
 4.36515832e+05  4.23945982e-01  4.36515832e+05  1.08059277e+02 
 4.46683592e+05  3.28344908e-01  4.46683592e+05  1.07914797e+02 
 4.57088190e+05  2.33837516e-01  4.57088190e+05  1.07751158e+02 
 4.67735141e+05  1.40366954e-01  4.67735141e+05  1.07567936e+02 
 4.78630092e+05  4.78751432e-02  4.78630092e+05  1.07364724e+02 
 4.89778819e+05 -4.36970198e-02  4.89778819e+05  1.07141129e+02 
 5.01187234e+05 -1.34409458e-01  5.01187234e+05  1.06896771e+02 
 5.12861384e+05 -2.24322694e-01  5.12861384e+05  1.06631287e+02 
 5.24807460e+05 -3.13497636e-01  5.24807460e+05  1.06344329e+02 
 5.37031796e+05 -4.01995340e-01  5.37031796e+05  1.06035562e+02 
 5.49540874e+05 -4.89876792e-01  5.49540874e+05  1.05704667e+02 
 5.62341325e+05 -5.77202661e-01  5.62341325e+05  1.05351341e+02 
 5.75439937e+05 -6.64033068e-01  5.75439937e+05  1.04975294e+02 
 5.88843655e+05 -7.50427343e-01  5.88843655e+05  1.04576250e+02 
 6.02559586e+05 -8.36443785e-01  6.02559586e+05  1.04153946e+02 
 6.16595002e+05 -9.22139418e-01  6.16595002e+05  1.03708134e+02 
 6.30957344e+05 -1.00756975e+00  6.30957344e+05  1.03238575e+02 
 6.45654229e+05 -1.09278852e+00  6.45654229e+05  1.02745041e+02 
 6.60693448e+05 -1.17784750e+00  6.60693448e+05  1.02227317e+02 
 6.76082975e+05 -1.26279619e+00  6.76082975e+05  1.01685194e+02 
 6.91830971e+05 -1.34768165e+00  6.91830971e+05  1.01118470e+02 
 7.07945784e+05 -1.43254824e+00  7.07945784e+05  1.00526950e+02 
 7.24435960e+05 -1.51743739e+00  7.24435960e+05  9.99104420e+01 
 7.41310241e+05 -1.60238743e+00  7.41310241e+05  9.92687577e+01 
 7.58577575e+05 -1.68743332e+00  7.58577575e+05  9.86017079e+01 
 7.76247117e+05 -1.77260650e+00  7.76247117e+05  9.79091020e+01 
 7.94328235e+05 -1.85793468e+00  7.94328235e+05  9.71907452e+01 
 8.12830516e+05 -1.94344168e+00  8.12830516e+05  9.64464360e+01 
 8.31763771e+05 -2.02914726e+00  8.31763771e+05  9.56759638e+01 
 8.51138038e+05 -2.11506697e+00  8.51138038e+05  9.48791056e+01 
 8.70963590e+05 -2.20121201e+00  8.70963590e+05  9.40556233e+01 
 8.91250938e+05 -2.28758914e+00  8.91250938e+05  9.32052603e+01 
 9.12010839e+05 -2.37420060e+00  9.12010839e+05  9.23277380e+01 
 9.33254301e+05 -2.46104399e+00  9.33254301e+05  9.14227520e+01 
 9.54992586e+05 -2.54811228e+00  9.54992586e+05  9.04899681e+01 
 9.77237221e+05 -2.63539379e+00  9.77237221e+05  8.95290184e+01 
 1.00000000e+06 -2.72287218e+00  1.00000000e+06  8.85394961e+01 
 1.02329299e+06 -2.81052656e+00  1.02329299e+06  8.75209513e+01 
 1.04712855e+06 -2.89833152e+00  1.04712855e+06  8.64728854e+01 
 1.07151931e+06 -2.98625737e+00  1.07151931e+06  8.53947460e+01 
 1.09647820e+06 -3.07427024e+00  1.09647820e+06  8.42859205e+01 
 1.12201845e+06 -3.16233243e+00  1.12201845e+06  8.31457302e+01 
 1.14815362e+06 -3.25040271e+00  1.14815362e+06  8.19734234e+01 
 1.17489755e+06 -3.33843673e+00  1.17489755e+06  8.07681682e+01 
 1.20226443e+06 -3.42638756e+00  1.20226443e+06  7.95290448e+01 
 1.23026877e+06 -3.51420630e+00  1.23026877e+06  7.82550373e+01 
 1.25892541e+06 -3.60184285e+00  1.25892541e+06  7.69450249e+01 
 1.28824955e+06 -3.68924681e+00  1.28824955e+06  7.55977721e+01 
 1.31825674e+06 -3.77636860e+00  1.31825674e+06  7.42119193e+01 
 1.34896288e+06 -3.86316073e+00  1.34896288e+06  7.27859714e+01 
 1.38038426e+06 -3.94957937e+00  1.38038426e+06  7.13182868e+01 
 1.41253754e+06 -4.03558619e+00  1.41253754e+06  6.98070655e+01 
 1.44543977e+06 -4.12115055e+00  1.44543977e+06  6.82503362e+01 
 1.47910839e+06 -4.20625209e+00  1.47910839e+06  6.66459433e+01 
 1.51356125e+06 -4.29088378e+00  1.51356125e+06  6.49915339e+01 
 1.54881662e+06 -4.37505557e+00  1.54881662e+06  6.32845434e+01 
 1.58489319e+06 -4.45879862e+00  1.58489319e+06  6.15221833e+01 
 1.62181010e+06 -4.54217033e+00  1.62181010e+06  5.97014276e+01 
 1.65958691e+06 -4.62526023e+00  1.65958691e+06  5.78190022e+01 
 1.69824365e+06 -4.70819678e+00  1.69824365e+06  5.58713755e+01 
 1.73780083e+06 -4.79115540e+00  1.73780083e+06  5.38547532e+01 
 1.77827941e+06 -4.87436767e+00  1.77827941e+06  5.17650772e+01 
 1.81970086e+06 -4.95813185e+00  1.81970086e+06  4.95980324e+01 
 1.86208714e+06 -5.04282492e+00  1.86208714e+06  4.73490622e+01 
 1.90546072e+06 -5.12891600e+00  1.90546072e+06  4.50133974e+01 
 1.94984460e+06 -5.21698125e+00  1.94984460e+06  4.25861012e+01 
 1.99526231e+06 -5.30771992e+00  1.99526231e+06  4.00621354e+01 
 2.04173794e+06 -5.40197128e+00  2.04173794e+06  3.74364533e+01 
 2.08929613e+06 -5.50073173e+00  2.08929613e+06  3.47041246e+01 
 2.13796209e+06 -5.60517107e+00  2.13796209e+06  3.18604985e+01 
 2.18776162e+06 -5.71664661e+00  2.18776162e+06  2.89014102e+01 
 2.23872114e+06 -5.83671305e+00  2.23872114e+06  2.58234346e+01 
 2.29086765e+06 -5.96712580e+00  2.29086765e+06  2.26241887e+01 
 2.34422882e+06 -6.10983472e+00  2.34422882e+06  1.93026776e+01 
 2.39883292e+06 -6.26696502e+00  2.39883292e+06  1.58596747e+01 
 2.45470892e+06 -6.44078223e+00  2.45470892e+06  1.22981145e+01 
 2.51188643e+06 -6.63363841e+00  2.51188643e+06  8.62347020e+00 
 2.57039578e+06 -6.84789840e+00  2.57039578e+06  4.84407351e+00 
 2.63026799e+06 -7.08584709e+00  2.63026799e+06  9.71330075e-01 
 2.69153480e+06 -7.34958114e+00  2.69153480e+06 -2.98022046e+00 
 2.75422870e+06 -7.64089266e+00  2.75422870e+06 -6.99304344e+00 
 2.81838293e+06 -7.96115448e+00  2.81838293e+06 -1.10469747e+01 
 2.88403150e+06 -8.31121942e+00  2.88403150e+06 -1.51198132e+01 
 2.95120923e+06 -8.69134541e+00  2.95120923e+06 -1.91881094e+01 
 3.01995172e+06 -9.10115629e+00  3.01995172e+06 -2.32280861e+01 
 3.09029543e+06 -9.53964398e+00  3.09029543e+06 -2.72166050e+01 
 3.16227766e+06 -1.00052117e+01  3.16227766e+06 -3.11320848e+01 
 3.23593657e+06 -1.04957531e+01  3.23593657e+06 -3.49552852e+01 
 3.31131121e+06 -1.10087566e+01  3.31131121e+06 -3.86698929e+01 
 3.38844156e+06 -1.15414241e+01  3.38844156e+06 -4.22628802e+01 
 3.46736850e+06 -1.20907910e+01  3.46736850e+06 -4.57246361e+01 
 3.54813389e+06 -1.26538389e+01  3.54813389e+06 -4.90488981e+01 
 3.63078055e+06 -1.32275920e+01  3.63078055e+06 -5.22325255e+01 
 3.71535229e+06 -1.38091959e+01  3.71535229e+06 -5.52751656e+01 
 3.80189396e+06 -1.43959761e+01  3.80189396e+06 -5.81788587e+01 
 3.89045145e+06 -1.49854778e+01  3.89045145e+06 -6.09476197e+01 
 3.98107171e+06 -1.55754898e+01  3.98107171e+06 -6.35870278e+01 
 4.07380278e+06 -1.61640545e+01  4.07380278e+06 -6.61038425e+01 
 4.16869383e+06 -1.67494688e+01  4.16869383e+06 -6.85056572e+01 
 4.26579519e+06 -1.73302758e+01  4.26579519e+06 -7.08005970e+01 
 4.36515832e+06 -1.79052518e+01  4.36515832e+06 -7.29970587e+01 
 4.46683592e+06 -1.84733900e+01  4.46683592e+06 -7.51034947e+01 
 4.57088190e+06 -1.90338814e+01  4.57088190e+06 -7.71282345e+01 
 4.67735141e+06 -1.95860944e+01  4.67735141e+06 -7.90793424e+01 
 4.78630092e+06 -2.01295546e+01  4.78630092e+06 -8.09645064e+01 
 4.89778819e+06 -2.06639240e+01  4.89778819e+06 -8.27909556e+01 
 5.01187234e+06 -2.11889817e+01  5.01187234e+06 -8.45654018e+01 
 5.12861384e+06 -2.17046047e+01  5.12861384e+06 -8.62940028e+01 
 5.24807460e+06 -2.22107509e+01  5.24807460e+06 -8.79823443e+01 
 5.37031796e+06 -2.27074426e+01  5.37031796e+06 -8.96354372e+01 
 5.49540874e+06 -2.31947524e+01  5.49540874e+06 -9.12577280e+01 
 5.62341325e+06 -2.36727905e+01  5.62341325e+06 -9.28531191e+01 
 5.75439937e+06 -2.41416936e+01  5.75439937e+06 -9.44249973e+01 
 5.88843655e+06 -2.46016156e+01  5.88843655e+06 -9.59762678e+01 
 6.02559586e+06 -2.50527199e+01  6.02559586e+06 -9.75093920e+01 
 6.16595002e+06 -2.54951730e+01  6.16595002e+06 -9.90264273e+01 
 6.30957344e+06 -2.59291398e+01  6.30957344e+06 -1.00529067e+02 
 6.45654229e+06 -2.63547799e+01  6.45654229e+06 -1.02018682e+02 
 6.60693448e+06 -2.67722448e+01  6.60693448e+06 -1.03496356e+02 
 6.76082975e+06 -2.71816766e+01  6.76082975e+06 -1.04962923e+02 
 6.91830971e+06 -2.75832064e+01  6.91830971e+06 -1.06419004e+02 
 7.07945784e+06 -2.79769548e+01  7.07945784e+06 -1.07865032e+02 
 7.24435960e+06 -2.83630313e+01  7.24435960e+06 -1.09301287e+02 
 7.41310241e+06 -2.87415353e+01  7.41310241e+06 -1.10727915e+02 
 7.58577575e+06 -2.91125569e+01  7.58577575e+06 -1.12144954e+02 
 7.76247117e+06 -2.94761776e+01  7.76247117e+06 -1.13552353e+02 
 7.94328235e+06 -2.98324718e+01  7.94328235e+06 -1.14949988e+02 
 8.12830516e+06 -3.01815078e+01  8.12830516e+06 -1.16337678e+02 
 8.31763771e+06 -3.05233491e+01  8.31763771e+06 -1.17715198e+02 
 8.51138038e+06 -3.08580556e+01  8.51138038e+06 -1.19082288e+02 
 8.70963590e+06 -3.11856848e+01  8.70963590e+06 -1.20438666e+02 
 8.91250938e+06 -3.15062926e+01  8.91250938e+06 -1.21784033e+02 
 9.12010839e+06 -3.18199350e+01  9.12010839e+06 -1.23118081e+02 
 9.33254301e+06 -3.21266682e+01  9.33254301e+06 -1.24440498e+02 
 9.54992586e+06 -3.24265502e+01  9.54992586e+06 -1.25750974e+02 
 9.77237221e+06 -3.27196409e+01  9.77237221e+06 -1.27049202e+02 
 1.00000000e+07 -3.30060030e+01  1.00000000e+07 -1.28334886e+02 
 1.02329299e+07 -3.32857028e+01  1.02329299e+07 -1.29607738e+02 
 1.04712855e+07 -3.35588100e+01  1.04712855e+07 -1.30867485e+02 
 1.07151931e+07 -3.38253986e+01  1.07151931e+07 -1.32113866e+02 
 1.09647820e+07 -3.40855472e+01  1.09647820e+07 -1.33346637e+02 
 1.12201845e+07 -3.43393387e+01  1.12201845e+07 -1.34565572e+02 
 1.14815362e+07 -3.45868606e+01  1.14815362e+07 -1.35770460e+02 
 1.17489755e+07 -3.48282054e+01  1.17489755e+07 -1.36961107e+02 
 1.20226443e+07 -3.50634702e+01  1.20226443e+07 -1.38137338e+02 
 1.23026877e+07 -3.52927567e+01  1.23026877e+07 -1.39298994e+02 
 1.25892541e+07 -3.55161710e+01  1.25892541e+07 -1.40445933e+02 
 1.28824955e+07 -3.57338238e+01  1.28824955e+07 -1.41578031e+02 
 1.31825674e+07 -3.59458297e+01  1.31825674e+07 -1.42695178e+02 
 1.34896288e+07 -3.61523072e+01  1.34896288e+07 -1.43797281e+02 
 1.38038426e+07 -3.63533785e+01  1.38038426e+07 -1.44884258e+02 
 1.41253754e+07 -3.65491691e+01  1.41253754e+07 -1.45956044e+02 
 1.44543977e+07 -3.67398074e+01  1.44543977e+07 -1.47012584e+02 
 1.47910839e+07 -3.69254245e+01  1.47910839e+07 -1.48053835e+02 
 1.51356125e+07 -3.71061538e+01  1.51356125e+07 -1.49079765e+02 
 1.54881662e+07 -3.72821308e+01  1.54881662e+07 -1.50090348e+02 
 1.58489319e+07 -3.74534924e+01  1.58489319e+07 -1.51085569e+02 
 1.62181010e+07 -3.76203768e+01  1.62181010e+07 -1.52065418e+02 
 1.65958691e+07 -3.77829231e+01  1.65958691e+07 -1.53029891e+02 
 1.69824365e+07 -3.79412707e+01  1.69824365e+07 -1.53978987e+02 
 1.73780083e+07 -3.80955596e+01  1.73780083e+07 -1.54912709e+02 
 1.77827941e+07 -3.82459289e+01  1.77827941e+07 -1.55831063e+02 
 1.81970086e+07 -3.83925177e+01  1.81970086e+07 -1.56734054e+02 
 1.86208714e+07 -3.85354639e+01  1.86208714e+07 -1.57621686e+02 
 1.90546072e+07 -3.86749040e+01  1.90546072e+07 -1.58493966e+02 
 1.94984460e+07 -3.88109733e+01  1.94984460e+07 -1.59350894e+02 
 1.99526231e+07 -3.89438047e+01  1.99526231e+07 -1.60192471e+02 
 2.04173794e+07 -3.90735291e+01  2.04173794e+07 -1.61018692e+02 
 2.08929613e+07 -3.92002750e+01  2.08929613e+07 -1.61829548e+02 
 2.13796209e+07 -3.93241678e+01  2.13796209e+07 -1.62625026e+02 
 2.18776162e+07 -3.94453298e+01  2.18776162e+07 -1.63405108e+02 
 2.23872114e+07 -3.95638801e+01  2.23872114e+07 -1.64169767e+02 
 2.29086765e+07 -3.96799341e+01  2.29086765e+07 -1.64918975e+02 
 2.34422882e+07 -3.97936032e+01  2.34422882e+07 -1.65652694e+02 
 2.39883292e+07 -3.99049949e+01  2.39883292e+07 -1.66370882e+02 
 2.45470892e+07 -4.00142122e+01  2.45470892e+07 -1.67073488e+02 
 2.51188643e+07 -4.01213536e+01  2.51188643e+07 -1.67760460e+02 
 2.57039578e+07 -4.02265130e+01  2.57039578e+07 -1.68431735e+02 
 2.63026799e+07 -4.03297792e+01  2.63026799e+07 -1.69087248e+02 
 2.69153480e+07 -4.04312363e+01  2.69153480e+07 -1.69726928e+02 
 2.75422870e+07 -4.05309629e+01  2.75422870e+07 -1.70350702e+02 
 2.81838293e+07 -4.06290323e+01  2.81838293e+07 -1.70958492e+02 
 2.88403150e+07 -4.07255126e+01  2.88403150e+07 -1.71550216e+02 
 2.95120923e+07 -4.08204662e+01  2.95120923e+07 -1.72125795e+02 
 3.01995172e+07 -4.09139499e+01  3.01995172e+07 -1.72685147e+02 
 3.09029543e+07 -4.10060150e+01  3.09029543e+07 -1.73228190e+02 
 3.16227766e+07 -4.10967069e+01  3.16227766e+07 -1.73754847e+02 
 3.23593657e+07 -4.11860656e+01  3.23593657e+07 -1.74265041e+02 
 3.31131121e+07 -4.12741252e+01  3.31131121e+07 -1.74758705e+02 
 3.38844156e+07 -4.13609142e+01  3.38844156e+07 -1.75235773e+02 
 3.46736850e+07 -4.14464554e+01  3.46736850e+07 -1.75696191e+02 
 3.54813389e+07 -4.15307664e+01  3.54813389e+07 -1.76139913e+02 
 3.63078055e+07 -4.16138589e+01  3.63078055e+07 -1.76566906e+02 
 3.71535229e+07 -4.16957397e+01  3.71535229e+07 -1.76977147e+02 
 3.80189396e+07 -4.17764102e+01  3.80189396e+07 -1.77370630e+02 
 3.89045145e+07 -4.18558669e+01  3.89045145e+07 -1.77747366e+02 
 3.98107171e+07 -4.19341015e+01  3.98107171e+07 -1.78107382e+02 
 4.07380278e+07 -4.20111010e+01  4.07380278e+07 -1.78450726e+02 
 4.16869383e+07 -4.20868482e+01  4.16869383e+07 -1.78777467e+02 
 4.26579519e+07 -4.21613218e+01  4.26579519e+07 -1.79087698e+02 
 4.36515832e+07 -4.22344967e+01  4.36515832e+07 -1.79381534e+02 
 4.46683592e+07 -4.23063443e+01  4.46683592e+07 -1.79659118e+02 
 4.57088190e+07 -4.23768329e+01  4.57088190e+07 -1.79920618e+02 
 4.67735141e+07 -4.24459281e+01  4.67735141e+07  1.79833768e+02 
 4.78630092e+07 -4.25135928e+01  4.78630092e+07  1.79603814e+02 
 4.89778819e+07 -4.25797882e+01  4.89778819e+07  1.79389263e+02 
 5.01187234e+07 -4.26444736e+01  5.01187234e+07  1.79189829e+02 
 5.12861384e+07 -4.27076073e+01  5.12861384e+07  1.79005193e+02 
 5.24807460e+07 -4.27691466e+01  5.24807460e+07  1.78835005e+02 
 5.37031796e+07 -4.28290486e+01  5.37031796e+07  1.78678882e+02 
 5.49540874e+07 -4.28872705e+01  5.49540874e+07  1.78536411e+02 
 5.62341325e+07 -4.29437700e+01  5.62341325e+07  1.78407146e+02 
 5.75439937e+07 -4.29985056e+01  5.75439937e+07  1.78290610e+02 
 5.88843655e+07 -4.30514376e+01  5.88843655e+07  1.78186296e+02 
 6.02559586e+07 -4.31025279e+01  6.02559586e+07  1.78093666e+02 
 6.16595002e+07 -4.31517407e+01  6.16595002e+07  1.78012156e+02 
 6.30957344e+07 -4.31990430e+01  6.30957344e+07  1.77941172e+02 
 6.45654229e+07 -4.32444050e+01  6.45654229e+07  1.77880096e+02 
 6.60693448e+07 -4.32878003e+01  6.60693448e+07  1.77828285e+02 
 6.76082975e+07 -4.33292065e+01  6.76082975e+07  1.77785075e+02 
 6.91830971e+07 -4.33686052e+01  6.91830971e+07  1.77749783e+02 
 7.07945784e+07 -4.34059828e+01  7.07945784e+07  1.77721707e+02 
 7.24435960e+07 -4.34413306e+01  7.24435960e+07  1.77700131e+02 
 7.41310241e+07 -4.34746446e+01  7.41310241e+07  1.77684327e+02 
 7.58577575e+07 -4.35059264e+01  7.58577575e+07  1.77673558e+02 
 7.76247117e+07 -4.35351832e+01  7.76247117e+07  1.77667080e+02 
 7.94328235e+07 -4.35624275e+01  7.94328235e+07  1.77664148e+02 
 8.12830516e+07 -4.35876777e+01  8.12830516e+07  1.77664014e+02 
 8.31763771e+07 -4.36109579e+01  8.31763771e+07  1.77665935e+02 
 8.51138038e+07 -4.36322981e+01  8.51138038e+07  1.77669175e+02 
 8.70963590e+07 -4.36517338e+01  8.70963590e+07  1.77673008e+02 
 8.91250938e+07 -4.36693065e+01  8.91250938e+07  1.77676718e+02 
 9.12010839e+07 -4.36850628e+01  9.12010839e+07  1.77679608e+02 
 9.33254301e+07 -4.36990550e+01  9.33254301e+07  1.77680999e+02 
 9.54992586e+07 -4.37113403e+01  9.54992586e+07  1.77680233e+02 
 9.77237221e+07 -4.37219808e+01  9.77237221e+07  1.77676679e+02 
 1.00000000e+08 -4.37310433e+01  1.00000000e+08  1.77669730e+02 
