 2.00000000e+01  9.09862889e-08  2.00000000e+01  9.13144996e-08 
 2.04658598e+01  8.99599920e-08  2.04658598e+01  9.02832702e-08 
 2.09425710e+01  8.89455385e-08  2.09425710e+01  8.92640094e-08 
 2.14303861e+01  8.79427983e-08  2.14303861e+01  8.82565819e-08 
 2.19295639e+01  8.69516427e-08  2.19295639e+01  8.72608540e-08 
 2.24403691e+01  8.59719442e-08  2.24403691e+01  8.62766934e-08 
 2.29630724e+01  8.50035765e-08  2.29630724e+01  8.53039695e-08 
 2.34979511e+01  8.40464149e-08  2.34979511e+01  8.43425532e-08 
 2.40452887e+01  8.31003356e-08  2.40452887e+01  8.33923169e-08 
 2.46053754e+01  8.21652163e-08  2.46053754e+01  8.24531343e-08 
 2.51785082e+01  8.12409359e-08  2.51785082e+01  8.15248808e-08 
 2.57649910e+01  8.03273747e-08  2.57649910e+01  8.06074331e-08 
 2.63651348e+01  7.94244140e-08  2.63651348e+01  7.97006695e-08 
 2.69792577e+01  7.85319365e-08  2.69792577e+01  7.88044695e-08 
 2.76076853e+01  7.76498263e-08  2.76076853e+01  7.79187141e-08 
 2.82507509e+01  7.67779684e-08  2.82507509e+01  7.70432858e-08 
 2.89087954e+01  7.59162493e-08  2.89087954e+01  7.61780682e-08 
 2.95821678e+01  7.50645566e-08  2.95821678e+01  7.53229466e-08 
 3.02712250e+01  7.42227792e-08  3.02712250e+01  7.44778073e-08 
 3.09763324e+01  7.33908071e-08  3.09763324e+01  7.36425380e-08 
 3.16978638e+01  7.25685315e-08  3.16978638e+01  7.28170280e-08 
 3.24362019e+01  7.17558449e-08  3.24362019e+01  7.20011675e-08 
 3.31917381e+01  7.09526409e-08  3.31917381e+01  7.11948482e-08 
 3.39648730e+01  7.01588142e-08  3.39648730e+01  7.03979630e-08 
 3.47560166e+01  6.93742609e-08  3.47560166e+01  6.96104060e-08 
 3.55655882e+01  6.85988778e-08  3.55655882e+01  6.88320727e-08 
 3.63940172e+01  6.78325634e-08  3.63940172e+01  6.80628596e-08 
 3.72417427e+01  6.70752169e-08  3.72417427e+01  6.73026645e-08 
 3.81092144e+01  6.63267388e-08  3.81092144e+01  6.65513865e-08 
 3.89968920e+01  6.55870307e-08  3.89968920e+01  6.58089256e-08 
 3.99052463e+01  6.48559953e-08  3.99052463e+01  6.50751834e-08 
 4.08347589e+01  6.41335363e-08  4.08347589e+01  6.43500621e-08 
 4.17859226e+01  6.34195586e-08  4.17859226e+01  6.36334656e-08 
 4.27592418e+01  6.27139681e-08  4.27592418e+01  6.29252985e-08 
 4.37552325e+01  6.20166718e-08  4.37552325e+01  6.22254667e-08 
 4.47744228e+01  6.13275778e-08  4.47744228e+01  6.15338771e-08 
 4.58173531e+01  6.06465950e-08  4.58173531e+01  6.08504379e-08 
 4.68845763e+01  5.99736337e-08  4.68845763e+01  6.01750581e-08 
 4.79766584e+01  5.93086050e-08  4.79766584e+01  5.95076480e-08 
 4.90941783e+01  5.86514209e-08  4.90941783e+01  5.88481188e-08 
 5.02377286e+01  5.80019946e-08  5.02377286e+01  5.81963826e-08 
 5.14079157e+01  5.73602402e-08  5.14079157e+01  5.75523530e-08 
 5.26053598e+01  5.67260729e-08  5.26053598e+01  5.69159441e-08 
 5.38306961e+01  5.60994088e-08  5.38306961e+01  5.62870712e-08 
 5.50845741e+01  5.54801647e-08  5.50845741e+01  5.56656508e-08 
 5.63676586e+01  5.48682588e-08  5.63676586e+01  5.50516000e-08 
 5.76806301e+01  5.42636100e-08  5.76806301e+01  5.44448371e-08 
 5.90241845e+01  5.36661381e-08  5.90241845e+01  5.38452814e-08 
 6.03990344e+01  5.30757638e-08  6.03990344e+01  5.32528529e-08 
 6.18059087e+01  5.24924090e-08  6.18059087e+01  5.26674728e-08 
 6.32455532e+01  5.19159961e-08  6.32455532e+01  5.20890631e-08 
 6.47187314e+01  5.13464487e-08  6.47187314e+01  5.15175466e-08 
 6.62262243e+01  5.07836911e-08  6.62262243e+01  5.09528473e-08 
 6.77688312e+01  5.02276486e-08  6.77688312e+01  5.03948899e-08 
 6.93473701e+01  4.96782472e-08  6.93473701e+01  4.98435998e-08 
 7.09626778e+01  4.91354139e-08  7.09626778e+01  4.92989037e-08 
 7.26156110e+01  4.85990765e-08  7.26156110e+01  4.87607289e-08 
 7.43070458e+01  4.80691637e-08  7.43070458e+01  4.82290034e-08 
 7.60378793e+01  4.75456048e-08  7.60378793e+01  4.77036564e-08 
 7.78090290e+01  4.70283302e-08  7.78090290e+01  4.71846176e-08 
 7.96214341e+01  4.65172710e-08  7.96214341e+01  4.66718179e-08 
 8.14760556e+01  4.60123589e-08  8.14760556e+01  4.61651885e-08 
 8.33738767e+01  4.55135268e-08  8.33738767e+01  4.56646619e-08 
 8.53159038e+01  4.50207080e-08  8.53159038e+01  4.51701711e-08 
 8.73031664e+01  4.45338368e-08  8.73031664e+01  4.46816500e-08 
 8.93367184e+01  4.40528481e-08  8.93367184e+01  4.41990332e-08 
 9.14176379e+01  4.35776778e-08  9.14176379e+01  4.37222560e-08 
 9.35470283e+01  4.31082622e-08  9.35470283e+01  4.32512547e-08 
 9.57260185e+01  4.26445386e-08  9.57260185e+01  4.27859662e-08 
 9.79557639e+01  4.21864449e-08  9.79557639e+01  4.23263280e-08 
 1.00237447e+02  4.17339198e-08  1.00237447e+02  4.18722786e-08 
 1.02572277e+02  4.12869028e-08  1.02572277e+02  4.14237570e-08 
 1.04961492e+02  4.08453338e-08  1.04961492e+02  4.09807030e-08 
 1.07406359e+02  4.04091536e-08  1.07406359e+02  4.05430571e-08 
 1.09908175e+02  3.99783037e-08  1.09908175e+02  4.01107605e-08 
 1.12468265e+02  3.95527263e-08  1.12468265e+02  3.96837551e-08 
 1.15087987e+02  3.91323642e-08  1.15087987e+02  3.92619834e-08 
 1.17768731e+02  3.87171608e-08  1.17768731e+02  3.88453886e-08 
 1.20511917e+02  3.83070602e-08  1.20511917e+02  3.84339147e-08 
 1.23319000e+02  3.79020073e-08  1.23319000e+02  3.80275061e-08 
 1.26191469e+02  3.75019474e-08  1.26191469e+02  3.76261080e-08 
 1.29130846e+02  3.71068266e-08  1.29130846e+02  3.72296662e-08 
 1.32138690e+02  3.67165915e-08  1.32138690e+02  3.68381272e-08 
 1.35216595e+02  3.63311895e-08  1.35216595e+02  3.64514380e-08 
 1.38366194e+02  3.59505683e-08  1.38366194e+02  3.60695462e-08 
 1.41589157e+02  3.55746766e-08  1.41589157e+02  3.56924003e-08 
 1.44887192e+02  3.52034633e-08  1.44887192e+02  3.53199489e-08 
 1.48262048e+02  3.48368781e-08  1.48262048e+02  3.49521416e-08 
 1.51715515e+02  3.44748713e-08  1.51715515e+02  3.45889283e-08 
 1.55249423e+02  3.41173937e-08  1.55249423e+02  3.42302598e-08 
 1.58865647e+02  3.37643966e-08  1.58865647e+02  3.38760872e-08 
 1.62566103e+02  3.34158319e-08  1.62566103e+02  3.35263622e-08 
 1.66352754e+02  3.30716522e-08  1.66352754e+02  3.31810371e-08 
 1.70227608e+02  3.27318104e-08  1.70227608e+02  3.28400648e-08 
 1.74192718e+02  3.23962601e-08  1.74192718e+02  3.25033985e-08 
 1.78250188e+02  3.20649553e-08  1.78250188e+02  3.21709923e-08 
 1.82402168e+02  3.17378507e-08  1.82402168e+02  3.18428004e-08 
 1.86650860e+02  3.14149013e-08  1.86650860e+02  3.15187779e-08 
 1.90998517e+02  3.10960628e-08  1.90998517e+02  3.11988802e-08 
 1.95447444e+02  3.07812913e-08  1.95447444e+02  3.08830631e-08 
 2.00000000e+02  3.04705433e-08  2.00000000e+02  3.05712833e-08 
 2.04658598e+02  3.01637759e-08  2.04658598e+02  3.02634975e-08 
 2.09425710e+02  2.98609468e-08  2.09425710e+02  2.99596633e-08 
 2.14303861e+02  2.95620139e-08  2.14303861e+02  2.96597383e-08 
 2.19295639e+02  2.92669357e-08  2.19295639e+02  2.93636811e-08 
 2.24403691e+02  2.89756712e-08  2.24403691e+02  2.90714505e-08 
 2.29630724e+02  2.86881798e-08  2.29630724e+02  2.87830056e-08 
 2.34979511e+02  2.84044214e-08  2.34979511e+02  2.84983061e-08 
 2.40452887e+02  2.81243561e-08  2.40452887e+02  2.82173123e-08 
 2.46053754e+02  2.78479449e-08  2.46053754e+02  2.79399848e-08 
 2.51785082e+02  2.75751487e-08  2.51785082e+02  2.76662844e-08 
 2.57649910e+02  2.73059292e-08  2.57649910e+02  2.73961727e-08 
 2.63651348e+02  2.70402484e-08  2.63651348e+02  2.71296115e-08 
 2.69792577e+02  2.67780686e-08  2.69792577e+02  2.68665630e-08 
 2.76076853e+02  2.65193527e-08  2.76076853e+02  2.66069900e-08 
 2.82507509e+02  2.62640637e-08  2.82507509e+02  2.63508554e-08 
 2.89087954e+02  2.60121654e-08  2.89087954e+02  2.60981228e-08 
 2.95821678e+02  2.57636216e-08  2.95821678e+02  2.58487559e-08 
 3.02712250e+02  2.55183967e-08  3.02712250e+02  2.56027190e-08 
 3.09763324e+02  2.52764554e-08  3.09763324e+02  2.53599766e-08 
 3.16978638e+02  2.50377628e-08  3.16978638e+02  2.51204937e-08 
 3.24362019e+02  2.48022842e-08  3.24362019e+02  2.48842355e-08 
 3.31917381e+02  2.45699855e-08  3.31917381e+02  2.46511679e-08 
 3.39648730e+02  2.43408328e-08  3.39648730e+02  2.44212567e-08 
 3.47560166e+02  2.41147926e-08  3.47560166e+02  2.41944683e-08 
 3.55655882e+02  2.38918317e-08  3.55655882e+02  2.39707695e-08 
 3.63940172e+02  2.36719172e-08  3.63940172e+02  2.37501272e-08 
 3.72417427e+02  2.34550166e-08  3.72417427e+02  2.35325088e-08 
 3.81092144e+02  2.32410976e-08  3.81092144e+02  2.33178820e-08 
 3.89968920e+02  2.30301284e-08  3.89968920e+02  2.31062148e-08 
 3.99052463e+02  2.28220774e-08  3.99052463e+02  2.28974754e-08 
 4.08347589e+02  2.26169133e-08  4.08347589e+02  2.26916326e-08 
 4.17859226e+02  2.24146051e-08  4.17859226e+02  2.24886551e-08 
 4.27592418e+02  2.22151222e-08  4.27592418e+02  2.22885122e-08 
 4.37552325e+02  2.20184340e-08  4.37552325e+02  2.20911734e-08 
 4.47744228e+02  2.18245106e-08  4.47744228e+02  2.18966085e-08 
 4.58173531e+02  2.16333220e-08  4.58173531e+02  2.17047875e-08 
 4.68845763e+02  2.14448387e-08  4.68845763e+02  2.15156807e-08 
 4.79766584e+02  2.12590314e-08  4.79766584e+02  2.13292588e-08 
 4.90941783e+02  2.10758710e-08  4.90941783e+02  2.11454927e-08 
 5.02377286e+02  2.08953289e-08  5.02377286e+02  2.09643534e-08 
 5.14079157e+02  2.07173764e-08  5.14079157e+02  2.07858123e-08 
 5.26053598e+02  2.05419853e-08  5.26053598e+02  2.06098412e-08 
 5.38306961e+02  2.03691277e-08  5.38306961e+02  2.04364118e-08 
 5.50845741e+02  2.01987756e-08  5.50845741e+02  2.02654964e-08 
 5.63676586e+02  2.00309016e-08  5.63676586e+02  2.00970672e-08 
 5.76806301e+02  1.98654784e-08  5.76806301e+02  1.99310969e-08 
 5.90241845e+02  1.97024790e-08  5.90241845e+02  1.97675584e-08 
 6.03990344e+02  1.95418763e-08  6.03990344e+02  1.96064246e-08 
 6.18059087e+02  1.93836439e-08  6.18059087e+02  1.94476689e-08 
 6.32455532e+02  1.92277554e-08  6.32455532e+02  1.92912648e-08 
 6.47187314e+02  1.90741845e-08  6.47187314e+02  1.91371859e-08 
 6.62262243e+02  1.89229052e-08  6.62262243e+02  1.89854064e-08 
 6.77688312e+02  1.87738918e-08  6.77688312e+02  1.88359001e-08 
 6.93473701e+02  1.86271188e-08  6.93473701e+02  1.86886416e-08 
 7.09626778e+02  1.84825607e-08  7.09626778e+02  1.85436054e-08 
 7.26156110e+02  1.83401924e-08  7.26156110e+02  1.84007662e-08 
 7.43070458e+02  1.81999889e-08  7.43070458e+02  1.82600990e-08 
 7.60378793e+02  1.80619254e-08  7.60378793e+02  1.81215788e-08 
 7.78090290e+02  1.79259774e-08  7.78090290e+02  1.79851811e-08 
 7.96214341e+02  1.77921204e-08  7.96214341e+02  1.78508813e-08 
 8.14760556e+02  1.76603301e-08  8.14760556e+02  1.77186551e-08 
 8.33738767e+02  1.75305827e-08  8.33738767e+02  1.75884784e-08 
 8.53159038e+02  1.74028542e-08  8.53159038e+02  1.74603272e-08 
 8.73031664e+02  1.72771208e-08  8.73031664e+02  1.73341779e-08 
 8.93367184e+02  1.71533592e-08  8.93367184e+02  1.72100067e-08 
 9.14176379e+02  1.70315458e-08  9.14176379e+02  1.70877903e-08 
 9.35470283e+02  1.69116577e-08  9.35470283e+02  1.69675054e-08 
 9.57260185e+02  1.67936717e-08  9.57260185e+02  1.68491289e-08 
 9.79557639e+02  1.66775650e-08  9.79557639e+02  1.67326379e-08 
 1.00237447e+03  1.65633150e-08  1.00237447e+03  1.66180096e-08 
 1.02572277e+03  1.64508990e-08  1.02572277e+03  1.65052215e-08 
 1.04961492e+03  1.63402948e-08  1.04961492e+03  1.63942512e-08 
 1.07406359e+03  1.62314802e-08  1.07406359e+03  1.62850762e-08 
 1.09908175e+03  1.61244331e-08  1.09908175e+03  1.61776746e-08 
 1.12468265e+03  1.60191316e-08  1.12468265e+03  1.60720243e-08 
 1.15087987e+03  1.59155540e-08  1.15087987e+03  1.59681036e-08 
 1.17768731e+03  1.58136787e-08  1.17768731e+03  1.58658908e-08 
 1.20511917e+03  1.57134843e-08  1.20511917e+03  1.57653644e-08 
 1.23319000e+03  1.56149495e-08  1.23319000e+03  1.56665030e-08 
 1.26191469e+03  1.55180532e-08  1.26191469e+03  1.55692855e-08 
 1.29130846e+03  1.54227744e-08  1.29130846e+03  1.54736909e-08 
 1.32138690e+03  1.53290923e-08  1.32138690e+03  1.53796981e-08 
 1.35216595e+03  1.52369862e-08  1.35216595e+03  1.52872866e-08 
 1.38366194e+03  1.51464357e-08  1.38366194e+03  1.51964356e-08 
 1.41589157e+03  1.50574202e-08  1.41589157e+03  1.51071248e-08 
 1.44887192e+03  1.49699197e-08  1.44887192e+03  1.50193338e-08 
 1.48262048e+03  1.48839139e-08  1.48262048e+03  1.49330425e-08 
 1.51715515e+03  1.47993831e-08  1.51715515e+03  1.48482309e-08 
 1.55249423e+03  1.47163073e-08  1.55249423e+03  1.47648791e-08 
 1.58865647e+03  1.46346670e-08  1.58865647e+03  1.46829675e-08 
 1.62566103e+03  1.45544426e-08  1.62566103e+03  1.46024764e-08 
 1.66352754e+03  1.44756149e-08  1.66352754e+03  1.45233865e-08 
 1.70227608e+03  1.43981646e-08  1.70227608e+03  1.44456785e-08 
 1.74192718e+03  1.43220727e-08  1.74192718e+03  1.43693333e-08 
 1.78250188e+03  1.42473202e-08  1.78250188e+03  1.42943319e-08 
 1.82402168e+03  1.41738885e-08  1.82402168e+03  1.42206555e-08 
 1.86650860e+03  1.41017589e-08  1.86650860e+03  1.41482855e-08 
 1.90998517e+03  1.40309129e-08  1.90998517e+03  1.40772032e-08 
 1.95447444e+03  1.39613323e-08  1.95447444e+03  1.40073904e-08 
 2.00000000e+03  1.38929989e-08  2.00000000e+03  1.39388288e-08 
 2.04658598e+03  1.38258947e-08  2.04658598e+03  1.38715004e-08 
 2.09425710e+03  1.37600019e-08  2.09425710e+03  1.38053872e-08 
 2.14303861e+03  1.36953027e-08  2.14303861e+03  1.37404715e-08 
 2.19295639e+03  1.36317796e-08  2.19295639e+03  1.36767356e-08 
 2.24403691e+03  1.35694152e-08  2.24403691e+03  1.36141622e-08 
 2.29630724e+03  1.35081923e-08  2.29630724e+03  1.35527338e-08 
 2.34979511e+03  1.34480937e-08  2.34979511e+03  1.34924334e-08 
 2.40452887e+03  1.33891026e-08  2.40452887e+03  1.34332439e-08 
 2.46053754e+03  1.33312021e-08  2.46053754e+03  1.33751486e-08 
 2.51785082e+03  1.32743756e-08  2.51785082e+03  1.33181306e-08 
 2.57649910e+03  1.32186067e-08  2.57649910e+03  1.32621735e-08 
 2.63651348e+03  1.31638790e-08  2.63651348e+03  1.32072609e-08 
 2.69792577e+03  1.31101764e-08  2.69792577e+03  1.31533766e-08 
 2.76076853e+03  1.30574829e-08  2.76076853e+03  1.31005045e-08 
 2.82507509e+03  1.30057826e-08  2.82507509e+03  1.30486287e-08 
 2.89087954e+03  1.29550599e-08  2.89087954e+03  1.29977335e-08 
 2.95821678e+03  1.29052992e-08  2.95821678e+03  1.29478033e-08 
 3.02712250e+03  1.28564851e-08  3.02712250e+03  1.28988227e-08 
 3.09763324e+03  1.28086026e-08  3.09763324e+03  1.28507763e-08 
 3.16978638e+03  1.27616364e-08  3.16978638e+03  1.28036492e-08 
 3.24362019e+03  1.27155718e-08  3.24362019e+03  1.27574263e-08 
 3.31917381e+03  1.26703940e-08  3.31917381e+03  1.27120929e-08 
 3.39648730e+03  1.26260884e-08  3.39648730e+03  1.26676343e-08 
 3.47560166e+03  1.25826407e-08  3.47560166e+03  1.26240361e-08 
 3.55655882e+03  1.25400366e-08  3.55655882e+03  1.25812840e-08 
 3.63940172e+03  1.24982620e-08  3.63940172e+03  1.25393638e-08 
 3.72417427e+03  1.24573030e-08  3.72417427e+03  1.24982616e-08 
 3.81092144e+03  1.24171460e-08  3.81092144e+03  1.24579636e-08 
 3.89968920e+03  1.23777772e-08  3.89968920e+03  1.24184560e-08 
 3.99052463e+03  1.23391832e-08  3.99052463e+03  1.23797255e-08 
 4.08347589e+03  1.23013508e-08  4.08347589e+03  1.23417587e-08 
 4.17859226e+03  1.22642670e-08  4.17859226e+03  1.23045424e-08 
 4.27592418e+03  1.22279186e-08  4.27592418e+03  1.22680637e-08 
 4.37552325e+03  1.21922930e-08  4.37552325e+03  1.22323096e-08 
 4.47744228e+03  1.21573776e-08  4.47744228e+03  1.21972675e-08 
 4.58173531e+03  1.21231599e-08  4.58173531e+03  1.21629249e-08 
 4.68845763e+03  1.20896275e-08  4.68845763e+03  1.21292695e-08 
 4.79766584e+03  1.20567684e-08  4.79766584e+03  1.20962889e-08 
 4.90941783e+03  1.20245706e-08  4.90941783e+03  1.20639712e-08 
 5.02377286e+03  1.19930223e-08  5.02377286e+03  1.20323046e-08 
 5.14079157e+03  1.19621118e-08  5.14079157e+03  1.20012772e-08 
 5.26053598e+03  1.19318276e-08  5.26053598e+03  1.19708776e-08 
 5.38306961e+03  1.19021585e-08  5.38306961e+03  1.19410943e-08 
 5.50845741e+03  1.18730931e-08  5.50845741e+03  1.19119160e-08 
 5.63676586e+03  1.18446205e-08  5.63676586e+03  1.18833317e-08 
 5.76806301e+03  1.18167298e-08  5.76806301e+03  1.18553305e-08 
 5.90241845e+03  1.17894104e-08  5.90241845e+03  1.18279015e-08 
 6.03990344e+03  1.17626516e-08  6.03990344e+03  1.18010341e-08 
 6.18059087e+03  1.17364430e-08  6.18059087e+03  1.17747179e-08 
 6.32455532e+03  1.17107745e-08  6.32455532e+03  1.17489425e-08 
 6.47187314e+03  1.16856359e-08  6.47187314e+03  1.17236978e-08 
 6.62262243e+03  1.16610172e-08  6.62262243e+03  1.16989737e-08 
 6.77688312e+03  1.16369088e-08  6.77688312e+03  1.16747604e-08 
 6.93473701e+03  1.16133008e-08  6.93473701e+03  1.16510481e-08 
 7.09626778e+03  1.15901839e-08  7.09626778e+03  1.16278272e-08 
 7.26156110e+03  1.15675487e-08  7.26156110e+03  1.16050883e-08 
 7.43070458e+03  1.15453859e-08  7.43070458e+03  1.15828222e-08 
 7.60378793e+03  1.15236866e-08  7.60378793e+03  1.15610196e-08 
 7.78090290e+03  1.15024418e-08  7.78090290e+03  1.15396716e-08 
 7.96214341e+03  1.14816427e-08  7.96214341e+03  1.15187693e-08 
 8.14760556e+03  1.14612807e-08  8.14760556e+03  1.14983039e-08 
 8.33738767e+03  1.14413474e-08  8.33738767e+03  1.14782669e-08 
 8.53159038e+03  1.14218343e-08  8.53159038e+03  1.14586498e-08 
 8.73031664e+03  1.14027332e-08  8.73031664e+03  1.14394443e-08 
 8.93367184e+03  1.13840361e-08  8.93367184e+03  1.14206421e-08 
 9.14176379e+03  1.13657350e-08  9.14176379e+03  1.14022354e-08 
 9.35470283e+03  1.13478222e-08  9.35470283e+03  1.13842160e-08 
 9.57260185e+03  1.13302898e-08  9.57260185e+03  1.13665762e-08 
 9.79557639e+03  1.13131305e-08  9.79557639e+03  1.13493084e-08 
 1.00237447e+04  1.12963367e-08  1.00237447e+04  1.13324049e-08 
 1.02572277e+04  1.12799012e-08  1.02572277e+04  1.13158584e-08 
 1.04961492e+04  1.12638168e-08  1.04961492e+04  1.12996616e-08 
 1.07406359e+04  1.12480764e-08  1.07406359e+04  1.12838072e-08 
 1.09908175e+04  1.12326732e-08  1.09908175e+04  1.12682882e-08 
 1.12468265e+04  1.12176004e-08  1.12468265e+04  1.12530976e-08 
 1.15087987e+04  1.12028512e-08  1.15087987e+04  1.12382287e-08 
 1.17768731e+04  1.11884192e-08  1.17768731e+04  1.12236747e-08 
 1.20511917e+04  1.11742978e-08  1.20511917e+04  1.12094289e-08 
 1.23319000e+04  1.11604808e-08  1.23319000e+04  1.11954849e-08 
 1.26191469e+04  1.11469620e-08  1.26191469e+04  1.11818363e-08 
 1.29130846e+04  1.11337352e-08  1.29130846e+04  1.11684767e-08 
 1.32138690e+04  1.11207945e-08  1.32138690e+04  1.11554001e-08 
 1.35216595e+04  1.11081340e-08  1.35216595e+04  1.11426003e-08 
 1.38366194e+04  1.10957479e-08  1.38366194e+04  1.11300713e-08 
 1.41589157e+04  1.10836306e-08  1.41589157e+04  1.11178073e-08 
 1.44887192e+04  1.10717765e-08  1.44887192e+04  1.11058024e-08 
 1.48262048e+04  1.10601802e-08  1.48262048e+04  1.10940509e-08 
 1.51715515e+04  1.10488364e-08  1.51715515e+04  1.10825474e-08 
 1.55249423e+04  1.10377396e-08  1.55249423e+04  1.10712861e-08 
 1.58865647e+04  1.10268850e-08  1.58865647e+04  1.10602618e-08 
 1.62566103e+04  1.10162673e-08  1.62566103e+04  1.10494691e-08 
 1.66352754e+04  1.10058816e-08  1.66352754e+04  1.10389027e-08 
 1.70227608e+04  1.09957231e-08  1.70227608e+04  1.10285574e-08 
 1.74192718e+04  1.09857870e-08  1.74192718e+04  1.10184282e-08 
 1.78250188e+04  1.09760686e-08  1.78250188e+04  1.10085100e-08 
 1.82402168e+04  1.09665633e-08  1.82402168e+04  1.09987979e-08 
 1.86650860e+04  1.09572667e-08  1.86650860e+04  1.09892871e-08 
 1.90998517e+04  1.09481744e-08  1.90998517e+04  1.09799727e-08 
 1.95447444e+04  1.09392820e-08  1.95447444e+04  1.09708500e-08 
 2.00000000e+04  1.09305853e-08  2.00000000e+04  1.09619144e-08 
