 2.00000000e+01  8.09809796e-08  2.00000000e+01  8.10705033e-08 
 2.04658598e+01  8.00649449e-08  2.04658598e+01  8.01523637e-08 
 2.09425710e+01  7.91594526e-08  2.09425710e+01  7.92448514e-08 
 2.14303861e+01  7.82643864e-08  2.14303861e+01  7.83478458e-08 
 2.19295639e+01  7.73796315e-08  2.19295639e+01  7.74612278e-08 
 2.24403691e+01  7.65050740e-08  2.24403691e+01  7.65848799e-08 
 2.29630724e+01  7.56406012e-08  2.29630724e+01  7.57186855e-08 
 2.34979511e+01  7.47861016e-08  2.34979511e+01  7.48625297e-08 
 2.40452887e+01  7.39414650e-08  2.40452887e+01  7.40162989e-08 
 2.46053754e+01  7.31065820e-08  2.46053754e+01  7.31798808e-08 
 2.51785082e+01  7.22813445e-08  2.51785082e+01  7.23531642e-08 
 2.57649910e+01  7.14656456e-08  2.57649910e+01  7.15360394e-08 
 2.63651348e+01  7.06593795e-08  2.63651348e+01  7.07283980e-08 
 2.69792577e+01  6.98624413e-08  2.69792577e+01  6.99301327e-08 
 2.76076853e+01  6.90747276e-08  2.76076853e+01  6.91411376e-08 
 2.82507509e+01  6.82961356e-08  2.82507509e+01  6.83613079e-08 
 2.89087954e+01  6.75265642e-08  2.89087954e+01  6.75905401e-08 
 2.95821678e+01  6.67659128e-08  2.95821678e+01  6.68287318e-08 
 3.02712250e+01  6.60140822e-08  3.02712250e+01  6.60757820e-08 
 3.09763324e+01  6.52709744e-08  3.09763324e+01  6.53315906e-08 
 3.16978638e+01  6.45364920e-08  3.16978638e+01  6.45960588e-08 
 3.24362019e+01  6.38105392e-08  3.24362019e+01  6.38690891e-08 
 3.31917381e+01  6.30930208e-08  3.31917381e+01  6.31505848e-08 
 3.39648730e+01  6.23838429e-08  3.39648730e+01  6.24404506e-08 
 3.47560166e+01  6.16829126e-08  3.47560166e+01  6.17385922e-08 
 3.55655882e+01  6.09901379e-08  3.55655882e+01  6.10449164e-08 
 3.63940172e+01  6.03054280e-08  3.63940172e+01  6.03593311e-08 
 3.72417427e+01  5.96286929e-08  3.72417427e+01  5.96817452e-08 
 3.81092144e+01  5.89598438e-08  3.81092144e+01  5.90120688e-08 
 3.89968920e+01  5.82987928e-08  3.89968920e+01  5.83502129e-08 
 3.99052463e+01  5.76454530e-08  3.99052463e+01  5.76960897e-08 
 4.08347589e+01  5.69997383e-08  4.08347589e+01  5.70496123e-08 
 4.17859226e+01  5.63615638e-08  4.17859226e+01  5.64106947e-08 
 4.27592418e+01  5.57308456e-08  4.27592418e+01  5.57792522e-08 
 4.37552325e+01  5.51075004e-08  4.37552325e+01  5.51552009e-08 
 4.47744228e+01  5.44914461e-08  4.47744228e+01  5.45384579e-08 
 4.58173531e+01  5.38826016e-08  4.58173531e+01  5.39289412e-08 
 4.68845763e+01  5.32808865e-08  4.68845763e+01  5.33265699e-08 
 4.79766584e+01  5.26862214e-08  4.79766584e+01  5.27312639e-08 
 4.90941783e+01  5.20985278e-08  4.90941783e+01  5.21429442e-08 
 5.02377286e+01  5.15177282e-08  5.02377286e+01  5.15615326e-08 
 5.14079157e+01  5.09437457e-08  5.14079157e+01  5.09869517e-08 
 5.26053598e+01  5.03765046e-08  5.26053598e+01  5.04191253e-08 
 5.38306961e+01  4.98159299e-08  5.38306961e+01  4.98579779e-08 
 5.50845741e+01  4.92619474e-08  5.50845741e+01  4.93034349e-08 
 5.63676586e+01  4.87144839e-08  5.63676586e+01  4.87554225e-08 
 5.76806301e+01  4.81734669e-08  5.76806301e+01  4.82138680e-08 
 5.90241845e+01  4.76388248e-08  5.90241845e+01  4.76786992e-08 
 6.03990344e+01  4.71104869e-08  6.03990344e+01  4.71498451e-08 
 6.18059087e+01  4.65883831e-08  6.18059087e+01  4.66272353e-08 
 6.32455532e+01  4.60724443e-08  6.32455532e+01  4.61108003e-08 
 6.47187314e+01  4.55626021e-08  6.47187314e+01  4.56004714e-08 
 6.62262243e+01  4.50587890e-08  6.62262243e+01  4.50961807e-08 
 6.77688312e+01  4.45609380e-08  6.77688312e+01  4.45978610e-08 
 6.93473701e+01  4.40689833e-08  6.93473701e+01  4.41054462e-08 
 7.09626778e+01  4.35828594e-08  7.09626778e+01  4.36188705e-08 
 7.26156110e+01  4.31025020e-08  7.26156110e+01  4.31380694e-08 
 7.43070458e+01  4.26278471e-08  7.43070458e+01  4.26629786e-08 
 7.60378793e+01  4.21588319e-08  7.60378793e+01  4.21935350e-08 
 7.78090290e+01  4.16953938e-08  7.78090290e+01  4.17296761e-08 
 7.96214341e+01  4.12374715e-08  7.96214341e+01  4.12713400e-08 
 8.14760556e+01  4.07850040e-08  8.14760556e+01  4.08184656e-08 
 8.33738767e+01  4.03379311e-08  8.33738767e+01  4.03709927e-08 
 8.53159038e+01  3.98961933e-08  8.53159038e+01  3.99288615e-08 
 8.73031664e+01  3.94597320e-08  8.73031664e+01  3.94920131e-08 
 8.93367184e+01  3.90284889e-08  8.93367184e+01  3.90603892e-08 
 9.14176379e+01  3.86024067e-08  9.14176379e+01  3.86339323e-08 
 9.35470283e+01  3.81814287e-08  9.35470283e+01  3.82125854e-08 
 9.57260185e+01  3.77654986e-08  9.57260185e+01  3.77962923e-08 
 9.79557639e+01  3.73545611e-08  9.79557639e+01  3.73849974e-08 
 1.00237447e+02  3.69485614e-08  1.00237447e+02  3.69786458e-08 
 1.02572277e+02  3.65474453e-08  1.02572277e+02  3.65771832e-08 
 1.04961492e+02  3.61511592e-08  1.04961492e+02  3.61805559e-08 
 1.07406359e+02  3.57596503e-08  1.07406359e+02  3.57887108e-08 
 1.09908175e+02  3.53728663e-08  1.09908175e+02  3.54015957e-08 
 1.12468265e+02  3.49907555e-08  1.12468265e+02  3.50191587e-08 
 1.15087987e+02  3.46132668e-08  1.15087987e+02  3.46413485e-08 
 1.17768731e+02  3.42403497e-08  1.17768731e+02  3.42681147e-08 
 1.20511917e+02  3.38719543e-08  1.20511917e+02  3.38994072e-08 
 1.23319000e+02  3.35080312e-08  1.23319000e+02  3.35351766e-08 
 1.26191469e+02  3.31485318e-08  1.26191469e+02  3.31753740e-08 
 1.29130846e+02  3.27934079e-08  1.29130846e+02  3.28199512e-08 
 1.32138690e+02  3.24426117e-08  1.32138690e+02  3.24688604e-08 
 1.35216595e+02  3.20960964e-08  1.35216595e+02  3.21220546e-08 
 1.38366194e+02  3.17538152e-08  1.38366194e+02  3.17794871e-08 
 1.41589157e+02  3.14157223e-08  1.41589157e+02  3.14411118e-08 
 1.44887192e+02  3.10817722e-08  1.44887192e+02  3.11068833e-08 
 1.48262048e+02  3.07519200e-08  1.48262048e+02  3.07767566e-08 
 1.51715515e+02  3.04261212e-08  1.51715515e+02  3.04506870e-08 
 1.55249423e+02  3.01043320e-08  1.55249423e+02  3.01286309e-08 
 1.58865647e+02  2.97865090e-08  1.58865647e+02  2.98105445e-08 
 1.62566103e+02  2.94726093e-08  1.62566103e+02  2.94963851e-08 
 1.66352754e+02  2.91625906e-08  1.66352754e+02  2.91861102e-08 
 1.70227608e+02  2.88564109e-08  1.70227608e+02  2.88796779e-08 
 1.74192718e+02  2.85540289e-08  1.74192718e+02  2.85770465e-08 
 1.78250188e+02  2.82554035e-08  1.78250188e+02  2.82781753e-08 
 1.82402168e+02  2.79604943e-08  1.82402168e+02  2.79830236e-08 
 1.86650860e+02  2.76692614e-08  1.86650860e+02  2.76915515e-08 
 1.90998517e+02  2.73816652e-08  1.90998517e+02  2.74037192e-08 
 1.95447444e+02  2.70976666e-08  1.95447444e+02  2.71194877e-08 
 2.00000000e+02  2.68172269e-08  2.00000000e+02  2.68388184e-08 
 2.04658598e+02  2.65403080e-08  2.04658598e+02  2.65616728e-08 
 2.09425710e+02  2.62668722e-08  2.09425710e+02  2.62880133e-08 
 2.14303861e+02  2.59968819e-08  2.14303861e+02  2.60178025e-08 
 2.19295639e+02  2.57303005e-08  2.19295639e+02  2.57510034e-08 
 2.24403691e+02  2.54670913e-08  2.24403691e+02  2.54875795e-08 
 2.29630724e+02  2.52072183e-08  2.29630724e+02  2.52274946e-08 
 2.34979511e+02  2.49506459e-08  2.34979511e+02  2.49707131e-08 
 2.40452887e+02  2.46973386e-08  2.40452887e+02  2.47171997e-08 
 2.46053754e+02  2.44472618e-08  2.46053754e+02  2.44669193e-08 
 2.51785082e+02  2.42003809e-08  2.51785082e+02  2.42198376e-08 
 2.57649910e+02  2.39566618e-08  2.57649910e+02  2.39759204e-08 
 2.63651348e+02  2.37160707e-08  2.63651348e+02  2.37351340e-08 
 2.69792577e+02  2.34785745e-08  2.69792577e+02  2.34974449e-08 
 2.76076853e+02  2.32441400e-08  2.76076853e+02  2.32628201e-08 
 2.82507509e+02  2.30127347e-08  2.82507509e+02  2.30312271e-08 
 2.89087954e+02  2.27843263e-08  2.89087954e+02  2.28026335e-08 
 2.95821678e+02  2.25588829e-08  2.95821678e+02  2.25770074e-08 
 3.02712250e+02  2.23363731e-08  3.02712250e+02  2.23543173e-08 
 3.09763324e+02  2.21167655e-08  3.09763324e+02  2.21345319e-08 
 3.16978638e+02  2.19000293e-08  3.16978638e+02  2.19176203e-08 
 3.24362019e+02  2.16861341e-08  3.24362019e+02  2.17035519e-08 
 3.31917381e+02  2.14750495e-08  3.31917381e+02  2.14922966e-08 
 3.39648730e+02  2.12667458e-08  3.39648730e+02  2.12838244e-08 
 3.47560166e+02  2.10611934e-08  3.47560166e+02  2.10781057e-08 
 3.55655882e+02  2.08583629e-08  3.55655882e+02  2.08751114e-08 
 3.63940172e+02  2.06582256e-08  3.63940172e+02  2.06748123e-08 
 3.72417427e+02  2.04607527e-08  3.72417427e+02  2.04771798e-08 
 3.81092144e+02  2.02659159e-08  3.81092144e+02  2.02821857e-08 
 3.89968920e+02  2.00736872e-08  3.89968920e+02  2.00898018e-08 
 3.99052463e+02  1.98840389e-08  3.99052463e+02  1.99000004e-08 
 4.08347589e+02  1.96969435e-08  4.08347589e+02  1.97127539e-08 
 4.17859226e+02  1.95123737e-08  4.17859226e+02  1.95280352e-08 
 4.27592418e+02  1.93303028e-08  4.27592418e+02  1.93458174e-08 
 4.37552325e+02  1.91507041e-08  4.37552325e+02  1.91660738e-08 
 4.47744228e+02  1.89735512e-08  4.47744228e+02  1.89887779e-08 
 4.58173531e+02  1.87988180e-08  4.58173531e+02  1.88139038e-08 
 4.68845763e+02  1.86264786e-08  4.68845763e+02  1.86414255e-08 
 4.79766584e+02  1.84565076e-08  4.79766584e+02  1.84713174e-08 
 4.90941783e+02  1.82888795e-08  4.90941783e+02  1.83035541e-08 
 5.02377286e+02  1.81235693e-08  5.02377286e+02  1.81381106e-08 
 5.14079157e+02  1.79605521e-08  5.14079157e+02  1.79749620e-08 
 5.26053598e+02  1.77998033e-08  5.26053598e+02  1.78140837e-08 
 5.38306961e+02  1.76412986e-08  5.38306961e+02  1.76554512e-08 
 5.50845741e+02  1.74850137e-08  5.50845741e+02  1.74990403e-08 
 5.63676586e+02  1.73309248e-08  5.63676586e+02  1.73448273e-08 
 5.76806301e+02  1.71790082e-08  5.76806301e+02  1.71927882e-08 
 5.90241845e+02  1.70292404e-08  5.90241845e+02  1.70428997e-08 
 6.03990344e+02  1.68815981e-08  6.03990344e+02  1.68951384e-08 
 6.18059087e+02  1.67360583e-08  6.18059087e+02  1.67494813e-08 
 6.32455532e+02  1.65925980e-08  6.32455532e+02  1.66059054e-08 
 6.47187314e+02  1.64511948e-08  6.47187314e+02  1.64643882e-08 
 6.62262243e+02  1.63118261e-08  6.62262243e+02  1.63249072e-08 
 6.77688312e+02  1.61744697e-08  6.77688312e+02  1.61874401e-08 
 6.93473701e+02  1.60391035e-08  6.93473701e+02  1.60519647e-08 
 7.09626778e+02  1.59057056e-08  7.09626778e+02  1.59184594e-08 
 7.26156110e+02  1.57742545e-08  7.26156110e+02  1.57869022e-08 
 7.43070458e+02  1.56447285e-08  7.43070458e+02  1.56572718e-08 
 7.60378793e+02  1.55171064e-08  7.60378793e+02  1.55295468e-08 
 7.78090290e+02  1.53913670e-08  7.78090290e+02  1.54037060e-08 
 7.96214341e+02  1.52674893e-08  7.96214341e+02  1.52797284e-08 
 8.14760556e+02  1.51454526e-08  8.14760556e+02  1.51575932e-08 
 8.33738767e+02  1.50252362e-08  8.33738767e+02  1.50372799e-08 
 8.53159038e+02  1.49068197e-08  8.53159038e+02  1.49187678e-08 
 8.73031664e+02  1.47901828e-08  8.73031664e+02  1.48020367e-08 
 8.93367184e+02  1.46753052e-08  8.93367184e+02  1.46870664e-08 
 9.14176379e+02  1.45621671e-08  9.14176379e+02  1.45738369e-08 
 9.35470283e+02  1.44507486e-08  9.35470283e+02  1.44623284e-08 
 9.57260185e+02  1.43410300e-08  9.57260185e+02  1.43525212e-08 
 9.79557639e+02  1.42329919e-08  9.79557639e+02  1.42443957e-08 
 1.00237447e+03  1.41266147e-08  1.00237447e+03  1.41379325e-08 
 1.02572277e+03  1.40218793e-08  1.02572277e+03  1.40331124e-08 
 1.04961492e+03  1.39187666e-08  1.04961492e+03  1.39299163e-08 
 1.07406359e+03  1.38172577e-08  1.07406359e+03  1.38283252e-08 
 1.09908175e+03  1.37173337e-08  1.09908175e+03  1.37283203e-08 
 1.12468265e+03  1.36189759e-08  1.12468265e+03  1.36298829e-08 
 1.15087987e+03  1.35221659e-08  1.15087987e+03  1.35329944e-08 
 1.17768731e+03  1.34268852e-08  1.17768731e+03  1.34376364e-08 
 1.20511917e+03  1.33331155e-08  1.20511917e+03  1.33437907e-08 
 1.23319000e+03  1.32408388e-08  1.23319000e+03  1.32514390e-08 
 1.26191469e+03  1.31500369e-08  1.26191469e+03  1.31605634e-08 
 1.29130846e+03  1.30606921e-08  1.29130846e+03  1.30711460e-08 
 1.32138690e+03  1.29727866e-08  1.32138690e+03  1.29831689e-08 
 1.35216595e+03  1.28863027e-08  1.35216595e+03  1.28966146e-08 
 1.38366194e+03  1.28012230e-08  1.38366194e+03  1.28114656e-08 
 1.41589157e+03  1.27175300e-08  1.41589157e+03  1.27277044e-08 
 1.44887192e+03  1.26352065e-08  1.44887192e+03  1.26453137e-08 
 1.48262048e+03  1.25542355e-08  1.48262048e+03  1.25642765e-08 
 1.51715515e+03  1.24745997e-08  1.51715515e+03  1.24845757e-08 
 1.55249423e+03  1.23962825e-08  1.55249423e+03  1.24061943e-08 
 1.58865647e+03  1.23192670e-08  1.58865647e+03  1.23291157e-08 
 1.62566103e+03  1.22435365e-08  1.62566103e+03  1.22533231e-08 
 1.66352754e+03  1.21690746e-08  1.66352754e+03  1.21788000e-08 
 1.70227608e+03  1.20958647e-08  1.70227608e+03  1.21055299e-08 
 1.74192718e+03  1.20238907e-08  1.74192718e+03  1.20334965e-08 
 1.78250188e+03  1.19531363e-08  1.78250188e+03  1.19626837e-08 
 1.82402168e+03  1.18835854e-08  1.82402168e+03  1.18930754e-08 
 1.86650860e+03  1.18152222e-08  1.86650860e+03  1.18246555e-08 
 1.90998517e+03  1.17480308e-08  1.90998517e+03  1.17574084e-08 
 1.95447444e+03  1.16819954e-08  1.95447444e+03  1.16913181e-08 
 2.00000000e+03  1.16171006e-08  2.00000000e+03  1.16263692e-08 
 2.04658598e+03  1.15533307e-08  2.04658598e+03  1.15625461e-08 
 2.09425710e+03  1.14906705e-08  2.09425710e+03  1.14998334e-08 
 2.14303861e+03  1.14291047e-08  2.14303861e+03  1.14382160e-08 
 2.19295639e+03  1.13686182e-08  2.19295639e+03  1.13776785e-08 
 2.24403691e+03  1.13091959e-08  2.24403691e+03  1.13182062e-08 
 2.29630724e+03  1.12508231e-08  2.29630724e+03  1.12597839e-08 
 2.34979511e+03  1.11934848e-08  2.34979511e+03  1.12023969e-08 
 2.40452887e+03  1.11371664e-08  2.40452887e+03  1.11460306e-08 
 2.46053754e+03  1.10818535e-08  2.46053754e+03  1.10906704e-08 
 2.51785082e+03  1.10275316e-08  2.51785082e+03  1.10363018e-08 
 2.57649910e+03  1.09741864e-08  2.57649910e+03  1.09829106e-08 
 2.63651348e+03  1.09218036e-08  2.63651348e+03  1.09304825e-08 
 2.69792577e+03  1.08703694e-08  2.69792577e+03  1.08790035e-08 
 2.76076853e+03  1.08198696e-08  2.76076853e+03  1.08284596e-08 
 2.82507509e+03  1.07702905e-08  2.82507509e+03  1.07788370e-08 
 2.89087954e+03  1.07216185e-08  2.89087954e+03  1.07301220e-08 
 2.95821678e+03  1.06738398e-08  2.95821678e+03  1.06823009e-08 
 3.02712250e+03  1.06269411e-08  3.02712250e+03  1.06353603e-08 
 3.09763324e+03  1.05809091e-08  3.09763324e+03  1.05892868e-08 
 3.16978638e+03  1.05357305e-08  3.16978638e+03  1.05440672e-08 
 3.24362019e+03  1.04913922e-08  3.24362019e+03  1.04996885e-08 
 3.31917381e+03  1.04478813e-08  3.31917381e+03  1.04561376e-08 
 3.39648730e+03  1.04051849e-08  3.39648730e+03  1.04134016e-08 
 3.47560166e+03  1.03632904e-08  3.47560166e+03  1.03714679e-08 
 3.55655882e+03  1.03221851e-08  3.55655882e+03  1.03303238e-08 
 3.63940172e+03  1.02818566e-08  3.63940172e+03  1.02899569e-08 
 3.72417427e+03  1.02422925e-08  3.72417427e+03  1.02503547e-08 
 3.81092144e+03  1.02034806e-08  3.81092144e+03  1.02115051e-08 
 3.89968920e+03  1.01654090e-08  3.89968920e+03  1.01733960e-08 
 3.99052463e+03  1.01280655e-08  3.99052463e+03  1.01360153e-08 
 4.08347589e+03  1.00914383e-08  4.08347589e+03  1.00993512e-08 
 4.17859226e+03  1.00555159e-08  4.17859226e+03  1.00633921e-08 
 4.27592418e+03  1.00202865e-08  4.27592418e+03  1.00281262e-08 
 4.37552325e+03  9.98573875e-09  4.37552325e+03  9.99354210e-09 
 4.47744228e+03  9.95186133e-09  4.47744228e+03  9.95962850e-09 
 4.58173531e+03  9.91864304e-09  4.58173531e+03  9.92637415e-09 
 4.68845763e+03  9.88607281e-09  4.68845763e+03  9.89376796e-09 
 4.79766584e+03  9.85413971e-09  4.79766584e+03  9.86179898e-09 
 4.90941783e+03  9.82283293e-09  4.90941783e+03  9.83045635e-09 
 5.02377286e+03  9.79214180e-09  5.02377286e+03  9.79972938e-09 
 5.14079157e+03  9.76205576e-09  5.14079157e+03  9.76960748e-09 
 5.26053598e+03  9.73256439e-09  5.26053598e+03  9.74008020e-09 
 5.38306961e+03  9.70365740e-09  5.38306961e+03  9.71113721e-09 
 5.50845741e+03  9.67532461e-09  5.50845741e+03  9.68276831e-09 
 5.63676586e+03  9.64755600e-09  5.63676586e+03  9.65496343e-09 
 5.76806301e+03  9.62034164e-09  5.76806301e+03  9.62771262e-09 
 5.90241845e+03  9.59367176e-09  5.90241845e+03  9.60100606e-09 
 6.03990344e+03  9.56753670e-09  6.03990344e+03  9.57483404e-09 
 6.18059087e+03  9.54192691e-09  6.18059087e+03  9.54918701e-09 
 6.32455532e+03  9.51683301e-09  6.32455532e+03  9.52405551e-09 
 6.47187314e+03  9.49224570e-09  6.47187314e+03  9.49943022e-09 
 6.62262243e+03  9.46815584e-09  6.62262243e+03  9.47530194e-09 
 6.77688312e+03  9.44455439e-09  6.77688312e+03  9.45166160e-09 
 6.93473701e+03  9.42143245e-09  6.93473701e+03  9.42850024e-09 
 7.09626778e+03  9.39878124e-09  7.09626778e+03  9.40580903e-09 
 7.26156110e+03  9.37659209e-09  7.26156110e+03  9.38357927e-09 
 7.43070458e+03  9.35485647e-09  7.43070458e+03  9.36180235e-09 
 7.60378793e+03  9.33356596e-09  7.60378793e+03  9.34046982e-09 
 7.78090290e+03  9.31271227e-09  7.78090290e+03  9.31957332e-09 
 7.96214341e+03  9.29228723e-09  7.96214341e+03  9.29910461e-09 
 8.14760556e+03  9.27228277e-09  8.14760556e+03  9.27905559e-09 
 8.33738767e+03  9.25269097e-09  8.33738767e+03  9.25941824e-09 
 8.53159038e+03  9.23350400e-09  8.53159038e+03  9.24018468e-09 
 8.73031664e+03  9.21471417e-09  8.73031664e+03  9.22134715e-09 
 8.93367184e+03  9.19631388e-09  8.93367184e+03  9.20289798e-09 
 9.14176379e+03  9.17829567e-09  9.14176379e+03  9.18482963e-09 
 9.35470283e+03  9.16065217e-09  9.35470283e+03  9.16713466e-09 
 9.57260185e+03  9.14337615e-09  9.57260185e+03  9.14980575e-09 
 9.79557639e+03  9.12646047e-09  9.79557639e+03  9.13283568e-09 
 1.00237447e+04  9.10989811e-09  1.00237447e+04  9.11621734e-09 
 1.02572277e+04  9.09368216e-09  1.02572277e+04  9.09994372e-09 
 1.04961492e+04  9.07780581e-09  1.04961492e+04  9.08400793e-09 
 1.07406359e+04  9.06226238e-09  1.07406359e+04  9.06840317e-09 
 1.09908175e+04  9.04704527e-09  1.09908175e+04  9.05312275e-09 
 1.12468265e+04  9.03214800e-09  1.12468265e+04  9.03816008e-09 
 1.15087987e+04  9.01756419e-09  1.15087987e+04  9.02350866e-09 
 1.17768731e+04  9.00328756e-09  1.17768731e+04  9.00916210e-09 
 1.20511917e+04  8.98931194e-09  1.20511917e+04  8.99511409e-09 
 1.23319000e+04  8.97563126e-09  1.23319000e+04  8.98135844e-09 
 1.26191469e+04  8.96223953e-09  1.26191469e+04  8.96788904e-09 
 1.29130846e+04  8.94913088e-09  1.29130846e+04  8.95469986e-09 
 1.32138690e+04  8.93629954e-09  1.32138690e+04  8.94178497e-09 
 1.35216595e+04  8.92373981e-09  1.35216595e+04  8.92913855e-09 
 1.38366194e+04  8.91144609e-09  1.38366194e+04  8.91675483e-09 
 1.41589157e+04  8.89941290e-09  1.41589157e+04  8.90462815e-09 
 1.44887192e+04  8.88763483e-09  1.44887192e+04  8.89275292e-09 
 1.48262048e+04  8.87610654e-09  1.48262048e+04  8.88112364e-09 
 1.51715515e+04  8.86482282e-09  1.51715515e+04  8.86973490e-09 
 1.55249423e+04  8.85377851e-09  1.55249423e+04  8.85858134e-09 
 1.58865647e+04  8.84296856e-09  1.58865647e+04  8.84765770e-09 
 1.62566103e+04  8.83238800e-09  1.62566103e+04  8.83695879e-09 
 1.66352754e+04  8.82203192e-09  1.66352754e+04  8.82647948e-09 
 1.70227608e+04  8.81189553e-09  1.70227608e+04  8.81621474e-09 
 1.74192718e+04  8.80197408e-09  1.74192718e+04  8.80615958e-09 
 1.78250188e+04  8.79226293e-09  1.78250188e+04  8.79630909e-09 
 1.82402168e+04  8.78275749e-09  1.82402168e+04  8.78665842e-09 
 1.86650860e+04  8.77345327e-09  1.86650860e+04  8.77720279e-09 
 1.90998517e+04  8.76434583e-09  1.90998517e+04  8.76793748e-09 
 1.95447444e+04  8.75543081e-09  1.95447444e+04  8.75885781e-09 
 2.00000000e+04  8.74670394e-09  2.00000000e+04  8.74995919e-09 
