 2.00000000e+01  6.79903797e+01 
 2.24403691e+01  6.83676392e+01 
 2.51785082e+01  6.88001126e+01 
 2.82507509e+01  6.92893875e+01 
 3.16978638e+01  6.98355698e+01 
 3.55655882e+01  7.04372546e+01 
 3.99052463e+01  7.10916463e+01 
 4.47744228e+01  7.17948020e+01 
 5.02377286e+01  7.25419487e+01 
 5.63676586e+01  7.33278179e+01 
 6.32455532e+01  7.41469478e+01 
 7.09626778e+01  7.49939232e+01 
 7.96214341e+01  7.58635365e+01 
 8.93367184e+01  7.67508735e+01 
 1.00237447e+02  7.76513318e+01 
 1.12468265e+02  7.85605899e+01 
 1.26191469e+02  7.94745377e+01 
 1.41589157e+02  8.03891855e+01 
 1.58865647e+02  8.13005589e+01 
 1.78250188e+02  8.22045937e+01 
 2.00000000e+02  8.30970358e+01 
 2.24403691e+02  8.39733608e+01 
 2.51785082e+02  8.48287226e+01 
 2.82507509e+02  8.56579470e+01 
 3.16978638e+02  8.64555834e+01 
 3.55655882e+02  8.72160298e+01 
 3.99052463e+02  8.79337330e+01 
 4.47744228e+02  8.86034599e+01 
 5.02377286e+02  8.92206136e+01 
 5.63676586e+02  8.97815507e+01 
 6.32455532e+02  9.02838457e+01 
 7.09626778e+02  9.07264467e+01 
 7.96214341e+02  9.11096844e+01 
 8.93367184e+02  9.14351253e+01 
 1.00237447e+03  9.17052907e+01 
 1.12468265e+03  9.19232901e+01 
 1.26191469e+03  9.20924228e+01 
 1.41589157e+03  9.22158001e+01 
 1.58865647e+03  9.22960242e+01 
 1.78250188e+03  9.23349418e+01 
 2.00000000e+03  9.23334800e+01 
 2.24403691e+03  9.22915633e+01 
 2.51785082e+03  9.22081101e+01 
 2.82507509e+03  9.20811078e+01 
 3.16978638e+03  9.19077690e+01 
 3.55655882e+03  9.16847682e+01 
 3.99052463e+03  9.14085525e+01 
 4.47744228e+03  9.10757068e+01 
 5.02377286e+03  9.06833361e+01 
 5.63676586e+03  9.02294137e+01 
 6.32455532e+03  8.97130384e+01 
 7.09626778e+03  8.91345537e+01 
 7.96214341e+03  8.84955050e+01 
 8.93367184e+03  8.77984435e+01 
 1.00237447e+04  8.70466156e+01 
 1.12468265e+04  8.62435910e+01 
 1.26191469e+04  8.53928858e+01 
 1.41589157e+04  8.44976255e+01 
 1.58865647e+04  8.35602749e+01 
 1.78250188e+04  8.25824476e+01 
 2.00000000e+04  8.15647982e+01 
 2.24403691e+04  8.05069950e+01 
 2.51785082e+04  7.94077733e+01 
 2.82507509e+04  7.82650708e+01 
 3.16978638e+04  7.70762465e+01 
 3.55655882e+04  7.58383822e+01 
 3.99052463e+04  7.45486518e+01 
 4.47744228e+04  7.32047325e+01 
 5.02377286e+04  7.18052106e+01 
 5.63676586e+04  7.03499276e+01 
 6.32455532e+04  6.88402111e+01 
 7.09626778e+04  6.72789543e+01 
 7.96214341e+04  6.56705336e+01 
 8.93367184e+04  6.40205871e+01 
 1.00237447e+05  6.23356942e+01 
 1.12468265e+05  6.06230042e+01 
 1.26191469e+05  5.88898534e+01 
 1.41589157e+05  5.71433940e+01 
 1.58865647e+05  5.53902437e+01 
 1.78250188e+05  5.36361611e+01 
 2.00000000e+05  5.18857556e+01 
