 2.00000000e+01  8.06229882e+01 
 2.24403691e+01  8.10989859e+01 
 2.51785082e+01  8.15920859e+01 
 2.82507509e+01  8.20929867e+01 
 3.16978638e+01  8.25918681e+01 
 3.55655882e+01  8.30790335e+01 
 3.99052463e+01  8.35455373e+01 
 4.47744228e+01  8.39837358e+01 
 5.02377286e+01  8.43877018e+01 
 5.63676586e+01  8.47534598e+01 
 6.32455532e+01  8.50790217e+01 
 7.09626778e+01  8.53642376e+01 
 7.96214341e+01  8.56105003e+01 
 8.93367184e+01  8.58203667e+01 
 1.00237447e+02  8.59971585e+01 
 1.12468265e+02  8.61445943e+01 
 1.26191469e+02  8.62664876e+01 
 1.41589157e+02  8.63665232e+01 
 1.58865647e+02  8.64481110e+01 
 1.78250188e+02  8.65143049e+01 
 2.00000000e+02  8.65677709e+01 
 2.24403691e+02  8.66107906e+01 
 2.51785082e+02  8.66452853e+01 
 2.82507509e+02  8.66728523e+01 
 3.16978638e+02  8.66948050e+01 
 3.55655882e+02  8.67122130e+01 
 3.99052463e+02  8.67259398e+01 
 4.47744228e+02  8.67366759e+01 
 5.02377286e+02  8.67449671e+01 
 5.63676586e+02  8.67512387e+01 
 6.32455532e+02  8.67558143e+01 
 7.09626778e+02  8.67589310e+01 
 7.96214341e+02  8.67607510e+01 
 8.93367184e+02  8.67613688e+01 
 1.00237447e+03  8.67608162e+01 
 1.12468265e+03  8.67590637e+01 
 1.26191469e+03  8.67560188e+01 
 1.41589157e+03  8.67515210e+01 
 1.58865647e+03  8.67453342e+01 
 1.78250188e+03  8.67371345e+01 
 2.00000000e+03  8.67264940e+01 
 2.24403691e+03  8.67128601e+01 
 2.51785082e+03  8.66955290e+01 
 2.82507509e+03  8.66736127e+01 
 3.16978638e+03  8.66459989e+01 
 3.55655882e+03  8.66113033e+01 
 3.99052463e+03  8.65678121e+01 
 4.47744228e+03  8.65134183e+01 
 5.02377286e+03  8.64455480e+01 
 5.63676586e+03  8.63610842e+01 
 6.32455532e+03  8.62562884e+01 
 7.09626778e+03  8.61267311e+01 
 7.96214341e+03  8.59672386e+01 
 8.93367184e+03  8.57718737e+01 
 1.00237447e+04  8.55339643e+01 
 1.12468265e+04  8.52461973e+01 
 1.26191469e+04  8.49007909e+01 
 1.41589157e+04  8.44897469e+01 
 1.58865647e+04  8.40051725e+01 
 1.78250188e+04  8.34396452e+01 
 2.00000000e+04  8.27865825e+01 
 2.24403691e+04  8.20405763e+01 
 2.51785082e+04  8.11976612e+01 
 2.82507509e+04  8.02555043e+01 
 3.16978638e+04  7.92135184e+01 
 3.55655882e+04  7.80729080e+01 
 3.99052463e+04  7.68366544e+01 
 4.47744228e+04  7.55094340e+01 
 5.02377286e+04  7.40974615e+01 
 5.63676586e+04  7.26082536e+01 
 6.32455532e+04  7.10503265e+01 
 7.09626778e+04  6.94328544e+01 
 7.96214341e+04  6.77653261e+01 
 8.93367184e+04  6.60572329e+01 
 1.00237447e+05  6.43178081e+01 
 1.12468265e+05  6.25558205e+01 
 1.26191469e+05  6.07794092e+01 
 1.41589157e+05  5.89959382e+01 
 1.58865647e+05  5.72118508e+01 
 1.78250188e+05  5.54325109e+01 
 2.00000000e+05  5.36620389e+01 
