 2.00000000e+01  1.27055672e-08  2.00000000e+01  8.96107062e-09 
 2.09425710e+01  1.26683719e-08  2.09425710e+01  8.93459908e-09 
 2.19295639e+01  1.26328333e-08  2.19295639e+01  8.90931820e-09 
 2.29630724e+01  1.25988785e-08  2.29630724e+01  8.88517444e-09 
 2.40452887e+01  1.25664376e-08  2.40452887e+01  8.86211667e-09 
 2.51785082e+01  1.25354438e-08  2.51785082e+01  8.84009606e-09 
 2.63651348e+01  1.25058333e-08  2.63651348e+01  8.81906598e-09 
 2.76076853e+01  1.24775448e-08  2.76076853e+01  8.79898189e-09 
 2.89087954e+01  1.24505198e-08  2.89087954e+01  8.77980125e-09 
 3.02712250e+01  1.24247023e-08  3.02712250e+01  8.76148345e-09 
 3.16978638e+01  1.24000389e-08  3.16978638e+01  8.74398969e-09 
 3.31917381e+01  1.23764782e-08  3.31917381e+01  8.72728292e-09 
 3.47560166e+01  1.23539715e-08  3.47560166e+01  8.71132774e-09 
 3.63940172e+01  1.23324717e-08  3.63940172e+01  8.69609038e-09 
 3.81092144e+01  1.23119342e-08  3.81092144e+01  8.68153854e-09 
 3.99052463e+01  1.22923162e-08  3.99052463e+01  8.66764141e-09 
 4.17859226e+01  1.22735766e-08  4.17859226e+01  8.65436954e-09 
 4.37552325e+01  1.22556765e-08  4.37552325e+01  8.64169482e-09 
 4.58173531e+01  1.22385784e-08  4.58173531e+01  8.62959039e-09 
 4.79766584e+01  1.22222465e-08  4.79766584e+01  8.61803061e-09 
 5.02377286e+01  1.22066466e-08  5.02377286e+01  8.60699098e-09 
 5.26053598e+01  1.21917462e-08  5.26053598e+01  8.59644810e-09 
 5.50845741e+01  1.21775139e-08  5.50845741e+01  8.58637964e-09 
 5.76806301e+01  1.21639199e-08  5.76806301e+01  8.57676425e-09 
 6.03990344e+01  1.21509358e-08  6.03990344e+01  8.56758155e-09 
 6.32455532e+01  1.21385342e-08  6.32455532e+01  8.55881209e-09 
 6.62262243e+01  1.21266890e-08  6.62262243e+01  8.55043726e-09 
 6.93473701e+01  1.21153755e-08  6.93473701e+01  8.54243932e-09 
 7.26156110e+01  1.21045698e-08  7.26156110e+01  8.53480131e-09 
 7.60378793e+01  1.20942492e-08  7.60378793e+01  8.52750704e-09 
 7.96214341e+01  1.20843920e-08  7.96214341e+01  8.52054104e-09 
 8.33738767e+01  1.20749773e-08  8.33738767e+01  8.51388854e-09 
 8.73031664e+01  1.20659855e-08  8.73031664e+01  8.50753543e-09 
 9.14176379e+01  1.20573976e-08  9.14176379e+01  8.50146825e-09 
 9.57260185e+01  1.20491953e-08  9.57260185e+01  8.49567412e-09 
 1.00237447e+02  1.20413616e-08  1.00237447e+02  8.49014076e-09 
 1.04961492e+02  1.20338797e-08  1.04961492e+02  8.48485644e-09 
 1.09908175e+02  1.20267341e-08  1.09908175e+02  8.47980994e-09 
 1.15087987e+02  1.20199095e-08  1.15087987e+02  8.47499057e-09 
 1.20511917e+02  1.20133916e-08  1.20511917e+02  8.47038810e-09 
 1.26191469e+02  1.20071666e-08  1.26191469e+02  8.46599278e-09 
 1.32138690e+02  1.20012213e-08  1.32138690e+02  8.46179527e-09 
 1.38366194e+02  1.19955433e-08  1.38366194e+02  8.45778668e-09 
 1.44887192e+02  1.19901205e-08  1.44887192e+02  8.45395851e-09 
 1.51715515e+02  1.19849415e-08  1.51715515e+02  8.45030263e-09 
 1.58865647e+02  1.19799952e-08  1.58865647e+02  8.44681129e-09 
 1.66352754e+02  1.19752713e-08  1.66352754e+02  8.44347709e-09 
 1.74192718e+02  1.19707598e-08  1.74192718e+02  8.44029295e-09 
 1.82402168e+02  1.19664511e-08  1.82402168e+02  8.43725212e-09 
 1.90998517e+02  1.19623362e-08  1.90998517e+02  8.43434815e-09 
 2.00000000e+02  1.19584062e-08  2.00000000e+02  8.43157487e-09 
 2.09425710e+02  1.19546530e-08  2.09425710e+02  8.42892642e-09 
 2.19295639e+02  1.19510685e-08  2.19295639e+02  8.42639716e-09 
 2.29630724e+02  1.19476452e-08  2.29630724e+02  8.42398174e-09 
 2.40452887e+02  1.19443758e-08  2.40452887e+02  8.42167503e-09 
 2.51785082e+02  1.19412534e-08  2.51785082e+02  8.41947214e-09 
 2.63651348e+02  1.19382714e-08  2.63651348e+02  8.41736839e-09 
 2.76076853e+02  1.19354234e-08  2.76076853e+02  8.41535933e-09 
 2.89087954e+02  1.19327036e-08  2.89087954e+02  8.41344068e-09 
 3.02712250e+02  1.19301060e-08  3.02712250e+02  8.41160839e-09 
 3.16978638e+02  1.19276252e-08  3.16978638e+02  8.40985856e-09 
 3.31917381e+02  1.19252559e-08  3.31917381e+02  8.40818748e-09 
 3.47560166e+02  1.19229931e-08  3.47560166e+02  8.40659161e-09 
 3.63940172e+02  1.19208321e-08  3.63940172e+02  8.40506756e-09 
 3.81092144e+02  1.19187682e-08  3.81092144e+02  8.40361211e-09 
 3.99052463e+02  1.19167970e-08  3.99052463e+02  8.40222215e-09 
 4.17859226e+02  1.19149144e-08  4.17859226e+02  8.40089475e-09 
 4.37552325e+02  1.19131164e-08  4.37552325e+02  8.39962708e-09 
 4.58173531e+02  1.19113992e-08  4.58173531e+02  8.39841646e-09 
 4.79766584e+02  1.19097590e-08  4.79766584e+02  8.39726033e-09 
 5.02377286e+02  1.19081926e-08  5.02377286e+02  8.39615622e-09 
 5.26053598e+02  1.19066964e-08  5.26053598e+02  8.39510179e-09 
 5.50845741e+02  1.19052674e-08  5.50845741e+02  8.39409481e-09 
 5.76806301e+02  1.19039024e-08  5.76806301e+02  8.39313315e-09 
 6.03990344e+02  1.19025987e-08  6.03990344e+02  8.39221475e-09 
 6.32455532e+02  1.19013534e-08  6.32455532e+02  8.39133768e-09 
 6.62262243e+02  1.19001639e-08  6.62262243e+02  8.39050007e-09 
 6.93473701e+02  1.18990276e-08  6.93473701e+02  8.38970014e-09 
 7.26156110e+02  1.18979421e-08  7.26156110e+02  8.38893620e-09 
 7.60378793e+02  1.18969051e-08  7.60378793e+02  8.38820663e-09 
 7.96214341e+02  1.18959144e-08  7.96214341e+02  8.38750987e-09 
 8.33738767e+02  1.18949678e-08  8.33738767e+02  8.38684445e-09 
 8.73031664e+02  1.18940634e-08  8.73031664e+02  8.38620895e-09 
 9.14176379e+02  1.18931992e-08  9.14176379e+02  8.38560203e-09 
 9.57260185e+02  1.18923734e-08  9.57260185e+02  8.38502240e-09 
 1.00237447e+03  1.18915841e-08  1.00237447e+03  8.38446883e-09 
 1.04961492e+03  1.18908296e-08  1.04961492e+03  8.38394014e-09 
 1.09908175e+03  1.18901084e-08  1.09908175e+03  8.38343520e-09 
 1.15087987e+03  1.18894189e-08  1.15087987e+03  8.38295295e-09 
 1.20511917e+03  1.18887595e-08  1.20511917e+03  8.38249236e-09 
 1.26191469e+03  1.18881289e-08  1.26191469e+03  8.38205246e-09 
 1.32138690e+03  1.18875255e-08  1.32138690e+03  8.38163229e-09 
 1.38366194e+03  1.18869482e-08  1.38366194e+03  8.38123098e-09 
 1.44887192e+03  1.18863956e-08  1.44887192e+03  8.38084767e-09 
 1.51715515e+03  1.18858666e-08  1.51715515e+03  8.38048154e-09 
 1.58865647e+03  1.18853598e-08  1.58865647e+03  8.38013180e-09 
 1.66352754e+03  1.18848742e-08  1.66352754e+03  8.37979773e-09 
 1.74192718e+03  1.18844086e-08  1.74192718e+03  8.37947859e-09 
 1.82402168e+03  1.18839620e-08  1.82402168e+03  8.37917372e-09 
 1.90998517e+03  1.18835333e-08  1.90998517e+03  8.37888246e-09 
 2.00000000e+03  1.18831215e-08  2.00000000e+03  8.37860418e-09 
 2.09425710e+03  1.18827256e-08  2.09425710e+03  8.37833830e-09 
 2.19295639e+03  1.18823447e-08  2.19295639e+03  8.37808423e-09 
 2.29630724e+03  1.18819778e-08  2.29630724e+03  8.37784143e-09 
 2.40452887e+03  1.18816239e-08  2.40452887e+03  8.37760939e-09 
 2.51785082e+03  1.18812822e-08  2.51785082e+03  8.37738759e-09 
 2.63651348e+03  1.18809517e-08  2.63651348e+03  8.37717556e-09 
 2.76076853e+03  1.18806316e-08  2.76076853e+03  8.37697284e-09 
 2.89087954e+03  1.18803209e-08  2.89087954e+03  8.37677899e-09 
 3.02712250e+03  1.18800187e-08  3.02712250e+03  8.37659358e-09 
 3.16978638e+03  1.18797241e-08  3.16978638e+03  8.37641621e-09 
 3.31917381e+03  1.18794362e-08  3.31917381e+03  8.37624648e-09 
 3.47560166e+03  1.18791540e-08  3.47560166e+03  8.37608401e-09 
 3.63940172e+03  1.18788767e-08  3.63940172e+03  8.37592846e-09 
 3.81092144e+03  1.18786032e-08  3.81092144e+03  8.37577946e-09 
 3.99052463e+03  1.18783325e-08  3.99052463e+03  8.37563667e-09 
 4.17859226e+03  1.18780635e-08  4.17859226e+03  8.37549977e-09 
 4.37552325e+03  1.18777953e-08  4.37552325e+03  8.37536845e-09 
 4.58173531e+03  1.18775266e-08  4.58173531e+03  8.37524239e-09 
 4.79766584e+03  1.18772563e-08  4.79766584e+03  8.37512130e-09 
 5.02377286e+03  1.18769831e-08  5.02377286e+03  8.37500488e-09 
 5.26053598e+03  1.18767058e-08  5.26053598e+03  8.37489286e-09 
 5.50845741e+03  1.18764228e-08  5.50845741e+03  8.37478494e-09 
 5.76806301e+03  1.18761328e-08  5.76806301e+03  8.37468085e-09 
 6.03990344e+03  1.18758340e-08  6.03990344e+03  8.37458033e-09 
 6.32455532e+03  1.18755249e-08  6.32455532e+03  8.37448311e-09 
 6.62262243e+03  1.18752036e-08  6.62262243e+03  8.37438891e-09 
 6.93473701e+03  1.18748681e-08  6.93473701e+03  8.37429748e-09 
 7.26156110e+03  1.18745164e-08  7.26156110e+03  8.37420854e-09 
 7.60378793e+03  1.18741460e-08  7.60378793e+03  8.37412183e-09 
 7.96214341e+03  1.18737546e-08  7.96214341e+03  8.37403708e-09 
 8.33738767e+03  1.18733394e-08  8.33738767e+03  8.37395400e-09 
 8.73031664e+03  1.18728976e-08  8.73031664e+03  8.37387233e-09 
 9.14176379e+03  1.18724260e-08  9.14176379e+03  8.37379177e-09 
 9.57260185e+03  1.18719211e-08  9.57260185e+03  8.37371202e-09 
 1.00237447e+04  1.18713792e-08  1.00237447e+04  8.37363278e-09 
 1.04961492e+04  1.18707962e-08  1.04961492e+04  8.37355373e-09 
 1.09908175e+04  1.18701678e-08  1.09908175e+04  8.37347454e-09 
 1.15087987e+04  1.18694890e-08  1.15087987e+04  8.37339485e-09 
 1.20511917e+04  1.18687545e-08  1.20511917e+04  8.37331431e-09 
 1.26191469e+04  1.18679586e-08  1.26191469e+04  8.37323251e-09 
 1.32138690e+04  1.18670951e-08  1.32138690e+04  8.37314905e-09 
 1.38366194e+04  1.18661569e-08  1.38366194e+04  8.37306350e-09 
 1.44887192e+04  1.18651367e-08  1.44887192e+04  8.37297538e-09 
 1.51715515e+04  1.18640261e-08  1.51715515e+04  8.37288419e-09 
 1.58865647e+04  1.18628163e-08  1.58865647e+04  8.37278941e-09 
 1.66352754e+04  1.18614975e-08  1.66352754e+04  8.37269045e-09 
 1.74192718e+04  1.18600589e-08  1.74192718e+04  8.37258670e-09 
 1.82402168e+04  1.18584888e-08  1.82402168e+04  8.37247749e-09 
 1.90998517e+04  1.18567745e-08  1.90998517e+04  8.37236210e-09 
 2.00000000e+04  1.18549019e-08  2.00000000e+04  8.37223976e-09 
