 1.00000000e+00  6.81375236e+01  1.00000000e+00  1.79458830e+02 
 1.02329299e+00  6.81373517e+01  1.02329299e+00  1.79448427e+02 
 1.04712855e+00  6.81371839e+01  1.04712855e+00  1.79437770e+02 
 1.07151931e+00  6.81370200e+01  1.07151931e+00  1.79426850e+02 
 1.09647820e+00  6.81368600e+01  1.09647820e+00  1.79415661e+02 
 1.12201845e+00  6.81367039e+01  1.12201845e+00  1.79404195e+02 
 1.14815362e+00  6.81365514e+01  1.14815362e+00  1.79392444e+02 
 1.17489755e+00  6.81364026e+01  1.17489755e+00  1.79380400e+02 
 1.20226443e+00  6.81362574e+01  1.20226443e+00  1.79368057e+02 
 1.23026877e+00  6.81361156e+01  1.23026877e+00  1.79355406e+02 
 1.25892541e+00  6.81359771e+01  1.25892541e+00  1.79342438e+02 
 1.28824955e+00  6.81358418e+01  1.28824955e+00  1.79329146e+02 
 1.31825674e+00  6.81357097e+01  1.31825674e+00  1.79315522e+02 
 1.34896288e+00  6.81355805e+01  1.34896288e+00  1.79301557e+02 
 1.38038426e+00  6.81354542e+01  1.38038426e+00  1.79287243e+02 
 1.41253754e+00  6.81353305e+01  1.41253754e+00  1.79272570e+02 
 1.44543977e+00  6.81352095e+01  1.44543977e+00  1.79257531e+02 
 1.47910839e+00  6.81350909e+01  1.47910839e+00  1.79242115e+02 
 1.51356125e+00  6.81349746e+01  1.51356125e+00  1.79226315e+02 
 1.54881662e+00  6.81348605e+01  1.54881662e+00  1.79210120e+02 
 1.58489319e+00  6.81347484e+01  1.58489319e+00  1.79193521e+02 
 1.62181010e+00  6.81346381e+01  1.62181010e+00  1.79176509e+02 
 1.65958691e+00  6.81345296e+01  1.65958691e+00  1.79159074e+02 
 1.69824365e+00  6.81344225e+01  1.69824365e+00  1.79141205e+02 
 1.73780083e+00  6.81343169e+01  1.73780083e+00  1.79122893e+02 
 1.77827941e+00  6.81342125e+01  1.77827941e+00  1.79104127e+02 
 1.81970086e+00  6.81341092e+01  1.81970086e+00  1.79084896e+02 
 1.86208714e+00  6.81340068e+01  1.86208714e+00  1.79065190e+02 
 1.90546072e+00  6.81339051e+01  1.90546072e+00  1.79044998e+02 
 1.94984460e+00  6.81338040e+01  1.94984460e+00  1.79024308e+02 
 1.99526231e+00  6.81337033e+01  1.99526231e+00  1.79003108e+02 
 2.04173794e+00  6.81336028e+01  2.04173794e+00  1.78981388e+02 
 2.08929613e+00  6.81335024e+01  2.08929613e+00  1.78959135e+02 
 2.13796209e+00  6.81334018e+01  2.13796209e+00  1.78936337e+02 
 2.18776162e+00  6.81333009e+01  2.18776162e+00  1.78912981e+02 
 2.23872114e+00  6.81331995e+01  2.23872114e+00  1.78889054e+02 
 2.29086765e+00  6.81330974e+01  2.29086765e+00  1.78864544e+02 
 2.34422882e+00  6.81329945e+01  2.34422882e+00  1.78839437e+02 
 2.39883292e+00  6.81328904e+01  2.39883292e+00  1.78813719e+02 
 2.45470892e+00  6.81327850e+01  2.45470892e+00  1.78787376e+02 
 2.51188643e+00  6.81326782e+01  2.51188643e+00  1.78760395e+02 
 2.57039578e+00  6.81325696e+01  2.57039578e+00  1.78732760e+02 
 2.63026799e+00  6.81324591e+01  2.63026799e+00  1.78704456e+02 
 2.69153480e+00  6.81323465e+01  2.69153480e+00  1.78675469e+02 
 2.75422870e+00  6.81322315e+01  2.75422870e+00  1.78645782e+02 
 2.81838293e+00  6.81321139e+01  2.81838293e+00  1.78615380e+02 
 2.88403150e+00  6.81319934e+01  2.88403150e+00  1.78584246e+02 
 2.95120923e+00  6.81318699e+01  2.95120923e+00  1.78552364e+02 
 3.01995172e+00  6.81317429e+01  3.01995172e+00  1.78519716e+02 
 3.09029543e+00  6.81316124e+01  3.09029543e+00  1.78486284e+02 
 3.16227766e+00  6.81314780e+01  3.16227766e+00  1.78452052e+02 
 3.23593657e+00  6.81313393e+01  3.23593657e+00  1.78416999e+02 
 3.31131121e+00  6.81311963e+01  3.31131121e+00  1.78381109e+02 
 3.38844156e+00  6.81310484e+01  3.38844156e+00  1.78344361e+02 
 3.46736850e+00  6.81308954e+01  3.46736850e+00  1.78306736e+02 
 3.54813389e+00  6.81307371e+01  3.54813389e+00  1.78268213e+02 
 3.63078055e+00  6.81305729e+01  3.63078055e+00  1.78228773e+02 
 3.71535229e+00  6.81304027e+01  3.71535229e+00  1.78188393e+02 
 3.80189396e+00  6.81302260e+01  3.80189396e+00  1.78147053e+02 
 3.89045145e+00  6.81300424e+01  3.89045145e+00  1.78104730e+02 
 3.98107171e+00  6.81298515e+01  3.98107171e+00  1.78061401e+02 
 4.07380278e+00  6.81296530e+01  4.07380278e+00  1.78017044e+02 
 4.16869383e+00  6.81294464e+01  4.16869383e+00  1.77971635e+02 
 4.26579519e+00  6.81292312e+01  4.26579519e+00  1.77925149e+02 
 4.36515832e+00  6.81290070e+01  4.36515832e+00  1.77877561e+02 
 4.46683592e+00  6.81287733e+01  4.46683592e+00  1.77828847e+02 
 4.57088190e+00  6.81285295e+01  4.57088190e+00  1.77778980e+02 
 4.67735141e+00  6.81282752e+01  4.67735141e+00  1.77727933e+02 
 4.78630092e+00  6.81280097e+01  4.78630092e+00  1.77675680e+02 
 4.89778819e+00  6.81277325e+01  4.89778819e+00  1.77622192e+02 
 5.01187234e+00  6.81274430e+01  5.01187234e+00  1.77567441e+02 
 5.12861384e+00  6.81271405e+01  5.12861384e+00  1.77511397e+02 
 5.24807460e+00  6.81268243e+01  5.24807460e+00  1.77454031e+02 
 5.37031796e+00  6.81264938e+01  5.37031796e+00  1.77395312e+02 
 5.49540874e+00  6.81261482e+01  5.49540874e+00  1.77335208e+02 
 5.62341325e+00  6.81257866e+01  5.62341325e+00  1.77273687e+02 
 5.75439937e+00  6.81254084e+01  5.75439937e+00  1.77210718e+02 
 5.88843655e+00  6.81250127e+01  5.88843655e+00  1.77146265e+02 
 6.02559586e+00  6.81245985e+01  6.02559586e+00  1.77080294e+02 
 6.16595002e+00  6.81241649e+01  6.16595002e+00  1.77012771e+02 
 6.30957344e+00  6.81237109e+01  6.30957344e+00  1.76943659e+02 
 6.45654229e+00  6.81232356e+01  6.45654229e+00  1.76872921e+02 
 6.60693448e+00  6.81227377e+01  6.60693448e+00  1.76800520e+02 
 6.76082975e+00  6.81222162e+01  6.76082975e+00  1.76726416e+02 
 6.91830971e+00  6.81216699e+01  6.91830971e+00  1.76650571e+02 
 7.07945784e+00  6.81210975e+01  7.07945784e+00  1.76572943e+02 
 7.24435960e+00  6.81204977e+01  7.24435960e+00  1.76493492e+02 
 7.41310241e+00  6.81198691e+01  7.41310241e+00  1.76412175e+02 
 7.58577575e+00  6.81192103e+01  7.58577575e+00  1.76328948e+02 
 7.76247117e+00  6.81185197e+01  7.76247117e+00  1.76243768e+02 
 7.94328235e+00  6.81177956e+01  7.94328235e+00  1.76156588e+02 
 8.12830516e+00  6.81170365e+01  8.12830516e+00  1.76067362e+02 
 8.31763771e+00  6.81162405e+01  8.31763771e+00  1.75976044e+02 
 8.51138038e+00  6.81154057e+01  8.51138038e+00  1.75882583e+02 
 8.70963590e+00  6.81145302e+01  8.70963590e+00  1.75786932e+02 
 8.91250938e+00  6.81136120e+01  8.91250938e+00  1.75689038e+02 
 9.12010839e+00  6.81126487e+01  9.12010839e+00  1.75588850e+02 
 9.33254301e+00  6.81116382e+01  9.33254301e+00  1.75486315e+02 
 9.54992586e+00  6.81105781e+01  9.54992586e+00  1.75381378e+02 
 9.77237221e+00  6.81094657e+01  9.77237221e+00  1.75273985e+02 
 1.00000000e+01  6.81082985e+01  1.00000000e+01  1.75164077e+02 
 1.02329299e+01  6.81070736e+01  1.02329299e+01  1.75051599e+02 
 1.04712855e+01  6.81057882e+01  1.04712855e+01  1.74936489e+02 
 1.07151931e+01  6.81044390e+01  1.07151931e+01  1.74818689e+02 
 1.09647820e+01  6.81030229e+01  1.09647820e+01  1.74698136e+02 
 1.12201845e+01  6.81015364e+01  1.12201845e+01  1.74574767e+02 
 1.14815362e+01  6.80999759e+01  1.14815362e+01  1.74448518e+02 
 1.17489755e+01  6.80983376e+01  1.17489755e+01  1.74319324e+02 
 1.20226443e+01  6.80966177e+01  1.20226443e+01  1.74187117e+02 
 1.23026877e+01  6.80948118e+01  1.23026877e+01  1.74051829e+02 
 1.25892541e+01  6.80929156e+01  1.25892541e+01  1.73913391e+02 
 1.28824955e+01  6.80909246e+01  1.28824955e+01  1.73771732e+02 
 1.31825674e+01  6.80888337e+01  1.31825674e+01  1.73626780e+02 
 1.34896288e+01  6.80866381e+01  1.34896288e+01  1.73478460e+02 
 1.38038426e+01  6.80843322e+01  1.38038426e+01  1.73326699e+02 
 1.41253754e+01  6.80819106e+01  1.41253754e+01  1.73171420e+02 
 1.44543977e+01  6.80793674e+01  1.44543977e+01  1.73012545e+02 
 1.47910839e+01  6.80766963e+01  1.47910839e+01  1.72849996e+02 
 1.51356125e+01  6.80738910e+01  1.51356125e+01  1.72683692e+02 
 1.54881662e+01  6.80709446e+01  1.54881662e+01  1.72513552e+02 
 1.58489319e+01  6.80678500e+01  1.58489319e+01  1.72339493e+02 
 1.62181010e+01  6.80645998e+01  1.62181010e+01  1.72161432e+02 
 1.65958691e+01  6.80611862e+01  1.65958691e+01  1.71979284e+02 
 1.69824365e+01  6.80576011e+01  1.69824365e+01  1.71792961e+02 
 1.73780083e+01  6.80538359e+01  1.73780083e+01  1.71602377e+02 
 1.77827941e+01  6.80498816e+01  1.77827941e+01  1.71407444e+02 
 1.81970086e+01  6.80457291e+01  1.81970086e+01  1.71208071e+02 
 1.86208714e+01  6.80413684e+01  1.86208714e+01  1.71004168e+02 
 1.90546072e+01  6.80367894e+01  1.90546072e+01  1.70795645e+02 
 1.94984460e+01  6.80319815e+01  1.94984460e+01  1.70582408e+02 
 1.99526231e+01  6.80269336e+01  1.99526231e+01  1.70364364e+02 
 2.04173794e+01  6.80216341e+01  2.04173794e+01  1.70141419e+02 
 2.08929613e+01  6.80160709e+01  2.08929613e+01  1.69913480e+02 
 2.13796209e+01  6.80102315e+01  2.13796209e+01  1.69680451e+02 
 2.18776162e+01  6.80041027e+01  2.18776162e+01  1.69442235e+02 
 2.23872114e+01  6.79976709e+01  2.23872114e+01  1.69198738e+02 
 2.29086765e+01  6.79909220e+01  2.29086765e+01  1.68949863e+02 
 2.34422882e+01  6.79838411e+01  2.34422882e+01  1.68695513e+02 
 2.39883292e+01  6.79764130e+01  2.39883292e+01  1.68435591e+02 
 2.45470892e+01  6.79686217e+01  2.45470892e+01  1.68170001e+02 
 2.51188643e+01  6.79604506e+01  2.51188643e+01  1.67898647e+02 
 2.57039578e+01  6.79518827e+01  2.57039578e+01  1.67621432e+02 
 2.63026799e+01  6.79429000e+01  2.63026799e+01  1.67338260e+02 
 2.69153480e+01  6.79334842e+01  2.69153480e+01  1.67049036e+02 
 2.75422870e+01  6.79236161e+01  2.75422870e+01  1.66753665e+02 
 2.81838293e+01  6.79132759e+01  2.81838293e+01  1.66452055e+02 
 2.88403150e+01  6.79024432e+01  2.88403150e+01  1.66144111e+02 
 2.95120923e+01  6.78910967e+01  2.95120923e+01  1.65829743e+02 
 3.01995172e+01  6.78792146e+01  3.01995172e+01  1.65508860e+02 
 3.09029543e+01  6.78667741e+01  3.09029543e+01  1.65181375e+02 
 3.16227766e+01  6.78537520e+01  3.16227766e+01  1.64847200e+02 
 3.23593657e+01  6.78401241e+01  3.23593657e+01  1.64506251e+02 
 3.31131121e+01  6.78258655e+01  3.31131121e+01  1.64158446e+02 
 3.38844156e+01  6.78109507e+01  3.38844156e+01  1.63803704e+02 
 3.46736850e+01  6.77953531e+01  3.46736850e+01  1.63441949e+02 
 3.54813389e+01  6.77790456e+01  3.54813389e+01  1.63073107e+02 
 3.63078055e+01  6.77620003e+01  3.63078055e+01  1.62697106e+02 
 3.71535229e+01  6.77441884e+01  3.71535229e+01  1.62313880e+02 
 3.80189396e+01  6.77255804e+01  3.80189396e+01  1.61923364e+02 
 3.89045145e+01  6.77061460e+01  3.89045145e+01  1.61525501e+02 
 3.98107171e+01  6.76858541e+01  3.98107171e+01  1.61120234e+02 
 4.07380278e+01  6.76646729e+01  4.07380278e+01  1.60707515e+02 
 4.16869383e+01  6.76425697e+01  4.16869383e+01  1.60287298e+02 
 4.26579519e+01  6.76195113e+01  4.26579519e+01  1.59859545e+02 
 4.36515832e+01  6.75954635e+01  4.36515832e+01  1.59424220e+02 
 4.46683592e+01  6.75703914e+01  4.46683592e+01  1.58981298e+02 
 4.57088190e+01  6.75442597e+01  4.57088190e+01  1.58530758e+02 
 4.67735141e+01  6.75170322e+01  4.67735141e+01  1.58072585e+02 
 4.78630092e+01  6.74886720e+01  4.78630092e+01  1.57606774e+02 
 4.89778819e+01  6.74591417e+01  4.89778819e+01  1.57133326e+02 
 5.01187234e+01  6.74284033e+01  5.01187234e+01  1.56652250e+02 
 5.12861384e+01  6.73964183e+01  5.12861384e+01  1.56163563e+02 
 5.24807460e+01  6.73631478e+01  5.24807460e+01  1.55667294e+02 
 5.37031796e+01  6.73285522e+01  5.37031796e+01  1.55163476e+02 
 5.49540874e+01  6.72925918e+01  5.49540874e+01  1.54652157e+02 
 5.62341325e+01  6.72552265e+01  5.62341325e+01  1.54133391e+02 
 5.75439937e+01  6.72164159e+01  5.75439937e+01  1.53607244e+02 
 5.88843655e+01  6.71761194e+01  5.88843655e+01  1.53073791e+02 
 6.02559586e+01  6.71342963e+01  6.02559586e+01  1.52533121e+02 
 6.16595002e+01  6.70909061e+01  6.16595002e+01  1.51985331e+02 
 6.30957344e+01  6.70459080e+01  6.30957344e+01  1.51430530e+02 
 6.45654229e+01  6.69992617e+01  6.45654229e+01  1.50868841e+02 
 6.60693448e+01  6.69509269e+01  6.60693448e+01  1.50300395e+02 
 6.76082975e+01  6.69008636e+01  6.76082975e+01  1.49725338e+02 
 6.91830971e+01  6.68490326e+01  6.91830971e+01  1.49143827e+02 
 7.07945784e+01  6.67953948e+01  7.07945784e+01  1.48556031e+02 
 7.24435960e+01  6.67399121e+01  7.24435960e+01  1.47962130e+02 
 7.41310241e+01  6.66825470e+01  7.41310241e+01  1.47362319e+02 
 7.58577575e+01  6.66232629e+01  7.58577575e+01  1.46756802e+02 
 7.76247117e+01  6.65620242e+01  7.76247117e+01  1.46145798e+02 
 7.94328235e+01  6.64987963e+01  7.94328235e+01  1.45529534e+02 
 8.12830516e+01  6.64335462e+01  8.12830516e+01  1.44908252e+02 
 8.31763771e+01  6.63662416e+01  8.31763771e+01  1.44282204e+02 
 8.51138038e+01  6.62968523e+01  8.51138038e+01  1.43651651e+02 
 8.70963590e+01  6.62253492e+01  8.70963590e+01  1.43016868e+02 
 8.91250938e+01  6.61517050e+01  8.91250938e+01  1.42378136e+02 
 9.12010839e+01  6.60758941e+01  9.12010839e+01  1.41735750e+02 
 9.33254301e+01  6.59978929e+01  9.33254301e+01  1.41090011e+02 
 9.54992586e+01  6.59176797e+01  9.54992586e+01  1.40441227e+02 
 9.77237221e+01  6.58352347e+01  9.77237221e+01  1.39789718e+02 
 1.00000000e+02  6.57505404e+01  1.00000000e+02  1.39135807e+02 
 1.02329299e+02  6.56635812e+01  1.02329299e+02  1.38479824e+02 
 1.04712855e+02  6.55743442e+01  1.04712855e+02  1.37822107e+02 
 1.07151931e+02  6.54828184e+01  1.07151931e+02  1.37162995e+02 
 1.09647820e+02  6.53889952e+01  1.09647820e+02  1.36502833e+02 
 1.12201845e+02  6.52928687e+01  1.12201845e+02  1.35841967e+02 
 1.14815362e+02  6.51944351e+01  1.14815362e+02  1.35180746e+02 
 1.17489755e+02  6.50936930e+01  1.17489755e+02  1.34519521e+02 
 1.20226443e+02  6.49906437e+01  1.20226443e+02  1.33858640e+02 
 1.23026877e+02  6.48852907e+01  1.23026877e+02  1.33198454e+02 
 1.25892541e+02  6.47776401e+01  1.25892541e+02  1.32539309e+02 
 1.28824955e+02  6.46677002e+01  1.28824955e+02  1.31881550e+02 
 1.31825674e+02  6.45554817e+01  1.31825674e+02  1.31225518e+02 
 1.34896288e+02  6.44409978e+01  1.34896288e+02  1.30571550e+02 
 1.38038426e+02  6.43242638e+01  1.38038426e+02  1.29919976e+02 
 1.41253754e+02  6.42052971e+01  1.41253754e+02  1.29271121e+02 
 1.44543977e+02  6.40841175e+01  1.44543977e+02  1.28625305e+02 
 1.47910839e+02  6.39607466e+01  1.47910839e+02  1.27982838e+02 
 1.51356125e+02  6.38352081e+01  1.51356125e+02  1.27344022e+02 
 1.54881662e+02  6.37075275e+01  1.54881662e+02  1.26709151e+02 
 1.58489319e+02  6.35777322e+01  1.58489319e+02  1.26078509e+02 
 1.62181010e+02  6.34458510e+01  1.62181010e+02  1.25452370e+02 
 1.65958691e+02  6.33119147e+01  1.65958691e+02  1.24830997e+02 
 1.69824365e+02  6.31759552e+01  1.69824365e+02  1.24214644e+02 
 1.73780083e+02  6.30380058e+01  1.73780083e+02  1.23603551e+02 
 1.77827941e+02  6.28981012e+01  1.77827941e+02  1.22997948e+02 
 1.81970086e+02  6.27562771e+01  1.81970086e+02  1.22398054e+02 
 1.86208714e+02  6.26125702e+01  1.86208714e+02  1.21804074e+02 
 1.90546072e+02  6.24670181e+01  1.90546072e+02  1.21216202e+02 
 1.94984460e+02  6.23196593e+01  1.94984460e+02  1.20634620e+02 
 1.99526231e+02  6.21705328e+01  1.99526231e+02  1.20059498e+02 
 2.04173794e+02  6.20196782e+01  2.04173794e+02  1.19490991e+02 
 2.08929613e+02  6.18671356e+01  2.08929613e+02  1.18929246e+02 
 2.13796209e+02  6.17129454e+01  2.13796209e+02  1.18374395e+02 
 2.18776162e+02  6.15571483e+01  2.18776162e+02  1.17826558e+02 
 2.23872114e+02  6.13997852e+01  2.23872114e+02  1.17285846e+02 
 2.29086765e+02  6.12408968e+01  2.29086765e+02  1.16752355e+02 
 2.34422882e+02  6.10805241e+01  2.34422882e+02  1.16226171e+02 
 2.39883292e+02  6.09187078e+01  2.39883292e+02  1.15707371e+02 
 2.45470892e+02  6.07554885e+01  2.45470892e+02  1.15196017e+02 
 2.51188643e+02  6.05909064e+01  2.51188643e+02  1.14692165e+02 
 2.57039578e+02  6.04250016e+01  2.57039578e+02  1.14195859e+02 
 2.63026799e+02  6.02578136e+01  2.63026799e+02  1.13707132e+02 
 2.69153480e+02  6.00893815e+01  2.69153480e+02  1.13226010e+02 
 2.75422870e+02  5.99197440e+01  2.75422870e+02  1.12752508e+02 
 2.81838293e+02  5.97489391e+01  2.81838293e+02  1.12286634e+02 
 2.88403150e+02  5.95770043e+01  2.88403150e+02  1.11828387e+02 
 2.95120923e+02  5.94039765e+01  2.95120923e+02  1.11377758e+02 
 3.01995172e+02  5.92298918e+01  3.01995172e+02  1.10934732e+02 
 3.09029543e+02  5.90547856e+01  3.09029543e+02  1.10499285e+02 
 3.16227766e+02  5.88786928e+01  3.16227766e+02  1.10071388e+02 
 3.23593657e+02  5.87016473e+01  3.23593657e+02  1.09651004e+02 
 3.31131121e+02  5.85236823e+01  3.31131121e+02  1.09238092e+02 
 3.38844156e+02  5.83448303e+01  3.38844156e+02  1.08832605e+02 
 3.46736850e+02  5.81651230e+01  3.46736850e+02  1.08434490e+02 
 3.54813389e+02  5.79845911e+01  3.54813389e+02  1.08043691e+02 
 3.63078055e+02  5.78032647e+01  3.63078055e+02  1.07660145e+02 
 3.71535229e+02  5.76211730e+01  3.71535229e+02  1.07283786e+02 
 3.80189396e+02  5.74383444e+01  3.80189396e+02  1.06914547e+02 
 3.89045145e+02  5.72548065e+01  3.89045145e+02  1.06552353e+02 
 3.98107171e+02  5.70705861e+01  3.98107171e+02  1.06197129e+02 
 4.07380278e+02  5.68857091e+01  4.07380278e+02  1.05848797e+02 
 4.16869383e+02  5.67002008e+01  4.16869383e+02  1.05507274e+02 
 4.26579519e+02  5.65140855e+01  4.26579519e+02  1.05172477e+02 
 4.36515832e+02  5.63273867e+01  4.36515832e+02  1.04844320e+02 
 4.46683592e+02  5.61401275e+01  4.46683592e+02  1.04522717e+02 
 4.57088190e+02  5.59523297e+01  4.57088190e+02  1.04207577e+02 
 4.67735141e+02  5.57640149e+01  4.67735141e+02  1.03898811e+02 
 4.78630092e+02  5.55752035e+01  4.78630092e+02  1.03596327e+02 
 4.89778819e+02  5.53859155e+01  4.89778819e+02  1.03300032e+02 
 5.01187234e+02  5.51961702e+01  5.01187234e+02  1.03009834e+02 
 5.12861384e+02  5.50059859e+01  5.12861384e+02  1.02725638e+02 
 5.24807460e+02  5.48153806e+01  5.24807460e+02  1.02447349e+02 
 5.37031796e+02  5.46243716e+01  5.37031796e+02  1.02174875e+02 
 5.49540874e+02  5.44329752e+01  5.49540874e+02  1.01908119e+02 
 5.62341325e+02  5.42412077e+01  5.62341325e+02  1.01646987e+02 
 5.75439937e+02  5.40490842e+01  5.75439937e+02  1.01391384e+02 
 5.88843655e+02  5.38566196e+01  5.88843655e+02  1.01141217e+02 
 6.02559586e+02  5.36638281e+01  6.02559586e+02  1.00896390e+02 
 6.16595002e+02  5.34707234e+01  6.16595002e+02  1.00656811e+02 
 6.30957344e+02  5.32773186e+01  6.30957344e+02  1.00422386e+02 
 6.45654229e+02  5.30836265e+01  6.45654229e+02  1.00193023e+02 
 6.60693448e+02  5.28896590e+01  6.60693448e+02  9.99686299e+01 
 6.76082975e+02  5.26954279e+01  6.76082975e+02  9.97491161e+01 
 6.91830971e+02  5.25009444e+01  6.91830971e+02  9.95343913e+01 
 7.07945784e+02  5.23062192e+01  7.07945784e+02  9.93243662e+01 
 7.24435960e+02  5.21112627e+01  7.24435960e+02  9.91189523e+01 
 7.41310241e+02  5.19160847e+01  7.41310241e+02  9.89180625e+01 
 7.58577575e+02  5.17206947e+01  7.58577575e+02  9.87216102e+01 
 7.76247117e+02  5.15251020e+01  7.76247117e+02  9.85295103e+01 
 7.94328235e+02  5.13293151e+01  7.94328235e+02  9.83416786e+01 
 8.12830516e+02  5.11333425e+01  8.12830516e+02  9.81580321e+01 
 8.31763771e+02  5.09371923e+01  8.31763771e+02  9.79784888e+01 
 8.51138038e+02  5.07408721e+01  8.51138038e+02  9.78029681e+01 
 8.70963590e+02  5.05443892e+01  8.70963590e+02  9.76313905e+01 
 8.91250938e+02  5.03477509e+01  8.91250938e+02  9.74636777e+01 
 9.12010839e+02  5.01509638e+01  9.12010839e+02  9.72997527e+01 
 9.33254301e+02  4.99540344e+01  9.33254301e+02  9.71395396e+01 
 9.54992586e+02  4.97569690e+01  9.54992586e+02  9.69829639e+01 
 9.77237221e+02  4.95597735e+01  9.77237221e+02  9.68299524e+01 
 1.00000000e+03  4.93624537e+01  1.00000000e+03  9.66804328e+01 
 1.02329299e+03  4.91650149e+01  1.02329299e+03  9.65343346e+01 
 1.04712855e+03  4.89674624e+01  1.04712855e+03  9.63915881e+01 
 1.07151931e+03  4.87698011e+01  1.07151931e+03  9.62521250e+01 
 1.09647820e+03  4.85720360e+01  1.09647820e+03  9.61158785e+01 
 1.12201845e+03  4.83741716e+01  1.12201845e+03  9.59827827e+01 
 1.14815362e+03  4.81762122e+01  1.14815362e+03  9.58527731e+01 
 1.17489755e+03  4.79781621e+01  1.17489755e+03  9.57257865e+01 
 1.20226443e+03  4.77800252e+01  1.20226443e+03  9.56017608e+01 
 1.23026877e+03  4.75818055e+01  1.23026877e+03  9.54806352e+01 
 1.25892541e+03  4.73835065e+01  1.25892541e+03  9.53623501e+01 
 1.28824955e+03  4.71851319e+01  1.28824955e+03  9.52468472e+01 
 1.31825674e+03  4.69866849e+01  1.31825674e+03  9.51340691e+01 
 1.34896288e+03  4.67881688e+01  1.34896288e+03  9.50239600e+01 
 1.38038426e+03  4.65895867e+01  1.38038426e+03  9.49164649e+01 
 1.41253754e+03  4.63909415e+01  1.41253754e+03  9.48115301e+01 
 1.44543977e+03  4.61922360e+01  1.44543977e+03  9.47091031e+01 
 1.47910839e+03  4.59934730e+01  1.47910839e+03  9.46091324e+01 
 1.51356125e+03  4.57946549e+01  1.51356125e+03  9.45115677e+01 
 1.54881662e+03  4.55957843e+01  1.54881662e+03  9.44163598e+01 
 1.58489319e+03  4.53968635e+01  1.58489319e+03  9.43234606e+01 
 1.62181010e+03  4.51978948e+01  1.62181010e+03  9.42328229e+01 
 1.65958691e+03  4.49988803e+01  1.65958691e+03  9.41444008e+01 
 1.69824365e+03  4.47998221e+01  1.69824365e+03  9.40581492e+01 
 1.73780083e+03  4.46007222e+01  1.73780083e+03  9.39740243e+01 
 1.77827941e+03  4.44015823e+01  1.77827941e+03  9.38919831e+01 
 1.81970086e+03  4.42024045e+01  1.81970086e+03  9.38119836e+01 
 1.86208714e+03  4.40031902e+01  1.86208714e+03  9.37339849e+01 
 1.90546072e+03  4.38039413e+01  1.90546072e+03  9.36579469e+01 
 1.94984460e+03  4.36046593e+01  1.94984460e+03  9.35838307e+01 
 1.99526231e+03  4.34053456e+01  1.99526231e+03  9.35115981e+01 
 2.04173794e+03  4.32060018e+01  2.04173794e+03  9.34412118e+01 
 2.08929613e+03  4.30066292e+01  2.08929613e+03  9.33726357e+01 
 2.13796209e+03  4.28072292e+01  2.13796209e+03  9.33058343e+01 
 2.18776162e+03  4.26078029e+01  2.18776162e+03  9.32407731e+01 
 2.23872114e+03  4.24083516e+01  2.23872114e+03  9.31774184e+01 
 2.29086765e+03  4.22088764e+01  2.29086765e+03  9.31157374e+01 
 2.34422882e+03  4.20093786e+01  2.34422882e+03  9.30556981e+01 
 2.39883292e+03  4.18098590e+01  2.39883292e+03  9.29972694e+01 
 2.45470892e+03  4.16103188e+01  2.45470892e+03  9.29404210e+01 
 2.51188643e+03  4.14107588e+01  2.51188643e+03  9.28851232e+01 
 2.57039578e+03  4.12111801e+01  2.57039578e+03  9.28313474e+01 
 2.63026799e+03  4.10115835e+01  2.63026799e+03  9.27790655e+01 
 2.69153480e+03  4.08119698e+01  2.69153480e+03  9.27282502e+01 
 2.75422870e+03  4.06123399e+01  2.75422870e+03  9.26788752e+01 
 2.81838293e+03  4.04126946e+01  2.81838293e+03  9.26309146e+01 
 2.88403150e+03  4.02130346e+01  2.88403150e+03  9.25843433e+01 
 2.95120923e+03  4.00133606e+01  2.95120923e+03  9.25391371e+01 
 3.01995172e+03  3.98136733e+01  3.01995172e+03  9.24952724e+01 
 3.09029543e+03  3.96139734e+01  3.09029543e+03  9.24527261e+01 
 3.16227766e+03  3.94142615e+01  3.16227766e+03  9.24114761e+01 
 3.23593657e+03  3.92145382e+01  3.23593657e+03  9.23715006e+01 
 3.31131121e+03  3.90148041e+01  3.31131121e+03  9.23327789e+01 
 3.38844156e+03  3.88150597e+01  3.38844156e+03  9.22952905e+01 
 3.46736850e+03  3.86153057e+01  3.46736850e+03  9.22590159e+01 
 3.54813389e+03  3.84155425e+01  3.54813389e+03  9.22239359e+01 
 3.63078055e+03  3.82157706e+01  3.63078055e+03  9.21900323e+01 
 3.71535229e+03  3.80159905e+01  3.71535229e+03  9.21572871e+01 
 3.80189396e+03  3.78162027e+01  3.80189396e+03  9.21256833e+01 
 3.89045145e+03  3.76164076e+01  3.89045145e+03  9.20952041e+01 
 3.98107171e+03  3.74166057e+01  3.98107171e+03  9.20658336e+01 
 4.07380278e+03  3.72167973e+01  4.07380278e+03  9.20375563e+01 
 4.16869383e+03  3.70169829e+01  4.16869383e+03  9.20103574e+01 
 4.26579519e+03  3.68171629e+01  4.26579519e+03  9.19842225e+01 
 4.36515832e+03  3.66173376e+01  4.36515832e+03  9.19591379e+01 
 4.46683592e+03  3.64175075e+01  4.46683592e+03  9.19350904e+01 
 4.57088190e+03  3.62176728e+01  4.57088190e+03  9.19120673e+01 
 4.67735141e+03  3.60178340e+01  4.67735141e+03  9.18900565e+01 
 4.78630092e+03  3.58179913e+01  4.78630092e+03  9.18690464e+01 
 4.89778819e+03  3.56181451e+01  4.89778819e+03  9.18490259e+01 
 5.01187234e+03  3.54182958e+01  5.01187234e+03  9.18299844e+01 
 5.12861384e+03  3.52184436e+01  5.12861384e+03  9.18119120e+01 
 5.24807460e+03  3.50185889e+01  5.24807460e+03  9.17947990e+01 
 5.37031796e+03  3.48187320e+01  5.37031796e+03  9.17786364e+01 
 5.49540874e+03  3.46188731e+01  5.49540874e+03  9.17634158e+01 
 5.62341325e+03  3.44190126e+01  5.62341325e+03  9.17491290e+01 
 5.75439937e+03  3.42191508e+01  5.75439937e+03  9.17357685e+01 
 5.88843655e+03  3.40192879e+01  5.88843655e+03  9.17233272e+01 
 6.02559586e+03  3.38194243e+01  6.02559586e+03  9.17117986e+01 
 6.16595002e+03  3.36195603e+01  6.16595002e+03  9.17011765e+01 
 6.30957344e+03  3.34196960e+01  6.30957344e+03  9.16914553e+01 
 6.45654229e+03  3.32198319e+01  6.45654229e+03  9.16826299e+01 
 6.60693448e+03  3.30199682e+01  6.60693448e+03  9.16746955e+01 
 6.76082975e+03  3.28201052e+01  6.76082975e+03  9.16676480e+01 
 6.91830971e+03  3.26202431e+01  6.91830971e+03  9.16614835e+01 
 7.07945784e+03  3.24203824e+01  7.07945784e+03  9.16561989e+01 
 7.24435960e+03  3.22205232e+01  7.24435960e+03  9.16517912e+01 
 7.41310241e+03  3.20206659e+01  7.41310241e+03  9.16482581e+01 
 7.58577575e+03  3.18208107e+01  7.58577575e+03  9.16455976e+01 
 7.76247117e+03  3.16209581e+01  7.76247117e+03  9.16438084e+01 
 7.94328235e+03  3.14211082e+01  7.94328235e+03  9.16428894e+01 
 8.12830516e+03  3.12212614e+01  8.12830516e+03  9.16428400e+01 
 8.31763771e+03  3.10214181e+01  8.31763771e+03  9.16436602e+01 
 8.51138038e+03  3.08215785e+01  8.51138038e+03  9.16453504e+01 
 8.70963590e+03  3.06217430e+01  8.70963590e+03  9.16479112e+01 
 8.91250938e+03  3.04219120e+01  8.91250938e+03  9.16513441e+01 
 9.12010839e+03  3.02220858e+01  9.12010839e+03  9.16556507e+01 
 9.33254301e+03  3.00222648e+01  9.33254301e+03  9.16608333e+01 
 9.54992586e+03  2.98224493e+01  9.54992586e+03  9.16668943e+01 
 9.77237221e+03  2.96226398e+01  9.77237221e+03  9.16738370e+01 
 1.00000000e+04  2.94228367e+01  1.00000000e+04  9.16816649e+01 
 1.02329299e+04  2.92230402e+01  1.02329299e+04  9.16903819e+01 
 1.04712855e+04  2.90232510e+01  1.04712855e+04  9.16999926e+01 
 1.07151931e+04  2.88234695e+01  1.07151931e+04  9.17105018e+01 
 1.09647820e+04  2.86236960e+01  1.09647820e+04  9.17219150e+01 
 1.12201845e+04  2.84239312e+01  1.12201845e+04  9.17342380e+01 
 1.14815362e+04  2.82241754e+01  1.14815362e+04  9.17474771e+01 
 1.17489755e+04  2.80244292e+01  1.17489755e+04  9.17616391e+01 
 1.20226443e+04  2.78246931e+01  1.20226443e+04  9.17767313e+01 
 1.23026877e+04  2.76249677e+01  1.23026877e+04  9.17927614e+01 
 1.25892541e+04  2.74252536e+01  1.25892541e+04  9.18097376e+01 
 1.28824955e+04  2.72255514e+01  1.28824955e+04  9.18276686e+01 
 1.31825674e+04  2.70258617e+01  1.31825674e+04  9.18465636e+01 
 1.34896288e+04  2.68261851e+01  1.34896288e+04  9.18664323e+01 
 1.38038426e+04  2.66265224e+01  1.38038426e+04  9.18872848e+01 
 1.41253754e+04  2.64268742e+01  1.41253754e+04  9.19091318e+01 
 1.44543977e+04  2.62272414e+01  1.44543977e+04  9.19319844e+01 
 1.47910839e+04  2.60276246e+01  1.47910839e+04  9.19558542e+01 
 1.51356125e+04  2.58280246e+01  1.51356125e+04  9.19807535e+01 
 1.54881662e+04  2.56284424e+01  1.54881662e+04  9.20066948e+01 
 1.58489319e+04  2.54288788e+01  1.58489319e+04  9.20336914e+01 
 1.62181010e+04  2.52293347e+01  1.62181010e+04  9.20617570e+01 
 1.65958691e+04  2.50298110e+01  1.65958691e+04  9.20909057e+01 
 1.69824365e+04  2.48303089e+01  1.69824365e+04  9.21211524e+01 
 1.73780083e+04  2.46308292e+01  1.73780083e+04  9.21525122e+01 
 1.77827941e+04  2.44313732e+01  1.77827941e+04  9.21850011e+01 
 1.81970086e+04  2.42319420e+01  1.81970086e+04  9.22186353e+01 
 1.86208714e+04  2.40325367e+01  1.86208714e+04  9.22534319e+01 
 1.90546072e+04  2.38331586e+01  1.90546072e+04  9.22894081e+01 
 1.94984460e+04  2.36338090e+01  1.94984460e+04  9.23265821e+01 
 1.99526231e+04  2.34344893e+01  1.99526231e+04  9.23649723e+01 
 2.04173794e+04  2.32352009e+01  2.04173794e+04  9.24045980e+01 
 2.08929613e+04  2.30359452e+01  2.08929613e+04  9.24454788e+01 
 2.13796209e+04  2.28367239e+01  2.13796209e+04  9.24876350e+01 
 2.18776162e+04  2.26375386e+01  2.18776162e+04  9.25310873e+01 
 2.23872114e+04  2.24383910e+01  2.23872114e+04  9.25758574e+01 
 2.29086765e+04  2.22392828e+01  2.29086765e+04  9.26219670e+01 
 2.34422882e+04  2.20402159e+01  2.34422882e+04  9.26694389e+01 
 2.39883292e+04  2.18411923e+01  2.39883292e+04  9.27182962e+01 
 2.45470892e+04  2.16422140e+01  2.45470892e+04  9.27685628e+01 
 2.51188643e+04  2.14432831e+01  2.51188643e+04  9.28202629e+01 
 2.57039578e+04  2.12444019e+01  2.57039578e+04  9.28734216e+01 
 2.63026799e+04  2.10455726e+01  2.63026799e+04  9.29280644e+01 
 2.69153480e+04  2.08467977e+01  2.69153480e+04  9.29842175e+01 
 2.75422870e+04  2.06480798e+01  2.75422870e+04  9.30419077e+01 
 2.81838293e+04  2.04494215e+01  2.81838293e+04  9.31011624e+01 
 2.88403150e+04  2.02508256e+01  2.88403150e+04  9.31620095e+01 
 2.95120923e+04  2.00522949e+01  2.95120923e+04  9.32244777e+01 
 3.01995172e+04  1.98538325e+01  3.01995172e+04  9.32885962e+01 
 3.09029543e+04  1.96554417e+01  3.09029543e+04  9.33543948e+01 
 3.16227766e+04  1.94571256e+01  3.16227766e+04  9.34219038e+01 
 3.23593657e+04  1.92588878e+01  3.23593657e+04  9.34911542e+01 
 3.31131121e+04  1.90607319e+01  3.31131121e+04  9.35621776e+01 
 3.38844156e+04  1.88626616e+01  3.38844156e+04  9.36350062e+01 
 3.46736850e+04  1.86646810e+01  3.46736850e+04  9.37096727e+01 
 3.54813389e+04  1.84667941e+01  3.54813389e+04  9.37862103e+01 
 3.63078055e+04  1.82690052e+01  3.63078055e+04  9.38646529e+01 
 3.71535229e+04  1.80713189e+01  3.71535229e+04  9.39450349e+01 
 3.80189396e+04  1.78737398e+01  3.80189396e+04  9.40273911e+01 
 3.89045145e+04  1.76762729e+01  3.89045145e+04  9.41117570e+01 
 3.98107171e+04  1.74789233e+01  3.98107171e+04  9.41981685e+01 
 4.07380278e+04  1.72816963e+01  4.07380278e+04  9.42866620e+01 
 4.16869383e+04  1.70845975e+01  4.16869383e+04  9.43772742e+01 
 4.26579519e+04  1.68876328e+01  4.26579519e+04  9.44700425e+01 
 4.36515832e+04  1.66908083e+01  4.36515832e+04  9.45650045e+01 
 4.46683592e+04  1.64941302e+01  4.46683592e+04  9.46621982e+01 
 4.57088190e+04  1.62976052e+01  4.57088190e+04  9.47616619e+01 
 4.67735141e+04  1.61012403e+01  4.67735141e+04  9.48634344e+01 
 4.78630092e+04  1.59050425e+01  4.78630092e+04  9.49675545e+01 
 4.89778819e+04  1.57090195e+01  4.89778819e+04  9.50740614e+01 
 5.01187234e+04  1.55131791e+01  5.01187234e+04  9.51829943e+01 
 5.12861384e+04  1.53175294e+01  5.12861384e+04  9.52943928e+01 
 5.24807460e+04  1.51220789e+01  5.24807460e+04  9.54082962e+01 
 5.37031796e+04  1.49268364e+01  5.37031796e+04  9.55247440e+01 
 5.49540874e+04  1.47318113e+01  5.49540874e+04  9.56437757e+01 
 5.62341325e+04  1.45370131e+01  5.62341325e+04  9.57654305e+01 
 5.75439937e+04  1.43424519e+01  5.75439937e+04  9.58897475e+01 
 5.88843655e+04  1.41481379e+01  5.88843655e+04  9.60167655e+01 
 6.02559586e+04  1.39540821e+01  6.02559586e+04  9.61465229e+01 
 6.16595002e+04  1.37602957e+01  6.16595002e+04  9.62790575e+01 
 6.30957344e+04  1.35667904e+01  6.30957344e+04  9.64144069e+01 
 6.45654229e+04  1.33735784e+01  6.45654229e+04  9.65526075e+01 
 6.60693448e+04  1.31806723e+01  6.60693448e+04  9.66936953e+01 
 6.76082975e+04  1.29880853e+01  6.76082975e+04  9.68377052e+01 
 6.91830971e+04  1.27958310e+01  6.91830971e+04  9.69846711e+01 
 7.07945784e+04  1.26039235e+01  7.07945784e+04  9.71346256e+01 
 7.24435960e+04  1.24123776e+01  7.24435960e+04  9.72876002e+01 
 7.41310241e+04  1.22212085e+01  7.41310241e+04  9.74436246e+01 
 7.58577575e+04  1.20304318e+01  7.58577575e+04  9.76027270e+01 
 7.76247117e+04  1.18400641e+01  7.76247117e+04  9.77649337e+01 
 7.94328235e+04  1.16501222e+01  7.94328235e+04  9.79302689e+01 
 8.12830516e+04  1.14606237e+01  8.12830516e+04  9.80987548e+01 
 8.31763771e+04  1.12715866e+01  8.31763771e+04  9.82704109e+01 
 8.51138038e+04  1.10830297e+01  8.51138038e+04  9.84452540e+01 
 8.70963590e+04  1.08949724e+01  8.70963590e+04  9.86232983e+01 
 8.91250938e+04  1.07074346e+01  8.91250938e+04  9.88045546e+01 
 9.12010839e+04  1.05204370e+01  9.12010839e+04  9.89890302e+01 
 9.33254301e+04  1.03340008e+01  9.33254301e+04  9.91767292e+01 
 9.54992586e+04  1.01481479e+01  9.54992586e+04  9.93676512e+01 
 9.77237221e+04  9.96290089e+00  9.77237221e+04  9.95617918e+01 
 1.00000000e+05  9.77828295e+00  1.00000000e+05  9.97591423e+01 
 1.02329299e+05  9.59431791e+00  1.02329299e+05  9.99596887e+01 
 1.04712855e+05  9.41103027e+00  1.04712855e+05  1.00163412e+02 
 1.07151931e+05  9.22844515e+00  1.07151931e+05  1.00370288e+02 
 1.09647820e+05  9.04658828e+00  1.09647820e+05  1.00580286e+02 
 1.12201845e+05  8.86548603e+00  1.12201845e+05  1.00793370e+02 
 1.14815362e+05  8.68516535e+00  1.14815362e+05  1.01009495e+02 
 1.17489755e+05  8.50565380e+00  1.17489755e+05  1.01228614e+02 
 1.20226443e+05  8.32697946e+00  1.20226443e+05  1.01450666e+02 
 1.23026877e+05  8.14917098e+00  1.23026877e+05  1.01675589e+02 
 1.25892541e+05  7.97225751e+00  1.25892541e+05  1.01903307e+02 
 1.28824955e+05  7.79626866e+00  1.28824955e+05  1.02133740e+02 
 1.31825674e+05  7.62123450e+00  1.31825674e+05  1.02366796e+02 
 1.34896288e+05  7.44718548e+00  1.34896288e+05  1.02602375e+02 
 1.38038426e+05  7.27415240e+00  1.38038426e+05  1.02840367e+02 
 1.41253754e+05  7.10216636e+00  1.41253754e+05  1.03080653e+02 
 1.44543977e+05  6.93125873e+00  1.44543977e+05  1.03323100e+02 
 1.47910839e+05  6.76146101e+00  1.47910839e+05  1.03567569e+02 
 1.51356125e+05  6.59280487e+00  1.51356125e+05  1.03813906e+02 
 1.54881662e+05  6.42532198e+00  1.54881662e+05  1.04061947e+02 
 1.58489319e+05  6.25904402e+00  1.58489319e+05  1.04311515e+02 
 1.62181010e+05  6.09400253e+00  1.62181010e+05  1.04562421e+02 
 1.65958691e+05  5.93022885e+00  1.65958691e+05  1.04814465e+02 
 1.69824365e+05  5.76775404e+00  1.69824365e+05  1.05067431e+02 
 1.73780083e+05  5.60660876e+00  1.73780083e+05  1.05321092e+02 
 1.77827941e+05  5.44682318e+00  1.77827941e+05  1.05575208e+02 
 1.81970086e+05  5.28842688e+00  1.81970086e+05  1.05829525e+02 
 1.86208714e+05  5.13144871e+00  1.86208714e+05  1.06083773e+02 
 1.90546072e+05  4.97591670e+00  1.90546072e+05  1.06337672e+02 
 1.94984460e+05  4.82185795e+00  1.94984460e+05  1.06590926e+02 
 1.99526231e+05  4.66929848e+00  1.99526231e+05  1.06843225e+02 
 2.04173794e+05  4.51826310e+00  2.04173794e+05  1.07094247e+02 
 2.08929613e+05  4.36877532e+00  2.08929613e+05  1.07343655e+02 
 2.13796209e+05  4.22085720e+00  2.13796209e+05  1.07591097e+02 
 2.18776162e+05  4.07452920e+00  2.18776162e+05  1.07836212e+02 
 2.23872114e+05  3.92981009e+00  2.23872114e+05  1.08078623e+02 
 2.29086765e+05  3.78671679e+00  2.29086765e+05  1.08317940e+02 
 2.34422882e+05  3.64526424e+00  2.34422882e+05  1.08553762e+02 
 2.39883292e+05  3.50546529e+00  2.39883292e+05  1.08785676e+02 
 2.45470892e+05  3.36733058e+00  2.45470892e+05  1.09013259e+02 
 2.51188643e+05  3.23086839e+00  2.51188643e+05  1.09236076e+02 
 2.57039578e+05  3.09608457e+00  2.57039578e+05  1.09453682e+02 
 2.63026799e+05  2.96298237e+00  2.63026799e+05  1.09665625e+02 
 2.69153480e+05  2.83156241e+00  2.69153480e+05  1.09871441e+02 
 2.75422870e+05  2.70182250e+00  2.75422870e+05  1.10070663e+02 
 2.81838293e+05  2.57375765e+00  2.81838293e+05  1.10262815e+02 
 2.88403150e+05  2.44735989e+00  2.88403150e+05  1.10447415e+02 
 2.95120923e+05  2.32261828e+00  2.95120923e+05  1.10623977e+02 
 3.01995172e+05  2.19951880e+00  3.01995172e+05  1.10792014e+02 
 3.09029543e+05  2.07804432e+00  3.09029543e+05  1.10951034e+02 
 3.16227766e+05  1.95817459e+00  3.16227766e+05  1.11100543e+02 
 3.23593657e+05  1.83988615e+00  3.23593657e+05  1.11240051e+02 
 3.31131121e+05  1.72315240e+00  3.31131121e+05  1.11369065e+02 
 3.38844156e+05  1.60794350e+00  3.38844156e+05  1.11487097e+02 
 3.46736850e+05  1.49422649e+00  3.46736850e+05  1.11593661e+02 
 3.54813389e+05  1.38196524e+00  3.54813389e+05  1.11688277e+02 
 3.63078055e+05  1.27112051e+00  3.63078055e+05  1.11770472e+02 
 3.71535229e+05  1.16165001e+00  3.71535229e+05  1.11839777e+02 
 3.80189396e+05  1.05350847e+00  3.80189396e+05  1.11895734e+02 
 3.89045145e+05  9.46647687e-01  3.89045145e+05  1.11937894e+02 
 3.98107171e+05  8.41016645e-01  3.98107171e+05  1.11965820e+02 
 4.07380278e+05  7.36561605e-01  4.07380278e+05  1.11979083e+02 
 4.16869383e+05  6.33226219e-01  4.16869383e+05  1.11977272e+02 
 4.26579519e+05  5.30951655e-01  4.26579519e+05  1.11959986e+02 
 4.36515832e+05  4.29676733e-01  4.36515832e+05  1.11926840e+02 
 4.46683592e+05  3.29338069e-01  4.46683592e+05  1.11877466e+02 
 4.57088190e+05  2.29870231e-01  4.57088190e+05  1.11811511e+02 
 4.67735141e+05  1.31205903e-01  4.67735141e+05  1.11728639e+02 
 4.78630092e+05  3.32760552e-02  4.78630092e+05  1.11628535e+02 
 4.89778819e+05 -6.39898775e-02  4.89778819e+05  1.11510900e+02 
 5.01187234e+05 -1.60663807e-01  5.01187234e+05  1.11375454e+02 
 5.12861384e+05 -2.56818801e-01  5.12861384e+05  1.11221940e+02 
 5.24807460e+05 -3.52528888e-01  5.24807460e+05  1.11050118e+02 
 5.37031796e+05 -4.47868853e-01  5.37031796e+05  1.10859770e+02 
 5.49540874e+05 -5.42914035e-01  5.49540874e+05  1.10650698e+02 
 5.62341325e+05 -6.37740117e-01  5.62341325e+05  1.10422726e+02 
 5.75439937e+05 -7.32422915e-01  5.75439937e+05  1.10175700e+02 
 5.88843655e+05 -8.27038168e-01  5.88843655e+05  1.09909483e+02 
 6.02559586e+05 -9.21661323e-01  6.02559586e+05  1.09623965e+02 
 6.16595002e+05 -1.01636733e+00  6.16595002e+05  1.09319051e+02 
 6.30957344e+05 -1.11123041e+00  6.30957344e+05  1.08994671e+02 
 6.45654229e+05 -1.20632388e+00  6.45654229e+05  1.08650774e+02 
 6.60693448e+05 -1.30171991e+00  6.60693448e+05  1.08287326e+02 
 6.76082975e+05 -1.39748934e+00  6.76082975e+05  1.07904318e+02 
 6.91830971e+05 -1.49370146e+00  6.91830971e+05  1.07501755e+02 
 7.07945784e+05 -1.59042385e+00  7.07945784e+05  1.07079661e+02 
 7.24435960e+05 -1.68772215e+00  7.24435960e+05  1.06638081e+02 
 7.41310241e+05 -1.78565990e+00  7.41310241e+05  1.06177072e+02 
 7.58577575e+05 -1.88429834e+00  7.58577575e+05  1.05696709e+02 
 7.76247117e+05 -1.98369627e+00  7.76247117e+05  1.05197081e+02 
 7.94328235e+05 -2.08390987e+00  7.94328235e+05  1.04678293e+02 
 8.12830516e+05 -2.18499256e+00  8.12830516e+05  1.04140460e+02 
 8.31763771e+05 -2.28699483e+00  8.31763771e+05  1.03583709e+02 
 8.51138038e+05 -2.38996415e+00  8.51138038e+05  1.03008178e+02 
 8.70963590e+05 -2.49394482e+00  8.70963590e+05  1.02414015e+02 
 8.91250938e+05 -2.59897787e+00  8.91250938e+05  1.01801373e+02 
 9.12010839e+05 -2.70510095e+00  9.12010839e+05  1.01170415e+02 
 9.33254301e+05 -2.81234826e+00  9.33254301e+05  1.00521307e+02 
 9.54992586e+05 -2.92075050e+00  9.54992586e+05  9.98542172e+01 
 9.77237221e+05 -3.03033477e+00  9.77237221e+05  9.91693194e+01 
 1.00000000e+06 -3.14112454e+00  1.00000000e+06  9.84667858e+01 
 1.02329299e+06 -3.25313963e+00  1.02329299e+06  9.77467888e+01 
 1.04712855e+06 -3.36639619e+00  1.04712855e+06  9.70094980e+01 
 1.07151931e+06 -3.48090671e+00  1.07151931e+06  9.62550799e+01 
 1.09647820e+06 -3.59668001e+00  1.09647820e+06  9.54836954e+01 
 1.12201845e+06 -3.71372127e+00  1.12201845e+06  9.46954988e+01 
 1.14815362e+06 -3.83203209e+00  1.14815362e+06  9.38906363e+01 
 1.17489755e+06 -3.95161055e+00  1.17489755e+06  9.30692445e+01 
 1.20226443e+06 -4.07245126e+00  1.20226443e+06  9.22314490e+01 
 1.23026877e+06 -4.19454546e+00  1.23026877e+06  9.13773629e+01 
 1.25892541e+06 -4.31788109e+00  1.25892541e+06  9.05070854e+01 
 1.28824955e+06 -4.44244298e+00  1.28824955e+06  8.96207008e+01 
 1.31825674e+06 -4.56821290e+00  1.31825674e+06  8.87182766e+01 
 1.34896288e+06 -4.69516975e+00  1.34896288e+06  8.77998627e+01 
 1.38038426e+06 -4.82328970e+00  1.38038426e+06  8.68654901e+01 
 1.41253754e+06 -4.95254638e+00  1.41253754e+06  8.59151694e+01 
 1.44543977e+06 -5.08291108e+00  1.44543977e+06  8.49488902e+01 
 1.47910839e+06 -5.21435292e+00  1.47910839e+06  8.39666194e+01 
 1.51356125e+06 -5.34683913e+00  1.51356125e+06  8.29683006e+01 
 1.54881662e+06 -5.48033527e+00  1.54881662e+06  8.19538530e+01 
 1.58489319e+06 -5.61480550e+00  1.58489319e+06  8.09231704e+01 
 1.62181010e+06 -5.75021287e+00  1.62181010e+06  7.98761205e+01 
 1.65958691e+06 -5.88651965e+00  1.65958691e+06  7.88125438e+01 
 1.69824365e+06 -6.02368763e+00  1.69824365e+06  7.77322535e+01 
 1.73780083e+06 -6.16167857e+00  1.73780083e+06  7.66350342e+01 
 1.77827941e+06 -6.30045452e+00  1.77827941e+06  7.55206422e+01 
 1.81970086e+06 -6.43997829e+00  1.81970086e+06  7.43888046e+01 
 1.86208714e+06 -6.58021395e+00  1.86208714e+06  7.32392194e+01 
 1.90546072e+06 -6.72112731e+00  1.90546072e+06  7.20715555e+01 
 1.94984460e+06 -6.86268649e+00  1.94984460e+06  7.08854534e+01 
 1.99526231e+06 -7.00486254e+00  1.99526231e+06  6.96805251e+01 
 2.04173794e+06 -7.14763006e+00  2.04173794e+06  6.84563561e+01 
 2.08929613e+06 -7.29096793e+00  2.08929613e+06  6.72125060e+01 
 2.13796209e+06 -7.43486004e+00  2.13796209e+06  6.59485108e+01 
 2.18776162e+06 -7.57929610e+00  2.18776162e+06  6.46638861e+01 
 2.23872114e+06 -7.72427242e+00  2.23872114e+06  6.33581294e+01 
 2.29086765e+06 -7.86979282e+00  2.29086765e+06  6.20307255e+01 
 2.34422882e+06 -8.01586948e+00  2.34422882e+06  6.06811509e+01 
 2.39883292e+06 -8.16252379e+00  2.39883292e+06  5.93088808e+01 
 2.45470892e+06 -8.30978721e+00  2.45470892e+06  5.79133963e+01 
 2.51188643e+06 -8.45770204e+00  2.51188643e+06  5.64941941e+01 
 2.57039578e+06 -8.60632206e+00  2.57039578e+06  5.50507962e+01 
 2.63026799e+06 -8.75571306e+00  2.63026799e+06  5.35827627e+01 
 2.69153480e+06 -8.90595314e+00  2.69153480e+06  5.20897052e+01 
 2.75422870e+06 -9.05713271e+00  2.75422870e+06  5.05713019e+01 
 2.81838293e+06 -9.20935413e+00  2.81838293e+06  4.90273140e+01 
 2.88403150e+06 -9.36273097e+00  2.88403150e+06  4.74576027e+01 
 2.95120923e+06 -9.51738668e+00  2.95120923e+06  4.58621476e+01 
 3.01995172e+06 -9.67345278e+00  3.01995172e+06  4.42410636e+01 
 3.09029543e+06 -9.83106630e+00  3.09029543e+06  4.25946178e+01 
 3.16227766e+06 -9.99036671e+00  3.16227766e+06  4.09232439e+01 
 3.23593657e+06 -1.01514921e+01  3.23593657e+06  3.92275532e+01 
 3.31131121e+06 -1.03145749e+01  3.31131121e+06  3.75083419e+01 
 3.38844156e+06 -1.04797371e+01  3.38844156e+06  3.57665917e+01 
 3.46736850e+06 -1.06470849e+01  3.46736850e+06  3.40034645e+01 
 3.54813389e+06 -1.08167042e+01  3.54813389e+06  3.22202891e+01 
 3.63078055e+06 -1.09886549e+01  3.63078055e+06  3.04185398e+01 
 3.71535229e+06 -1.11629676e+01  3.71535229e+06  2.85998073e+01 
 3.80189396e+06 -1.13396393e+01  3.80189396e+06  2.67657617e+01 
 3.89045145e+06 -1.15186316e+01  3.89045145e+06  2.49181107e+01 
 3.98107171e+06 -1.16998703e+01  3.98107171e+06  2.30585529e+01 
 4.07380278e+06 -1.18832455e+01  4.07380278e+06  2.11887300e+01 
 4.16869383e+06 -1.20686147e+01  4.16869383e+06  1.93101807e+01 
 4.26579519e+06 -1.22558068e+01  4.26579519e+06  1.74242983e+01 
 4.36515832e+06 -1.24446274e+01  4.36515832e+06  1.55322954e+01 
 4.46683592e+06 -1.26348652e+01  4.46683592e+06  1.36351778e+01 
 4.57088190e+06 -1.28262995e+01  4.57088190e+06  1.17337278e+01 
 4.67735141e+06 -1.30187075e+01  4.67735141e+06  9.82849948e+00 
 4.78630092e+06 -1.32118713e+01  4.78630092e+06  7.91982360e+00 
 4.89778819e+06 -1.34055846e+01  4.89778819e+06  6.00782314e+00 
 5.01187234e+06 -1.35996588e+01  5.01187234e+06  4.09243630e+00 
 5.12861384e+06 -1.37939272e+01  5.12861384e+06  2.17344589e+00 
 5.24807460e+06 -1.39882485e+01  5.24807460e+06  2.50512661e-01 
 5.37031796e+06 -1.41825094e+01  5.37031796e+06 -1.67678941e+00 
 5.49540874e+06 -1.43766250e+01  5.49540874e+06 -3.60893796e+00 
 5.62341325e+06 -1.45705391e+01  5.62341325e+06 -5.54642861e+00 
 5.75439937e+06 -1.47642230e+01  5.75439937e+06 -7.48974433e+00 
 5.88843655e+06 -1.49576736e+01  5.88843655e+06 -9.43932849e+00 
 6.02559586e+06 -1.51509114e+01  6.02559586e+06 -1.13955622e+01 
 6.16595002e+06 -1.53439774e+01  6.16595002e+06 -1.33587462e+01 
 6.30957344e+06 -1.55369302e+01  6.30957344e+06 -1.53290869e+01 
 6.45654229e+06 -1.57298431e+01  6.45654229e+06 -1.73066868e+01 
 6.60693448e+06 -1.59228006e+01  6.60693448e+06 -1.92915391e+01 
 6.76082975e+06 -1.61158960e+01  6.76082975e+06 -2.12835246e+01 
 6.91830971e+06 -1.63092278e+01  6.91830971e+06 -2.32824125e+01 
 7.07945784e+06 -1.65028980e+01  7.07945784e+06 -2.52878634e+01 
 7.24435960e+06 -1.66970086e+01  7.24435960e+06 -2.72994343e+01 
 7.41310241e+06 -1.68916604e+01  7.41310241e+06 -2.93165847e+01 
 7.58577575e+06 -1.70869504e+01  7.58577575e+06 -3.13386850e+01 
 7.76247117e+06 -1.72829705e+01  7.76247117e+06 -3.33650247e+01 
 7.94328235e+06 -1.74798059e+01  7.94328235e+06 -3.53948222e+01 
 8.12830516e+06 -1.76775340e+01  8.12830516e+06 -3.74272344e+01 
 8.31763771e+06 -1.78762232e+01  8.31763771e+06 -3.94613668e+01 
 8.51138038e+06 -1.80759323e+01  8.51138038e+06 -4.14962837e+01 
 8.70963590e+06 -1.82767101e+01  8.70963590e+06 -4.35310181e+01 
 8.91250938e+06 -1.84785947e+01  8.91250938e+06 -4.55645813e+01 
 9.12010839e+06 -1.86816135e+01  9.12010839e+06 -4.75959728e+01 
 9.33254301e+06 -1.88857831e+01  9.33254301e+06 -4.96241886e+01 
 9.54992586e+06 -1.90911093e+01  9.54992586e+06 -5.16482302e+01 
 9.77237221e+06 -1.92975877e+01  9.77237221e+06 -5.36671121e+01 
 1.00000000e+07 -1.95052038e+01  1.00000000e+07 -5.56798690e+01 
 1.02329299e+07 -1.97139334e+01  1.02329299e+07 -5.76855621e+01 
 1.04712855e+07 -1.99237433e+01  1.04712855e+07 -5.96832848e+01 
 1.07151931e+07 -2.01345922e+01  1.07151931e+07 -6.16721676e+01 
 1.09647820e+07 -2.03464310e+01  1.09647820e+07 -6.36513818e+01 
 1.12201845e+07 -2.05592036e+01  1.12201845e+07 -6.56201430e+01 
 1.14815362e+07 -2.07728482e+01  1.14815362e+07 -6.75777132e+01 
 1.17489755e+07 -2.09872973e+01  1.17489755e+07 -6.95234025e+01 
 1.20226443e+07 -2.12024795e+01  1.20226443e+07 -7.14565694e+01 
 1.23026877e+07 -2.14183195e+01  1.23026877e+07 -7.33766218e+01 
 1.25892541e+07 -2.16347394e+01  1.25892541e+07 -7.52830151e+01 
 1.28824955e+07 -2.18516591e+01  1.28824955e+07 -7.71752519e+01 
 1.31825674e+07 -2.20689975e+01  1.31825674e+07 -7.90528794e+01 
 1.34896288e+07 -2.22866730e+01  1.34896288e+07 -8.09154875e+01 
 1.38038426e+07 -2.25046042e+01  1.38038426e+07 -8.27627054e+01 
 1.41253754e+07 -2.27227103e+01  1.41253754e+07 -8.45941987e+01 
 1.44543977e+07 -2.29409121e+01  1.44543977e+07 -8.64096654e+01 
 1.47910839e+07 -2.31591321e+01  1.47910839e+07 -8.82088323e+01 
 1.51356125e+07 -2.33772952e+01  1.51356125e+07 -8.99914509e+01 
 1.54881662e+07 -2.35953291e+01  1.54881662e+07 -9.17572929e+01 
 1.58489319e+07 -2.38131643e+01  1.58489319e+07 -9.35061461e+01 
 1.62181010e+07 -2.40307348e+01  1.62181010e+07 -9.52378099e+01 
 1.65958691e+07 -2.42479781e+01  1.65958691e+07 -9.69520911e+01 
 1.69824365e+07 -2.44648354e+01  1.69824365e+07 -9.86487993e+01 
 1.73780083e+07 -2.46812514e+01  1.73780083e+07 -1.00327743e+02 
 1.77827941e+07 -2.48971751e+01  1.77827941e+07 -1.01988726e+02 
 1.81970086e+07 -2.51125590e+01  1.81970086e+07 -1.03631542e+02 
 1.86208714e+07 -2.53273594e+01  1.86208714e+07 -1.05255973e+02 
 1.90546072e+07 -2.55415365e+01  1.90546072e+07 -1.06861785e+02 
 1.94984460e+07 -2.57550538e+01  1.94984460e+07 -1.08448723e+02 
 1.99526231e+07 -2.59678786e+01  1.99526231e+07 -1.10016512e+02 
 2.04173794e+07 -2.61799811e+01  2.04173794e+07 -1.11564852e+02 
 2.08929613e+07 -2.63913347e+01  2.08929613e+07 -1.13093413e+02 
 2.13796209e+07 -2.66019153e+01  2.13796209e+07 -1.14601840e+02 
 2.18776162e+07 -2.68117016e+01  2.18776162e+07 -1.16089745e+02 
 2.23872114e+07 -2.70206741e+01  2.23872114e+07 -1.17556708e+02 
 2.29086765e+07 -2.72288154e+01  2.29086765e+07 -1.19002277e+02 
 2.34422882e+07 -2.74361094e+01  2.34422882e+07 -1.20425966e+02 
 2.39883292e+07 -2.76425413e+01  2.39883292e+07 -1.21827254e+02 
 2.45470892e+07 -2.78480970e+01  2.45470892e+07 -1.23205587e+02 
 2.51188643e+07 -2.80527625e+01  2.51188643e+07 -1.24560377e+02 
 2.57039578e+07 -2.82565241e+01  2.57039578e+07 -1.25891004e+02 
 2.63026799e+07 -2.84593676e+01  2.63026799e+07 -1.27196813e+02 
 2.69153480e+07 -2.86612778e+01  2.69153480e+07 -1.28477122e+02 
 2.75422870e+07 -2.88622385e+01  2.75422870e+07 -1.29731218e+02 
 2.81838293e+07 -2.90622316e+01  2.81838293e+07 -1.30958359e+02 
 2.88403150e+07 -2.92612373e+01  2.88403150e+07 -1.32157781e+02 
 2.95120923e+07 -2.94592331e+01  2.95120923e+07 -1.33328696e+02 
 3.01995172e+07 -2.96561938e+01  3.01995172e+07 -1.34470294e+02 
 3.09029543e+07 -2.98520913e+01  3.09029543e+07 -1.35581750e+02 
 3.16227766e+07 -3.00468937e+01  3.16227766e+07 -1.36662223e+02 
 3.23593657e+07 -3.02405655e+01  3.23593657e+07 -1.37710862e+02 
 3.31131121e+07 -3.04330673e+01  3.31131121e+07 -1.38726807e+02 
 3.38844156e+07 -3.06243552e+01  3.38844156e+07 -1.39709193e+02 
 3.46736850e+07 -3.08143807e+01  3.46736850e+07 -1.40657155e+02 
 3.54813389e+07 -3.10030906e+01  3.54813389e+07 -1.41569826e+02 
 3.63078055e+07 -3.11904269e+01  3.63078055e+07 -1.42446350e+02 
 3.71535229e+07 -3.13763264e+01  3.71535229e+07 -1.43285873e+02 
 3.80189396e+07 -3.15607207e+01  3.80189396e+07 -1.44087558e+02 
 3.89045145e+07 -3.17435359e+01  3.89045145e+07 -1.44850577e+02 
 3.98107171e+07 -3.19246930e+01  3.98107171e+07 -1.45574122e+02 
 4.07380278e+07 -3.21041073e+01  4.07380278e+07 -1.46257403e+02 
 4.16869383e+07 -3.22816885e+01  4.16869383e+07 -1.46899652e+02 
 4.26579519e+07 -3.24573405e+01  4.26579519e+07 -1.47500123e+02 
 4.36515832e+07 -3.26309616e+01  4.36515832e+07 -1.48058095e+02 
 4.46683592e+07 -3.28024438e+01  4.46683592e+07 -1.48572873e+02 
 4.57088190e+07 -3.29716731e+01  4.57088190e+07 -1.49043790e+02 
 4.67735141e+07 -3.31385289e+01  4.67735141e+07 -1.49470207e+02 
 4.78630092e+07 -3.33028840e+01  4.78630092e+07 -1.49851513e+02 
 4.89778819e+07 -3.34646038e+01  4.89778819e+07 -1.50187128e+02 
 5.01187234e+07 -3.36235460e+01  5.01187234e+07 -1.50476504e+02 
 5.12861384e+07 -3.37795602e+01  5.12861384e+07 -1.50719126e+02 
 5.24807460e+07 -3.39324866e+01  5.24807460e+07 -1.50914513e+02 
 5.37031796e+07 -3.40821562e+01  5.37031796e+07 -1.51062225e+02 
 5.49540874e+07 -3.42283890e+01  5.49540874e+07 -1.51161861e+02 
 5.62341325e+07 -3.43709937e+01  5.62341325e+07 -1.51213070e+02 
 5.75439937e+07 -3.45097664e+01  5.75439937e+07 -1.51215553e+02 
 5.88843655e+07 -3.46444901e+01  5.88843655e+07 -1.51169076e+02 
 6.02559586e+07 -3.47749334e+01  6.02559586e+07 -1.51073475e+02 
 6.16595002e+07 -3.49008503e+01  6.16595002e+07 -1.50928672e+02 
 6.30957344e+07 -3.50219789e+01  6.30957344e+07 -1.50734689e+02 
 6.45654229e+07 -3.51380420e+01  6.45654229e+07 -1.50491663e+02 
 6.60693448e+07 -3.52487463e+01  6.60693448e+07 -1.50199867e+02 
 6.76082975e+07 -3.53537837e+01  6.76082975e+07 -1.49859726e+02 
 6.91830971e+07 -3.54528317e+01  6.91830971e+07 -1.49471843e+02 
 7.07945784e+07 -3.55455558e+01  7.07945784e+07 -1.49037021e+02 
 7.24435960e+07 -3.56316109e+01  7.24435960e+07 -1.48556282e+02 
 7.41310241e+07 -3.57106454e+01  7.41310241e+07 -1.48030895e+02 
 7.58577575e+07 -3.57823045e+01  7.58577575e+07 -1.47462390e+02 
 7.76247117e+07 -3.58462351e+01  7.76247117e+07 -1.46852581e+02 
 7.94328235e+07 -3.59020915e+01  7.94328235e+07 -1.46203576e+02 
 8.12830516e+07 -3.59495409e+01  8.12830516e+07 -1.45517784e+02 
 8.31763771e+07 -3.59882710e+01  8.31763771e+07 -1.44797920e+02 
 8.51138038e+07 -3.60179963e+01  8.51138038e+07 -1.44046996e+02 
 8.70963590e+07 -3.60384654e+01  8.70963590e+07 -1.43268307e+02 
 8.91250938e+07 -3.60494683e+01  8.91250938e+07 -1.42465407e+02 
 9.12010839e+07 -3.60508430e+01  9.12010839e+07 -1.41642079e+02 
 9.33254301e+07 -3.60424809e+01  9.33254301e+07 -1.40802287e+02 
 9.54992586e+07 -3.60243322e+01  9.54992586e+07 -1.39950138e+02 
 9.77237221e+07 -3.59964092e+01  9.77237221e+07 -1.39089816e+02 
 1.00000000e+08 -3.59587887e+01  1.00000000e+08 -1.38225532e+02 
