 1.00000000e+00  7.54693390e+01  1.00000000e+00  1.79434430e+02 
 1.02329299e+00  7.54691582e+01  1.02329299e+00  1.79423566e+02 
 1.04712855e+00  7.54689816e+01  1.04712855e+00  1.79412435e+02 
 1.07151931e+00  7.54688091e+01  1.07151931e+00  1.79401031e+02 
 1.09647820e+00  7.54686406e+01  1.09647820e+00  1.79389345e+02 
 1.12201845e+00  7.54684762e+01  1.12201845e+00  1.79377370e+02 
 1.14815362e+00  7.54683155e+01  1.14815362e+00  1.79365097e+02 
 1.17489755e+00  7.54681587e+01  1.17489755e+00  1.79352519e+02 
 1.20226443e+00  7.54680056e+01  1.20226443e+00  1.79339627e+02 
 1.23026877e+00  7.54678560e+01  1.23026877e+00  1.79326414e+02 
 1.25892541e+00  7.54677098e+01  1.25892541e+00  1.79312870e+02 
 1.28824955e+00  7.54675670e+01  1.28824955e+00  1.79298988e+02 
 1.31825674e+00  7.54674274e+01  1.31825674e+00  1.79284759e+02 
 1.34896288e+00  7.54672909e+01  1.34896288e+00  1.79270173e+02 
 1.38038426e+00  7.54671573e+01  1.38038426e+00  1.79255222e+02 
 1.41253754e+00  7.54670265e+01  1.41253754e+00  1.79239897e+02 
 1.44543977e+00  7.54668984e+01  1.44543977e+00  1.79224189e+02 
 1.47910839e+00  7.54667727e+01  1.47910839e+00  1.79208088e+02 
 1.51356125e+00  7.54666494e+01  1.51356125e+00  1.79191585e+02 
 1.54881662e+00  7.54665283e+01  1.54881662e+00  1.79174670e+02 
 1.58489319e+00  7.54664093e+01  1.58489319e+00  1.79157333e+02 
 1.62181010e+00  7.54662921e+01  1.62181010e+00  1.79139564e+02 
 1.65958691e+00  7.54661766e+01  1.65958691e+00  1.79121353e+02 
 1.69824365e+00  7.54660627e+01  1.69824365e+00  1.79102689e+02 
 1.73780083e+00  7.54659502e+01  1.73780083e+00  1.79083562e+02 
 1.77827941e+00  7.54658388e+01  1.77827941e+00  1.79063960e+02 
 1.81970086e+00  7.54657285e+01  1.81970086e+00  1.79043873e+02 
 1.86208714e+00  7.54656191e+01  1.86208714e+00  1.79023290e+02 
 1.90546072e+00  7.54655103e+01  1.90546072e+00  1.79002199e+02 
 1.94984460e+00  7.54654020e+01  1.94984460e+00  1.78980587e+02 
 1.99526231e+00  7.54652940e+01  1.99526231e+00  1.78958444e+02 
 2.04173794e+00  7.54651862e+01  2.04173794e+00  1.78935756e+02 
 2.08929613e+00  7.54650782e+01  2.08929613e+00  1.78912512e+02 
 2.13796209e+00  7.54649700e+01  2.13796209e+00  1.78888698e+02 
 2.18776162e+00  7.54648614e+01  2.18776162e+00  1.78864302e+02 
 2.23872114e+00  7.54647521e+01  2.23872114e+00  1.78839309e+02 
 2.29086765e+00  7.54646419e+01  2.29086765e+00  1.78813707e+02 
 2.34422882e+00  7.54645306e+01  2.34422882e+00  1.78787481e+02 
 2.39883292e+00  7.54644180e+01  2.39883292e+00  1.78760617e+02 
 2.45470892e+00  7.54643039e+01  2.45470892e+00  1.78733101e+02 
 2.51188643e+00  7.54641881e+01  2.51188643e+00  1.78704917e+02 
 2.57039578e+00  7.54640703e+01  2.57039578e+00  1.78676051e+02 
 2.63026799e+00  7.54639503e+01  2.63026799e+00  1.78646486e+02 
 2.69153480e+00  7.54638279e+01  2.69153480e+00  1.78616207e+02 
 2.75422870e+00  7.54637028e+01  2.75422870e+00  1.78585197e+02 
 2.81838293e+00  7.54635747e+01  2.81838293e+00  1.78553440e+02 
 2.88403150e+00  7.54634434e+01  2.88403150e+00  1.78520918e+02 
 2.95120923e+00  7.54633086e+01  2.95120923e+00  1.78487615e+02 
 3.01995172e+00  7.54631701e+01  3.01995172e+00  1.78453511e+02 
 3.09029543e+00  7.54630275e+01  3.09029543e+00  1.78418590e+02 
 3.16227766e+00  7.54628805e+01  3.16227766e+00  1.78382831e+02 
 3.23593657e+00  7.54627289e+01  3.23593657e+00  1.78346217e+02 
 3.31131121e+00  7.54625723e+01  3.31131121e+00  1.78308727e+02 
 3.38844156e+00  7.54624104e+01  3.38844156e+00  1.78270341e+02 
 3.46736850e+00  7.54622428e+01  3.46736850e+00  1.78231039e+02 
 3.54813389e+00  7.54620692e+01  3.54813389e+00  1.78190800e+02 
 3.63078055e+00  7.54618892e+01  3.63078055e+00  1.78149602e+02 
 3.71535229e+00  7.54617024e+01  3.71535229e+00  1.78107422e+02 
 3.80189396e+00  7.54615084e+01  3.80189396e+00  1.78064240e+02 
 3.89045145e+00  7.54613069e+01  3.89045145e+00  1.78020031e+02 
 3.98107171e+00  7.54610973e+01  3.98107171e+00  1.77974772e+02 
 4.07380278e+00  7.54608792e+01  4.07380278e+00  1.77928438e+02 
 4.16869383e+00  7.54606521e+01  4.16869383e+00  1.77881006e+02 
 4.26579519e+00  7.54604156e+01  4.26579519e+00  1.77832449e+02 
 4.36515832e+00  7.54601691e+01  4.36515832e+00  1.77782742e+02 
 4.46683592e+00  7.54599120e+01  4.46683592e+00  1.77731858e+02 
 4.57088190e+00  7.54596439e+01  4.57088190e+00  1.77679770e+02 
 4.67735141e+00  7.54593641e+01  4.67735141e+00  1.77626450e+02 
 4.78630092e+00  7.54590721e+01  4.78630092e+00  1.77571870e+02 
 4.89778819e+00  7.54587671e+01  4.89778819e+00  1.77516001e+02 
 5.01187234e+00  7.54584484e+01  5.01187234e+00  1.77458812e+02 
 5.12861384e+00  7.54581155e+01  5.12861384e+00  1.77400274e+02 
 5.24807460e+00  7.54577675e+01  5.24807460e+00  1.77340355e+02 
 5.37031796e+00  7.54574036e+01  5.37031796e+00  1.77279023e+02 
 5.49540874e+00  7.54570232e+01  5.49540874e+00  1.77216245e+02 
 5.62341325e+00  7.54566252e+01  5.62341325e+00  1.77151988e+02 
 5.75439937e+00  7.54562088e+01  5.75439937e+00  1.77086217e+02 
 5.88843655e+00  7.54557731e+01  5.88843655e+00  1.77018898e+02 
 6.02559586e+00  7.54553170e+01  6.02559586e+00  1.76949994e+02 
 6.16595002e+00  7.54548397e+01  6.16595002e+00  1.76879470e+02 
 6.30957344e+00  7.54543399e+01  6.30957344e+00  1.76807286e+02 
 6.45654229e+00  7.54538165e+01  6.45654229e+00  1.76733406e+02 
 6.60693448e+00  7.54532684e+01  6.60693448e+00  1.76657788e+02 
 6.76082975e+00  7.54526943e+01  6.76082975e+00  1.76580394e+02 
 6.91830971e+00  7.54520929e+01  6.91830971e+00  1.76501181e+02 
 7.07945784e+00  7.54514628e+01  7.07945784e+00  1.76420108e+02 
 7.24435960e+00  7.54508026e+01  7.24435960e+00  1.76337131e+02 
 7.41310241e+00  7.54501107e+01  7.41310241e+00  1.76252207e+02 
 7.58577575e+00  7.54493855e+01  7.58577575e+00  1.76165290e+02 
 7.76247117e+00  7.54486254e+01  7.76247117e+00  1.76076333e+02 
 7.94328235e+00  7.54478286e+01  7.94328235e+00  1.75985290e+02 
 8.12830516e+00  7.54469933e+01  8.12830516e+00  1.75892112e+02 
 8.31763771e+00  7.54461174e+01  8.31763771e+00  1.75796750e+02 
 8.51138038e+00  7.54451990e+01  8.51138038e+00  1.75699154e+02 
 8.70963590e+00  7.54442358e+01  8.70963590e+00  1.75599271e+02 
 8.91250938e+00  7.54432257e+01  8.91250938e+00  1.75497048e+02 
 9.12010839e+00  7.54421663e+01  9.12010839e+00  1.75392432e+02 
 9.33254301e+00  7.54410550e+01  9.33254301e+00  1.75285367e+02 
 9.54992586e+00  7.54398892e+01  9.54992586e+00  1.75175798e+02 
 9.77237221e+00  7.54386661e+01  9.77237221e+00  1.75063665e+02 
 1.00000000e+01  7.54373829e+01  1.00000000e+01  1.74948911e+02 
 1.02329299e+01  7.54360365e+01  1.02329299e+01  1.74831476e+02 
 1.04712855e+01  7.54346236e+01  1.04712855e+01  1.74711297e+02 
 1.07151931e+01  7.54331410e+01  1.07151931e+01  1.74588311e+02 
 1.09647820e+01  7.54315850e+01  1.09647820e+01  1.74462456e+02 
 1.12201845e+01  7.54299519e+01  1.12201845e+01  1.74333666e+02 
 1.14815362e+01  7.54282378e+01  1.14815362e+01  1.74201873e+02 
 1.17489755e+01  7.54264386e+01  1.17489755e+01  1.74067010e+02 
 1.20226443e+01  7.54245499e+01  1.20226443e+01  1.73929008e+02 
 1.23026877e+01  7.54225672e+01  1.23026877e+01  1.73787796e+02 
 1.25892541e+01  7.54204858e+01  1.25892541e+01  1.73643301e+02 
 1.28824955e+01  7.54183006e+01  1.28824955e+01  1.73495450e+02 
 1.31825674e+01  7.54160062e+01  1.31825674e+01  1.73344169e+02 
 1.34896288e+01  7.54135974e+01  1.34896288e+01  1.73189382e+02 
 1.38038426e+01  7.54110681e+01  1.38038426e+01  1.73031010e+02 
 1.41253754e+01  7.54084123e+01  1.41253754e+01  1.72868976e+02 
 1.44543977e+01  7.54056237e+01  1.44543977e+01  1.72703198e+02 
 1.47910839e+01  7.54026955e+01  1.47910839e+01  1.72533596e+02 
 1.51356125e+01  7.53996208e+01  1.51356125e+01  1.72360088e+02 
 1.54881662e+01  7.53963921e+01  1.54881662e+01  1.72182588e+02 
 1.58489319e+01  7.53930018e+01  1.58489319e+01  1.72001012e+02 
 1.62181010e+01  7.53894418e+01  1.62181010e+01  1.71815274e+02 
 1.65958691e+01  7.53857037e+01  1.65958691e+01  1.71625285e+02 
 1.69824365e+01  7.53817786e+01  1.69824365e+01  1.71430958e+02 
 1.73780083e+01  7.53776573e+01  1.73780083e+01  1.71232203e+02 
 1.77827941e+01  7.53733301e+01  1.77827941e+01  1.71028929e+02 
 1.81970086e+01  7.53687869e+01  1.81970086e+01  1.70821043e+02 
 1.86208714e+01  7.53640172e+01  1.86208714e+01  1.70608455e+02 
 1.90546072e+01  7.53590100e+01  1.90546072e+01  1.70391069e+02 
 1.94984460e+01  7.53537538e+01  1.94984460e+01  1.70168792e+02 
 1.99526231e+01  7.53482365e+01  1.99526231e+01  1.69941529e+02 
 2.04173794e+01  7.53424457e+01  2.04173794e+01  1.69709184e+02 
 2.08929613e+01  7.53363684e+01  2.08929613e+01  1.69471661e+02 
 2.13796209e+01  7.53299910e+01  2.13796209e+01  1.69228863e+02 
 2.18776162e+01  7.53232993e+01  2.18776162e+01  1.68980695e+02 
 2.23872114e+01  7.53162788e+01  2.23872114e+01  1.68727057e+02 
 2.29086765e+01  7.53089141e+01  2.29086765e+01  1.68467854e+02 
 2.34422882e+01  7.53011893e+01  2.34422882e+01  1.68202988e+02 
 2.39883292e+01  7.52930880e+01  2.39883292e+01  1.67932361e+02 
 2.45470892e+01  7.52845930e+01  2.45470892e+01  1.67655877e+02 
 2.51188643e+01  7.52756865e+01  2.51188643e+01  1.67373439e+02 
 2.57039578e+01  7.52663502e+01  2.57039578e+01  1.67084952e+02 
 2.63026799e+01  7.52565650e+01  2.63026799e+01  1.66790320e+02 
 2.69153480e+01  7.52463110e+01  2.69153480e+01  1.66489448e+02 
 2.75422870e+01  7.52355679e+01  2.75422870e+01  1.66182244e+02 
 2.81838293e+01  7.52243143e+01  2.81838293e+01  1.65868614e+02 
 2.88403150e+01  7.52125285e+01  2.88403150e+01  1.65548469e+02 
 2.95120923e+01  7.52001878e+01  2.95120923e+01  1.65221720e+02 
 3.01995172e+01  7.51872688e+01  3.01995172e+01  1.64888278e+02 
 3.09029543e+01  7.51737474e+01  3.09029543e+01  1.64548059e+02 
 3.16227766e+01  7.51595987e+01  3.16227766e+01  1.64200979e+02 
 3.23593657e+01  7.51447970e+01  3.23593657e+01  1.63846959e+02 
 3.31131121e+01  7.51293160e+01  3.31131121e+01  1.63485920e+02 
 3.38844156e+01  7.51131284e+01  3.38844156e+01  1.63117788e+02 
 3.46736850e+01  7.50962062e+01  3.46736850e+01  1.62742491e+02 
 3.54813389e+01  7.50785207e+01  3.54813389e+01  1.62359962e+02 
 3.63078055e+01  7.50600424e+01  3.63078055e+01  1.61970136e+02 
 3.71535229e+01  7.50407408e+01  3.71535229e+01  1.61572954e+02 
 3.80189396e+01  7.50205850e+01  3.80189396e+01  1.61168361e+02 
 3.89045145e+01  7.49995430e+01  3.89045145e+01  1.60756305e+02 
 3.98107171e+01  7.49775822e+01  3.98107171e+01  1.60336743e+02 
 4.07380278e+01  7.49546692e+01  4.07380278e+01  1.59909633e+02 
 4.16869383e+01  7.49307699e+01  4.16869383e+01  1.59474943e+02 
 4.26579519e+01  7.49058494e+01  4.26579519e+01  1.59032644e+02 
 4.36515832e+01  7.48798723e+01  4.36515832e+01  1.58582714e+02 
 4.46683592e+01  7.48528024e+01  4.46683592e+01  1.58125141e+02 
 4.57088190e+01  7.48246027e+01  4.57088190e+01  1.57659917e+02 
 4.67735141e+01  7.47952359e+01  4.67735141e+01  1.57187042e+02 
 4.78630092e+01  7.47646640e+01  4.78630092e+01  1.56706526e+02 
 4.89778819e+01  7.47328484e+01  4.89778819e+01  1.56218386e+02 
 5.01187234e+01  7.46997500e+01  5.01187234e+01  1.55722648e+02 
 5.12861384e+01  7.46653295e+01  5.12861384e+01  1.55219347e+02 
 5.24807460e+01  7.46295470e+01  5.24807460e+01  1.54708528e+02 
 5.37031796e+01  7.45923623e+01  5.37031796e+01  1.54190247e+02 
 5.49540874e+01  7.45537351e+01  5.49540874e+01  1.53664568e+02 
 5.62341325e+01  7.45136247e+01  5.62341325e+01  1.53131566e+02 
 5.75439937e+01  7.44719905e+01  5.75439937e+01  1.52591328e+02 
 5.88843655e+01  7.44287918e+01  5.88843655e+01  1.52043952e+02 
 6.02559586e+01  7.43839879e+01  6.02559586e+01  1.51489546e+02 
 6.16595002e+01  7.43375383e+01  6.16595002e+01  1.50928230e+02 
 6.30957344e+01  7.42894027e+01  6.30957344e+01  1.50360138e+02 
 6.45654229e+01  7.42395412e+01  6.45654229e+01  1.49785414e+02 
 6.60693448e+01  7.41879143e+01  6.60693448e+01  1.49204212e+02 
 6.76082975e+01  7.41344831e+01  6.76082975e+01  1.48616703e+02 
 6.91830971e+01  7.40792092e+01  6.91830971e+01  1.48023065e+02 
 7.07945784e+01  7.40220551e+01  7.07945784e+01  1.47423493e+02 
 7.24435960e+01  7.39629841e+01  7.24435960e+01  1.46818189e+02 
 7.41310241e+01  7.39019606e+01  7.41310241e+01  1.46207372e+02 
 7.58577575e+01  7.38389499e+01  7.58577575e+01  1.45591269e+02 
 7.76247117e+01  7.37739186e+01  7.76247117e+01  1.44970119e+02 
 7.94328235e+01  7.37068347e+01  7.94328235e+01  1.44344175e+02 
 8.12830516e+01  7.36376676e+01  8.12830516e+01  1.43713698e+02 
 8.31763771e+01  7.35663882e+01  8.31763771e+01  1.43078960e+02 
 8.51138038e+01  7.34929689e+01  8.51138038e+01  1.42440244e+02 
 8.70963590e+01  7.34173843e+01  8.70963590e+01  1.41797842e+02 
 8.91250938e+01  7.33396103e+01  8.91250938e+01  1.41152055e+02 
 9.12010839e+01  7.32596251e+01  9.12010839e+01  1.40503192e+02 
 9.33254301e+01  7.31774088e+01  9.33254301e+01  1.39851570e+02 
 9.54992586e+01  7.30929437e+01  9.54992586e+01  1.39197513e+02 
 9.77237221e+01  7.30062142e+01  9.77237221e+01  1.38541351e+02 
 1.00000000e+02  7.29172069e+01  1.00000000e+02  1.37883420e+02 
 1.02329299e+02  7.28259108e+01  1.02329299e+02  1.37224061e+02 
 1.04712855e+02  7.27323172e+01  1.04712855e+02  1.36563616e+02 
 1.07151931e+02  7.26364198e+01  1.07151931e+02  1.35902434e+02 
 1.09647820e+02  7.25382147e+01  1.09647820e+02  1.35240862e+02 
 1.12201845e+02  7.24377003e+01  1.12201845e+02  1.34579251e+02 
 1.14815362e+02  7.23348777e+01  1.14815362e+02  1.33917950e+02 
 1.17489755e+02  7.22297503e+01  1.17489755e+02  1.33257308e+02 
 1.20226443e+02  7.21223238e+01  1.20226443e+02  1.32597674e+02 
 1.23026877e+02  7.20126064e+01  1.23026877e+02  1.31939392e+02 
 1.25892541e+02  7.19006088e+01  1.25892541e+02  1.31282802e+02 
 1.28824955e+02  7.17863438e+01  1.28824955e+02  1.30628243e+02 
 1.31825674e+02  7.16698265e+01  1.31825674e+02  1.29976045e+02 
 1.34896288e+02  7.15510743e+01  1.34896288e+02  1.29326535e+02 
 1.38038426e+02  7.14301067e+01  1.38038426e+02  1.28680032e+02 
 1.41253754e+02  7.13069452e+01  1.41253754e+02  1.28036846e+02 
 1.44543977e+02  7.11816133e+01  1.44543977e+02  1.27397280e+02 
 1.47910839e+02  7.10541365e+01  1.47910839e+02  1.26761630e+02 
 1.51356125e+02  7.09245418e+01  1.51356125e+02  1.26130180e+02 
 1.54881662e+02  7.07928582e+01  1.54881662e+02  1.25503204e+02 
 1.58489319e+02  7.06591161e+01  1.58489319e+02  1.24880968e+02 
 1.62181010e+02  7.05233473e+01  1.62181010e+02  1.24263724e+02 
 1.65958691e+02  7.03855853e+01  1.65958691e+02  1.23651715e+02 
 1.69824365e+02  7.02458644e+01  1.69824365e+02  1.23045172e+02 
 1.73780083e+02  7.01042204e+01  1.73780083e+02  1.22444314e+02 
 1.77827941e+02  6.99606898e+01  1.77827941e+02  1.21849347e+02 
 1.81970086e+02  6.98153103e+01  1.81970086e+02  1.21260466e+02 
 1.86208714e+02  6.96681201e+01  1.86208714e+02  1.20677854e+02 
 1.90546072e+02  6.95191584e+01  1.90546072e+02  1.20101681e+02 
 1.94984460e+02  6.93684647e+01  1.94984460e+02  1.19532105e+02 
 1.99526231e+02  6.92160790e+01  1.99526231e+02  1.18969272e+02 
 2.04173794e+02  6.90620419e+01  2.04173794e+02  1.18413315e+02 
 2.08929613e+02  6.89063938e+01  2.08929613e+02  1.17864356e+02 
 2.13796209e+02  6.87491757e+01  2.13796209e+02  1.17322506e+02 
 2.18776162e+02  6.85904285e+01  2.18776162e+02  1.16787862e+02 
 2.23872114e+02  6.84301930e+01  2.23872114e+02  1.16260512e+02 
 2.29086765e+02  6.82685100e+01  2.29086765e+02  1.15740531e+02 
 2.34422882e+02  6.81054202e+01  2.34422882e+02  1.15227985e+02 
 2.39883292e+02  6.79409637e+01  2.39883292e+02  1.14722927e+02 
 2.45470892e+02  6.77751807e+01  2.45470892e+02  1.14225404e+02 
 2.51188643e+02  6.76081107e+01  2.51188643e+02  1.13735450e+02 
 2.57039578e+02  6.74397930e+01  2.57039578e+02  1.13253090e+02 
 2.63026799e+02  6.72702662e+01  2.63026799e+02  1.12778341e+02 
 2.69153480e+02  6.70995684e+01  2.69153480e+02  1.12311210e+02 
 2.75422870e+02  6.69277373e+01  2.75422870e+02  1.11851698e+02 
 2.81838293e+02  6.67548096e+01  2.81838293e+02  1.11399795e+02 
 2.88403150e+02  6.65808216e+01  2.88403150e+02  1.10955487e+02 
 2.95120923e+02  6.64058090e+01  2.95120923e+02  1.10518750e+02 
 3.01995172e+02  6.62298064e+01  3.01995172e+02  1.10089556e+02 
 3.09029543e+02  6.60528479e+01  3.09029543e+02  1.09667867e+02 
 3.16227766e+02  6.58749669e+01  3.16227766e+02  1.09253644e+02 
 3.23593657e+02  6.56961959e+01  3.23593657e+02  1.08846838e+02 
 3.31131121e+02  6.55165666e+01  3.31131121e+02  1.08447398e+02 
 3.38844156e+02  6.53361099e+01  3.38844156e+02  1.08055266e+02 
 3.46736850e+02  6.51548558e+01  3.46736850e+02  1.07670381e+02 
 3.54813389e+02  6.49728338e+01  3.54813389e+02  1.07292677e+02 
 3.63078055e+02  6.47900723e+01  3.63078055e+02  1.06922085e+02 
 3.71535229e+02  6.46065989e+01  3.71535229e+02  1.06558532e+02 
 3.80189396e+02  6.44224406e+01  3.80189396e+02  1.06201942e+02 
 3.89045145e+02  6.42376233e+01  3.89045145e+02  1.05852236e+02 
 3.98107171e+02  6.40521722e+01  3.98107171e+02  1.05509332e+02 
 4.07380278e+02  6.38661120e+01  4.07380278e+02  1.05173147e+02 
 4.16869383e+02  6.36794662e+01  4.16869383e+02  1.04843594e+02 
 4.26579519e+02  6.34922577e+01  4.26579519e+02  1.04520587e+02 
 4.36515832e+02  6.33045087e+01  4.36515832e+02  1.04204035e+02 
 4.46683592e+02  6.31162407e+01  4.46683592e+02  1.03893848e+02 
 4.57088190e+02  6.29274743e+01  4.57088190e+02  1.03589934e+02 
 4.67735141e+02  6.27382294e+01  4.67735141e+02  1.03292200e+02 
 4.78630092e+02  6.25485253e+01  4.78630092e+02  1.03000552e+02 
 4.89778819e+02  6.23583807e+01  4.89778819e+02  1.02714897e+02 
 5.01187234e+02  6.21678134e+01  5.01187234e+02  1.02435139e+02 
 5.12861384e+02  6.19768407e+01  5.12861384e+02  1.02161183e+02 
 5.24807460e+02  6.17854793e+01  5.24807460e+02  1.01892934e+02 
 5.37031796e+02  6.15937451e+01  5.37031796e+02  1.01630298e+02 
 5.49540874e+02  6.14016536e+01  5.49540874e+02  1.01373177e+02 
 5.62341325e+02  6.12092196e+01  5.62341325e+02  1.01121479e+02 
 5.75439937e+02  6.10164575e+01  5.75439937e+02  1.00875108e+02 
 5.88843655e+02  6.08233808e+01  5.88843655e+02  1.00633969e+02 
 6.02559586e+02  6.06300029e+01  6.02559586e+02  1.00397970e+02 
 6.16595002e+02  6.04363364e+01  6.16595002e+02  1.00167017e+02 
 6.30957344e+02  6.02423935e+01  6.30957344e+02  9.99410181e+01 
 6.45654229e+02  6.00481859e+01  6.45654229e+02  9.97198809e+01 
 6.60693448e+02  5.98537248e+01  6.60693448e+02  9.95035148e+01 
 6.76082975e+02  5.96590211e+01  6.76082975e+02  9.92918299e+01 
 6.91830971e+02  5.94640850e+01  6.91830971e+02  9.90847370e+01 
 7.07945784e+02  5.92689266e+01  7.07945784e+02  9.88821480e+01 
 7.24435960e+02  5.90735553e+01  7.24435960e+02  9.86839759e+01 
 7.41310241e+02  5.88779804e+01  7.41310241e+02  9.84901345e+01 
 7.58577575e+02  5.86822105e+01  7.58577575e+02  9.83005388e+01 
 7.76247117e+02  5.84862542e+01  7.76247117e+02  9.81151050e+01 
 7.94328235e+02  5.82901194e+01  7.94328235e+02  9.79337504e+01 
 8.12830516e+02  5.80938139e+01  8.12830516e+02  9.77563934e+01 
 8.31763771e+02  5.78973451e+01  8.31763771e+02  9.75829536e+01 
 8.51138038e+02  5.77007201e+01  8.51138038e+02  9.74133518e+01 
 8.70963590e+02  5.75039457e+01  8.70963590e+02  9.72475101e+01 
 8.91250938e+02  5.73070285e+01  8.91250938e+02  9.70853516e+01 
 9.12010839e+02  5.71099745e+01  9.12010839e+02  9.69268009e+01 
 9.33254301e+02  5.69127900e+01  9.33254301e+02  9.67717836e+01 
 9.54992586e+02  5.67154804e+01  9.54992586e+02  9.66202268e+01 
 9.77237221e+02  5.65180514e+01  9.77237221e+02  9.64720586e+01 
 1.00000000e+03  5.63205082e+01  1.00000000e+03  9.63272084e+01 
 1.02329299e+03  5.61228558e+01  1.02329299e+03  9.61856069e+01 
 1.04712855e+03  5.59250990e+01  1.04712855e+03  9.60471860e+01 
 1.07151931e+03  5.57272424e+01  1.07151931e+03  9.59118788e+01 
 1.09647820e+03  5.55292904e+01  1.09647820e+03  9.57796198e+01 
 1.12201845e+03  5.53312472e+01  1.12201845e+03  9.56503444e+01 
 1.14815362e+03  5.51331169e+01  1.14815362e+03  9.55239895e+01 
 1.17489755e+03  5.49349033e+01  1.17489755e+03  9.54004931e+01 
 1.20226443e+03  5.47366101e+01  1.20226443e+03  9.52797942e+01 
 1.23026877e+03  5.45382408e+01  1.23026877e+03  9.51618333e+01 
 1.25892541e+03  5.43397988e+01  1.25892541e+03  9.50465519e+01 
 1.28824955e+03  5.41412873e+01  1.28824955e+03  9.49338927e+01 
 1.31825674e+03  5.39427094e+01  1.31825674e+03  9.48237995e+01 
 1.34896288e+03  5.37440681e+01  1.34896288e+03  9.47162171e+01 
 1.38038426e+03  5.35453662e+01  1.38038426e+03  9.46110918e+01 
 1.41253754e+03  5.33466063e+01  1.41253754e+03  9.45083705e+01 
 1.44543977e+03  5.31477912e+01  1.44543977e+03  9.44080016e+01 
 1.47910839e+03  5.29489232e+01  1.47910839e+03  9.43099343e+01 
 1.51356125e+03  5.27500046e+01  1.51356125e+03  9.42141191e+01 
 1.54881662e+03  5.25510379e+01  1.54881662e+03  9.41205073e+01 
 1.58489319e+03  5.23520250e+01  1.58489319e+03  9.40290513e+01 
 1.62181010e+03  5.21529682e+01  1.62181010e+03  9.39397046e+01 
 1.65958691e+03  5.19538693e+01  1.65958691e+03  9.38524215e+01 
 1.69824365e+03  5.17547302e+01  1.69824365e+03  9.37671575e+01 
 1.73780083e+03  5.15555527e+01  1.73780083e+03  9.36838689e+01 
 1.77827941e+03  5.13563386e+01  1.77827941e+03  9.36025131e+01 
 1.81970086e+03  5.11570896e+01  1.81970086e+03  9.35230482e+01 
 1.86208714e+03  5.09578071e+01  1.86208714e+03  9.34454334e+01 
 1.90546072e+03  5.07584927e+01  1.90546072e+03  9.33696287e+01 
 1.94984460e+03  5.05591478e+01  1.94984460e+03  9.32955951e+01 
 1.99526231e+03  5.03597739e+01  1.99526231e+03  9.32232943e+01 
 2.04173794e+03  5.01603722e+01  2.04173794e+03  9.31526889e+01 
 2.08929613e+03  4.99609439e+01  2.08929613e+03  9.30837424e+01 
 2.13796209e+03  4.97614903e+01  2.13796209e+03  9.30164192e+01 
 2.18776162e+03  4.95620126e+01  2.18776162e+03  9.29506842e+01 
 2.23872114e+03  4.93625118e+01  2.23872114e+03  9.28865034e+01 
 2.29086765e+03  4.91629890e+01  2.29086765e+03  9.28238435e+01 
 2.34422882e+03  4.89634451e+01  2.34422882e+03  9.27626717e+01 
 2.39883292e+03  4.87638812e+01  2.39883292e+03  9.27029564e+01 
 2.45470892e+03  4.85642982e+01  2.45470892e+03  9.26446664e+01 
 2.51188643e+03  4.83646970e+01  2.51188643e+03  9.25877713e+01 
 2.57039578e+03  4.81650783e+01  2.57039578e+03  9.25322414e+01 
 2.63026799e+03  4.79654430e+01  2.63026799e+03  9.24780478e+01 
 2.69153480e+03  4.77657919e+01  2.69153480e+03  9.24251621e+01 
 2.75422870e+03  4.75661256e+01  2.75422870e+03  9.23735567e+01 
 2.81838293e+03  4.73664450e+01  2.81838293e+03  9.23232046e+01 
 2.88403150e+03  4.71667506e+01  2.88403150e+03  9.22740794e+01 
 2.95120923e+03  4.69670432e+01  2.95120923e+03  9.22261554e+01 
 3.01995172e+03  4.67673233e+01  3.01995172e+03  9.21794075e+01 
 3.09029543e+03  4.65675916e+01  3.09029543e+03  9.21338112e+01 
 3.16227766e+03  4.63678485e+01  3.16227766e+03  9.20893425e+01 
 3.23593657e+03  4.61680947e+01  3.23593657e+03  9.20459782e+01 
 3.31131121e+03  4.59683307e+01  3.31131121e+03  9.20036955e+01 
 3.38844156e+03  4.57685569e+01  3.38844156e+03  9.19624721e+01 
 3.46736850e+03  4.55687738e+01  3.46736850e+03  9.19222864e+01 
 3.54813389e+03  4.53689820e+01  3.54813389e+03  9.18831172e+01 
 3.63078055e+03  4.51691818e+01  3.63078055e+03  9.18449440e+01 
 3.71535229e+03  4.49693736e+01  3.71535229e+03  9.18077468e+01 
 3.80189396e+03  4.47695579e+01  3.80189396e+03  9.17715058e+01 
 3.89045145e+03  4.45697351e+01  3.89045145e+03  9.17362020e+01 
 3.98107171e+03  4.43699055e+01  3.98107171e+03  9.17018169e+01 
 4.07380278e+03  4.41700695e+01  4.07380278e+03  9.16683323e+01 
 4.16869383e+03  4.39702274e+01  4.16869383e+03  9.16357306e+01 
 4.26579519e+03  4.37703797e+01  4.26579519e+03  9.16039945e+01 
 4.36515832e+03  4.35705265e+01  4.36515832e+03  9.15731074e+01 
 4.46683592e+03  4.33706682e+01  4.46683592e+03  9.15430530e+01 
 4.57088190e+03  4.31708051e+01  4.57088190e+03  9.15138154e+01 
 4.67735141e+03  4.29709375e+01  4.67735141e+03  9.14853791e+01 
 4.78630092e+03  4.27710657e+01  4.78630092e+03  9.14577292e+01 
 4.89778819e+03  4.25711900e+01  4.89778819e+03  9.14308511e+01 
 5.01187234e+03  4.23713105e+01  5.01187234e+03  9.14047305e+01 
 5.12861384e+03  4.21714277e+01  5.12861384e+03  9.13793537e+01 
 5.24807460e+03  4.19715416e+01  5.24807460e+03  9.13547073e+01 
 5.37031796e+03  4.17716526e+01  5.37031796e+03  9.13307782e+01 
 5.49540874e+03  4.15717609e+01  5.49540874e+03  9.13075537e+01 
 5.62341325e+03  4.13718668e+01  5.62341325e+03  9.12850217e+01 
 5.75439937e+03  4.11719703e+01  5.75439937e+03  9.12631701e+01 
 5.88843655e+03  4.09720718e+01  5.88843655e+03  9.12419874e+01 
 6.02559586e+03  4.07721716e+01  6.02559586e+03  9.12214624e+01 
 6.16595002e+03  4.05722697e+01  6.16595002e+03  9.12015842e+01 
 6.30957344e+03  4.03723664e+01  6.30957344e+03  9.11823424e+01 
 6.45654229e+03  4.01724619e+01  6.45654229e+03  9.11637266e+01 
 6.60693448e+03  3.99725564e+01  6.60693448e+03  9.11457270e+01 
 6.76082975e+03  3.97726501e+01  6.76082975e+03  9.11283342e+01 
 6.91830971e+03  3.95727433e+01  6.91830971e+03  9.11115388e+01 
 7.07945784e+03  3.93728360e+01  7.07945784e+03  9.10953319e+01 
 7.24435960e+03  3.91729285e+01  7.24435960e+03  9.10797050e+01 
 7.41310241e+03  3.89730210e+01  7.41310241e+03  9.10646498e+01 
 7.58577575e+03  3.87731138e+01  7.58577575e+03  9.10501581e+01 
 7.76247117e+03  3.85732069e+01  7.76247117e+03  9.10362224e+01 
 7.94328235e+03  3.83733006e+01  7.94328235e+03  9.10228352e+01 
 8.12830516e+03  3.81733950e+01  8.12830516e+03  9.10099894e+01 
 8.31763771e+03  3.79734905e+01  8.31763771e+03  9.09976782e+01 
 8.51138038e+03  3.77735872e+01  8.51138038e+03  9.09858948e+01 
 8.70963590e+03  3.75736852e+01  8.70963590e+03  9.09746332e+01 
 8.91250938e+03  3.73737848e+01  8.91250938e+03  9.09638872e+01 
 9.12010839e+03  3.71738863e+01  9.12010839e+03  9.09536511e+01 
 9.33254301e+03  3.69739897e+01  9.33254301e+03  9.09439194e+01 
 9.54992586e+03  3.67740954e+01  9.54992586e+03  9.09346868e+01 
 9.77237221e+03  3.65742036e+01  9.77237221e+03  9.09259485e+01 
 1.00000000e+04  3.63743145e+01  1.00000000e+04  9.09176996e+01 
 1.02329299e+04  3.61744283e+01  1.02329299e+04  9.09099358e+01 
 1.04712855e+04  3.59745452e+01  1.04712855e+04  9.09026528e+01 
 1.07151931e+04  3.57746656e+01  1.07151931e+04  9.08958466e+01 
 1.09647820e+04  3.55747896e+01  1.09647820e+04  9.08895136e+01 
 1.12201845e+04  3.53749176e+01  1.12201845e+04  9.08836502e+01 
 1.14815362e+04  3.51750498e+01  1.14815362e+04  9.08782532e+01 
 1.17489755e+04  3.49751865e+01  1.17489755e+04  9.08733196e+01 
 1.20226443e+04  3.47753279e+01  1.20226443e+04  9.08688467e+01 
 1.23026877e+04  3.45754744e+01  1.23026877e+04  9.08648319e+01 
 1.25892541e+04  3.43756263e+01  1.25892541e+04  9.08612728e+01 
 1.28824955e+04  3.41757839e+01  1.28824955e+04  9.08581675e+01 
 1.31825674e+04  3.39759475e+01  1.31825674e+04  9.08555141e+01 
 1.34896288e+04  3.37761175e+01  1.34896288e+04  9.08533109e+01 
 1.38038426e+04  3.35762942e+01  1.38038426e+04  9.08515566e+01 
 1.41253754e+04  3.33764780e+01  1.41253754e+04  9.08502500e+01 
 1.44543977e+04  3.31766693e+01  1.44543977e+04  9.08493901e+01 
 1.47910839e+04  3.29768685e+01  1.47910839e+04  9.08489761e+01 
 1.51356125e+04  3.27770760e+01  1.51356125e+04  9.08490076e+01 
 1.54881662e+04  3.25772922e+01  1.54881662e+04  9.08494843e+01 
 1.58489319e+04  3.23775177e+01  1.58489319e+04  9.08504059e+01 
 1.62181010e+04  3.21777528e+01  1.62181010e+04  9.08517728e+01 
 1.65958691e+04  3.19779981e+01  1.65958691e+04  9.08535850e+01 
 1.69824365e+04  3.17782541e+01  1.69824365e+04  9.08558433e+01 
 1.73780083e+04  3.15785213e+01  1.73780083e+04  9.08585483e+01 
 1.77827941e+04  3.13788003e+01  1.77827941e+04  9.08617009e+01 
 1.81970086e+04  3.11790917e+01  1.81970086e+04  9.08653023e+01 
 1.86208714e+04  3.09793960e+01  1.86208714e+04  9.08693539e+01 
 1.90546072e+04  3.07797139e+01  1.90546072e+04  9.08738571e+01 
 1.94984460e+04  3.05800461e+01  1.94984460e+04  9.08788136e+01 
 1.99526231e+04  3.03803933e+01  1.99526231e+04  9.08842255e+01 
 2.04173794e+04  3.01807561e+01  2.04173794e+04  9.08900949e+01 
 2.08929613e+04  2.99811354e+01  2.08929613e+04  9.08964239e+01 
 2.13796209e+04  2.97815319e+01  2.13796209e+04  9.09032152e+01 
 2.18776162e+04  2.95819465e+01  2.18776162e+04  9.09104714e+01 
 2.23872114e+04  2.93823801e+01  2.23872114e+04  9.09181953e+01 
 2.29086765e+04  2.91828334e+01  2.29086765e+04  9.09263900e+01 
 2.34422882e+04  2.89833075e+01  2.34422882e+04  9.09350586e+01 
 2.39883292e+04  2.87838033e+01  2.39883292e+04  9.09442047e+01 
 2.45470892e+04  2.85843219e+01  2.45470892e+04  9.09538316e+01 
 2.51188643e+04  2.83848644e+01  2.51188643e+04  9.09639432e+01 
 2.57039578e+04  2.81854318e+01  2.57039578e+04  9.09745433e+01 
 2.63026799e+04  2.79860253e+01  2.63026799e+04  9.09856358e+01 
 2.69153480e+04  2.77866462e+01  2.69153480e+04  9.09972251e+01 
 2.75422870e+04  2.75872957e+01  2.75422870e+04  9.10093153e+01 
 2.81838293e+04  2.73879752e+01  2.81838293e+04  9.10219109e+01 
 2.88403150e+04  2.71886860e+01  2.88403150e+04  9.10350166e+01 
 2.95120923e+04  2.69894297e+01  2.95120923e+04  9.10486370e+01 
 3.01995172e+04  2.67902077e+01  3.01995172e+04  9.10627769e+01 
 3.09029543e+04  2.65910215e+01  3.09029543e+04  9.10774413e+01 
 3.16227766e+04  2.63918730e+01  3.16227766e+04  9.10926352e+01 
 3.23593657e+04  2.61927637e+01  3.23593657e+04  9.11083636e+01 
 3.31131121e+04  2.59936956e+01  3.31131121e+04  9.11246319e+01 
 3.38844156e+04  2.57946704e+01  3.38844156e+04  9.11414452e+01 
 3.46736850e+04  2.55956902e+01  3.46736850e+04  9.11588089e+01 
 3.54813389e+04  2.53967570e+01  3.54813389e+04  9.11767283e+01 
 3.63078055e+04  2.51978729e+01  3.63078055e+04  9.11952087e+01 
 3.71535229e+04  2.49990403e+01  3.71535229e+04  9.12142557e+01 
 3.80189396e+04  2.48002613e+01  3.80189396e+04  9.12338746e+01 
 3.89045145e+04  2.46015385e+01  3.89045145e+04  9.12540707e+01 
 3.98107171e+04  2.44028743e+01  3.98107171e+04  9.12748495e+01 
 4.07380278e+04  2.42042715e+01  4.07380278e+04  9.12962161e+01 
 4.16869383e+04  2.40057328e+01  4.16869383e+04  9.13181757e+01 
 4.26579519e+04  2.38072610e+01  4.26579519e+04  9.13407335e+01 
 4.36515832e+04  2.36088592e+01  4.36515832e+04  9.13638943e+01 
 4.46683592e+04  2.34105304e+01  4.46683592e+04  9.13876630e+01 
 4.57088190e+04  2.32122779e+01  4.57088190e+04  9.14120442e+01 
 4.67735141e+04  2.30141051e+01  4.67735141e+04  9.14370423e+01 
 4.78630092e+04  2.28160155e+01  4.78630092e+04  9.14626614e+01 
 4.89778819e+04  2.26180128e+01  4.89778819e+04  9.14889053e+01 
 5.01187234e+04  2.24201008e+01  5.01187234e+04  9.15157776e+01 
 5.12861384e+04  2.22222834e+01  5.12861384e+04  9.15432814e+01 
 5.24807460e+04  2.20245648e+01  5.24807460e+04  9.15714196e+01 
 5.37031796e+04  2.18269493e+01  5.37031796e+04  9.16001943e+01 
 5.49540874e+04  2.16294412e+01  5.49540874e+04  9.16296075e+01 
 5.62341325e+04  2.14320453e+01  5.62341325e+04  9.16596603e+01 
 5.75439937e+04  2.12347663e+01  5.75439937e+04  9.16903534e+01 
 5.88843655e+04  2.10376092e+01  5.88843655e+04  9.17216867e+01 
 6.02559586e+04  2.08405793e+01  6.02559586e+04  9.17536596e+01 
 6.16595002e+04  2.06436817e+01  6.16595002e+04  9.17862705e+01 
 6.30957344e+04  2.04469222e+01  6.30957344e+04  9.18195169e+01 
 6.45654229e+04  2.02503064e+01  6.45654229e+04  9.18533956e+01 
 6.60693448e+04  2.00538403e+01  6.60693448e+04  9.18879022e+01 
 6.76082975e+04  1.98575301e+01  6.76082975e+04  9.19230312e+01 
 6.91830971e+04  1.96613821e+01  6.91830971e+04  9.19587760e+01 
 7.07945784e+04  1.94654030e+01  7.07945784e+04  9.19951287e+01 
 7.24435960e+04  1.92695996e+01  7.24435960e+04  9.20320801e+01 
 7.41310241e+04  1.90739788e+01  7.41310241e+04  9.20696194e+01 
 7.58577575e+04  1.88785480e+01  7.58577575e+04  9.21077343e+01 
 7.76247117e+04  1.86833146e+01  7.76247117e+04  9.21464109e+01 
 7.94328235e+04  1.84882863e+01  7.94328235e+04  9.21856333e+01 
 8.12830516e+04  1.82934709e+01  8.12830516e+04  9.22253840e+01 
 8.31763771e+04  1.80988768e+01  8.31763771e+04  9.22656432e+01 
 8.51138038e+04  1.79045122e+01  8.51138038e+04  9.23063890e+01 
 8.70963590e+04  1.77103857e+01  8.70963590e+04  9.23475972e+01 
 8.91250938e+04  1.75165060e+01  8.91250938e+04  9.23892413e+01 
 9.12010839e+04  1.73228823e+01  9.12010839e+04  9.24312920e+01 
 9.33254301e+04  1.71295237e+01  9.33254301e+04  9.24737174e+01 
 9.54992586e+04  1.69364397e+01  9.54992586e+04  9.25164828e+01 
 9.77237221e+04  1.67436397e+01  9.77237221e+04  9.25595503e+01 
 1.00000000e+05  1.65511337e+01  1.00000000e+05  9.26028788e+01 
 1.02329299e+05  1.63589315e+01  1.02329299e+05  9.26464240e+01 
 1.04712855e+05  1.61670433e+01  1.04712855e+05  9.26901381e+01 
 1.07151931e+05  1.59754792e+01  1.07151931e+05  9.27339693e+01 
 1.09647820e+05  1.57842497e+01  1.09647820e+05  9.27778624e+01 
 1.12201845e+05  1.55933653e+01  1.12201845e+05  9.28217579e+01 
 1.14815362e+05  1.54028364e+01  1.14815362e+05  9.28655921e+01 
 1.17489755e+05  1.52126737e+01  1.17489755e+05  9.29092971e+01 
 1.20226443e+05  1.50228878e+01  1.20226443e+05  9.29528004e+01 
 1.23026877e+05  1.48334894e+01  1.23026877e+05  9.29960248e+01 
 1.25892541e+05  1.46444892e+01  1.25892541e+05  9.30388884e+01 
 1.28824955e+05  1.44558976e+01  1.28824955e+05  9.30813042e+01 
 1.31825674e+05  1.42677252e+01  1.31825674e+05  9.31231801e+01 
 1.34896288e+05  1.40799824e+01  1.34896288e+05  9.31644189e+01 
 1.38038426e+05  1.38926793e+01  1.38038426e+05  9.32049178e+01 
 1.41253754e+05  1.37058259e+01  1.41253754e+05  9.32445688e+01 
 1.44543977e+05  1.35194319e+01  1.44543977e+05  9.32832582e+01 
 1.47910839e+05  1.33335067e+01  1.47910839e+05  9.33208665e+01 
 1.51356125e+05  1.31480595e+01  1.51356125e+05  9.33572689e+01 
 1.54881662e+05  1.29630988e+01  1.54881662e+05  9.33923344e+01 
 1.58489319e+05  1.27786328e+01  1.58489319e+05  9.34259267e+01 
 1.62181010e+05  1.25946693e+01  1.62181010e+05  9.34579034e+01 
 1.65958691e+05  1.24112153e+01  1.65958691e+05  9.34881166e+01 
 1.69824365e+05  1.22282773e+01  1.69824365e+05  9.35164129e+01 
 1.73780083e+05  1.20458611e+01  1.73780083e+05  9.35426330e+01 
 1.77827941e+05  1.18639717e+01  1.77827941e+05  9.35666124e+01 
 1.81970086e+05  1.16826133e+01  1.81970086e+05  9.35881814e+01 
 1.86208714e+05  1.15017892e+01  1.86208714e+05  9.36071652e+01 
 1.90546072e+05  1.13215019e+01  1.90546072e+05  9.36233841e+01 
 1.94984460e+05  1.11417528e+01  1.94984460e+05  9.36366540e+01 
 1.99526231e+05  1.09625421e+01  1.99526231e+05  9.36467865e+01 
 2.04173794e+05  1.07838692e+01  2.04173794e+05  9.36535892e+01 
 2.08929613e+05  1.06057320e+01  2.08929613e+05  9.36568663e+01 
 2.13796209e+05  1.04281275e+01  2.13796209e+05  9.36564190e+01 
 2.18776162e+05  1.02510513e+01  2.18776162e+05  9.36520458e+01 
 2.23872114e+05  1.00744976e+01  2.23872114e+05  9.36435429e+01 
 2.29086765e+05  9.89845951e+00  2.29086765e+05  9.36307052e+01 
 2.34422882e+05  9.72292858e+00  2.34422882e+05  9.36133263e+01 
 2.39883292e+05  9.54789505e+00  2.39883292e+05  9.35911995e+01 
 2.45470892e+05  9.37334776e+00  2.45470892e+05  9.35641182e+01 
 2.51188643e+05  9.19927413e+00  2.51188643e+05  9.35318767e+01 
 2.57039578e+05  9.02566018e+00  2.57039578e+05  9.34942707e+01 
 2.63026799e+05  8.85249053e+00  2.63026799e+05  9.34510978e+01 
 2.69153480e+05  8.67974840e+00  2.69153480e+05  9.34021587e+01 
 2.75422870e+05  8.50741568e+00  2.75422870e+05  9.33472575e+01 
 2.81838293e+05  8.33547294e+00  2.81838293e+05  9.32862022e+01 
 2.88403150e+05  8.16389945e+00  2.88403150e+05  9.32188059e+01 
 2.95120923e+05  7.99267329e+00  2.95120923e+05  9.31448868e+01 
 3.01995172e+05  7.82177138e+00  3.01995172e+05  9.30642696e+01 
 3.09029543e+05  7.65116956e+00  3.09029543e+05  9.29767852e+01 
 3.16227766e+05  7.48084265e+00  3.16227766e+05  9.28822720e+01 
 3.23593657e+05  7.31076459e+00  3.23593657e+05  9.27805759e+01 
 3.31131121e+05  7.14090850e+00  3.31131121e+05  9.26715511e+01 
 3.38844156e+05  6.97124679e+00  3.38844156e+05  9.25550604e+01 
 3.46736850e+05  6.80175130e+00  3.46736850e+05  9.24309756e+01 
 3.54813389e+05  6.63239338e+00  3.54813389e+05  9.22991776e+01 
 3.63078055e+05  6.46314402e+00  3.63078055e+05  9.21595569e+01 
 3.71535229e+05  6.29397400e+00  3.71535229e+05  9.20120136e+01 
 3.80189396e+05  6.12485400e+00  3.80189396e+05  9.18564576e+01 
 3.89045145e+05  5.95575473e+00  3.89045145e+05  9.16928085e+01 
 3.98107171e+05  5.78664707e+00  3.98107171e+05  9.15209956e+01 
 4.07380278e+05  5.61750219e+00  4.07380278e+05  9.13409579e+01 
 4.16869383e+05  5.44829168e+00  4.16869383e+05  9.11526436e+01 
 4.26579519e+05  5.27898768e+00  4.26579519e+05  9.09560101e+01 
 4.36515832e+05  5.10956301e+00  4.36515832e+05  9.07510235e+01 
 4.46683592e+05  4.93999127e+00  4.46683592e+05  9.05376585e+01 
 4.57088190e+05  4.77024697e+00  4.57088190e+05  9.03158976e+01 
 4.67735141e+05  4.60030562e+00  4.67735141e+05  9.00857305e+01 
 4.78630092e+05  4.43014384e+00  4.78630092e+05  8.98471539e+01 
 4.89778819e+05  4.25973943e+00  4.89778819e+05  8.96001709e+01 
 5.01187234e+05  4.08907150e+00  5.01187234e+05  8.93447898e+01 
 5.12861384e+05  3.91812050e+00  5.12861384e+05  8.90810241e+01 
 5.24807460e+05  3.74686829e+00  5.24807460e+05  8.88088911e+01 
 5.37031796e+05  3.57529822e+00  5.37031796e+05  8.85284118e+01 
 5.49540874e+05  3.40339515e+00  5.49540874e+05  8.82396098e+01 
 5.62341325e+05  3.23114551e+00  5.62341325e+05  8.79425105e+01 
 5.75439937e+05  3.05853732e+00  5.75439937e+05  8.76371405e+01 
 5.88843655e+05  2.88556021e+00  5.88843655e+05  8.73235268e+01 
 6.02559586e+05  2.71220542e+00  6.02559586e+05  8.70016959e+01 
 6.16595002e+05  2.53846584e+00  6.16595002e+05  8.66716733e+01 
 6.30957344e+05  2.36433595e+00  6.30957344e+05  8.63334825e+01 
 6.45654229e+05  2.18981186e+00  6.45654229e+05  8.59871445e+01 
 6.60693448e+05  2.01489127e+00  6.60693448e+05  8.56326769e+01 
 6.76082975e+05  1.83957343e+00  6.76082975e+05  8.52700936e+01 
 6.91830971e+05  1.66385915e+00  6.91830971e+05  8.48994040e+01 
 7.07945784e+05  1.48775072e+00  7.07945784e+05  8.45206120e+01 
 7.24435960e+05  1.31125191e+00  7.24435960e+05  8.41337161e+01 
 7.41310241e+05  1.13436791e+00  7.41310241e+05  8.37387086e+01 
 7.58577575e+05  9.57105263e-01  7.58577575e+05  8.33355751e+01 
 7.76247117e+05  7.79471865e-01  7.76247117e+05  8.29242938e+01 
 7.94328235e+05  6.01476874e-01  7.94328235e+05  8.25048357e+01 
 8.12830516e+05  4.23130672e-01  8.12830516e+05  8.20771635e+01 
 8.31763771e+05  2.44444816e-01  8.31763771e+05  8.16412317e+01 
 8.51138038e+05  6.54319793e-02  8.51138038e+05  8.11969865e+01 
 8.70963590e+05 -1.13894099e-01  8.70963590e+05  8.07443646e+01 
 8.91250938e+05 -2.93518670e-01  8.91250938e+05  8.02832941e+01 
 9.12010839e+05 -4.73426023e-01  9.12010839e+05  7.98136934e+01 
 9.33254301e+05 -6.53599544e-01  9.33254301e+05  7.93354712e+01 
 9.54992586e+05 -8.34021759e-01  9.54992586e+05  7.88485268e+01 
 9.77237221e+05 -1.01467439e+00  9.77237221e+05  7.83527493e+01 
 1.00000000e+06 -1.19553841e+00  1.00000000e+06  7.78480176e+01 
 1.02329299e+06 -1.37659407e+00  1.02329299e+06  7.73342007e+01 
 1.04712855e+06 -1.55782096e+00  1.04712855e+06  7.68111569e+01 
 1.07151931e+06 -1.73919806e+00  1.07151931e+06  7.62787344e+01 
 1.09647820e+06 -1.92070379e+00  1.09647820e+06  7.57367708e+01 
 1.12201845e+06 -2.10231603e+00  1.12201845e+06  7.51850927e+01 
 1.14815362e+06 -2.28401218e+00  1.14815362e+06  7.46235165e+01 
 1.17489755e+06 -2.46576921e+00  1.17489755e+06  7.40518475e+01 
 1.20226443e+06 -2.64756369e+00  1.20226443e+06  7.34698801e+01 
 1.23026877e+06 -2.82937187e+00  1.23026877e+06  7.28773978e+01 
 1.25892541e+06 -3.01116968e+00  1.25892541e+06  7.22741730e+01 
 1.28824955e+06 -3.19293284e+00  1.28824955e+06  7.16599669e+01 
 1.31825674e+06 -3.37463686e+00  1.31825674e+06  7.10345295e+01 
 1.34896288e+06 -3.55625714e+00  1.34896288e+06  7.03975993e+01 
 1.38038426e+06 -3.73776900e+00  1.38038426e+06  6.97489034e+01 
 1.41253754e+06 -3.91914780e+00  1.41253754e+06  6.90881570e+01 
 1.44543977e+06 -4.10036897e+00  1.44543977e+06  6.84150639e+01 
 1.47910839e+06 -4.28140814e+00  1.47910839e+06  6.77293158e+01 
 1.51356125e+06 -4.46224121e+00  1.51356125e+06  6.70305924e+01 
 1.54881662e+06 -4.64284448e+00  1.54881662e+06  6.63185612e+01 
 1.58489319e+06 -4.82319477e+00  1.58489319e+06  6.55928776e+01 
 1.62181010e+06 -5.00326958e+00  1.62181010e+06  6.48531846e+01 
 1.65958691e+06 -5.18304722e+00  1.65958691e+06  6.40991128e+01 
 1.69824365e+06 -5.36250702e+00  1.69824365e+06  6.33302802e+01 
 1.73780083e+06 -5.54162953e+00  1.73780083e+06  6.25462926e+01 
 1.77827941e+06 -5.72039676e+00  1.77827941e+06  6.17467437e+01 
 1.81970086e+06 -5.89879242e+00  1.81970086e+06  6.09312148e+01 
 1.86208714e+06 -6.07680222e+00  1.86208714e+06  6.00992758e+01 
 1.90546072e+06 -6.25441420e+00  1.90546072e+06  5.92504854e+01 
 1.94984460e+06 -6.43161906e+00  1.94984460e+06  5.83843920e+01 
 1.99526231e+06 -6.60841060e+00  1.99526231e+06  5.75005345e+01 
 2.04173794e+06 -6.78478608e+00  2.04173794e+06  5.65984436e+01 
 2.08929613e+06 -6.96074674e+00  2.08929613e+06  5.56776438e+01 
 2.13796209e+06 -7.13629825e+00  2.13796209e+06  5.47376553e+01 
 2.18776162e+06 -7.31145126e+00  2.18776162e+06  5.37779966e+01 
 2.23872114e+06 -7.48622191e+00  2.23872114e+06  5.27981882e+01 
 2.29086765e+06 -7.66063240e+00  2.29086765e+06  5.17977558e+01 
 2.34422882e+06 -7.83471154e+00  2.34422882e+06  5.07762361e+01 
 2.39883292e+06 -8.00849524e+00  2.39883292e+06  4.97331818e+01 
 2.45470892e+06 -8.18202704e+00  2.45470892e+06  4.86681687e+01 
 2.51188643e+06 -8.35535847e+00  2.51188643e+06  4.75808029e+01 
 2.57039578e+06 -8.52854936e+00  2.57039578e+06  4.64707307e+01 
 2.63026799e+06 -8.70166796e+00  2.63026799e+06  4.53376473e+01 
 2.69153480e+06 -8.87479093e+00  2.69153480e+06  4.41813089e+01 
 2.75422870e+06 -9.04800296e+00  2.75422870e+06  4.30015440e+01 
 2.81838293e+06 -9.22139618e+00  2.81838293e+06  4.17982663e+01 
 2.88403150e+06 -9.39506915e+00  2.88403150e+06  4.05714878e+01 
 2.95120923e+06 -9.56912548e+00  2.95120923e+06  3.93213315e+01 
 3.01995172e+06 -9.74367195e+00  3.01995172e+06  3.80480443e+01 
 3.09029543e+06 -9.91881612e+00  3.09029543e+06  3.67520072e+01 
 3.16227766e+06 -1.00946636e+01  3.16227766e+06  3.54337448e+01 
 3.23593657e+06 -1.02713146e+01  3.23593657e+06  3.40939306e+01 
 3.31131121e+06 -1.04488606e+01  3.31131121e+06  3.27333889e+01 
 3.38844156e+06 -1.06273799e+01  3.38844156e+06  3.13530912e+01 
 3.46736850e+06 -1.08069341e+01  3.46736850e+06  2.99541477e+01 
 3.54813389e+06 -1.09875638e+01  3.54813389e+06  2.85377919e+01 
 3.63078055e+06 -1.11692853e+01  3.63078055e+06  2.71053592e+01 
 3.71535229e+06 -1.13520873e+01  3.71535229e+06  2.56582596e+01 
 3.80189396e+06 -1.15359288e+01  3.80189396e+06  2.41979446e+01 
 3.89045145e+06 -1.17207380e+01  3.89045145e+06  2.27258707e+01 
 3.98107171e+06 -1.19064125e+01  3.98107171e+06  2.12434603e+01 
 4.07380278e+06 -1.20928205e+01  4.07380278e+06  1.97520623e+01 
 4.16869383e+06 -1.22798035e+01  4.16869383e+06  1.82529153e+01 
 4.26579519e+06 -1.24671803e+01  4.26579519e+06  1.67471141e+01 
 4.36515832e+06 -1.26547522e+01  4.36515832e+06  1.52355833e+01 
 4.46683592e+06 -1.28423082e+01  4.46683592e+06  1.37190580e+01 
 4.57088190e+06 -1.30296315e+01  4.57088190e+06  1.21980731e+01 
 4.67735141e+06 -1.32165053e+01  4.67735141e+06  1.06729618e+01 
 4.78630092e+06 -1.34027193e+01  4.78630092e+06  9.14386242e+00 
 4.89778819e+06 -1.35880746e+01  4.89778819e+06  7.61073246e+00 
 5.01187234e+06 -1.37723882e+01  5.01187234e+06  6.07336921e+00 
 5.12861384e+06 -1.39554973e+01  5.12861384e+06  4.53143457e+00 
 5.24807460e+06 -1.41372611e+01  5.24807460e+06  2.98448267e+00 
 5.37031796e+06 -1.43175630e+01  5.37031796e+06  1.43198852e+00 
 5.49540874e+06 -1.44963112e+01  5.49540874e+06 -1.26623879e-01 
 5.62341325e+06 -1.46734383e+01  5.62341325e+06 -1.69195505e+00 
 5.75439937e+06 -1.48489007e+01  5.75439937e+06 -3.26460626e+00 
 5.88843655e+06 -1.50226767e+01  5.88843655e+06 -4.84515899e+00 
 6.02559586e+06 -1.51947654e+01  6.02559586e+06 -6.43415790e+00 
 6.16595002e+06 -1.53651838e+01  6.16595002e+06 -8.03209744e+00 
 6.30957344e+06 -1.55339651e+01  6.30957344e+06 -9.63941196e+00 
 6.45654229e+06 -1.57011564e+01  6.45654229e+06 -1.12564690e+01 
 6.60693448e+06 -1.58668163e+01  6.60693448e+06 -1.28835654e+01 
 6.76082975e+06 -1.60310126e+01  6.76082975e+06 -1.45209258e+01 
 6.91830971e+06 -1.61938208e+01  6.91830971e+06 -1.61687036e+01 
 7.07945784e+06 -1.63553223e+01  7.07945784e+06 -1.78269825e+01 
 7.24435960e+06 -1.65156022e+01  7.24435960e+06 -1.94957804e+01 
 7.41310241e+06 -1.66747488e+01  7.41310241e+06 -2.11750536e+01 
 7.58577575e+06 -1.68328515e+01  7.58577575e+06 -2.28647015e+01 
 7.76247117e+06 -1.69900006e+01  7.76247117e+06 -2.45645720e+01 
 7.94328235e+06 -1.71462857e+01  7.94328235e+06 -2.62744671e+01 
 8.12830516e+06 -1.73017956e+01  8.12830516e+06 -2.79941480e+01 
 8.31763771e+06 -1.74566173e+01  8.31763771e+06 -2.97233407e+01 
 8.51138038e+06 -1.76108359e+01  8.51138038e+06 -3.14617410e+01 
 8.70963590e+06 -1.77645338e+01  8.70963590e+06 -3.32090193e+01 
 8.91250938e+06 -1.79177909e+01  8.91250938e+06 -3.49648253e+01 
 9.12010839e+06 -1.80706841e+01  9.12010839e+06 -3.67287919e+01 
 9.33254301e+06 -1.82232875e+01  9.33254301e+06 -3.85005390e+01 
 9.54992586e+06 -1.83756720e+01  9.54992586e+06 -4.02796771e+01 
 9.77237221e+06 -1.85279055e+01  9.77237221e+06 -4.20658096e+01 
 1.00000000e+07 -1.86800531e+01  1.00000000e+07 -4.38585363e+01 
 1.02329299e+07 -1.88321770e+01  1.02329299e+07 -4.56574545e+01 
 1.04712855e+07 -1.89843364e+01  1.04712855e+07 -4.74621611e+01 
 1.07151931e+07 -1.91365883e+01  1.07151931e+07 -4.92722542e+01 
 1.09647820e+07 -1.92889870e+01  1.09647820e+07 -5.10873335e+01 
 1.12201845e+07 -1.94415846e+01  1.12201845e+07 -5.29070010e+01 
 1.14815362e+07 -1.95944312e+01  1.14815362e+07 -5.47308612e+01 
 1.17489755e+07 -1.97475750e+01  1.17489755e+07 -5.65585208e+01 
 1.20226443e+07 -1.99010625e+01  1.20226443e+07 -5.83895882e+01 
 1.23026877e+07 -2.00549390e+01  1.23026877e+07 -6.02236728e+01 
 1.25892541e+07 -2.02092480e+01  1.25892541e+07 -6.20603836e+01 
 1.28824955e+07 -2.03640325e+01  1.28824955e+07 -6.38993279e+01 
 1.31825674e+07 -2.05193342e+01  1.31825674e+07 -6.57401098e+01 
 1.34896288e+07 -2.06751941e+01  1.34896288e+07 -6.75823281e+01 
 1.38038426e+07 -2.08316528e+01  1.38038426e+07 -6.94255744e+01 
 1.41253754e+07 -2.09887499e+01  1.41253754e+07 -7.12694308e+01 
 1.44543977e+07 -2.11465251e+01  1.44543977e+07 -7.31134677e+01 
 1.47910839e+07 -2.13050174e+01  1.47910839e+07 -7.49572412e+01 
 1.51356125e+07 -2.14642657e+01  1.51356125e+07 -7.68002907e+01 
 1.54881662e+07 -2.16243084e+01  1.54881662e+07 -7.86421364e+01 
 1.58489319e+07 -2.17851836e+01  1.58489319e+07 -8.04822764e+01 
 1.62181010e+07 -2.19469293e+01  1.62181010e+07 -8.23201848e+01 
 1.65958691e+07 -2.21095828e+01  1.65958691e+07 -8.41553087e+01 
 1.69824365e+07 -2.22731811e+01  1.69824365e+07 -8.59870662e+01 
 1.73780083e+07 -2.24377605e+01  1.73780083e+07 -8.78148439e+01 
 1.77827941e+07 -2.26033564e+01  1.77827941e+07 -8.96379947e+01 
 1.81970086e+07 -2.27700034e+01  1.81970086e+07 -9.14558361e+01 
 1.86208714e+07 -2.29377351e+01  1.86208714e+07 -9.32676483e+01 
 1.90546072e+07 -2.31065834e+01  1.90546072e+07 -9.50726727e+01 
 1.94984460e+07 -2.32765789e+01  1.94984460e+07 -9.68701102e+01 
 1.99526231e+07 -2.34477503e+01  1.99526231e+07 -9.86591208e+01 
 2.04173794e+07 -2.36201241e+01  2.04173794e+07 -1.00438822e+02 
 2.08929613e+07 -2.37937246e+01  2.08929613e+07 -1.02208289e+02 
 2.13796209e+07 -2.39685731e+01  2.13796209e+07 -1.03966554e+02 
 2.18776162e+07 -2.41446882e+01  2.18776162e+07 -1.05712605e+02 
 2.23872114e+07 -2.43220850e+01  2.23872114e+07 -1.07445389e+02 
 2.29086765e+07 -2.45007748e+01  2.29086765e+07 -1.09163811e+02 
 2.34422882e+07 -2.46807652e+01  2.34422882e+07 -1.10866734e+02 
 2.39883292e+07 -2.48620593e+01  2.39883292e+07 -1.12552982e+02 
 2.45470892e+07 -2.50446554e+01  2.45470892e+07 -1.14221339e+02 
 2.51188643e+07 -2.52285469e+01  2.51188643e+07 -1.15870557e+02 
 2.57039578e+07 -2.54137219e+01  2.57039578e+07 -1.17499348e+02 
 2.63026799e+07 -2.56001626e+01  2.63026799e+07 -1.19106398e+02 
 2.69153480e+07 -2.57878454e+01  2.69153480e+07 -1.20690361e+02 
 2.75422870e+07 -2.59767402e+01  2.75422870e+07 -1.22249867e+02 
 2.81838293e+07 -2.61668103e+01  2.81838293e+07 -1.23783523e+02 
 2.88403150e+07 -2.63580121e+01  2.88403150e+07 -1.25289916e+02 
 2.95120923e+07 -2.65502949e+01  2.95120923e+07 -1.26767622e+02 
 3.01995172e+07 -2.67436007e+01  3.01995172e+07 -1.28215202e+02 
 3.09029543e+07 -2.69378635e+01  3.09029543e+07 -1.29631213e+02 
 3.16227766e+07 -2.71330100e+01  3.16227766e+07 -1.31014210e+02 
 3.23593657e+07 -2.73289585e+01  3.23593657e+07 -1.32362747e+02 
 3.31131121e+07 -2.75256197e+01  3.31131121e+07 -1.33675390e+02 
 3.38844156e+07 -2.77228958e+01  3.38844156e+07 -1.34950711e+02 
 3.46736850e+07 -2.79206810e+01  3.46736850e+07 -1.36187302e+02 
 3.54813389e+07 -2.81188613e+01  3.54813389e+07 -1.37383773e+02 
 3.63078055e+07 -2.83173143e+01  3.63078055e+07 -1.38538760e+02 
 3.71535229e+07 -2.85159097e+01  3.71535229e+07 -1.39650927e+02 
 3.80189396e+07 -2.87145090e+01  3.80189396e+07 -1.40718972e+02 
 3.89045145e+07 -2.89129657e+01  3.89045145e+07 -1.41741628e+02 
 3.98107171e+07 -2.91111255e+01  3.98107171e+07 -1.42717670e+02 
 4.07380278e+07 -2.93088263e+01  4.07380278e+07 -1.43645915e+02 
 4.16869383e+07 -2.95058983e+01  4.16869383e+07 -1.44525227e+02 
 4.26579519e+07 -2.97021642e+01  4.26579519e+07 -1.45354519e+02 
 4.36515832e+07 -2.98974389e+01  4.36515832e+07 -1.46132754e+02 
 4.46683592e+07 -3.00915303e+01  4.46683592e+07 -1.46858949e+02 
 4.57088190e+07 -3.02842383e+01  4.57088190e+07 -1.47532172e+02 
 4.67735141e+07 -3.04753554e+01  4.67735141e+07 -1.48151553e+02 
 4.78630092e+07 -3.06646663e+01  4.78630092e+07 -1.48716273e+02 
 4.89778819e+07 -3.08519477e+01  4.89778819e+07 -1.49225576e+02 
 5.01187234e+07 -3.10369676e+01  5.01187234e+07 -1.49678766e+02 
 5.12861384e+07 -3.12194853e+01  5.12861384e+07 -1.50075208e+02 
 5.24807460e+07 -3.13992506e+01  5.24807460e+07 -1.50414335e+02 
 5.37031796e+07 -3.15760033e+01  5.37031796e+07 -1.50695647e+02 
 5.49540874e+07 -3.17494722e+01  5.49540874e+07 -1.50918720e+02 
 5.62341325e+07 -3.19193746e+01  5.62341325e+07 -1.51083210e+02 
 5.75439937e+07 -3.20854153e+01  5.75439937e+07 -1.51188861e+02 
 5.88843655e+07 -3.22472864e+01  5.88843655e+07 -1.51235515e+02 
 6.02559586e+07 -3.24046657e+01  6.02559586e+07 -1.51223125e+02 
 6.16595002e+07 -3.25572171e+01  6.16595002e+07 -1.51151766e+02 
 6.30957344e+07 -3.27045901e+01  6.30957344e+07 -1.51021653e+02 
 6.45654229e+07 -3.28464198e+01  6.45654229e+07 -1.50833162e+02 
 6.60693448e+07 -3.29823275e+01  6.60693448e+07 -1.50586845e+02 
 6.76082975e+07 -3.31119220e+01  6.76082975e+07 -1.50283456e+02 
 6.91830971e+07 -3.32348011e+01  6.91830971e+07 -1.49923971e+02 
 7.07945784e+07 -3.33505542e+01  7.07945784e+07 -1.49509616e+02 
 7.24435960e+07 -3.34587656e+01  7.24435960e+07 -1.49041885e+02 
 7.41310241e+07 -3.35590185e+01  7.41310241e+07 -1.48522561e+02 
 7.58577575e+07 -3.36509003e+01  7.58577575e+07 -1.47953740e+02 
 7.76247117e+07 -3.37340079e+01  7.76247117e+07 -1.47337838e+02 
 7.94328235e+07 -3.38079548e+01  7.94328235e+07 -1.46677603e+02 
 8.12830516e+07 -3.38723778e+01  8.12830516e+07 -1.45976118e+02 
 8.31763771e+07 -3.39269450e+01  8.31763771e+07 -1.45236788e+02 
 8.51138038e+07 -3.39713632e+01  8.51138038e+07 -1.44463330e+02 
 8.70963590e+07 -3.40053859e+01  8.70963590e+07 -1.43659744e+02 
 8.91250938e+07 -3.40288200e+01  8.91250938e+07 -1.42830279e+02 
 9.12010839e+07 -3.40415329e+01  9.12010839e+07 -1.41979387e+02 
 9.33254301e+07 -3.40434568e+01  9.33254301e+07 -1.41111668e+02 
 9.54992586e+07 -3.40345939e+01  9.54992586e+07 -1.40231814e+02 
 9.77237221e+07 -3.40150173e+01  9.77237221e+07 -1.39344538e+02 
 1.00000000e+08 -3.39848728e+01  1.00000000e+08 -1.38454511e+02 
