 1.00000000e+00  7.54693387e+01  1.00000000e+00  1.79434209e+02 
 1.02329299e+00  7.54691579e+01  1.02329299e+00  1.79423340e+02 
 1.04712855e+00  7.54689812e+01  1.04712855e+00  1.79412204e+02 
 1.07151931e+00  7.54688087e+01  1.07151931e+00  1.79400795e+02 
 1.09647820e+00  7.54686403e+01  1.09647820e+00  1.79389103e+02 
 1.12201845e+00  7.54684758e+01  1.12201845e+00  1.79377122e+02 
 1.14815362e+00  7.54683151e+01  1.14815362e+00  1.79364844e+02 
 1.17489755e+00  7.54681583e+01  1.17489755e+00  1.79352260e+02 
 1.20226443e+00  7.54680051e+01  1.20226443e+00  1.79339362e+02 
 1.23026877e+00  7.54678555e+01  1.23026877e+00  1.79326143e+02 
 1.25892541e+00  7.54677093e+01  1.25892541e+00  1.79312593e+02 
 1.28824955e+00  7.54675665e+01  1.28824955e+00  1.79298704e+02 
 1.31825674e+00  7.54674269e+01  1.31825674e+00  1.79284468e+02 
 1.34896288e+00  7.54672904e+01  1.34896288e+00  1.79269876e+02 
 1.38038426e+00  7.54671567e+01  1.38038426e+00  1.79254918e+02 
 1.41253754e+00  7.54670259e+01  1.41253754e+00  1.79239586e+02 
 1.44543977e+00  7.54668977e+01  1.44543977e+00  1.79223871e+02 
 1.47910839e+00  7.54667721e+01  1.47910839e+00  1.79207762e+02 
 1.51356125e+00  7.54666487e+01  1.51356125e+00  1.79191252e+02 
 1.54881662e+00  7.54665276e+01  1.54881662e+00  1.79174329e+02 
 1.58489319e+00  7.54664085e+01  1.58489319e+00  1.79156984e+02 
 1.62181010e+00  7.54662913e+01  1.62181010e+00  1.79139207e+02 
 1.65958691e+00  7.54661758e+01  1.65958691e+00  1.79120987e+02 
 1.69824365e+00  7.54660619e+01  1.69824365e+00  1.79102315e+02 
 1.73780083e+00  7.54659493e+01  1.73780083e+00  1.79083179e+02 
 1.77827941e+00  7.54658379e+01  1.77827941e+00  1.79063568e+02 
 1.81970086e+00  7.54657275e+01  1.81970086e+00  1.79043473e+02 
 1.86208714e+00  7.54656180e+01  1.86208714e+00  1.79022880e+02 
 1.90546072e+00  7.54655092e+01  1.90546072e+00  1.79001779e+02 
 1.94984460e+00  7.54654009e+01  1.94984460e+00  1.78980158e+02 
 1.99526231e+00  7.54652929e+01  1.99526231e+00  1.78958004e+02 
 2.04173794e+00  7.54651850e+01  2.04173794e+00  1.78935307e+02 
 2.08929613e+00  7.54650770e+01  2.08929613e+00  1.78912052e+02 
 2.13796209e+00  7.54649687e+01  2.13796209e+00  1.78888227e+02 
 2.18776162e+00  7.54648600e+01  2.18776162e+00  1.78863820e+02 
 2.23872114e+00  7.54647506e+01  2.23872114e+00  1.78838816e+02 
 2.29086765e+00  7.54646404e+01  2.29086765e+00  1.78813202e+02 
 2.34422882e+00  7.54645290e+01  2.34422882e+00  1.78786965e+02 
 2.39883292e+00  7.54644164e+01  2.39883292e+00  1.78760089e+02 
 2.45470892e+00  7.54643022e+01  2.45470892e+00  1.78732560e+02 
 2.51188643e+00  7.54641863e+01  2.51188643e+00  1.78704364e+02 
 2.57039578e+00  7.54640685e+01  2.57039578e+00  1.78675485e+02 
 2.63026799e+00  7.54639484e+01  2.63026799e+00  1.78645907e+02 
 2.69153480e+00  7.54638259e+01  2.69153480e+00  1.78615614e+02 
 2.75422870e+00  7.54637006e+01  2.75422870e+00  1.78584590e+02 
 2.81838293e+00  7.54635725e+01  2.81838293e+00  1.78552819e+02 
 2.88403150e+00  7.54634411e+01  2.88403150e+00  1.78520283e+02 
 2.95120923e+00  7.54633062e+01  2.95120923e+00  1.78486965e+02 
 3.01995172e+00  7.54631675e+01  3.01995172e+00  1.78452846e+02 
 3.09029543e+00  7.54630248e+01  3.09029543e+00  1.78417910e+02 
 3.16227766e+00  7.54628777e+01  3.16227766e+00  1.78382135e+02 
 3.23593657e+00  7.54627260e+01  3.23593657e+00  1.78345505e+02 
 3.31131121e+00  7.54625692e+01  3.31131121e+00  1.78307998e+02 
 3.38844156e+00  7.54624072e+01  3.38844156e+00  1.78269595e+02 
 3.46736850e+00  7.54622394e+01  3.46736850e+00  1.78230276e+02 
 3.54813389e+00  7.54620657e+01  3.54813389e+00  1.78190019e+02 
 3.63078055e+00  7.54618855e+01  3.63078055e+00  1.78148803e+02 
 3.71535229e+00  7.54616985e+01  3.71535229e+00  1.78106605e+02 
 3.80189396e+00  7.54615044e+01  3.80189396e+00  1.78063403e+02 
 3.89045145e+00  7.54613027e+01  3.89045145e+00  1.78019175e+02 
 3.98107171e+00  7.54610929e+01  3.98107171e+00  1.77973896e+02 
 4.07380278e+00  7.54608746e+01  4.07380278e+00  1.77927542e+02 
 4.16869383e+00  7.54606473e+01  4.16869383e+00  1.77880089e+02 
 4.26579519e+00  7.54604105e+01  4.26579519e+00  1.77831511e+02 
 4.36515832e+00  7.54601638e+01  4.36515832e+00  1.77781782e+02 
 4.46683592e+00  7.54599065e+01  4.46683592e+00  1.77730876e+02 
 4.57088190e+00  7.54596382e+01  4.57088190e+00  1.77678765e+02 
 4.67735141e+00  7.54593581e+01  4.67735141e+00  1.77625422e+02 
 4.78630092e+00  7.54590658e+01  4.78630092e+00  1.77570818e+02 
 4.89778819e+00  7.54587604e+01  4.89778819e+00  1.77514924e+02 
 5.01187234e+00  7.54584415e+01  5.01187234e+00  1.77457710e+02 
 5.12861384e+00  7.54581082e+01  5.12861384e+00  1.77399146e+02 
 5.24807460e+00  7.54577599e+01  5.24807460e+00  1.77339201e+02 
 5.37031796e+00  7.54573957e+01  5.37031796e+00  1.77277842e+02 
 5.49540874e+00  7.54570148e+01  5.49540874e+00  1.77215037e+02 
 5.62341325e+00  7.54566165e+01  5.62341325e+00  1.77150751e+02 
 5.75439937e+00  7.54561997e+01  5.75439937e+00  1.77084952e+02 
 5.88843655e+00  7.54557635e+01  5.88843655e+00  1.77017604e+02 
 6.02559586e+00  7.54553071e+01  6.02559586e+00  1.76948670e+02 
 6.16595002e+00  7.54548292e+01  6.16595002e+00  1.76878115e+02 
 6.30957344e+00  7.54543290e+01  6.30957344e+00  1.76805900e+02 
 6.45654229e+00  7.54538051e+01  6.45654229e+00  1.76731987e+02 
 6.60693448e+00  7.54532565e+01  6.60693448e+00  1.76656337e+02 
 6.76082975e+00  7.54526818e+01  6.76082975e+00  1.76578909e+02 
 6.91830971e+00  7.54520798e+01  6.91830971e+00  1.76499662e+02 
 7.07945784e+00  7.54514491e+01  7.07945784e+00  1.76418554e+02 
 7.24435960e+00  7.54507882e+01  7.24435960e+00  1.76335541e+02 
 7.41310241e+00  7.54500956e+01  7.41310241e+00  1.76250580e+02 
 7.58577575e+00  7.54493698e+01  7.58577575e+00  1.76163625e+02 
 7.76247117e+00  7.54486089e+01  7.76247117e+00  1.76074630e+02 
 7.94328235e+00  7.54478113e+01  7.94328235e+00  1.75983548e+02 
 8.12830516e+00  7.54469752e+01  8.12830516e+00  1.75890330e+02 
 8.31763771e+00  7.54460985e+01  8.31763771e+00  1.75794927e+02 
 8.51138038e+00  7.54451791e+01  8.51138038e+00  1.75697288e+02 
 8.70963590e+00  7.54442151e+01  8.70963590e+00  1.75597362e+02 
 8.91250938e+00  7.54432040e+01  8.91250938e+00  1.75495095e+02 
 9.12010839e+00  7.54421435e+01  9.12010839e+00  1.75390434e+02 
 9.33254301e+00  7.54410311e+01  9.33254301e+00  1.75283323e+02 
 9.54992586e+00  7.54398642e+01  9.54992586e+00  1.75173707e+02 
 9.77237221e+00  7.54386400e+01  9.77237221e+00  1.75061526e+02 
 1.00000000e+01  7.54373556e+01  1.00000000e+01  1.74946723e+02 
 1.02329299e+01  7.54360079e+01  1.02329299e+01  1.74829237e+02 
 1.04712855e+01  7.54345937e+01  1.04712855e+01  1.74709006e+02 
 1.07151931e+01  7.54331096e+01  1.07151931e+01  1.74585969e+02 
 1.09647820e+01  7.54315522e+01  1.09647820e+01  1.74460060e+02 
 1.12201845e+01  7.54299176e+01  1.12201845e+01  1.74331215e+02 
 1.14815362e+01  7.54282019e+01  1.14815362e+01  1.74199366e+02 
 1.17489755e+01  7.54264010e+01  1.17489755e+01  1.74064446e+02 
 1.20226443e+01  7.54245105e+01  1.20226443e+01  1.73926385e+02 
 1.23026877e+01  7.54225260e+01  1.23026877e+01  1.73785112e+02 
 1.25892541e+01  7.54204426e+01  1.25892541e+01  1.73640556e+02 
 1.28824955e+01  7.54182554e+01  1.28824955e+01  1.73492643e+02 
 1.31825674e+01  7.54159589e+01  1.31825674e+01  1.73341299e+02 
 1.34896288e+01  7.54135478e+01  1.34896288e+01  1.73186446e+02 
 1.38038426e+01  7.54110162e+01  1.38038426e+01  1.73028007e+02 
 1.41253754e+01  7.54083581e+01  1.41253754e+01  1.72865905e+02 
 1.44543977e+01  7.54055669e+01  1.44543977e+01  1.72700058e+02 
 1.47910839e+01  7.54026361e+01  1.47910839e+01  1.72530385e+02 
 1.51356125e+01  7.53995586e+01  1.51356125e+01  1.72356804e+02 
 1.54881662e+01  7.53963270e+01  1.54881662e+01  1.72179230e+02 
 1.58489319e+01  7.53929337e+01  1.58489319e+01  1.71997578e+02 
 1.62181010e+01  7.53893706e+01  1.62181010e+01  1.71811763e+02 
 1.65958691e+01  7.53856291e+01  1.65958691e+01  1.71621696e+02 
 1.69824365e+01  7.53817005e+01  1.69824365e+01  1.71427288e+02 
 1.73780083e+01  7.53775756e+01  1.73780083e+01  1.71228451e+02 
 1.77827941e+01  7.53732446e+01  1.77827941e+01  1.71025093e+02 
 1.81970086e+01  7.53686975e+01  1.81970086e+01  1.70817122e+02 
 1.86208714e+01  7.53639237e+01  1.86208714e+01  1.70604447e+02 
 1.90546072e+01  7.53589121e+01  1.90546072e+01  1.70386972e+02 
 1.94984460e+01  7.53536513e+01  1.94984460e+01  1.70164605e+02 
 1.99526231e+01  7.53481293e+01  1.99526231e+01  1.69937249e+02 
 2.04173794e+01  7.53423336e+01  2.04173794e+01  1.69704810e+02 
 2.08929613e+01  7.53362511e+01  2.08929613e+01  1.69467191e+02 
 2.13796209e+01  7.53298683e+01  2.13796209e+01  1.69224296e+02 
 2.18776162e+01  7.53231711e+01  2.18776162e+01  1.68976028e+02 
 2.23872114e+01  7.53161447e+01  2.23872114e+01  1.68722289e+02 
 2.29086765e+01  7.53087738e+01  2.29086765e+01  1.68462983e+02 
 2.34422882e+01  7.53010426e+01  2.34422882e+01  1.68198012e+02 
 2.39883292e+01  7.52929346e+01  2.39883292e+01  1.67927278e+02 
 2.45470892e+01  7.52844327e+01  2.45470892e+01  1.67650685e+02 
 2.51188643e+01  7.52755190e+01  2.51188643e+01  1.67368137e+02 
 2.57039578e+01  7.52661751e+01  2.57039578e+01  1.67079538e+02 
 2.63026799e+01  7.52563819e+01  2.63026799e+01  1.66784791e+02 
 2.69153480e+01  7.52461197e+01  2.69153480e+01  1.66483803e+02 
 2.75422870e+01  7.52353680e+01  2.75422870e+01  1.66176481e+02 
 2.81838293e+01  7.52241055e+01  2.81838293e+01  1.65862732e+02 
 2.88403150e+01  7.52123104e+01  2.88403150e+01  1.65542465e+02 
 2.95120923e+01  7.51999599e+01  2.95120923e+01  1.65215592e+02 
 3.01995172e+01  7.51870308e+01  3.01995172e+01  1.64882025e+02 
 3.09029543e+01  7.51734989e+01  3.09029543e+01  1.64541679e+02 
 3.16227766e+01  7.51593392e+01  3.16227766e+01  1.64194471e+02 
 3.23593657e+01  7.51445261e+01  3.23593657e+01  1.63840321e+02 
 3.31131121e+01  7.51290333e+01  3.31131121e+01  1.63479150e+02 
 3.38844156e+01  7.51128333e+01  3.38844156e+01  1.63110885e+02 
 3.46736850e+01  7.50958984e+01  3.46736850e+01  1.62735453e+02 
 3.54813389e+01  7.50781996e+01  3.54813389e+01  1.62352787e+02 
 3.63078055e+01  7.50597074e+01  3.63078055e+01  1.61962824e+02 
 3.71535229e+01  7.50403916e+01  3.71535229e+01  1.61565503e+02 
 3.80189396e+01  7.50202208e+01  3.80189396e+01  1.61160769e+02 
 3.89045145e+01  7.49991634e+01  3.89045145e+01  1.60748572e+02 
 3.98107171e+01  7.49771866e+01  3.98107171e+01  1.60328867e+02 
 4.07380278e+01  7.49542570e+01  4.07380278e+01  1.59901614e+02 
 4.16869383e+01  7.49303405e+01  4.16869383e+01  1.59466778e+02 
 4.26579519e+01  7.49054023e+01  4.26579519e+01  1.59024334e+02 
 4.36515832e+01  7.48794067e+01  4.36515832e+01  1.58574258e+02 
 4.46683592e+01  7.48523177e+01  4.46683592e+01  1.58116538e+02 
 4.57088190e+01  7.48240984e+01  4.57088190e+01  1.57651166e+02 
 4.67735141e+01  7.47947112e+01  4.67735141e+01  1.57178144e+02 
 4.78630092e+01  7.47641183e+01  4.78630092e+01  1.56697480e+02 
 4.89778819e+01  7.47322810e+01  4.89778819e+01  1.56209192e+02 
 5.01187234e+01  7.46991602e+01  5.01187234e+01  1.55713306e+02 
 5.12861384e+01  7.46647167e+01  5.12861384e+01  1.55209858e+02 
 5.24807460e+01  7.46289104e+01  5.24807460e+01  1.54698892e+02 
 5.37031796e+01  7.45917012e+01  5.37031796e+01  1.54180464e+02 
 5.49540874e+01  7.45530488e+01  5.49540874e+01  1.53654639e+02 
 5.62341325e+01  7.45129126e+01  5.62341325e+01  1.53121493e+02 
 5.75439937e+01  7.44712518e+01  5.75439937e+01  1.52581111e+02 
 5.88843655e+01  7.44280258e+01  5.88843655e+01  1.52033592e+02 
 6.02559586e+01  7.43831938e+01  6.02559586e+01  1.51479045e+02 
 6.16595002e+01  7.43367155e+01  6.16595002e+01  1.50917591e+02 
 6.30957344e+01  7.42885505e+01  6.30957344e+01  1.50349362e+02 
 6.45654229e+01  7.42386588e+01  6.45654229e+01  1.49774502e+02 
 6.60693448e+01  7.41870011e+01  6.60693448e+01  1.49193167e+02 
 6.76082975e+01  7.41335384e+01  6.76082975e+01  1.48605527e+02 
 6.91830971e+01  7.40782323e+01  6.91830971e+01  1.48011762e+02 
 7.07945784e+01  7.40210454e+01  7.07945784e+01  1.47412065e+02 
 7.24435960e+01  7.39619409e+01  7.24435960e+01  1.46806640e+02 
 7.41310241e+01  7.39008833e+01  7.41310241e+01  1.46195704e+02 
 7.58577575e+01  7.38378379e+01  7.58577575e+01  1.45579486e+02 
 7.76247117e+01  7.37727714e+01  7.76247117e+01  1.44958225e+02 
 7.94328235e+01  7.37056517e+01  7.94328235e+01  1.44332174e+02 
 8.12830516e+01  7.36364483e+01  8.12830516e+01  1.43701593e+02 
 8.31763771e+01  7.35651320e+01  8.31763771e+01  1.43066756e+02 
 8.51138038e+01  7.34916755e+01  8.51138038e+01  1.42427945e+02 
 8.70963590e+01  7.34160531e+01  8.70963590e+01  1.41785453e+02 
 8.91250938e+01  7.33382409e+01  8.91250938e+01  1.41139580e+02 
 9.12010839e+01  7.32582172e+01  9.12010839e+01  1.40490636e+02 
 9.33254301e+01  7.31759621e+01  9.33254301e+01  1.39838938e+02 
 9.54992586e+01  7.30914579e+01  9.54992586e+01  1.39184810e+02 
 9.77237221e+01  7.30046890e+01  9.77237221e+01  1.38528583e+02 
 1.00000000e+02  7.29156421e+01  1.00000000e+02  1.37870592e+02 
 1.02329299e+02  7.28243062e+01  1.02329299e+02  1.37211176e+02 
 1.04712855e+02  7.27306726e+01  1.04712855e+02  1.36550682e+02 
 1.07151931e+02  7.26347352e+01  1.07151931e+02  1.35889454e+02 
 1.09647820e+02  7.25364899e+01  1.09647820e+02  1.35227843e+02 
 1.12201845e+02  7.24359355e+01  1.12201845e+02  1.34566197e+02 
 1.14815362e+02  7.23330729e+01  1.14815362e+02  1.33904867e+02 
 1.17489755e+02  7.22279054e+01  1.17489755e+02  1.33244202e+02 
 1.20226443e+02  7.21204391e+01  1.20226443e+02  1.32584548e+02 
 1.23026877e+02  7.20106820e+01  1.23026877e+02  1.31926252e+02 
 1.25892541e+02  7.18986449e+01  1.25892541e+02  1.31269654e+02 
 1.28824955e+02  7.17843406e+01  1.28824955e+02  1.30615091e+02 
 1.31825674e+02  7.16677844e+01  1.31825674e+02  1.29962895e+02 
 1.34896288e+02  7.15489935e+01  1.34896288e+02  1.29313390e+02 
 1.38038426e+02  7.14279876e+01  1.38038426e+02  1.28666897e+02 
 1.41253754e+02  7.13047882e+01  1.41253754e+02  1.28023725e+02 
 1.44543977e+02  7.11794188e+01  1.44543977e+02  1.27384178e+02 
 1.47910839e+02  7.10519049e+01  1.47910839e+02  1.26748551e+02 
 1.51356125e+02  7.09222736e+01  1.51356125e+02  1.26117127e+02 
 1.54881662e+02  7.07905540e+01  1.54881662e+02  1.25490181e+02 
 1.58489319e+02  7.06567764e+01  1.58489319e+02  1.24867978e+02 
 1.62181010e+02  7.05209727e+01  1.62181010e+02  1.24250771e+02 
 1.65958691e+02  7.03831763e+01  1.65958691e+02  1.23638801e+02 
 1.69824365e+02  7.02434217e+01  1.69824365e+02  1.23032300e+02 
 1.73780083e+02  7.01017445e+01  1.73780083e+02  1.22431486e+02 
 1.77827941e+02  6.99581815e+01  1.77827941e+02  1.21836566e+02 
 1.81970086e+02  6.98127701e+01  1.81970086e+02  1.21247733e+02 
 1.86208714e+02  6.96655488e+01  1.86208714e+02  1.20665172e+02 
 1.90546072e+02  6.95165567e+01  1.90546072e+02  1.20089051e+02 
 1.94984460e+02  6.93658332e+01  1.94984460e+02  1.19519528e+02 
 1.99526231e+02  6.92134185e+01  1.99526231e+02  1.18956749e+02 
 2.04173794e+02  6.90593529e+01  2.04173794e+02  1.18400847e+02 
 2.08929613e+02  6.89036772e+01  2.08929613e+02  1.17851944e+02 
 2.13796209e+02  6.87464322e+01  2.13796209e+02  1.17310149e+02 
 2.18776162e+02  6.85876587e+01  2.18776162e+02  1.16775561e+02 
 2.23872114e+02  6.84273977e+01  2.23872114e+02  1.16248266e+02 
 2.29086765e+02  6.82656899e+01  2.29086765e+02  1.15728340e+02 
 2.34422882e+02  6.81025759e+01  2.34422882e+02  1.15215848e+02 
 2.39883292e+02  6.79380960e+01  2.39883292e+02  1.14710844e+02 
 2.45470892e+02  6.77722903e+01  2.45470892e+02  1.14213373e+02 
 2.51188643e+02  6.76051983e+01  2.51188643e+02  1.13723470e+02 
 2.57039578e+02  6.74368592e+01  2.57039578e+02  1.13241160e+02 
 2.63026799e+02  6.72673117e+01  2.63026799e+02  1.12766458e+02 
 2.69153480e+02  6.70965939e+01  2.69153480e+02  1.12299374e+02 
 2.75422870e+02  6.69247434e+01  2.75422870e+02  1.11839905e+02 
 2.81838293e+02  6.67517969e+01  2.81838293e+02  1.11388044e+02 
 2.88403150e+02  6.65777909e+01  2.88403150e+02  1.10943775e+02 
 2.95120923e+02  6.64027607e+01  2.95120923e+02  1.10507075e+02 
 3.01995172e+02  6.62267412e+01  3.01995172e+02  1.10077914e+02 
 3.09029543e+02  6.60497664e+01  3.09029543e+02  1.09656257e+02 
 3.16227766e+02  6.58718697e+01  3.16227766e+02  1.09242062e+02 
 3.23593657e+02  6.56930834e+01  3.23593657e+02  1.08835280e+02 
 3.31131121e+02  6.55134394e+01  3.31131121e+02  1.08435861e+02 
 3.38844156e+02  6.53329686e+01  3.38844156e+02  1.08043747e+02 
 3.46736850e+02  6.51517010e+01  3.46736850e+02  1.07658876e+02 
 3.54813389e+02  6.49696659e+01  3.54813389e+02  1.07281183e+02 
 3.63078055e+02  6.47868917e+01  3.63078055e+02  1.06910597e+02 
 3.71535229e+02  6.46034062e+01  3.71535229e+02  1.06547047e+02 
 3.80189396e+02  6.44192362e+01  3.80189396e+02  1.06190455e+02 
 3.89045145e+02  6.42344076e+01  3.89045145e+02  1.05840743e+02 
 3.98107171e+02  6.40489458e+01  3.98107171e+02  1.05497829e+02 
 4.07380278e+02  6.38628751e+01  4.07380278e+02  1.05161629e+02 
 4.16869383e+02  6.36762193e+01  4.16869383e+02  1.04832058e+02 
 4.26579519e+02  6.34890013e+01  4.26579519e+02  1.04509026e+02 
 4.36515832e+02  6.33012431e+01  4.36515832e+02  1.04192446e+02 
 4.46683592e+02  6.31129662e+01  4.46683592e+02  1.03882226e+02 
 4.57088190e+02  6.29241913e+01  4.57088190e+02  1.03578273e+02 
 4.67735141e+02  6.27349383e+01  4.67735141e+02  1.03280496e+02 
 4.78630092e+02  6.25452264e+01  4.78630092e+02  1.02988800e+02 
 4.89778819e+02  6.23550743e+01  4.89778819e+02  1.02703091e+02 
 5.01187234e+02  6.21644998e+01  5.01187234e+02  1.02423274e+02 
 5.12861384e+02  6.19735202e+01  5.12861384e+02  1.02149254e+02 
 5.24807460e+02  6.17821522e+01  5.24807460e+02  1.01880935e+02 
 5.37031796e+02  6.15904117e+01  5.37031796e+02  1.01618223e+02 
 5.49540874e+02  6.13983141e+01  5.49540874e+02  1.01361022e+02 
 5.62341325e+02  6.12058743e+01  5.62341325e+02  1.01109236e+02 
 5.75439937e+02  6.10131066e+01  5.75439937e+02  1.00862772e+02 
 5.88843655e+02  6.08200246e+01  5.88843655e+02  1.00621535e+02 
 6.02559586e+02  6.06266415e+01  6.02559586e+02  1.00385432e+02 
 6.16595002e+02  6.04329701e+01  6.16595002e+02  1.00154368e+02 
 6.30957344e+02  6.02390225e+01  6.30957344e+02  9.99282517e+01 
 6.45654229e+02  6.00448104e+01  6.45654229e+02  9.97069913e+01 
 6.60693448e+02  5.98503450e+01  6.60693448e+02  9.94904956e+01 
 6.76082975e+02  5.96556372e+01  6.76082975e+02  9.92786745e+01 
 6.91830971e+02  5.94606972e+01  6.91830971e+02  9.90714389e+01 
 7.07945784e+02  5.92655350e+01  7.07945784e+02  9.88687006e+01 
 7.24435960e+02  5.90701601e+01  7.24435960e+02  9.86703722e+01 
 7.41310241e+02  5.88745818e+01  7.41310241e+02  9.84763678e+01 
 7.58577575e+02  5.86788086e+01  7.58577575e+02  9.82866020e+01 
 7.76247117e+02  5.84828491e+01  7.76247117e+02  9.81009911e+01 
 7.94328235e+02  5.82867113e+01  7.94328235e+02  9.79194521e+01 
 8.12830516e+02  5.80904029e+01  8.12830516e+02  9.77419034e+01 
 8.31763771e+02  5.78939314e+01  8.31763771e+02  9.75682644e+01 
 8.51138038e+02  5.76973038e+01  8.51138038e+02  9.73984558e+01 
 8.70963590e+02  5.75005268e+01  8.70963590e+02  9.72323996e+01 
 8.91250938e+02  5.73036072e+01  8.91250938e+02  9.70700189e+01 
 9.12010839e+02  5.71065510e+01  9.12010839e+02  9.69112379e+01 
 9.33254301e+02  5.69093642e+01  9.33254301e+02  9.67559824e+01 
 9.54992586e+02  5.67120526e+01  9.54992586e+02  9.66041790e+01 
 9.77237221e+02  5.65146216e+01  9.77237221e+02  9.64557558e+01 
 1.00000000e+03  5.63170764e+01  1.00000000e+03  9.63106422e+01 
 1.02329299e+03  5.61194222e+01  1.02329299e+03  9.61687687e+01 
 1.04712855e+03  5.59216637e+01  1.04712855e+03  9.60300669e+01 
 1.07151931e+03  5.57238054e+01  1.07151931e+03  9.58944699e+01 
 1.09647820e+03  5.55258518e+01  1.09647820e+03  9.57619119e+01 
 1.12201845e+03  5.53278072e+01  1.12201845e+03  9.56323282e+01 
 1.14815362e+03  5.51296754e+01  1.14815362e+03  9.55056556e+01 
 1.17489755e+03  5.49314604e+01  1.17489755e+03  9.53818317e+01 
 1.20226443e+03  5.47331659e+01  1.20226443e+03  9.52607957e+01 
 1.23026877e+03  5.45347953e+01  1.23026877e+03  9.51424876e+01 
 1.25892541e+03  5.43363521e+01  1.25892541e+03  9.50268489e+01 
 1.28824955e+03  5.41378395e+01  1.28824955e+03  9.49138219e+01 
 1.31825674e+03  5.39392606e+01  1.31825674e+03  9.48033503e+01 
 1.34896288e+03  5.37406183e+01  1.34896288e+03  9.46953788e+01 
 1.38038426e+03  5.35419154e+01  1.38038426e+03  9.45898533e+01 
 1.41253754e+03  5.33431546e+01  1.41253754e+03  9.44867207e+01 
 1.44543977e+03  5.31443386e+01  1.44543977e+03  9.43859290e+01 
 1.47910839e+03  5.29454698e+01  1.47910839e+03  9.42874274e+01 
 1.51356125e+03  5.27465505e+01  1.51356125e+03  9.41911658e+01 
 1.54881662e+03  5.25475830e+01  1.54881662e+03  9.40970955e+01 
 1.58489319e+03  5.23485694e+01  1.58489319e+03  9.40051687e+01 
 1.62181010e+03  5.21495119e+01  1.62181010e+03  9.39153385e+01 
 1.65958691e+03  5.19504123e+01  1.65958691e+03  9.38275591e+01 
 1.69824365e+03  5.17512727e+01  1.69824365e+03  9.37417856e+01 
 1.73780083e+03  5.15520947e+01  1.73780083e+03  9.36579740e+01 
 1.77827941e+03  5.13528801e+01  1.77827941e+03  9.35760816e+01 
 1.81970086e+03  5.11536305e+01  1.81970086e+03  9.34960660e+01 
 1.86208714e+03  5.09543476e+01  1.86208714e+03  9.34178863e+01 
 1.90546072e+03  5.07550328e+01  1.90546072e+03  9.33415021e+01 
 1.94984460e+03  5.05556875e+01  1.94984460e+03  9.32668741e+01 
 1.99526231e+03  5.03563132e+01  1.99526231e+03  9.31939636e+01 
 2.04173794e+03  5.01569112e+01  2.04173794e+03  9.31227331e+01 
 2.08929613e+03  4.99574826e+01  2.08929613e+03  9.30531456e+01 
 2.13796209e+03  4.97580288e+01  2.13796209e+03  9.29851652e+01 
 2.18776162e+03  4.95585508e+01  2.18776162e+03  9.29187564e+01 
 2.23872114e+03  4.93590498e+01  2.23872114e+03  9.28538849e+01 
 2.29086765e+03  4.91595267e+01  2.29086765e+03  9.27905170e+01 
 2.34422882e+03  4.89599827e+01  2.34422882e+03  9.27286196e+01 
 2.39883292e+03  4.87604187e+01  2.39883292e+03  9.26681606e+01 
 2.45470892e+03  4.85608356e+01  2.45470892e+03  9.26091085e+01 
 2.51188643e+03  4.83612342e+01  2.51188643e+03  9.25514324e+01 
 2.57039578e+03  4.81616154e+01  2.57039578e+03  9.24951023e+01 
 2.63026799e+03  4.79619801e+01  2.63026799e+03  9.24400887e+01 
 2.69153480e+03  4.77623290e+01  2.69153480e+03  9.23863630e+01 
 2.75422870e+03  4.75626627e+01  2.75422870e+03  9.23338970e+01 
 2.81838293e+03  4.73629821e+01  2.81838293e+03  9.22826632e+01 
 2.88403150e+03  4.71632878e+01  2.88403150e+03  9.22326349e+01 
 2.95120923e+03  4.69635805e+01  2.95120923e+03  9.21837859e+01 
 3.01995172e+03  4.67638607e+01  3.01995172e+03  9.21360904e+01 
 3.09029543e+03  4.65641290e+01  3.09029543e+03  9.20895236e+01 
 3.16227766e+03  4.63643861e+01  3.16227766e+03  9.20440610e+01 
 3.23593657e+03  4.61646325e+01  3.23593657e+03  9.19996787e+01 
 3.31131121e+03  4.59648686e+01  3.31131121e+03  9.19563534e+01 
 3.38844156e+03  4.57650951e+01  3.38844156e+03  9.19140624e+01 
 3.46736850e+03  4.55653123e+01  3.46736850e+03  9.18727834e+01 
 3.54813389e+03  4.53655207e+01  3.54813389e+03  9.18324947e+01 
 3.63078055e+03  4.51657208e+01  3.63078055e+03  9.17931751e+01 
 3.71535229e+03  4.49659130e+01  3.71535229e+03  9.17548040e+01 
 3.80189396e+03  4.47660977e+01  3.80189396e+03  9.17173612e+01 
 3.89045145e+03  4.45662752e+01  3.89045145e+03  9.16808268e+01 
 3.98107171e+03  4.43664461e+01  3.98107171e+03  9.16451817e+01 
 4.07380278e+03  4.41666105e+01  4.07380278e+03  9.16104071e+01 
 4.16869383e+03  4.39667689e+01  4.16869383e+03  9.15764847e+01 
 4.26579519e+03  4.37669217e+01  4.26579519e+03  9.15433966e+01 
 4.36515832e+03  4.35670690e+01  4.36515832e+03  9.15111252e+01 
 4.46683592e+03  4.33672114e+01  4.46683592e+03  9.14796537e+01 
 4.57088190e+03  4.31673489e+01  4.57088190e+03  9.14489653e+01 
 4.67735141e+03  4.29674820e+01  4.67735141e+03  9.14190440e+01 
 4.78630092e+03  4.27676109e+01  4.78630092e+03  9.13898738e+01 
 4.89778819e+03  4.25677359e+01  4.89778819e+03  9.13614395e+01 
 5.01187234e+03  4.23678573e+01  5.01187234e+03  9.13337258e+01 
 5.12861384e+03  4.21679752e+01  5.12861384e+03  9.13067183e+01 
 5.24807460e+03  4.19680901e+01  5.24807460e+03  9.12804027e+01 
 5.37031796e+03  4.17682020e+01  5.37031796e+03  9.12547649e+01 
 5.49540874e+03  4.15683113e+01  5.49540874e+03  9.12297916e+01 
 5.62341325e+03  4.13684181e+01  5.62341325e+03  9.12054694e+01 
 5.75439937e+03  4.11685228e+01  5.75439937e+03  9.11817854e+01 
 5.88843655e+03  4.09686255e+01  5.88843655e+03  9.11587273e+01 
 6.02559586e+03  4.07687264e+01  6.02559586e+03  9.11362827e+01 
 6.16595002e+03  4.05688257e+01  6.16595002e+03  9.11144397e+01 
 6.30957344e+03  4.03689238e+01  6.30957344e+03  9.10931868e+01 
 6.45654229e+03  4.01690207e+01  6.45654229e+03  9.10725128e+01 
 6.60693448e+03  3.99691167e+01  6.60693448e+03  9.10524066e+01 
 6.76082975e+03  3.97692119e+01  6.76082975e+03  9.10328576e+01 
 6.91830971e+03  3.95693067e+01  6.91830971e+03  9.10138555e+01 
 7.07945784e+03  3.93694011e+01  7.07945784e+03  9.09953901e+01 
 7.24435960e+03  3.91694954e+01  7.24435960e+03  9.09774517e+01 
 7.41310241e+03  3.89695898e+01  7.41310241e+03  9.09600306e+01 
 7.58577575e+03  3.87696845e+01  7.58577575e+03  9.09431178e+01 
 7.76247117e+03  3.85697797e+01  7.76247117e+03  9.09267041e+01 
 7.94328235e+03  3.83698755e+01  7.94328235e+03  9.09107808e+01 
 8.12830516e+03  3.81699723e+01  8.12830516e+03  9.08953395e+01 
 8.31763771e+03  3.79700701e+01  8.31763771e+03  9.08803720e+01 
 8.51138038e+03  3.77701692e+01  8.51138038e+03  9.08658702e+01 
 8.70963590e+03  3.75702698e+01  8.70963590e+03  9.08518264e+01 
 8.91250938e+03  3.73703722e+01  8.91250938e+03  9.08382332e+01 
 9.12010839e+03  3.71704765e+01  9.12010839e+03  9.08250832e+01 
 9.33254301e+03  3.69705830e+01  9.33254301e+03  9.08123694e+01 
 9.54992586e+03  3.67706918e+01  9.54992586e+03  9.08000851e+01 
 9.77237221e+03  3.65708033e+01  9.77237221e+03  9.07882236e+01 
 1.00000000e+04  3.63709176e+01  1.00000000e+04  9.07767785e+01 
 1.02329299e+04  3.61710350e+01  1.02329299e+04  9.07657437e+01 
 1.04712855e+04  3.59711557e+01  1.04712855e+04  9.07551133e+01 
 1.07151931e+04  3.57712801e+01  1.07151931e+04  9.07448815e+01 
 1.09647820e+04  3.55714083e+01  1.09647820e+04  9.07350427e+01 
 1.12201845e+04  3.53715406e+01  1.12201845e+04  9.07255917e+01 
 1.14815362e+04  3.51716773e+01  1.14815362e+04  9.07165233e+01 
 1.17489755e+04  3.49718188e+01  1.17489755e+04  9.07078325e+01 
 1.20226443e+04  3.47719652e+01  1.20226443e+04  9.06995146e+01 
 1.23026877e+04  3.45721169e+01  1.23026877e+04  9.06915650e+01 
 1.25892541e+04  3.43722743e+01  1.25892541e+04  9.06839793e+01 
 1.28824955e+04  3.41724376e+01  1.28824955e+04  9.06767533e+01 
 1.31825674e+04  3.39726072e+01  1.31825674e+04  9.06698830e+01 
 1.34896288e+04  3.37727835e+01  1.34896288e+04  9.06633645e+01 
 1.38038426e+04  3.35729668e+01  1.38038426e+04  9.06571941e+01 
 1.41253754e+04  3.33731575e+01  1.41253754e+04  9.06513683e+01 
 1.44543977e+04  3.31733561e+01  1.44543977e+04  9.06458838e+01 
 1.47910839e+04  3.29735628e+01  1.47910839e+04  9.06407373e+01 
 1.51356125e+04  3.27737783e+01  1.51356125e+04  9.06359258e+01 
 1.54881662e+04  3.25740028e+01  1.54881662e+04  9.06314464e+01 
 1.58489319e+04  3.23742370e+01  1.58489319e+04  9.06272963e+01 
 1.62181010e+04  3.21744812e+01  1.62181010e+04  9.06234731e+01 
 1.65958691e+04  3.19747361e+01  1.65958691e+04  9.06199743e+01 
 1.69824365e+04  3.17750020e+01  1.69824365e+04  9.06167975e+01 
 1.73780083e+04  3.15752797e+01  1.73780083e+04  9.06139407e+01 
 1.77827941e+04  3.13755696e+01  1.77827941e+04  9.06114018e+01 
 1.81970086e+04  3.11758724e+01  1.81970086e+04  9.06091788e+01 
 1.86208714e+04  3.09761888e+01  1.86208714e+04  9.06072702e+01 
 1.90546072e+04  3.07765193e+01  1.90546072e+04  9.06056742e+01 
 1.94984460e+04  3.05768646e+01  1.94984460e+04  9.06043892e+01 
 1.99526231e+04  3.03772256e+01  1.99526231e+04  9.06034141e+01 
 2.04173794e+04  3.01776029e+01  2.04173794e+04  9.06027473e+01 
 2.08929613e+04  2.99779973e+01  2.08929613e+04  9.06023879e+01 
 2.13796209e+04  2.97784097e+01  2.13796209e+04  9.06023347e+01 
 2.18776162e+04  2.95788409e+01  2.18776162e+04  9.06025867e+01 
 2.23872114e+04  2.93792917e+01  2.23872114e+04  9.06031431e+01 
 2.29086765e+04  2.91797632e+01  2.29086765e+04  9.06040032e+01 
 2.34422882e+04  2.89802564e+01  2.34422882e+04  9.06051662e+01 
 2.39883292e+04  2.87807722e+01  2.39883292e+04  9.06066315e+01 
 2.45470892e+04  2.85813116e+01  2.45470892e+04  9.06083985e+01 
 2.51188643e+04  2.83818759e+01  2.51188643e+04  9.06104669e+01 
 2.57039578e+04  2.81824662e+01  2.57039578e+04  9.06128362e+01 
 2.63026799e+04  2.79830838e+01  2.63026799e+04  9.06155060e+01 
 2.69153480e+04  2.77837297e+01  2.69153480e+04  9.06184761e+01 
 2.75422870e+04  2.75844055e+01  2.75422870e+04  9.06217461e+01 
 2.81838293e+04  2.73851125e+01  2.81838293e+04  9.06253158e+01 
 2.88403150e+04  2.71858522e+01  2.88403150e+04  9.06291851e+01 
 2.95120923e+04  2.69866260e+01  2.95120923e+04  9.06333536e+01 
 3.01995172e+04  2.67874356e+01  3.01995172e+04  9.06378212e+01 
 3.09029543e+04  2.65882825e+01  3.09029543e+04  9.06425877e+01 
 3.16227766e+04  2.63891686e+01  3.16227766e+04  9.06476527e+01 
 3.23593657e+04  2.61900957e+01  3.23593657e+04  9.06530161e+01 
 3.31131121e+04  2.59910655e+01  3.31131121e+04  9.06586775e+01 
 3.38844156e+04  2.57920801e+01  3.38844156e+04  9.06646365e+01 
 3.46736850e+04  2.55931416e+01  3.46736850e+04  9.06708927e+01 
 3.54813389e+04  2.53942520e+01  3.54813389e+04  9.06774454e+01 
 3.63078055e+04  2.51954136e+01  3.63078055e+04  9.06842941e+01 
 3.71535229e+04  2.49966287e+01  3.71535229e+04  9.06914378e+01 
 3.80189396e+04  2.47978998e+01  3.80189396e+04  9.06988757e+01 
 3.89045145e+04  2.45992295e+01  3.89045145e+04  9.07066066e+01 
 3.98107171e+04  2.44006202e+01  3.98107171e+04  9.07146292e+01 
 4.07380278e+04  2.42020749e+01  4.07380278e+04  9.07229420e+01 
 4.16869383e+04  2.40035964e+01  4.16869383e+04  9.07315431e+01 
 4.26579519e+04  2.38051876e+01  4.26579519e+04  9.07404306e+01 
 4.36515832e+04  2.36068518e+01  4.36515832e+04  9.07496021e+01 
 4.46683592e+04  2.34085921e+01  4.46683592e+04  9.07590548e+01 
 4.57088190e+04  2.32104120e+01  4.57088190e+04  9.07687858e+01 
 4.67735141e+04  2.30123150e+01  4.67735141e+04  9.07787916e+01 
 4.78630092e+04  2.28143047e+01  4.78630092e+04  9.07890684e+01 
 4.89778819e+04  2.26163851e+01  4.89778819e+04  9.07996116e+01 
 5.01187234e+04  2.24185601e+01  5.01187234e+04  9.08104166e+01 
 5.12861384e+04  2.22208338e+01  5.12861384e+04  9.08214777e+01 
 5.24807460e+04  2.20232106e+01  5.24807460e+04  9.08327891e+01 
 5.37031796e+04  2.18256949e+01  5.37031796e+04  9.08443439e+01 
 5.49540874e+04  2.16282915e+01  5.49540874e+04  9.08561347e+01 
 5.62341325e+04  2.14310051e+01  5.62341325e+04  9.08681533e+01 
 5.75439937e+04  2.12338407e+01  5.75439937e+04  9.08803907e+01 
 5.88843655e+04  2.10368037e+01  5.88843655e+04  9.08928369e+01 
 6.02559586e+04  2.08398995e+01  6.02559586e+04  9.09054811e+01 
 6.16595002e+04  2.06431336e+01  6.16595002e+04  9.09183112e+01 
 6.30957344e+04  2.04465118e+01  6.30957344e+04  9.09313142e+01 
 6.45654229e+04  2.02500404e+01  6.45654229e+04  9.09444759e+01 
 6.60693448e+04  2.00537254e+01  6.60693448e+04  9.09577808e+01 
 6.76082975e+04  1.98575734e+01  6.76082975e+04  9.09712119e+01 
 6.91830971e+04  1.96615912e+01  6.91830971e+04  9.09847509e+01 
 7.07945784e+04  1.94657856e+01  7.07945784e+04  9.09983779e+01 
 7.24435960e+04  1.92701638e+01  7.24435960e+04  9.10120714e+01 
 7.41310241e+04  1.90747332e+01  7.41310241e+04  9.10258080e+01 
 7.58577575e+04  1.88795016e+01  7.58577575e+04  9.10395625e+01 
 7.76247117e+04  1.86844767e+01  7.76247117e+04  9.10533078e+01 
 7.94328235e+04  1.84896667e+01  7.94328235e+04  9.10670145e+01 
 8.12830516e+04  1.82950800e+01  8.12830516e+04  9.10806511e+01 
 8.31763771e+04  1.81007252e+01  8.31763771e+04  9.10941836e+01 
 8.51138038e+04  1.79066113e+01  8.51138038e+04  9.11075757e+01 
 8.70963590e+04  1.77127472e+01  8.70963590e+04  9.11207881e+01 
 8.91250938e+04  1.75191423e+01  8.91250938e+04  9.11337790e+01 
 9.12010839e+04  1.73258063e+01  9.12010839e+04  9.11465035e+01 
 9.33254301e+04  1.71327490e+01  9.33254301e+04  9.11589137e+01 
 9.54992586e+04  1.69399803e+01  9.54992586e+04  9.11709582e+01 
 9.77237221e+04  1.67475106e+01  9.77237221e+04  9.11825823e+01 
 1.00000000e+05  1.65553504e+01  1.00000000e+05  9.11937278e+01 
 1.02329299e+05  1.63635102e+01  1.02329299e+05  9.12043324e+01 
 1.04712855e+05  1.61720011e+01  1.04712855e+05  9.12143301e+01 
 1.07151931e+05  1.59808339e+01  1.07151931e+05  9.12236506e+01 
 1.09647820e+05  1.57900200e+01  1.09647820e+05  9.12322194e+01 
 1.12201845e+05  1.55995706e+01  1.12201845e+05  9.12399574e+01 
 1.14815362e+05  1.54094973e+01  1.14815362e+05  9.12467808e+01 
 1.17489755e+05  1.52198115e+01  1.17489755e+05  9.12526011e+01 
 1.20226443e+05  1.50305250e+01  1.20226443e+05  9.12573245e+01 
 1.23026877e+05  1.48416495e+01  1.23026877e+05  9.12608521e+01 
 1.25892541e+05  1.46531967e+01  1.25892541e+05  9.12630796e+01 
 1.28824955e+05  1.44651782e+01  1.28824955e+05  9.12638972e+01 
 1.31825674e+05  1.42776059e+01  1.31825674e+05  9.12631893e+01 
 1.34896288e+05  1.40904913e+01  1.34896288e+05  9.12608345e+01 
 1.38038426e+05  1.39038460e+01  1.38038426e+05  9.12567052e+01 
 1.41253754e+05  1.37176812e+01  1.41253754e+05  9.12506680e+01 
 1.44543977e+05  1.35320082e+01  1.44543977e+05  9.12425830e+01 
 1.47910839e+05  1.33468379e+01  1.47910839e+05  9.12323039e+01 
 1.51356125e+05  1.31621810e+01  1.51356125e+05  9.12196783e+01 
 1.54881662e+05  1.29780477e+01  1.54881662e+05  9.12045469e+01 
 1.58489319e+05  1.27944480e+01  1.58489319e+05  9.11867441e+01 
 1.62181010e+05  1.26113914e+01  1.62181010e+05  9.11660978e+01 
 1.65958691e+05  1.24288868e+01  1.65958691e+05  9.11424292e+01 
 1.69824365e+05  1.22469429e+01  1.69824365e+05  9.11155531e+01 
 1.73780083e+05  1.20655674e+01  1.73780083e+05  9.10852779e+01 
 1.77827941e+05  1.18847674e+01  1.77827941e+05  9.10514054e+01 
 1.81970086e+05  1.17045497e+01  1.81970086e+05  9.10137316e+01 
 1.86208714e+05  1.15249197e+01  1.86208714e+05  9.09720460e+01 
 1.90546072e+05  1.13458825e+01  1.90546072e+05  9.09261326e+01 
 1.94984460e+05  1.11674421e+01  1.94984460e+05  9.08757696e+01 
 1.99526231e+05  1.09896015e+01  1.99526231e+05  9.08207297e+01 
 2.04173794e+05  1.08123629e+01  2.04173794e+05  9.07607809e+01 
 2.08929613e+05  1.06357273e+01  2.08929613e+05  9.06956862e+01 
 2.13796209e+05  1.04596948e+01  2.13796209e+05  9.06252042e+01 
 2.18776162e+05  1.02842642e+01  2.18776162e+05  9.05490898e+01 
 2.23872114e+05  1.01094333e+01  2.23872114e+05  9.04670942e+01 
 2.29086765e+05  9.93519860e+00  2.29086765e+05  9.03789656e+01 
 2.34422882e+05  9.76155561e+00  2.34422882e+05  9.02844497e+01 
 2.39883292e+05  9.58849846e+00  2.39883292e+05  9.01832903e+01 
 2.45470892e+05  9.41602009e+00  2.45470892e+05  9.00752294e+01 
 2.51188643e+05  9.24411228e+00  2.51188643e+05  8.99600084e+01 
 2.57039578e+05  9.07276553e+00  2.57039578e+05  8.98373683e+01 
 2.63026799e+05  8.90196922e+00  2.63026799e+05  8.97070503e+01 
 2.69153480e+05  8.73171151e+00  2.69153480e+05  8.95687964e+01 
 2.75422870e+05  8.56197948e+00  2.75422870e+05  8.94223503e+01 
 2.81838293e+05  8.39275910e+00  2.81838293e+05  8.92674572e+01 
 2.88403150e+05  8.22403532e+00  2.88403150e+05  8.91038653e+01 
 2.95120923e+05  8.05579216e+00  2.95120923e+05  8.89313256e+01 
 3.01995172e+05  7.88801272e+00  3.01995172e+05  8.87495928e+01 
 3.09029543e+05  7.72067933e+00  3.09029543e+05  8.85584257e+01 
 3.16227766e+05  7.55377362e+00  3.16227766e+05  8.83575874e+01 
 3.23593657e+05  7.38727662e+00  3.23593657e+05  8.81468459e+01 
 3.31131121e+05  7.22116886e+00  3.31131121e+05  8.79259746e+01 
 3.38844156e+05  7.05543054e+00  3.38844156e+05  8.76947519e+01 
 3.46736850e+05  6.89004160e+00  3.46736850e+05  8.74529621e+01 
 3.54813389e+05  6.72498186e+00  3.54813389e+05  8.72003951e+01 
 3.63078055e+05  6.56023122e+00  3.63078055e+05  8.69368465e+01 
 3.71535229e+05  6.39576971e+00  3.71535229e+05  8.66621177e+01 
 3.80189396e+05  6.23157771e+00  3.80189396e+05  8.63760157e+01 
 3.89045145e+05  6.06763606e+00  3.89045145e+05  8.60783526e+01 
 3.98107171e+05  5.90392621e+00  3.98107171e+05  8.57689459e+01 
 4.07380278e+05  5.74043041e+00  4.07380278e+05  8.54476174e+01 
 4.16869383e+05  5.57713178e+00  4.16869383e+05  8.51141933e+01 
 4.26579519e+05  5.41401455e+00  4.26579519e+05  8.47685031e+01 
 4.36515832e+05  5.25106410e+00  4.36515832e+05  8.44103794e+01 
 4.46683592e+05  5.08826721e+00  4.46683592e+05  8.40396569e+01 
 4.57088190e+05  4.92561209e+00  4.57088190e+05  8.36561715e+01 
 4.67735141e+05  4.76308858e+00  4.67735141e+05  8.32597593e+01 
 4.78630092e+05  4.60068823e+00  4.78630092e+05  8.28502562e+01 
 4.89778819e+05  4.43840443e+00  4.89778819e+05  8.24274957e+01 
 5.01187234e+05  4.27623253e+00  5.01187234e+05  8.19913087e+01 
 5.12861384e+05  4.11416989e+00  5.12861384e+05  8.15415220e+01 
 5.24807460e+05  3.95221602e+00  5.24807460e+05  8.10779565e+01 
 5.37031796e+05  3.79037261e+00  5.37031796e+05  8.06004265e+01 
 5.49540874e+05  3.62864366e+00  5.49540874e+05  8.01087379e+01 
 5.62341325e+05  3.46703547e+00  5.62341325e+05  7.96026866e+01 
 5.75439937e+05  3.30555674e+00  5.75439937e+05  7.90820571e+01 
 5.88843655e+05  3.14421857e+00  5.88843655e+05  7.85466208e+01 
 6.02559586e+05  2.98303454e+00  6.02559586e+05  7.79961343e+01 
 6.16595002e+05  2.82202066e+00  6.16595002e+05  7.74303376e+01 
 6.30957344e+05  2.66119544e+00  6.30957344e+05  7.68489523e+01 
 6.45654229e+05  2.50057986e+00  6.45654229e+05  7.62516798e+01 
 6.60693448e+05  2.34019734e+00  6.60693448e+05  7.56381990e+01 
 6.76082975e+05  2.18007376e+00  6.76082975e+05  7.50081646e+01 
 6.91830971e+05  2.02023737e+00  6.91830971e+05  7.43612048e+01 
 7.07945784e+05  1.86071878e+00  7.07945784e+05  7.36969191e+01 
 7.24435960e+05  1.70155090e+00  7.24435960e+05  7.30148758e+01 
 7.41310241e+05  1.54276886e+00  7.41310241e+05  7.23146099e+01 
 7.58577575e+05  1.38440989e+00  7.58577575e+05  7.15956202e+01 
 7.76247117e+05  1.22651325e+00  7.76247117e+05  7.08573667e+01 
 7.94328235e+05  1.06912013e+00  7.94328235e+05  7.00992677e+01 
 8.12830516e+05  9.12273427e-01  8.12830516e+05  6.93206969e+01 
 8.31763771e+05  7.56017647e-01  8.31763771e+05  6.85209799e+01 
 8.51138038e+05  6.00398675e-01  8.51138038e+05  6.76993908e+01 
 8.70963590e+05  4.45463559e-01  8.70963590e+05  6.68551489e+01 
 8.91250938e+05  2.91260236e-01  8.91250938e+05  6.59874143e+01 
 9.12010839e+05  1.37837230e-01  9.12010839e+05  6.50952838e+01 
 9.33254301e+05 -1.47567091e-02  9.33254301e+05  6.41777864e+01 
 9.54992586e+05 -1.66473026e-01  9.54992586e+05  6.32338788e+01 
 9.77237221e+05 -3.17263846e-01  9.77237221e+05  6.22624396e+01 
 1.00000000e+06 -4.67082543e-01  1.00000000e+06  6.12622642e+01 
 1.02329299e+06 -6.15884406e-01  1.02329299e+06  6.02320588e+01 
 1.04712855e+06 -7.63627415e-01  1.04712855e+06  5.91704339e+01 
 1.07151931e+06 -9.10273144e-01  1.07151931e+06  5.80758975e+01 
 1.09647820e+06 -1.05578782e+00  1.09647820e+06  5.69468482e+01 
 1.12201845e+06 -1.20014357e+00  1.12201845e+06  5.57815675e+01 
 1.14815362e+06 -1.34331986e+00  1.14815362e+06  5.45782117e+01 
 1.17489755e+06 -1.48530515e+00  1.17489755e+06  5.33348038e+01 
 1.20226443e+06 -1.62609892e+00  1.20226443e+06  5.20492251e+01 
 1.23026877e+06 -1.76571393e+00  1.23026877e+06  5.07192062e+01 
 1.25892541e+06 -1.90417885e+00  1.25892541e+06  4.93423190e+01 
 1.28824955e+06 -2.04154143e+00  1.28824955e+06  4.79159679e+01 
 1.31825674e+06 -2.17787201e+00  1.31825674e+06  4.64373824e+01 
 1.34896288e+06 -2.31326770e+00  1.34896288e+06  4.49036106e+01 
 1.38038426e+06 -2.44785712e+00  1.38038426e+06  4.33115139e+01 
 1.41253754e+06 -2.58180587e+00  1.41253754e+06  4.16577645e+01 
 1.44543977e+06 -2.71532276e+00  1.44543977e+06  3.99388460e+01 
 1.47910839e+06 -2.84866684e+00  1.47910839e+06  3.81510580e+01 
 1.51356125e+06 -2.98215529e+00  1.51356125e+06  3.62905274e+01 
 1.54881662e+06 -3.11617226e+00  1.54881662e+06  3.43532262e+01 
 1.58489319e+06 -3.25117849e+00  1.58489319e+06  3.23349996e+01 
 1.62181010e+06 -3.38772171e+00  1.62181010e+06  3.02316064e+01 
 1.65958691e+06 -3.52644769e+00  1.65958691e+06  2.80387736e+01 
 1.69824365e+06 -3.66811149e+00  1.69824365e+06  2.57522698e+01 
 1.73780083e+06 -3.81358858e+00  1.73780083e+06  2.33679993e+01 
 1.77827941e+06 -3.96388518e+00  1.77827941e+06  2.08821209e+01 
 1.81970086e+06 -4.12014681e+00  1.81970086e+06  1.82911937e+01 
 1.86208714e+06 -4.28366402e+00  1.86208714e+06  1.55923515e+01 
 1.90546072e+06 -4.45587393e+00  1.90546072e+06  1.27835069e+01 
 1.94984460e+06 -4.63835574e+00  1.94984460e+06  9.86358028e+00 
 1.99526231e+06 -4.83281865e+00  1.99526231e+06  6.83274964e+00 
 2.04173794e+06 -5.04108031e+00  2.04173794e+06  3.69270985e+00 
 2.08929613e+06 -5.26503432e+00  2.08929613e+06  4.46925296e-01 
 2.13796209e+06 -5.50660593e+00  2.13796209e+06 -2.89914466e+00 
 2.18776162e+06 -5.76769597e+00  2.18776162e+06 -6.33787261e+00 
 2.23872114e+06 -6.05011453e+00  2.23872114e+06 -9.85936989e+00 
 2.29086765e+06 -6.35550731e+00  2.29086765e+06 -1.34514992e+01 
 2.34422882e+06 -6.68527940e+00  2.34422882e+06 -1.71000131e+01 
 2.39883292e+06 -7.04052230e+00  2.39883292e+06 -2.07888287e+01 
 2.45470892e+06 -7.42195098e+00  2.45470892e+06 -2.45004329e+01 
 2.51188643e+06 -7.82985714e+00  2.51188643e+06 -2.82163974e+01 
 2.57039578e+06 -8.26408378e+00  2.57039578e+06 -3.19179682e+01 
 2.63026799e+06 -8.72402383e+00  2.63026799e+06 -3.55866803e+01 
 2.69153480e+06 -9.20864273e+00  2.69153480e+06 -3.92049497e+01 
 2.75422870e+06 -9.71652233e+00  2.75422870e+06 -4.27565943e+01 
 2.81838293e+06 -1.02459212e+01  2.81838293e+06 -4.62272475e+01 
 2.88403150e+06 -1.07948446e+01  2.88403150e+06 -4.96046464e+01 
 2.95120923e+06 -1.13611190e+01  2.95120923e+06 -5.28787868e+01 
 3.01995172e+06 -1.19424627e+01  3.01995172e+06 -5.60419574e+01 
 3.09029543e+06 -1.25365520e+01  3.09029543e+06 -5.90886722e+01 
 3.16227766e+06 -1.31410759e+01  3.16227766e+06 -6.20155257e+01 
 3.23593657e+06 -1.37537814e+01  3.23593657e+06 -6.48209981e+01 
 3.31131121e+06 -1.43725072e+01  3.31131121e+06 -6.75052339e+01 
 3.38844156e+06 -1.49952084e+01  3.38844156e+06 -7.00698130e+01 
 3.46736850e+06 -1.56199723e+01  3.46736850e+06 -7.25175281e+01 
 3.54813389e+06 -1.62450278e+01  3.54813389e+06 -7.48521779e+01 
 3.63078055e+06 -1.68687502e+01  3.63078055e+06 -7.70783794e+01 
 3.71535229e+06 -1.74896618e+01  3.71535229e+06 -7.92014010e+01 
 3.80189396e+06 -1.81064305e+01  3.80189396e+06 -8.12270163e+01 
 3.89045145e+06 -1.87178669e+01  3.89045145e+06 -8.31613735e+01 
 3.98107171e+06 -1.93229204e+01  3.98107171e+06 -8.50108807e+01 
 4.07380278e+06 -1.99206740e+01  4.07380278e+06 -8.67821013e+01 
 4.16869383e+06 -2.05103393e+01  4.16869383e+06 -8.84816602e+01 
 4.26579519e+06 -2.10912504e+01  4.26579519e+06 -9.01161568e+01 
 4.36515832e+06 -2.16628575e+01  4.36515832e+06 -9.16920856e+01 
 4.46683592e+06 -2.22247190e+01  4.46683592e+06 -9.32157630e+01 
 4.57088190e+06 -2.27764943e+01  4.57088190e+06 -9.46932627e+01 
 4.67735141e+06 -2.33179346e+01  4.67735141e+06 -9.61303575e+01 
 4.78630092e+06 -2.38488739e+01  4.78630092e+06 -9.75324710e+01 
 4.89778819e+06 -2.43692194e+01  4.89778819e+06 -9.89046382e+01 
 5.01187234e+06 -2.48789417e+01  5.01187234e+06 -1.00251476e+02 
 5.12861384e+06 -2.53780647e+01  5.12861384e+06 -1.01577164e+02 
 5.24807460e+06 -2.58666566e+01  5.24807460e+06 -1.02885435e+02 
 5.37031796e+06 -2.63448204e+01  5.37031796e+06 -1.04179575e+02 
 5.49540874e+06 -2.68126856e+01  5.49540874e+06 -1.05462428e+02 
 5.62341325e+06 -2.72704008e+01  5.62341325e+06 -1.06736417e+02 
 5.75439937e+06 -2.77181267e+01  5.75439937e+06 -1.08003558e+02 
 5.88843655e+06 -2.81560307e+01  5.88843655e+06 -1.09265490e+02 
 6.02559586e+06 -2.85842821e+01  6.02559586e+06 -1.10523503e+02 
 6.16595002e+06 -2.90030484e+01  6.16595002e+06 -1.11778567e+02 
 6.30957344e+06 -2.94124924e+01  6.30957344e+06 -1.13031364e+02 
 6.45654229e+06 -2.98127703e+01  6.45654229e+06 -1.14282320e+02 
 6.60693448e+06 -3.02040303e+01  6.60693448e+06 -1.15531637e+02 
 6.76082975e+06 -3.05864123e+01  6.76082975e+06 -1.16779323e+02 
 6.91830971e+06 -3.09600474e+01  6.91830971e+06 -1.18025215e+02 
 7.07945784e+06 -3.13250585e+01  7.07945784e+06 -1.19269013e+02 
 7.24435960e+06 -3.16815610e+01  7.24435960e+06 -1.20510299e+02 
 7.41310241e+06 -3.20296634e+01  7.41310241e+06 -1.21748558e+02 
 7.58577575e+06 -3.23694686e+01  7.58577575e+06 -1.22983201e+02 
 7.76247117e+06 -3.27010749e+01  7.76247117e+06 -1.24213582e+02 
 7.94328235e+06 -3.30245774e+01  7.94328235e+06 -1.25439013e+02 
 8.12830516e+06 -3.33400690e+01  8.12830516e+06 -1.26658778e+02 
 8.31763771e+06 -3.36476415e+01  8.31763771e+06 -1.27872143e+02 
 8.51138038e+06 -3.39473869e+01  8.51138038e+06 -1.29078372e+02 
 8.70963590e+06 -3.42393981e+01  8.70963590e+06 -1.30276732e+02 
 8.91250938e+06 -3.45237699e+01  8.91250938e+06 -1.31466502e+02 
 9.12010839e+06 -3.48005996e+01  9.12010839e+06 -1.32646979e+02 
 9.33254301e+06 -3.50699879e+01  9.33254301e+06 -1.33817485e+02 
 9.54992586e+06 -3.53320393e+01  9.54992586e+06 -1.34977372e+02 
 9.77237221e+06 -3.55868622e+01  9.77237221e+06 -1.36126024e+02 
 1.00000000e+07 -3.58345695e+01  1.00000000e+07 -1.37262861e+02 
 1.02329299e+07 -3.60752788e+01  1.02329299e+07 -1.38387343e+02 
 1.04712855e+07 -3.63091122e+01  1.04712855e+07 -1.39498968e+02 
 1.07151931e+07 -3.65361963e+01  1.07151931e+07 -1.40597277e+02 
 1.09647820e+07 -3.67566625e+01  1.09647820e+07 -1.41681850e+02 
 1.12201845e+07 -3.69706464e+01  1.12201845e+07 -1.42752312e+02 
 1.14815362e+07 -3.71782877e+01  1.14815362e+07 -1.43808328e+02 
 1.17489755e+07 -3.73797299e+01  1.17489755e+07 -1.44849603e+02 
 1.20226443e+07 -3.75751201e+01  1.20226443e+07 -1.45875883e+02 
 1.23026877e+07 -3.77646086e+01  1.23026877e+07 -1.46886950e+02 
 1.25892541e+07 -3.79483485e+01  1.25892541e+07 -1.47882626e+02 
 1.28824955e+07 -3.81264951e+01  1.28824955e+07 -1.48862764e+02 
 1.31825674e+07 -3.82992058e+01  1.31825674e+07 -1.49827252e+02 
 1.34896288e+07 -3.84666397e+01  1.34896288e+07 -1.50776008e+02 
 1.38038426e+07 -3.86289567e+01  1.38038426e+07 -1.51708977e+02 
 1.41253754e+07 -3.87863178e+01  1.41253754e+07 -1.52626131e+02 
 1.44543977e+07 -3.89388840e+01  1.44543977e+07 -1.53527466e+02 
 1.47910839e+07 -3.90868164e+01  1.47910839e+07 -1.54412998e+02 
 1.51356125e+07 -3.92302756e+01  1.51356125e+07 -1.55282761e+02 
 1.54881662e+07 -3.93694212e+01  1.54881662e+07 -1.56136807e+02 
 1.58489319e+07 -3.95044118e+01  1.58489319e+07 -1.56975201e+02 
 1.62181010e+07 -3.96354044e+01  1.62181010e+07 -1.57798020e+02 
 1.65958691e+07 -3.97625539e+01  1.65958691e+07 -1.58605349e+02 
 1.69824365e+07 -3.98860134e+01  1.69824365e+07 -1.59397284e+02 
 1.73780083e+07 -4.00059331e+01  1.73780083e+07 -1.60173924e+02 
 1.77827941e+07 -4.01224608e+01  1.77827941e+07 -1.60935371e+02 
 1.81970086e+07 -4.02357409e+01  1.81970086e+07 -1.61681731e+02 
 1.86208714e+07 -4.03459150e+01  1.86208714e+07 -1.62413110e+02 
 1.90546072e+07 -4.04531209e+01  1.90546072e+07 -1.63129612e+02 
 1.94984460e+07 -4.05574928e+01  1.94984460e+07 -1.63831341e+02 
 1.99526231e+07 -4.06591609e+01  1.99526231e+07 -1.64518395e+02 
 2.04173794e+07 -4.07582516e+01  2.04173794e+07 -1.65190870e+02 
 2.08929613e+07 -4.08548869e+01  2.08929613e+07 -1.65848856e+02 
 2.13796209e+07 -4.09491844e+01  2.13796209e+07 -1.66492437e+02 
 2.18776162e+07 -4.10412572e+01  2.18776162e+07 -1.67121692e+02 
 2.23872114e+07 -4.11312138e+01  2.23872114e+07 -1.67736691e+02 
 2.29086765e+07 -4.12191580e+01  2.29086765e+07 -1.68337500e+02 
 2.34422882e+07 -4.13051885e+01  2.34422882e+07 -1.68924175e+02 
 2.39883292e+07 -4.13893994e+01  2.39883292e+07 -1.69496769e+02 
 2.45470892e+07 -4.14718796e+01  2.45470892e+07 -1.70055323e+02 
 2.51188643e+07 -4.15527128e+01  2.51188643e+07 -1.70599877e+02 
 2.57039578e+07 -4.16319777e+01  2.57039578e+07 -1.71130461e+02 
 2.63026799e+07 -4.17097479e+01  2.63026799e+07 -1.71647102e+02 
 2.69153480e+07 -4.17860916e+01  2.69153480e+07 -1.72149820e+02 
 2.75422870e+07 -4.18610719e+01  2.75422870e+07 -1.72638633e+02 
 2.81838293e+07 -4.19347467e+01  2.81838293e+07 -1.73113555e+02 
 2.88403150e+07 -4.20071685e+01  2.88403150e+07 -1.73574596e+02 
 2.95120923e+07 -4.20783849e+01  2.95120923e+07 -1.74021768e+02 
 3.01995172e+07 -4.21484382e+01  3.01995172e+07 -1.74455081e+02 
 3.09029543e+07 -4.22173656e+01  3.09029543e+07 -1.74874545e+02 
 3.16227766e+07 -4.22851993e+01  3.16227766e+07 -1.75280174e+02 
 3.23593657e+07 -4.23519667e+01  3.23593657e+07 -1.75671986e+02 
 3.31131121e+07 -4.24176901e+01  3.31131121e+07 -1.76050001e+02 
 3.38844156e+07 -4.24823873e+01  3.38844156e+07 -1.76414248e+02 
 3.46736850e+07 -4.25460715e+01  3.46736850e+07 -1.76764763e+02 
 3.54813389e+07 -4.26087514e+01  3.54813389e+07 -1.77101588e+02 
 3.63078055e+07 -4.26704317e+01  3.63078055e+07 -1.77424780e+02 
 3.71535229e+07 -4.27311126e+01  3.71535229e+07 -1.77734403e+02 
 3.80189396e+07 -4.27907909e+01  3.80189396e+07 -1.78030537e+02 
 3.89045145e+07 -4.28494594e+01  3.89045145e+07 -1.78313273e+02 
 3.98107171e+07 -4.29071076e+01  3.98107171e+07 -1.78582721e+02 
 4.07380278e+07 -4.29637218e+01  4.07380278e+07 -1.78839004e+02 
 4.16869383e+07 -4.30192855e+01  4.16869383e+07 -1.79082263e+02 
 4.26579519e+07 -4.30737795e+01  4.26579519e+07 -1.79312659e+02 
 4.36515832e+07 -4.31271820e+01  4.36515832e+07 -1.79530371e+02 
 4.46683592e+07 -4.31794696e+01  4.46683592e+07 -1.79735597e+02 
 4.57088190e+07 -4.32306167e+01  4.57088190e+07 -1.79928558e+02 
 4.67735141e+07 -4.32805964e+01  4.67735141e+07  1.79890507e+02 
 4.78630092e+07 -4.33293808e+01  4.78630092e+07  1.79721334e+02 
 4.89778819e+07 -4.33769409e+01  4.89778819e+07  1.79563639e+02 
 5.01187234e+07 -4.34232474e+01  5.01187234e+07  1.79417117e+02 
 5.12861384e+07 -4.34682707e+01  5.12861384e+07  1.79281440e+02 
 5.24807460e+07 -4.35119815e+01  5.24807460e+07  1.79156257e+02 
 5.37031796e+07 -4.35543509e+01  5.37031796e+07  1.79041199e+02 
 5.49540874e+07 -4.35953506e+01  5.49540874e+07  1.78935872e+02 
 5.62341325e+07 -4.36349536e+01  5.62341325e+07  1.78839865e+02 
 5.75439937e+07 -4.36731342e+01  5.75439937e+07  1.78752744e+02 
 5.88843655e+07 -4.37098685e+01  5.88843655e+07  1.78674059e+02 
 6.02559586e+07 -4.37451344e+01  6.02559586e+07  1.78603340e+02 
 6.16595002e+07 -4.37789122e+01  6.16595002e+07  1.78540102e+02 
 6.30957344e+07 -4.38111846e+01  6.30957344e+07  1.78483843e+02 
 6.45654229e+07 -4.38419369e+01  6.45654229e+07  1.78434048e+02 
 6.60693448e+07 -4.38711576e+01  6.60693448e+07  1.78390188e+02 
 6.76082975e+07 -4.38988382e+01  6.76082975e+07  1.78351723e+02 
 6.91830971e+07 -4.39249736e+01  6.91830971e+07  1.78318106e+02 
 7.07945784e+07 -4.39495622e+01  7.07945784e+07  1.78288779e+02 
 7.24435960e+07 -4.39726059e+01  7.24435960e+07  1.78263180e+02 
 7.41310241e+07 -4.39941106e+01  7.41310241e+07  1.78240743e+02 
 7.58577575e+07 -4.40140859e+01  7.58577575e+07  1.78220899e+02 
 7.76247117e+07 -4.40325453e+01  7.76247117e+07  1.78203080e+02 
 7.94328235e+07 -4.40495064e+01  7.94328235e+07  1.78186718e+02 
 8.12830516e+07 -4.40649906e+01  8.12830516e+07  1.78171252e+02 
 8.31763771e+07 -4.40790233e+01  8.31763771e+07  1.78156125e+02 
 8.51138038e+07 -4.40916341e+01  8.51138038e+07  1.78140787e+02 
 8.70963590e+07 -4.41028561e+01  8.70963590e+07  1.78124701e+02 
 8.91250938e+07 -4.41127265e+01  8.91250938e+07  1.78107339e+02 
 9.12010839e+07 -4.41212860e+01  9.12010839e+07  1.78088188e+02 
 9.33254301e+07 -4.41285788e+01  9.33254301e+07  1.78066751e+02 
 9.54992586e+07 -4.41346528e+01  9.54992586e+07  1.78042547e+02 
 9.77237221e+07 -4.41395589e+01  9.77237221e+07  1.78015114e+02 
 1.00000000e+08 -4.41433508e+01  1.00000000e+08  1.77984013e+02 
