 2.00000000e+01  1.69339588e+03  2.00000000e+01  8.56832403e-01 
 2.24403691e+01  1.50940564e+03  2.24403691e+01  8.56739598e-01 
 2.51785082e+01  1.34544045e+03  2.51785082e+01  8.56664197e-01 
 2.82507509e+01  1.19932572e+03  2.82507509e+01  8.56603738e-01 
 3.16978638e+01  1.06912336e+03  3.16978638e+01  8.56555823e-01 
 3.55655882e+01  9.53106197e+02  3.55655882e+01  8.56518243e-01 
 3.99052463e+01  8.49735141e+02  3.99052463e+01  8.56489040e-01 
 4.47744228e+01  7.57638761e+02  4.47744228e+01  8.56466549e-01 
 5.02377286e+01  6.75595147e+02  5.02377286e+01  8.56449391e-01 
 5.63676586e+01  6.02515703e+02  5.63676586e+01  8.56436461e-01 
 6.32455532e+01  5.37430717e+02  6.32455532e+01  8.56426897e-01 
 7.09626778e+01  4.79476488e+02  7.09626778e+01  8.56420045e-01 
 7.96214341e+01  4.27883866e+02  7.96214341e+01  8.56415428e-01 
 8.93367184e+01  3.81968023e+02  8.93367184e+01  8.56412717e-01 
 1.00237447e+02  3.41119348e+02  1.00237447e+02  8.56411707e-01 
 1.12468265e+02  3.04795312e+02  1.12468265e+02  8.56412303e-01 
 1.26191469e+02  2.72513224e+02  1.26191469e+02  8.56414508e-01 
 1.41589157e+02  2.43843740e+02  1.41589157e+02  8.56418420e-01 
 1.58865647e+02  2.18405074e+02  1.58865647e+02  8.56424235e-01 
 1.78250188e+02  1.95857785e+02  1.78250188e+02  8.56432254e-01 
 2.00000000e+02  1.75900094e+02  2.00000000e+02  8.56442899e-01 
 2.24403691e+02  1.58263640e+02  2.24403691e+02  8.56456731e-01 
 2.51785082e+02  1.42709616e+02  2.51785082e+02  8.56474487e-01 
 2.82507509e+02  1.29025227e+02  2.82507509e+02  8.56497109e-01 
 3.16978638e+02  1.17020423e+02  3.16978638e+02  8.56525800e-01 
 3.55655882e+02  1.06524871e+02  3.55655882e+02  8.56562089e-01 
 3.99052463e+02  9.73851660e+01  3.99052463e+02  8.56607904e-01 
 4.47744228e+02  8.94622769e+01  4.47744228e+02  8.56665685e-01 
 5.02377286e+02  8.26292824e+01  5.02377286e+02  8.56738505e-01 
 5.63676586e+02  7.67694443e+01  5.63676586e+02  8.56830238e-01 
 6.32455532e+02  7.17746837e+01  6.32455532e+02  8.56945761e-01 
 7.09626778e+02  6.75445045e+01  7.09626778e+02  8.57091215e-01 
 7.96214341e+02  6.39853690e+01  7.96214341e+02  8.57274328e-01 
 8.93367184e+02  6.10104705e+01  8.93367184e+02  8.57504824e-01 
 1.00237447e+03  5.85397978e+01  1.00237447e+03  8.57794932e-01 
 1.12468265e+03  5.65003468e+01  1.12468265e+03  8.58160030e-01 
 1.26191469e+03  5.48263349e+01  1.26191469e+03  8.58619449e-01 
 1.41589157e+03  5.34593012e+01  1.41589157e+03  8.59197476e-01 
 1.58865647e+03  5.23480249e+01  1.58865647e+03  8.59924613e-01 
 1.78250188e+03  5.14482443e+01  1.78250188e+03  8.60839138e-01 
 2.00000000e+03  5.07222014e+01  2.00000000e+03  8.61989050e-01 
 2.24403691e+03  5.01380592e+01  2.24403691e+03  8.63434482e-01 
 2.51785082e+03  4.96692470e+01  2.51785082e+03  8.65250664e-01 
 2.82507509e+03  4.92937854e+01  2.82507509e+03  8.67531574e-01 
 3.16978638e+03  4.89936302e+01  3.16978638e+03  8.70394378e-01 
 3.55655882e+03  4.87540621e+01  3.55655882e+03  8.73984796e-01 
 3.99052463e+03  4.85631400e+01  3.99052463e+03  8.78483515e-01 
 4.47744228e+03  4.84112209e+01  4.47744228e+03  8.84113755e-01 
 5.02377286e+03  4.82905502e+01  5.02377286e+03  8.91150029e-01 
 5.63676586e+03  4.81949162e+01  5.63676586e+03  8.99928069e-01 
 6.32455532e+03  4.81193620e+01  6.32455532e+03  9.10855740e-01 
 7.09626778e+03  4.80599506e+01  7.09626778e+03  9.24424604e-01 
 7.96214341e+03  4.80135726e+01  7.96214341e+03  9.41221536e-01 
 8.93367184e+03  4.79777922e+01  8.93367184e+03  9.61939580e-01 
 1.00237447e+04  4.79507245e+01  1.00237447e+04  9.87387018e-01 
 1.12468265e+04  4.79309397e+01  1.12468265e+04  1.01849355e+00 
 1.26191469e+04  4.79173892e+01  1.26191469e+04  1.05631266e+00 
 1.41589157e+04  4.79093513e+01  1.41589157e+04  1.10201958e+00 
 1.58865647e+04  4.79063919e+01  1.58865647e+04  1.15690519e+00 
 1.78250188e+04  4.79083412e+01  1.78250188e+04  1.22236667e+00 
 2.00000000e+04  4.79152810e+01  2.00000000e+04  1.29989680e+00 
 2.24403691e+04  4.79275454e+01  2.24403691e+04  1.39107348e+00 
 2.51785082e+04  4.79457307e+01  2.51785082e+04  1.49755114e+00 
 2.82507509e+04  4.79707159e+01  2.82507509e+04  1.62105413e+00 
 3.16978638e+04  4.80036914e+01  3.16978638e+04  1.76337090e+00 
 3.55655882e+04  4.80461947e+01  3.55655882e+04  1.92634628e+00 
 3.99052463e+04  4.81001504e+01  3.99052463e+04  2.11186769e+00 
 4.47744228e+04  4.81679093e+01  4.47744228e+04  2.32184040e+00 
 5.02377286e+04  4.82522792e+01  5.02377286e+04  2.55814636e+00 
 5.63676586e+04  4.83565377e+01  5.63676586e+04  2.82258131e+00 
 6.32455532e+04  4.84844098e+01  6.32455532e+04  3.11676578e+00 
 7.09626778e+04  4.86399934e+01  7.09626778e+04  3.44202765e+00 
 7.96214341e+04  4.88276106e+01  7.96214341e+04  3.79925809e+00 
 8.93367184e+04  4.90515653e+01  8.93367184e+04  4.18874884e+00 
 1.00237447e+05  4.93157999e+01  1.00237447e+05  4.61002851e+00 
 1.12468265e+05  4.96234621e+01  1.12468265e+05  5.06172631e+00 
 1.26191469e+05  4.99764286e+01  1.26191469e+05  5.54150242e+00 
 1.41589157e+05  5.03748705e+01  1.41589157e+05  6.04608866e+00 
 1.58865647e+05  5.08169766e+01  1.58865647e+05  6.57147577e+00 
 1.78250188e+05  5.12989528e+01  1.78250188e+05  7.11325829e+00 
 2.00000000e+05  5.18153727e+01  2.00000000e+05  7.66710589e+00 
