 2.00000000e+01  3.52501700e-08  2.00000000e+01  1.12716729e-08 
 2.09425710e+01  3.51732298e-08  2.09425710e+01  1.12467809e-08 
 2.19295639e+01  3.50998051e-08  2.19295639e+01  1.12230406e-08 
 2.29630724e+01  3.50297521e-08  2.29630724e+01  1.12004034e-08 
 2.40452887e+01  3.49629303e-08  2.40452887e+01  1.11788221e-08 
 2.51785082e+01  3.48992030e-08  2.51785082e+01  1.11582508e-08 
 2.63651348e+01  3.48384377e-08  2.63651348e+01  1.11386452e-08 
 2.76076853e+01  3.47805060e-08  2.76076853e+01  1.11199626e-08 
 2.89087954e+01  3.47252842e-08  2.89087954e+01  1.11021618e-08 
 3.02712250e+01  3.46726529e-08  3.02712250e+01  1.10852032e-08 
 3.16978638e+01  3.46224975e-08  3.16978638e+01  1.10690488e-08 
 3.31917381e+01  3.45747077e-08  3.31917381e+01  1.10536621e-08 
 3.47560166e+01  3.45291774e-08  3.47560166e+01  1.10390082e-08 
 3.63940172e+01  3.44858049e-08  3.63940172e+01  1.10250535e-08 
 3.81092144e+01  3.44444929e-08  3.81092144e+01  1.10117661e-08 
 3.99052463e+01  3.44051475e-08  3.99052463e+01  1.09991150e-08 
 4.17859226e+01  3.43676792e-08  4.17859226e+01  1.09870710e-08 
 4.37552325e+01  3.43320016e-08  4.37552325e+01  1.09756058e-08 
 4.58173531e+01  3.42980323e-08  4.58173531e+01  1.09646924e-08 
 4.79766584e+01  3.42656920e-08  4.79766584e+01  1.09543050e-08 
 5.02377286e+01  3.42349049e-08  5.02377286e+01  1.09444187e-08 
 5.26053598e+01  3.42055981e-08  5.26053598e+01  1.09350099e-08 
 5.50845741e+01  3.41777020e-08  5.50845741e+01  1.09260558e-08 
 5.76806301e+01  3.41511496e-08  5.76806301e+01  1.09175347e-08 
 6.03990344e+01  3.41258770e-08  6.03990344e+01  1.09094259e-08 
 6.32455532e+01  3.41018231e-08  6.32455532e+01  1.09017095e-08 
 6.62262243e+01  3.40789292e-08  6.62262243e+01  1.08943665e-08 
 6.93473701e+01  3.40571395e-08  6.93473701e+01  1.08873788e-08 
 7.26156110e+01  3.40364003e-08  7.26156110e+01  1.08807290e-08 
 7.60378793e+01  3.40166607e-08  7.60378793e+01  1.08744006e-08 
 7.96214341e+01  3.39978720e-08  7.96214341e+01  1.08683779e-08 
 8.33738767e+01  3.39799876e-08  8.33738767e+01  1.08626459e-08 
 8.73031664e+01  3.39629633e-08  8.73031664e+01  1.08571903e-08 
 9.14176379e+01  3.39467569e-08  9.14176379e+01  1.08519974e-08 
 9.57260185e+01  3.39313282e-08  9.57260185e+01  1.08470542e-08 
 1.00237447e+02  3.39166389e-08  1.00237447e+02  1.08423486e-08 
 1.04961492e+02  3.39026528e-08  1.04961492e+02  1.08378687e-08 
 1.09908175e+02  3.38893351e-08  1.09908175e+02  1.08336034e-08 
 1.15087987e+02  3.38766530e-08  1.15087987e+02  1.08295420e-08 
 1.20511917e+02  3.38645752e-08  1.20511917e+02  1.08256747e-08 
 1.26191469e+02  3.38530720e-08  1.26191469e+02  1.08219916e-08 
 1.32138690e+02  3.38421152e-08  1.32138690e+02  1.08184839e-08 
 1.38366194e+02  3.38316779e-08  1.38366194e+02  1.08151429e-08 
 1.44887192e+02  3.38217348e-08  1.44887192e+02  1.08119604e-08 
 1.51715515e+02  3.38122615e-08  1.51715515e+02  1.08089286e-08 
 1.58865647e+02  3.38032351e-08  1.58865647e+02  1.08060402e-08 
 1.66352754e+02  3.37946338e-08  1.66352754e+02  1.08032881e-08 
 1.74192718e+02  3.37864369e-08  1.74192718e+02  1.08006657e-08 
 1.82402168e+02  3.37786247e-08  1.82402168e+02  1.07981667e-08 
 1.90998517e+02  3.37711785e-08  1.90998517e+02  1.07957851e-08 
 2.00000000e+02  3.37640805e-08  2.00000000e+02  1.07935153e-08 
 2.09425710e+02  3.37573138e-08  2.09425710e+02  1.07913517e-08 
 2.19295639e+02  3.37508626e-08  2.19295639e+02  1.07892893e-08 
 2.29630724e+02  3.37447114e-08  2.29630724e+02  1.07873233e-08 
 2.40452887e+02  3.37388458e-08  2.40452887e+02  1.07854489e-08 
 2.51785082e+02  3.37332521e-08  2.51785082e+02  1.07836618e-08 
 2.63651348e+02  3.37279171e-08  2.63651348e+02  1.07819578e-08 
 2.76076853e+02  3.37228285e-08  2.76076853e+02  1.07803330e-08 
 2.89087954e+02  3.37179743e-08  2.89087954e+02  1.07787836e-08 
 3.02712250e+02  3.37133434e-08  3.02712250e+02  1.07773059e-08 
 3.16978638e+02  3.37089249e-08  3.16978638e+02  1.07758966e-08 
 3.31917381e+02  3.37047088e-08  3.31917381e+02  1.07745525e-08 
 3.47560166e+02  3.37006851e-08  3.47560166e+02  1.07732705e-08 
 3.63940172e+02  3.36968447e-08  3.63940172e+02  1.07720476e-08 
 3.81092144e+02  3.36931788e-08  3.81092144e+02  1.07708811e-08 
 3.99052463e+02  3.36896789e-08  3.99052463e+02  1.07697683e-08 
 4.17859226e+02  3.36863369e-08  4.17859226e+02  1.07687067e-08 
 4.37552325e+02  3.36831452e-08  4.37552325e+02  1.07676938e-08 
 4.58173531e+02  3.36800965e-08  4.58173531e+02  1.07667275e-08 
 4.79766584e+02  3.36771837e-08  4.79766584e+02  1.07658056e-08 
 5.02377286e+02  3.36744002e-08  5.02377286e+02  1.07649259e-08 
 5.26053598e+02  3.36717395e-08  5.26053598e+02  1.07640865e-08 
 5.50845741e+02  3.36691955e-08  5.50845741e+02  1.07632856e-08 
 5.76806301e+02  3.36667622e-08  5.76806301e+02  1.07625213e-08 
 6.03990344e+02  3.36644340e-08  6.03990344e+02  1.07617920e-08 
 6.32455532e+02  3.36622055e-08  6.32455532e+02  1.07610961e-08 
 6.62262243e+02  3.36600713e-08  6.62262243e+02  1.07604319e-08 
 6.93473701e+02  3.36580265e-08  6.93473701e+02  1.07597981e-08 
 7.26156110e+02  3.36560661e-08  7.26156110e+02  1.07591932e-08 
 7.60378793e+02  3.36541854e-08  7.60378793e+02  1.07586160e-08 
 7.96214341e+02  3.36523799e-08  7.96214341e+02  1.07580650e-08 
 8.33738767e+02  3.36506449e-08  8.33738767e+02  1.07575393e-08 
 8.73031664e+02  3.36489762e-08  8.73031664e+02  1.07570375e-08 
 9.14176379e+02  3.36473695e-08  9.14176379e+02  1.07565586e-08 
 9.57260185e+02  3.36458206e-08  9.57260185e+02  1.07561016e-08 
 1.00237447e+03  3.36443254e-08  1.00237447e+03  1.07556654e-08 
 1.04961492e+03  3.36428798e-08  1.04961492e+03  1.07552491e-08 
 1.09908175e+03  3.36414798e-08  1.09908175e+03  1.07548519e-08 
 1.15087987e+03  3.36401214e-08  1.15087987e+03  1.07544728e-08 
 1.20511917e+03  3.36388005e-08  1.20511917e+03  1.07541110e-08 
 1.26191469e+03  3.36375131e-08  1.26191469e+03  1.07537658e-08 
 1.32138690e+03  3.36362552e-08  1.32138690e+03  1.07534364e-08 
 1.38366194e+03  3.36350225e-08  1.38366194e+03  1.07531222e-08 
 1.44887192e+03  3.36338110e-08  1.44887192e+03  1.07528223e-08 
 1.51715515e+03  3.36326162e-08  1.51715515e+03  1.07525363e-08 
 1.58865647e+03  3.36314337e-08  1.58865647e+03  1.07522635e-08 
 1.66352754e+03  3.36302589e-08  1.66352754e+03  1.07520032e-08 
 1.74192718e+03  3.36290870e-08  1.74192718e+03  1.07517551e-08 
 1.82402168e+03  3.36279132e-08  1.82402168e+03  1.07515185e-08 
 1.90998517e+03  3.36267321e-08  1.90998517e+03  1.07512929e-08 
 2.00000000e+03  3.36255382e-08  2.00000000e+03  1.07510780e-08 
 2.09425710e+03  3.36243257e-08  2.09425710e+03  1.07508731e-08 
 2.19295639e+03  3.36230886e-08  2.19295639e+03  1.07506780e-08 
 2.29630724e+03  3.36218202e-08  2.29630724e+03  1.07504923e-08 
 2.40452887e+03  3.36205135e-08  2.40452887e+03  1.07503155e-08 
 2.51785082e+03  3.36191611e-08  2.51785082e+03  1.07501472e-08 
 2.63651348e+03  3.36177549e-08  2.63651348e+03  1.07499873e-08 
 2.76076853e+03  3.36162863e-08  2.76076853e+03  1.07498353e-08 
 2.89087954e+03  3.36147460e-08  2.89087954e+03  1.07496910e-08 
 3.02712250e+03  3.36131239e-08  3.02712250e+03  1.07495541e-08 
 3.16978638e+03  3.36114092e-08  3.16978638e+03  1.07494243e-08 
 3.31917381e+03  3.36095900e-08  3.31917381e+03  1.07493015e-08 
 3.47560166e+03  3.36076535e-08  3.47560166e+03  1.07491853e-08 
 3.63940172e+03  3.36055860e-08  3.63940172e+03  1.07490757e-08 
 3.81092144e+03  3.36033722e-08  3.81092144e+03  1.07489725e-08 
 3.99052463e+03  3.36009958e-08  3.99052463e+03  1.07488754e-08 
 4.17859226e+03  3.35984389e-08  4.17859226e+03  1.07487844e-08 
 4.37552325e+03  3.35956818e-08  4.37552325e+03  1.07486994e-08 
 4.58173531e+03  3.35927034e-08  4.58173531e+03  1.07486202e-08 
 4.79766584e+03  3.35894805e-08  4.79766584e+03  1.07485468e-08 
 5.02377286e+03  3.35859877e-08  5.02377286e+03  1.07484792e-08 
 5.26053598e+03  3.35821973e-08  5.26053598e+03  1.07484173e-08 
 5.50845741e+03  3.35780792e-08  5.50845741e+03  1.07483611e-08 
 5.76806301e+03  3.35736003e-08  5.76806301e+03  1.07483106e-08 
 6.03990344e+03  3.35687246e-08  6.03990344e+03  1.07482660e-08 
 6.32455532e+03  3.35634126e-08  6.32455532e+03  1.07482272e-08 
 6.62262243e+03  3.35576214e-08  6.62262243e+03  1.07481944e-08 
 6.93473701e+03  3.35513038e-08  6.93473701e+03  1.07481678e-08 
 7.26156110e+03  3.35444084e-08  7.26156110e+03  1.07481474e-08 
 7.60378793e+03  3.35368790e-08  7.60378793e+03  1.07481336e-08 
 7.96214341e+03  3.35286543e-08  7.96214341e+03  1.07481265e-08 
 8.33738767e+03  3.35196672e-08  8.33738767e+03  1.07481264e-08 
 8.73031664e+03  3.35098443e-08  8.73031664e+03  1.07481337e-08 
 9.14176379e+03  3.34991057e-08  9.14176379e+03  1.07481487e-08 
 9.57260185e+03  3.34873641e-08  9.57260185e+03  1.07481719e-08 
 1.00237447e+04  3.34745241e-08  1.00237447e+04  1.07482038e-08 
 1.04961492e+04  3.34604816e-08  1.04961492e+04  1.07482449e-08 
 1.09908175e+04  3.34451234e-08  1.09908175e+04  1.07482958e-08 
 1.15087987e+04  3.34283256e-08  1.15087987e+04  1.07483571e-08 
 1.20511917e+04  3.34099535e-08  1.20511917e+04  1.07484298e-08 
 1.26191469e+04  3.33898604e-08  1.26191469e+04  1.07485146e-08 
 1.32138690e+04  3.33678866e-08  1.32138690e+04  1.07486124e-08 
 1.38366194e+04  3.33438584e-08  1.38366194e+04  1.07487243e-08 
 1.44887192e+04  3.33175870e-08  1.44887192e+04  1.07488514e-08 
 1.51715515e+04  3.32888674e-08  1.51715515e+04  1.07489950e-08 
 1.58865647e+04  3.32574773e-08  1.58865647e+04  1.07491566e-08 
 1.66352754e+04  3.32231757e-08  1.66352754e+04  1.07493375e-08 
 1.74192718e+04  3.31857015e-08  1.74192718e+04  1.07495397e-08 
 1.82402168e+04  3.31447727e-08  1.82402168e+04  1.07497648e-08 
 1.90998517e+04  3.31000846e-08  1.90998517e+04  1.07500151e-08 
 2.00000000e+04  3.30513088e-08  2.00000000e+04  1.07502927e-08 
