 2.00000000e+01  6.14344798e+01 
 2.24403691e+01  6.18127735e+01 
 2.51785082e+01  6.22466006e+01 
 2.82507509e+01  6.27376289e+01 
 3.16978638e+01  6.32860635e+01 
 3.55655882e+01  6.38906229e+01 
 3.99052463e+01  6.45486659e+01 
 4.47744228e+01  6.52564436e+01 
 5.02377286e+01  6.60094263e+01 
 5.63676586e+01  6.68026509e+01 
 6.32455532e+01  6.76310386e+01 
 7.09626778e+01  6.84896527e+01 
 7.96214341e+01  6.93738832e+01 
 8.93367184e+01  7.02795587e+01 
 1.00237447e+02  7.12029984e+01 
 1.12468265e+02  7.21410178e+01 
 1.26191469e+02  7.30909039e+01 
 1.41589157e+02  7.40503713e+01 
 1.58865647e+02  7.50175093e+01 
 1.78250188e+02  7.59907265e+01 
 2.00000000e+02  7.69686964e+01 
 2.24403691e+02  7.79503061e+01 
 2.51785082e+02  7.89346096e+01 
 2.82507509e+02  7.99207836e+01 
 3.16978638e+02  8.09080864e+01 
 3.55655882e+02  8.18958174e+01 
 3.99052463e+02  8.28832742e+01 
 4.47744228e+02  8.38697050e+01 
 5.02377286e+02  8.48542518e+01 
 5.63676586e+02  8.58358766e+01 
 6.32455532e+02  8.68132633e+01 
 7.09626778e+02  8.77846815e+01 
 7.96214341e+02  8.87477953e+01 
 8.93367184e+02  8.96993921e+01 
 1.00237447e+03  9.06350037e+01 
 1.12468265e+03  9.15483846e+01 
 1.26191469e+03  9.24308284e+01 
 1.41589157e+03  9.32703365e+01 
 1.58865647e+03  9.40507506e+01 
 1.78250188e+03  9.47511409e+01 
 2.00000000e+03  9.53459935e+01 
 2.24403691e+03  9.58069410e+01 
 2.51785082e+03  9.61065904e+01 
 2.82507509e+03  9.62240680e+01 
 3.16978638e+03  9.61504243e+01 
 3.55655882e+03  9.58912534e+01 
 3.99052463e+03  9.54650256e+01 
 4.47744228e+03  9.48981010e+01 
 5.02377286e+03  9.42189969e+01 
 5.63676586e+03  9.34540702e+01 
 6.32455532e+03  9.26253221e+01 
 7.09626778e+03  9.17499147e+01 
 7.96214341e+03  9.08406507e+01 
 8.93367184e+03  8.99068112e+01 
 1.00237447e+04  8.89550034e+01 
 1.12468265e+04  8.79898767e+01 
 1.26191469e+04  8.70146709e+01 
 1.41589157e+04  8.60316153e+01 
 1.58865647e+04  8.50422090e+01 
 1.78250188e+04  8.40474120e+01 
 2.00000000e+04  8.30477740e+01 
 2.24403691e+04  8.20435175e+01 
 2.51785082e+04  8.10345906e+01 
 2.82507509e+04  8.00206999e+01 
 3.16978638e+04  7.90013290e+01 
 3.55655882e+04  7.79757535e+01 
 3.99052463e+04  7.69430546e+01 
 4.47744228e+04  7.59021432e+01 
 5.02377286e+04  7.48517984e+01 
 5.63676586e+04  7.37907320e+01 
 6.32455532e+04  7.27176836e+01 
 7.09626778e+04  7.16315515e+01 
 7.96214341e+04  7.05315544e+01 
 8.93367184e+04  6.94174073e+01 
 1.00237447e+05  6.82894830e+01 
 1.12468265e+05  6.71489168e+01 
 1.26191469e+05  6.59976095e+01 
 1.41589157e+05  6.48380988e+01 
 1.58865647e+05  6.36732928e+01 
 1.78250188e+05  6.25061022e+01 
 2.00000000e+05  6.13390335e+01 
