 2.00000000e+01  1.69337758e+03  2.00000000e+01  1.74892616e-03 
 2.24403691e+01  1.50938392e+03  2.24403691e+01  1.75766885e-03 
 2.51785082e+01  1.34541504e+03  2.51785082e+01  1.76877605e-03 
 2.82507509e+01  1.19929627e+03  2.82507509e+01  1.78285149e-03 
 3.16978638e+01  1.06908950e+03  3.16978638e+01  1.80062931e-03 
 3.55655882e+01  9.53067492e+02  3.55655882e+01  1.82299433e-03 
 3.99052463e+01  8.49691078e+02  3.99052463e+01  1.85100368e-03 
 4.47744228e+01  7.57588766e+02  4.47744228e+01  1.88590914e-03 
 5.02377286e+01  6.75538567e+02  5.02377286e+01  1.92917857e-03 
 5.63676586e+01  6.02451804e+02  5.63676586e+01  1.98251475e-03 
 6.32455532e+01  5.37358671e+02  6.32455532e+01  2.04786933e-03 
 7.09626778e+01  4.79395371e+02  7.09626778e+01  2.12745039e-03 
 7.96214341e+01  4.27792643e+02  7.96214341e+01  2.22372300e-03 
 8.93367184e+01  3.81865545e+02  8.93367184e+01  2.33940431e-03 
 1.00237447e+02  3.41004339e+02  1.00237447e+02  2.47745618e-03 
 1.12468265e+02  3.04666365e+02  1.12468265e+02  2.64108025e-03 
 1.26191469e+02  2.72368791e+02  1.26191469e+02  2.83372072e-03 
 1.41589157e+02  2.43682136e+02  1.41589157e+02  3.05907947e-03 
 1.58865647e+02  2.18224473e+02  1.58865647e+02  3.32114634e-03 
 1.78250188e+02  1.95656232e+02  1.78250188e+02  3.62424565e-03 
 2.00000000e+02  1.75675520e+02  2.00000000e+02  3.97309786e-03 
 2.24403691e+02  1.58013892e+02  2.24403691e+02  4.37289438e-03 
 2.51785082e+02  1.42432499e+02  2.51785082e+02  4.82938344e-03 
 2.82507509e+02  1.28718566e+02  2.82507509e+02  5.34896520e-03 
 3.16978638e+02  1.16682140e+02  3.16978638e+02  5.93879521e-03 
 3.55655882e+02  1.06153080e+02  3.55655882e+02  6.60689624e-03 
 3.99052463e+02  9.69782824e+01  3.99052463e+02  7.36227921e-03 
 4.47744228e+02  8.90191349e+01  4.47744228e+02  8.21507473e-03 
 5.02377286e+02  8.21492425e+01  5.02377286e+02  9.17667706e-03 
 5.63676586e+02  7.62524813e+01  5.63676586e+02  1.02599027e-02 
 6.32455532e+02  7.12214367e+01  6.32455532e+02  1.14791661e-02 
 7.09626778e+02  6.69562770e+01  7.09626778e+02  1.28506751e-02 
 7.96214341e+02  6.33640737e+01  7.96214341e+02  1.43926491e-02 
 8.93367184e+02  6.03585244e+01  8.93367184e+02  1.61255634e-02 
 1.00237447e+03  5.78599803e+01  1.00237447e+03  1.80724216e-02 
 1.12468265e+03  5.57956419e+01  1.12468265e+03  2.02590628e-02 
 1.26191469e+03  5.40997773e+01  1.26191469e+03  2.27145045e-02 
 1.41589157e+03  5.27138435e+01  1.41589157e+03  2.54713282e-02 
 1.58865647e+03  5.15864357e+01  1.58865647e+03  2.85661112e-02 
 1.78250188e+03  5.06730405e+01  1.78250188e+03  3.20399120e-02 
 2.00000000e+03  4.99356112e+01  2.00000000e+03  3.59388139e-02 
 2.24403691e+03  4.93420113e+01  2.24403691e+03  4.03145350e-02 
 2.51785082e+03  4.88653779e+01  2.51785082e+03  4.52251126e-02 
 2.82507509e+03  4.84834587e+01  2.82507509e+03  5.07356700e-02 
 3.16978638e+03  4.81779614e+01  3.16978638e+03  5.69192761e-02 
 3.55655882e+03  4.79339460e+01  3.55655882e+03  6.38579089e-02 
 3.99052463e+03  4.77392760e+01  3.99052463e+03  7.16435339e-02 
 4.47744228e+03  4.75841360e+01  4.47744228e+03  8.03793123e-02 
 5.02377286e+03  4.74606176e+01  5.02377286e+03  9.01809510e-02 
 5.63676586e+03  4.73623686e+01  5.63676586e+03  1.01178214e-01 
 6.32455532e+03  4.72843006e+01  6.32455532e+03  1.13516606e-01 
 7.09626778e+03  4.72223474e+01  7.09626778e+03  1.27359255e-01 
 7.96214341e+03  4.71732678e+01  7.96214341e+03  1.42889005e-01 
 8.93367184e+03  4.71344848e+01  8.93367184e+03  1.60310739e-01 
 1.00237447e+04  4.71039561e+01  1.00237447e+04  1.79853960e-01 
 1.12468265e+04  4.70800706e+01  1.12468265e+04  2.01775633e-01 
 1.26191469e+04  4.70615651e+01  1.26191469e+04  2.26363311e-01 
 1.41589157e+04  4.70474593e+01  1.41589157e+04  2.53938559e-01 
 1.58865647e+04  4.70370048e+01  1.58865647e+04  2.84860658e-01 
 1.78250188e+04  4.70296455e+01  1.78250188e+04  3.19530592e-01 
 2.00000000e+04  4.70249884e+01  2.00000000e+04  3.58395267e-01 
 2.24403691e+04  4.70227824e+01  2.24403691e+04  4.01951902e-01 
 2.51785082e+04  4.70229040e+01  2.51785082e+04  4.50752481e-01 
 2.82507509e+04  4.70253498e+01  2.82507509e+04  5.05408086e-01 
 3.16978638e+04  4.70302344e+01  3.16978638e+04  5.66592855e-01 
 3.55655882e+04  4.70377928e+01  3.55655882e+04  6.35047200e-01 
 3.99052463e+04  4.70483881e+01  3.99052463e+04  7.11579785e-01 
 4.47744228e+04  4.70625232e+01  4.47744228e+04  7.97067556e-01 
 5.02377286e+04  4.70808552e+01  5.02377286e+04  8.92452970e-01 
 5.63676586e+04  4.71042127e+01  5.63676586e+04  9.98737327e-01 
 6.32455532e+04  4.71336125e+01  6.32455532e+04  1.11696894e+00 
 7.09626778e+04  4.71702740e+01  7.09626778e+04  1.24822486e+00 
 7.96214341e+04  4.72156266e+01  7.96214341e+04  1.39358504e+00 
 8.93367184e+04  4.72713045e+01  8.93367184e+04  1.55409851e+00 
 1.00237447e+05  4.73391225e+01  1.00237447e+05  1.73074232e+00 
 1.12468265e+05  4.74210274e+01  1.12468265e+05  1.92437645e+00 
 1.26191469e+05  4.75190186e+01  1.26191469e+05  2.13570089e+00 
 1.41589157e+05  4.76350420e+01  1.41589157e+05  2.36522497e+00 
 1.58865647e+05  4.77708671e+01  1.58865647e+05  2.61326272e+00 
 1.78250188e+05  4.79279723e+01  1.78250188e+05  2.87996899e+00 
 2.00000000e+05  4.81074740e+01  2.00000000e+05  3.16542802e+00 
