 2.00000000e+01  9.00199637e-09  2.00000000e+01  9.01218593e-09 
 2.04658598e+01  8.98796271e-09  2.04658598e+01  8.99801371e-09 
 2.09425710e+01  8.97426227e-09  2.09425710e+01  8.98418098e-09 
 2.14303861e+01  8.96088693e-09  2.14303861e+01  8.97067931e-09 
 2.19295639e+01  8.94782878e-09  2.19295639e+01  8.95750052e-09 
 2.24403691e+01  8.93508011e-09  2.24403691e+01  8.94463661e-09 
 2.29630724e+01  8.92263338e-09  2.29630724e+01  8.93207981e-09 
 2.34979511e+01  8.91048125e-09  2.34979511e+01  8.91982254e-09 
 2.40452887e+01  8.89861659e-09  2.40452887e+01  8.90785742e-09 
 2.46053754e+01  8.88703242e-09  2.46053754e+01  8.89617726e-09 
 2.51785082e+01  8.87572192e-09  2.51785082e+01  8.88477505e-09 
 2.57649910e+01  8.86467849e-09  2.57649910e+01  8.87364397e-09 
 2.63651348e+01  8.85389565e-09  2.63651348e+01  8.86277736e-09 
 2.69792577e+01  8.84336710e-09  2.69792577e+01  8.85216874e-09 
 2.76076853e+01  8.83308671e-09  2.76076853e+01  8.84181181e-09 
 2.82507509e+01  8.82304846e-09  2.82507509e+01  8.83170040e-09 
 2.89087954e+01  8.81324654e-09  2.89087954e+01  8.82182851e-09 
 2.95821678e+01  8.80367523e-09  2.95821678e+01  8.81219032e-09 
 3.02712250e+01  8.79432899e-09  3.02712250e+01  8.80278011e-09 
 3.09763324e+01  8.78520239e-09  3.09763324e+01  8.79359234e-09 
 3.16978638e+01  8.77629017e-09  3.16978638e+01  8.78462161e-09 
 3.24362019e+01  8.76758716e-09  3.24362019e+01  8.77586263e-09 
 3.31917381e+01  8.75908834e-09  3.31917381e+01  8.76731027e-09 
 3.39648730e+01  8.75078882e-09  3.39648730e+01  8.75895953e-09 
 3.47560166e+01  8.74268382e-09  3.47560166e+01  8.75080552e-09 
 3.55655882e+01  8.73476867e-09  3.55655882e+01  8.74284348e-09 
 3.63940172e+01  8.72703884e-09  3.63940172e+01  8.73506877e-09 
 3.72417427e+01  8.71948990e-09  3.72417427e+01  8.72747687e-09 
 3.81092144e+01  8.71211752e-09  3.81092144e+01  8.72006338e-09 
 3.89968920e+01  8.70491749e-09  3.89968920e+01  8.71282399e-09 
 3.99052463e+01  8.69788569e-09  3.99052463e+01  8.70575452e-09 
 4.08347589e+01  8.69101812e-09  4.08347589e+01  8.69885087e-09 
 4.17859226e+01  8.68431086e-09  4.17859226e+01  8.69210907e-09 
 4.27592418e+01  8.67776010e-09  4.27592418e+01  8.68552522e-09 
 4.37552325e+01  8.67136211e-09  4.37552325e+01  8.67909555e-09 
 4.47744228e+01  8.66511326e-09  4.47744228e+01  8.67281636e-09 
 4.58173531e+01  8.65901002e-09  4.58173531e+01  8.66668405e-09 
 4.68845763e+01  8.65304892e-09  4.68845763e+01  8.66069511e-09 
 4.79766584e+01  8.64722660e-09  4.79766584e+01  8.65484610e-09 
 4.90941783e+01  8.64153976e-09  4.90941783e+01  8.64913370e-09 
 5.02377286e+01  8.63598520e-09  5.02377286e+01  8.64355464e-09 
 5.14079157e+01  8.63055978e-09  5.14079157e+01  8.63810574e-09 
 5.26053598e+01  8.62526046e-09  5.26053598e+01  8.63278391e-09 
 5.38306961e+01  8.62008425e-09  5.38306961e+01  8.62758612e-09 
 5.50845741e+01  8.61502824e-09  5.50845741e+01  8.62250943e-09 
 5.63676586e+01  8.61008960e-09  5.63676586e+01  8.61755096e-09 
 5.76806301e+01  8.60526555e-09  5.76806301e+01  8.61270789e-09 
 5.90241845e+01  8.60055340e-09  5.90241845e+01  8.60797751e-09 
 6.03990344e+01  8.59595051e-09  6.03990344e+01  8.60335713e-09 
 6.18059087e+01  8.59145431e-09  6.18059087e+01  8.59884415e-09 
 6.32455532e+01  8.58706229e-09  6.32455532e+01  8.59443603e-09 
 6.47187314e+01  8.58277199e-09  6.47187314e+01  8.59013029e-09 
 6.62262243e+01  8.57858103e-09  6.62262243e+01  8.58592452e-09 
 6.77688312e+01  8.57448708e-09  6.77688312e+01  8.58181634e-09 
 6.93473701e+01  8.57048785e-09  6.93473701e+01  8.57780346e-09 
 7.09626778e+01  8.56658112e-09  7.09626778e+01  8.57388364e-09 
 7.26156110e+01  8.56276473e-09  7.26156110e+01  8.57005468e-09 
 7.43070458e+01  8.55903656e-09  7.43070458e+01  8.56631443e-09 
 7.60378793e+01  8.55539454e-09  7.60378793e+01  8.56266082e-09 
 7.78090290e+01  8.55183665e-09  7.78090290e+01  8.55909181e-09 
 7.96214341e+01  8.54836094e-09  7.96214341e+01  8.55560540e-09 
 8.14760556e+01  8.54496546e-09  8.14760556e+01  8.55219966e-09 
 8.33738767e+01  8.54164836e-09  8.33738767e+01  8.54887269e-09 
 8.53159038e+01  8.53840780e-09  8.53159038e+01  8.54562266e-09 
 8.73031664e+01  8.53524199e-09  8.73031664e+01  8.54244774e-09 
 8.93367184e+01  8.53214919e-09  8.93367184e+01  8.53934619e-09 
 9.14176379e+01  8.52912769e-09  9.14176379e+01  8.53631628e-09 
 9.35470283e+01  8.52617584e-09  9.35470283e+01  8.53335634e-09 
 9.57260185e+01  8.52329200e-09  9.57260185e+01  8.53046474e-09 
 9.79557639e+01  8.52047460e-09  9.79557639e+01  8.52763986e-09 
 1.00237447e+02  8.51772209e-09  1.00237447e+02  8.52488017e-09 
 1.02572277e+02  8.51503295e-09  1.02572277e+02  8.52218412e-09 
 1.04961492e+02  8.51240572e-09  1.04961492e+02  8.51955025e-09 
 1.07406359e+02  8.50983896e-09  1.07406359e+02  8.51697709e-09 
 1.09908175e+02  8.50733125e-09  1.09908175e+02  8.51446324e-09 
 1.12468265e+02  8.50488124e-09  1.12468265e+02  8.51200730e-09 
 1.15087987e+02  8.50248757e-09  1.15087987e+02  8.50960794e-09 
 1.17768731e+02  8.50014894e-09  1.17768731e+02  8.50726383e-09 
 1.20511917e+02  8.49786407e-09  1.20511917e+02  8.50497368e-09 
 1.23319000e+02  8.49563171e-09  1.23319000e+02  8.50273625e-09 
 1.26191469e+02  8.49345066e-09  1.26191469e+02  8.50055031e-09 
 1.29130846e+02  8.49131972e-09  1.29130846e+02  8.49841466e-09 
 1.32138690e+02  8.48923772e-09  1.32138690e+02  8.49632812e-09 
 1.35216595e+02  8.48720354e-09  1.35216595e+02  8.49428957e-09 
 1.38366194e+02  8.48521606e-09  1.38366194e+02  8.49229789e-09 
 1.41589157e+02  8.48327421e-09  1.41589157e+02  8.49035199e-09 
 1.44887192e+02  8.48137693e-09  1.44887192e+02  8.48845080e-09 
 1.48262048e+02  8.47952320e-09  1.48262048e+02  8.48659330e-09 
 1.51715515e+02  8.47771199e-09  1.51715515e+02  8.48477847e-09 
 1.55249423e+02  8.47594234e-09  1.55249423e+02  8.48300532e-09 
 1.58865647e+02  8.47421327e-09  1.58865647e+02  8.48127288e-09 
 1.62566103e+02  8.47252386e-09  1.62566103e+02  8.47958022e-09 
 1.66352754e+02  8.47087319e-09  1.66352754e+02  8.47792640e-09 
 1.70227608e+02  8.46926035e-09  1.70227608e+02  8.47631055e-09 
 1.74192718e+02  8.46768449e-09  1.74192718e+02  8.47473177e-09 
 1.78250188e+02  8.46614475e-09  1.78250188e+02  8.47318921e-09 
 1.82402168e+02  8.46464028e-09  1.82402168e+02  8.47168203e-09 
 1.86650860e+02  8.46317029e-09  1.86650860e+02  8.47020941e-09 
 1.90998517e+02  8.46173398e-09  1.90998517e+02  8.46877056e-09 
 1.95447444e+02  8.46033056e-09  1.95447444e+02  8.46736470e-09 
 2.00000000e+02  8.45895928e-09  2.00000000e+02  8.46599107e-09 
 2.04658598e+02  8.45761941e-09  2.04658598e+02  8.46464891e-09 
 2.09425710e+02  8.45631021e-09  2.09425710e+02  8.46333751e-09 
 2.14303861e+02  8.45503098e-09  2.14303861e+02  8.46205616e-09 
 2.19295639e+02  8.45378104e-09  2.19295639e+02  8.46080416e-09 
 2.24403691e+02  8.45255970e-09  2.24403691e+02  8.45958084e-09 
 2.29630724e+02  8.45136631e-09  2.29630724e+02  8.45838554e-09 
 2.34979511e+02  8.45020023e-09  2.34979511e+02  8.45721761e-09 
 2.40452887e+02  8.44906083e-09  2.40452887e+02  8.45607641e-09 
 2.46053754e+02  8.44794750e-09  2.46053754e+02  8.45496135e-09 
 2.51785082e+02  8.44685963e-09  2.51785082e+02  8.45387180e-09 
 2.57649910e+02  8.44579664e-09  2.57649910e+02  8.45280719e-09 
 2.63651348e+02  8.44475796e-09  2.63651348e+02  8.45176695e-09 
 2.69792577e+02  8.44374304e-09  2.69792577e+02  8.45075050e-09 
 2.76076853e+02  8.44275131e-09  2.76076853e+02  8.44975731e-09 
 2.82507509e+02  8.44178226e-09  2.82507509e+02  8.44878684e-09 
 2.89087954e+02  8.44083537e-09  2.89087954e+02  8.44783857e-09 
 2.95821678e+02  8.43991011e-09  2.95821678e+02  8.44691199e-09 
 3.02712250e+02  8.43900601e-09  3.02712250e+02  8.44600659e-09 
 3.09763324e+02  8.43812256e-09  3.09763324e+02  8.44512190e-09 
 3.16978638e+02  8.43725930e-09  3.16978638e+02  8.44425743e-09 
 3.24362019e+02  8.43641577e-09  3.24362019e+02  8.44341273e-09 
 3.31917381e+02  8.43559151e-09  3.31917381e+02  8.44258733e-09 
 3.39648730e+02  8.43478608e-09  3.39648730e+02  8.44178080e-09 
 3.47560166e+02  8.43399904e-09  3.47560166e+02  8.44099270e-09 
 3.55655882e+02  8.43322999e-09  3.55655882e+02  8.44022261e-09 
 3.63940172e+02  8.43247850e-09  3.63940172e+02  8.43947011e-09 
 3.72417427e+02  8.43174416e-09  3.72417427e+02  8.43873481e-09 
 3.81092144e+02  8.43102660e-09  3.81092144e+02  8.43801630e-09 
 3.89968920e+02  8.43032543e-09  3.89968920e+02  8.43731421e-09 
 3.99052463e+02  8.42964026e-09  3.99052463e+02  8.43662816e-09 
 4.08347589e+02  8.42897073e-09  4.08347589e+02  8.43595777e-09 
 4.17859226e+02  8.42831649e-09  4.17859226e+02  8.43530269e-09 
 4.27592418e+02  8.42767718e-09  4.27592418e+02  8.43466257e-09 
 4.37552325e+02  8.42705247e-09  4.37552325e+02  8.43403706e-09 
 4.47744228e+02  8.42644201e-09  4.47744228e+02  8.43342583e-09 
 4.58173531e+02  8.42584548e-09  4.58173531e+02  8.43282856e-09 
 4.68845763e+02  8.42526257e-09  4.68845763e+02  8.43224492e-09 
 4.79766584e+02  8.42469296e-09  4.79766584e+02  8.43167460e-09 
 4.90941783e+02  8.42413634e-09  4.90941783e+02  8.43111730e-09 
 5.02377286e+02  8.42359242e-09  5.02377286e+02  8.43057271e-09 
 5.14079157e+02  8.42306091e-09  5.14079157e+02  8.43004055e-09 
 5.26053598e+02  8.42254153e-09  5.26053598e+02  8.42952054e-09 
 5.38306961e+02  8.42203399e-09  5.38306961e+02  8.42901238e-09 
 5.50845741e+02  8.42153803e-09  5.50845741e+02  8.42851582e-09 
 5.63676586e+02  8.42105338e-09  5.63676586e+02  8.42803058e-09 
 5.76806301e+02  8.42057979e-09  5.76806301e+02  8.42755641e-09 
 5.90241845e+02  8.42011699e-09  5.90241845e+02  8.42709306e-09 
 6.03990344e+02  8.41966474e-09  6.03990344e+02  8.42664027e-09 
 6.18059087e+02  8.41922281e-09  6.18059087e+02  8.42619780e-09 
 6.32455532e+02  8.41879095e-09  6.32455532e+02  8.42576542e-09 
 6.47187314e+02  8.41836894e-09  6.47187314e+02  8.42534290e-09 
 6.62262243e+02  8.41795655e-09  6.62262243e+02  8.42493001e-09 
 6.77688312e+02  8.41755355e-09  6.77688312e+02  8.42452653e-09 
 6.93473701e+02  8.41715974e-09  6.93473701e+02  8.42413225e-09 
 7.09626778e+02  8.41677491e-09  7.09626778e+02  8.42374695e-09 
 7.26156110e+02  8.41639885e-09  7.26156110e+02  8.42337043e-09 
 7.43070458e+02  8.41603135e-09  7.43070458e+02  8.42300248e-09 
 7.60378793e+02  8.41567223e-09  7.60378793e+02  8.42264292e-09 
 7.78090290e+02  8.41532129e-09  7.78090290e+02  8.42229154e-09 
 7.96214341e+02  8.41497834e-09  7.96214341e+02  8.42194817e-09 
 8.14760556e+02  8.41464321e-09  8.14760556e+02  8.42161262e-09 
 8.33738767e+02  8.41431571e-09  8.33738767e+02  8.42128471e-09 
 8.53159038e+02  8.41399566e-09  8.53159038e+02  8.42096425e-09 
 8.73031664e+02  8.41368291e-09  8.73031664e+02  8.42065110e-09 
 8.93367184e+02  8.41337727e-09  8.93367184e+02  8.42034507e-09 
 9.14176379e+02  8.41307859e-09  9.14176379e+02  8.42004600e-09 
 9.35470283e+02  8.41278672e-09  9.35470283e+02  8.41975373e-09 
 9.57260185e+02  8.41250148e-09  9.57260185e+02  8.41946811e-09 
 9.79557639e+02  8.41222274e-09  9.79557639e+02  8.41918899e-09 
 1.00237447e+03  8.41195033e-09  1.00237447e+03  8.41891621e-09 
 1.02572277e+03  8.41168413e-09  1.02572277e+03  8.41864963e-09 
 1.04961492e+03  8.41142398e-09  1.04961492e+03  8.41838911e-09 
 1.07406359e+03  8.41116975e-09  1.07406359e+03  8.41813450e-09 
 1.09908175e+03  8.41092129e-09  1.09908175e+03  8.41788568e-09 
 1.12468265e+03  8.41067849e-09  1.12468265e+03  8.41764251e-09 
 1.15087987e+03  8.41044121e-09  1.15087987e+03  8.41740486e-09 
 1.17768731e+03  8.41020932e-09  1.17768731e+03  8.41717259e-09 
 1.20511917e+03  8.40998269e-09  1.20511917e+03  8.41694560e-09 
 1.23319000e+03  8.40976122e-09  1.23319000e+03  8.41672375e-09 
 1.26191469e+03  8.40954477e-09  1.26191469e+03  8.41650694e-09 
 1.29130846e+03  8.40933324e-09  1.29130846e+03  8.41629503e-09 
 1.32138690e+03  8.40912651e-09  1.32138690e+03  8.41608792e-09 
 1.35216595e+03  8.40892447e-09  1.35216595e+03  8.41588550e-09 
 1.38366194e+03  8.40872702e-09  1.38366194e+03  8.41568766e-09 
 1.41589157e+03  8.40853404e-09  1.41589157e+03  8.41549429e-09 
 1.44887192e+03  8.40834543e-09  1.44887192e+03  8.41530529e-09 
 1.48262048e+03  8.40816110e-09  1.48262048e+03  8.41512056e-09 
 1.51715515e+03  8.40798095e-09  1.51715515e+03  8.41494000e-09 
 1.55249423e+03  8.40780487e-09  1.55249423e+03  8.41476351e-09 
 1.58865647e+03  8.40763278e-09  1.58865647e+03  8.41459100e-09 
 1.62566103e+03  8.40746458e-09  1.62566103e+03  8.41442237e-09 
 1.66352754e+03  8.40730019e-09  1.66352754e+03  8.41425753e-09 
 1.70227608e+03  8.40713951e-09  1.70227608e+03  8.41409640e-09 
 1.74192718e+03  8.40698245e-09  1.74192718e+03  8.41393889e-09 
 1.78250188e+03  8.40682895e-09  1.78250188e+03  8.41378491e-09 
 1.82402168e+03  8.40667890e-09  1.82402168e+03  8.41363439e-09 
 1.86650860e+03  8.40653223e-09  1.86650860e+03  8.41348723e-09 
 1.90998517e+03  8.40638887e-09  1.90998517e+03  8.41334336e-09 
 1.95447444e+03  8.40624873e-09  1.95447444e+03  8.41320270e-09 
 2.00000000e+03  8.40611174e-09  2.00000000e+03  8.41306517e-09 
 2.04658598e+03  8.40597783e-09  2.04658598e+03  8.41293071e-09 
 2.09425710e+03  8.40584692e-09  2.09425710e+03  8.41279923e-09 
 2.14303861e+03  8.40571895e-09  2.14303861e+03  8.41267066e-09 
 2.19295639e+03  8.40559384e-09  2.19295639e+03  8.41254494e-09 
 2.24403691e+03  8.40547152e-09  2.24403691e+03  8.41242200e-09 
 2.29630724e+03  8.40535194e-09  2.29630724e+03  8.41230177e-09 
 2.34979511e+03  8.40523502e-09  2.34979511e+03  8.41218418e-09 
 2.40452887e+03  8.40512071e-09  2.40452887e+03  8.41206916e-09 
 2.46053754e+03  8.40500893e-09  2.46053754e+03  8.41195667e-09 
 2.51785082e+03  8.40489963e-09  2.51785082e+03  8.41184662e-09 
 2.57649910e+03  8.40479276e-09  2.57649910e+03  8.41173896e-09 
 2.63651348e+03  8.40468824e-09  2.63651348e+03  8.41163364e-09 
 2.69792577e+03  8.40458603e-09  2.69792577e+03  8.41153059e-09 
 2.76076853e+03  8.40448606e-09  2.76076853e+03  8.41142975e-09 
 2.82507509e+03  8.40438829e-09  2.82507509e+03  8.41133107e-09 
 2.89087954e+03  8.40429266e-09  2.89087954e+03  8.41123449e-09 
 2.95821678e+03  8.40419911e-09  2.95821678e+03  8.41113996e-09 
 3.02712250e+03  8.40410760e-09  3.02712250e+03  8.41104743e-09 
 3.09763324e+03  8.40401807e-09  3.09763324e+03  8.41095683e-09 
 3.16978638e+03  8.40393047e-09  3.16978638e+03  8.41086813e-09 
 3.24362019e+03  8.40384476e-09  3.24362019e+03  8.41078126e-09 
 3.31917381e+03  8.40376088e-09  3.31917381e+03  8.41069618e-09 
 3.39648730e+03  8.40367880e-09  3.39648730e+03  8.41061283e-09 
 3.47560166e+03  8.40359845e-09  3.47560166e+03  8.41053118e-09 
 3.55655882e+03  8.40351980e-09  3.55655882e+03  8.41045116e-09 
 3.63940172e+03  8.40344281e-09  3.63940172e+03  8.41037274e-09 
 3.72417427e+03  8.40336742e-09  3.72417427e+03  8.41029586e-09 
 3.81092144e+03  8.40329360e-09  3.81092144e+03  8.41022048e-09 
 3.89968920e+03  8.40322129e-09  3.89968920e+03  8.41014655e-09 
 3.99052463e+03  8.40315047e-09  3.99052463e+03  8.41007403e-09 
 4.08347589e+03  8.40308108e-09  4.08347589e+03  8.41000287e-09 
 4.17859226e+03  8.40301309e-09  4.17859226e+03  8.40993303e-09 
 4.27592418e+03  8.40294646e-09  4.27592418e+03  8.40986446e-09 
 4.37552325e+03  8.40288114e-09  4.37552325e+03  8.40979713e-09 
 4.47744228e+03  8.40281710e-09  4.47744228e+03  8.40973097e-09 
 4.58173531e+03  8.40275430e-09  4.58173531e+03  8.40966596e-09 
 4.68845763e+03  8.40269270e-09  4.68845763e+03  8.40960205e-09 
 4.79766584e+03  8.40263226e-09  4.79766584e+03  8.40953920e-09 
 4.90941783e+03  8.40257294e-09  4.90941783e+03  8.40947736e-09 
 5.02377286e+03  8.40251470e-09  5.02377286e+03  8.40941649e-09 
 5.14079157e+03  8.40245752e-09  5.14079157e+03  8.40935655e-09 
 5.26053598e+03  8.40240135e-09  5.26053598e+03  8.40929749e-09 
 5.38306961e+03  8.40234615e-09  5.38306961e+03  8.40923927e-09 
 5.50845741e+03  8.40229189e-09  5.50845741e+03  8.40918186e-09 
 5.63676586e+03  8.40223853e-09  5.63676586e+03  8.40912520e-09 
 5.76806301e+03  8.40218604e-09  5.76806301e+03  8.40906926e-09 
 5.90241845e+03  8.40213438e-09  5.90241845e+03  8.40901399e-09 
 6.03990344e+03  8.40208351e-09  6.03990344e+03  8.40895934e-09 
 6.18059087e+03  8.40203339e-09  6.18059087e+03  8.40890528e-09 
 6.32455532e+03  8.40198400e-09  6.32455532e+03  8.40885176e-09 
 6.47187314e+03  8.40193530e-09  6.47187314e+03  8.40879873e-09 
 6.62262243e+03  8.40188724e-09  6.62262243e+03  8.40874615e-09 
 6.77688312e+03  8.40183980e-09  6.77688312e+03  8.40869397e-09 
 6.93473701e+03  8.40179293e-09  6.93473701e+03  8.40864215e-09 
 7.09626778e+03  8.40174660e-09  7.09626778e+03  8.40859064e-09 
 7.26156110e+03  8.40170077e-09  7.26156110e+03  8.40853939e-09 
 7.43070458e+03  8.40165541e-09  7.43070458e+03  8.40848836e-09 
 7.60378793e+03  8.40161047e-09  7.60378793e+03  8.40843748e-09 
 7.78090290e+03  8.40156592e-09  7.78090290e+03  8.40838672e-09 
 7.96214341e+03  8.40152172e-09  7.96214341e+03  8.40833603e-09 
 8.14760556e+03  8.40147783e-09  8.14760556e+03  8.40828534e-09 
 8.33738767e+03  8.40143421e-09  8.33738767e+03  8.40823461e-09 
 8.53159038e+03  8.40139082e-09  8.53159038e+03  8.40818377e-09 
 8.73031664e+03  8.40134762e-09  8.73031664e+03  8.40813279e-09 
 8.93367184e+03  8.40130456e-09  8.93367184e+03  8.40808158e-09 
 9.14176379e+03  8.40126161e-09  9.14176379e+03  8.40803011e-09 
 9.35470283e+03  8.40121872e-09  9.35470283e+03  8.40797830e-09 
 9.57260185e+03  8.40117584e-09  9.57260185e+03  8.40792609e-09 
 9.79557639e+03  8.40113294e-09  9.79557639e+03  8.40787342e-09 
 1.00237447e+04  8.40108996e-09  1.00237447e+04  8.40782023e-09 
 1.02572277e+04  8.40104685e-09  1.02572277e+04  8.40776644e-09 
 1.04961492e+04  8.40100357e-09  1.04961492e+04  8.40771198e-09 
 1.07406359e+04  8.40096007e-09  1.07406359e+04  8.40765678e-09 
 1.09908175e+04  8.40091629e-09  1.09908175e+04  8.40760077e-09 
 1.12468265e+04  8.40087219e-09  1.12468265e+04  8.40754386e-09 
 1.15087987e+04  8.40082770e-09  1.15087987e+04  8.40748599e-09 
 1.17768731e+04  8.40078277e-09  1.17768731e+04  8.40742705e-09 
 1.20511917e+04  8.40073734e-09  1.20511917e+04  8.40736698e-09 
 1.23319000e+04  8.40069135e-09  1.23319000e+04  8.40730567e-09 
 1.26191469e+04  8.40064474e-09  1.26191469e+04  8.40724304e-09 
 1.29130846e+04  8.40059745e-09  1.29130846e+04  8.40717899e-09 
 1.32138690e+04  8.40054941e-09  1.32138690e+04  8.40711343e-09 
 1.35216595e+04  8.40050055e-09  1.35216595e+04  8.40704624e-09 
 1.38366194e+04  8.40045079e-09  1.38366194e+04  8.40697733e-09 
 1.41589157e+04  8.40040007e-09  1.41589157e+04  8.40690657e-09 
 1.44887192e+04  8.40034831e-09  1.44887192e+04  8.40683387e-09 
 1.48262048e+04  8.40029543e-09  1.48262048e+04  8.40675909e-09 
 1.51715515e+04  8.40024134e-09  1.51715515e+04  8.40668211e-09 
 1.55249423e+04  8.40018596e-09  1.55249423e+04  8.40660281e-09 
 1.58865647e+04  8.40012921e-09  1.58865647e+04  8.40652105e-09 
 1.62566103e+04  8.40007099e-09  1.62566103e+04  8.40643669e-09 
 1.66352754e+04  8.40001120e-09  1.66352754e+04  8.40634959e-09 
 1.70227608e+04  8.39994974e-09  1.70227608e+04  8.40625960e-09 
 1.74192718e+04  8.39988651e-09  1.74192718e+04  8.40616655e-09 
 1.78250188e+04  8.39982140e-09  1.78250188e+04  8.40607030e-09 
 1.82402168e+04  8.39975431e-09  1.82402168e+04  8.40597066e-09 
 1.86650860e+04  8.39968510e-09  1.86650860e+04  8.40586747e-09 
 1.90998517e+04  8.39961366e-09  1.90998517e+04  8.40576054e-09 
 1.95447444e+04  8.39953986e-09  1.95447444e+04  8.40564969e-09 
 2.00000000e+04  8.39946357e-09  2.00000000e+04  8.40553470e-09 
