 1.00000000e+00  7.79842143e+01  1.00000000e+00  1.78463449e+02 
 1.02329299e+00  7.79838502e+01  1.02329299e+00  1.78430900e+02 
 1.04712855e+00  7.79834867e+01  1.04712855e+00  1.78397575e+02 
 1.07151931e+00  7.79831234e+01  1.07151931e+00  1.78363454e+02 
 1.09647820e+00  7.79827600e+01  1.09647820e+00  1.78328518e+02 
 1.12201845e+00  7.79823961e+01  1.12201845e+00  1.78292745e+02 
 1.14815362e+00  7.79820313e+01  1.14815362e+00  1.78256114e+02 
 1.17489755e+00  7.79816652e+01  1.17489755e+00  1.78218604e+02 
 1.20226443e+00  7.79812973e+01  1.20226443e+00  1.78180193e+02 
 1.23026877e+00  7.79809271e+01  1.23026877e+00  1.78140860e+02 
 1.25892541e+00  7.79805542e+01  1.25892541e+00  1.78100580e+02 
 1.28824955e+00  7.79801779e+01  1.28824955e+00  1.78059332e+02 
 1.31825674e+00  7.79797978e+01  1.31825674e+00  1.78017092e+02 
 1.34896288e+00  7.79794133e+01  1.34896288e+00  1.77973835e+02 
 1.38038426e+00  7.79790238e+01  1.38038426e+00  1.77929538e+02 
 1.41253754e+00  7.79786286e+01  1.41253754e+00  1.77884176e+02 
 1.44543977e+00  7.79782271e+01  1.44543977e+00  1.77837723e+02 
 1.47910839e+00  7.79778186e+01  1.47910839e+00  1.77790153e+02 
 1.51356125e+00  7.79774025e+01  1.51356125e+00  1.77741440e+02 
 1.54881662e+00  7.79769779e+01  1.54881662e+00  1.77691558e+02 
 1.58489319e+00  7.79765442e+01  1.58489319e+00  1.77640478e+02 
 1.62181010e+00  7.79761005e+01  1.62181010e+00  1.77588173e+02 
 1.65958691e+00  7.79756461e+01  1.65958691e+00  1.77534615e+02 
 1.69824365e+00  7.79751800e+01  1.69824365e+00  1.77479773e+02 
 1.73780083e+00  7.79747014e+01  1.73780083e+00  1.77423619e+02 
 1.77827941e+00  7.79742094e+01  1.77827941e+00  1.77366122e+02 
 1.81970086e+00  7.79737030e+01  1.81970086e+00  1.77307251e+02 
 1.86208714e+00  7.79731812e+01  1.86208714e+00  1.77246975e+02 
 1.90546072e+00  7.79726431e+01  1.90546072e+00  1.77185260e+02 
 1.94984460e+00  7.79720875e+01  1.94984460e+00  1.77122075e+02 
 1.99526231e+00  7.79715133e+01  1.99526231e+00  1.77057386e+02 
 2.04173794e+00  7.79709193e+01  2.04173794e+00  1.76991158e+02 
 2.08929613e+00  7.79703045e+01  2.08929613e+00  1.76923356e+02 
 2.13796209e+00  7.79696675e+01  2.13796209e+00  1.76853944e+02 
 2.18776162e+00  7.79690070e+01  2.18776162e+00  1.76782886e+02 
 2.23872114e+00  7.79683218e+01  2.23872114e+00  1.76710144e+02 
 2.29086765e+00  7.79676103e+01  2.29086765e+00  1.76635680e+02 
 2.34422882e+00  7.79668711e+01  2.34422882e+00  1.76559455e+02 
 2.39883292e+00  7.79661027e+01  2.39883292e+00  1.76481429e+02 
 2.45470892e+00  7.79653036e+01  2.45470892e+00  1.76401562e+02 
 2.51188643e+00  7.79644720e+01  2.51188643e+00  1.76319812e+02 
 2.57039578e+00  7.79636062e+01  2.57039578e+00  1.76236137e+02 
 2.63026799e+00  7.79627045e+01  2.63026799e+00  1.76150492e+02 
 2.69153480e+00  7.79617650e+01  2.69153480e+00  1.76062835e+02 
 2.75422870e+00  7.79607857e+01  2.75422870e+00  1.75973119e+02 
 2.81838293e+00  7.79597646e+01  2.81838293e+00  1.75881299e+02 
 2.88403150e+00  7.79586996e+01  2.88403150e+00  1.75787327e+02 
 2.95120923e+00  7.79575884e+01  2.95120923e+00  1.75691155e+02 
 3.01995172e+00  7.79564287e+01  3.01995172e+00  1.75592735e+02 
 3.09029543e+00  7.79552182e+01  3.09029543e+00  1.75492015e+02 
 3.16227766e+00  7.79539544e+01  3.16227766e+00  1.75388945e+02 
 3.23593657e+00  7.79526345e+01  3.23593657e+00  1.75283473e+02 
 3.31131121e+00  7.79512558e+01  3.31131121e+00  1.75175544e+02 
 3.38844156e+00  7.79498156e+01  3.38844156e+00  1.75065106e+02 
 3.46736850e+00  7.79483107e+01  3.46736850e+00  1.74952101e+02 
 3.54813389e+00  7.79467381e+01  3.54813389e+00  1.74836474e+02 
 3.63078055e+00  7.79450945e+01  3.63078055e+00  1.74718166e+02 
 3.71535229e+00  7.79433765e+01  3.71535229e+00  1.74597119e+02 
 3.80189396e+00  7.79415806e+01  3.80189396e+00  1.74473273e+02 
 3.89045145e+00  7.79397030e+01  3.89045145e+00  1.74346565e+02 
 3.98107171e+00  7.79377399e+01  3.98107171e+00  1.74216934e+02 
 4.07380278e+00  7.79356872e+01  4.07380278e+00  1.74084317e+02 
 4.16869383e+00  7.79335406e+01  4.16869383e+00  1.73948647e+02 
 4.26579519e+00  7.79312958e+01  4.26579519e+00  1.73809859e+02 
 4.36515832e+00  7.79289481e+01  4.36515832e+00  1.73667885e+02 
 4.46683592e+00  7.79264928e+01  4.46683592e+00  1.73522657e+02 
 4.57088190e+00  7.79239247e+01  4.57088190e+00  1.73374105e+02 
 4.67735141e+00  7.79212387e+01  4.67735141e+00  1.73222158e+02 
 4.78630092e+00  7.79184291e+01  4.78630092e+00  1.73066743e+02 
 4.89778819e+00  7.79154904e+01  4.89778819e+00  1.72907787e+02 
 5.01187234e+00  7.79124165e+01  5.01187234e+00  1.72745215e+02 
 5.12861384e+00  7.79092011e+01  5.12861384e+00  1.72578950e+02 
 5.24807460e+00  7.79058378e+01  5.24807460e+00  1.72408916e+02 
 5.37031796e+00  7.79023197e+01  5.37031796e+00  1.72235033e+02 
 5.49540874e+00  7.78986397e+01  5.49540874e+00  1.72057222e+02 
 5.62341325e+00  7.78947903e+01  5.62341325e+00  1.71875401e+02 
 5.75439937e+00  7.78907640e+01  5.75439937e+00  1.71689489e+02 
 5.88843655e+00  7.78865525e+01  5.88843655e+00  1.71499401e+02 
 6.02559586e+00  7.78821475e+01  6.02559586e+00  1.71305053e+02 
 6.16595002e+00  7.78775401e+01  6.16595002e+00  1.71106360e+02 
 6.30957344e+00  7.78727212e+01  6.30957344e+00  1.70903233e+02 
 6.45654229e+00  7.78676812e+01  6.45654229e+00  1.70695586e+02 
 6.60693448e+00  7.78624102e+01  6.60693448e+00  1.70483329e+02 
 6.76082975e+00  7.78568978e+01  6.76082975e+00  1.70266372e+02 
 6.91830971e+00  7.78511331e+01  6.91830971e+00  1.70044624e+02 
 7.07945784e+00  7.78451050e+01  7.07945784e+00  1.69817993e+02 
 7.24435960e+00  7.78388015e+01  7.24435960e+00  1.69586386e+02 
 7.41310241e+00  7.78322106e+01  7.41310241e+00  1.69349710e+02 
 7.58577575e+00  7.78253194e+01  7.58577575e+00  1.69107871e+02 
 7.76247117e+00  7.78181147e+01  7.76247117e+00  1.68860772e+02 
 7.94328235e+00  7.78105827e+01  7.94328235e+00  1.68608320e+02 
 8.12830516e+00  7.78027091e+01  8.12830516e+00  1.68350418e+02 
 8.31763771e+00  7.77944789e+01  8.31763771e+00  1.68086969e+02 
 8.51138038e+00  7.77858766e+01  8.51138038e+00  1.67817878e+02 
 8.70963590e+00  7.77768861e+01  8.70963590e+00  1.67543048e+02 
 8.91250938e+00  7.77674906e+01  8.91250938e+00  1.67262381e+02 
 9.12010839e+00  7.77576727e+01  9.12010839e+00  1.66975782e+02 
 9.33254301e+00  7.77474143e+01  9.33254301e+00  1.66683153e+02 
 9.54992586e+00  7.77366968e+01  9.54992586e+00  1.66384400e+02 
 9.77237221e+00  7.77255006e+01  9.77237221e+00  1.66079427e+02 
 1.00000000e+01  7.77138057e+01  1.00000000e+01  1.65768139e+02 
 1.02329299e+01  7.77015910e+01  1.02329299e+01  1.65450443e+02 
 1.04712855e+01  7.76888349e+01  1.04712855e+01  1.65126247e+02 
 1.07151931e+01  7.76755152e+01  1.07151931e+01  1.64795460e+02 
 1.09647820e+01  7.76616084e+01  1.09647820e+01  1.64457991e+02 
 1.12201845e+01  7.76470908e+01  1.12201845e+01  1.64113755e+02 
 1.14815362e+01  7.76319374e+01  1.14815362e+01  1.63762665e+02 
 1.17489755e+01  7.76161227e+01  1.17489755e+01  1.63404638e+02 
 1.20226443e+01  7.75996204e+01  1.20226443e+01  1.63039594e+02 
 1.23026877e+01  7.75824030e+01  1.23026877e+01  1.62667455e+02 
 1.25892541e+01  7.75644426e+01  1.25892541e+01  1.62288148e+02 
 1.28824955e+01  7.75457102e+01  1.28824955e+01  1.61901601e+02 
 1.31825674e+01  7.75261760e+01  1.31825674e+01  1.61507747e+02 
 1.34896288e+01  7.75058095e+01  1.34896288e+01  1.61106525e+02 
 1.38038426e+01  7.74845791e+01  1.38038426e+01  1.60697875e+02 
 1.41253754e+01  7.74624526e+01  1.41253754e+01  1.60281746e+02 
 1.44543977e+01  7.74393969e+01  1.44543977e+01  1.59858089e+02 
 1.47910839e+01  7.74153780e+01  1.47910839e+01  1.59426862e+02 
 1.51356125e+01  7.73903612e+01  1.51356125e+01  1.58988030e+02 
 1.54881662e+01  7.73643111e+01  1.54881662e+01  1.58541562e+02 
 1.58489319e+01  7.73371913e+01  1.58489319e+01  1.58087437e+02 
 1.62181010e+01  7.73089650e+01  1.62181010e+01  1.57625640e+02 
 1.65958691e+01  7.72795945e+01  1.65958691e+01  1.57156162e+02 
 1.69824365e+01  7.72490414e+01  1.69824365e+01  1.56679006e+02 
 1.73780083e+01  7.72172670e+01  1.73780083e+01  1.56194180e+02 
 1.77827941e+01  7.71842316e+01  1.77827941e+01  1.55701702e+02 
 1.81970086e+01  7.71498953e+01  1.81970086e+01  1.55201601e+02 
 1.86208714e+01  7.71142178e+01  1.86208714e+01  1.54693913e+02 
 1.90546072e+01  7.70771581e+01  1.90546072e+01  1.54178688e+02 
 1.94984460e+01  7.70386751e+01  1.94984460e+01  1.53655982e+02 
 1.99526231e+01  7.69987275e+01  1.99526231e+01  1.53125865e+02 
 2.04173794e+01  7.69572737e+01  2.04173794e+01  1.52588418e+02 
 2.08929613e+01  7.69142721e+01  2.08929613e+01  1.52043732e+02 
 2.13796209e+01  7.68696809e+01  2.13796209e+01  1.51491911e+02 
 2.18776162e+01  7.68234588e+01  2.18776162e+01  1.50933071e+02 
 2.23872114e+01  7.67755643e+01  2.23872114e+01  1.50367339e+02 
 2.29086765e+01  7.67259565e+01  2.29086765e+01  1.49794857e+02 
 2.34422882e+01  7.66745947e+01  2.34422882e+01  1.49215777e+02 
 2.39883292e+01  7.66214388e+01  2.39883292e+01  1.48630265e+02 
 2.45470892e+01  7.65664493e+01  2.45470892e+01  1.48038499e+02 
 2.51188643e+01  7.65095876e+01  2.51188643e+01  1.47440671e+02 
 2.57039578e+01  7.64508157e+01  2.57039578e+01  1.46836982e+02 
 2.63026799e+01  7.63900967e+01  2.63026799e+01  1.46227651e+02 
 2.69153480e+01  7.63273950e+01  2.69153480e+01  1.45612904e+02 
 2.75422870e+01  7.62626759e+01  2.75422870e+01  1.44992982e+02 
 2.81838293e+01  7.61959064e+01  2.81838293e+01  1.44368138e+02 
 2.88403150e+01  7.61270545e+01  2.88403150e+01  1.43738635e+02 
 2.95120923e+01  7.60560902e+01  2.95120923e+01  1.43104747e+02 
 3.01995172e+01  7.59829850e+01  3.01995172e+01  1.42466759e+02 
 3.09029543e+01  7.59077121e+01  3.09029543e+01  1.41824966e+02 
 3.16227766e+01  7.58302469e+01  3.16227766e+01  1.41179672e+02 
 3.23593657e+01  7.57505665e+01  3.23593657e+01  1.40531191e+02 
 3.31131121e+01  7.56686501e+01  3.31131121e+01  1.39879842e+02 
 3.38844156e+01  7.55844793e+01  3.38844156e+01  1.39225956e+02 
 3.46736850e+01  7.54980377e+01  3.46736850e+01  1.38569865e+02 
 3.54813389e+01  7.54093113e+01  3.54813389e+01  1.37911912e+02 
 3.63078055e+01  7.53182885e+01  3.63078055e+01  1.37252440e+02 
 3.71535229e+01  7.52249600e+01  3.71535229e+01  1.36591798e+02 
 3.80189396e+01  7.51293191e+01  3.80189396e+01  1.35930340e+02 
 3.89045145e+01  7.50313615e+01  3.89045145e+01  1.35268418e+02 
 3.98107171e+01  7.49310852e+01  3.98107171e+01  1.34606389e+02 
 4.07380278e+01  7.48284911e+01  4.07380278e+01  1.33944607e+02 
 4.16869383e+01  7.47235822e+01  4.16869383e+01  1.33283426e+02 
 4.26579519e+01  7.46163643e+01  4.26579519e+01  1.32623200e+02 
 4.36515832e+01  7.45068453e+01  4.36515832e+01  1.31964278e+02 
 4.46683592e+01  7.43950360e+01  4.46683592e+01  1.31307007e+02 
 4.57088190e+01  7.42809490e+01  4.57088190e+01  1.30651729e+02 
 4.67735141e+01  7.41645997e+01  4.67735141e+01  1.29998780e+02 
 4.78630092e+01  7.40460054e+01  4.78630092e+01  1.29348489e+02 
 4.89778819e+01  7.39251858e+01  4.89778819e+01  1.28701182e+02 
 5.01187234e+01  7.38021626e+01  5.01187234e+01  1.28057172e+02 
 5.12861384e+01  7.36769595e+01  5.12861384e+01  1.27416767e+02 
 5.24807460e+01  7.35496022e+01  5.24807460e+01  1.26780265e+02 
 5.37031796e+01  7.34201180e+01  5.37031796e+01  1.26147954e+02 
 5.49540874e+01  7.32885362e+01  5.49540874e+01  1.25520113e+02 
 5.62341325e+01  7.31548874e+01  5.62341325e+01  1.24897009e+02 
 5.75439937e+01  7.30192040e+01  5.75439937e+01  1.24278897e+02 
 5.88843655e+01  7.28815194e+01  5.88843655e+01  1.23666023e+02 
 6.02559586e+01  7.27418686e+01  6.02559586e+01  1.23058620e+02 
 6.16595002e+01  7.26002876e+01  6.16595002e+01  1.22456909e+02 
 6.30957344e+01  7.24568133e+01  6.30957344e+01  1.21861099e+02 
 6.45654229e+01  7.23114837e+01  6.45654229e+01  1.21271385e+02 
 6.60693448e+01  7.21643375e+01  6.60693448e+01  1.20687952e+02 
 6.76082975e+01  7.20154140e+01  6.76082975e+01  1.20110971e+02 
 6.91830971e+01  7.18647533e+01  6.91830971e+01  1.19540602e+02 
 7.07945784e+01  7.17123956e+01  7.07945784e+01  1.18976990e+02 
 7.24435960e+01  7.15583818e+01  7.24435960e+01  1.18420271e+02 
 7.41310241e+01  7.14027528e+01  7.41310241e+01  1.17870566e+02 
 7.58577575e+01  7.12455498e+01  7.58577575e+01  1.17327986e+02 
 7.76247117e+01  7.10868140e+01  7.76247117e+01  1.16792630e+02 
 7.94328235e+01  7.09265865e+01  7.94328235e+01  1.16264584e+02 
 8.12830516e+01  7.07649084e+01  8.12830516e+01  1.15743924e+02 
 8.31763771e+01  7.06018205e+01  8.31763771e+01  1.15230717e+02 
 8.51138038e+01  7.04373635e+01  8.51138038e+01  1.14725015e+02 
 8.70963590e+01  7.02715775e+01  8.70963590e+01  1.14226863e+02 
 8.91250938e+01  7.01045025e+01  8.91250938e+01  1.13736297e+02 
 9.12010839e+01  6.99361779e+01  9.12010839e+01  1.13253341e+02 
 9.33254301e+01  6.97666424e+01  9.33254301e+01  1.12778011e+02 
 9.54992586e+01  6.95959345e+01  9.54992586e+01  1.12310314e+02 
 9.77237221e+01  6.94240918e+01  9.77237221e+01  1.11850250e+02 
 1.00000000e+02  6.92511515e+01  1.00000000e+02  1.11397810e+02 
 1.02329299e+02  6.90771499e+01  1.02329299e+02  1.10952977e+02 
 1.04712855e+02  6.89021226e+01  1.04712855e+02  1.10515728e+02 
 1.07151931e+02  6.87261048e+01  1.07151931e+02  1.10086033e+02 
 1.09647820e+02  6.85491304e+01  1.09647820e+02  1.09663856e+02 
 1.12201845e+02  6.83712330e+01  1.12201845e+02  1.09249154e+02 
 1.14815362e+02  6.81924452e+01  1.14815362e+02  1.08841880e+02 
 1.17489755e+02  6.80127987e+01  1.17489755e+02  1.08441980e+02 
 1.20226443e+02  6.78323246e+01  1.20226443e+02  1.08049398e+02 
 1.23026877e+02  6.76510531e+01  1.23026877e+02  1.07664069e+02 
 1.25892541e+02  6.74690136e+01  1.25892541e+02  1.07285930e+02 
 1.28824955e+02  6.72862345e+01  1.28824955e+02  1.06914909e+02 
 1.31825674e+02  6.71027436e+01  1.31825674e+02  1.06550932e+02 
 1.34896288e+02  6.69185678e+01  1.34896288e+02  1.06193924e+02 
 1.38038426e+02  6.67337332e+01  1.38038426e+02  1.05843804e+02 
 1.41253754e+02  6.65482650e+01  1.41253754e+02  1.05500490e+02 
 1.44543977e+02  6.63621879e+01  1.44543977e+02  1.05163899e+02 
 1.47910839e+02  6.61755254e+01  1.47910839e+02  1.04833943e+02 
 1.51356125e+02  6.59883006e+01  1.51356125e+02  1.04510534e+02 
 1.54881662e+02  6.58005356e+01  1.54881662e+02  1.04193582e+02 
 1.58489319e+02  6.56122518e+01  1.58489319e+02  1.03882996e+02 
 1.62181010e+02  6.54234699e+01  1.62181010e+02  1.03578684e+02 
 1.65958691e+02  6.52342099e+01  1.65958691e+02  1.03280552e+02 
 1.69824365e+02  6.50444912e+01  1.69824365e+02  1.02988505e+02 
 1.73780083e+02  6.48543322e+01  1.73780083e+02  1.02702450e+02 
 1.77827941e+02  6.46637509e+01  1.77827941e+02  1.02422290e+02 
 1.81970086e+02  6.44727645e+01  1.81970086e+02  1.02147930e+02 
 1.86208714e+02  6.42813898e+01  1.86208714e+02  1.01879275e+02 
 1.90546072e+02  6.40896428e+01  1.90546072e+02  1.01616229e+02 
 1.94984460e+02  6.38975388e+01  1.94984460e+02  1.01358696e+02 
 1.99526231e+02  6.37050926e+01  1.99526231e+02  1.01106581e+02 
 2.04173794e+02  6.35123187e+01  2.04173794e+02  1.00859789e+02 
 2.08929613e+02  6.33192306e+01  2.08929613e+02  1.00618224e+02 
 2.13796209e+02  6.31258417e+01  2.13796209e+02  1.00381794e+02 
 2.18776162e+02  6.29321644e+01  2.18776162e+02  1.00150405e+02 
 2.23872114e+02  6.27382111e+01  2.23872114e+02  9.99239627e+01 
 2.29086765e+02  6.25439935e+01  2.29086765e+02  9.97023763e+01 
 2.34422882e+02  6.23495227e+01  2.34422882e+02  9.94855543e+01 
 2.39883292e+02  6.21548096e+01  2.39883292e+02  9.92734062e+01 
 2.45470892e+02  6.19598644e+01  2.45470892e+02  9.90658425e+01 
 2.51188643e+02  6.17646972e+01  2.51188643e+02  9.88627749e+01 
 2.57039578e+02  6.15693175e+01  2.57039578e+02  9.86641156e+01 
 2.63026799e+02  6.13737343e+01  2.63026799e+02  9.84697784e+01 
 2.69153480e+02  6.11779566e+01  2.69153480e+02  9.82796779e+01 
 2.75422870e+02  6.09819925e+01  2.75422870e+02  9.80937297e+01 
 2.81838293e+02  6.07858503e+01  2.81838293e+02  9.79118509e+01 
 2.88403150e+02  6.05895377e+01  2.88403150e+02  9.77339595e+01 
 2.95120923e+02  6.03930620e+01  2.95120923e+02  9.75599747e+01 
 3.01995172e+02  6.01964303e+01  3.01995172e+02  9.73898170e+01 
 3.09029543e+02  5.99996494e+01  3.09029543e+02  9.72234079e+01 
 3.16227766e+02  5.98027259e+01  3.16227766e+02  9.70606705e+01 
 3.23593657e+02  5.96056659e+01  3.23593657e+02  9.69015287e+01 
 3.31131121e+02  5.94084754e+01  3.31131121e+02  9.67459080e+01 
 3.38844156e+02  5.92111602e+01  3.38844156e+02  9.65937349e+01 
 3.46736850e+02  5.90137257e+01  3.46736850e+02  9.64449371e+01 
 3.54813389e+02  5.88161771e+01  3.54813389e+02  9.62994438e+01 
 3.63078055e+02  5.86185195e+01  3.63078055e+02  9.61571851e+01 
 3.71535229e+02  5.84207577e+01  3.71535229e+02  9.60180927e+01 
 3.80189396e+02  5.82228961e+01  3.80189396e+02  9.58820993e+01 
 3.89045145e+02  5.80249393e+01  3.89045145e+02  9.57491387e+01 
 3.98107171e+02  5.78268915e+01  3.98107171e+02  9.56191463e+01 
 4.07380278e+02  5.76287566e+01  4.07380278e+02  9.54920583e+01 
 4.16869383e+02  5.74305385e+01  4.16869383e+02  9.53678123e+01 
 4.26579519e+02  5.72322410e+01  4.26579519e+02  9.52463470e+01 
 4.36515832e+02  5.70338674e+01  4.36515832e+02  9.51276024e+01 
 4.46683592e+02  5.68354212e+01  4.46683592e+02  9.50115196e+01 
 4.57088190e+02  5.66369056e+01  4.57088190e+02  9.48980407e+01 
 4.67735141e+02  5.64383237e+01  4.67735141e+02  9.47871091e+01 
 4.78630092e+02  5.62396784e+01  4.78630092e+02  9.46786694e+01 
 4.89778819e+02  5.60409725e+01  4.89778819e+02  9.45726670e+01 
 5.01187234e+02  5.58422088e+01  5.01187234e+02  9.44690486e+01 
 5.12861384e+02  5.56433897e+01  5.12861384e+02  9.43677620e+01 
 5.24807460e+02  5.54445179e+01  5.24807460e+02  9.42687559e+01 
 5.37031796e+02  5.52455955e+01  5.37031796e+02  9.41719803e+01 
 5.49540874e+02  5.50466249e+01  5.49540874e+02  9.40773860e+01 
 5.62341325e+02  5.48476083e+01  5.62341325e+02  9.39849249e+01 
 5.75439937e+02  5.46485476e+01  5.75439937e+02  9.38945498e+01 
 5.88843655e+02  5.44494449e+01  5.88843655e+02  9.38062146e+01 
 6.02559586e+02  5.42503019e+01  6.02559586e+02  9.37198742e+01 
 6.16595002e+02  5.40511206e+01  6.16595002e+02  9.36354843e+01 
 6.30957344e+02  5.38519026e+01  6.30957344e+02  9.35530016e+01 
 6.45654229e+02  5.36526496e+01  6.45654229e+02  9.34723838e+01 
 6.60693448e+02  5.34533631e+01  6.60693448e+02  9.33935893e+01 
 6.76082975e+02  5.32540447e+01  6.76082975e+02  9.33165776e+01 
 6.91830971e+02  5.30546957e+01  6.91830971e+02  9.32413089e+01 
 7.07945784e+02  5.28553175e+01  7.07945784e+02  9.31677444e+01 
 7.24435960e+02  5.26559115e+01  7.24435960e+02  9.30958459e+01 
 7.41310241e+02  5.24564788e+01  7.41310241e+02  9.30255764e+01 
 7.58577575e+02  5.22570208e+01  7.58577575e+02  9.29568993e+01 
 7.76247117e+02  5.20575384e+01  7.76247117e+02  9.28897790e+01 
 7.94328235e+02  5.18580329e+01  7.94328235e+02  9.28241807e+01 
 8.12830516e+02  5.16585052e+01  8.12830516e+02  9.27600702e+01 
 8.31763771e+02  5.14589564e+01  8.31763771e+02  9.26974143e+01 
 8.51138038e+02  5.12593874e+01  8.51138038e+02  9.26361803e+01 
 8.70963590e+02  5.10597990e+01  8.70963590e+02  9.25763362e+01 
 8.91250938e+02  5.08601923e+01  8.91250938e+02  9.25178509e+01 
 9.12010839e+02  5.06605679e+01  9.12010839e+02  9.24606938e+01 
 9.33254301e+02  5.04609267e+01  9.33254301e+02  9.24048351e+01 
 9.54992586e+02  5.02612695e+01  9.54992586e+02  9.23502455e+01 
 9.77237221e+02  5.00615970e+01  9.77237221e+02  9.22968966e+01 
 1.00000000e+03  4.98619098e+01  1.00000000e+03  9.22447604e+01 
 1.02329299e+03  4.96622087e+01  1.02329299e+03  9.21938096e+01 
 1.04712855e+03  4.94624942e+01  1.04712855e+03  9.21440176e+01 
 1.07151931e+03  4.92627669e+01  1.07151931e+03  9.20953581e+01 
 1.09647820e+03  4.90630275e+01  1.09647820e+03  9.20478057e+01 
 1.12201845e+03  4.88632765e+01  1.12201845e+03  9.20013354e+01 
 1.14815362e+03  4.86635144e+01  1.14815362e+03  9.19559229e+01 
 1.17489755e+03  4.84637417e+01  1.17489755e+03  9.19115443e+01 
 1.20226443e+03  4.82639590e+01  1.20226443e+03  9.18681762e+01 
 1.23026877e+03  4.80641665e+01  1.23026877e+03  9.18257959e+01 
 1.25892541e+03  4.78643649e+01  1.25892541e+03  9.17843811e+01 
 1.28824955e+03  4.76645545e+01  1.28824955e+03  9.17439100e+01 
 1.31825674e+03  4.74647357e+01  1.31825674e+03  9.17043613e+01 
 1.34896288e+03  4.72649089e+01  1.34896288e+03  9.16657141e+01 
 1.38038426e+03  4.70650744e+01  1.38038426e+03  9.16279482e+01 
 1.41253754e+03  4.68652327e+01  1.41253754e+03  9.15910436e+01 
 1.44543977e+03  4.66653840e+01  1.44543977e+03  9.15549809e+01 
 1.47910839e+03  4.64655287e+01  1.47910839e+03  9.15197410e+01 
 1.51356125e+03  4.62656671e+01  1.51356125e+03  9.14853055e+01 
 1.54881662e+03  4.60657994e+01  1.54881662e+03  9.14516561e+01 
 1.58489319e+03  4.58659260e+01  1.58489319e+03  9.14187751e+01 
 1.62181010e+03  4.56660471e+01  1.62181010e+03  9.13866452e+01 
 1.65958691e+03  4.54661630e+01  1.65958691e+03  9.13552493e+01 
 1.69824365e+03  4.52662739e+01  1.69824365e+03  9.13245709e+01 
 1.73780083e+03  4.50663801e+01  1.73780083e+03  9.12945939e+01 
 1.77827941e+03  4.48664817e+01  1.77827941e+03  9.12653023e+01 
 1.81970086e+03  4.46665791e+01  1.81970086e+03  9.12366808e+01 
 1.86208714e+03  4.44666723e+01  1.86208714e+03  9.12087141e+01 
 1.90546072e+03  4.42667617e+01  1.90546072e+03  9.11813876e+01 
 1.94984460e+03  4.40668473e+01  1.94984460e+03  9.11546868e+01 
 1.99526231e+03  4.38669294e+01  1.99526231e+03  9.11285975e+01 
 2.04173794e+03  4.36670081e+01  2.04173794e+03  9.11031060e+01 
 2.08929613e+03  4.34670837e+01  2.08929613e+03  9.10781989e+01 
 2.13796209e+03  4.32671562e+01  2.13796209e+03  9.10538628e+01 
 2.18776162e+03  4.30672258e+01  2.18776162e+03  9.10300850e+01 
 2.23872114e+03  4.28672927e+01  2.23872114e+03  9.10068530e+01 
 2.29086765e+03  4.26673571e+01  2.29086765e+03  9.09841543e+01 
 2.34422882e+03  4.24674189e+01  2.34422882e+03  9.09619770e+01 
 2.39883292e+03  4.22674785e+01  2.39883292e+03  9.09403094e+01 
 2.45470892e+03  4.20675359e+01  2.45470892e+03  9.09191400e+01 
 2.51188643e+03  4.18675912e+01  2.51188643e+03  9.08984575e+01 
 2.57039578e+03  4.16676445e+01  2.57039578e+03  9.08782511e+01 
 2.63026799e+03  4.14676960e+01  2.63026799e+03  9.08585101e+01 
 2.69153480e+03  4.12677458e+01  2.69153480e+03  9.08392240e+01 
 2.75422870e+03  4.10677939e+01  2.75422870e+03  9.08203825e+01 
 2.81838293e+03  4.08678405e+01  2.81838293e+03  9.08019758e+01 
 2.88403150e+03  4.06678857e+01  2.88403150e+03  9.07839941e+01 
 2.95120923e+03  4.04679296e+01  2.95120923e+03  9.07664278e+01 
 3.01995172e+03  4.02679722e+01  3.01995172e+03  9.07492676e+01 
 3.09029543e+03  4.00680137e+01  3.09029543e+03  9.07325046e+01 
 3.16227766e+03  3.98680541e+01  3.16227766e+03  9.07161296e+01 
 3.23593657e+03  3.96680935e+01  3.23593657e+03  9.07001342e+01 
 3.31131121e+03  3.94681321e+01  3.31131121e+03  9.06845099e+01 
 3.38844156e+03  3.92681698e+01  3.38844156e+03  9.06692482e+01 
 3.46736850e+03  3.90682069e+01  3.46736850e+03  9.06543413e+01 
 3.54813389e+03  3.88682432e+01  3.54813389e+03  9.06397811e+01 
 3.63078055e+03  3.86682790e+01  3.63078055e+03  9.06255600e+01 
 3.71535229e+03  3.84683143e+01  3.71535229e+03  9.06116703e+01 
 3.80189396e+03  3.82683492e+01  3.80189396e+03  9.05981048e+01 
 3.89045145e+03  3.80683838e+01  3.89045145e+03  9.05848563e+01 
 3.98107171e+03  3.78684180e+01  3.98107171e+03  9.05719177e+01 
 4.07380278e+03  3.76684521e+01  4.07380278e+03  9.05592822e+01 
 4.16869383e+03  3.74684860e+01  4.16869383e+03  9.05469431e+01 
 4.26579519e+03  3.72685199e+01  4.26579519e+03  9.05348937e+01 
 4.36515832e+03  3.70685538e+01  4.36515832e+03  9.05231279e+01 
 4.46683592e+03  3.68685878e+01  4.46683592e+03  9.05116392e+01 
 4.57088190e+03  3.66686219e+01  4.57088190e+03  9.05004216e+01 
 4.67735141e+03  3.64686563e+01  4.67735141e+03  9.04894691e+01 
 4.78630092e+03  3.62686910e+01  4.78630092e+03  9.04787760e+01 
 4.89778819e+03  3.60687260e+01  4.89778819e+03  9.04683366e+01 
 5.01187234e+03  3.58687615e+01  5.01187234e+03  9.04581452e+01 
 5.12861384e+03  3.56687976e+01  5.12861384e+03  9.04481965e+01 
 5.24807460e+03  3.54688342e+01  5.24807460e+03  9.04384853e+01 
 5.37031796e+03  3.52688715e+01  5.37031796e+03  9.04290063e+01 
 5.49540874e+03  3.50689096e+01  5.49540874e+03  9.04197545e+01 
 5.62341325e+03  3.48689485e+01  5.62341325e+03  9.04107251e+01 
 5.75439937e+03  3.46689883e+01  5.75439937e+03  9.04019131e+01 
 5.88843655e+03  3.44690292e+01  5.88843655e+03  9.03933139e+01 
 6.02559586e+03  3.42690711e+01  6.02559586e+03  9.03849229e+01 
 6.16595002e+03  3.40691142e+01  6.16595002e+03  9.03767357e+01 
 6.30957344e+03  3.38691586e+01  6.30957344e+03  9.03687479e+01 
 6.45654229e+03  3.36692044e+01  6.45654229e+03  9.03609553e+01 
 6.60693448e+03  3.34692516e+01  6.60693448e+03  9.03533536e+01 
 6.76082975e+03  3.32693004e+01  6.76082975e+03  9.03459389e+01 
 6.91830971e+03  3.30693509e+01  6.91830971e+03  9.03387071e+01 
 7.07945784e+03  3.28694032e+01  7.07945784e+03  9.03316544e+01 
 7.24435960e+03  3.26694573e+01  7.24435960e+03  9.03247770e+01 
 7.41310241e+03  3.24695134e+01  7.41310241e+03  9.03180713e+01 
 7.58577575e+03  3.22695717e+01  7.58577575e+03  9.03115337e+01 
 7.76247117e+03  3.20696322e+01  7.76247117e+03  9.03051606e+01 
 7.94328235e+03  3.18696950e+01  7.94328235e+03  9.02989486e+01 
 8.12830516e+03  3.16697604e+01  8.12830516e+03  9.02928945e+01 
 8.31763771e+03  3.14698284e+01  8.31763771e+03  9.02869948e+01 
 8.51138038e+03  3.12698992e+01  8.51138038e+03  9.02812465e+01 
 8.70963590e+03  3.10699729e+01  8.70963590e+03  9.02756464e+01 
 8.91250938e+03  3.08700498e+01  8.91250938e+03  9.02701916e+01 
 9.12010839e+03  3.06701298e+01  9.12010839e+03  9.02648789e+01 
 9.33254301e+03  3.04702133e+01  9.33254301e+03  9.02597057e+01 
 9.54992586e+03  3.02703005e+01  9.54992586e+03  9.02546690e+01 
 9.77237221e+03  3.00703913e+01  9.77237221e+03  9.02497661e+01 
 1.00000000e+04  2.98704862e+01  1.00000000e+04  9.02449942e+01 
 1.02329299e+04  2.96705853e+01  1.02329299e+04  9.02403509e+01 
 1.04712855e+04  2.94706887e+01  1.04712855e+04  9.02358335e+01 
 1.07151931e+04  2.92707967e+01  1.07151931e+04  9.02314395e+01 
 1.09647820e+04  2.90709096e+01  1.09647820e+04  9.02271664e+01 
 1.12201845e+04  2.88710275e+01  1.12201845e+04  9.02230119e+01 
 1.14815362e+04  2.86711508e+01  1.14815362e+04  9.02189737e+01 
 1.17489755e+04  2.84712796e+01  1.17489755e+04  9.02150494e+01 
 1.20226443e+04  2.82714143e+01  1.20226443e+04  9.02112369e+01 
 1.23026877e+04  2.80715551e+01  1.23026877e+04  9.02075339e+01 
 1.25892541e+04  2.78717024e+01  1.25892541e+04  9.02039383e+01 
 1.28824955e+04  2.76718564e+01  1.28824955e+04  9.02004480e+01 
 1.31825674e+04  2.74720175e+01  1.31825674e+04  9.01970609e+01 
 1.34896288e+04  2.72721859e+01  1.34896288e+04  9.01937751e+01 
 1.38038426e+04  2.70723622e+01  1.38038426e+04  9.01905886e+01 
 1.41253754e+04  2.68725465e+01  1.41253754e+04  9.01874994e+01 
 1.44543977e+04  2.66727394e+01  1.44543977e+04  9.01845056e+01 
 1.47910839e+04  2.64729412e+01  1.47910839e+04  9.01816054e+01 
 1.51356125e+04  2.62731524e+01  1.51356125e+04  9.01787969e+01 
 1.54881662e+04  2.60733734e+01  1.54881662e+04  9.01760783e+01 
 1.58489319e+04  2.58736046e+01  1.58489319e+04  9.01734478e+01 
 1.62181010e+04  2.56738466e+01  1.62181010e+04  9.01709036e+01 
 1.65958691e+04  2.54740998e+01  1.65958691e+04  9.01684441e+01 
 1.69824365e+04  2.52743648e+01  1.69824365e+04  9.01660674e+01 
 1.73780083e+04  2.50746421e+01  1.73780083e+04  9.01637718e+01 
 1.77827941e+04  2.48749324e+01  1.77827941e+04  9.01615557e+01 
 1.81970086e+04  2.46752362e+01  1.81970086e+04  9.01594174e+01 
 1.86208714e+04  2.44755541e+01  1.86208714e+04  9.01573550e+01 
 1.90546072e+04  2.42758869e+01  1.90546072e+04  9.01553670e+01 
 1.94984460e+04  2.40762352e+01  1.94984460e+04  9.01534516e+01 
 1.99526231e+04  2.38765997e+01  1.99526231e+04  9.01516072e+01 
 2.04173794e+04  2.36769813e+01  2.04173794e+04  9.01498320e+01 
 2.08929613e+04  2.34773807e+01  2.08929613e+04  9.01481242e+01 
 2.13796209e+04  2.32777987e+01  2.13796209e+04  9.01464822e+01 
 2.18776162e+04  2.30782362e+01  2.18776162e+04  9.01449040e+01 
 2.23872114e+04  2.28786942e+01  2.23872114e+04  9.01433881e+01 
 2.29086765e+04  2.26791735e+01  2.29086765e+04  9.01419324e+01 
 2.34422882e+04  2.24796752e+01  2.34422882e+04  9.01405350e+01 
 2.39883292e+04  2.22802003e+01  2.39883292e+04  9.01391942e+01 
 2.45470892e+04  2.20807499e+01  2.45470892e+04  9.01379078e+01 
 2.51188643e+04  2.18813251e+01  2.51188643e+04  9.01366738e+01 
 2.57039578e+04  2.16819272e+01  2.57039578e+04  9.01354901e+01 
 2.63026799e+04  2.14825573e+01  2.63026799e+04  9.01343545e+01 
 2.69153480e+04  2.12832168e+01  2.69153480e+04  9.01332646e+01 
 2.75422870e+04  2.10839070e+01  2.75422870e+04  9.01322183e+01 
 2.81838293e+04  2.08846294e+01  2.81838293e+04  9.01312128e+01 
 2.88403150e+04  2.06853854e+01  2.88403150e+04  9.01302458e+01 
 2.95120923e+04  2.04861765e+01  2.95120923e+04  9.01293143e+01 
 3.01995172e+04  2.02870045e+01  3.01995172e+04  9.01284157e+01 
 3.09029543e+04  2.00878710e+01  3.09029543e+04  9.01275468e+01 
 3.16227766e+04  1.98887777e+01  3.16227766e+04  9.01267046e+01 
 3.23593657e+04  1.96897265e+01  3.23593657e+04  9.01258857e+01 
 3.31131121e+04  1.94907194e+01  3.31131121e+04  9.01250866e+01 
 3.38844156e+04  1.92917583e+01  3.38844156e+04  9.01243035e+01 
 3.46736850e+04  1.90928453e+01  3.46736850e+04  9.01235325e+01 
 3.54813389e+04  1.88939828e+01  3.54813389e+04  9.01227694e+01 
 3.63078055e+04  1.86951728e+01  3.63078055e+04  9.01220098e+01 
 3.71535229e+04  1.84964179e+01  3.71535229e+04  9.01212489e+01 
 3.80189396e+04  1.82977205e+01  3.80189396e+04  9.01204818e+01 
 3.89045145e+04  1.80990833e+01  3.89045145e+04  9.01197031e+01 
 3.98107171e+04  1.79005089e+01  3.98107171e+04  9.01189070e+01 
 4.07380278e+04  1.77020002e+01  4.07380278e+04  9.01180876e+01 
 4.16869383e+04  1.75035601e+01  4.16869383e+04  9.01172384e+01 
 4.26579519e+04  1.73051917e+01  4.26579519e+04  9.01163525e+01 
 4.36515832e+04  1.71068983e+01  4.36515832e+04  9.01154226e+01 
 4.46683592e+04  1.69086832e+01  4.46683592e+04  9.01144407e+01 
 4.57088190e+04  1.67105499e+01  4.57088190e+04  9.01133986e+01 
 4.67735141e+04  1.65125020e+01  4.67735141e+04  9.01122874e+01 
 4.78630092e+04  1.63145433e+01  4.78630092e+04  9.01110974e+01 
 4.89778819e+04  1.61166777e+01  4.89778819e+04  9.01098186e+01 
 5.01187234e+04  1.59189094e+01  5.01187234e+04  9.01084401e+01 
 5.12861384e+04  1.57212426e+01  5.12861384e+04  9.01069502e+01 
 5.24807460e+04  1.55236818e+01  5.24807460e+04  9.01053365e+01 
 5.37031796e+04  1.53262315e+01  5.37031796e+04  9.01035860e+01 
 5.49540874e+04  1.51288967e+01  5.49540874e+04  9.01016844e+01 
 5.62341325e+04  1.49316822e+01  5.62341325e+04  9.00996166e+01 
 5.75439937e+04  1.47345933e+01  5.75439937e+04  9.00973666e+01 
 5.88843655e+04  1.45376354e+01  5.88843655e+04  9.00949173e+01 
 6.02559586e+04  1.43408141e+01  6.02559586e+04  9.00922502e+01 
 6.16595002e+04  1.41441351e+01  6.16595002e+04  9.00893460e+01 
 6.30957344e+04  1.39476045e+01  6.30957344e+04  9.00861836e+01 
 6.45654229e+04  1.37512286e+01  6.45654229e+04  9.00827409e+01 
 6.60693448e+04  1.35550138e+01  6.60693448e+04  9.00789943e+01 
 6.76082975e+04  1.33589668e+01  6.76082975e+04  9.00749184e+01 
 6.91830971e+04  1.31630946e+01  6.91830971e+04  9.00704864e+01 
 7.07945784e+04  1.29674043e+01  7.07945784e+04  9.00656696e+01 
 7.24435960e+04  1.27719035e+01  7.24435960e+04  9.00604375e+01 
 7.41310241e+04  1.25765997e+01  7.41310241e+04  9.00547577e+01 
 7.58577575e+04  1.23815008e+01  7.58577575e+04  9.00485956e+01 
 7.76247117e+04  1.21866152e+01  7.76247117e+04  9.00419144e+01 
 7.94328235e+04  1.19919513e+01  7.94328235e+04  9.00346752e+01 
 8.12830516e+04  1.17975176e+01  8.12830516e+04  9.00268364e+01 
 8.31763771e+04  1.16033233e+01  8.31763771e+04  9.00183539e+01 
 8.51138038e+04  1.14093775e+01  8.51138038e+04  9.00091810e+01 
 8.70963590e+04  1.12156897e+01  8.70963590e+04  8.99992680e+01 
 8.91250938e+04  1.10222697e+01  8.91250938e+04  8.99885622e+01 
 9.12010839e+04  1.08291274e+01  9.12010839e+04  8.99770078e+01 
 9.33254301e+04  1.06362732e+01  9.33254301e+04  8.99645457e+01 
 9.54992586e+04  1.04437175e+01  9.54992586e+04  8.99511132e+01 
 9.77237221e+04  1.02514710e+01  9.77237221e+04  8.99366440e+01 
 1.00000000e+05  1.00595448e+01  1.00000000e+05  8.99210682e+01 
 1.02329299e+05  9.86795007e+00  1.02329299e+05  8.99043115e+01 
 1.04712855e+05  9.67669820e+00  1.04712855e+05  8.98862958e+01 
 1.07151931e+05  9.48580083e+00  1.07151931e+05  8.98669386e+01 
 1.09647820e+05  9.29526977e+00  1.09647820e+05  8.98461527e+01 
 1.12201845e+05  9.10511701e+00  1.12201845e+05  8.98238465e+01 
 1.14815362e+05  8.91535470e+00  1.14815362e+05  8.97999232e+01 
 1.17489755e+05  8.72599511e+00  1.17489755e+05  8.97742812e+01 
 1.20226443e+05  8.53705064e+00  1.20226443e+05  8.97468137e+01 
 1.23026877e+05  8.34853378e+00  1.23026877e+05  8.97174085e+01 
 1.25892541e+05  8.16045708e+00  1.25892541e+05  8.96859476e+01 
 1.28824955e+05  7.97283312e+00  1.28824955e+05  8.96523076e+01 
 1.31825674e+05  7.78567450e+00  1.31825674e+05  8.96163593e+01 
 1.34896288e+05  7.59899379e+00  1.34896288e+05  8.95779671e+01 
 1.38038426e+05  7.41280349e+00  1.38038426e+05  8.95369897e+01 
 1.41253754e+05  7.22711599e+00  1.41253754e+05  8.94932795e+01 
 1.44543977e+05  7.04194357e+00  1.44543977e+05  8.94466823e+01 
 1.47910839e+05  6.85729829e+00  1.47910839e+05  8.93970377e+01 
 1.51356125e+05  6.67319200e+00  1.51356125e+05  8.93441789e+01 
 1.54881662e+05  6.48963629e+00  1.54881662e+05  8.92879323e+01 
 1.58489319e+05  6.30664238e+00  1.58489319e+05  8.92281180e+01 
 1.62181010e+05  6.12422118e+00  1.62181010e+05  8.91645495e+01 
 1.65958691e+05  5.94238312e+00  1.65958691e+05  8.90970336e+01 
 1.69824365e+05  5.76113819e+00  1.69824365e+05  8.90253710e+01 
 1.73780083e+05  5.58049583e+00  1.73780083e+05  8.89493557e+01 
 1.77827941e+05  5.40046491e+00  1.77827941e+05  8.88687757e+01 
 1.81970086e+05  5.22105364e+00  1.81970086e+05  8.87834128e+01 
 1.86208714e+05  5.04226956e+00  1.86208714e+05  8.86930430e+01 
 1.90546072e+05  4.86411947e+00  1.90546072e+05  8.85974367e+01 
 1.94984460e+05  4.68660935e+00  1.94984460e+05  8.84963587e+01 
 1.99526231e+05  4.50974436e+00  1.99526231e+05  8.83895690e+01 
 2.04173794e+05  4.33352874e+00  2.04173794e+05  8.82768227e+01 
 2.08929613e+05  4.15796584e+00  2.08929613e+05  8.81578708e+01 
 2.13796209e+05  3.98305799e+00  2.13796209e+05  8.80324602e+01 
 2.18776162e+05  3.80880653e+00  2.18776162e+05  8.79003346e+01 
 2.23872114e+05  3.63521174e+00  2.23872114e+05  8.77612345e+01 
 2.29086765e+05  3.46227287e+00  2.29086765e+05  8.76148983e+01 
 2.34422882e+05  3.28998803e+00  2.34422882e+05  8.74610625e+01 
 2.39883292e+05  3.11835427e+00  2.39883292e+05  8.72994625e+01 
 2.45470892e+05  2.94736753e+00  2.45470892e+05  8.71298330e+01 
 2.51188643e+05  2.77702262e+00  2.51188643e+05  8.69519091e+01 
 2.57039578e+05  2.60731330e+00  2.57039578e+05  8.67654264e+01 
 2.63026799e+05  2.43823222e+00  2.63026799e+05  8.65701224e+01 
 2.69153480e+05  2.26977101e+00  2.69153480e+05  8.63657363e+01 
 2.75422870e+05  2.10192030e+00  2.75422870e+05  8.61520107e+01 
 2.81838293e+05  1.93466974e+00  2.81838293e+05  8.59286917e+01 
 2.88403150e+05  1.76800811e+00  2.88403150e+05  8.56955298e+01 
 2.95120923e+05  1.60192335e+00  2.95120923e+05  8.54522804e+01 
 3.01995172e+05  1.43640263e+00  3.01995172e+05  8.51987049e+01 
 3.09029543e+05  1.27143248e+00  3.09029543e+05  8.49345710e+01 
 3.16227766e+05  1.10699884e+00  3.16227766e+05  8.46596536e+01 
 3.23593657e+05  9.43087178e-01  3.23593657e+05  8.43737350e+01 
 3.31131121e+05  7.79682621e-01  3.31131121e+05  8.40766060e+01 
 3.38844156e+05  6.16770047e-01  3.38844156e+05  8.37680659e+01 
 3.46736850e+05  4.54334221e-01  3.46736850e+05  8.34479234e+01 
 3.54813389e+05  2.92359929e-01  3.54813389e+05  8.31159967e+01 
 3.63078055e+05  1.30832105e-01  3.63078055e+05  8.27721139e+01 
 3.71535229e+05 -3.02640217e-02  3.71535229e+05  8.24161136e+01 
 3.80189396e+05 -1.90942790e-01  3.80189396e+05  8.20478446e+01 
 3.89045145e+05 -3.51217963e-01  3.89045145e+05  8.16671666e+01 
 3.98107171e+05 -5.11102586e-01  3.98107171e+05  8.12739500e+01 
 4.07380278e+05 -6.70608844e-01  4.07380278e+05  8.08680761e+01 
 4.16869383e+05 -8.29747920e-01  4.16869383e+05  8.04494368e+01 
 4.26579519e+05 -9.88529860e-01  4.26579519e+05  8.00179349e+01 
 4.36515832e+05 -1.14696344e+00  4.36515832e+05  7.95734840e+01 
 4.46683592e+05 -1.30505605e+00  4.46683592e+05  7.91160077e+01 
 4.57088190e+05 -1.46281354e+00  4.57088190e+05  7.86454401e+01 
 4.67735141e+05 -1.62024017e+00  4.67735141e+05  7.81617251e+01 
 4.78630092e+05 -1.77733841e+00  4.78630092e+05  7.76648163e+01 
 4.89778819e+05 -1.93410896e+00  4.89778819e+05  7.71546764e+01 
 5.01187234e+05 -2.09055056e+00  5.01187234e+05  7.66312771e+01 
 5.12861384e+05 -2.24665998e+00  5.12861384e+05  7.60945986e+01 
 5.24807460e+05 -2.40243194e+00  5.24807460e+05  7.55446290e+01 
 5.37031796e+05 -2.55785903e+00  5.37031796e+05  7.49813641e+01 
 5.49540874e+05 -2.71293170e+00  5.49540874e+05  7.44048069e+01 
 5.62341325e+05 -2.86763822e+00  5.62341325e+05  7.38149672e+01 
 5.75439937e+05 -3.02196464e+00  5.75439937e+05  7.32118612e+01 
 5.88843655e+05 -3.17589484e+00  5.88843655e+05  7.25955110e+01 
 6.02559586e+05 -3.32941045e+00  6.02559586e+05  7.19659441e+01 
 6.16595002e+05 -3.48249094e+00  6.16595002e+05  7.13231935e+01 
 6.30957344e+05 -3.63511362e+00  6.30957344e+05  7.06672967e+01 
 6.45654229e+05 -3.78725364e+00  6.45654229e+05  6.99982961e+01 
 6.60693448e+05 -3.93888413e+00  6.60693448e+05  6.93162380e+01 
 6.76082975e+05 -4.08997615e+00  6.76082975e+05  6.86211728e+01 
 6.91830971e+05 -4.24049886e+00  6.91830971e+05  6.79131548e+01 
 7.07945784e+05 -4.39041951e+00  7.07945784e+05  6.71922418e+01 
 7.24435960e+05 -4.53970359e+00  7.24435960e+05  6.64584950e+01 
 7.41310241e+05 -4.68831490e+00  7.41310241e+05  6.57119790e+01 
 7.58577575e+05 -4.83621565e+00  7.58577575e+05  6.49527616e+01 
 7.76247117e+05 -4.98336660e+00  7.76247117e+05  6.41809136e+01 
 7.94328235e+05 -5.12972713e+00  7.94328235e+05  6.33965093e+01 
 8.12830516e+05 -5.27525542e+00  8.12830516e+05  6.25996258e+01 
 8.31763771e+05 -5.41990853e+00  8.31763771e+05  6.17903435e+01 
 8.51138038e+05 -5.56364259e+00  8.51138038e+05  6.09687460e+01 
 8.70963590e+05 -5.70641289e+00  8.70963590e+05  6.01349200e+01 
 8.91250938e+05 -5.84817409e+00  8.91250938e+05  5.92889555e+01 
 9.12010839e+05 -5.98888031e+00  9.12010839e+05  5.84309457e+01 
 9.33254301e+05 -6.12848531e+00  9.33254301e+05  5.75609874e+01 
 9.54992586e+05 -6.26694269e+00  9.54992586e+05  5.66791803e+01 
 9.77237221e+05 -6.40420600e+00  9.77237221e+05  5.57856279e+01 
 1.00000000e+06 -6.54022891e+00  1.00000000e+06  5.48804368e+01 
 1.02329299e+06 -6.67496543e+00  1.02329299e+06  5.39637170e+01 
 1.04712855e+06 -6.80837003e+00  1.04712855e+06  5.30355817e+01 
 1.07151931e+06 -6.94039782e+00  1.07151931e+06  5.20961475e+01 
 1.09647820e+06 -7.07100476e+00  1.09647820e+06  5.11455337e+01 
 1.12201845e+06 -7.20014779e+00  1.12201845e+06  5.01838626e+01 
 1.14815362e+06 -7.32778502e+00  1.14815362e+06  4.92112589e+01 
 1.17489755e+06 -7.45387592e+00  1.17489755e+06  4.82278500e+01 
 1.20226443e+06 -7.57838147e+00  1.20226443e+06  4.72337647e+01 
 1.23026877e+06 -7.70126434e+00  1.23026877e+06  4.62291337e+01 
 1.25892541e+06 -7.82248907e+00  1.25892541e+06  4.52140888e+01 
 1.28824955e+06 -7.94202222e+00  1.28824955e+06  4.41887621e+01 
 1.31825674e+06 -8.05983255e+00  1.31825674e+06  4.31532858e+01 
 1.34896288e+06 -8.17589117e+00  1.34896288e+06  4.21077913e+01 
 1.38038426e+06 -8.29017173e+00  1.38038426e+06  4.10524087e+01 
 1.41253754e+06 -8.40265053e+00  1.41253754e+06  3.99872657e+01 
 1.44543977e+06 -8.51330672e+00  1.44543977e+06  3.89124872e+01 
 1.47910839e+06 -8.62212240e+00  1.47910839e+06  3.78281939e+01 
 1.51356125e+06 -8.72908283e+00  1.51356125e+06  3.67345019e+01 
 1.54881662e+06 -8.83417653e+00  1.54881662e+06  3.56315211e+01 
 1.58489319e+06 -8.93739543e+00  1.58489319e+06  3.45193549e+01 
 1.62181010e+06 -9.03873502e+00  1.62181010e+06  3.33980984e+01 
 1.65958691e+06 -9.13819449e+00  1.65958691e+06  3.22678380e+01 
 1.69824365e+06 -9.23577687e+00  1.69824365e+06  3.11286496e+01 
 1.73780083e+06 -9.33148916e+00  1.73780083e+06  2.99805983e+01 
 1.77827941e+06 -9.42534249e+00  1.77827941e+06  2.88237366e+01 
 1.81970086e+06 -9.51735226e+00  1.81970086e+06  2.76581039e+01 
 1.86208714e+06 -9.60753831e+00  1.86208714e+06  2.64837250e+01 
 1.90546072e+06 -9.69592504e+00  1.90546072e+06  2.53006096e+01 
 1.94984460e+06 -9.78254162e+00  1.94984460e+06  2.41087508e+01 
 1.99526231e+06 -9.86742217e+00  1.99526231e+06  2.29081251e+01 
 2.04173794e+06 -9.95060591e+00  2.04173794e+06  2.16986911e+01 
 2.08929613e+06 -1.00321374e+01  2.08929613e+06  2.04803893e+01 
 2.13796209e+06 -1.01120669e+01  2.13796209e+06  1.92531417e+01 
 2.18776162e+06 -1.01904502e+01  2.18776162e+06  1.80168517e+01 
 2.23872114e+06 -1.02673495e+01  2.23872114e+06  1.67714044e+01 
 2.29086765e+06 -1.03428330e+01  2.29086765e+06  1.55166669e+01 
 2.34422882e+06 -1.04169759e+01  2.34422882e+06  1.42524894e+01 
 2.39883292e+06 -1.04898602e+01  2.39883292e+06  1.29787063e+01 
 2.45470892e+06 -1.05615753e+01  2.45470892e+06  1.16951380e+01 
 2.51188643e+06 -1.06322181e+01  2.51188643e+06  1.04015937e+01 
 2.57039578e+06 -1.07018937e+01  2.57039578e+06  9.09787349e+00 
 2.63026799e+06 -1.07707155e+01  2.63026799e+06  7.78377303e+00 
 2.69153480e+06 -1.08388056e+01  2.69153480e+06  6.45908741e+00 
 2.75422870e+06 -1.09062948e+01  2.75422870e+06  5.12361668e+00 
 2.81838293e+06 -1.09733236e+01  2.81838293e+06  3.77717211e+00 
 2.88403150e+06 -1.10400414e+01  2.88403150e+06  2.41958337e+00 
 2.95120923e+06 -1.11066071e+01  2.95120923e+06  1.05070671e+00 
 3.01995172e+06 -1.11731889e+01  3.01995172e+06 -3.29565930e-01 
 3.09029543e+06 -1.12399640e+01  3.09029543e+06 -1.72129687e+00 
 3.16227766e+06 -1.13071179e+01  3.16227766e+06 -3.12449193e+00 
 3.23593657e+06 -1.13748437e+01  3.23593657e+06 -4.53908906e+00 
 3.31131121e+06 -1.14433410e+01  3.31131121e+06 -5.96494669e+00 
 3.38844156e+06 -1.15128145e+01  3.38844156e+06 -7.40183221e+00 
 3.46736850e+06 -1.15834719e+01  3.46736850e+06 -8.84941097e+00 
 3.54813389e+06 -1.16555218e+01  3.54813389e+06 -1.03072364e+01 
 3.63078055e+06 -1.17291710e+01  3.63078055e+06 -1.17747421e+01 
 3.71535229e+06 -1.18046214e+01  3.71535229e+06 -1.32512363e+01 
 3.80189396e+06 -1.18820665e+01  3.80189396e+06 -1.47358994e+01 
 3.89045145e+06 -1.19616881e+01  3.89045145e+06 -1.62277863e+01 
 3.98107171e+06 -1.20436521e+01  3.98107171e+06 -1.77258326e+01 
 4.07380278e+06 -1.21281052e+01  4.07380278e+06 -1.92288657e+01 
 4.16869383e+06 -1.22151713e+01  4.16869383e+06 -2.07356227e+01 
 4.26579519e+06 -1.23049482e+01  4.26579519e+06 -2.22447712e+01 
 4.36515832e+06 -1.23975056e+01  4.36515832e+06 -2.37549369e+01 
 4.46683592e+06 -1.24928831e+01  4.46683592e+06 -2.52647338e+01 
 4.57088190e+06 -1.25910899e+01  4.57088190e+06 -2.67727973e+01 
 4.67735141e+06 -1.26921049e+01  4.67735141e+06 -2.82778182e+01 
 4.78630092e+06 -1.27958787e+01  4.78630092e+06 -2.97785760e+01 
 4.89778819e+06 -1.29023360e+01  4.89778819e+06 -3.12739698e+01 
 5.01187234e+06 -1.30113790e+01  5.01187234e+06 -3.27630444e+01 
 5.12861384e+06 -1.31228925e+01  5.12861384e+06 -3.42450106e+01 
 5.24807460e+06 -1.32367481e+01  5.24807460e+06 -3.57192595e+01 
 5.37031796e+06 -1.33528099e+01  5.37031796e+06 -3.71853680e+01 
 5.49540874e+06 -1.34709395e+01  5.49540874e+06 -3.86430979e+01 
 5.62341325e+06 -1.35910008e+01  5.62341325e+06 -4.00923872e+01 
 5.75439937e+06 -1.37128648e+01  5.75439937e+06 -4.15333355e+01 
 5.88843655e+06 -1.38364127e+01  5.88843655e+06 -4.29661845e+01 
 6.02559586e+06 -1.39615389e+01  6.02559586e+06 -4.43912949e+01 
 6.16595002e+06 -1.40881534e+01  6.16595002e+06 -4.58091211e+01 
 6.30957344e+06 -1.42161821e+01  6.30957344e+06 -4.72201858e+01 
 6.45654229e+06 -1.43455678e+01  6.45654229e+06 -4.86250544e+01 
 6.60693448e+06 -1.44762691e+01  6.60693448e+06 -5.00243122e+01 
 6.76082975e+06 -1.46082600e+01  6.76082975e+06 -5.14185433e+01 
 6.91830971e+06 -1.47415277e+01  6.91830971e+06 -5.28083132e+01 
 7.07945784e+06 -1.48760714e+01  7.07945784e+06 -5.41941541e+01 
 7.24435960e+06 -1.50118996e+01  7.24435960e+06 -5.55765541e+01 
 7.41310241e+06 -1.51490288e+01  7.41310241e+06 -5.69559495e+01 
 7.58577575e+06 -1.52874805e+01  7.58577575e+06 -5.83327202e+01 
 7.76247117e+06 -1.54272798e+01  7.76247117e+06 -5.97071875e+01 
 7.94328235e+06 -1.55684533e+01  7.94328235e+06 -6.10796150e+01 
 8.12830516e+06 -1.57110275e+01  8.12830516e+06 -6.24502099e+01 
 8.31763771e+06 -1.58550274e+01  8.31763771e+06 -6.38191277e+01 
 8.51138038e+06 -1.60004751e+01  8.51138038e+06 -6.51864761e+01 
 8.70963590e+06 -1.61473889e+01  8.70963590e+06 -6.65523215e+01 
 8.91250938e+06 -1.62957826e+01  8.91250938e+06 -6.79166940e+01 
 9.12010839e+06 -1.64456648e+01  9.12010839e+06 -6.92795943e+01 
 9.33254301e+06 -1.65970389e+01  9.33254301e+06 -7.06409998e+01 
 9.54992586e+06 -1.67499022e+01  9.54992586e+06 -7.20008701e+01 
 9.77237221e+06 -1.69042468e+01  9.77237221e+06 -7.33591530e+01 
 1.00000000e+07 -1.70600589e+01  1.00000000e+07 -7.47157896e+01 
 1.02329299e+07 -1.72173195e+01  1.02329299e+07 -7.60707186e+01 
 1.04712855e+07 -1.73760046e+01  1.04712855e+07 -7.74238808e+01 
 1.07151931e+07 -1.75360852e+01  1.07151931e+07 -7.87752219e+01 
 1.09647820e+07 -1.76975286e+01  1.09647820e+07 -8.01246958e+01 
 1.12201845e+07 -1.78602979e+01  1.12201845e+07 -8.14722663e+01 
 1.14815362e+07 -1.80243533e+01  1.14815362e+07 -8.28179090e+01 
 1.17489755e+07 -1.81896519e+01  1.17489755e+07 -8.41616122e+01 
 1.20226443e+07 -1.83561489e+01  1.20226443e+07 -8.55033770e+01 
 1.23026877e+07 -1.85237977e+01  1.23026877e+07 -8.68432177e+01 
 1.25892541e+07 -1.86925503e+01  1.25892541e+07 -8.81811608e+01 
 1.28824955e+07 -1.88623581e+01  1.28824955e+07 -8.95172443e+01 
 1.31825674e+07 -1.90331722e+01  1.31825674e+07 -9.08515166e+01 
 1.34896288e+07 -1.92049436e+01  1.34896288e+07 -9.21840341e+01 
 1.38038426e+07 -1.93776237e+01  1.38038426e+07 -9.35148601e+01 
 1.41253754e+07 -1.95511648e+01  1.41253754e+07 -9.48440624e+01 
 1.44543977e+07 -1.97255201e+01  1.44543977e+07 -9.61717108e+01 
 1.47910839e+07 -1.99006442e+01  1.47910839e+07 -9.74978749e+01 
 1.51356125e+07 -2.00764931e+01  1.51356125e+07 -9.88226214e+01 
 1.54881662e+07 -2.02530244e+01  1.54881662e+07 -1.00146012e+02 
 1.58489319e+07 -2.04301975e+01  1.58489319e+07 -1.01468099e+02 
 1.62181010e+07 -2.06079737e+01  1.62181010e+07 -1.02788926e+02 
 1.65958691e+07 -2.07863162e+01  1.65958691e+07 -1.04108523e+02 
 1.69824365e+07 -2.09651903e+01  1.69824365e+07 -1.05426904e+02 
 1.73780083e+07 -2.11445630e+01  1.73780083e+07 -1.06744063e+02 
 1.77827941e+07 -2.13244036e+01  1.77827941e+07 -1.08059978e+02 
 1.81970086e+07 -2.15046831e+01  1.81970086e+07 -1.09374600e+02 
 1.86208714e+07 -2.16853744e+01  1.86208714e+07 -1.10687859e+02 
 1.90546072e+07 -2.18664523e+01  1.90546072e+07 -1.11999655e+02 
 1.94984460e+07 -2.20478932e+01  1.94984460e+07 -1.13309862e+02 
 1.99526231e+07 -2.22296753e+01  1.99526231e+07 -1.14618324e+02 
 2.04173794e+07 -2.24117781e+01  2.04173794e+07 -1.15924851e+02 
 2.08929613e+07 -2.25941826e+01  2.08929613e+07 -1.17229224e+02 
 2.13796209e+07 -2.27768711e+01  2.13796209e+07 -1.18531187e+02 
 2.18776162e+07 -2.29598270e+01  2.18776162e+07 -1.19830451e+02 
 2.23872114e+07 -2.31430348e+01  2.23872114e+07 -1.21126690e+02 
 2.29086765e+07 -2.33264798e+01  2.29086765e+07 -1.22419543e+02 
 2.34422882e+07 -2.35101481e+01  2.34422882e+07 -1.23708610e+02 
 2.39883292e+07 -2.36940266e+01  2.39883292e+07 -1.24993455e+02 
 2.45470892e+07 -2.38781024e+01  2.45470892e+07 -1.26273605e+02 
 2.51188643e+07 -2.40623632e+01  2.51188643e+07 -1.27548550e+02 
 2.57039578e+07 -2.42467968e+01  2.57039578e+07 -1.28817740e+02 
 2.63026799e+07 -2.44313911e+01  2.63026799e+07 -1.30080591e+02 
 2.69153480e+07 -2.46161341e+01  2.69153480e+07 -1.31336481e+02 
 2.75422870e+07 -2.48010133e+01  2.75422870e+07 -1.32584750e+02 
 2.81838293e+07 -2.49860162e+01  2.81838293e+07 -1.33824706e+02 
 2.88403150e+07 -2.51711295e+01  2.88403150e+07 -1.35055619e+02 
 2.95120923e+07 -2.53563395e+01  2.95120923e+07 -1.36276726e+02 
 3.01995172e+07 -2.55416316e+01  3.01995172e+07 -1.37487232e+02 
 3.09029543e+07 -2.57269901e+01  3.09029543e+07 -1.38686309e+02 
 3.16227766e+07 -2.59123983e+01  3.16227766e+07 -1.39873097e+02 
 3.23593657e+07 -2.60978381e+01  3.23593657e+07 -1.41046710e+02 
 3.31131121e+07 -2.62832899e+01  3.31131121e+07 -1.42206230e+02 
 3.38844156e+07 -2.64687323e+01  3.38844156e+07 -1.43350714e+02 
 3.46736850e+07 -2.66541419e+01  3.46736850e+07 -1.44479194e+02 
 3.54813389e+07 -2.68394931e+01  3.54813389e+07 -1.45590678e+02 
 3.63078055e+07 -2.70247579e+01  3.63078055e+07 -1.46684150e+02 
 3.71535229e+07 -2.72099054e+01  3.71535229e+07 -1.47758577e+02 
 3.80189396e+07 -2.73949017e+01  3.80189396e+07 -1.48812904e+02 
 3.89045145e+07 -2.75797095e+01  3.89045145e+07 -1.49846061e+02 
 3.98107171e+07 -2.77642880e+01  3.98107171e+07 -1.50856962e+02 
 4.07380278e+07 -2.79485920e+01  4.07380278e+07 -1.51844508e+02 
 4.16869383e+07 -2.81325719e+01  4.16869383e+07 -1.52807590e+02 
 4.26579519e+07 -2.83161733e+01  4.26579519e+07 -1.53745090e+02 
 4.36515832e+07 -2.84993363e+01  4.36515832e+07 -1.54655882e+02 
 4.46683592e+07 -2.86819953e+01  4.46683592e+07 -1.55538837e+02 
 4.57088190e+07 -2.88640783e+01  4.57088190e+07 -1.56392825e+02 
 4.67735141e+07 -2.90455062e+01  4.67735141e+07 -1.57216717e+02 
 4.78630092e+07 -2.92261927e+01  4.78630092e+07 -1.58009388e+02 
 4.89778819e+07 -2.94060433e+01  4.89778819e+07 -1.58769722e+02 
 5.01187234e+07 -2.95849548e+01  5.01187234e+07 -1.59496615e+02 
 5.12861384e+07 -2.97628145e+01  5.12861384e+07 -1.60188978e+02 
 5.24807460e+07 -2.99395001e+01  5.24807460e+07 -1.60845744e+02 
 5.37031796e+07 -3.01148782e+01  5.37031796e+07 -1.61465870e+02 
 5.49540874e+07 -3.02888044e+01  5.49540874e+07 -1.62048347e+02 
 5.62341325e+07 -3.04611221e+01  5.62341325e+07 -1.62592203e+02 
 5.75439937e+07 -3.06316622e+01  5.75439937e+07 -1.63096513e+02 
 5.88843655e+07 -3.08002425e+01  5.88843655e+07 -1.63560404e+02 
 6.02559586e+07 -3.09666669e+01  6.02559586e+07 -1.63983068e+02 
 6.16595002e+07 -3.11307256e+01  6.16595002e+07 -1.64363768e+02 
 6.30957344e+07 -3.12921942e+01  6.30957344e+07 -1.64701851e+02 
 6.45654229e+07 -3.14508337e+01  6.45654229e+07 -1.64996760e+02 
 6.60693448e+07 -3.16063908e+01  6.60693448e+07 -1.65248045e+02 
 6.76082975e+07 -3.17585981e+01  6.76082975e+07 -1.65455380e+02 
 6.91830971e+07 -3.19071743e+01  6.91830971e+07 -1.65618571e+02 
 7.07945784e+07 -3.20518255e+01  7.07945784e+07 -1.65737577e+02 
 7.24435960e+07 -3.21922460e+01  7.24435960e+07 -1.65812524e+02 
 7.41310241e+07 -3.23281200e+01  7.41310241e+07 -1.65843715e+02 
 7.58577575e+07 -3.24591235e+01  7.58577575e+07 -1.65831652e+02 
 7.76247117e+07 -3.25849268e+01  7.76247117e+07 -1.65777044e+02 
 7.94328235e+07 -3.27051969e+01  7.94328235e+07 -1.65680822e+02 
 8.12830516e+07 -3.28196011e+01  8.12830516e+07 -1.65544153e+02 
 8.31763771e+07 -3.29278105e+01  8.31763771e+07 -1.65368440e+02 
 8.51138038e+07 -3.30295039e+01  8.51138038e+07 -1.65155338e+02 
 8.70963590e+07 -3.31243723e+01  8.70963590e+07 -1.64906746e+02 
 8.91250938e+07 -3.32121232e+01  8.91250938e+07 -1.64624812e+02 
 9.12010839e+07 -3.32924854e+01  9.12010839e+07 -1.64311923e+02 
 9.33254301e+07 -3.33652137e+01  9.33254301e+07 -1.63970693e+02 
 9.54992586e+07 -3.34300933e+01  9.54992586e+07 -1.63603947e+02 
 9.77237221e+07 -3.34869442e+01  9.77237221e+07 -1.63214702e+02 
 1.00000000e+08 -3.35356253e+01  1.00000000e+08 -1.62806136e+02 
