 1.00000000e+00  7.04994868e+01  1.00000000e+00  1.78554766e+02 
 1.02329299e+00  7.04991531e+01  1.02329299e+00  1.78524130e+02 
 1.04712855e+00  7.04988203e+01  1.04712855e+00  1.78492764e+02 
 1.07151931e+00  7.04984880e+01  1.07151931e+00  1.78460650e+02 
 1.09647820e+00  7.04981560e+01  1.09647820e+00  1.78427767e+02 
 1.12201845e+00  7.04978238e+01  1.12201845e+00  1.78394097e+02 
 1.14815362e+00  7.04974912e+01  1.14815362e+00  1.78359620e+02 
 1.17489755e+00  7.04971577e+01  1.17489755e+00  1.78324315e+02 
 1.20226443e+00  7.04968229e+01  1.20226443e+00  1.78288163e+02 
 1.23026877e+00  7.04964864e+01  1.23026877e+00  1.78251141e+02 
 1.25892541e+00  7.04961478e+01  1.25892541e+00  1.78213229e+02 
 1.28824955e+00  7.04958065e+01  1.28824955e+00  1.78174406e+02 
 1.31825674e+00  7.04954621e+01  1.31825674e+00  1.78134649e+02 
 1.34896288e+00  7.04951141e+01  1.34896288e+00  1.78093935e+02 
 1.38038426e+00  7.04947619e+01  1.38038426e+00  1.78052242e+02 
 1.41253754e+00  7.04944050e+01  1.41253754e+00  1.78009546e+02 
 1.44543977e+00  7.04940428e+01  1.44543977e+00  1.77965823e+02 
 1.47910839e+00  7.04936747e+01  1.47910839e+00  1.77921049e+02 
 1.51356125e+00  7.04933000e+01  1.51356125e+00  1.77875199e+02 
 1.54881662e+00  7.04929181e+01  1.54881662e+00  1.77828248e+02 
 1.58489319e+00  7.04925283e+01  1.58489319e+00  1.77780170e+02 
 1.62181010e+00  7.04921299e+01  1.62181010e+00  1.77730939e+02 
 1.65958691e+00  7.04917222e+01  1.65958691e+00  1.77680527e+02 
 1.69824365e+00  7.04913045e+01  1.69824365e+00  1.77628908e+02 
 1.73780083e+00  7.04908758e+01  1.73780083e+00  1.77576053e+02 
 1.77827941e+00  7.04904355e+01  1.77827941e+00  1.77521933e+02 
 1.81970086e+00  7.04899827e+01  1.81970086e+00  1.77466520e+02 
 1.86208714e+00  7.04895164e+01  1.86208714e+00  1.77409784e+02 
 1.90546072e+00  7.04890358e+01  1.90546072e+00  1.77351694e+02 
 1.94984460e+00  7.04885400e+01  1.94984460e+00  1.77292219e+02 
 1.99526231e+00  7.04880278e+01  1.99526231e+00  1.77231327e+02 
 2.04173794e+00  7.04874984e+01  2.04173794e+00  1.77168987e+02 
 2.08929613e+00  7.04869506e+01  2.08929613e+00  1.77105164e+02 
 2.13796209e+00  7.04863834e+01  2.13796209e+00  1.77039825e+02 
 2.18776162e+00  7.04857955e+01  2.18776162e+00  1.76972936e+02 
 2.23872114e+00  7.04851858e+01  2.23872114e+00  1.76904461e+02 
 2.29086765e+00  7.04845530e+01  2.29086765e+00  1.76834364e+02 
 2.34422882e+00  7.04838958e+01  2.34422882e+00  1.76762608e+02 
 2.39883292e+00  7.04832129e+01  2.39883292e+00  1.76689157e+02 
 2.45470892e+00  7.04825029e+01  2.45470892e+00  1.76613970e+02 
 2.51188643e+00  7.04817643e+01  2.51188643e+00  1.76537009e+02 
 2.57039578e+00  7.04809955e+01  2.57039578e+00  1.76458235e+02 
 2.63026799e+00  7.04801951e+01  2.63026799e+00  1.76377605e+02 
 2.69153480e+00  7.04793612e+01  2.69153480e+00  1.76295078e+02 
 2.75422870e+00  7.04784922e+01  2.75422870e+00  1.76210612e+02 
 2.81838293e+00  7.04775863e+01  2.81838293e+00  1.76124163e+02 
 2.88403150e+00  7.04766415e+01  2.88403150e+00  1.76035685e+02 
 2.95120923e+00  7.04756560e+01  2.95120923e+00  1.75945135e+02 
 3.01995172e+00  7.04746276e+01  3.01995172e+00  1.75852464e+02 
 3.09029543e+00  7.04735543e+01  3.09029543e+00  1.75757626e+02 
 3.16227766e+00  7.04724337e+01  3.16227766e+00  1.75660572e+02 
 3.23593657e+00  7.04712636e+01  3.23593657e+00  1.75561252e+02 
 3.31131121e+00  7.04700415e+01  3.31131121e+00  1.75459617e+02 
 3.38844156e+00  7.04687649e+01  3.38844156e+00  1.75355614e+02 
 3.46736850e+00  7.04674311e+01  3.46736850e+00  1.75249191e+02 
 3.54813389e+00  7.04660374e+01  3.54813389e+00  1.75140294e+02 
 3.63078055e+00  7.04645808e+01  3.63078055e+00  1.75028868e+02 
 3.71535229e+00  7.04630583e+01  3.71535229e+00  1.74914857e+02 
 3.80189396e+00  7.04614668e+01  3.80189396e+00  1.74798204e+02 
 3.89045145e+00  7.04598029e+01  3.89045145e+00  1.74678851e+02 
 3.98107171e+00  7.04580632e+01  3.98107171e+00  1.74556739e+02 
 4.07380278e+00  7.04562442e+01  4.07380278e+00  1.74431806e+02 
 4.16869383e+00  7.04543419e+01  4.16869383e+00  1.74303992e+02 
 4.26579519e+00  7.04523526e+01  4.26579519e+00  1.74173232e+02 
 4.36515832e+00  7.04502721e+01  4.36515832e+00  1.74039463e+02 
 4.46683592e+00  7.04480961e+01  4.46683592e+00  1.73902620e+02 
 4.57088190e+00  7.04458201e+01  4.57088190e+00  1.73762636e+02 
 4.67735141e+00  7.04434395e+01  4.67735141e+00  1.73619443e+02 
 4.78630092e+00  7.04409493e+01  4.78630092e+00  1.73472971e+02 
 4.89778819e+00  7.04383445e+01  4.89778819e+00  1.73323151e+02 
 5.01187234e+00  7.04356197e+01  5.01187234e+00  1.73169911e+02 
 5.12861384e+00  7.04327693e+01  5.12861384e+00  1.73013178e+02 
 5.24807460e+00  7.04297876e+01  5.24807460e+00  1.72852877e+02 
 5.37031796e+00  7.04266684e+01  5.37031796e+00  1.72688934e+02 
 5.49540874e+00  7.04234054e+01  5.49540874e+00  1.72521272e+02 
 5.62341325e+00  7.04199920e+01  5.62341325e+00  1.72349812e+02 
 5.75439937e+00  7.04164213e+01  5.75439937e+00  1.72174476e+02 
 5.88843655e+00  7.04126861e+01  5.88843655e+00  1.71995183e+02 
 6.02559586e+00  7.04087787e+01  6.02559586e+00  1.71811852e+02 
 6.16595002e+00  7.04046915e+01  6.16595002e+00  1.71624399e+02 
 6.30957344e+00  7.04004161e+01  6.30957344e+00  1.71432742e+02 
 6.45654229e+00  7.03959440e+01  6.45654229e+00  1.71236793e+02 
 6.60693448e+00  7.03912663e+01  6.60693448e+00  1.71036469e+02 
 6.76082975e+00  7.03863737e+01  6.76082975e+00  1.70831680e+02 
 6.91830971e+00  7.03812565e+01  6.91830971e+00  1.70622338e+02 
 7.07945784e+00  7.03759046e+01  7.07945784e+00  1.70408354e+02 
 7.24435960e+00  7.03703074e+01  7.24435960e+00  1.70189638e+02 
 7.41310241e+00  7.03644539e+01  7.41310241e+00  1.69966097e+02 
 7.58577575e+00  7.03583328e+01  7.58577575e+00  1.69737640e+02 
 7.76247117e+00  7.03519320e+01  7.76247117e+00  1.69504174e+02 
 7.94328235e+00  7.03452391e+01  7.94328235e+00  1.69265604e+02 
 8.12830516e+00  7.03382413e+01  8.12830516e+00  1.69021835e+02 
 8.31763771e+00  7.03309250e+01  8.31763771e+00  1.68772774e+02 
 8.51138038e+00  7.03232763e+01  8.51138038e+00  1.68518323e+02 
 8.70963590e+00  7.03152805e+01  8.70963590e+00  1.68258388e+02 
 8.91250938e+00  7.03069226e+01  8.91250938e+00  1.67992870e+02 
 9.12010839e+00  7.02981869e+01  9.12010839e+00  1.67721674e+02 
 9.33254301e+00  7.02890568e+01  9.33254301e+00  1.67444703e+02 
 9.54992586e+00  7.02795155e+01  9.54992586e+00  1.67161861e+02 
 9.77237221e+00  7.02695452e+01  9.77237221e+00  1.66873049e+02 
 1.00000000e+01  7.02591277e+01  1.00000000e+01  1.66578174e+02 
 1.02329299e+01  7.02482439e+01  1.02329299e+01  1.66277138e+02 
 1.04712855e+01  7.02368741e+01  1.04712855e+01  1.65969846e+02 
 1.07151931e+01  7.02249979e+01  1.07151931e+01  1.65656206e+02 
 1.09647820e+01  7.02125941e+01  1.09647820e+01  1.65336122e+02 
 1.12201845e+01  7.01996406e+01  1.12201845e+01  1.65009504e+02 
 1.14815362e+01  7.01861149e+01  1.14815362e+01  1.64676261e+02 
 1.17489755e+01  7.01719934e+01  1.17489755e+01  1.64336304e+02 
 1.20226443e+01  7.01572519e+01  1.20226443e+01  1.63989546e+02 
 1.23026877e+01  7.01418651e+01  1.23026877e+01  1.63635904e+02 
 1.25892541e+01  7.01258073e+01  1.25892541e+01  1.63275294e+02 
 1.28824955e+01  7.01090516e+01  1.28824955e+01  1.62907637e+02 
 1.31825674e+01  7.00915704e+01  1.31825674e+01  1.62532858e+02 
 1.34896288e+01  7.00733354e+01  1.34896288e+01  1.62150883e+02 
 1.38038426e+01  7.00543173e+01  1.38038426e+01  1.61761643e+02 
 1.41253754e+01  7.00344859e+01  1.41253754e+01  1.61365073e+02 
 1.44543977e+01  7.00138104e+01  1.44543977e+01  1.60961112e+02 
 1.47910839e+01  6.99922588e+01  1.47910839e+01  1.60549703e+02 
 1.51356125e+01  6.99697987e+01  1.51356125e+01  1.60130797e+02 
 1.54881662e+01  6.99463965e+01  1.54881662e+01  1.59704347e+02 
 1.58489319e+01  6.99220180e+01  1.58489319e+01  1.59270314e+02 
 1.62181010e+01  6.98966283e+01  1.62181010e+01  1.58828665e+02 
 1.65958691e+01  6.98701914e+01  1.65958691e+01  1.58379372e+02 
 1.69824365e+01  6.98426709e+01  1.69824365e+01  1.57922417e+02 
 1.73780083e+01  6.98140296e+01  1.73780083e+01  1.57457787e+02 
 1.77827941e+01  6.97842294e+01  1.77827941e+01  1.56985479e+02 
 1.81970086e+01  6.97532320e+01  1.81970086e+01  1.56505496e+02 
 1.86208714e+01  6.97209982e+01  1.86208714e+01  1.56017851e+02 
 1.90546072e+01  6.96874882e+01  1.90546072e+01  1.55522567e+02 
 1.94984460e+01  6.96526620e+01  1.94984460e+01  1.55019675e+02 
 1.99526231e+01  6.96164790e+01  1.99526231e+01  1.54509218e+02 
 2.04173794e+01  6.95788982e+01  2.04173794e+01  1.53991246e+02 
 2.08929613e+01  6.95398784e+01  2.08929613e+01  1.53465822e+02 
 2.13796209e+01  6.94993783e+01  2.13796209e+01  1.52933021e+02 
 2.18776162e+01  6.94573561e+01  2.18776162e+01  1.52392927e+02 
 2.23872114e+01  6.94137704e+01  2.23872114e+01  1.51845637e+02 
 2.29086765e+01  6.93685796e+01  2.29086765e+01  1.51291258e+02 
 2.34422882e+01  6.93217422e+01  2.34422882e+01  1.50729913e+02 
 2.39883292e+01  6.92732170e+01  2.39883292e+01  1.50161733e+02 
 2.45470892e+01  6.92229633e+01  2.45470892e+01  1.49586865e+02 
 2.51188643e+01  6.91709406e+01  2.51188643e+01  1.49005465e+02 
 2.57039578e+01  6.91171092e+01  2.57039578e+01  1.48417705e+02 
 2.63026799e+01  6.90614299e+01  2.63026799e+01  1.47823768e+02 
 2.69153480e+01  6.90038643e+01  2.69153480e+01  1.47223849e+02 
 2.75422870e+01  6.89443751e+01  2.75422870e+01  1.46618156e+02 
 2.81838293e+01  6.88829258e+01  2.81838293e+01  1.46006911e+02 
 2.88403150e+01  6.88194812e+01  2.88403150e+01  1.45390347e+02 
 2.95120923e+01  6.87540073e+01  2.95120923e+01  1.44768707e+02 
 3.01995172e+01  6.86864715e+01  3.01995172e+01  1.44142248e+02 
 3.09029543e+01  6.86168428e+01  3.09029543e+01  1.43511237e+02 
 3.16227766e+01  6.85450917e+01  3.16227766e+01  1.42875954e+02 
 3.23593657e+01  6.84711904e+01  3.23593657e+01  1.42236685e+02 
 3.31131121e+01  6.83951131e+01  3.31131121e+01  1.41593730e+02 
 3.38844156e+01  6.83168357e+01  3.38844156e+01  1.40947395e+02 
 3.46736850e+01  6.82363362e+01  3.46736850e+01  1.40297996e+02 
 3.54813389e+01  6.81535949e+01  3.54813389e+01  1.39645857e+02 
 3.63078055e+01  6.80685939e+01  3.63078055e+01  1.38991307e+02 
 3.71535229e+01  6.79813181e+01  3.71535229e+01  1.38334683e+02 
 3.80189396e+01  6.78917541e+01  3.80189396e+01  1.37676327e+02 
 3.89045145e+01  6.77998914e+01  3.89045145e+01  1.37016584e+02 
 3.98107171e+01  6.77057216e+01  3.98107171e+01  1.36355805e+02 
 4.07380278e+01  6.76092389e+01  4.07380278e+01  1.35694342e+02 
 4.16869383e+01  6.75104399e+01  4.16869383e+01  1.35032549e+02 
 4.26579519e+01  6.74093237e+01  4.26579519e+01  1.34370780e+02 
 4.36515832e+01  6.73058919e+01  4.36515832e+01  1.33709389e+02 
 4.46683592e+01  6.72001485e+01  4.46683592e+01  1.33048731e+02 
 4.57088190e+01  6.70921003e+01  4.57088190e+01  1.32389156e+02 
 4.67735141e+01  6.69817560e+01  4.67735141e+01  1.31731012e+02 
 4.78630092e+01  6.68691271e+01  4.78630092e+01  1.31074643e+02 
 4.89778819e+01  6.67542272e+01  4.89778819e+01  1.30420390e+02 
 5.01187234e+01  6.66370724e+01  5.01187234e+01  1.29768585e+02 
 5.12861384e+01  6.65176809e+01  5.12861384e+01  1.29119556e+02 
 5.24807460e+01  6.63960729e+01  5.24807460e+01  1.28473622e+02 
 5.37031796e+01  6.62722710e+01  5.37031796e+01  1.27831097e+02 
 5.49540874e+01  6.61462994e+01  5.49540874e+01  1.27192283e+02 
 5.62341325e+01  6.60181844e+01  5.62341325e+01  1.26557474e+02 
 5.75439937e+01  6.58879540e+01  5.75439937e+01  1.25926955e+02 
 5.88843655e+01  6.57556379e+01  5.88843655e+01  1.25300999e+02 
 6.02559586e+01  6.56212673e+01  6.02559586e+01  1.24679870e+02 
 6.16595002e+01  6.54848749e+01  6.16595002e+01  1.24063820e+02 
 6.30957344e+01  6.53464946e+01  6.30957344e+01  1.23453089e+02 
 6.45654229e+01  6.52061617e+01  6.45654229e+01  1.22847905e+02 
 6.60693448e+01  6.50639125e+01  6.60693448e+01  1.22248485e+02 
 6.76082975e+01  6.49197843e+01  6.76082975e+01  1.21655034e+02 
 6.91830971e+01  6.47738151e+01  6.91830971e+01  1.21067742e+02 
 7.07945784e+01  6.46260440e+01  7.07945784e+01  1.20486790e+02 
 7.24435960e+01  6.44765103e+01  7.24435960e+01  1.19912344e+02 
 7.41310241e+01  6.43252543e+01  7.41310241e+01  1.19344559e+02 
 7.58577575e+01  6.41723162e+01  7.58577575e+01  1.18783578e+02 
 7.76247117e+01  6.40177370e+01  7.76247117e+01  1.18229529e+02 
 7.94328235e+01  6.38615575e+01  7.94328235e+01  1.17682532e+02 
 8.12830516e+01  6.37038190e+01  8.12830516e+01  1.17142693e+02 
 8.31763771e+01  6.35445626e+01  8.31763771e+01  1.16610106e+02 
 8.51138038e+01  6.33838293e+01  8.51138038e+01  1.16084854e+02 
 8.70963590e+01  6.32216601e+01  8.70963590e+01  1.15567010e+02 
 8.91250938e+01  6.30580957e+01  8.91250938e+01  1.15056635e+02 
 9.12010839e+01  6.28931765e+01  9.12010839e+01  1.14553780e+02 
 9.33254301e+01  6.27269427e+01  9.33254301e+01  1.14058486e+02 
 9.54992586e+01  6.25594338e+01  9.54992586e+01  1.13570786e+02 
 9.77237221e+01  6.23906891e+01  9.77237221e+01  1.13090699e+02 
 1.00000000e+02  6.22207473e+01  1.00000000e+02  1.12618241e+02 
 1.02329299e+02  6.20496463e+01  1.02329299e+02  1.12153415e+02 
 1.04712855e+02  6.18774237e+01  1.04712855e+02  1.11696217e+02 
 1.07151931e+02  6.17041162e+01  1.07151931e+02  1.11246638e+02 
 1.09647820e+02  6.15297601e+01  1.09647820e+02  1.10804657e+02 
 1.12201845e+02  6.13543906e+01  1.12201845e+02  1.10370250e+02 
 1.14815362e+02  6.11780425e+01  1.14815362e+02  1.09943384e+02 
 1.17489755e+02  6.10007497e+01  1.17489755e+02  1.09524021e+02 
 1.20226443e+02  6.08225452e+01  1.20226443e+02  1.09112117e+02 
 1.23026877e+02  6.06434614e+01  1.23026877e+02  1.08707623e+02 
 1.25892541e+02  6.04635299e+01  1.25892541e+02  1.08310484e+02 
 1.28824955e+02  6.02827813e+01  1.28824955e+02  1.07920641e+02 
 1.31825674e+02  6.01012454e+01  1.31825674e+02  1.07538031e+02 
 1.34896288e+02  5.99189515e+01  1.34896288e+02  1.07162586e+02 
 1.38038426e+02  5.97359277e+01  1.38038426e+02  1.06794236e+02 
 1.41253754e+02  5.95522014e+01  1.41253754e+02  1.06432905e+02 
 1.44543977e+02  5.93677993e+01  1.44543977e+02  1.06078517e+02 
 1.47910839e+02  5.91827471e+01  1.47910839e+02  1.05730990e+02 
 1.51356125e+02  5.89970699e+01  1.51356125e+02  1.05390242e+02 
 1.54881662e+02  5.88107919e+01  1.54881662e+02  1.05056189e+02 
 1.58489319e+02  5.86239366e+01  1.58489319e+02  1.04728743e+02 
 1.62181010e+02  5.84365265e+01  1.62181010e+02  1.04407816e+02 
 1.65958691e+02  5.82485836e+01  1.65958691e+02  1.04093316e+02 
 1.69824365e+02  5.80601292e+01  1.69824365e+02  1.03785154e+02 
 1.73780083e+02  5.78711835e+01  1.73780083e+02  1.03483236e+02 
 1.77827941e+02  5.76817664e+01  1.77827941e+02  1.03187468e+02 
 1.81970086e+02  5.74918969e+01  1.81970086e+02  1.02897757e+02 
 1.86208714e+02  5.73015934e+01  1.86208714e+02  1.02614008e+02 
 1.90546072e+02  5.71108735e+01  1.90546072e+02  1.02336125e+02 
 1.94984460e+02  5.69197543e+01  1.94984460e+02  1.02064013e+02 
 1.99526231e+02  5.67282522e+01  1.99526231e+02  1.01797577e+02 
 2.04173794e+02  5.65363831e+01  2.04173794e+02  1.01536721e+02 
 2.08929613e+02  5.63441622e+01  2.08929613e+02  1.01281349e+02 
 2.13796209e+02  5.61516040e+01  2.13796209e+02  1.01031368e+02 
 2.18776162e+02  5.59587227e+01  2.18776162e+02  1.00786681e+02 
 2.23872114e+02  5.57655318e+01  2.23872114e+02  1.00547195e+02 
 2.29086765e+02  5.55720444e+01  2.29086765e+02  1.00312815e+02 
 2.34422882e+02  5.53782729e+01  2.34422882e+02  1.00083450e+02 
 2.39883292e+02  5.51842294e+01  2.39883292e+02  9.98590059e+01 
 2.45470892e+02  5.49899253e+01  2.45470892e+02  9.96393918e+01 
 2.51188643e+02  5.47953718e+01  2.51188643e+02  9.94245168e+01 
 2.57039578e+02  5.46005795e+01  2.57039578e+02  9.92142910e+01 
 2.63026799e+02  5.44055586e+01  2.63026799e+02  9.90086254e+01 
 2.69153480e+02  5.42103189e+01  2.69153480e+02  9.88074321e+01 
 2.75422870e+02  5.40148698e+01  2.75422870e+02  9.86106243e+01 
 2.81838293e+02  5.38192203e+01  2.81838293e+02  9.84181159e+01 
 2.88403150e+02  5.36233791e+01  2.88403150e+02  9.82298223e+01 
 2.95120923e+02  5.34273543e+01  2.95120923e+02  9.80456597e+01 
 3.01995172e+02  5.32311540e+01  3.01995172e+02  9.78655459e+01 
 3.09029543e+02  5.30347858e+01  3.09029543e+02  9.76893993e+01 
 3.16227766e+02  5.28382570e+01  3.16227766e+02  9.75171399e+01 
 3.23593657e+02  5.26415745e+01  3.23593657e+02  9.73486889e+01 
 3.31131121e+02  5.24447451e+01  3.31131121e+02  9.71839684e+01 
 3.38844156e+02  5.22477751e+01  3.38844156e+02  9.70229020e+01 
 3.46736850e+02  5.20506707e+01  3.46736850e+02  9.68654144e+01 
 3.54813389e+02  5.18534378e+01  3.54813389e+02  9.67114318e+01 
 3.63078055e+02  5.16560821e+01  3.63078055e+02  9.65608813e+01 
 3.71535229e+02  5.14586088e+01  3.71535229e+02  9.64136913e+01 
 3.80189396e+02  5.12610231e+01  3.80189396e+02  9.62697917e+01 
 3.89045145e+02  5.10633301e+01  3.89045145e+02  9.61291134e+01 
 3.98107171e+02  5.08655344e+01  3.98107171e+02  9.59915885e+01 
 4.07380278e+02  5.06676405e+01  4.07380278e+02  9.58571505e+01 
 4.16869383e+02  5.04696529e+01  4.16869383e+02  9.57257342e+01 
 4.26579519e+02  5.02715755e+01  4.26579519e+02  9.55972752e+01 
 4.36515832e+02  5.00734124e+01  4.36515832e+02  9.54717107e+01 
 4.46683592e+02  4.98751674e+01  4.46683592e+02  9.53489789e+01 
 4.57088190e+02  4.96768441e+01  4.57088190e+02  9.52290194e+01 
 4.67735141e+02  4.94784460e+01  4.67735141e+02  9.51117726e+01 
 4.78630092e+02  4.92799763e+01  4.78630092e+02  9.49971805e+01 
 4.89778819e+02  4.90814383e+01  4.89778819e+02  9.48851858e+01 
 5.01187234e+02  4.88828350e+01  5.01187234e+02  9.47757328e+01 
 5.12861384e+02  4.86841693e+01  5.12861384e+02  9.46687665e+01 
 5.24807460e+02  4.84854439e+01  5.24807460e+02  9.45642333e+01 
 5.37031796e+02  4.82866616e+01  5.37031796e+02  9.44620806e+01 
 5.49540874e+02  4.80878248e+01  5.49540874e+02  9.43622567e+01 
 5.62341325e+02  4.78889360e+01  5.62341325e+02  9.42647113e+01 
 5.75439937e+02  4.76899975e+01  5.75439937e+02  9.41693949e+01 
 5.88843655e+02  4.74910115e+01  5.88843655e+02  9.40762590e+01 
 6.02559586e+02  4.72919801e+01  6.02559586e+02  9.39852564e+01 
 6.16595002e+02  4.70929054e+01  6.16595002e+02  9.38963406e+01 
 6.30957344e+02  4.68937893e+01  6.30957344e+02  9.38094662e+01 
 6.45654229e+02  4.66946337e+01  6.45654229e+02  9.37245888e+01 
 6.60693448e+02  4.64954402e+01  6.60693448e+02  9.36416649e+01 
 6.76082975e+02  4.62962107e+01  6.76082975e+02  9.35606520e+01 
 6.91830971e+02  4.60969466e+01  6.91830971e+02  9.34815083e+01 
 7.07945784e+02  4.58976497e+01  7.07945784e+02  9.34041932e+01 
 7.24435960e+02  4.56983213e+01  7.24435960e+02  9.33286669e+01 
 7.41310241e+02  4.54989628e+01  7.41310241e+02  9.32548904e+01 
 7.58577575e+02  4.52995756e+01  7.58577575e+02  9.31828255e+01 
 7.76247117e+02  4.51001610e+01  7.76247117e+02  9.31124350e+01 
 7.94328235e+02  4.49007202e+01  7.94328235e+02  9.30436825e+01 
 8.12830516e+02  4.47012544e+01  8.12830516e+02  9.29765323e+01 
 8.31763771e+02  4.45017647e+01  8.31763771e+02  9.29109496e+01 
 8.51138038e+02  4.43022523e+01  8.51138038e+02  9.28469003e+01 
 8.70963590e+02  4.41027180e+01  8.70963590e+02  9.27843511e+01 
 8.91250938e+02  4.39031629e+01  8.91250938e+02  9.27232695e+01 
 9.12010839e+02  4.37035880e+01  9.12010839e+02  9.26636236e+01 
 9.33254301e+02  4.35039941e+01  9.33254301e+02  9.26053825e+01 
 9.54992586e+02  4.33043821e+01  9.54992586e+02  9.25485156e+01 
 9.77237221e+02  4.31047528e+01  9.77237221e+02  9.24929934e+01 
 1.00000000e+03  4.29051069e+01  1.00000000e+03  9.24387869e+01 
 1.02329299e+03  4.27054454e+01  1.02329299e+03  9.23858676e+01 
 1.04712855e+03  4.25057687e+01  1.04712855e+03  9.23342080e+01 
 1.07151931e+03  4.23060777e+01  1.07151931e+03  9.22837810e+01 
 1.09647820e+03  4.21063730e+01  1.09647820e+03  9.22345602e+01 
 1.12201845e+03  4.19066552e+01  1.12201845e+03  9.21865198e+01 
 1.14815362e+03  4.17069249e+01  1.14815362e+03  9.21396346e+01 
 1.17489755e+03  4.15071827e+01  1.17489755e+03  9.20938801e+01 
 1.20226443e+03  4.13074290e+01  1.20226443e+03  9.20492322e+01 
 1.23026877e+03  4.11076646e+01  1.23026877e+03  9.20056676e+01 
 1.25892541e+03  4.09078897e+01  1.25892541e+03  9.19631632e+01 
 1.28824955e+03  4.07081050e+01  1.28824955e+03  9.19216969e+01 
 1.31825674e+03  4.05083109e+01  1.31825674e+03  9.18812467e+01 
 1.34896288e+03  4.03085077e+01  1.34896288e+03  9.18417915e+01 
 1.38038426e+03  4.01086960e+01  1.38038426e+03  9.18033105e+01 
 1.41253754e+03  3.99088761e+01  1.41253754e+03  9.17657834e+01 
 1.44543977e+03  3.97090484e+01  1.44543977e+03  9.17291905e+01 
 1.47910839e+03  3.95092132e+01  1.47910839e+03  9.16935125e+01 
 1.51356125e+03  3.93093710e+01  1.51356125e+03  9.16587307e+01 
 1.54881662e+03  3.91095220e+01  1.54881662e+03  9.16248267e+01 
 1.58489319e+03  3.89096666e+01  1.58489319e+03  9.15917826e+01 
 1.62181010e+03  3.87098051e+01  1.62181010e+03  9.15595810e+01 
 1.65958691e+03  3.85099377e+01  1.65958691e+03  9.15282050e+01 
 1.69824365e+03  3.83100648e+01  1.69824365e+03  9.14976380e+01 
 1.73780083e+03  3.81101865e+01  1.73780083e+03  9.14678638e+01 
 1.77827941e+03  3.79103033e+01  1.77827941e+03  9.14388668e+01 
 1.81970086e+03  3.77104153e+01  1.81970086e+03  9.14106317e+01 
 1.86208714e+03  3.75105227e+01  1.86208714e+03  9.13831436e+01 
 1.90546072e+03  3.73106258e+01  1.90546072e+03  9.13563879e+01 
 1.94984460e+03  3.71107249e+01  1.94984460e+03  9.13303505e+01 
 1.99526231e+03  3.69108200e+01  1.99526231e+03  9.13050177e+01 
 2.04173794e+03  3.67109115e+01  2.04173794e+03  9.12803761e+01 
 2.08929613e+03  3.65109994e+01  2.08929613e+03  9.12564127e+01 
 2.13796209e+03  3.63110841e+01  2.13796209e+03  9.12331147e+01 
 2.18776162e+03  3.61111656e+01  2.18776162e+03  9.12104700e+01 
 2.23872114e+03  3.59112442e+01  2.23872114e+03  9.11884665e+01 
 2.29086765e+03  3.57113200e+01  2.29086765e+03  9.11670926e+01 
 2.34422882e+03  3.55113932e+01  2.34422882e+03  9.11463371e+01 
 2.39883292e+03  3.53114639e+01  2.39883292e+03  9.11261888e+01 
 2.45470892e+03  3.51115323e+01  2.45470892e+03  9.11066372e+01 
 2.51188643e+03  3.49115985e+01  2.51188643e+03  9.10876719e+01 
 2.57039578e+03  3.47116627e+01  2.57039578e+03  9.10692830e+01 
 2.63026799e+03  3.45117249e+01  2.63026799e+03  9.10514606e+01 
 2.69153480e+03  3.43117855e+01  2.69153480e+03  9.10341953e+01 
 2.75422870e+03  3.41118443e+01  2.75422870e+03  9.10174781e+01 
 2.81838293e+03  3.39119017e+01  2.81838293e+03  9.10013000e+01 
 2.88403150e+03  3.37119576e+01  2.88403150e+03  9.09856525e+01 
 2.95120923e+03  3.35120123e+01  2.95120923e+03  9.09705273e+01 
 3.01995172e+03  3.33120659e+01  3.01995172e+03  9.09559164e+01 
 3.09029543e+03  3.31121184e+01  3.09029543e+03  9.09418121e+01 
 3.16227766e+03  3.29121699e+01  3.16227766e+03  9.09282069e+01 
 3.23593657e+03  3.27122207e+01  3.23593657e+03  9.09150936e+01 
 3.31131121e+03  3.25122707e+01  3.31131121e+03  9.09024652e+01 
 3.38844156e+03  3.23123201e+01  3.38844156e+03  9.08903151e+01 
 3.46736850e+03  3.21123690e+01  3.46736850e+03  9.08786368e+01 
 3.54813389e+03  3.19124175e+01  3.54813389e+03  9.08674242e+01 
 3.63078055e+03  3.17124657e+01  3.63078055e+03  9.08566712e+01 
 3.71535229e+03  3.15125137e+01  3.71535229e+03  9.08463723e+01 
 3.80189396e+03  3.13125616e+01  3.80189396e+03  9.08365218e+01 
 3.89045145e+03  3.11126095e+01  3.89045145e+03  9.08271147e+01 
 3.98107171e+03  3.09126576e+01  3.98107171e+03  9.08181459e+01 
 4.07380278e+03  3.07127058e+01  4.07380278e+03  9.08096106e+01 
 4.16869383e+03  3.05127544e+01  4.16869383e+03  9.08015044e+01 
 4.26579519e+03  3.03128033e+01  4.26579519e+03  9.07938229e+01 
 4.36515832e+03  3.01128528e+01  4.36515832e+03  9.07865621e+01 
 4.46683592e+03  2.99129029e+01  4.46683592e+03  9.07797180e+01 
 4.57088190e+03  2.97129538e+01  4.57088190e+03  9.07732871e+01 
 4.67735141e+03  2.95130054e+01  4.67735141e+03  9.07672660e+01 
 4.78630092e+03  2.93130581e+01  4.78630092e+03  9.07616513e+01 
 4.89778819e+03  2.91131118e+01  4.89778819e+03  9.07564402e+01 
 5.01187234e+03  2.89131666e+01  5.01187234e+03  9.07516299e+01 
 5.12861384e+03  2.87132228e+01  5.12861384e+03  9.07472178e+01 
 5.24807460e+03  2.85132803e+01  5.24807460e+03  9.07432015e+01 
 5.37031796e+03  2.83133394e+01  5.37031796e+03  9.07395789e+01 
 5.49540874e+03  2.81134002e+01  5.49540874e+03  9.07363481e+01 
 5.62341325e+03  2.79134627e+01  5.62341325e+03  9.07335072e+01 
 5.75439937e+03  2.77135272e+01  5.75439937e+03  9.07310549e+01 
 5.88843655e+03  2.75135937e+01  5.88843655e+03  9.07289897e+01 
 6.02559586e+03  2.73136624e+01  6.02559586e+03  9.07273106e+01 
 6.16595002e+03  2.71137334e+01  6.16595002e+03  9.07260166e+01 
 6.30957344e+03  2.69138069e+01  6.30957344e+03  9.07251070e+01 
 6.45654229e+03  2.67138831e+01  6.45654229e+03  9.07245813e+01 
 6.60693448e+03  2.65139621e+01  6.60693448e+03  9.07244391e+01 
 6.76082975e+03  2.63140441e+01  6.76082975e+03  9.07246804e+01 
 6.91830971e+03  2.61141292e+01  6.91830971e+03  9.07253052e+01 
 7.07945784e+03  2.59142176e+01  7.07945784e+03  9.07263138e+01 
 7.24435960e+03  2.57143096e+01  7.24435960e+03  9.07277067e+01 
 7.41310241e+03  2.55144052e+01  7.41310241e+03  9.07294847e+01 
 7.58577575e+03  2.53145048e+01  7.58577575e+03  9.07316484e+01 
 7.76247117e+03  2.51146085e+01  7.76247117e+03  9.07341991e+01 
 7.94328235e+03  2.49147166e+01  7.94328235e+03  9.07371381e+01 
 8.12830516e+03  2.47148292e+01  8.12830516e+03  9.07404668e+01 
 8.31763771e+03  2.45149466e+01  8.31763771e+03  9.07441869e+01 
 8.51138038e+03  2.43150691e+01  8.51138038e+03  9.07483002e+01 
 8.70963590e+03  2.41151969e+01  8.70963590e+03  9.07528090e+01 
 8.91250938e+03  2.39153303e+01  8.91250938e+03  9.07577154e+01 
 9.12010839e+03  2.37154696e+01  9.12010839e+03  9.07630220e+01 
 9.33254301e+03  2.35156150e+01  9.33254301e+03  9.07687315e+01 
 9.54992586e+03  2.33157670e+01  9.54992586e+03  9.07748467e+01 
 9.77237221e+03  2.31159257e+01  9.77237221e+03  9.07813709e+01 
 1.00000000e+04  2.29160915e+01  1.00000000e+04  9.07883073e+01 
 1.02329299e+04  2.27162649e+01  1.02329299e+04  9.07956594e+01 
 1.04712855e+04  2.25164460e+01  1.04712855e+04  9.08034310e+01 
 1.07151931e+04  2.23166354e+01  1.07151931e+04  9.08116261e+01 
 1.09647820e+04  2.21168335e+01  1.09647820e+04  9.08202488e+01 
 1.12201845e+04  2.19170406e+01  1.12201845e+04  9.08293034e+01 
 1.14815362e+04  2.17172571e+01  1.14815362e+04  9.08387946e+01 
 1.17489755e+04  2.15174837e+01  1.17489755e+04  9.08487272e+01 
 1.20226443e+04  2.13177206e+01  1.20226443e+04  9.08591063e+01 
 1.23026877e+04  2.11179685e+01  1.23026877e+04  9.08699370e+01 
 1.25892541e+04  2.09182278e+01  1.25892541e+04  9.08812248e+01 
 1.28824955e+04  2.07184991e+01  1.28824955e+04  9.08929754e+01 
 1.31825674e+04  2.05187830e+01  1.31825674e+04  9.09051948e+01 
 1.34896288e+04  2.03190801e+01  1.34896288e+04  9.09178890e+01 
 1.38038426e+04  2.01193909e+01  1.38038426e+04  9.09310645e+01 
 1.41253754e+04  1.99197162e+01  1.41253754e+04  9.09447278e+01 
 1.44543977e+04  1.97200566e+01  1.44543977e+04  9.09588859e+01 
 1.47910839e+04  1.95204129e+01  1.47910839e+04  9.09735456e+01 
 1.51356125e+04  1.93207858e+01  1.51356125e+04  9.09887144e+01 
 1.54881662e+04  1.91211760e+01  1.54881662e+04  9.10043997e+01 
 1.58489319e+04  1.89215845e+01  1.58489319e+04  9.10206094e+01 
 1.62181010e+04  1.87220120e+01  1.62181010e+04  9.10373514e+01 
 1.65958691e+04  1.85224596e+01  1.65958691e+04  9.10546340e+01 
 1.69824365e+04  1.83229280e+01  1.69824365e+04  9.10724657e+01 
 1.73780083e+04  1.81234183e+01  1.73780083e+04  9.10908553e+01 
 1.77827941e+04  1.79239315e+01  1.77827941e+04  9.11098116e+01 
 1.81970086e+04  1.77244688e+01  1.81970086e+04  9.11293440e+01 
 1.86208714e+04  1.75250311e+01  1.86208714e+04  9.11494618e+01 
 1.90546072e+04  1.73256198e+01  1.90546072e+04  9.11701749e+01 
 1.94984460e+04  1.71262360e+01  1.94984460e+04  9.11914932e+01 
 1.99526231e+04  1.69268811e+01  1.99526231e+04  9.12134269e+01 
 2.04173794e+04  1.67275563e+01  2.04173794e+04  9.12359865e+01 
 2.08929613e+04  1.65282632e+01  2.08929613e+04  9.12591826e+01 
 2.13796209e+04  1.63290031e+01  2.13796209e+04  9.12830264e+01 
 2.18776162e+04  1.61297776e+01  2.18776162e+04  9.13075288e+01 
 2.23872114e+04  1.59305884e+01  2.23872114e+04  9.13327016e+01 
 2.29086765e+04  1.57314371e+01  2.29086765e+04  9.13585562e+01 
 2.34422882e+04  1.55323256e+01  2.34422882e+04  9.13851048e+01 
 2.39883292e+04  1.53332556e+01  2.39883292e+04  9.14123595e+01 
 2.45470892e+04  1.51342291e+01  2.45470892e+04  9.14403327e+01 
 2.51188643e+04  1.49352481e+01  2.51188643e+04  9.14690372e+01 
 2.57039578e+04  1.47363147e+01  2.57039578e+04  9.14984857e+01 
 2.63026799e+04  1.45374312e+01  2.63026799e+04  9.15286916e+01 
 2.69153480e+04  1.43385999e+01  2.69153480e+04  9.15596681e+01 
 2.75422870e+04  1.41398232e+01  2.75422870e+04  9.15914289e+01 
 2.81838293e+04  1.39411036e+01  2.81838293e+04  9.16239878e+01 
 2.88403150e+04  1.37424438e+01  2.88403150e+04  9.16573588e+01 
 2.95120923e+04  1.35438466e+01  2.95120923e+04  9.16915561e+01 
 3.01995172e+04  1.33453148e+01  3.01995172e+04  9.17265941e+01 
 3.09029543e+04  1.31468514e+01  3.09029543e+04  9.17624876e+01 
 3.16227766e+04  1.29484597e+01  3.16227766e+04  9.17992511e+01 
 3.23593657e+04  1.27501430e+01  3.23593657e+04  9.18368998e+01 
 3.31131121e+04  1.25519046e+01  3.31131121e+04  9.18754486e+01 
 3.38844156e+04  1.23537483e+01  3.38844156e+04  9.19149129e+01 
 3.46736850e+04  1.21556777e+01  3.46736850e+04  9.19553080e+01 
 3.54813389e+04  1.19576968e+01  3.54813389e+04  9.19966493e+01 
 3.63078055e+04  1.17598097e+01  3.63078055e+04  9.20389524e+01 
 3.71535229e+04  1.15620208e+01  3.71535229e+04  9.20822329e+01 
 3.80189396e+04  1.13643345e+01  3.80189396e+04  9.21265065e+01 
 3.89045145e+04  1.11667556e+01  3.89045145e+04  9.21717888e+01 
 3.98107171e+04  1.09692888e+01  3.98107171e+04  9.22180956e+01 
 4.07380278e+04  1.07719393e+01  4.07380278e+04  9.22654425e+01 
 4.16869383e+04  1.05747125e+01  4.16869383e+04  9.23138449e+01 
 4.26579519e+04  1.03776139e+01  4.26579519e+04  9.23633185e+01 
 4.36515832e+04  1.01806494e+01  4.36515832e+04  9.24138786e+01 
 4.46683592e+04  9.98382491e+00  4.46683592e+04  9.24655403e+01 
 4.57088190e+04  9.78714687e+00  4.57088190e+04  9.25183186e+01 
 4.67735141e+04  9.59062185e+00  4.67735141e+04  9.25722282e+01 
 4.78630092e+04  9.39425672e+00  4.78630092e+04  9.26272835e+01 
 4.89778819e+04  9.19805866e+00  4.89778819e+04  9.26834984e+01 
 5.01187234e+04  9.00203515e+00  5.01187234e+04  9.27408867e+01 
 5.12861384e+04  8.80619398e+00  5.12861384e+04  9.27994614e+01 
 5.24807460e+04  8.61054326e+00  5.24807460e+04  9.28592352e+01 
 5.37031796e+04  8.41509145e+00  5.37031796e+04  9.29202199e+01 
 5.49540874e+04  8.21984737e+00  5.49540874e+04  9.29824269e+01 
 5.62341325e+04  8.02482017e+00  5.62341325e+04  9.30458668e+01 
 5.75439937e+04  7.83001941e+00  5.75439937e+04  9.31105491e+01 
 5.88843655e+04  7.63545503e+00  5.88843655e+04  9.31764826e+01 
 6.02559586e+04  7.44113735e+00  6.02559586e+04  9.32436750e+01 
 6.16595002e+04  7.24707711e+00  6.16595002e+04  9.33121327e+01 
 6.30957344e+04  7.05328551e+00  6.30957344e+04  9.33818612e+01 
 6.45654229e+04  6.85977414e+00  6.45654229e+04  9.34528644e+01 
 6.60693448e+04  6.66655507e+00  6.60693448e+04  9.35251445e+01 
 6.76082975e+04  6.47364084e+00  6.76082975e+04  9.35987025e+01 
 6.91830971e+04  6.28104444e+00  6.91830971e+04  9.36735374e+01 
 7.07945784e+04  6.08877938e+00  7.07945784e+04  9.37496462e+01 
 7.24435960e+04  5.89685966e+00  7.24435960e+04  9.38270241e+01 
 7.41310241e+04  5.70529980e+00  7.41310241e+04  9.39056638e+01 
 7.58577575e+04  5.51411484e+00  7.58577575e+04  9.39855557e+01 
 7.76247117e+04  5.32332037e+00  7.76247117e+04  9.40666877e+01 
 7.94328235e+04  5.13293252e+00  7.94328235e+04  9.41490447e+01 
 8.12830516e+04  4.94296799e+00  8.12830516e+04  9.42326088e+01 
 8.31763771e+04  4.75344405e+00  8.31763771e+04  9.43173588e+01 
 8.51138038e+04  4.56437854e+00  8.51138038e+04  9.44032700e+01 
 8.70963590e+04  4.37578990e+00  8.70963590e+04  9.44903142e+01 
 8.91250938e+04  4.18769716e+00  8.91250938e+04  9.45784592e+01 
 9.12010839e+04  4.00011995e+00  9.12010839e+04  9.46676686e+01 
 9.33254301e+04  3.81307850e+00  9.33254301e+04  9.47579016e+01 
 9.54992586e+04  3.62659366e+00  9.54992586e+04  9.48491126e+01 
 9.77237221e+04  3.44068689e+00  9.77237221e+04  9.49412513e+01 
 1.00000000e+05  3.25538025e+00  1.00000000e+05  9.50342615e+01 
 1.02329299e+05  3.07069641e+00  1.02329299e+05  9.51280821e+01 
 1.04712855e+05  2.88665866e+00  1.04712855e+05  9.52226454e+01 
 1.07151931e+05  2.70329086e+00  1.07151931e+05  9.53178780e+01 
 1.09647820e+05  2.52061749e+00  1.09647820e+05  9.54136994e+01 
 1.12201845e+05  2.33866358e+00  1.12201845e+05  9.55100224e+01 
 1.14815362e+05  2.15745473e+00  1.14815362e+05  9.56067526e+01 
 1.17489755e+05  1.97701710e+00  1.17489755e+05  9.57037876e+01 
 1.20226443e+05  1.79737735e+00  1.20226443e+05  9.58010171e+01 
 1.23026877e+05  1.61856266e+00  1.23026877e+05  9.58983225e+01 
 1.25892541e+05  1.44060067e+00  1.25892541e+05  9.59955762e+01 
 1.28824955e+05  1.26351947e+00  1.28824955e+05  9.60926415e+01 
 1.31825674e+05  1.08734755e+00  1.31825674e+05  9.61893722e+01 
 1.34896288e+05  9.12113756e-01  1.34896288e+05  9.62856121e+01 
 1.38038426e+05  7.37847273e-01  1.38038426e+05  9.63811947e+01 
 1.41253754e+05  5.64577547e-01  1.41253754e+05  9.64759428e+01 
 1.44543977e+05  3.92334247e-01  1.44543977e+05  9.65696682e+01 
 1.47910839e+05  2.21147204e-01  1.47910839e+05  9.66621711e+01 
 1.51356125e+05  5.10463461e-02  1.51356125e+05  9.67532403e+01 
 1.54881662e+05 -1.17938364e-01  1.54881662e+05  9.68426523e+01 
 1.58489319e+05 -2.85777006e-01  1.58489319e+05  9.69301714e+01 
 1.62181010e+05 -4.52439773e-01  1.62181010e+05  9.70155490e+01 
 1.65958691e+05 -6.17897060e-01  1.65958691e+05  9.70985240e+01 
 1.69824365e+05 -7.82119543e-01  1.69824365e+05  9.71788219e+01 
 1.73780083e+05 -9.45078276e-01  1.73780083e+05  9.72561549e+01 
 1.77827941e+05 -1.10674478e+00  1.77827941e+05  9.73302218e+01 
 1.81970086e+05 -1.26709114e+00  1.81970086e+05  9.74007078e+01 
 1.86208714e+05 -1.42609012e+00  1.86208714e+05  9.74672844e+01 
 1.90546072e+05 -1.58371525e+00  1.90546072e+05  9.75296095e+01 
 1.94984460e+05 -1.73994096e+00  1.94984460e+05  9.75873270e+01 
 1.99526231e+05 -1.89474264e+00  1.99526231e+05  9.76400677e+01 
 2.04173794e+05 -2.04809683e+00  2.04173794e+05  9.76874483e+01 
 2.08929613e+05 -2.19998126e+00  2.08929613e+05  9.77290728e+01 
 2.13796209e+05 -2.35037501e+00  2.13796209e+05  9.77645316e+01 
 2.18776162e+05 -2.49925859e+00  2.18776162e+05  9.77934026e+01 
 2.23872114e+05 -2.64661409e+00  2.23872114e+05  9.78152513e+01 
 2.29086765e+05 -2.79242527e+00  2.29086765e+05  9.78296312e+01 
 2.34422882e+05 -2.93667766e+00  2.34422882e+05  9.78360841e+01 
 2.39883292e+05 -3.07935870e+00  2.39883292e+05  9.78341413e+01 
 2.45470892e+05 -3.22045781e+00  2.45470892e+05  9.78233235e+01 
 2.51188643e+05 -3.35996648e+00  2.51188643e+05  9.78031419e+01 
 2.57039578e+05 -3.49787840e+00  2.57039578e+05  9.77730989e+01 
 2.63026799e+05 -3.63418951e+00  2.63026799e+05  9.77326888e+01 
 2.69153480e+05 -3.76889810e+00  2.69153480e+05  9.76813989e+01 
 2.75422870e+05 -3.90200486e+00  2.75422870e+05  9.76187100e+01 
 2.81838293e+05 -4.03351294e+00  2.81838293e+05  9.75440981e+01 
 2.88403150e+05 -4.16342802e+00  2.88403150e+05  9.74570347e+01 
 2.95120923e+05 -4.29175833e+00  2.95120923e+05  9.73569882e+01 
 3.01995172e+05 -4.41851467e+00  3.01995172e+05  9.72434252e+01 
 3.09029543e+05 -4.54371046e+00  3.09029543e+05  9.71158114e+01 
 3.16227766e+05 -4.66736172e+00  3.16227766e+05  9.69736128e+01 
 3.23593657e+05 -4.78948706e+00  3.23593657e+05  9.68162968e+01 
 3.31131121e+05 -4.91010769e+00  3.31131121e+05  9.66433338e+01 
 3.38844156e+05 -5.02924734e+00  3.38844156e+05  9.64541981e+01 
 3.46736850e+05 -5.14693227e+00  3.46736850e+05  9.62483692e+01 
 3.54813389e+05 -5.26319117e+00  3.54813389e+05  9.60253328e+01 
 3.63078055e+05 -5.37805512e+00  3.63078055e+05  9.57845826e+01 
 3.71535229e+05 -5.49155749e+00  3.71535229e+05  9.55256210e+01 
 3.80189396e+05 -5.60373388e+00  3.80189396e+05  9.52479602e+01 
 3.89045145e+05 -5.71462197e+00  3.89045145e+05  9.49511238e+01 
 3.98107171e+05 -5.82426146e+00  3.98107171e+05  9.46346476e+01 
 4.07380278e+05 -5.93269392e+00  4.07380278e+05  9.42980805e+01 
 4.16869383e+05 -6.03996266e+00  4.16869383e+05  9.39409861e+01 
 4.26579519e+05 -6.14611262e+00  4.26579519e+05  9.35629430e+01 
 4.36515832e+05 -6.25119018e+00  4.36515832e+05  9.31635464e+01 
 4.46683592e+05 -6.35524306e+00  4.46683592e+05  9.27424083e+01 
 4.57088190e+05 -6.45832015e+00  4.57088190e+05  9.22991590e+01 
 4.67735141e+05 -6.56047134e+00  4.67735141e+05  9.18334473e+01 
 4.78630092e+05 -6.66174737e+00  4.78630092e+05  9.13449416e+01 
 4.89778819e+05 -6.76219967e+00  4.89778819e+05  9.08333304e+01 
 5.01187234e+05 -6.86188020e+00  5.01187234e+05  9.02983231e+01 
 5.12861384e+05 -6.96084128e+00  5.12861384e+05  8.97396501e+01 
 5.24807460e+05 -7.05913544e+00  5.24807460e+05  8.91570639e+01 
 5.37031796e+05 -7.15681524e+00  5.37031796e+05  8.85503389e+01 
 5.49540874e+05 -7.25393314e+00  5.49540874e+05  8.79192725e+01 
 5.62341325e+05 -7.35054135e+00  5.62341325e+05  8.72636849e+01 
 5.75439937e+05 -7.44669165e+00  5.75439937e+05  8.65834195e+01 
 5.88843655e+05 -7.54243528e+00  5.88843655e+05  8.58783433e+01 
 6.02559586e+05 -7.63782280e+00  6.02559586e+05  8.51483471e+01 
 6.16595002e+05 -7.73290394e+00  6.16595002e+05  8.43933457e+01 
 6.30957344e+05 -7.82772751e+00  6.30957344e+05  8.36132777e+01 
 6.45654229e+05 -7.92234125e+00  6.45654229e+05  8.28081060e+01 
 6.60693448e+05 -8.01679174e+00  6.60693448e+05  8.19778176e+01 
 6.76082975e+05 -8.11112433e+00  6.76082975e+05  8.11224239e+01 
 6.91830971e+05 -8.20538301e+00  6.91830971e+05  8.02419605e+01 
 7.07945784e+05 -8.29961033e+00  7.07945784e+05  7.93364869e+01 
 7.24435960e+05 -8.39384738e+00  7.24435960e+05  7.84060870e+01 
 7.41310241e+05 -8.48813368e+00  7.41310241e+05  7.74508686e+01 
 7.58577575e+05 -8.58250715e+00  7.58577575e+05  7.64709635e+01 
 7.76247117e+05 -8.67700407e+00  7.76247117e+05  7.54665271e+01 
 7.94328235e+05 -8.77165906e+00  7.94328235e+05  7.44377383e+01 
 8.12830516e+05 -8.86650507e+00  8.12830516e+05  7.33847994e+01 
 8.31763771e+05 -8.96157334e+00  8.31763771e+05  7.23079358e+01 
 8.51138038e+05 -9.05689346e+00  8.51138038e+05  7.12073955e+01 
 8.70963590e+05 -9.15249333e+00  8.70963590e+05  7.00834491e+01 
 8.91250938e+05 -9.24839924e+00  8.91250938e+05  6.89363892e+01 
 9.12010839e+05 -9.34463590e+00  9.12010839e+05  6.77665303e+01 
 9.33254301e+05 -9.44122648e+00  9.33254301e+05  6.65742079e+01 
 9.54992586e+05 -9.53819267e+00  9.54992586e+05  6.53597788e+01 
 9.77237221e+05 -9.63555480e+00  9.77237221e+05  6.41236197e+01 
 1.00000000e+06 -9.73333188e+00  1.00000000e+06  6.28661274e+01 
 1.02329299e+06 -9.83154172e+00  1.02329299e+06  6.15877181e+01 
 1.04712855e+06 -9.93020105e+00  1.04712855e+06  6.02888264e+01 
 1.07151931e+06 -1.00293256e+01  1.07151931e+06  5.89699055e+01 
 1.09647820e+06 -1.01289304e+01  1.09647820e+06  5.76314254e+01 
 1.12201845e+06 -1.02290295e+01  1.12201845e+06  5.62738736e+01 
 1.14815362e+06 -1.03296366e+01  1.14815362e+06  5.48977531e+01 
 1.17489755e+06 -1.04307651e+01  1.17489755e+06  5.35035826e+01 
 1.20226443e+06 -1.05324278e+01  1.20226443e+06  5.20918952e+01 
 1.23026877e+06 -1.06346378e+01  1.23026877e+06  5.06632382e+01 
 1.25892541e+06 -1.07374081e+01  1.25892541e+06  4.92181714e+01 
 1.28824955e+06 -1.08407520e+01  1.28824955e+06  4.77572673e+01 
 1.31825674e+06 -1.09446833e+01  1.31825674e+06  4.62811098e+01 
 1.34896288e+06 -1.10492162e+01  1.34896288e+06  4.47902931e+01 
 1.38038426e+06 -1.11543660e+01  1.38038426e+06  4.32854215e+01 
 1.41253754e+06 -1.12601488e+01  1.41253754e+06  4.17671083e+01 
 1.44543977e+06 -1.13665819e+01  1.44543977e+06  4.02359749e+01 
 1.47910839e+06 -1.14736837e+01  1.47910839e+06  3.86926501e+01 
 1.51356125e+06 -1.15814744e+01  1.51356125e+06  3.71377693e+01 
 1.54881662e+06 -1.16899756e+01  1.54881662e+06  3.55719741e+01 
 1.58489319e+06 -1.17992107e+01  1.58489319e+06  3.39959109e+01 
 1.62181010e+06 -1.19092052e+01  1.62181010e+06  3.24102310e+01 
 1.65958691e+06 -1.20199864e+01  1.65958691e+06  3.08155896e+01 
 1.69824365e+06 -1.21315839e+01  1.69824365e+06  2.92126453e+01 
 1.73780083e+06 -1.22440297e+01  1.73780083e+06  2.76020600e+01 
 1.77827941e+06 -1.23573581e+01  1.77827941e+06  2.59844981e+01 
 1.81970086e+06 -1.24716058e+01  1.81970086e+06  2.43606265e+01 
 1.86208714e+06 -1.25868125e+01  1.86208714e+06  2.27311149e+01 
 1.90546072e+06 -1.27030201e+01  1.90546072e+06  2.10966349e+01 
 1.94984460e+06 -1.28202736e+01  1.94984460e+06  1.94578613e+01 
 1.99526231e+06 -1.29386205e+01  1.99526231e+06  1.78154719e+01 
 2.04173794e+06 -1.30581112e+01  2.04173794e+06  1.61701481e+01 
 2.08929613e+06 -1.31787990e+01  2.08929613e+06  1.45225760e+01 
 2.13796209e+06 -1.33007400e+01  2.13796209e+06  1.28734474e+01 
 2.18776162e+06 -1.34239928e+01  2.18776162e+06  1.12234613e+01 
 2.23872114e+06 -1.35486190e+01  2.23872114e+06  9.57332509e+00 
 2.29086765e+06 -1.36746825e+01  2.29086765e+06  7.92375724e+00 
 2.34422882e+06 -1.38022497e+01  2.34422882e+06  6.27548904e+00 
 2.39883292e+06 -1.39313893e+01  2.39883292e+06  4.62926746e+00 
 2.45470892e+06 -1.40621718e+01  2.45470892e+06  2.98585805e+00 
 2.51188643e+06 -1.41946693e+01  2.51188643e+06  1.34604827e+00 
 2.57039578e+06 -1.43289548e+01  2.57039578e+06 -2.89349040e-01 
 2.63026799e+06 -1.44651023e+01  2.63026799e+06 -1.91949180e+00 
 2.69153480e+06 -1.46031852e+01  2.69153480e+06 -3.54350474e+00 
 2.75422870e+06 -1.47432764e+01  2.75422870e+06 -5.16047537e+00 
 2.81838293e+06 -1.48854467e+01  2.81838293e+06 -6.76944995e+00 
 2.88403150e+06 -1.50297640e+01  2.88403150e+06 -8.36942978e+00 
 2.95120923e+06 -1.51762919e+01  2.95120923e+06 -9.95936776e+00 
 3.01995172e+06 -1.53250883e+01  3.01995172e+06 -1.15381658e+01 
 3.09029543e+06 -1.54762037e+01  3.09029543e+06 -1.31046729e+01 
 3.16227766e+06 -1.56296792e+01  3.16227766e+06 -1.46576850e+01 
 3.23593657e+06 -1.57855447e+01  3.23593657e+06 -1.61959457e+01 
 3.31131121e+06 -1.59438166e+01  3.31131121e+06 -1.77181496e+01 
 3.38844156e+06 -1.61044957e+01  3.38844156e+06 -1.92229481e+01 
 3.46736850e+06 -1.62675646e+01  3.46736850e+06 -2.07089568e+01 
 3.54813389e+06 -1.64329858e+01  3.54813389e+06 -2.21747678e+01 
 3.63078055e+06 -1.66006997e+01  3.63078055e+06 -2.36189630e+01 
 3.71535229e+06 -1.67706220e+01  3.71535229e+06 -2.50401326e+01 
 3.80189396e+06 -1.69426432e+01  3.80189396e+06 -2.64368955e+01 
 3.89045145e+06 -1.71166267e+01  3.89045145e+06 -2.78079233e+01 
 3.98107171e+06 -1.72924093e+01  3.98107171e+06 -2.91519664e+01 
 4.07380278e+06 -1.74698007e+01  4.07380278e+06 -3.04678817e+01 
 4.16869383e+06 -1.76485853e+01  4.16869383e+06 -3.17546612e+01 
 4.26579519e+06 -1.78285239e+01  4.26579519e+06 -3.30114595e+01 
 4.36515832e+06 -1.80093568e+01  4.36515832e+06 -3.42376202e+01 
 4.46683592e+06 -1.81908075e+01  4.46683592e+06 -3.54326987e+01 
 4.57088190e+06 -1.83725872e+01  4.57088190e+06 -3.65964804e+01 
 4.67735141e+06 -1.85544001e+01  4.67735141e+06 -3.77289934e+01 
 4.78630092e+06 -1.87359484e+01  4.78630092e+06 -3.88305142e+01 
 4.89778819e+06 -1.89169385e+01  4.89778819e+06 -3.99015672e+01 
 5.01187234e+06 -1.90970865e+01  5.01187234e+06 -4.09429159e+01 
 5.12861384e+06 -1.92761231e+01  5.12861384e+06 -4.19555474e+01 
 5.24807460e+06 -1.94537985e+01  5.24807460e+06 -4.29406510e+01 
 5.37031796e+06 -1.96298863e+01  5.37031796e+06 -4.38995912e+01 
 5.49540874e+06 -1.98041863e+01  5.49540874e+06 -4.48338772e+01 
 5.62341325e+06 -1.99765268e+01  5.62341325e+06 -4.57451296e+01 
 5.75439937e+06 -2.01467652e+01  5.75439937e+06 -4.66350470e+01 
 5.88843655e+06 -2.03147883e+01  5.88843655e+06 -4.75053732e+01 
 6.02559586e+06 -2.04805112e+01  6.02559586e+06 -4.83578657e+01 
 6.16595002e+06 -2.06438760e+01  6.16595002e+06 -4.91942685e+01 
 6.30957344e+06 -2.08048492e+01  6.30957344e+06 -5.00162878e+01 
 6.45654229e+06 -2.09634192e+01  6.45654229e+06 -5.08255723e+01 
 6.60693448e+06 -2.11195935e+01  6.60693448e+06 -5.16236982e+01 
 6.76082975e+06 -2.12733955e+01  6.76082975e+06 -5.24121584e+01 
 6.91830971e+06 -2.14248617e+01  6.91830971e+06 -5.31923556e+01 
 7.07945784e+06 -2.15740384e+01  7.07945784e+06 -5.39655991e+01 
 7.24435960e+06 -2.17209796e+01  7.24435960e+06 -5.47331054e+01 
 7.41310241e+06 -2.18657442e+01  7.41310241e+06 -5.54960004e+01 
 7.58577575e+06 -2.20083941e+01  7.58577575e+06 -5.62553241e+01 
 7.76247117e+06 -2.21489924e+01  7.76247117e+06 -5.70120365e+01 
 7.94328235e+06 -2.22876019e+01  7.94328235e+06 -5.77670249e+01 
 8.12830516e+06 -2.24242841e+01  8.12830516e+06 -5.85211110e+01 
 8.31763771e+06 -2.25590982e+01  8.31763771e+06 -5.92750587e+01 
 8.51138038e+06 -2.26921008e+01  8.51138038e+06 -6.00295819e+01 
 8.70963590e+06 -2.28233449e+01  8.70963590e+06 -6.07853509e+01 
 8.91250938e+06 -2.29528805e+01  8.91250938e+06 -6.15429996e+01 
 9.12010839e+06 -2.30807540e+01  9.12010839e+06 -6.23031312e+01 
 9.33254301e+06 -2.32070087e+01  9.33254301e+06 -6.30663238e+01 
 9.54992586e+06 -2.33316846e+01  9.54992586e+06 -6.38331344e+01 
 9.77237221e+06 -2.34548190e+01  9.77237221e+06 -6.46041031e+01 
 1.00000000e+07 -2.35764468e+01  1.00000000e+07 -6.53797562e+01 
 1.02329299e+07 -2.36966006e+01  1.02329299e+07 -6.61606083e+01 
 1.04712855e+07 -2.38153113e+01  1.04712855e+07 -6.69471646e+01 
 1.07151931e+07 -2.39326088e+01  1.07151931e+07 -6.77399216e+01 
 1.09647820e+07 -2.40485218e+01  1.09647820e+07 -6.85393679e+01 
 1.12201845e+07 -2.41630783e+01  1.12201845e+07 -6.93459847e+01 
 1.14815362e+07 -2.42763066e+01  1.14815362e+07 -7.01602449e+01 
 1.17489755e+07 -2.43882348e+01  1.17489755e+07 -7.09826131e+01 
 1.20226443e+07 -2.44988916e+01  1.20226443e+07 -7.18135444e+01 
 1.23026877e+07 -2.46083065e+01  1.23026877e+07 -7.26534830e+01 
 1.25892541e+07 -2.47165100e+01  1.25892541e+07 -7.35028611e+01 
 1.28824955e+07 -2.48235340e+01  1.28824955e+07 -7.43620967e+01 
 1.31825674e+07 -2.49294118e+01  1.31825674e+07 -7.52315923e+01 
 1.34896288e+07 -2.50341782e+01  1.34896288e+07 -7.61117327e+01 
 1.38038426e+07 -2.51378701e+01  1.38038426e+07 -7.70028826e+01 
 1.41253754e+07 -2.52405260e+01  1.41253754e+07 -7.79053850e+01 
 1.44543977e+07 -2.53421866e+01  1.44543977e+07 -7.88195587e+01 
 1.47910839e+07 -2.54428944e+01  1.47910839e+07 -7.97456962e+01 
 1.51356125e+07 -2.55426942e+01  1.51356125e+07 -8.06840613e+01 
 1.54881662e+07 -2.56416328e+01  1.54881662e+07 -8.16348869e+01 
 1.58489319e+07 -2.57397589e+01  1.58489319e+07 -8.25983732e+01 
 1.62181010e+07 -2.58371234e+01  1.62181010e+07 -8.35746850e+01 
 1.65958691e+07 -2.59337790e+01  1.65958691e+07 -8.45639500e+01 
 1.69824365e+07 -2.60297804e+01  1.69824365e+07 -8.55662569e+01 
 1.73780083e+07 -2.61251840e+01  1.73780083e+07 -8.65816530e+01 
 1.77827941e+07 -2.62200479e+01  1.77827941e+07 -8.76101429e+01 
 1.81970086e+07 -2.63144317e+01  1.81970086e+07 -8.86516866e+01 
 1.86208714e+07 -2.64083964e+01  1.86208714e+07 -8.97061981e+01 
 1.90546072e+07 -2.65020044e+01  1.90546072e+07 -9.07735436e+01 
 1.94984460e+07 -2.65953191e+01  1.94984460e+07 -9.18535406e+01 
 1.99526231e+07 -2.66884047e+01  1.99526231e+07 -9.29459566e+01 
 2.04173794e+07 -2.67813264e+01  2.04173794e+07 -9.40505080e+01 
 2.08929613e+07 -2.68741498e+01  2.08929613e+07 -9.51668594e+01 
 2.13796209e+07 -2.69669410e+01  2.13796209e+07 -9.62946229e+01 
 2.18776162e+07 -2.70597664e+01  2.18776162e+07 -9.74333573e+01 
 2.23872114e+07 -2.71526920e+01  2.23872114e+07 -9.85825685e+01 
 2.29086765e+07 -2.72457841e+01  2.29086765e+07 -9.97417083e+01 
 2.34422882e+07 -2.73391082e+01  2.34422882e+07 -1.00910175e+02 
 2.39883292e+07 -2.74327295e+01  2.39883292e+07 -1.02087315e+02 
 2.45470892e+07 -2.75267123e+01  2.45470892e+07 -1.03272418e+02 
 2.51188643e+07 -2.76211197e+01  2.51188643e+07 -1.04464726e+02 
 2.57039578e+07 -2.77160138e+01  2.57039578e+07 -1.05663424e+02 
 2.63026799e+07 -2.78114551e+01  2.63026799e+07 -1.06867651e+02 
 2.69153480e+07 -2.79075027e+01  2.69153480e+07 -1.08076492e+02 
 2.75422870e+07 -2.80042136e+01  2.75422870e+07 -1.09288984e+02 
 2.81838293e+07 -2.81016428e+01  2.81838293e+07 -1.10504119e+02 
 2.88403150e+07 -2.81998429e+01  2.88403150e+07 -1.11720840e+02 
 2.95120923e+07 -2.82988642e+01  2.95120923e+07 -1.12938045e+02 
 3.01995172e+07 -2.83987542e+01  3.01995172e+07 -1.14154592e+02 
 3.09029543e+07 -2.84995574e+01  3.09029543e+07 -1.15369295e+02 
 3.16227766e+07 -2.86013151e+01  3.16227766e+07 -1.16580929e+02 
 3.23593657e+07 -2.87040653e+01  3.23593657e+07 -1.17788235e+02 
 3.31131121e+07 -2.88078422e+01  3.31131121e+07 -1.18989913e+02 
 3.38844156e+07 -2.89126763e+01  3.38844156e+07 -1.20184636e+02 
 3.46736850e+07 -2.90185939e+01  3.46736850e+07 -1.21371041e+02 
 3.54813389e+07 -2.91256169e+01  3.54813389e+07 -1.22547740e+02 
 3.63078055e+07 -2.92337625e+01  3.63078055e+07 -1.23713315e+02 
 3.71535229e+07 -2.93430431e+01  3.71535229e+07 -1.24866327e+02 
 3.80189396e+07 -2.94534658e+01  3.80189396e+07 -1.26005313e+02 
 3.89045145e+07 -2.95650323e+01  3.89045145e+07 -1.27128791e+02 
 3.98107171e+07 -2.96777383e+01  3.98107171e+07 -1.28235263e+02 
 4.07380278e+07 -2.97915735e+01  4.07380278e+07 -1.29323213e+02 
 4.16869383e+07 -2.99065211e+01  4.16869383e+07 -1.30391116e+02 
 4.26579519e+07 -3.00225572e+01  4.26579519e+07 -1.31437435e+02 
 4.36515832e+07 -3.01396509e+01  4.36515832e+07 -1.32460626e+02 
 4.46683592e+07 -3.02577634e+01  4.46683592e+07 -1.33459138e+02 
 4.57088190e+07 -3.03768477e+01  4.57088190e+07 -1.34431421e+02 
 4.67735141e+07 -3.04968485e+01  4.67735141e+07 -1.35375921e+02 
 4.78630092e+07 -3.06177010e+01  4.78630092e+07 -1.36291091e+02 
 4.89778819e+07 -3.07393310e+01  4.89778819e+07 -1.37175387e+02 
 5.01187234e+07 -3.08616539e+01  5.01187234e+07 -1.38027275e+02 
 5.12861384e+07 -3.09845744e+01  5.12861384e+07 -1.38845234e+02 
 5.24807460e+07 -3.11079856e+01  5.24807460e+07 -1.39627760e+02 
 5.37031796e+07 -3.12317688e+01  5.37031796e+07 -1.40373368e+02 
 5.49540874e+07 -3.13557924e+01  5.49540874e+07 -1.41080600e+02 
 5.62341325e+07 -3.14799113e+01  5.62341325e+07 -1.41748028e+02 
 5.75439937e+07 -3.16039666e+01  5.75439937e+07 -1.42374262e+02 
 5.88843655e+07 -3.17277845e+01  5.88843655e+07 -1.42957955e+02 
 6.02559586e+07 -3.18511758e+01  6.02559586e+07 -1.43497808e+02 
 6.16595002e+07 -3.19739354e+01  6.16595002e+07 -1.43992586e+02 
 6.30957344e+07 -3.20958418e+01  6.30957344e+07 -1.44441117e+02 
 6.45654229e+07 -3.22166565e+01  6.45654229e+07 -1.44842313e+02 
 6.60693448e+07 -3.23361236e+01  6.60693448e+07 -1.45195173e+02 
 6.76082975e+07 -3.24539701e+01  6.76082975e+07 -1.45498799e+02 
 6.91830971e+07 -3.25699055e+01  6.91830971e+07 -1.45752410e+02 
 7.07945784e+07 -3.26836221e+01  7.07945784e+07 -1.45955355e+02 
 7.24435960e+07 -3.27947957e+01  7.24435960e+07 -1.46107128e+02 
 7.41310241e+07 -3.29030864e+01  7.41310241e+07 -1.46207387e+02 
 7.58577575e+07 -3.30081397e+01  7.58577575e+07 -1.46255967e+02 
 7.76247117e+07 -3.31095883e+01  7.76247117e+07 -1.46252899e+02 
 7.94328235e+07 -3.32070542e+01  7.94328235e+07 -1.46198425e+02 
 8.12830516e+07 -3.33001509e+01  8.12830516e+07 -1.46093013e+02 
 8.31763771e+07 -3.33884866e+01  8.31763771e+07 -1.45937375e+02 
 8.51138038e+07 -3.34716680e+01  8.51138038e+07 -1.45732475e+02 
 8.70963590e+07 -3.35493038e+01  8.70963590e+07 -1.45479541e+02 
 8.91250938e+07 -3.36210092e+01  8.91250938e+07 -1.45180073e+02 
 9.12010839e+07 -3.36864106e+01  9.12010839e+07 -1.44835841e+02 
 9.33254301e+07 -3.37451511e+01  9.33254301e+07 -1.44448890e+02 
 9.54992586e+07 -3.37968948e+01  9.54992586e+07 -1.44021527e+02 
 9.77237221e+07 -3.38413326e+01  9.77237221e+07 -1.43556313e+02 
 1.00000000e+08 -3.38781872e+01  1.00000000e+08 -1.43056043e+02 
