 1.00000000e+00  7.04994475e+01  1.00000000e+00  1.78554842e+02 
 1.02329299e+00  7.04991132e+01  1.02329299e+00  1.78524215e+02 
 1.04712855e+00  7.04987797e+01  1.04712855e+00  1.78492858e+02 
 1.07151931e+00  7.04984468e+01  1.07151931e+00  1.78460752e+02 
 1.09647820e+00  7.04981142e+01  1.09647820e+00  1.78427879e+02 
 1.12201845e+00  7.04977814e+01  1.12201845e+00  1.78394218e+02 
 1.14815362e+00  7.04974482e+01  1.14815362e+00  1.78359751e+02 
 1.17489755e+00  7.04971142e+01  1.17489755e+00  1.78324456e+02 
 1.20226443e+00  7.04967788e+01  1.20226443e+00  1.78288314e+02 
 1.23026877e+00  7.04964418e+01  1.23026877e+00  1.78251303e+02 
 1.25892541e+00  7.04961027e+01  1.25892541e+00  1.78213402e+02 
 1.28824955e+00  7.04957609e+01  1.28824955e+00  1.78174589e+02 
 1.31825674e+00  7.04954161e+01  1.31825674e+00  1.78134843e+02 
 1.34896288e+00  7.04950676e+01  1.34896288e+00  1.78094141e+02 
 1.38038426e+00  7.04947150e+01  1.38038426e+00  1.78052459e+02 
 1.41253754e+00  7.04943577e+01  1.41253754e+00  1.78009775e+02 
 1.44543977e+00  7.04939951e+01  1.44543977e+00  1.77966064e+02 
 1.47910839e+00  7.04936266e+01  1.47910839e+00  1.77921302e+02 
 1.51356125e+00  7.04932515e+01  1.51356125e+00  1.77875465e+02 
 1.54881662e+00  7.04928693e+01  1.54881662e+00  1.77828527e+02 
 1.58489319e+00  7.04924792e+01  1.58489319e+00  1.77780462e+02 
 1.62181010e+00  7.04920805e+01  1.62181010e+00  1.77731244e+02 
 1.65958691e+00  7.04916726e+01  1.65958691e+00  1.77680846e+02 
 1.69824365e+00  7.04912546e+01  1.69824365e+00  1.77629240e+02 
 1.73780083e+00  7.04908257e+01  1.73780083e+00  1.77576399e+02 
 1.77827941e+00  7.04903852e+01  1.77827941e+00  1.77522294e+02 
 1.81970086e+00  7.04899322e+01  1.81970086e+00  1.77466895e+02 
 1.86208714e+00  7.04894657e+01  1.86208714e+00  1.77410173e+02 
 1.90546072e+00  7.04889850e+01  1.90546072e+00  1.77352098e+02 
 1.94984460e+00  7.04884890e+01  1.94984460e+00  1.77292638e+02 
 1.99526231e+00  7.04879767e+01  1.99526231e+00  1.77231762e+02 
 2.04173794e+00  7.04874472e+01  2.04173794e+00  1.77169438e+02 
 2.08929613e+00  7.04868993e+01  2.08929613e+00  1.77105631e+02 
 2.13796209e+00  7.04863320e+01  2.13796209e+00  1.77040308e+02 
 2.18776162e+00  7.04857441e+01  2.18776162e+00  1.76973436e+02 
 2.23872114e+00  7.04851343e+01  2.23872114e+00  1.76904978e+02 
 2.29086765e+00  7.04845016e+01  2.29086765e+00  1.76834898e+02 
 2.34422882e+00  7.04838444e+01  2.34422882e+00  1.76763160e+02 
 2.39883292e+00  7.04831616e+01  2.39883292e+00  1.76689726e+02 
 2.45470892e+00  7.04824516e+01  2.45470892e+00  1.76614558e+02 
 2.51188643e+00  7.04817131e+01  2.51188643e+00  1.76537616e+02 
 2.57039578e+00  7.04809444e+01  2.57039578e+00  1.76458860e+02 
 2.63026799e+00  7.04801441e+01  2.63026799e+00  1.76378249e+02 
 2.69153480e+00  7.04793103e+01  2.69153480e+00  1.76295742e+02 
 2.75422870e+00  7.04784415e+01  2.75422870e+00  1.76211296e+02 
 2.81838293e+00  7.04775357e+01  2.81838293e+00  1.76124867e+02 
 2.88403150e+00  7.04765912e+01  2.88403150e+00  1.76036410e+02 
 2.95120923e+00  7.04756059e+01  2.95120923e+00  1.75945880e+02 
 3.01995172e+00  7.04745778e+01  3.01995172e+00  1.75853231e+02 
 3.09029543e+00  7.04735047e+01  3.09029543e+00  1.75758415e+02 
 3.16227766e+00  7.04723845e+01  3.16227766e+00  1.75661383e+02 
 3.23593657e+00  7.04712147e+01  3.23593657e+00  1.75562087e+02 
 3.31131121e+00  7.04699930e+01  3.31131121e+00  1.75460474e+02 
 3.38844156e+00  7.04687168e+01  3.38844156e+00  1.75356495e+02 
 3.46736850e+00  7.04673834e+01  3.46736850e+00  1.75250096e+02 
 3.54813389e+00  7.04659901e+01  3.54813389e+00  1.75141223e+02 
 3.63078055e+00  7.04645340e+01  3.63078055e+00  1.75029822e+02 
 3.71535229e+00  7.04630120e+01  3.71535229e+00  1.74915837e+02 
 3.80189396e+00  7.04614210e+01  3.80189396e+00  1.74799210e+02 
 3.89045145e+00  7.04597577e+01  3.89045145e+00  1.74679884e+02 
 3.98107171e+00  7.04580186e+01  3.98107171e+00  1.74557798e+02 
 4.07380278e+00  7.04562002e+01  4.07380278e+00  1.74432893e+02 
 4.16869383e+00  7.04542987e+01  4.16869383e+00  1.74305107e+02 
 4.26579519e+00  7.04523101e+01  4.26579519e+00  1.74174376e+02 
 4.36515832e+00  7.04502303e+01  4.36515832e+00  1.74040636e+02 
 4.46683592e+00  7.04480551e+01  4.46683592e+00  1.73903823e+02 
 4.57088190e+00  7.04457800e+01  4.57088190e+00  1.73763869e+02 
 4.67735141e+00  7.04434002e+01  4.67735141e+00  1.73620707e+02 
 4.78630092e+00  7.04409110e+01  4.78630092e+00  1.73474267e+02 
 4.89778819e+00  7.04383071e+01  4.89778819e+00  1.73324479e+02 
 5.01187234e+00  7.04355834e+01  5.01187234e+00  1.73171271e+02 
 5.12861384e+00  7.04327341e+01  5.12861384e+00  1.73014571e+02 
 5.24807460e+00  7.04297535e+01  5.24807460e+00  1.72854305e+02 
 5.37031796e+00  7.04266355e+01  5.37031796e+00  1.72690397e+02 
 5.49540874e+00  7.04233738e+01  5.49540874e+00  1.72522770e+02 
 5.62341325e+00  7.04199617e+01  5.62341325e+00  1.72351346e+02 
 5.75439937e+00  7.04163923e+01  5.75439937e+00  1.72176047e+02 
 5.88843655e+00  7.04126585e+01  5.88843655e+00  1.71996792e+02 
 6.02559586e+00  7.04087527e+01  6.02559586e+00  1.71813499e+02 
 6.16595002e+00  7.04046670e+01  6.16595002e+00  1.71626085e+02 
 6.30957344e+00  7.04003933e+01  6.30957344e+00  1.71434468e+02 
 6.45654229e+00  7.03959229e+01  6.45654229e+00  1.71238560e+02 
 6.60693448e+00  7.03912471e+01  6.60693448e+00  1.71038276e+02 
 6.76082975e+00  7.03863564e+01  6.76082975e+00  1.70833530e+02 
 6.91830971e+00  7.03812412e+01  6.91830971e+00  1.70624231e+02 
 7.07945784e+00  7.03758913e+01  7.07945784e+00  1.70410291e+02 
 7.24435960e+00  7.03702963e+01  7.24435960e+00  1.70191619e+02 
 7.41310241e+00  7.03644451e+01  7.41310241e+00  1.69968124e+02 
 7.58577575e+00  7.03583263e+01  7.58577575e+00  1.69739713e+02 
 7.76247117e+00  7.03519279e+01  7.76247117e+00  1.69506294e+02 
 7.94328235e+00  7.03452377e+01  7.94328235e+00  1.69267771e+02 
 8.12830516e+00  7.03382425e+01  8.12830516e+00  1.69024052e+02 
 8.31763771e+00  7.03309291e+01  8.31763771e+00  1.68775040e+02 
 8.51138038e+00  7.03232833e+01  8.51138038e+00  1.68520640e+02 
 8.70963590e+00  7.03152907e+01  8.70963590e+00  1.68260755e+02 
 8.91250938e+00  7.03069360e+01  8.91250938e+00  1.67995290e+02 
 9.12010839e+00  7.02982036e+01  9.12010839e+00  1.67724147e+02 
 9.33254301e+00  7.02890770e+01  9.33254301e+00  1.67447231e+02 
 9.54992586e+00  7.02795393e+01  9.54992586e+00  1.67164443e+02 
 9.77237221e+00  7.02695729e+01  9.77237221e+00  1.66875687e+02 
 1.00000000e+01  7.02591594e+01  1.00000000e+01  1.66580868e+02 
 1.02329299e+01  7.02482797e+01  1.02329299e+01  1.66279890e+02 
 1.04712855e+01  7.02369142e+01  1.04712855e+01  1.65972657e+02 
 1.07151931e+01  7.02250425e+01  1.07151931e+01  1.65659075e+02 
 1.09647820e+01  7.02126433e+01  1.09647820e+01  1.65339051e+02 
 1.12201845e+01  7.01996948e+01  1.12201845e+01  1.65012494e+02 
 1.14815362e+01  7.01861741e+01  1.14815362e+01  1.64679313e+02 
 1.17489755e+01  7.01720579e+01  1.17489755e+01  1.64339418e+02 
 1.20226443e+01  7.01573219e+01  1.20226443e+01  1.63992724e+02 
 1.23026877e+01  7.01419408e+01  1.23026877e+01  1.63639146e+02 
 1.25892541e+01  7.01258889e+01  1.25892541e+01  1.63278601e+02 
 1.28824955e+01  7.01091394e+01  1.28824955e+01  1.62911010e+02 
 1.31825674e+01  7.00916647e+01  1.31825674e+01  1.62536297e+02 
 1.34896288e+01  7.00734363e+01  1.34896288e+01  1.62154389e+02 
 1.38038426e+01  7.00544251e+01  1.38038426e+01  1.61765217e+02 
 1.41253754e+01  7.00346009e+01  1.41253754e+01  1.61368715e+02 
 1.44543977e+01  7.00139328e+01  1.44543977e+01  1.60964823e+02 
 1.47910839e+01  6.99923890e+01  1.47910839e+01  1.60553484e+02 
 1.51356125e+01  6.99699369e+01  1.51356125e+01  1.60134648e+02 
 1.54881662e+01  6.99465430e+01  1.54881662e+01  1.59708268e+02 
 1.58489319e+01  6.99221731e+01  1.58489319e+01  1.59274306e+02 
 1.62181010e+01  6.98967923e+01  1.62181010e+01  1.58832728e+02 
 1.65958691e+01  6.98703646e+01  1.65958691e+01  1.58383507e+02 
 1.69824365e+01  6.98428536e+01  1.69824365e+01  1.57926623e+02 
 1.73780083e+01  6.98142221e+01  1.73780083e+01  1.57462066e+02 
 1.77827941e+01  6.97844322e+01  1.77827941e+01  1.56989829e+02 
 1.81970086e+01  6.97534453e+01  1.81970086e+01  1.56509918e+02 
 1.86208714e+01  6.97212223e+01  1.86208714e+01  1.56022346e+02 
 1.90546072e+01  6.96877235e+01  1.90546072e+01  1.55527134e+02 
 1.94984460e+01  6.96529088e+01  1.94984460e+01  1.55024314e+02 
 1.99526231e+01  6.96167377e+01  1.99526231e+01  1.54513928e+02 
 2.04173794e+01  6.95791691e+01  2.04173794e+01  1.53996027e+02 
 2.08929613e+01  6.95401619e+01  2.08929613e+01  1.53470674e+02 
 2.13796209e+01  6.94996747e+01  2.13796209e+01  1.52937943e+02 
 2.18776162e+01  6.94576659e+01  2.18776162e+01  1.52397918e+02 
 2.23872114e+01  6.94140938e+01  2.23872114e+01  1.51850697e+02 
 2.29086765e+01  6.93689170e+01  2.29086765e+01  1.51296387e+02 
 2.34422882e+01  6.93220939e+01  2.34422882e+01  1.50735108e+02 
 2.39883292e+01  6.92735835e+01  2.39883292e+01  1.50166995e+02 
 2.45470892e+01  6.92233448e+01  2.45470892e+01  1.49592191e+02 
 2.51188643e+01  6.91713375e+01  2.51188643e+01  1.49010855e+02 
 2.57039578e+01  6.91175218e+01  2.57039578e+01  1.48423158e+02 
 2.63026799e+01  6.90618586e+01  2.63026799e+01  1.47829281e+02 
 2.69153480e+01  6.90043094e+01  2.69153480e+01  1.47229422e+02 
 2.75422870e+01  6.89448368e+01  2.75422870e+01  1.46623787e+02 
 2.81838293e+01  6.88834045e+01  2.81838293e+01  1.46012598e+02 
 2.88403150e+01  6.88199772e+01  2.88403150e+01  1.45396088e+02 
 2.95120923e+01  6.87545209e+01  2.95120923e+01  1.44774500e+02 
 3.01995172e+01  6.86870031e+01  3.01995172e+01  1.44148092e+02 
 3.09029543e+01  6.86173925e+01  3.09029543e+01  1.43517129e+02 
 3.16227766e+01  6.85456597e+01  3.16227766e+01  1.42881892e+02 
 3.23593657e+01  6.84717770e+01  3.23593657e+01  1.42242667e+02 
 3.31131121e+01  6.83957185e+01  3.31131121e+01  1.41599753e+02 
 3.38844156e+01  6.83174601e+01  3.38844156e+01  1.40953457e+02 
 3.46736850e+01  6.82369798e+01  3.46736850e+01  1.40304095e+02 
 3.54813389e+01  6.81542578e+01  3.54813389e+01  1.39651990e+02 
 3.63078055e+01  6.80692764e+01  3.63078055e+01  1.38997471e+02 
 3.71535229e+01  6.79820201e+01  3.71535229e+01  1.38340876e+02 
 3.80189396e+01  6.78924759e+01  3.80189396e+01  1.37682546e+02 
 3.89045145e+01  6.78006330e+01  3.89045145e+01  1.37022827e+02 
 3.98107171e+01  6.77064831e+01  3.98107171e+01  1.36362069e+02 
 4.07380278e+01  6.76100203e+01  4.07380278e+01  1.35700624e+02 
 4.16869383e+01  6.75112412e+01  4.16869383e+01  1.35038846e+02 
 4.26579519e+01  6.74101449e+01  4.26579519e+01  1.34377089e+02 
 4.36515832e+01  6.73067330e+01  4.36515832e+01  1.33715709e+02 
 4.46683592e+01  6.72010095e+01  4.46683592e+01  1.33055058e+02 
 4.57088190e+01  6.70929811e+01  4.57088190e+01  1.32395487e+02 
 4.67735141e+01  6.69826565e+01  4.67735141e+01  1.31737345e+02 
 4.78630092e+01  6.68700472e+01  4.78630092e+01  1.31080976e+02 
 4.89778819e+01  6.67551668e+01  4.89778819e+01  1.30426719e+02 
 5.01187234e+01  6.66380313e+01  5.01187234e+01  1.29774908e+02 
 5.12861384e+01  6.65186590e+01  5.12861384e+01  1.29125871e+02 
 5.24807460e+01  6.63970700e+01  5.24807460e+01  1.28479927e+02 
 5.37031796e+01  6.62732869e+01  5.37031796e+01  1.27837389e+02 
 5.49540874e+01  6.61473338e+01  5.49540874e+01  1.27198560e+02 
 5.62341325e+01  6.60192372e+01  5.62341325e+01  1.26563734e+02 
 5.75439937e+01  6.58890249e+01  5.75439937e+01  1.25933196e+02 
 5.88843655e+01  6.57567266e+01  5.88843655e+01  1.25307220e+02 
 6.02559586e+01  6.56223736e+01  6.02559586e+01  1.24686069e+02 
 6.16595002e+01  6.54859984e+01  6.16595002e+01  1.24069994e+02 
 6.30957344e+01  6.53476352e+01  6.30957344e+01  1.23459237e+02 
 6.45654229e+01  6.52073190e+01  6.45654229e+01  1.22854026e+02 
 6.60693448e+01  6.50650861e+01  6.60693448e+01  1.22254578e+02 
 6.76082975e+01  6.49209739e+01  6.76082975e+01  1.21661097e+02 
 6.91830971e+01  6.47750205e+01  6.91830971e+01  1.21073774e+02 
 7.07945784e+01  6.46272647e+01  7.07945784e+01  1.20492790e+02 
 7.24435960e+01  6.44777461e+01  7.24435960e+01  1.19918312e+02 
 7.41310241e+01  6.43265047e+01  7.41310241e+01  1.19350494e+02 
 7.58577575e+01  6.41735810e+01  7.58577575e+01  1.18789478e+02 
 7.76247117e+01  6.40190157e+01  7.76247117e+01  1.18235395e+02 
 7.94328235e+01  6.38628499e+01  7.94328235e+01  1.17688363e+02 
 8.12830516e+01  6.37051247e+01  8.12830516e+01  1.17148489e+02 
 8.31763771e+01  6.35458811e+01  8.31763771e+01  1.16615866e+02 
 8.51138038e+01  6.33851604e+01  8.51138038e+01  1.16090579e+02 
 8.70963590e+01  6.32230034e+01  8.70963590e+01  1.15572700e+02 
 8.91250938e+01  6.30594509e+01  8.91250938e+01  1.15062290e+02 
 9.12010839e+01  6.28945433e+01  9.12010839e+01  1.14559400e+02 
 9.33254301e+01  6.27283206e+01  9.33254301e+01  1.14064072e+02 
 9.54992586e+01  6.25608226e+01  9.54992586e+01  1.13576337e+02 
 9.77237221e+01  6.23920884e+01  9.77237221e+01  1.13096218e+02 
 1.00000000e+02  6.22221567e+01  1.00000000e+02  1.12623727e+02 
 1.02329299e+02  6.20510656e+01  1.02329299e+02  1.12158869e+02 
 1.04712855e+02  6.18788525e+01  1.04712855e+02  1.11701640e+02 
 1.07151931e+02  6.17055543e+01  1.07151931e+02  1.11252030e+02 
 1.09647820e+02  6.15312071e+01  1.09647820e+02  1.10810020e+02 
 1.12201845e+02  6.13558462e+01  1.12201845e+02  1.10375585e+02 
 1.14815362e+02  6.11795064e+01  1.14815362e+02  1.09948692e+02 
 1.17489755e+02  6.10022216e+01  1.17489755e+02  1.09529303e+02 
 1.20226443e+02  6.08240249e+01  1.20226443e+02  1.09117375e+02 
 1.23026877e+02  6.06449485e+01  1.23026877e+02  1.08712858e+02 
 1.25892541e+02  6.04650242e+01  1.25892541e+02  1.08315697e+02 
 1.28824955e+02  6.02842825e+01  1.28824955e+02  1.07925835e+02 
 1.31825674e+02  6.01027533e+01  1.31825674e+02  1.07543206e+02 
 1.34896288e+02  5.99204658e+01  1.34896288e+02  1.07167744e+02 
 1.38038426e+02  5.97374482e+01  1.38038426e+02  1.06799378e+02 
 1.41253754e+02  5.95537279e+01  1.41253754e+02  1.06438034e+02 
 1.44543977e+02  5.93693315e+01  1.44543977e+02  1.06083633e+02 
 1.47910839e+02  5.91842848e+01  1.47910839e+02  1.05736097e+02 
 1.51356125e+02  5.89986130e+01  1.51356125e+02  1.05395341e+02 
 1.54881662e+02  5.88123401e+01  1.54881662e+02  1.05061281e+02 
 1.58489319e+02  5.86254896e+01  1.58489319e+02  1.04733831e+02 
 1.62181010e+02  5.84380842e+01  1.62181010e+02  1.04412901e+02 
 1.65958691e+02  5.82501459e+01  1.65958691e+02  1.04098402e+02 
 1.69824365e+02  5.80616958e+01  1.69824365e+02  1.03790241e+02 
 1.73780083e+02  5.78727543e+01  1.73780083e+02  1.03488327e+02 
 1.77827941e+02  5.76833412e+01  1.77827941e+02  1.03192565e+02 
 1.81970086e+02  5.74934755e+01  1.81970086e+02  1.02902862e+02 
 1.86208714e+02  5.73031756e+01  1.86208714e+02  1.02619123e+02 
 1.90546072e+02  5.71124593e+01  1.90546072e+02  1.02341253e+02 
 1.94984460e+02  5.69213435e+01  1.94984460e+02  1.02069156e+02 
 1.99526231e+02  5.67298447e+01  1.99526231e+02  1.01802737e+02 
 2.04173794e+02  5.65379787e+01  2.04173794e+02  1.01541900e+02 
 2.08929613e+02  5.63457607e+01  2.08929613e+02  1.01286550e+02 
 2.13796209e+02  5.61532054e+01  2.13796209e+02  1.01036593e+02 
 2.18776162e+02  5.59603269e+01  2.18776162e+02  1.00791933e+02 
 2.23872114e+02  5.57671386e+01  2.23872114e+02  1.00552476e+02 
 2.29086765e+02  5.55736537e+01  2.29086765e+02  1.00318128e+02 
 2.34422882e+02  5.53798846e+01  2.34422882e+02  1.00088797e+02 
 2.39883292e+02  5.51858434e+01  2.39883292e+02  9.98643904e+01 
 2.45470892e+02  5.49915415e+01  2.45470892e+02  9.96448159e+01 
 2.51188643e+02  5.47969902e+01  2.51188643e+02  9.94299831e+01 
 2.57039578e+02  5.46021999e+01  2.57039578e+02  9.92198022e+01 
 2.63026799e+02  5.44071810e+01  2.63026799e+02  9.90141843e+01 
 2.69153480e+02  5.42119431e+01  2.69153480e+02  9.88130414e+01 
 2.75422870e+02  5.40164958e+01  2.75422870e+02  9.86162868e+01 
 2.81838293e+02  5.38208480e+01  2.81838293e+02  9.84238345e+01 
 2.88403150e+02  5.36250084e+01  2.88403150e+02  9.82355998e+01 
 2.95120923e+02  5.34289852e+01  2.95120923e+02  9.80514992e+01 
 3.01995172e+02  5.32327864e+01  3.01995172e+02  9.78714502e+01 
 3.09029543e+02  5.30364197e+01  3.09029543e+02  9.76953715e+01 
 3.16227766e+02  5.28398922e+01  3.16227766e+02  9.75231831e+01 
 3.23593657e+02  5.26432110e+01  3.23593657e+02  9.73548060e+01 
 3.31131121e+02  5.24463829e+01  3.31131121e+02  9.71901627e+01 
 3.38844156e+02  5.22494141e+01  3.38844156e+02  9.70291767e+01 
 3.46736850e+02  5.20523109e+01  3.46736850e+02  9.68717727e+01 
 3.54813389e+02  5.18550791e+01  3.54813389e+02  9.67178770e+01 
 3.63078055e+02  5.16577244e+01  3.63078055e+02  9.65674167e+01 
 3.71535229e+02  5.14602521e+01  3.71535229e+02  9.64203204e+01 
 3.80189396e+02  5.12626674e+01  3.80189396e+02  9.62765179e+01 
 3.89045145e+02  5.10649753e+01  3.89045145e+02  9.61359401e+01 
 3.98107171e+02  5.08671805e+01  3.98107171e+02  9.59985194e+01 
 4.07380278e+02  5.06692875e+01  4.07380278e+02  9.58641892e+01 
 4.16869383e+02  5.04713007e+01  4.16869383e+02  9.57328843e+01 
 4.26579519e+02  5.02732241e+01  4.26579519e+02  9.56045405e+01 
 4.36515832e+02  5.00750618e+01  4.36515832e+02  9.54790950e+01 
 4.46683592e+02  4.98768175e+01  4.46683592e+02  9.53564862e+01 
 4.57088190e+02  4.96784949e+01  4.57088190e+02  9.52366534e+01 
 4.67735141e+02  4.94800974e+01  4.67735141e+02  9.51195375e+01 
 4.78630092e+02  4.92816284e+01  4.78630092e+02  9.50050803e+01 
 4.89778819e+02  4.90830910e+01  4.89778819e+02  9.48932248e+01 
 5.01187234e+02  4.88844883e+01  5.01187234e+02  9.47839150e+01 
 5.12861384e+02  4.86858231e+01  5.12861384e+02  9.46770964e+01 
 5.24807460e+02  4.84870983e+01  5.24807460e+02  9.45727152e+01 
 5.37031796e+02  4.82883165e+01  5.37031796e+02  9.44707190e+01 
 5.49540874e+02  4.80894802e+01  5.49540874e+02  9.43710562e+01 
 5.62341325e+02  4.78905919e+01  5.62341325e+02  9.42736764e+01 
 5.75439937e+02  4.76916539e+01  5.75439937e+02  9.41785304e+01 
 5.88843655e+02  4.74926684e+01  5.88843655e+02  9.40855699e+01 
 6.02559586e+02  4.72936374e+01  6.02559586e+02  9.39947474e+01 
 6.16595002e+02  4.70945632e+01  6.16595002e+02  9.39060168e+01 
 6.30957344e+02  4.68954475e+01  6.30957344e+02  9.38193327e+01 
 6.45654229e+02  4.66962922e+01  6.45654229e+02  9.37346509e+01 
 6.60693448e+02  4.64970991e+01  6.60693448e+02  9.36519278e+01 
 6.76082975e+02  4.62978700e+01  6.76082975e+02  9.35711211e+01 
 6.91830971e+02  4.60986063e+01  6.91830971e+02  9.34921893e+01 
 7.07945784e+02  4.58993097e+01  7.07945784e+02  9.34150917e+01 
 7.24435960e+02  4.56999816e+01  7.24435960e+02  9.33397886e+01 
 7.41310241e+02  4.55006235e+01  7.41310241e+02  9.32662412e+01 
 7.58577575e+02  4.53012366e+01  7.58577575e+02  9.31944115e+01 
 7.76247117e+02  4.51018224e+01  7.76247117e+02  9.31242623e+01 
 7.94328235e+02  4.49023819e+01  7.94328235e+02  9.30557573e+01 
 8.12830516e+02  4.47029164e+01  8.12830516e+02  9.29888610e+01 
 8.31763771e+02  4.45034271e+01  8.31763771e+02  9.29235387e+01 
 8.51138038e+02  4.43039149e+01  8.51138038e+02  9.28597565e+01 
 8.70963590e+02  4.41043809e+01  8.70963590e+02  9.27974813e+01 
 8.91250938e+02  4.39048262e+01  8.91250938e+02  9.27366806e+01 
 9.12010839e+02  4.37052515e+01  9.12010839e+02  9.26773227e+01 
 9.33254301e+02  4.35056579e+01  9.33254301e+02  9.26193769e+01 
 9.54992586e+02  4.33060462e+01  9.54992586e+02  9.25628127e+01 
 9.77237221e+02  4.31064172e+01  9.77237221e+02  9.25076008e+01 
 1.00000000e+03  4.29067717e+01  1.00000000e+03  9.24537122e+01 
 1.02329299e+03  4.27071104e+01  1.02329299e+03  9.24011189e+01 
 1.04712855e+03  4.25074341e+01  1.04712855e+03  9.23497932e+01 
 1.07151931e+03  4.23077434e+01  1.07151931e+03  9.22997085e+01 
 1.09647820e+03  4.21080390e+01  1.09647820e+03  9.22508383e+01 
 1.12201845e+03  4.19083215e+01  1.12201845e+03  9.22031573e+01 
 1.14815362e+03  4.17085915e+01  1.14815362e+03  9.21566402e+01 
 1.17489755e+03  4.15088496e+01  1.17489755e+03  9.21112629e+01 
 1.20226443e+03  4.13090963e+01  1.20226443e+03  9.20670014e+01 
 1.23026877e+03  4.11093321e+01  1.23026877e+03  9.20238325e+01 
 1.25892541e+03  4.09095576e+01  1.25892541e+03  9.19817336e+01 
 1.28824955e+03  4.07097733e+01  1.28824955e+03  9.19406825e+01 
 1.31825674e+03  4.05099795e+01  1.31825674e+03  9.19006577e+01 
 1.34896288e+03  4.03101767e+01  1.34896288e+03  9.18616381e+01 
 1.38038426e+03  4.01103653e+01  1.38038426e+03  9.18236032e+01 
 1.41253754e+03  3.99105458e+01  1.41253754e+03  9.17865330e+01 
 1.44543977e+03  3.97107185e+01  1.44543977e+03  9.17504080e+01 
 1.47910839e+03  3.95108838e+01  1.47910839e+03  9.17152092e+01 
 1.51356125e+03  3.93110420e+01  1.51356125e+03  9.16809180e+01 
 1.54881662e+03  3.91111934e+01  1.54881662e+03  9.16475163e+01 
 1.58489319e+03  3.89113385e+01  1.58489319e+03  9.16149867e+01 
 1.62181010e+03  3.87114774e+01  1.62181010e+03  9.15833118e+01 
 1.65958691e+03  3.85116105e+01  1.65958691e+03  9.15524751e+01 
 1.69824365e+03  3.83117381e+01  1.69824365e+03  9.15224603e+01 
 1.73780083e+03  3.81118604e+01  1.73780083e+03  9.14932515e+01 
 1.77827941e+03  3.79119777e+01  1.77827941e+03  9.14648333e+01 
 1.81970086e+03  3.77120902e+01  1.81970086e+03  9.14371908e+01 
 1.86208714e+03  3.75121983e+01  1.86208714e+03  9.14103093e+01 
 1.90546072e+03  3.73123020e+01  1.90546072e+03  9.13841746e+01 
 1.94984460e+03  3.71124017e+01  1.94984460e+03  9.13587731e+01 
 1.99526231e+03  3.69124975e+01  1.99526231e+03  9.13340911e+01 
 2.04173794e+03  3.67125896e+01  2.04173794e+03  9.13101158e+01 
 2.08929613e+03  3.65126783e+01  2.08929613e+03  9.12868344e+01 
 2.13796209e+03  3.63127637e+01  2.13796209e+03  9.12642346e+01 
 2.18776162e+03  3.61128460e+01  2.18776162e+03  9.12423046e+01 
 2.23872114e+03  3.59129255e+01  2.23872114e+03  9.12210326e+01 
 2.29086765e+03  3.57130021e+01  2.29086765e+03  9.12004075e+01 
 2.34422882e+03  3.55130762e+01  2.34422882e+03  9.11804184e+01 
 2.39883292e+03  3.53131478e+01  2.39883292e+03  9.11610547e+01 
 2.45470892e+03  3.51132172e+01  2.45470892e+03  9.11423061e+01 
 2.51188643e+03  3.49132844e+01  2.51188643e+03  9.11241628e+01 
 2.57039578e+03  3.47133497e+01  2.57039578e+03  9.11066151e+01 
 2.63026799e+03  3.45134130e+01  2.63026799e+03  9.10896538e+01 
 2.69153480e+03  3.43134747e+01  2.69153480e+03  9.10732699e+01 
 2.75422870e+03  3.41135348e+01  2.75422870e+03  9.10574547e+01 
 2.81838293e+03  3.39135934e+01  2.81838293e+03  9.10421998e+01 
 2.88403150e+03  3.37136507e+01  2.88403150e+03  9.10274972e+01 
 2.95120923e+03  3.35137068e+01  2.95120923e+03  9.10133391e+01 
 3.01995172e+03  3.33137618e+01  3.01995172e+03  9.09997180e+01 
 3.09029543e+03  3.31138158e+01  3.09029543e+03  9.09866268e+01 
 3.16227766e+03  3.29138690e+01  3.16227766e+03  9.09740583e+01 
 3.23593657e+03  3.27139214e+01  3.23593657e+03  9.09620061e+01 
 3.31131121e+03  3.25139732e+01  3.31131121e+03  9.09504637e+01 
 3.38844156e+03  3.23140244e+01  3.38844156e+03  9.09394249e+01 
 3.46736850e+03  3.21140752e+01  3.46736850e+03  9.09288841e+01 
 3.54813389e+03  3.19141257e+01  3.54813389e+03  9.09188355e+01 
 3.63078055e+03  3.17141760e+01  3.63078055e+03  9.09092739e+01 
 3.71535229e+03  3.15142262e+01  3.71535229e+03  9.09001941e+01 
 3.80189396e+03  3.13142764e+01  3.80189396e+03  9.08915914e+01 
 3.89045145e+03  3.11143268e+01  3.89045145e+03  9.08834612e+01 
 3.98107171e+03  3.09143773e+01  3.98107171e+03  9.08757992e+01 
 4.07380278e+03  3.07144282e+01  4.07380278e+03  9.08686013e+01 
 4.16869383e+03  3.05144795e+01  4.16869383e+03  9.08618637e+01 
 4.26579519e+03  3.03145313e+01  4.26579519e+03  9.08555828e+01 
 4.36515832e+03  3.01145839e+01  4.36515832e+03  9.08497553e+01 
 4.46683592e+03  2.99146371e+01  4.46683592e+03  9.08443782e+01 
 4.57088190e+03  2.97146913e+01  4.57088190e+03  9.08394484e+01 
 4.67735141e+03  2.95147464e+01  4.67735141e+03  9.08349634e+01 
 4.78630092e+03  2.93148027e+01  4.78630092e+03  9.08309209e+01 
 4.89778819e+03  2.91148602e+01  4.89778819e+03  9.08273186e+01 
 5.01187234e+03  2.89149190e+01  5.01187234e+03  9.08241546e+01 
 5.12861384e+03  2.87149794e+01  5.12861384e+03  9.08214273e+01 
 5.24807460e+03  2.85150413e+01  5.24807460e+03  9.08191352e+01 
 5.37031796e+03  2.83151049e+01  5.37031796e+03  9.08172770e+01 
 5.49540874e+03  2.81151705e+01  5.49540874e+03  9.08158517e+01 
 5.62341325e+03  2.79152380e+01  5.62341325e+03  9.08148586e+01 
 5.75439937e+03  2.77153077e+01  5.75439937e+03  9.08142971e+01 
 5.88843655e+03  2.75153797e+01  5.88843655e+03  9.08141668e+01 
 6.02559586e+03  2.73154541e+01  6.02559586e+03  9.08144678e+01 
 6.16595002e+03  2.71155312e+01  6.16595002e+03  9.08152000e+01 
 6.30957344e+03  2.69156110e+01  6.30957344e+03  9.08163639e+01 
 6.45654229e+03  2.67156938e+01  6.45654229e+03  9.08179601e+01 
 6.60693448e+03  2.65157797e+01  6.60693448e+03  9.08199893e+01 
 6.76082975e+03  2.63158689e+01  6.76082975e+03  9.08224526e+01 
 6.91830971e+03  2.61159616e+01  6.91830971e+03  9.08253512e+01 
 7.07945784e+03  2.59160580e+01  7.07945784e+03  9.08286866e+01 
 7.24435960e+03  2.57161582e+01  7.24435960e+03  9.08324606e+01 
 7.41310241e+03  2.55162626e+01  7.41310241e+03  9.08366751e+01 
 7.58577575e+03  2.53163713e+01  7.58577575e+03  9.08413322e+01 
 7.76247117e+03  2.51164845e+01  7.76247117e+03  9.08464343e+01 
 7.94328235e+03  2.49166026e+01  7.94328235e+03  9.08519842e+01 
 8.12830516e+03  2.47167256e+01  8.12830516e+03  9.08579846e+01 
 8.31763771e+03  2.45168540e+01  8.31763771e+03  9.08644387e+01 
 8.51138038e+03  2.43169880e+01  8.51138038e+03  9.08713498e+01 
 8.70963590e+03  2.41171278e+01  8.70963590e+03  9.08787214e+01 
 8.91250938e+03  2.39172738e+01  8.91250938e+03  9.08865574e+01 
 9.12010839e+03  2.37174262e+01  9.12010839e+03  9.08948618e+01 
 9.33254301e+03  2.35175854e+01  9.33254301e+03  9.09036389e+01 
 9.54992586e+03  2.33177518e+01  9.54992586e+03  9.09128932e+01 
 9.77237221e+03  2.31179256e+01  9.77237221e+03  9.09226295e+01 
 1.00000000e+04  2.29181073e+01  1.00000000e+04  9.09328529e+01 
 1.02329299e+04  2.27182972e+01  1.02329299e+04  9.09435685e+01 
 1.04712855e+04  2.25184957e+01  1.04712855e+04  9.09547819e+01 
 1.07151931e+04  2.23187033e+01  1.07151931e+04  9.09664989e+01 
 1.09647820e+04  2.21189203e+01  1.09647820e+04  9.09787254e+01 
 1.12201845e+04  2.19191473e+01  1.12201845e+04  9.09914679e+01 
 1.14815362e+04  2.17193848e+01  1.14815362e+04  9.10047327e+01 
 1.17489755e+04  2.15196331e+01  1.17489755e+04  9.10185268e+01 
 1.20226443e+04  2.13198930e+01  1.20226443e+04  9.10328571e+01 
 1.23026877e+04  2.11201648e+01  1.23026877e+04  9.10477310e+01 
 1.25892541e+04  2.09204492e+01  1.25892541e+04  9.10631561e+01 
 1.28824955e+04  2.07207467e+01  1.28824955e+04  9.10791403e+01 
 1.31825674e+04  2.05210581e+01  1.31825674e+04  9.10956917e+01 
 1.34896288e+04  2.03213839e+01  1.34896288e+04  9.11128187e+01 
 1.38038426e+04  2.01217249e+01  1.38038426e+04  9.11305301e+01 
 1.41253754e+04  1.99220818e+01  1.41253754e+04  9.11488348e+01 
 1.44543977e+04  1.97224552e+01  1.44543977e+04  9.11677420e+01 
 1.47910839e+04  1.95228461e+01  1.47910839e+04  9.11872614e+01 
 1.51356125e+04  1.93232552e+01  1.51356125e+04  9.12074029e+01 
 1.54881662e+04  1.91236834e+01  1.54881662e+04  9.12281764e+01 
 1.58489319e+04  1.89241316e+01  1.58489319e+04  9.12495926e+01 
 1.62181010e+04  1.87246008e+01  1.62181010e+04  9.12716620e+01 
 1.65958691e+04  1.85250918e+01  1.65958691e+04  9.12943959e+01 
 1.69824365e+04  1.83256059e+01  1.69824365e+04  9.13178054e+01 
 1.73780083e+04  1.81261439e+01  1.73780083e+04  9.13419024e+01 
 1.77827941e+04  1.79267072e+01  1.77827941e+04  9.13666986e+01 
 1.81970086e+04  1.77272967e+01  1.81970086e+04  9.13922066e+01 
 1.86208714e+04  1.75279139e+01  1.86208714e+04  9.14184387e+01 
 1.90546072e+04  1.73285600e+01  1.90546072e+04  9.14454080e+01 
 1.94984460e+04  1.71292363e+01  1.94984460e+04  9.14731276e+01 
 1.99526231e+04  1.69299443e+01  1.99526231e+04  9.15016112e+01 
 2.04173794e+04  1.67306855e+01  2.04173794e+04  9.15308726e+01 
 2.08929613e+04  1.65314613e+01  2.08929613e+04  9.15609261e+01 
 2.13796209e+04  1.63322735e+01  2.13796209e+04  9.15917861e+01 
 2.18776162e+04  1.61331237e+01  2.18776162e+04  9.16234675e+01 
 2.23872114e+04  1.59340136e+01  2.23872114e+04  9.16559856e+01 
 2.29086765e+04  1.57349453e+01  2.29086765e+04  9.16893558e+01 
 2.34422882e+04  1.55359206e+01  2.34422882e+04  9.17235940e+01 
 2.39883292e+04  1.53369415e+01  2.39883292e+04  9.17587164e+01 
 2.45470892e+04  1.51380102e+01  2.45470892e+04  9.17947395e+01 
 2.51188643e+04  1.49391289e+01  2.51188643e+04  9.18316801e+01 
 2.57039578e+04  1.47402999e+01  2.57039578e+04  9.18695554e+01 
 2.63026799e+04  1.45415257e+01  2.63026799e+04  9.19083830e+01 
 2.69153480e+04  1.43428088e+01  2.69153480e+04  9.19481806e+01 
 2.75422870e+04  1.41441519e+01  2.75422870e+04  9.19889663e+01 
 2.81838293e+04  1.39455577e+01  2.81838293e+04  9.20307586e+01 
 2.88403150e+04  1.37470292e+01  2.88403150e+04  9.20735764e+01 
 2.95120923e+04  1.35485695e+01  2.95120923e+04  9.21174385e+01 
 3.01995172e+04  1.33501816e+01  3.01995172e+04  9.21623645e+01 
 3.09029543e+04  1.31518690e+01  3.09029543e+04  9.22083739e+01 
 3.16227766e+04  1.29536352e+01  3.16227766e+04  9.22554866e+01 
 3.23593657e+04  1.27554836e+01  3.23593657e+04  9.23037230e+01 
 3.31131121e+04  1.25574182e+01  3.31131121e+04  9.23531035e+01 
 3.38844156e+04  1.23594430e+01  3.38844156e+04  9.24036488e+01 
 3.46736850e+04  1.21615620e+01  3.46736850e+04  9.24553797e+01 
 3.54813389e+04  1.19637797e+01  3.54813389e+04  9.25083177e+01 
 3.63078055e+04  1.17661005e+01  3.63078055e+04  9.25624839e+01 
 3.71535229e+04  1.15685292e+01  3.71535229e+04  9.26178999e+01 
 3.80189396e+04  1.13710707e+01  3.80189396e+04  9.26745876e+01 
 3.89045145e+04  1.11737302e+01  3.89045145e+04  9.27325687e+01 
 3.98107171e+04  1.09765131e+01  3.98107171e+04  9.27918653e+01 
 4.07380278e+04  1.07794251e+01  4.07380278e+04  9.28524994e+01 
 4.16869383e+04  1.05824720e+01  4.16869383e+04  9.29144932e+01 
 4.26579519e+04  1.03856599e+01  4.26579519e+04  9.29778689e+01 
 4.36515832e+04  1.01889953e+01  4.36515832e+04  9.30426485e+01 
 4.46683592e+04  9.99248479e+00  4.46683592e+04  9.31088543e+01 
 4.57088190e+04  9.79613545e+00  4.57088190e+04  9.31765082e+01 
 4.67735141e+04  9.59995452e+00  4.67735141e+04  9.32456322e+01 
 4.78630092e+04  9.40394960e+00  4.78630092e+04  9.33162480e+01 
 4.89778819e+04  9.20812861e+00  4.89778819e+04  9.33883772e+01 
 5.01187234e+04  9.01249981e+00  5.01187234e+04  9.34620408e+01 
 5.12861384e+04  8.81707181e+00  5.12861384e+04  9.35372598e+01 
 5.24807460e+04  8.62185359e+00  5.24807460e+04  9.36140547e+01 
 5.37031796e+04  8.42685450e+00  5.37031796e+04  9.36924455e+01 
 5.49540874e+04  8.23208428e+00  5.49540874e+04  9.37724515e+01 
 5.62341325e+04  8.03755309e+00  5.62341325e+04  9.38540915e+01 
 5.75439937e+04  7.84327149e+00  5.75439937e+04  9.39373837e+01 
 5.88843655e+04  7.64925049e+00  5.88843655e+04  9.40223452e+01 
 6.02559586e+04  7.45550154e+00  6.02559586e+04  9.41089925e+01 
 6.16595002e+04  7.26203656e+00  6.16595002e+04  9.41973409e+01 
 6.30957344e+04  7.06886794e+00  6.30957344e+04  9.42874045e+01 
 6.45654229e+04  6.87600858e+00  6.45654229e+04  9.43791963e+01 
 6.60693448e+04  6.68347187e+00  6.60693448e+04  9.44727278e+01 
 6.76082975e+04  6.49127173e+00  6.76082975e+04  9.45680093e+01 
 6.91830971e+04  6.29942264e+00  6.91830971e+04  9.46650489e+01 
 7.07945784e+04  6.10793961e+00  7.07945784e+04  9.47638535e+01 
 7.24435960e+04  5.91683823e+00  7.24435960e+04  9.48644275e+01 
 7.41310241e+04  5.72613468e+00  7.41310241e+04  9.49667735e+01 
 7.58577575e+04  5.53584574e+00  7.58577575e+04  9.50708916e+01 
 7.76247117e+04  5.34598880e+00  7.76247117e+04  9.51767796e+01 
 7.94328235e+04  5.15658189e+00  7.94328235e+04  9.52844323e+01 
 8.12830516e+04  4.96764367e+00  8.12830516e+04  9.53938417e+01 
 8.31763771e+04  4.77919348e+00  8.31763771e+04  9.55049968e+01 
 8.51138038e+04  4.59125130e+00  8.51138038e+04  9.56178830e+01 
 8.70963590e+04  4.40383780e+00  8.70963590e+04  9.57324822e+01 
 8.91250938e+04  4.21697436e+00  8.91250938e+04  9.58487723e+01 
 9.12010839e+04  4.03068304e+00  9.12010839e+04  9.59667272e+01 
 9.33254301e+04  3.84498662e+00  9.33254301e+04  9.60863161e+01 
 9.54992586e+04  3.65990859e+00  9.54992586e+04  9.62075037e+01 
 9.77237221e+04  3.47547316e+00  9.77237221e+04  9.63302496e+01 
 1.00000000e+05  3.29170529e+00  1.00000000e+05  9.64545079e+01 
 1.02329299e+05  3.10863063e+00  1.02329299e+05  9.65802273e+01 
 1.04712855e+05  2.92627560e+00  1.04712855e+05  9.67073501e+01 
 1.07151931e+05  2.74466730e+00  1.07151931e+05  9.68358125e+01 
 1.09647820e+05  2.56383360e+00  1.09647820e+05  9.69655438e+01 
 1.12201845e+05  2.38380306e+00  1.12201845e+05  9.70964662e+01 
 1.14815362e+05  2.20460493e+00  1.14815362e+05  9.72284944e+01 
 1.17489755e+05  2.02626918e+00  1.17489755e+05  9.73615351e+01 
 1.20226443e+05  1.84882645e+00  1.20226443e+05  9.74954869e+01 
 1.23026877e+05  1.67230802e+00  1.23026877e+05  9.76302395e+01 
 1.25892541e+05  1.49674583e+00  1.25892541e+05  9.77656736e+01 
 1.28824955e+05  1.32217240e+00  1.28824955e+05  9.79016601e+01 
 1.31825674e+05  1.14862084e+00  1.31825674e+05  9.80380602e+01 
 1.34896288e+05  9.76124799e-01  1.34896288e+05  9.81747246e+01 
 1.38038426e+05  8.04718426e-01  1.38038426e+05  9.83114932e+01 
 1.41253754e+05  6.34436328e-01  1.41253754e+05  9.84481946e+01 
 1.44543977e+05  4.65313519e-01  1.44543977e+05  9.85846459e+01 
 1.47910839e+05  2.97385373e-01  1.47910839e+05  9.87206521e+01 
 1.51356125e+05  1.30687556e-01  1.51356125e+05  9.88560056e+01 
 1.54881662e+05 -3.47440290e-02  1.54881662e+05  9.89904863e+01 
 1.58489319e+05 -1.98873312e-01  1.58489319e+05  9.91238605e+01 
 1.62181010e+05 -3.61664132e-01  1.62181010e+05  9.92558813e+01 
 1.65958691e+05 -5.23080311e-01  1.65958691e+05  9.93862878e+01 
 1.69824365e+05 -6.83085739e-01  1.69824365e+05  9.95148051e+01 
 1.73780083e+05 -8.41644462e-01  1.73780083e+05  9.96411436e+01 
 1.77827941e+05 -9.98720771e-01  1.77827941e+05  9.97649992e+01 
 1.81970086e+05 -1.15427930e+00  1.81970086e+05  9.98860531e+01 
 1.86208714e+05 -1.30828513e+00  1.86208714e+05  1.00003971e+02 
 1.90546072e+05 -1.46070389e+00  1.90546072e+05  1.00118405e+02 
 1.94984460e+05 -1.61150185e+00  1.94984460e+05  1.00228989e+02 
 1.99526231e+05 -1.76064607e+00  1.99526231e+05  1.00335345e+02 
 2.04173794e+05 -1.90810447e+00  2.04173794e+05  1.00437077e+02 
 2.08929613e+05 -2.05384596e+00  2.08929613e+05  1.00533777e+02 
 2.13796209e+05 -2.19784056e+00  2.13796209e+05  1.00625018e+02 
 2.18776162e+05 -2.34005954e+00  2.18776162e+05  1.00710363e+02 
 2.23872114e+05 -2.48047546e+00  2.23872114e+05  1.00789357e+02 
 2.29086765e+05 -2.61906237e+00  2.29086765e+05  1.00861532e+02 
 2.34422882e+05 -2.75579588e+00  2.34422882e+05  1.00926406e+02 
 2.39883292e+05 -2.89065327e+00  2.39883292e+05  1.00983484e+02 
 2.45470892e+05 -3.02361362e+00  2.45470892e+05  1.01032259e+02 
 2.51188643e+05 -3.15465788e+00  2.51188643e+05  1.01072211e+02 
 2.57039578e+05 -3.28376899e+00  2.57039578e+05  1.01102809e+02 
 2.63026799e+05 -3.41093198e+00  2.63026799e+05  1.01123511e+02 
 2.69153480e+05 -3.53613401e+00  2.69153480e+05  1.01133764e+02 
 2.75422870e+05 -3.65936452e+00  2.75422870e+05  1.01133010e+02 
 2.81838293e+05 -3.78061523e+00  2.81838293e+05  1.01120677e+02 
 2.88403150e+05 -3.89988022e+00  2.88403150e+05  1.01096191e+02 
 2.95120923e+05 -4.01715599e+00  2.95120923e+05  1.01058969e+02 
 3.01995172e+05 -4.13244151e+00  3.01995172e+05  1.01008424e+02 
 3.09029543e+05 -4.24573820e+00  3.09029543e+05  1.00943965e+02 
 3.16227766e+05 -4.35704998e+00  3.16227766e+05  1.00864997e+02 
 3.23593657e+05 -4.46638328e+00  3.23593657e+05  1.00770926e+02 
 3.31131121e+05 -4.57374700e+00  3.31131121e+05  1.00661154e+02 
 3.38844156e+05 -4.67915249e+00  3.38844156e+05  1.00535087e+02 
 3.46736850e+05 -4.78261355e+00  3.46736850e+05  1.00392132e+02 
 3.54813389e+05 -4.88414632e+00  3.54813389e+05  1.00231698e+02 
 3.63078055e+05 -4.98376927e+00  3.63078055e+05  1.00053200e+02 
 3.71535229e+05 -5.08150309e+00  3.71535229e+05  9.98560569e+01 
 3.80189396e+05 -5.17737061e+00  3.80189396e+05  9.96396970e+01 
 3.89045145e+05 -5.27139671e+00  3.89045145e+05  9.94035547e+01 
 3.98107171e+05 -5.36360816e+00  3.98107171e+05  9.91470743e+01 
 4.07380278e+05 -5.45403356e+00  4.07380278e+05  9.88697103e+01 
 4.16869383e+05 -5.54270312e+00  4.16869383e+05  9.85709286e+01 
 4.26579519e+05 -5.62964858e+00  4.26579519e+05  9.82502076e+01 
 4.36515832e+05 -5.71490300e+00  4.36515832e+05  9.79070390e+01 
 4.46683592e+05 -5.79850062e+00  4.46683592e+05  9.75409290e+01 
 4.57088190e+05 -5.88047666e+00  4.57088190e+05  9.71513988e+01 
 4.67735141e+05 -5.96086714e+00  4.67735141e+05  9.67379858e+01 
 4.78630092e+05 -6.03970867e+00  4.78630092e+05  9.63002440e+01 
 4.89778819e+05 -6.11703826e+00  4.89778819e+05  9.58377447e+01 
 5.01187234e+05 -6.19289311e+00  5.01187234e+05  9.53500773e+01 
 5.12861384e+05 -6.26731040e+00  5.12861384e+05  9.48368496e+01 
 5.24807460e+05 -6.34032706e+00  5.24807460e+05  9.42976880e+01 
 5.37031796e+05 -6.41197955e+00  5.37031796e+05  9.37322383e+01 
 5.49540874e+05 -6.48230365e+00  5.49540874e+05  9.31401655e+01 
 5.62341325e+05 -6.55133422e+00  5.62341325e+05  9.25211541e+01 
 5.75439937e+05 -6.61910501e+00  5.75439937e+05  9.18749080e+01 
 5.88843655e+05 -6.68564839e+00  5.88843655e+05  9.12011506e+01 
 6.02559586e+05 -6.75099516e+00  6.02559586e+05  9.04996245e+01 
 6.16595002e+05 -6.81517432e+00  6.16595002e+05  8.97700909e+01 
 6.30957344e+05 -6.87821288e+00  6.30957344e+05  8.90123298e+01 
 6.45654229e+05 -6.94013563e+00  6.45654229e+05  8.82261389e+01 
 6.60693448e+05 -7.00096495e+00  6.60693448e+05  8.74113331e+01 
 6.76082975e+05 -7.06072061e+00  6.76082975e+05  8.65677438e+01 
 6.91830971e+05 -7.11941962e+00  6.91830971e+05  8.56952178e+01 
 7.07945784e+05 -7.17707600e+00  7.07945784e+05  8.47936163e+01 
 7.24435960e+05 -7.23370069e+00  7.24435960e+05  8.38628139e+01 
 7.41310241e+05 -7.28930135e+00  7.41310241e+05  8.29026966e+01 
 7.58577575e+05 -7.34388226e+00  7.58577575e+05  8.19131611e+01 
 7.76247117e+05 -7.39744419e+00  7.76247117e+05  8.08941125e+01 
 7.94328235e+05 -7.44998433e+00  7.94328235e+05  7.98454625e+01 
 8.12830516e+05 -7.50149617e+00  8.12830516e+05  7.87671277e+01 
 8.31763771e+05 -7.55196950e+00  8.31763771e+05  7.76590271e+01 
 8.51138038e+05 -7.60139035e+00  8.51138038e+05  7.65210798e+01 
 8.70963590e+05 -7.64974100e+00  8.70963590e+05  7.53532024e+01 
 8.91250938e+05 -7.69699998e+00  8.91250938e+05  7.41553060e+01 
 9.12010839e+05 -7.74314216e+00  9.12010839e+05  7.29272933e+01 
 9.33254301e+05 -7.78813884e+00  9.33254301e+05  7.16690556e+01 
 9.54992586e+05 -7.83195782e+00  9.54992586e+05  7.03804688e+01 
 9.77237221e+05 -7.87456365e+00  9.77237221e+05  6.90613899e+01 
 1.00000000e+06 -7.91591777e+00  1.00000000e+06  6.77116531e+01 
 1.02329299e+06 -7.95597880e+00  1.02329299e+06  6.63310650e+01 
 1.04712855e+06 -7.99470283e+00  1.04712855e+06  6.49194010e+01 
 1.07151931e+06 -8.03204381e+00  1.07151931e+06  6.34763992e+01 
 1.09647820e+06 -8.06795395e+00  1.09647820e+06  6.20017563e+01 
 1.12201845e+06 -8.10238424e+00  1.12201845e+06  6.04951214e+01 
 1.14815362e+06 -8.13528502e+00  1.14815362e+06  5.89560904e+01 
 1.17489755e+06 -8.16660664e+00  1.17489755e+06  5.73842000e+01 
 1.20226443e+06 -8.19630026e+00  1.20226443e+06  5.57789208e+01 
 1.23026877e+06 -8.22431866e+00  1.23026877e+06  5.41396509e+01 
 1.25892541e+06 -8.25061733e+00  1.25892541e+06  5.24657082e+01 
 1.28824955e+06 -8.27515553e+00  1.28824955e+06  5.07563235e+01 
 1.31825674e+06 -8.29789769e+00  1.31825674e+06  4.90106321e+01 
 1.34896288e+06 -8.31881483e+00  1.34896288e+06  4.72276662e+01 
 1.38038426e+06 -8.33788631e+00  1.38038426e+06  4.54063464e+01 
 1.41253754e+06 -8.35510178e+00  1.41253754e+06  4.35454736e+01 
 1.44543977e+06 -8.37046339e+00  1.44543977e+06  4.16437205e+01 
 1.47910839e+06 -8.38398835e+00  1.47910839e+06  3.96996236e+01 
 1.51356125e+06 -8.39571177e+00  1.51356125e+06  3.77115756e+01 
 1.54881662e+06 -8.40568998e+00  1.54881662e+06  3.56778183e+01 
 1.58489319e+06 -8.41400425e+00  1.58489319e+06  3.35964366e+01 
 1.62181010e+06 -8.42076498e+00  1.62181010e+06  3.14653545e+01 
 1.65958691e+06 -8.42611644e+00  1.65958691e+06  2.92823324e+01 
 1.69824365e+06 -8.43024215e+00  1.69824365e+06  2.70449681e+01 
 1.73780083e+06 -8.43337076e+00  1.73780083e+06  2.47507009e+01 
 1.77827941e+06 -8.43578265e+00  1.77827941e+06  2.23968214e+01 
 1.81970086e+06 -8.43781716e+00  1.81970086e+06  1.99804865e+01 
 1.86208714e+06 -8.43988037e+00  1.86208714e+06  1.74987432e+01 
 1.90546072e+06 -8.44245343e+00  1.90546072e+06  1.49485613e+01 
 1.94984460e+06 -8.44610127e+00  1.94984460e+06  1.23268778e+01 
 1.99526231e+06 -8.45148142e+00  1.99526231e+06  9.63065564e+00 
 2.04173794e+06 -8.45935259e+00  2.04173794e+06  6.85695759e+00 
 2.08929613e+06 -8.47058263e+00  2.08929613e+06  4.00303916e+00 
 2.13796209e+06 -8.48615509e+00  2.13796209e+06  1.06646103e+00 
 2.18776162e+06 -8.50717370e+00  2.18776162e+06 -1.95477726e+00 
 2.23872114e+06 -8.53486374e+00  2.23872114e+06 -5.06208255e+00 
 2.29086765e+06 -8.57056912e+00  2.29086765e+06 -8.25609399e+00 
 2.34422882e+06 -8.61574405e+00  2.34422882e+06 -1.15364937e+01 
 2.39883292e+06 -8.67193800e+00  2.39883292e+06 -1.49018089e+01 
 2.45470892e+06 -8.74077284e+00  2.45470892e+06 -1.83492165e+01 
 2.51188643e+06 -8.82391155e+00  2.51188643e+06 -2.18743622e+01 
 2.57039578e+06 -8.92301817e+00  2.57039578e+06 -2.54712132e+01 
 2.63026799e+06 -9.03970984e+00  2.63026799e+06 -2.91319608e+01 
 2.69153480e+06 -9.17550249e+00  2.69153480e+06 -3.28469933e+01 
 2.75422870e+06 -9.33175284e+00  2.75422870e+06 -3.66049545e+01 
 2.81838293e+06 -9.50960071e+00  2.81838293e+06 -4.03928984e+01 
 2.88403150e+06 -9.70991570e+00  2.88403150e+06 -4.41965432e+01 
 2.95120923e+06 -9.93325318e+00  2.95120923e+06 -4.80006156e+01 
 3.01995172e+06 -1.01798234e+01  3.01995172e+06 -5.17892670e+01 
 3.09029543e+06 -1.04494771e+01  3.09029543e+06 -5.55465343e+01 
 3.16227766e+06 -1.07417085e+01  3.16227766e+06 -5.92568106e+01 
 3.23593657e+06 -1.10556761e+01  3.23593657e+06 -6.29052913e+01 
 3.31131121e+06 -1.13902381e+01  3.31131121e+06 -6.64783645e+01 
 3.38844156e+06 -1.17439997e+01  3.38844156e+06 -6.99639208e+01 
 3.46736850e+06 -1.21153672e+01  3.46736850e+06 -7.33515705e+01 
 3.54813389e+06 -1.25026050e+01  3.54813389e+06 -7.66327639e+01 
 3.63078055e+06 -1.29038913e+01  3.63078055e+06 -7.98008220e+01 
 3.71535229e+06 -1.33173687e+01  3.71535229e+06 -8.28508904e+01 
 3.80189396e+06 -1.37411888e+01  3.80189396e+06 -8.57798334e+01 
 3.89045145e+06 -1.41735488e+01  3.89045145e+06 -8.85860875e+01 
 3.98107171e+06 -1.46127194e+01  3.98107171e+06 -9.12694903e+01 
 4.07380278e+06 -1.50570664e+01  4.07380278e+06 -9.38310992e+01 
 4.16869383e+06 -1.55050645e+01  4.16869383e+06 -9.62730115e+01 
 4.26579519e+06 -1.59553066e+01  4.26579519e+06 -9.85981936e+01 
 4.36515832e+06 -1.64065080e+01  4.36515832e+06 -1.00810322e+02 
 4.46683592e+06 -1.68575075e+01  4.46683592e+06 -1.02913642e+02 
 4.57088190e+06 -1.73072663e+01  4.57088190e+06 -1.04912839e+02 
 4.67735141e+06 -1.77548650e+01  4.67735141e+06 -1.06812925e+02 
 4.78630092e+06 -1.81994994e+01  4.78630092e+06 -1.08619141e+02 
 4.89778819e+06 -1.86404750e+01  4.89778819e+06 -1.10336868e+02 
 5.01187234e+06 -1.90772017e+01  5.01187234e+06 -1.11971549e+02 
 5.12861384e+06 -1.95091875e+01  5.12861384e+06 -1.13528622e+02 
 5.24807460e+06 -1.99360314e+01  5.24807460e+06 -1.15013454e+02 
 5.37031796e+06 -2.03574169e+01  5.37031796e+06 -1.16431295e+02 
 5.49540874e+06 -2.07731040e+01  5.49540874e+06 -1.17787226e+02 
 5.62341325e+06 -2.11829219e+01  5.62341325e+06 -1.19086124e+02 
 5.75439937e+06 -2.15867611e+01  5.75439937e+06 -1.20332631e+02 
 5.88843655e+06 -2.19845657e+01  5.88843655e+06 -1.21531128e+02 
 6.02559586e+06 -2.23763254e+01  6.02559586e+06 -1.22685720e+02 
 6.16595002e+06 -2.27620683e+01  6.16595002e+06 -1.23800228e+02 
 6.30957344e+06 -2.31418533e+01  6.30957344e+06 -1.24878181e+02 
 6.45654229e+06 -2.35157641e+01  6.45654229e+06 -1.25922822e+02 
 6.60693448e+06 -2.38839024e+01  6.60693448e+06 -1.26937116e+02 
 6.76082975e+06 -2.42463828e+01  6.76082975e+06 -1.27923758e+02 
 6.91830971e+06 -2.46033279e+01  6.91830971e+06 -1.28885188e+02 
 7.07945784e+06 -2.49548643e+01  7.07945784e+06 -1.29823614e+02 
 7.24435960e+06 -2.53011189e+01  7.24435960e+06 -1.30741020e+02 
 7.41310241e+06 -2.56422166e+01  7.41310241e+06 -1.31639196e+02 
 7.58577575e+06 -2.59782778e+01  7.58577575e+06 -1.32519749e+02 
 7.76247117e+06 -2.63094166e+01  7.76247117e+06 -1.33384127e+02 
 7.94328235e+06 -2.66357403e+01  7.94328235e+06 -1.34233633e+02 
 8.12830516e+06 -2.69573482e+01  8.12830516e+06 -1.35069448e+02 
 8.31763771e+06 -2.72743315e+01  8.31763771e+06 -1.35892638e+02 
 8.51138038e+06 -2.75867730e+01  8.51138038e+06 -1.36704177e+02 
 8.70963590e+06 -2.78947478e+01  8.70963590e+06 -1.37504951e+02 
 8.91250938e+06 -2.81983229e+01  8.91250938e+06 -1.38295778e+02 
 9.12010839e+06 -2.84975585e+01  9.12010839e+06 -1.39077409e+02 
 9.33254301e+06 -2.87925081e+01  9.33254301e+06 -1.39850540e+02 
 9.54992586e+06 -2.90832192e+01  9.54992586e+06 -1.40615822e+02 
 9.77237221e+06 -2.93697341e+01  9.77237221e+06 -1.41373859e+02 
 1.00000000e+07 -2.96520909e+01  1.00000000e+07 -1.42125220e+02 
 1.02329299e+07 -2.99303235e+01  1.02329299e+07 -1.42870437e+02 
 1.04712855e+07 -3.02044629e+01  1.04712855e+07 -1.43610012e+02 
 1.07151931e+07 -3.04745377e+01  1.07151931e+07 -1.44344417e+02 
 1.09647820e+07 -3.07405746e+01  1.09647820e+07 -1.45074095e+02 
 1.12201845e+07 -3.10025990e+01  1.12201845e+07 -1.45799462e+02 
 1.14815362e+07 -3.12606357e+01  1.14815362e+07 -1.46520909e+02 
 1.17489755e+07 -3.15147094e+01  1.17489755e+07 -1.47238800e+02 
 1.20226443e+07 -3.17648447e+01  1.20226443e+07 -1.47953471e+02 
 1.23026877e+07 -3.20110673e+01  1.23026877e+07 -1.48665233e+02 
 1.25892541e+07 -3.22534037e+01  1.25892541e+07 -1.49374372e+02 
 1.28824955e+07 -3.24918816e+01  1.28824955e+07 -1.50081144e+02 
 1.31825674e+07 -3.27265307e+01  1.31825674e+07 -1.50785778e+02 
 1.34896288e+07 -3.29573821e+01  1.34896288e+07 -1.51488477e+02 
 1.38038426e+07 -3.31844694e+01  1.38038426e+07 -1.52189412e+02 
 1.41253754e+07 -3.34078281e+01  1.41253754e+07 -1.52888728e+02 
 1.44543977e+07 -3.36274962e+01  1.44543977e+07 -1.53586539e+02 
 1.47910839e+07 -3.38435141e+01  1.47910839e+07 -1.54282928e+02 
 1.51356125e+07 -3.40559246e+01  1.51356125e+07 -1.54977951e+02 
 1.54881662e+07 -3.42647733e+01  1.54881662e+07 -1.55671631e+02 
 1.58489319e+07 -3.44701082e+01  1.58489319e+07 -1.56363961e+02 
 1.62181010e+07 -3.46719797e+01  1.62181010e+07 -1.57054905e+02 
 1.65958691e+07 -3.48704408e+01  1.65958691e+07 -1.57744397e+02 
 1.69824365e+07 -3.50655470e+01  1.69824365e+07 -1.58432337e+02 
 1.73780083e+07 -3.52573558e+01  1.73780083e+07 -1.59118602e+02 
 1.77827941e+07 -3.54459273e+01  1.77827941e+07 -1.59803033e+02 
 1.81970086e+07 -3.56313232e+01  1.81970086e+07 -1.60485447e+02 
 1.86208714e+07 -3.58136074e+01  1.86208714e+07 -1.61165632e+02 
 1.90546072e+07 -3.59928453e+01  1.90546072e+07 -1.61843347e+02 
 1.94984460e+07 -3.61691040e+01  1.94984460e+07 -1.62518327e+02 
 1.99526231e+07 -3.63424517e+01  1.99526231e+07 -1.63190279e+02 
 2.04173794e+07 -3.65129578e+01  2.04173794e+07 -1.63858888e+02 
 2.08929613e+07 -3.66806923e+01  2.08929613e+07 -1.64523814e+02 
 2.13796209e+07 -3.68457260e+01  2.13796209e+07 -1.65184695e+02 
 2.18776162e+07 -3.70081298e+01  2.18776162e+07 -1.65841148e+02 
 2.23872114e+07 -3.71679747e+01  2.23872114e+07 -1.66492771e+02 
 2.29086765e+07 -3.73253313e+01  2.29086765e+07 -1.67139143e+02 
 2.34422882e+07 -3.74802698e+01  2.34422882e+07 -1.67779827e+02 
 2.39883292e+07 -3.76328593e+01  2.39883292e+07 -1.68414369e+02 
 2.45470892e+07 -3.77831678e+01  2.45470892e+07 -1.69042302e+02 
 2.51188643e+07 -3.79312618e+01  2.51188643e+07 -1.69663147e+02 
 2.57039578e+07 -3.80772060e+01  2.57039578e+07 -1.70276414e+02 
 2.63026799e+07 -3.82210630e+01  2.63026799e+07 -1.70881604e+02 
 2.69153480e+07 -3.83628929e+01  2.69153480e+07 -1.71478213e+02 
 2.75422870e+07 -3.85027532e+01  2.75422870e+07 -1.72065727e+02 
 2.81838293e+07 -3.86406981e+01  2.81838293e+07 -1.72643632e+02 
 2.88403150e+07 -3.87767789e+01  2.88403150e+07 -1.73211413e+02 
 2.95120923e+07 -3.89110431e+01  2.95120923e+07 -1.73768552e+02 
 3.01995172e+07 -3.90435344e+01  3.01995172e+07 -1.74314535e+02 
 3.09029543e+07 -3.91742925e+01  3.09029543e+07 -1.74848854e+02 
 3.16227766e+07 -3.93033526e+01  3.16227766e+07 -1.75371004e+02 
 3.23593657e+07 -3.94307458e+01  3.23593657e+07 -1.75880492e+02 
 3.31131121e+07 -3.95564980e+01  3.31131121e+07 -1.76376832e+02 
 3.38844156e+07 -3.96806307e+01  3.38844156e+07 -1.76859553e+02 
 3.46736850e+07 -3.98031600e+01  3.46736850e+07 -1.77328200e+02 
 3.54813389e+07 -3.99240973e+01  3.54813389e+07 -1.77782333e+02 
 3.63078055e+07 -4.00434485e+01  3.63078055e+07 -1.78221533e+02 
 3.71535229e+07 -4.01612142e+01  3.71535229e+07 -1.78645402e+02 
 3.80189396e+07 -4.02773900e+01  3.80189396e+07 -1.79053566e+02 
 3.89045145e+07 -4.03919659e+01  3.89045145e+07 -1.79445680e+02 
 3.98107171e+07 -4.05049269e+01  3.98107171e+07 -1.79821425e+02 
 4.07380278e+07 -4.06162526e+01  4.07380278e+07  1.79819486e+02 
 4.16869383e+07 -4.07259177e+01  4.16869383e+07  1.79477306e+02 
 4.26579519e+07 -4.08338920e+01  4.26579519e+07  1.79152252e+02 
 4.36515832e+07 -4.09401403e+01  4.36515832e+07  1.78844503e+02 
 4.46683592e+07 -4.10446232e+01  4.46683592e+07  1.78554200e+02 
 4.57088190e+07 -4.11472968e+01  4.57088190e+07  1.78281438e+02 
 4.67735141e+07 -4.12481134e+01  4.67735141e+07  1.78026270e+02 
 4.78630092e+07 -4.13470215e+01  4.78630092e+07  1.77788704e+02 
 4.89778819e+07 -4.14439666e+01  4.89778819e+07  1.77568697e+02 
 5.01187234e+07 -4.15388911e+01  5.01187234e+07  1.77366159e+02 
 5.12861384e+07 -4.16317354e+01  5.12861384e+07  1.77180947e+02 
 5.24807460e+07 -4.17224376e+01  5.24807460e+07  1.77012867e+02 
 5.37031796e+07 -4.18109347e+01  5.37031796e+07  1.76861673e+02 
 5.49540874e+07 -4.18971629e+01  5.49540874e+07  1.76727063e+02 
 5.62341325e+07 -4.19810581e+01  5.62341325e+07  1.76608682e+02 
 5.75439937e+07 -4.20625568e+01  5.75439937e+07  1.76506120e+02 
 5.88843655e+07 -4.21415964e+01  5.88843655e+07  1.76418913e+02 
 6.02559586e+07 -4.22181160e+01  6.02559586e+07  1.76346543e+02 
 6.16595002e+07 -4.22920571e+01  6.16595002e+07  1.76288441e+02 
 6.30957344e+07 -4.23633643e+01  6.30957344e+07  1.76243984e+02 
 6.45654229e+07 -4.24319858e+01  6.45654229e+07  1.76212501e+02 
 6.60693448e+07 -4.24978744e+01  6.60693448e+07  1.76193274e+02 
 6.76082975e+07 -4.25609876e+01  6.76082975e+07  1.76185539e+02 
 6.91830971e+07 -4.26212887e+01  6.91830971e+07  1.76188492e+02 
 7.07945784e+07 -4.26787474e+01  7.07945784e+07  1.76201288e+02 
 7.24435960e+07 -4.27333400e+01  7.24435960e+07  1.76223050e+02 
 7.41310241e+07 -4.27850501e+01  7.41310241e+07  1.76252870e+02 
 7.58577575e+07 -4.28338691e+01  7.58577575e+07  1.76289814e+02 
 7.76247117e+07 -4.28797966e+01  7.76247117e+07  1.76332928e+02 
 7.94328235e+07 -4.29228407e+01  7.94328235e+07  1.76381242e+02 
 8.12830516e+07 -4.29630179e+01  8.12830516e+07  1.76433776e+02 
 8.31763771e+07 -4.30003540e+01  8.31763771e+07  1.76489546e+02 
 8.51138038e+07 -4.30348834e+01  8.51138038e+07  1.76547568e+02 
 8.70963590e+07 -4.30666496e+01  8.70963590e+07  1.76606867e+02 
 8.91250938e+07 -4.30957050e+01  8.91250938e+07  1.76666477e+02 
 9.12010839e+07 -4.31221105e+01  9.12010839e+07  1.76725454e+02 
 9.33254301e+07 -4.31459354e+01  9.33254301e+07  1.76782875e+02 
 9.54992586e+07 -4.31672573e+01  9.54992586e+07  1.76837846e+02 
 9.77237221e+07 -4.31861611e+01  9.77237221e+07  1.76889507e+02 
 1.00000000e+08 -4.32027390e+01  1.00000000e+08  1.76937035e+02 
