 1.00000000e+00  7.04994465e+01  1.00000000e+00  1.78554563e+02 
 1.02329299e+00  7.04991121e+01  1.02329299e+00  1.78523930e+02 
 1.04712855e+00  7.04987786e+01  1.04712855e+00  1.78492566e+02 
 1.07151931e+00  7.04984457e+01  1.07151931e+00  1.78460454e+02 
 1.09647820e+00  7.04981130e+01  1.09647820e+00  1.78427573e+02 
 1.12201845e+00  7.04977802e+01  1.12201845e+00  1.78393906e+02 
 1.14815362e+00  7.04974469e+01  1.14815362e+00  1.78359431e+02 
 1.17489755e+00  7.04971128e+01  1.17489755e+00  1.78324129e+02 
 1.20226443e+00  7.04967774e+01  1.20226443e+00  1.78287979e+02 
 1.23026877e+00  7.04964403e+01  1.23026877e+00  1.78250960e+02 
 1.25892541e+00  7.04961011e+01  1.25892541e+00  1.78213051e+02 
 1.28824955e+00  7.04957593e+01  1.28824955e+00  1.78174230e+02 
 1.31825674e+00  7.04954144e+01  1.31825674e+00  1.78134476e+02 
 1.34896288e+00  7.04950658e+01  1.34896288e+00  1.78093765e+02 
 1.38038426e+00  7.04947131e+01  1.38038426e+00  1.78052074e+02 
 1.41253754e+00  7.04943557e+01  1.41253754e+00  1.78009381e+02 
 1.44543977e+00  7.04939930e+01  1.44543977e+00  1.77965661e+02 
 1.47910839e+00  7.04936244e+01  1.47910839e+00  1.77920890e+02 
 1.51356125e+00  7.04932493e+01  1.51356125e+00  1.77875044e+02 
 1.54881662e+00  7.04928669e+01  1.54881662e+00  1.77828096e+02 
 1.58489319e+00  7.04924767e+01  1.58489319e+00  1.77780021e+02 
 1.62181010e+00  7.04920780e+01  1.62181010e+00  1.77730792e+02 
 1.65958691e+00  7.04916699e+01  1.65958691e+00  1.77680384e+02 
 1.69824365e+00  7.04912518e+01  1.69824365e+00  1.77628767e+02 
 1.73780083e+00  7.04908228e+01  1.73780083e+00  1.77575915e+02 
 1.77827941e+00  7.04903821e+01  1.77827941e+00  1.77521799e+02 
 1.81970086e+00  7.04899289e+01  1.81970086e+00  1.77466389e+02 
 1.86208714e+00  7.04894624e+01  1.86208714e+00  1.77409655e+02 
 1.90546072e+00  7.04889815e+01  1.90546072e+00  1.77351568e+02 
 1.94984460e+00  7.04884853e+01  1.94984460e+00  1.77292096e+02 
 1.99526231e+00  7.04879729e+01  1.99526231e+00  1.77231207e+02 
 2.04173794e+00  7.04874432e+01  2.04173794e+00  1.77168870e+02 
 2.08929613e+00  7.04868951e+01  2.08929613e+00  1.77105050e+02 
 2.13796209e+00  7.04863276e+01  2.13796209e+00  1.77039714e+02 
 2.18776162e+00  7.04857395e+01  2.18776162e+00  1.76972828e+02 
 2.23872114e+00  7.04851295e+01  2.23872114e+00  1.76904355e+02 
 2.29086765e+00  7.04844965e+01  2.29086765e+00  1.76834261e+02 
 2.34422882e+00  7.04838391e+01  2.34422882e+00  1.76762508e+02 
 2.39883292e+00  7.04831560e+01  2.39883292e+00  1.76689059e+02 
 2.45470892e+00  7.04824458e+01  2.45470892e+00  1.76613876e+02 
 2.51188643e+00  7.04817070e+01  2.51188643e+00  1.76536918e+02 
 2.57039578e+00  7.04809381e+01  2.57039578e+00  1.76458146e+02 
 2.63026799e+00  7.04801374e+01  2.63026799e+00  1.76377519e+02 
 2.69153480e+00  7.04793034e+01  2.69153480e+00  1.76294995e+02 
 2.75422870e+00  7.04784342e+01  2.75422870e+00  1.76210531e+02 
 2.81838293e+00  7.04775281e+01  2.81838293e+00  1.76124085e+02 
 2.88403150e+00  7.04765832e+01  2.88403150e+00  1.76035610e+02 
 2.95120923e+00  7.04755976e+01  2.95120923e+00  1.75945062e+02 
 3.01995172e+00  7.04745691e+01  3.01995172e+00  1.75852394e+02 
 3.09029543e+00  7.04734956e+01  3.09029543e+00  1.75757558e+02 
 3.16227766e+00  7.04723749e+01  3.16227766e+00  1.75660506e+02 
 3.23593657e+00  7.04712047e+01  3.23593657e+00  1.75561190e+02 
 3.31131121e+00  7.04699825e+01  3.31131121e+00  1.75459557e+02 
 3.38844156e+00  7.04687058e+01  3.38844156e+00  1.75355556e+02 
 3.46736850e+00  7.04673719e+01  3.46736850e+00  1.75249135e+02 
 3.54813389e+00  7.04659781e+01  3.54813389e+00  1.75140241e+02 
 3.63078055e+00  7.04645214e+01  3.63078055e+00  1.75028817e+02 
 3.71535229e+00  7.04629989e+01  3.71535229e+00  1.74914809e+02 
 3.80189396e+00  7.04614072e+01  3.80189396e+00  1.74798158e+02 
 3.89045145e+00  7.04597433e+01  3.89045145e+00  1.74678808e+02 
 3.98107171e+00  7.04580036e+01  3.98107171e+00  1.74556698e+02 
 4.07380278e+00  7.04561845e+01  4.07380278e+00  1.74431768e+02 
 4.16869383e+00  7.04542822e+01  4.16869383e+00  1.74303955e+02 
 4.26579519e+00  7.04522928e+01  4.26579519e+00  1.74173198e+02 
 4.36515832e+00  7.04502123e+01  4.36515832e+00  1.74039432e+02 
 4.46683592e+00  7.04480362e+01  4.46683592e+00  1.73902591e+02 
 4.57088190e+00  7.04457602e+01  4.57088190e+00  1.73762609e+02 
 4.67735141e+00  7.04433795e+01  4.67735141e+00  1.73619418e+02 
 4.78630092e+00  7.04408893e+01  4.78630092e+00  1.73472949e+02 
 4.89778819e+00  7.04382845e+01  4.89778819e+00  1.73323131e+02 
 5.01187234e+00  7.04355597e+01  5.01187234e+00  1.73169893e+02 
 5.12861384e+00  7.04327093e+01  5.12861384e+00  1.73013162e+02 
 5.24807460e+00  7.04297275e+01  5.24807460e+00  1.72852864e+02 
 5.37031796e+00  7.04266083e+01  5.37031796e+00  1.72688923e+02 
 5.49540874e+00  7.04233454e+01  5.49540874e+00  1.72521262e+02 
 5.62341325e+00  7.04199320e+01  5.62341325e+00  1.72349805e+02 
 5.75439937e+00  7.04163612e+01  5.75439937e+00  1.72174471e+02 
 5.88843655e+00  7.04126260e+01  5.88843655e+00  1.71995180e+02 
 6.02559586e+00  7.04087187e+01  6.02559586e+00  1.71811851e+02 
 6.16595002e+00  7.04046314e+01  6.16595002e+00  1.71624401e+02 
 6.30957344e+00  7.04003561e+01  6.30957344e+00  1.71432746e+02 
 6.45654229e+00  7.03958840e+01  6.45654229e+00  1.71236800e+02 
 6.60693448e+00  7.03912063e+01  6.60693448e+00  1.71036477e+02 
 6.76082975e+00  7.03863138e+01  6.76082975e+00  1.70831690e+02 
 6.91830971e+00  7.03811966e+01  6.91830971e+00  1.70622351e+02 
 7.07945784e+00  7.03758447e+01  7.07945784e+00  1.70408369e+02 
 7.24435960e+00  7.03702475e+01  7.24435960e+00  1.70189655e+02 
 7.41310241e+00  7.03643941e+01  7.41310241e+00  1.69966117e+02 
 7.58577575e+00  7.03582730e+01  7.58577575e+00  1.69737662e+02 
 7.76247117e+00  7.03518722e+01  7.76247117e+00  1.69504197e+02 
 7.94328235e+00  7.03451794e+01  7.94328235e+00  1.69265630e+02 
 8.12830516e+00  7.03381817e+01  8.12830516e+00  1.69021864e+02 
 8.31763771e+00  7.03308654e+01  8.31763771e+00  1.68772804e+02 
 8.51138038e+00  7.03232168e+01  8.51138038e+00  1.68518356e+02 
 8.70963590e+00  7.03152211e+01  8.70963590e+00  1.68258422e+02 
 8.91250938e+00  7.03068633e+01  8.91250938e+00  1.67992907e+02 
 9.12010839e+00  7.02981276e+01  9.12010839e+00  1.67721714e+02 
 9.33254301e+00  7.02889977e+01  9.33254301e+00  1.67444745e+02 
 9.54992586e+00  7.02794564e+01  9.54992586e+00  1.67161904e+02 
 9.77237221e+00  7.02694863e+01  9.77237221e+00  1.66873096e+02 
 1.00000000e+01  7.02590689e+01  1.00000000e+01  1.66578222e+02 
 1.02329299e+01  7.02481852e+01  1.02329299e+01  1.66277188e+02 
 1.04712855e+01  7.02368156e+01  1.04712855e+01  1.65969899e+02 
 1.07151931e+01  7.02249395e+01  1.07151931e+01  1.65656261e+02 
 1.09647820e+01  7.02125357e+01  1.09647820e+01  1.65336180e+02 
 1.12201845e+01  7.01995824e+01  1.12201845e+01  1.65009564e+02 
 1.14815362e+01  7.01860569e+01  1.14815362e+01  1.64676323e+02 
 1.17489755e+01  7.01719355e+01  1.17489755e+01  1.64336368e+02 
 1.20226443e+01  7.01571941e+01  1.20226443e+01  1.63989613e+02 
 1.23026877e+01  7.01418075e+01  1.23026877e+01  1.63635973e+02 
 1.25892541e+01  7.01257499e+01  1.25892541e+01  1.63275366e+02 
 1.28824955e+01  7.01089944e+01  1.28824955e+01  1.62907712e+02 
 1.31825674e+01  7.00915134e+01  1.31825674e+01  1.62532935e+02 
 1.34896288e+01  7.00732786e+01  1.34896288e+01  1.62150962e+02 
 1.38038426e+01  7.00542607e+01  1.38038426e+01  1.61761724e+02 
 1.41253754e+01  7.00344295e+01  1.41253754e+01  1.61365157e+02 
 1.44543977e+01  7.00137542e+01  1.44543977e+01  1.60961198e+02 
 1.47910839e+01  6.99922029e+01  1.47910839e+01  1.60549792e+02 
 1.51356125e+01  6.99697430e+01  1.51356125e+01  1.60130888e+02 
 1.54881662e+01  6.99463410e+01  1.54881662e+01  1.59704441e+02 
 1.58489319e+01  6.99219628e+01  1.58489319e+01  1.59270410e+02 
 1.62181010e+01  6.98965733e+01  1.62181010e+01  1.58828763e+02 
 1.65958691e+01  6.98701367e+01  1.65958691e+01  1.58379473e+02 
 1.69824365e+01  6.98426165e+01  1.69824365e+01  1.57922520e+02 
 1.73780083e+01  6.98139755e+01  1.73780083e+01  1.57457893e+02 
 1.77827941e+01  6.97841757e+01  1.77827941e+01  1.56985587e+02 
 1.81970086e+01  6.97531785e+01  1.81970086e+01  1.56505606e+02 
 1.86208714e+01  6.97209450e+01  1.86208714e+01  1.56017964e+02 
 1.90546072e+01  6.96874354e+01  1.90546072e+01  1.55522682e+02 
 1.94984460e+01  6.96526095e+01  1.94984460e+01  1.55019793e+02 
 1.99526231e+01  6.96164269e+01  1.99526231e+01  1.54509337e+02 
 2.04173794e+01  6.95788464e+01  2.04173794e+01  1.53991368e+02 
 2.08929613e+01  6.95398271e+01  2.08929613e+01  1.53465947e+02 
 2.13796209e+01  6.94993273e+01  2.13796209e+01  1.52933148e+02 
 2.18776162e+01  6.94573056e+01  2.18776162e+01  1.52393056e+02 
 2.23872114e+01  6.94137203e+01  2.23872114e+01  1.51845768e+02 
 2.29086765e+01  6.93685299e+01  2.29086765e+01  1.51291391e+02 
 2.34422882e+01  6.93216929e+01  2.34422882e+01  1.50730048e+02 
 2.39883292e+01  6.92731682e+01  2.39883292e+01  1.50161871e+02 
 2.45470892e+01  6.92229149e+01  2.45470892e+01  1.49587004e+02 
 2.51188643e+01  6.91708927e+01  2.51188643e+01  1.49005606e+02 
 2.57039578e+01  6.91170618e+01  2.57039578e+01  1.48417848e+02 
 2.63026799e+01  6.90613830e+01  2.63026799e+01  1.47823912e+02 
 2.69153480e+01  6.90038179e+01  2.69153480e+01  1.47223995e+02 
 2.75422870e+01  6.89443292e+01  2.75422870e+01  1.46618305e+02 
 2.81838293e+01  6.88828804e+01  2.81838293e+01  1.46007061e+02 
 2.88403150e+01  6.88194363e+01  2.88403150e+01  1.45390498e+02 
 2.95120923e+01  6.87539630e+01  2.95120923e+01  1.44768860e+02 
 3.01995172e+01  6.86864278e+01  3.01995172e+01  1.44142402e+02 
 3.09029543e+01  6.86167996e+01  3.09029543e+01  1.43511393e+02 
 3.16227766e+01  6.85450491e+01  3.16227766e+01  1.42876111e+02 
 3.23593657e+01  6.84711484e+01  3.23593657e+01  1.42236843e+02 
 3.31131121e+01  6.83950716e+01  3.31131121e+01  1.41593889e+02 
 3.38844156e+01  6.83167947e+01  3.38844156e+01  1.40947555e+02 
 3.46736850e+01  6.82362959e+01  3.46736850e+01  1.40298157e+02 
 3.54813389e+01  6.81535551e+01  3.54813389e+01  1.39646019e+02 
 3.63078055e+01  6.80685548e+01  3.63078055e+01  1.38991470e+02 
 3.71535229e+01  6.79812795e+01  3.71535229e+01  1.38334846e+02 
 3.80189396e+01  6.78917162e+01  3.80189396e+01  1.37676491e+02 
 3.89045145e+01  6.77998541e+01  3.89045145e+01  1.37016749e+02 
 3.98107171e+01  6.77056849e+01  3.98107171e+01  1.36355970e+02 
 4.07380278e+01  6.76092028e+01  4.07380278e+01  1.35694508e+02 
 4.16869383e+01  6.75104044e+01  4.16869383e+01  1.35032714e+02 
 4.26579519e+01  6.74092888e+01  4.26579519e+01  1.34370945e+02 
 4.36515832e+01  6.73058576e+01  4.36515832e+01  1.33709555e+02 
 4.46683592e+01  6.72001149e+01  4.46683592e+01  1.33048896e+02 
 4.57088190e+01  6.70920672e+01  4.57088190e+01  1.32389321e+02 
 4.67735141e+01  6.69817236e+01  4.67735141e+01  1.31731176e+02 
 4.78630092e+01  6.68690953e+01  4.78630092e+01  1.31074808e+02 
 4.89778819e+01  6.67541960e+01  4.89778819e+01  1.30420554e+02 
 5.01187234e+01  6.66370418e+01  5.01187234e+01  1.29768748e+02 
 5.12861384e+01  6.65176509e+01  5.12861384e+01  1.29119718e+02 
 5.24807460e+01  6.63960435e+01  5.24807460e+01  1.28473784e+02 
 5.37031796e+01  6.62722421e+01  5.37031796e+01  1.27831258e+02 
 5.49540874e+01  6.61462711e+01  5.49540874e+01  1.27192442e+02 
 5.62341325e+01  6.60181567e+01  5.62341325e+01  1.26557633e+02 
 5.75439937e+01  6.58879269e+01  5.75439937e+01  1.25927112e+02 
 5.88843655e+01  6.57556113e+01  5.88843655e+01  1.25301155e+02 
 6.02559586e+01  6.56212412e+01  6.02559586e+01  1.24680025e+02 
 6.16595002e+01  6.54848494e+01  6.16595002e+01  1.24063974e+02 
 6.30957344e+01  6.53464696e+01  6.30957344e+01  1.23453241e+02 
 6.45654229e+01  6.52061373e+01  6.45654229e+01  1.22848056e+02 
 6.60693448e+01  6.50638886e+01  6.60693448e+01  1.22248635e+02 
 6.76082975e+01  6.49197608e+01  6.76082975e+01  1.21655181e+02 
 6.91830971e+01  6.47737921e+01  6.91830971e+01  1.21067888e+02 
 7.07945784e+01  6.46260215e+01  7.07945784e+01  1.20486934e+02 
 7.24435960e+01  6.44764883e+01  7.24435960e+01  1.19912487e+02 
 7.41310241e+01  6.43252327e+01  7.41310241e+01  1.19344700e+02 
 7.58577575e+01  6.41722950e+01  7.58577575e+01  1.18783716e+02 
 7.76247117e+01  6.40177162e+01  7.76247117e+01  1.18229666e+02 
 7.94328235e+01  6.38615372e+01  7.94328235e+01  1.17682667e+02 
 8.12830516e+01  6.37037991e+01  8.12830516e+01  1.17142826e+02 
 8.31763771e+01  6.35445431e+01  8.31763771e+01  1.16610237e+02 
 8.51138038e+01  6.33838102e+01  8.51138038e+01  1.16084983e+02 
 8.70963590e+01  6.32216413e+01  8.70963590e+01  1.15567137e+02 
 8.91250938e+01  6.30580773e+01  8.91250938e+01  1.15056760e+02 
 9.12010839e+01  6.28931585e+01  9.12010839e+01  1.14553903e+02 
 9.33254301e+01  6.27269250e+01  9.33254301e+01  1.14058607e+02 
 9.54992586e+01  6.25594165e+01  9.54992586e+01  1.13570904e+02 
 9.77237221e+01  6.23906722e+01  9.77237221e+01  1.13090816e+02 
 1.00000000e+02  6.22207306e+01  1.00000000e+02  1.12618355e+02 
 1.02329299e+02  6.20496299e+01  1.02329299e+02  1.12153527e+02 
 1.04712855e+02  6.18774076e+01  1.04712855e+02  1.11696328e+02 
 1.07151931e+02  6.17041005e+01  1.07151931e+02  1.11246746e+02 
 1.09647820e+02  6.15297446e+01  1.09647820e+02  1.10804763e+02 
 1.12201845e+02  6.13543754e+01  1.12201845e+02  1.10370354e+02 
 1.14815362e+02  6.11780276e+01  1.14815362e+02  1.09943485e+02 
 1.17489755e+02  6.10007350e+01  1.17489755e+02  1.09524120e+02 
 1.20226443e+02  6.08225307e+01  1.20226443e+02  1.09112214e+02 
 1.23026877e+02  6.06434472e+01  1.23026877e+02  1.08707718e+02 
 1.25892541e+02  6.04635159e+01  1.25892541e+02  1.08310577e+02 
 1.28824955e+02  6.02827675e+01  1.28824955e+02  1.07920732e+02 
 1.31825674e+02  6.01012318e+01  1.31825674e+02  1.07538120e+02 
 1.34896288e+02  5.99189381e+01  1.34896288e+02  1.07162674e+02 
 1.38038426e+02  5.97359145e+01  1.38038426e+02  1.06794321e+02 
 1.41253754e+02  5.95521884e+01  1.41253754e+02  1.06432988e+02 
 1.44543977e+02  5.93677864e+01  1.44543977e+02  1.06078597e+02 
 1.47910839e+02  5.91827344e+01  1.47910839e+02  1.05731069e+02 
 1.51356125e+02  5.89970574e+01  1.51356125e+02  1.05390319e+02 
 1.54881662e+02  5.88107796e+01  1.54881662e+02  1.05056264e+02 
 1.58489319e+02  5.86239244e+01  1.58489319e+02  1.04728816e+02 
 1.62181010e+02  5.84365145e+01  1.62181010e+02  1.04407887e+02 
 1.65958691e+02  5.82485718e+01  1.65958691e+02  1.04093386e+02 
 1.69824365e+02  5.80601174e+01  1.69824365e+02  1.03785221e+02 
 1.73780083e+02  5.78711719e+01  1.73780083e+02  1.03483301e+02 
 1.77827941e+02  5.76817549e+01  1.77827941e+02  1.03187532e+02 
 1.81970086e+02  5.74918856e+01  1.81970086e+02  1.02897819e+02 
 1.86208714e+02  5.73015821e+01  1.86208714e+02  1.02614068e+02 
 1.90546072e+02  5.71108624e+01  1.90546072e+02  1.02336183e+02 
 1.94984460e+02  5.69197433e+01  1.94984460e+02  1.02064069e+02 
 1.99526231e+02  5.67282414e+01  1.99526231e+02  1.01797631e+02 
 2.04173794e+02  5.65363723e+01  2.04173794e+02  1.01536773e+02 
 2.08929613e+02  5.63441515e+01  2.08929613e+02  1.01281400e+02 
 2.13796209e+02  5.61515934e+01  2.13796209e+02  1.01031417e+02 
 2.18776162e+02  5.59587122e+01  2.18776162e+02  1.00786728e+02 
 2.23872114e+02  5.57655215e+01  2.23872114e+02  1.00547240e+02 
 2.29086765e+02  5.55720341e+01  2.29086765e+02  1.00312859e+02 
 2.34422882e+02  5.53782627e+01  2.34422882e+02  1.00083492e+02 
 2.39883292e+02  5.51842192e+01  2.39883292e+02  9.98590464e+01 
 2.45470892e+02  5.49899152e+01  2.45470892e+02  9.96394307e+01 
 2.51188643e+02  5.47953618e+01  2.51188643e+02  9.94245540e+01 
 2.57039578e+02  5.46005696e+01  2.57039578e+02  9.92143266e+01 
 2.63026799e+02  5.44055488e+01  2.63026799e+02  9.90086594e+01 
 2.69153480e+02  5.42103092e+01  2.69153480e+02  9.88074646e+01 
 2.75422870e+02  5.40148601e+01  2.75422870e+02  9.86106551e+01 
 2.81838293e+02  5.38192107e+01  2.81838293e+02  9.84181451e+01 
 2.88403150e+02  5.36233695e+01  2.88403150e+02  9.82298500e+01 
 2.95120923e+02  5.34273448e+01  2.95120923e+02  9.80456859e+01 
 3.01995172e+02  5.32311446e+01  3.01995172e+02  9.78655705e+01 
 3.09029543e+02  5.30347765e+01  3.09029543e+02  9.76894224e+01 
 3.16227766e+02  5.28382477e+01  3.16227766e+02  9.75171615e+01 
 3.23593657e+02  5.26415653e+01  3.23593657e+02  9.73487089e+01 
 3.31131121e+02  5.24447359e+01  3.31131121e+02  9.71839869e+01 
 3.38844156e+02  5.22477660e+01  3.38844156e+02  9.70229190e+01 
 3.46736850e+02  5.20506617e+01  3.46736850e+02  9.68654300e+01 
 3.54813389e+02  5.18534288e+01  3.54813389e+02  9.67114458e+01 
 3.63078055e+02  5.16560731e+01  3.63078055e+02  9.65608938e+01 
 3.71535229e+02  5.14585999e+01  3.71535229e+02  9.64137024e+01 
 3.80189396e+02  5.12610143e+01  3.80189396e+02  9.62698013e+01 
 3.89045145e+02  5.10633213e+01  3.89045145e+02  9.61291215e+01 
 3.98107171e+02  5.08655257e+01  3.98107171e+02  9.59915952e+01 
 4.07380278e+02  5.06676319e+01  4.07380278e+02  9.58571557e+01 
 4.16869383e+02  5.04696443e+01  4.16869383e+02  9.57257379e+01 
 4.26579519e+02  5.02715670e+01  4.26579519e+02  9.55972774e+01 
 4.36515832e+02  5.00734040e+01  4.36515832e+02  9.54717115e+01 
 4.46683592e+02  4.98751590e+01  4.46683592e+02  9.53489782e+01 
 4.57088190e+02  4.96768358e+01  4.57088190e+02  9.52290172e+01 
 4.67735141e+02  4.94784377e+01  4.67735141e+02  9.51117690e+01 
 4.78630092e+02  4.92799681e+01  4.78630092e+02  9.49971754e+01 
 4.89778819e+02  4.90814302e+01  4.89778819e+02  9.48851793e+01 
 5.01187234e+02  4.88828269e+01  5.01187234e+02  9.47757247e+01 
 5.12861384e+02  4.86841613e+01  5.12861384e+02  9.46687570e+01 
 5.24807460e+02  4.84854360e+01  5.24807460e+02  9.45642223e+01 
 5.37031796e+02  4.82866537e+01  5.37031796e+02  9.44620680e+01 
 5.49540874e+02  4.80878170e+01  5.49540874e+02  9.43622427e+01 
 5.62341325e+02  4.78889283e+01  5.62341325e+02  9.42646957e+01 
 5.75439937e+02  4.76899899e+01  5.75439937e+02  9.41693778e+01 
 5.88843655e+02  4.74910040e+01  5.88843655e+02  9.40762404e+01 
 6.02559586e+02  4.72919727e+01  6.02559586e+02  9.39852363e+01 
 6.16595002e+02  4.70928981e+01  6.16595002e+02  9.38963189e+01 
 6.30957344e+02  4.68937820e+01  6.30957344e+02  9.38094429e+01 
 6.45654229e+02  4.66946265e+01  6.45654229e+02  9.37245640e+01 
 6.60693448e+02  4.64954331e+01  6.60693448e+02  9.36416385e+01 
 6.76082975e+02  4.62962037e+01  6.76082975e+02  9.35606239e+01 
 6.91830971e+02  4.60969398e+01  6.91830971e+02  9.34814786e+01 
 7.07945784e+02  4.58976429e+01  7.07945784e+02  9.34041619e+01 
 7.24435960e+02  4.56983146e+01  7.24435960e+02  9.33286339e+01 
 7.41310241e+02  4.54989562e+01  7.41310241e+02  9.32548557e+01 
 7.58577575e+02  4.52995692e+01  7.58577575e+02  9.31827892e+01 
 7.76247117e+02  4.51001547e+01  7.76247117e+02  9.31123970e+01 
 7.94328235e+02  4.49007140e+01  7.94328235e+02  9.30436427e+01 
 8.12830516e+02  4.47012484e+01  8.12830516e+02  9.29764907e+01 
 8.31763771e+02  4.45017589e+01  8.31763771e+02  9.29109062e+01 
 8.51138038e+02  4.43022465e+01  8.51138038e+02  9.28468551e+01 
 8.70963590e+02  4.41027124e+01  8.70963590e+02  9.27843041e+01 
 8.91250938e+02  4.39031575e+01  8.91250938e+02  9.27232206e+01 
 9.12010839e+02  4.37035828e+01  9.12010839e+02  9.26635729e+01 
 9.33254301e+02  4.35039890e+01  9.33254301e+02  9.26053299e+01 
 9.54992586e+02  4.33043772e+01  9.54992586e+02  9.25484611e+01 
 9.77237221e+02  4.31047481e+01  9.77237221e+02  9.24929369e+01 
 1.00000000e+03  4.29051025e+01  1.00000000e+03  9.24387284e+01 
 1.02329299e+03  4.27054411e+01  1.02329299e+03  9.23858071e+01 
 1.04712855e+03  4.25057647e+01  1.04712855e+03  9.23341455e+01 
 1.07151931e+03  4.23060739e+01  1.07151931e+03  9.22837164e+01 
 1.09647820e+03  4.21063695e+01  1.09647820e+03  9.22344934e+01 
 1.12201845e+03  4.19066519e+01  1.12201845e+03  9.21864509e+01 
 1.14815362e+03  4.17069219e+01  1.14815362e+03  9.21395635e+01 
 1.17489755e+03  4.15071799e+01  1.17489755e+03  9.20938068e+01 
 1.20226443e+03  4.13074266e+01  1.20226443e+03  9.20491566e+01 
 1.23026877e+03  4.11076624e+01  1.23026877e+03  9.20055896e+01 
 1.25892541e+03  4.09078879e+01  1.25892541e+03  9.19630829e+01 
 1.28824955e+03  4.07081035e+01  1.28824955e+03  9.19216142e+01 
 1.31825674e+03  4.05083097e+01  1.31825674e+03  9.18811616e+01 
 1.34896288e+03  4.03085070e+01  1.34896288e+03  9.18417039e+01 
 1.38038426e+03  4.01086956e+01  1.38038426e+03  9.18032204e+01 
 1.41253754e+03  3.99088761e+01  1.41253754e+03  9.17656907e+01 
 1.44543977e+03  3.97090488e+01  1.44543977e+03  9.17290952e+01 
 1.47910839e+03  3.95092141e+01  1.47910839e+03  9.16934145e+01 
 1.51356125e+03  3.93093724e+01  1.51356125e+03  9.16586299e+01 
 1.54881662e+03  3.91095239e+01  1.54881662e+03  9.16247231e+01 
 1.58489319e+03  3.89096690e+01  1.58489319e+03  9.15916762e+01 
 1.62181010e+03  3.87098079e+01  1.62181010e+03  9.15594717e+01 
 1.65958691e+03  3.85099411e+01  1.65958691e+03  9.15280927e+01 
 1.69824365e+03  3.83100688e+01  1.69824365e+03  9.14975227e+01 
 1.73780083e+03  3.81101912e+01  1.73780083e+03  9.14677454e+01 
 1.77827941e+03  3.79103086e+01  1.77827941e+03  9.14387453e+01 
 1.81970086e+03  3.77104212e+01  1.81970086e+03  9.14105070e+01 
 1.86208714e+03  3.75105293e+01  1.86208714e+03  9.13830156e+01 
 1.90546072e+03  3.73106332e+01  1.90546072e+03  9.13562565e+01 
 1.94984460e+03  3.71107330e+01  1.94984460e+03  9.13302157e+01 
 1.99526231e+03  3.69108289e+01  1.99526231e+03  9.13048794e+01 
 2.04173794e+03  3.67109212e+01  2.04173794e+03  9.12802343e+01 
 2.08929613e+03  3.65110101e+01  2.08929613e+03  9.12562672e+01 
 2.13796209e+03  3.63110957e+01  2.13796209e+03  9.12329656e+01 
 2.18776162e+03  3.61111782e+01  2.18776162e+03  9.12103170e+01 
 2.23872114e+03  3.59112578e+01  2.23872114e+03  9.11883097e+01 
 2.29086765e+03  3.57113346e+01  2.29086765e+03  9.11669318e+01 
 2.34422882e+03  3.55114089e+01  2.34422882e+03  9.11461722e+01 
 2.39883292e+03  3.53114808e+01  2.39883292e+03  9.11260198e+01 
 2.45470892e+03  3.51115504e+01  2.45470892e+03  9.11064640e+01 
 2.51188643e+03  3.49116178e+01  2.51188643e+03  9.10874944e+01 
 2.57039578e+03  3.47116833e+01  2.57039578e+03  9.10691010e+01 
 2.63026799e+03  3.45117470e+01  2.63026799e+03  9.10512741e+01 
 2.69153480e+03  3.43118090e+01  2.69153480e+03  9.10340042e+01 
 2.75422870e+03  3.41118694e+01  2.75422870e+03  9.10172822e+01 
 2.81838293e+03  3.39119283e+01  2.81838293e+03  9.10010993e+01 
 2.88403150e+03  3.37119860e+01  2.88403150e+03  9.09854469e+01 
 2.95120923e+03  3.35120424e+01  2.95120923e+03  9.09703166e+01 
 3.01995172e+03  3.33120978e+01  3.01995172e+03  9.09557006e+01 
 3.09029543e+03  3.31121522e+01  3.09029543e+03  9.09415910e+01 
 3.16227766e+03  3.29122058e+01  3.16227766e+03  9.09279803e+01 
 3.23593657e+03  3.27122586e+01  3.23593657e+03  9.09148615e+01 
 3.31131121e+03  3.25123108e+01  3.31131121e+03  9.09022275e+01 
 3.38844156e+03  3.23123625e+01  3.38844156e+03  9.08900716e+01 
 3.46736850e+03  3.21124139e+01  3.46736850e+03  9.08783873e+01 
 3.54813389e+03  3.19124649e+01  3.54813389e+03  9.08671686e+01 
 3.63078055e+03  3.17125157e+01  3.63078055e+03  9.08564095e+01 
 3.71535229e+03  3.15125665e+01  3.71535229e+03  9.08461041e+01 
 3.80189396e+03  3.13126173e+01  3.80189396e+03  9.08362472e+01 
 3.89045145e+03  3.11126683e+01  3.89045145e+03  9.08268334e+01 
 3.98107171e+03  3.09127195e+01  3.98107171e+03  9.08178578e+01 
 4.07380278e+03  3.07127711e+01  4.07380278e+03  9.08093156e+01 
 4.16869383e+03  3.05128232e+01  4.16869383e+03  9.08012022e+01 
 4.26579519e+03  3.03128758e+01  4.26579519e+03  9.07935134e+01 
 4.36515832e+03  3.01129291e+01  4.36515832e+03  9.07862451e+01 
 4.46683592e+03  2.99129832e+01  4.46683592e+03  9.07793934e+01 
 4.57088190e+03  2.97130383e+01  4.57088190e+03  9.07729546e+01 
 4.67735141e+03  2.95130943e+01  4.67735141e+03  9.07669254e+01 
 4.78630092e+03  2.93131516e+01  4.78630092e+03  9.07613025e+01 
 4.89778819e+03  2.91132101e+01  4.89778819e+03  9.07560830e+01 
 5.01187234e+03  2.89132700e+01  5.01187234e+03  9.07512641e+01 
 5.12861384e+03  2.87133314e+01  5.12861384e+03  9.07468431e+01 
 5.24807460e+03  2.85133945e+01  5.24807460e+03  9.07428177e+01 
 5.37031796e+03  2.83134594e+01  5.37031796e+03  9.07391859e+01 
 5.49540874e+03  2.81135263e+01  5.49540874e+03  9.07359455e+01 
 5.62341325e+03  2.79135951e+01  5.62341325e+03  9.07330949e+01 
 5.75439937e+03  2.77136663e+01  5.75439937e+03  9.07306326e+01 
 5.88843655e+03  2.75137397e+01  5.88843655e+03  9.07285572e+01 
 6.02559586e+03  2.73138157e+01  6.02559586e+03  9.07268676e+01 
 6.16595002e+03  2.71138944e+01  6.16595002e+03  9.07255628e+01 
 6.30957344e+03  2.69139759e+01  6.30957344e+03  9.07246422e+01 
 6.45654229e+03  2.67140605e+01  6.45654229e+03  9.07241051e+01 
 6.60693448e+03  2.65141483e+01  6.60693448e+03  9.07239513e+01 
 6.76082975e+03  2.63142394e+01  6.76082975e+03  9.07241807e+01 
 6.91830971e+03  2.61143341e+01  6.91830971e+03  9.07247933e+01 
 7.07945784e+03  2.59144327e+01  7.07945784e+03  9.07257894e+01 
 7.24435960e+03  2.57145352e+01  7.24435960e+03  9.07271695e+01 
 7.41310241e+03  2.55146419e+01  7.41310241e+03  9.07289342e+01 
 7.58577575e+03  2.53147530e+01  7.58577575e+03  9.07310844e+01 
 7.76247117e+03  2.51148688e+01  7.76247117e+03  9.07336213e+01 
 7.94328235e+03  2.49149896e+01  7.94328235e+03  9.07365460e+01 
 8.12830516e+03  2.47151155e+01  8.12830516e+03  9.07398600e+01 
 8.31763771e+03  2.45152468e+01  8.31763771e+03  9.07435650e+01 
 8.51138038e+03  2.43153839e+01  8.51138038e+03  9.07476629e+01 
 8.70963590e+03  2.41155270e+01  8.70963590e+03  9.07521558e+01 
 8.91250938e+03  2.39156763e+01  8.91250938e+03  9.07570460e+01 
 9.12010839e+03  2.37158323e+01  9.12010839e+03  9.07623358e+01 
 9.33254301e+03  2.35159953e+01  9.33254301e+03  9.07680281e+01 
 9.54992586e+03  2.33161655e+01  9.54992586e+03  9.07741256e+01 
 9.77237221e+03  2.31163434e+01  9.77237221e+03  9.07806316e+01 
 1.00000000e+04  2.29165294e+01  1.00000000e+04  9.07875492e+01 
 1.02329299e+04  2.27167238e+01  1.02329299e+04  9.07948821e+01 
 1.04712855e+04  2.25169270e+01  1.04712855e+04  9.08026339e+01 
 1.07151931e+04  2.23171395e+01  1.07151931e+04  9.08108086e+01 
 1.09647820e+04  2.21173617e+01  1.09647820e+04  9.08194103e+01 
 1.12201845e+04  2.19175941e+01  1.12201845e+04  9.08284433e+01 
 1.14815362e+04  2.17178371e+01  1.14815362e+04  9.08379123e+01 
 1.17489755e+04  2.15180914e+01  1.17489755e+04  9.08478220e+01 
 1.20226443e+04  2.13183574e+01  1.20226443e+04  9.08581774e+01 
 1.23026877e+04  2.11186357e+01  1.23026877e+04  9.08689837e+01 
 1.25892541e+04  2.09189269e+01  1.25892541e+04  9.08802464e+01 
 1.28824955e+04  2.07192316e+01  1.28824955e+04  9.08919711e+01 
 1.31825674e+04  2.05195504e+01  1.31825674e+04  9.09041638e+01 
 1.34896288e+04  2.03198840e+01  1.34896288e+04  9.09168304e+01 
 1.38038426e+04  2.01202331e+01  1.38038426e+04  9.09299775e+01 
 1.41253754e+04  1.99205985e+01  1.41253754e+04  9.09436114e+01 
 1.44543977e+04  1.97209809e+01  1.44543977e+04  9.09577390e+01 
 1.47910839e+04  1.95213812e+01  1.47910839e+04  9.09723674e+01 
 1.51356125e+04  1.93218001e+01  1.51356125e+04  9.09875037e+01 
 1.54881662e+04  1.91222386e+01  1.54881662e+04  9.10031555e+01 
 1.58489319e+04  1.89226975e+01  1.58489319e+04  9.10193305e+01 
 1.62181010e+04  1.87231779e+01  1.62181010e+04  9.10360365e+01 
 1.65958691e+04  1.85236808e+01  1.65958691e+04  9.10532820e+01 
 1.69824365e+04  1.83242071e+01  1.69824365e+04  9.10710751e+01 
 1.73780083e+04  1.81247581e+01  1.73780083e+04  9.10894247e+01 
 1.77827941e+04  1.79253349e+01  1.77827941e+04  9.11083397e+01 
 1.81970086e+04  1.77259387e+01  1.81970086e+04  9.11278291e+01 
 1.86208714e+04  1.75265707e+01  1.86208714e+04  9.11479024e+01 
 1.90546072e+04  1.73272323e+01  1.90546072e+04  9.11685692e+01 
 1.94984460e+04  1.71279249e+01  1.94984460e+04  9.11898395e+01 
 1.99526231e+04  1.69286499e+01  1.99526231e+04  9.12117233e+01 
 2.04173794e+04  1.67294089e+01  2.04173794e+04  9.12342309e+01 
 2.08929613e+04  1.65302034e+01  2.08929613e+04  9.12573731e+01 
 2.13796209e+04  1.63310351e+01  2.13796209e+04  9.12811607e+01 
 2.18776162e+04  1.61319058e+01  2.18776162e+04  9.13056048e+01 
 2.23872114e+04  1.59328173e+01  2.23872114e+04  9.13307166e+01 
 2.29086765e+04  1.57337714e+01  2.29086765e+04  9.13565078e+01 
 2.34422882e+04  1.55347702e+01  2.34422882e+04  9.13829902e+01 
 2.39883292e+04  1.53358157e+01  2.39883292e+04  9.14101759e+01 
 2.45470892e+04  1.51369102e+01  2.45470892e+04  9.14380771e+01 
 2.51188643e+04  1.49380559e+01  2.51188643e+04  9.14667063e+01 
 2.57039578e+04  1.47392552e+01  2.57039578e+04  9.14960763e+01 
 2.63026799e+04  1.45405106e+01  2.63026799e+04  9.15262001e+01 
 2.69153480e+04  1.43418247e+01  2.69153480e+04  9.15570907e+01 
 2.75422870e+04  1.41432002e+01  2.75422870e+04  9.15887616e+01 
 2.81838293e+04  1.39446400e+01  2.81838293e+04  9.16212263e+01 
 2.88403150e+04  1.37461472e+01  2.88403150e+04  9.16544987e+01 
 2.95120923e+04  1.35477247e+01  2.95120923e+04  9.16885927e+01 
 3.01995172e+04  1.33493759e+01  3.01995172e+04  9.17235224e+01 
 3.09029543e+04  1.31511041e+01  3.09029543e+04  9.17593021e+01 
 3.16227766e+04  1.29529130e+01  3.16227766e+04  9.17959463e+01 
 3.23593657e+04  1.27548063e+01  3.23593657e+04  9.18334696e+01 
 3.31131121e+04  1.25567878e+01  3.31131121e+04  9.18718868e+01 
 3.38844156e+04  1.23588617e+01  3.38844156e+04  9.19112126e+01 
 3.46736850e+04  1.21610321e+01  3.46736850e+04  9.19514620e+01 
 3.54813389e+04  1.19633036e+01  3.54813389e+04  9.19926500e+01 
 3.63078055e+04  1.17656808e+01  3.63078055e+04  9.20347917e+01 
 3.71535229e+04  1.15681685e+01  3.71535229e+04  9.20779021e+01 
 3.80189396e+04  1.13707719e+01  3.80189396e+04  9.21219965e+01 
 3.89045145e+04  1.11734962e+01  3.89045145e+04  9.21670899e+01 
 3.98107171e+04  1.09763469e+01  3.98107171e+04  9.22131973e+01 
 4.07380278e+04  1.07793298e+01  4.07380278e+04  9.22603337e+01 
 4.16869383e+04  1.05824510e+01  4.16869383e+04  9.23085140e+01 
 4.26579519e+04  1.03857167e+01  4.26579519e+04  9.23577529e+01 
 4.36515832e+04  1.01891335e+01  4.36515832e+04  9.24080650e+01 
 4.46683592e+04  9.99270838e+00  4.46683592e+04  9.24594644e+01 
 4.57088190e+04  9.79644836e+00  4.57088190e+04  9.25119653e+01 
 4.67735141e+04  9.60036096e+00  4.67735141e+04  9.25655814e+01 
 4.78630092e+04  9.40445397e+00  4.78630092e+04  9.26203260e+01 
 4.89778819e+04  9.20873551e+00  4.89778819e+04  9.26762119e+01 
 5.01187234e+04  9.01321407e+00  5.01187234e+04  9.27332516e+01 
 5.12861384e+04  8.81789849e+00  5.12861384e+04  9.27914568e+01 
 5.24807460e+04  8.62279796e+00  5.24807460e+04  9.28508389e+01 
 5.37031796e+04  8.42792211e+00  5.37031796e+04  9.29114083e+01 
 5.49540874e+04  8.23328092e+00  5.49540874e+04  9.29731746e+01 
 5.62341325e+04  8.03888483e+00  5.62341325e+04  9.30361468e+01 
 5.75439937e+04  7.84474469e+00  5.75439937e+04  9.31003326e+01 
 5.88843655e+04  7.65087180e+00  5.88843655e+04  9.31657389e+01 
 6.02559586e+04  7.45727793e+00  6.02559586e+04  9.32323712e+01 
 6.16595002e+04  7.26397531e+00  6.16595002e+04  9.33002339e+01 
 6.30957344e+04  7.07097669e+00  6.30957344e+04  9.33693299e+01 
 6.45654229e+04  6.87829531e+00  6.45654229e+04  9.34396606e+01 
 6.60693448e+04  6.68594495e+00  6.60693448e+04  9.35112257e+01 
 6.76082975e+04  6.49393993e+00  6.76082975e+04  9.35840232e+01 
 6.91830971e+04  6.30229511e+00  6.91830971e+04  9.36580488e+01 
 7.07945784e+04  6.11102595e+00  7.07945784e+04  9.37332965e+01 
 7.24435960e+04  5.92014849e+00  7.24435960e+04  9.38097578e+01 
 7.41310241e+04  5.72967938e+00  7.41310241e+04  9.38874216e+01 
 7.58577575e+04  5.53963589e+00  7.58577575e+04  9.39662744e+01 
 7.76247117e+04  5.35003592e+00  7.76247117e+04  9.40462996e+01 
 7.94328235e+04  5.16089805e+00  7.94328235e+04  9.41274776e+01 
 8.12830516e+04  4.97224149e+00  8.12830516e+04  9.42097855e+01 
 8.31763771e+04  4.78408618e+00  8.31763771e+04  9.42931969e+01 
 8.51138038e+04  4.59645271e+00  8.51138038e+04  9.43776815e+01 
 8.70963590e+04  4.40936242e+00  8.70963590e+04  9.44632050e+01 
 8.91250938e+04  4.22283733e+00  8.91250938e+04  9.45497288e+01 
 9.12010839e+04  4.03690024e+00  9.12010839e+04  9.46372095e+01 
 9.33254301e+04  3.85157464e+00  9.33254301e+04  9.47255992e+01 
 9.54992586e+04  3.66688482e+00  9.54992586e+04  9.48148443e+01 
 9.77237221e+04  3.48285580e+00  9.77237221e+04  9.49048860e+01 
 1.00000000e+05  3.29951337e+00  1.00000000e+05  9.49956595e+01 
 1.02329299e+05  3.11688408e+00  1.02329299e+05  9.50870939e+01 
 1.04712855e+05  2.93499526e+00  1.04712855e+05  9.51791114e+01 
 1.07151931e+05  2.75387502e+00  1.07151931e+05  9.52716275e+01 
 1.09647820e+05  2.57355220e+00  1.09647820e+05  9.53645504e+01 
 1.12201845e+05  2.39405644e+00  1.12201845e+05  9.54577803e+01 
 1.14815362e+05  2.21541811e+00  1.14815362e+05  9.55512095e+01 
 1.17489755e+05  2.03766833e+00  1.17489755e+05  9.56447217e+01 
 1.20226443e+05  1.86083895e+00  1.20226443e+05  9.57381914e+01 
 1.23026877e+05  1.68496254e+00  1.23026877e+05  9.58314839e+01 
 1.25892541e+05  1.51007234e+00  1.25892541e+05  9.59244545e+01 
 1.28824955e+05  1.33620228e+00  1.28824955e+05  9.60169483e+01 
 1.31825674e+05  1.16338691e+00  1.31825674e+05  9.61087995e+01 
 1.34896288e+05  9.91661413e-01  1.34896288e+05  9.61998312e+01 
 1.38038426e+05  8.21061509e-01  1.38038426e+05  9.62898548e+01 
 1.41253754e+05  6.51623471e-01  1.41253754e+05  9.63786694e+01 
 1.44543977e+05  4.83384046e-01  1.44543977e+05  9.64660618e+01 
 1.47910839e+05  3.16380420e-01  1.47910839e+05  9.65518055e+01 
 1.51356125e+05  1.50650155e-01  1.51356125e+05  9.66356609e+01 
 1.54881662e+05 -1.37688669e-02  1.54881662e+05  9.67173740e+01 
 1.58489319e+05 -1.76838506e-01  1.58489319e+05  9.67966771e+01 
 1.62181010e+05 -3.38520440e-01  1.62181010e+05  9.68732873e+01 
 1.65958691e+05 -4.98776231e-01  1.65958691e+05  9.69469070e+01 
 1.69824365e+05 -6.57567410e-01  1.69824365e+05  9.70172229e+01 
 1.73780083e+05 -8.14855555e-01  1.73780083e+05  9.70839062e+01 
 1.77827941e+05 -9.70602385e-01  1.77827941e+05  9.71466118e+01 
 1.81970086e+05 -1.12476984e+00  1.81970086e+05  9.72049786e+01 
 1.86208714e+05 -1.27732020e+00  1.86208714e+05  9.72586288e+01 
 1.90546072e+05 -1.42821615e+00  1.90546072e+05  9.73071678e+01 
 1.94984460e+05 -1.57742092e+00  1.94984460e+05  9.73501843e+01 
 1.99526231e+05 -1.72489835e+00  1.99526231e+05  9.73872499e+01 
 2.04173794e+05 -1.87061303e+00  2.04173794e+05  9.74179192e+01 
 2.08929613e+05 -2.01453039e+00  2.08929613e+05  9.74417299e+01 
 2.13796209e+05 -2.15661683e+00  2.13796209e+05  9.74582025e+01 
 2.18776162e+05 -2.29683981e+00  2.18776162e+05  9.74668407e+01 
 2.23872114e+05 -2.43516796e+00  2.23872114e+05  9.74671316e+01 
 2.29086765e+05 -2.57157120e+00  2.29086765e+05  9.74585457e+01 
 2.34422882e+05 -2.70602084e+00  2.34422882e+05  9.74405372e+01 
 2.39883292e+05 -2.83848969e+00  2.39883292e+05  9.74125444e+01 
 2.45470892e+05 -2.96895216e+00  2.45470892e+05  9.73739904e+01 
 2.51188643e+05 -3.09738434e+00  2.51188643e+05  9.73242827e+01 
 2.57039578e+05 -3.22376411e+00  2.57039578e+05  9.72628147e+01 
 2.63026799e+05 -3.34807123e+00  2.63026799e+05  9.71889655e+01 
 2.69153480e+05 -3.47028739e+00  2.69153480e+05  9.71021011e+01 
 2.75422870e+05 -3.59039631e+00  2.75422870e+05  9.70015744e+01 
 2.81838293e+05 -3.70838379e+00  2.81838293e+05  9.68867265e+01 
 2.88403150e+05 -3.82423775e+00  2.88403150e+05  9.67568870e+01 
 2.95120923e+05 -3.93794829e+00  2.95120923e+05  9.66113751e+01 
 3.01995172e+05 -4.04950772e+00  3.01995172e+05  9.64495003e+01 
 3.09029543e+05 -4.15891057e+00  3.09029543e+05  9.62705630e+01 
 3.16227766e+05 -4.26615363e+00  3.16227766e+05  9.60738554e+01 
 3.23593657e+05 -4.37123589e+00  3.23593657e+05  9.58586629e+01 
 3.31131121e+05 -4.47415859e+00  3.31131121e+05  9.56242639e+01 
 3.38844156e+05 -4.57492516e+00  3.38844156e+05  9.53699315e+01 
 3.46736850e+05 -4.67354117e+00  3.46736850e+05  9.50949342e+01 
 3.54813389e+05 -4.77001432e+00  3.54813389e+05  9.47985361e+01 
 3.63078055e+05 -4.86435433e+00  3.63078055e+05  9.44799983e+01 
 3.71535229e+05 -4.95657291e+00  3.71535229e+05  9.41385794e+01 
 3.80189396e+05 -5.04668364e+00  3.80189396e+05  9.37735360e+01 
 3.89045145e+05 -5.13470188e+00  3.89045145e+05  9.33841235e+01 
 3.98107171e+05 -5.22064470e+00  3.98107171e+05  9.29695965e+01 
 4.07380278e+05 -5.30453071e+00  4.07380278e+05  9.25292093e+01 
 4.16869383e+05 -5.38637997e+00  4.16869383e+05  9.20622164e+01 
 4.26579519e+05 -5.46621386e+00  4.26579519e+05  9.15678723e+01 
 4.36515832e+05 -5.54405494e+00  4.36515832e+05  9.10454322e+01 
 4.46683592e+05 -5.61992682e+00  4.46683592e+05  9.04941516e+01 
 4.57088190e+05 -5.69385399e+00  4.57088190e+05  8.99132864e+01 
 4.67735141e+05 -5.76586171e+00  4.67735141e+05  8.93020927e+01 
 4.78630092e+05 -5.83597586e+00  4.78630092e+05  8.86598262e+01 
 4.89778819e+05 -5.90422279e+00  4.89778819e+05  8.79857418e+01 
 5.01187234e+05 -5.97062921e+00  5.01187234e+05  8.72790929e+01 
 5.12861384e+05 -6.03522205e+00  5.12861384e+05  8.65391305e+01 
 5.24807460e+05 -6.09802835e+00  5.24807460e+05  8.57651019e+01 
 5.37031796e+05 -6.15907519e+00  5.37031796e+05  8.49562499e+01 
 5.49540874e+05 -6.21838956e+00  5.49540874e+05  8.41118108e+01 
 5.62341325e+05 -6.27599837e+00  5.62341325e+05  8.32310131e+01 
 5.75439937e+05 -6.33192833e+00  5.75439937e+05  8.23130753e+01 
 5.88843655e+05 -6.38620607e+00  5.88843655e+05  8.13572039e+01 
 6.02559586e+05 -6.43885806e+00  6.02559586e+05  8.03625909e+01 
 6.16595002e+05 -6.48991077e+00  6.16595002e+05  7.93284115e+01 
 6.30957344e+05 -6.53939078e+00  6.30957344e+05  7.82538205e+01 
 6.45654229e+05 -6.58732493e+00  6.45654229e+05  7.71379498e+01 
 6.60693448e+05 -6.63374064e+00  6.60693448e+05  7.59799048e+01 
 6.76082975e+05 -6.67866618e+00  6.76082975e+05  7.47787606e+01 
 6.91830971e+05 -6.72213112e+00  6.91830971e+05  7.35335581e+01 
 7.07945784e+05 -6.76416681e+00  7.07945784e+05  7.22432999e+01 
 7.24435960e+05 -6.80480704e+00  7.24435960e+05  7.09069459e+01 
 7.41310241e+05 -6.84408873e+00  7.41310241e+05  6.95234088e+01 
 7.58577575e+05 -6.88205289e+00  7.58577575e+05  6.80915490e+01 
 7.76247117e+05 -6.91874559e+00  7.76247117e+05  6.66101705e+01 
 7.94328235e+05 -6.95421922e+00  7.94328235e+05  6.50780152e+01 
 8.12830516e+05 -6.98853394e+00  8.12830516e+05  6.34937588e+01 
 8.31763771e+05 -7.02175925e+00  8.31763771e+05  6.18560059e+01 
 8.51138038e+05 -7.05397594e+00  8.51138038e+05  6.01632858e+01 
 8.70963590e+05 -7.08527823e+00  8.70963590e+05  5.84140492e+01 
 8.91250938e+05 -7.11577622e+00  8.91250938e+05  5.66066645e+01 
 9.12010839e+05 -7.14559864e+00  9.12010839e+05  5.47394170e+01 
 9.33254301e+05 -7.17489599e+00  9.33254301e+05  5.28105080e+01 
 9.54992586e+05 -7.20384403e+00  9.54992586e+05  5.08180564e+01 
 9.77237221e+05 -7.23264756e+00  9.77237221e+05  4.87601031e+01 
 1.00000000e+06 -7.26154468e+00  1.00000000e+06  4.66346178e+01 
 1.02329299e+06 -7.29081139e+00  1.02329299e+06  4.44395100e+01 
 1.04712855e+06 -7.32076647e+00  1.04712855e+06  4.21726446e+01 
 1.07151931e+06 -7.35177667e+00  1.07151931e+06  3.98318629e+01 
 1.09647820e+06 -7.38426214e+00  1.09647820e+06  3.74150104e+01 
 1.12201845e+06 -7.41870184e+00  1.12201845e+06  3.49199723e+01 
 1.14815362e+06 -7.45563888e+00  1.14815362e+06  3.23447175e+01 
 1.17489755e+06 -7.49568548e+00  1.17489755e+06  2.96873528e+01 
 1.20226443e+06 -7.53952730e+00  1.20226443e+06  2.69461875e+01 
 1.23026877e+06 -7.58792662e+00  1.23026877e+06  2.41198099e+01 
 1.25892541e+06 -7.64172409e+00  1.25892541e+06  2.12071741e+01 
 1.28824955e+06 -7.70183842e+00  1.28824955e+06  1.82076989e+01 
 1.31825674e+06 -7.76926331e+00  1.31825674e+06  1.51213754e+01 
 1.34896288e+06 -7.84506129e+00  1.34896288e+06  1.19488811e+01 
 1.38038426e+06 -7.93035364e+00  1.38038426e+06  8.69169666e+00 
 1.41253754e+06 -8.02630597e+00  1.41253754e+06  5.35222035e+00 
 1.44543977e+06 -8.13410930e+00  1.44543977e+06  1.93387142e+00 
 1.47910839e+06 -8.25495637e+00  1.47910839e+06 -1.55882416e+00 
 1.51356125e+06 -8.39001382e+00  1.51356125e+06 -5.12017571e+00 
 1.54881662e+06 -8.54039071e+00  1.54881662e+06 -8.74330639e+00 
 1.58489319e+06 -8.70710496e+00  1.58489319e+06 -1.24201764e+01 
 1.62181010e+06 -8.89104922e+00  1.62181010e+06 -1.61416569e+01 
 1.65958691e+06 -9.09295828e+00  1.65958691e+06 -1.98976569e+01 
 1.69824365e+06 -9.31338037e+00  1.69824365e+06 -2.36773015e+01 
 1.73780083e+06 -9.55265434e+00  1.73780083e+06 -2.74691553e+01 
 1.77827941e+06 -9.81089479e+00  1.77827941e+06 -3.12614786e+01 
 1.81970086e+06 -1.00879861e+01  1.81970086e+06 -3.50425039e+01 
 1.86208714e+06 -1.03835865e+01  1.86208714e+06 -3.88007126e+01 
 1.90546072e+06 -1.06971405e+01  1.90546072e+06 -4.25250979e+01 
 1.94984460e+06 -1.10279008e+01  1.94984460e+06 -4.62053961e+01 
 1.99526231e+06 -1.13749555e+01  1.99526231e+06 -4.98322757e+01 
 2.04173794e+06 -1.17372603e+01  2.04173794e+06 -5.33974755e+01 
 2.08929613e+06 -1.21136726e+01  2.08929613e+06 -5.68938895e+01 
 2.13796209e+06 -1.25029852e+01  2.13796209e+06 -6.03155999e+01 
 2.18776162e+06 -1.29039587e+01  2.18776162e+06 -6.36578642e+01 
 2.23872114e+06 -1.33153502e+01  2.23872114e+06 -6.69170620e+01 
 2.29086765e+06 -1.37359380e+01  2.29086765e+06 -7.00906133e+01 
 2.34422882e+06 -1.41645416e+01  2.34422882e+06 -7.31768755e+01 
 2.39883292e+06 -1.46000368e+01  2.39883292e+06 -7.61750283e+01 
 2.45470892e+06 -1.50413668e+01  2.45470892e+06 -7.90849544e+01 
 2.51188643e+06 -1.54875489e+01  2.51188643e+06 -8.19071210e+01 
 2.57039578e+06 -1.59376776e+01  2.57039578e+06 -8.46424676e+01 
 2.63026799e+06 -1.63909253e+01  2.63026799e+06 -8.72923029e+01 
 2.69153480e+06 -1.68465402e+01  2.69153480e+06 -8.98582116e+01 
 2.75422870e+06 -1.73038429e+01  2.75422870e+06 -9.23419744e+01 
 2.81838293e+06 -1.77622214e+01  2.81838293e+06 -9.47454980e+01 
 2.88403150e+06 -1.82211254e+01  2.88403150e+06 -9.70707588e+01 
 2.95120923e+06 -1.86800600e+01  2.95120923e+06 -9.93197554e+01 
 3.01995172e+06 -1.91385794e+01  3.01995172e+06 -1.01494473e+02 
 3.09029543e+06 -1.95962801e+01  3.09029543e+06 -1.03596855e+02 
 3.16227766e+06 -2.00527946e+01  3.16227766e+06 -1.05628786e+02 
 3.23593657e+06 -2.05077854e+01  3.23593657e+06 -1.07592078e+02 
 3.31131121e+06 -2.09609390e+01  3.31131121e+06 -1.09488465e+02 
 3.38844156e+06 -2.14119608e+01  3.38844156e+06 -1.11319605e+02 
 3.46736850e+06 -2.18605702e+01  3.46736850e+06 -1.13087088e+02 
 3.54813389e+06 -2.23064965e+01  3.54813389e+06 -1.14792440e+02 
 3.63078055e+06 -2.27494750e+01  3.63078055e+06 -1.16437140e+02 
 3.71535229e+06 -2.31892447e+01  3.71535229e+06 -1.18022639e+02 
 3.80189396e+06 -2.36255461e+01  3.80189396e+06 -1.19550373e+02 
 3.89045145e+06 -2.40581196e+01  3.89045145e+06 -1.21021790e+02 
 3.98107171e+06 -2.44867055e+01  3.98107171e+06 -1.22438363e+02 
 4.07380278e+06 -2.49110439e+01  4.07380278e+06 -1.23801616e+02 
 4.16869383e+06 -2.53308763e+01  4.16869383e+06 -1.25113137e+02 
 4.26579519e+06 -2.57459470e+01  4.26579519e+06 -1.26374597e+02 
 4.36515832e+06 -2.61560057e+01  4.36515832e+06 -1.27587762e+02 
 4.46683592e+06 -2.65608107e+01  4.46683592e+06 -1.28754495e+02 
 4.57088190e+06 -2.69601316e+01  4.57088190e+06 -1.29876766e+02 
 4.67735141e+06 -2.73537533e+01  4.67735141e+06 -1.30956643e+02 
 4.78630092e+06 -2.77414789e+01  4.78630092e+06 -1.31996288e+02 
 4.89778819e+06 -2.81231328e+01  4.89778819e+06 -1.32997939e+02 
 5.01187234e+06 -2.84985637e+01  5.01187234e+06 -1.33963893e+02 
 5.12861384e+06 -2.88676461e+01  5.12861384e+06 -1.34896486e+02 
 5.24807460e+06 -2.92302821e+01  5.24807460e+06 -1.35798065e+02 
 5.37031796e+06 -2.95864016e+01  5.37031796e+06 -1.36670965e+02 
 5.49540874e+06 -2.99359625e+01  5.49540874e+06 -1.37517479e+02 
 5.62341325e+06 -3.02789490e+01  5.62341325e+06 -1.38339834e+02 
 5.75439937e+06 -3.06153706e+01  5.75439937e+06 -1.39140169e+02 
 5.88843655e+06 -3.09452594e+01  5.88843655e+06 -1.39920513e+02 
 6.02559586e+06 -3.12686676e+01  6.02559586e+06 -1.40682769e+02 
 6.16595002e+06 -3.15856644e+01  6.16595002e+06 -1.41428704e+02 
 6.30957344e+06 -3.18963331e+01  6.30957344e+06 -1.42159937e+02 
 6.45654229e+06 -3.22007675e+01  6.45654229e+06 -1.42877938e+02 
 6.60693448e+06 -3.24990696e+01  6.60693448e+06 -1.43584025e+02 
 6.76082975e+06 -3.27913462e+01  6.76082975e+06 -1.44279372e+02 
 6.91830971e+06 -3.30777067e+01  6.91830971e+06 -1.44965009e+02 
 7.07945784e+06 -3.33582610e+01  7.07945784e+06 -1.45641833e+02 
 7.24435960e+06 -3.36331176e+01  7.24435960e+06 -1.46310618e+02 
 7.41310241e+06 -3.39023825e+01  7.41310241e+06 -1.46972023e+02 
 7.58577575e+06 -3.41661577e+01  7.58577575e+06 -1.47626608e+02 
 7.76247117e+06 -3.44245408e+01  7.76247117e+06 -1.48274838e+02 
 7.94328235e+06 -3.46776246e+01  7.94328235e+06 -1.48917100e+02 
 8.12830516e+06 -3.49254967e+01  8.12830516e+06 -1.49553710e+02 
 8.31763771e+06 -3.51682397e+01  8.31763771e+06 -1.50184926e+02 
 8.51138038e+06 -3.54059315e+01  8.51138038e+06 -1.50810951e+02 
 8.70963590e+06 -3.56386456e+01  8.70963590e+06 -1.51431947e+02 
 8.91250938e+06 -3.58664513e+01  8.91250938e+06 -1.52048039e+02 
 9.12010839e+06 -3.60894147e+01  9.12010839e+06 -1.52659321e+02 
 9.33254301e+06 -3.63075989e+01  9.33254301e+06 -1.53265863e+02 
 9.54992586e+06 -3.65210644e+01  9.54992586e+06 -1.53867714e+02 
 9.77237221e+06 -3.67298703e+01  9.77237221e+06 -1.54464904e+02 
 1.00000000e+07 -3.69340744e+01  1.00000000e+07 -1.55057452e+02 
 1.02329299e+07 -3.71337336e+01  1.02329299e+07 -1.55645364e+02 
 1.04712855e+07 -3.73289047e+01  1.04712855e+07 -1.56228636e+02 
 1.07151931e+07 -3.75196450e+01  1.07151931e+07 -1.56807259e+02 
 1.09647820e+07 -3.77060119e+01  1.09647820e+07 -1.57381214e+02 
 1.12201845e+07 -3.78880642e+01  1.12201845e+07 -1.57950478e+02 
 1.14815362e+07 -3.80658618e+01  1.14815362e+07 -1.58515022e+02 
 1.17489755e+07 -3.82394660e+01  1.17489755e+07 -1.59074815e+02 
 1.20226443e+07 -3.84089400e+01  1.20226443e+07 -1.59629818e+02 
 1.23026877e+07 -3.85743486e+01  1.23026877e+07 -1.60179990e+02 
 1.25892541e+07 -3.87357586e+01  1.25892541e+07 -1.60725285e+02 
 1.28824955e+07 -3.88932390e+01  1.28824955e+07 -1.61265656e+02 
 1.31825674e+07 -3.90468604e+01  1.31825674e+07 -1.61801047e+02 
 1.34896288e+07 -3.91966957e+01  1.34896288e+07 -1.62331402e+02 
 1.38038426e+07 -3.93428195e+01  1.38038426e+07 -1.62856659e+02 
 1.41253754e+07 -3.94853085e+01  1.41253754e+07 -1.63376752e+02 
 1.44543977e+07 -3.96242410e+01  1.44543977e+07 -1.63891612e+02 
 1.47910839e+07 -3.97596968e+01  1.47910839e+07 -1.64401163e+02 
 1.51356125e+07 -3.98917572e+01  1.51356125e+07 -1.64905327e+02 
 1.54881662e+07 -4.00205048e+01  1.54881662e+07 -1.65404021e+02 
 1.58489319e+07 -4.01460234e+01  1.58489319e+07 -1.65897156e+02 
 1.62181010e+07 -4.02683975e+01  1.62181010e+07 -1.66384641e+02 
 1.65958691e+07 -4.03877123e+01  1.65958691e+07 -1.66866378e+02 
 1.69824365e+07 -4.05040535e+01  1.69824365e+07 -1.67342265e+02 
 1.73780083e+07 -4.06175069e+01  1.73780083e+07 -1.67812198e+02 
 1.77827941e+07 -4.07281585e+01  1.77827941e+07 -1.68276065e+02 
 1.81970086e+07 -4.08360939e+01  1.81970086e+07 -1.68733753e+02 
 1.86208714e+07 -4.09413983e+01  1.86208714e+07 -1.69185143e+02 
 1.90546072e+07 -4.10441560e+01  1.90546072e+07 -1.69630112e+02 
 1.94984460e+07 -4.11444506e+01  1.94984460e+07 -1.70068535e+02 
 1.99526231e+07 -4.12423645e+01  1.99526231e+07 -1.70500282e+02 
 2.04173794e+07 -4.13379784e+01  2.04173794e+07 -1.70925221e+02 
 2.08929613e+07 -4.14313717e+01  2.08929613e+07 -1.71343215e+02 
 2.13796209e+07 -4.15226219e+01  2.13796209e+07 -1.71754127e+02 
 2.18776162e+07 -4.16118045e+01  2.18776162e+07 -1.72157817e+02 
 2.23872114e+07 -4.16989926e+01  2.23872114e+07 -1.72554143e+02 
 2.29086765e+07 -4.17842570e+01  2.29086765e+07 -1.72942961e+02 
 2.34422882e+07 -4.18676660e+01  2.34422882e+07 -1.73324129e+02 
 2.39883292e+07 -4.19492851e+01  2.39883292e+07 -1.73697501e+02 
 2.45470892e+07 -4.20291769e+01  2.45470892e+07 -1.74062936e+02 
 2.51188643e+07 -4.21074009e+01  2.51188643e+07 -1.74420290e+02 
 2.57039578e+07 -4.21840136e+01  2.57039578e+07 -1.74769423e+02 
 2.63026799e+07 -4.22590681e+01  2.63026799e+07 -1.75110197e+02 
 2.69153480e+07 -4.23326143e+01  2.69153480e+07 -1.75442478e+02 
 2.75422870e+07 -4.24046986e+01  2.75422870e+07 -1.75766136e+02 
 2.81838293e+07 -4.24753638e+01  2.81838293e+07 -1.76081044e+02 
 2.88403150e+07 -4.25446494e+01  2.88403150e+07 -1.76387084e+02 
 2.95120923e+07 -4.26125912e+01  2.95120923e+07 -1.76684143e+02 
 3.01995172e+07 -4.26792216e+01  3.01995172e+07 -1.76972116e+02 
 3.09029543e+07 -4.27445691e+01  3.09029543e+07 -1.77250907e+02 
 3.16227766e+07 -4.28086591e+01  3.16227766e+07 -1.77520429e+02 
 3.23593657e+07 -4.28715133e+01  3.23593657e+07 -1.77780606e+02 
 3.31131121e+07 -4.29331499e+01  3.31131121e+07 -1.78031373e+02 
 3.38844156e+07 -4.29935839e+01  3.38844156e+07 -1.78272678e+02 
 3.46736850e+07 -4.30528271e+01  3.46736850e+07 -1.78504483e+02 
 3.54813389e+07 -4.31108880e+01  3.54813389e+07 -1.78726763e+02 
 3.63078055e+07 -4.31677723e+01  3.63078055e+07 -1.78939509e+02 
 3.71535229e+07 -4.32234826e+01  3.71535229e+07 -1.79142728e+02 
 3.80189396e+07 -4.32780190e+01  3.80189396e+07 -1.79336442e+02 
 3.89045145e+07 -4.33313790e+01  3.89045145e+07 -1.79520692e+02 
 3.98107171e+07 -4.33835578e+01  3.98107171e+07 -1.79695538e+02 
 4.07380278e+07 -4.34345484e+01  4.07380278e+07 -1.79861057e+02 
 4.16869383e+07 -4.34843420e+01  4.16869383e+07  1.79982656e+02 
 4.26579519e+07 -4.35329280e+01  4.26579519e+07  1.79835483e+02 
 4.36515832e+07 -4.35802942e+01  4.36515832e+07  1.79697290e+02 
 4.46683592e+07 -4.36264275e+01  4.46683592e+07  1.79567919e+02 
 4.57088190e+07 -4.36713134e+01  4.57088190e+07  1.79447197e+02 
 4.67735141e+07 -4.37149369e+01  4.67735141e+07  1.79334925e+02 
 4.78630092e+07 -4.37572823e+01  4.78630092e+07  1.79230888e+02 
 4.89778819e+07 -4.37983339e+01  4.89778819e+07  1.79134850e+02 
 5.01187234e+07 -4.38380756e+01  5.01187234e+07  1.79046555e+02 
 5.12861384e+07 -4.38764919e+01  5.12861384e+07  1.78965727e+02 
 5.24807460e+07 -4.39135674e+01  5.24807460e+07  1.78892074e+02 
 5.37031796e+07 -4.39492877e+01  5.37031796e+07  1.78825282e+02 
 5.49540874e+07 -4.39836392e+01  5.49540874e+07  1.78765023e+02 
 5.62341325e+07 -4.40166094e+01  5.62341325e+07  1.78710949e+02 
 5.75439937e+07 -4.40481872e+01  5.75439937e+07  1.78662700e+02 
 5.88843655e+07 -4.40783632e+01  5.88843655e+07  1.78619898e+02 
 6.02559586e+07 -4.41071296e+01  6.02559586e+07  1.78582151e+02 
 6.16595002e+07 -4.41344805e+01  6.16595002e+07  1.78549057e+02 
 6.30957344e+07 -4.41604125e+01  6.30957344e+07  1.78520200e+02 
 6.45654229e+07 -4.41849240e+01  6.45654229e+07  1.78495155e+02 
 6.60693448e+07 -4.42080162e+01  6.60693448e+07  1.78473486e+02 
 6.76082975e+07 -4.42296926e+01  6.76082975e+07  1.78454752e+02 
 6.91830971e+07 -4.42499597e+01  6.91830971e+07  1.78438505e+02 
 7.07945784e+07 -4.42688264e+01  7.07945784e+07  1.78424290e+02 
 7.24435960e+07 -4.42863048e+01  7.24435960e+07  1.78411653e+02 
 7.41310241e+07 -4.43024097e+01  7.41310241e+07  1.78400134e+02 
 7.58577575e+07 -4.43171590e+01  7.58577575e+07  1.78389275e+02 
 7.76247117e+07 -4.43305736e+01  7.76247117e+07  1.78378619e+02 
 7.94328235e+07 -4.43426775e+01  7.94328235e+07  1.78367713e+02 
 8.12830516e+07 -4.43534975e+01  8.12830516e+07  1.78356106e+02 
 8.31763771e+07 -4.43630636e+01  8.31763771e+07  1.78343356e+02 
 8.51138038e+07 -4.43714087e+01  8.51138038e+07  1.78329025e+02 
 8.70963590e+07 -4.43785686e+01  8.70963590e+07  1.78312689e+02 
 8.91250938e+07 -4.43845821e+01  8.91250938e+07  1.78293929e+02 
 9.12010839e+07 -4.43894903e+01  9.12010839e+07  1.78272343e+02 
 9.33254301e+07 -4.43933374e+01  9.33254301e+07  1.78247538e+02 
 9.54992586e+07 -4.43961699e+01  9.54992586e+07  1.78219139e+02 
 9.77237221e+07 -4.43980364e+01  9.77237221e+07  1.78186785e+02 
 1.00000000e+08 -4.43989881e+01  1.00000000e+08  1.78150132e+02 
