 1.00000000e+00  8.14846654e+01  1.00000000e+00  1.78384688e+02 
 1.02329299e+00  8.14842749e+01  1.02329299e+00  1.78350482e+02 
 1.04712855e+00  8.14838847e+01  1.04712855e+00  1.78315461e+02 
 1.07151931e+00  8.14834945e+01  1.07151931e+00  1.78279604e+02 
 1.09647820e+00  8.14831038e+01  1.09647820e+00  1.78242889e+02 
 1.12201845e+00  8.14827122e+01  1.12201845e+00  1.78205296e+02 
 1.14815362e+00  8.14823193e+01  1.14815362e+00  1.78166801e+02 
 1.17489755e+00  8.14819246e+01  1.17489755e+00  1.78127382e+02 
 1.20226443e+00  8.14815276e+01  1.20226443e+00  1.78087017e+02 
 1.23026877e+00  8.14811278e+01  1.23026877e+00  1.78045681e+02 
 1.25892541e+00  8.14807246e+01  1.25892541e+00  1.78003353e+02 
 1.28824955e+00  8.14803175e+01  1.28824955e+00  1.77960006e+02 
 1.31825674e+00  8.14799058e+01  1.31825674e+00  1.77915616e+02 
 1.34896288e+00  8.14794890e+01  1.34896288e+00  1.77870159e+02 
 1.38038426e+00  8.14790663e+01  1.38038426e+00  1.77823609e+02 
 1.41253754e+00  8.14786371e+01  1.41253754e+00  1.77775939e+02 
 1.44543977e+00  8.14782006e+01  1.44543977e+00  1.77727123e+02 
 1.47910839e+00  8.14777562e+01  1.47910839e+00  1.77677134e+02 
 1.51356125e+00  8.14773031e+01  1.51356125e+00  1.77625944e+02 
 1.54881662e+00  8.14768404e+01  1.54881662e+00  1.77573525e+02 
 1.58489319e+00  8.14763673e+01  1.58489319e+00  1.77519848e+02 
 1.62181010e+00  8.14758830e+01  1.62181010e+00  1.77464884e+02 
 1.65958691e+00  8.14753866e+01  1.65958691e+00  1.77408602e+02 
 1.69824365e+00  8.14748771e+01  1.69824365e+00  1.77350973e+02 
 1.73780083e+00  8.14743535e+01  1.73780083e+00  1.77291965e+02 
 1.77827941e+00  8.14738149e+01  1.77827941e+00  1.77231547e+02 
 1.81970086e+00  8.14732602e+01  1.81970086e+00  1.77169685e+02 
 1.86208714e+00  8.14726884e+01  1.86208714e+00  1.77106346e+02 
 1.90546072e+00  8.14720982e+01  1.90546072e+00  1.77041497e+02 
 1.94984460e+00  8.14714886e+01  1.94984460e+00  1.76975104e+02 
 1.99526231e+00  8.14708583e+01  1.99526231e+00  1.76907130e+02 
 2.04173794e+00  8.14702060e+01  2.04173794e+00  1.76837540e+02 
 2.08929613e+00  8.14695304e+01  2.08929613e+00  1.76766297e+02 
 2.13796209e+00  8.14688302e+01  2.13796209e+00  1.76693364e+02 
 2.18776162e+00  8.14681039e+01  2.18776162e+00  1.76618701e+02 
 2.23872114e+00  8.14673500e+01  2.23872114e+00  1.76542271e+02 
 2.29086765e+00  8.14665671e+01  2.29086765e+00  1.76464032e+02 
 2.34422882e+00  8.14657534e+01  2.34422882e+00  1.76383944e+02 
 2.39883292e+00  8.14649074e+01  2.39883292e+00  1.76301965e+02 
 2.45470892e+00  8.14640272e+01  2.45470892e+00  1.76218053e+02 
 2.51188643e+00  8.14631111e+01  2.51188643e+00  1.76132164e+02 
 2.57039578e+00  8.14621571e+01  2.57039578e+00  1.76044254e+02 
 2.63026799e+00  8.14611633e+01  2.63026799e+00  1.75954277e+02 
 2.69153480e+00  8.14601276e+01  2.69153480e+00  1.75862186e+02 
 2.75422870e+00  8.14590479e+01  2.75422870e+00  1.75767936e+02 
 2.81838293e+00  8.14579219e+01  2.81838293e+00  1.75671476e+02 
 2.88403150e+00  8.14567474e+01  2.88403150e+00  1.75572759e+02 
 2.95120923e+00  8.14555217e+01  2.95120923e+00  1.75471733e+02 
 3.01995172e+00  8.14542425e+01  3.01995172e+00  1.75368347e+02 
 3.09029543e+00  8.14529071e+01  3.09029543e+00  1.75262549e+02 
 3.16227766e+00  8.14515126e+01  3.16227766e+00  1.75154285e+02 
 3.23593657e+00  8.14500562e+01  3.23593657e+00  1.75043501e+02 
 3.31131121e+00  8.14485349e+01  3.31131121e+00  1.74930141e+02 
 3.38844156e+00  8.14469455e+01  3.38844156e+00  1.74814148e+02 
 3.46736850e+00  8.14452847e+01  3.46736850e+00  1.74695463e+02 
 3.54813389e+00  8.14435491e+01  3.54813389e+00  1.74574029e+02 
 3.63078055e+00  8.14417352e+01  3.63078055e+00  1.74449784e+02 
 3.71535229e+00  8.14398390e+01  3.71535229e+00  1.74322668e+02 
 3.80189396e+00  8.14378568e+01  3.80189396e+00  1.74192616e+02 
 3.89045145e+00  8.14357844e+01  3.89045145e+00  1.74059567e+02 
 3.98107171e+00  8.14336177e+01  3.98107171e+00  1.73923453e+02 
 4.07380278e+00  8.14313520e+01  4.07380278e+00  1.73784210e+02 
 4.16869383e+00  8.14289828e+01  4.16869383e+00  1.73641770e+02 
 4.26579519e+00  8.14265052e+01  4.26579519e+00  1.73496063e+02 
 4.36515832e+00  8.14239141e+01  4.36515832e+00  1.73347019e+02 
 4.46683592e+00  8.14212042e+01  4.46683592e+00  1.73194568e+02 
 4.57088190e+00  8.14183700e+01  4.57088190e+00  1.73038637e+02 
 4.67735141e+00  8.14154057e+01  4.67735141e+00  1.72879152e+02 
 4.78630092e+00  8.14123053e+01  4.78630092e+00  1.72716037e+02 
 4.89778819e+00  8.14090625e+01  4.89778819e+00  1.72549217e+02 
 5.01187234e+00  8.14056706e+01  5.01187234e+00  1.72378614e+02 
 5.12861384e+00  8.14021229e+01  5.12861384e+00  1.72204150e+02 
 5.24807460e+00  8.13984122e+01  5.24807460e+00  1.72025743e+02 
 5.37031796e+00  8.13945309e+01  5.37031796e+00  1.71843313e+02 
 5.49540874e+00  8.13904714e+01  5.49540874e+00  1.71656778e+02 
 5.62341325e+00  8.13862254e+01  5.62341325e+00  1.71466053e+02 
 5.75439937e+00  8.13817845e+01  5.75439937e+00  1.71271054e+02 
 5.88843655e+00  8.13771399e+01  5.88843655e+00  1.71071696e+02 
 6.02559586e+00  8.13722822e+01  6.02559586e+00  1.70867890e+02 
 6.16595002e+00  8.13672019e+01  6.16595002e+00  1.70659548e+02 
 6.30957344e+00  8.13618889e+01  6.30957344e+00  1.70446583e+02 
 6.45654229e+00  8.13563329e+01  6.45654229e+00  1.70228902e+02 
 6.60693448e+00  8.13505228e+01  6.60693448e+00  1.70006416e+02 
 6.76082975e+00  8.13444473e+01  6.76082975e+00  1.69779032e+02 
 6.91830971e+00  8.13380947e+01  6.91830971e+00  1.69546658e+02 
 7.07945784e+00  8.13314526e+01  7.07945784e+00  1.69309199e+02 
 7.24435960e+00  8.13245082e+01  7.24435960e+00  1.69066561e+02 
 7.41310241e+00  8.13172481e+01  7.41310241e+00  1.68818650e+02 
 7.58577575e+00  8.13096586e+01  7.58577575e+00  1.68565370e+02 
 7.76247117e+00  8.13017250e+01  7.76247117e+00  1.68306625e+02 
 7.94328235e+00  8.12934325e+01  7.94328235e+00  1.68042319e+02 
 8.12830516e+00  8.12847654e+01  8.12830516e+00  1.67772355e+02 
 8.31763771e+00  8.12757075e+01  8.31763771e+00  1.67496637e+02 
 8.51138038e+00  8.12662419e+01  8.51138038e+00  1.67215067e+02 
 8.70963590e+00  8.12563512e+01  8.70963590e+00  1.66927551e+02 
 8.91250938e+00  8.12460172e+01  8.91250938e+00  1.66633990e+02 
 9.12010839e+00  8.12352210e+01  9.12010839e+00  1.66334291e+02 
 9.33254301e+00  8.12239431e+01  9.33254301e+00  1.66028357e+02 
 9.54992586e+00  8.12121632e+01  9.54992586e+00  1.65716094e+02 
 9.77237221e+00  8.11998604e+01  9.77237221e+00  1.65397410e+02 
 1.00000000e+01  8.11870129e+01  1.00000000e+01  1.65072211e+02 
 1.02329299e+01  8.11735982e+01  1.02329299e+01  1.64740407e+02 
 1.04712855e+01  8.11595929e+01  1.04712855e+01  1.64401910e+02 
 1.07151931e+01  8.11449730e+01  1.07151931e+01  1.64056632e+02 
 1.09647820e+01  8.11297137e+01  1.09647820e+01  1.63704487e+02 
 1.12201845e+01  8.11137891e+01  1.12201845e+01  1.63345394e+02 
 1.14815362e+01  8.10971729e+01  1.14815362e+01  1.62979272e+02 
 1.17489755e+01  8.10798375e+01  1.17489755e+01  1.62606045e+02 
 1.20226443e+01  8.10617549e+01  1.20226443e+01  1.62225638e+02 
 1.23026877e+01  8.10428960e+01  1.23026877e+01  1.61837981e+02 
 1.25892541e+01  8.10232309e+01  1.25892541e+01  1.61443008e+02 
 1.28824955e+01  8.10027289e+01  1.28824955e+01  1.61040657e+02 
 1.31825674e+01  8.09813585e+01  1.31825674e+01  1.60630871e+02 
 1.34896288e+01  8.09590871e+01  1.34896288e+01  1.60213598e+02 
 1.38038426e+01  8.09358817e+01  1.38038426e+01  1.59788790e+02 
 1.41253754e+01  8.09117082e+01  1.41253754e+01  1.59356406e+02 
 1.44543977e+01  8.08865318e+01  1.44543977e+01  1.58916411e+02 
 1.47910839e+01  8.08603169e+01  1.47910839e+01  1.58468778e+02 
 1.51356125e+01  8.08330271e+01  1.51356125e+01  1.58013483e+02 
 1.54881662e+01  8.08046255e+01  1.54881662e+01  1.57550513e+02 
 1.58489319e+01  8.07750742e+01  1.58489319e+01  1.57079861e+02 
 1.62181010e+01  8.07443350e+01  1.62181010e+01  1.56601530e+02 
 1.65958691e+01  8.07123687e+01  1.65958691e+01  1.56115530e+02 
 1.69824365e+01  8.06791360e+01  1.69824365e+01  1.55621880e+02 
 1.73780083e+01  8.06445966e+01  1.73780083e+01  1.55120610e+02 
 1.77827941e+01  8.06087102e+01  1.77827941e+01  1.54611757e+02 
 1.81970086e+01  8.05714358e+01  1.81970086e+01  1.54095372e+02 
 1.86208714e+01  8.05327324e+01  1.86208714e+01  1.53571513e+02 
 1.90546072e+01  8.04925583e+01  1.90546072e+01  1.53040251e+02 
 1.94984460e+01  8.04508721e+01  1.94984460e+01  1.52501668e+02 
 1.99526231e+01  8.04076321e+01  1.99526231e+01  1.51955858e+02 
 2.04173794e+01  8.03627967e+01  2.04173794e+01  1.51402925e+02 
 2.08929613e+01  8.03163242e+01  2.08929613e+01  1.50842987e+02 
 2.13796209e+01  8.02681735e+01  2.13796209e+01  1.50276173e+02 
 2.18776162e+01  8.02183034e+01  2.18776162e+01  1.49702626e+02 
 2.23872114e+01  8.01666734e+01  2.23872114e+01  1.49122500e+02 
 2.29086765e+01  8.01132434e+01  2.29086765e+01  1.48535962e+02 
 2.34422882e+01  8.00579740e+01  2.34422882e+01  1.47943192e+02 
 2.39883292e+01  8.00008265e+01  2.39883292e+01  1.47344383e+02 
 2.45470892e+01  7.99417632e+01  2.45470892e+01  1.46739740e+02 
 2.51188643e+01  7.98807472e+01  2.51188643e+01  1.46129481e+02 
 2.57039578e+01  7.98177430e+01  2.57039578e+01  1.45513837e+02 
 2.63026799e+01  7.97527160e+01  2.63026799e+01  1.44893048e+02 
 2.69153480e+01  7.96856333e+01  2.69153480e+01  1.44267369e+02 
 2.75422870e+01  7.96164633e+01  2.75422870e+01  1.43637065e+02 
 2.81838293e+01  7.95451759e+01  2.81838293e+01  1.43002412e+02 
 2.88403150e+01  7.94717429e+01  2.88403150e+01  1.42363697e+02 
 2.95120923e+01  7.93961377e+01  2.95120923e+01  1.41721217e+02 
 3.01995172e+01  7.93183360e+01  3.01995172e+01  1.41075276e+02 
 3.09029543e+01  7.92383150e+01  3.09029543e+01  1.40426190e+02 
 3.16227766e+01  7.91560543e+01  3.16227766e+01  1.39774281e+02 
 3.23593657e+01  7.90715356e+01  3.23593657e+01  1.39119878e+02 
 3.31131121e+01  7.89847430e+01  3.31131121e+01  1.38463318e+02 
 3.38844156e+01  7.88956627e+01  3.38844156e+01  1.37804942e+02 
 3.46736850e+01  7.88042833e+01  3.46736850e+01  1.37145096e+02 
 3.54813389e+01  7.87105961e+01  3.54813389e+01  1.36484131e+02 
 3.63078055e+01  7.86145945e+01  3.63078055e+01  1.35822399e+02 
 3.71535229e+01  7.85162746e+01  3.71535229e+01  1.35160255e+02 
 3.80189396e+01  7.84156349e+01  3.80189396e+01  1.34498055e+02 
 3.89045145e+01  7.83126764e+01  3.89045145e+01  1.33836154e+02 
 3.98107171e+01  7.82074028e+01  3.98107171e+01  1.33174907e+02 
 4.07380278e+01  7.80998200e+01  4.07380278e+01  1.32514668e+02 
 4.16869383e+01  7.79899366e+01  4.16869383e+01  1.31855785e+02 
 4.26579519e+01  7.78777633e+01  4.26579519e+01  1.31198606e+02 
 4.36515832e+01  7.77633135e+01  4.36515832e+01  1.30543471e+02 
 4.46683592e+01  7.76466028e+01  4.46683592e+01  1.29890717e+02 
 4.57088190e+01  7.75276489e+01  4.57088190e+01  1.29240674e+02 
 4.67735141e+01  7.74064718e+01  4.67735141e+01  1.28593664e+02 
 4.78630092e+01  7.72830937e+01  4.78630092e+01  1.27950001e+02 
 4.89778819e+01  7.71575385e+01  4.89778819e+01  1.27309992e+02 
 5.01187234e+01  7.70298322e+01  5.01187234e+01  1.26673934e+02 
 5.12861384e+01  7.69000027e+01  5.12861384e+01  1.26042113e+02 
 5.24807460e+01  7.67680793e+01  5.24807460e+01  1.25414807e+02 
 5.37031796e+01  7.66340931e+01  5.37031796e+01  1.24792281e+02 
 5.49540874e+01  7.64980766e+01  5.49540874e+01  1.24174790e+02 
 5.62341325e+01  7.63600637e+01  5.62341325e+01  1.23562578e+02 
 5.75439937e+01  7.62200894e+01  5.75439937e+01  1.22955875e+02 
 5.88843655e+01  7.60781901e+01  5.88843655e+01  1.22354901e+02 
 6.02559586e+01  7.59344028e+01  6.02559586e+01  1.21759862e+02 
 6.16595002e+01  7.57887658e+01  6.16595002e+01  1.21170954e+02 
 6.30957344e+01  7.56413179e+01  6.30957344e+01  1.20588357e+02 
 6.45654229e+01  7.54920987e+01  6.45654229e+01  1.20012242e+02 
 6.60693448e+01  7.53411482e+01  6.60693448e+01  1.19442766e+02 
 6.76082975e+01  7.51885069e+01  6.76082975e+01  1.18880073e+02 
 6.91830971e+01  7.50342157e+01  6.91830971e+01  1.18324296e+02 
 7.07945784e+01  7.48783156e+01  7.07945784e+01  1.17775555e+02 
 7.24435960e+01  7.47208479e+01  7.24435960e+01  1.17233958e+02 
 7.41310241e+01  7.45618539e+01  7.41310241e+01  1.16699601e+02 
 7.58577575e+01  7.44013746e+01  7.58577575e+01  1.16172571e+02 
 7.76247117e+01  7.42394512e+01  7.76247117e+01  1.15652940e+02 
 7.94328235e+01  7.40761246e+01  7.94328235e+01  1.15140773e+02 
 8.12830516e+01  7.39114353e+01  8.12830516e+01  1.14636121e+02 
 8.31763771e+01  7.37454235e+01  8.31763771e+01  1.14139029e+02 
 8.51138038e+01  7.35781292e+01  8.51138038e+01  1.13649527e+02 
 8.70963590e+01  7.34095915e+01  8.70963590e+01  1.13167640e+02 
 8.91250938e+01  7.32398494e+01  8.91250938e+01  1.12693382e+02 
 9.12010839e+01  7.30689411e+01  9.12010839e+01  1.12226758e+02 
 9.33254301e+01  7.28969042e+01  9.33254301e+01  1.11767767e+02 
 9.54992586e+01  7.27237758e+01  9.54992586e+01  1.11316398e+02 
 9.77237221e+01  7.25495921e+01  9.77237221e+01  1.10872633e+02 
 1.00000000e+02  7.23743887e+01  1.00000000e+02  1.10436447e+02 
 1.02329299e+02  7.21982004e+01  1.02329299e+02  1.10007810e+02 
 1.04712855e+02  7.20210614e+01  1.04712855e+02  1.09586683e+02 
 1.07151931e+02  7.18430049e+01  1.07151931e+02  1.09173023e+02 
 1.09647820e+02  7.16640634e+01  1.09647820e+02  1.08766782e+02 
 1.12201845e+02  7.14842687e+01  1.12201845e+02  1.08367905e+02 
 1.14815362e+02  7.13036515e+01  1.14815362e+02  1.07976333e+02 
 1.17489755e+02  7.11222420e+01  1.17489755e+02  1.07592003e+02 
 1.20226443e+02  7.09400695e+01  1.20226443e+02  1.07214849e+02 
 1.23026877e+02  7.07571622e+01  1.23026877e+02  1.06844799e+02 
 1.25892541e+02  7.05735478e+01  1.25892541e+02  1.06481780e+02 
 1.28824955e+02  7.03892531e+01  1.28824955e+02  1.06125712e+02 
 1.31825674e+02  7.02043041e+01  1.31825674e+02  1.05776517e+02 
 1.34896288e+02  7.00187258e+01  1.34896288e+02  1.05434112e+02 
 1.38038426e+02  6.98325427e+01  1.38038426e+02  1.05098411e+02 
 1.41253754e+02  6.96457783e+01  1.41253754e+02  1.04769328e+02 
 1.44543977e+02  6.94584555e+01  1.44543977e+02  1.04446773e+02 
 1.47910839e+02  6.92705963e+01  1.47910839e+02  1.04130657e+02 
 1.51356125e+02  6.90822220e+01  1.51356125e+02  1.03820887e+02 
 1.54881662e+02  6.88933532e+01  1.54881662e+02  1.03517371e+02 
 1.58489319e+02  6.87040098e+01  1.58489319e+02  1.03220015e+02 
 1.62181010e+02  6.85142109e+01  1.62181010e+02  1.02928724e+02 
 1.65958691e+02  6.83239749e+01  1.65958691e+02  1.02643404e+02 
 1.69824365e+02  6.81333198e+01  1.69824365e+02  1.02363958e+02 
 1.73780083e+02  6.79422626e+01  1.73780083e+02  1.02090292e+02 
 1.77827941e+02  6.77508199e+01  1.77827941e+02  1.01822308e+02 
 1.81970086e+02  6.75590076e+01  1.81970086e+02  1.01559912e+02 
 1.86208714e+02  6.73668410e+01  1.86208714e+02  1.01303008e+02 
 1.90546072e+02  6.71743350e+01  1.90546072e+02  1.01051499e+02 
 1.94984460e+02  6.69815035e+01  1.94984460e+02  1.00805290e+02 
 1.99526231e+02  6.67883603e+01  1.99526231e+02  1.00564288e+02 
 2.04173794e+02  6.65949185e+01  2.04173794e+02  1.00328398e+02 
 2.08929613e+02  6.64011907e+01  2.08929613e+02  1.00097525e+02 
 2.13796209e+02  6.62071889e+01  2.13796209e+02  9.98715777e+01 
 2.18776162e+02  6.60129248e+01  2.18776162e+02  9.96504634e+01 
 2.23872114e+02  6.58184095e+01  2.23872114e+02  9.94340906e+01 
 2.29086765e+02  6.56236538e+01  2.29086765e+02  9.92223691e+01 
 2.34422882e+02  6.54286678e+01  2.34422882e+02  9.90152092e+01 
 2.39883292e+02  6.52334615e+01  2.39883292e+02  9.88125225e+01 
 2.45470892e+02  6.50380444e+01  2.45470892e+02  9.86142212e+01 
 2.51188643e+02  6.48424254e+01  2.51188643e+02  9.84202190e+01 
 2.57039578e+02  6.46466133e+01  2.57039578e+02  9.82304305e+01 
 2.63026799e+02  6.44506164e+01  2.63026799e+02  9.80447713e+01 
 2.69153480e+02  6.42544428e+01  2.69153480e+02  9.78631583e+01 
 2.75422870e+02  6.40581001e+01  2.75422870e+02  9.76855096e+01 
 2.81838293e+02  6.38615956e+01  2.81838293e+02  9.75117444e+01 
 2.88403150e+02  6.36649363e+01  2.88403150e+02  9.73417830e+01 
 2.95120923e+02  6.34681291e+01  2.95120923e+02  9.71755470e+01 
 3.01995172e+02  6.32711803e+01  3.01995172e+02  9.70129593e+01 
 3.09029543e+02  6.30740962e+01  3.09029543e+02  9.68539439e+01 
 3.16227766e+02  6.28768827e+01  3.16227766e+02  9.66984261e+01 
 3.23593657e+02  6.26795453e+01  3.23593657e+02  9.65463324e+01 
 3.31131121e+02  6.24820897e+01  3.31131121e+02  9.63975905e+01 
 3.38844156e+02  6.22845208e+01  3.38844156e+02  9.62521294e+01 
 3.46736850e+02  6.20868439e+01  3.46736850e+02  9.61098793e+01 
 3.54813389e+02  6.18890635e+01  3.54813389e+02  9.59707716e+01 
 3.63078055e+02  6.16911842e+01  3.63078055e+02  9.58347390e+01 
 3.71535229e+02  6.14932105e+01  3.71535229e+02  9.57017154e+01 
 3.80189396e+02  6.12951464e+01  3.80189396e+02  9.55716357e+01 
 3.89045145e+02  6.10969960e+01  3.89045145e+02  9.54444362e+01 
 3.98107171e+02  6.08987630e+01  3.98107171e+02  9.53200544e+01 
 4.07380278e+02  6.07004512e+01  4.07380278e+02  9.51984289e+01 
 4.16869383e+02  6.05020640e+01  4.16869383e+02  9.50794995e+01 
 4.26579519e+02  6.03036048e+01  4.26579519e+02  9.49632071e+01 
 4.36515832e+02  6.01050767e+01  4.36515832e+02  9.48494937e+01 
 4.46683592e+02  5.99064828e+01  4.46683592e+02  9.47383025e+01 
 4.57088190e+02  5.97078260e+01  4.57088190e+02  9.46295779e+01 
 4.67735141e+02  5.95091092e+01  4.67735141e+02  9.45232651e+01 
 4.78630092e+02  5.93103350e+01  4.78630092e+02  9.44193108e+01 
 4.89778819e+02  5.91115059e+01  4.89778819e+02  9.43176623e+01 
 5.01187234e+02  5.89126243e+01  5.01187234e+02  9.42182683e+01 
 5.12861384e+02  5.87136927e+01  5.12861384e+02  9.41210784e+01 
 5.24807460e+02  5.85147133e+01  5.24807460e+02  9.40260432e+01 
 5.37031796e+02  5.83156881e+01  5.37031796e+02  9.39331144e+01 
 5.49540874e+02  5.81166193e+01  5.49540874e+02  9.38422444e+01 
 5.62341325e+02  5.79175087e+01  5.62341325e+02  9.37533870e+01 
 5.75439937e+02  5.77183583e+01  5.75439937e+02  9.36664967e+01 
 5.88843655e+02  5.75191697e+01  5.88843655e+02  9.35815288e+01 
 6.02559586e+02  5.73199448e+01  6.02559586e+02  9.34984399e+01 
 6.16595002e+02  5.71206851e+01  6.16595002e+02  9.34171870e+01 
 6.30957344e+02  5.69213921e+01  6.30957344e+02  9.33377286e+01 
 6.45654229e+02  5.67220675e+01  6.45654229e+02  9.32600234e+01 
 6.60693448e+02  5.65227125e+01  6.60693448e+02  9.31840316e+01 
 6.76082975e+02  5.63233286e+01  6.76082975e+02  9.31097137e+01 
 6.91830971e+02  5.61239171e+01  6.91830971e+02  9.30370313e+01 
 7.07945784e+02  5.59244791e+01  7.07945784e+02  9.29659468e+01 
 7.24435960e+02  5.57250158e+01  7.24435960e+02  9.28964233e+01 
 7.41310241e+02  5.55255285e+01  7.41310241e+02  9.28284247e+01 
 7.58577575e+02  5.53260181e+01  7.58577575e+02  9.27619156e+01 
 7.76247117e+02  5.51264857e+01  7.76247117e+02  9.26968616e+01 
 7.94328235e+02  5.49269323e+01  7.94328235e+02  9.26332286e+01 
 8.12830516e+02  5.47273588e+01  8.12830516e+02  9.25709836e+01 
 8.31763771e+02  5.45277662e+01  8.31763771e+02  9.25100942e+01 
 8.51138038e+02  5.43281552e+01  8.51138038e+02  9.24505284e+01 
 8.70963590e+02  5.41285267e+01  8.70963590e+02  9.23922553e+01 
 8.91250938e+02  5.39288815e+01  8.91250938e+02  9.23352444e+01 
 9.12010839e+02  5.37292204e+01  9.12010839e+02  9.22794658e+01 
 9.33254301e+02  5.35295440e+01  9.33254301e+02  9.22248904e+01 
 9.54992586e+02  5.33298530e+01  9.54992586e+02  9.21714895e+01 
 9.77237221e+02  5.31301481e+01  9.77237221e+02  9.21192354e+01 
 1.00000000e+03  5.29304300e+01  1.00000000e+03  9.20681004e+01 
 1.02329299e+03  5.27306991e+01  1.02329299e+03  9.20180579e+01 
 1.04712855e+03  5.25309561e+01  1.04712855e+03  9.19690815e+01 
 1.07151931e+03  5.23312015e+01  1.07151931e+03  9.19211455e+01 
 1.09647820e+03  5.21314359e+01  1.09647820e+03  9.18742249e+01 
 1.12201845e+03  5.19316597e+01  1.12201845e+03  9.18282948e+01 
 1.14815362e+03  5.17318734e+01  1.14815362e+03  9.17833312e+01 
 1.17489755e+03  5.15320774e+01  1.17489755e+03  9.17393104e+01 
 1.20226443e+03  5.13322722e+01  1.20226443e+03  9.16962093e+01 
 1.23026877e+03  5.11324583e+01  1.23026877e+03  9.16540052e+01 
 1.25892541e+03  5.09326359e+01  1.25892541e+03  9.16126758e+01 
 1.28824955e+03  5.07328055e+01  1.28824955e+03  9.15721995e+01 
 1.31825674e+03  5.05329674e+01  1.31825674e+03  9.15325548e+01 
 1.34896288e+03  5.03331220e+01  1.34896288e+03  9.14937209e+01 
 1.38038426e+03  5.01332696e+01  1.38038426e+03  9.14556773e+01 
 1.41253754e+03  4.99334105e+01  1.41253754e+03  9.14184039e+01 
 1.44543977e+03  4.97335450e+01  1.44543977e+03  9.13818812e+01 
 1.47910839e+03  4.95336733e+01  1.47910839e+03  9.13460897e+01 
 1.51356125e+03  4.93337959e+01  1.51356125e+03  9.13110108e+01 
 1.54881662e+03  4.91339129e+01  1.54881662e+03  9.12766257e+01 
 1.58489319e+03  4.89340245e+01  1.58489319e+03  9.12429164e+01 
 1.62181010e+03  4.87341311e+01  1.62181010e+03  9.12098651e+01 
 1.65958691e+03  4.85342328e+01  1.65958691e+03  9.11774544e+01 
 1.69824365e+03  4.83343298e+01  1.69824365e+03  9.11456670e+01 
 1.73780083e+03  4.81344224e+01  1.73780083e+03  9.11144862e+01 
 1.77827941e+03  4.79345107e+01  1.77827941e+03  9.10838956e+01 
 1.81970086e+03  4.77345950e+01  1.81970086e+03  9.10538789e+01 
 1.86208714e+03  4.75346754e+01  1.86208714e+03  9.10244203e+01 
 1.90546072e+03  4.73347520e+01  1.90546072e+03  9.09955043e+01 
 1.94984460e+03  4.71348252e+01  1.94984460e+03  9.09671155e+01 
 1.99526231e+03  4.69348949e+01  1.99526231e+03  9.09392389e+01 
 2.04173794e+03  4.67349614e+01  2.04173794e+03  9.09118598e+01 
 2.08929613e+03  4.65350247e+01  2.08929613e+03  9.08849637e+01 
 2.13796209e+03  4.63350851e+01  2.13796209e+03  9.08585364e+01 
 2.18776162e+03  4.61351427e+01  2.18776162e+03  9.08325639e+01 
 2.23872114e+03  4.59351975e+01  2.23872114e+03  9.08070324e+01 
 2.29086765e+03  4.57352497e+01  2.29086765e+03  9.07819285e+01 
 2.34422882e+03  4.55352994e+01  2.34422882e+03  9.07572388e+01 
 2.39883292e+03  4.53353467e+01  2.39883292e+03  9.07329503e+01 
 2.45470892e+03  4.51353918e+01  2.45470892e+03  9.07090502e+01 
 2.51188643e+03  4.49354346e+01  2.51188643e+03  9.06855257e+01 
 2.57039578e+03  4.47354753e+01  2.57039578e+03  9.06623645e+01 
 2.63026799e+03  4.45355140e+01  2.63026799e+03  9.06395542e+01 
 2.69153480e+03  4.43355508e+01  2.69153480e+03  9.06170828e+01 
 2.75422870e+03  4.41355857e+01  2.75422870e+03  9.05949384e+01 
 2.81838293e+03  4.39356189e+01  2.81838293e+03  9.05731092e+01 
 2.88403150e+03  4.37356503e+01  2.88403150e+03  9.05515838e+01 
 2.95120923e+03  4.35356800e+01  2.95120923e+03  9.05303507e+01 
 3.01995172e+03  4.33357082e+01  3.01995172e+03  9.05093986e+01 
 3.09029543e+03  4.31357349e+01  3.09029543e+03  9.04887165e+01 
 3.16227766e+03  4.29357601e+01  3.16227766e+03  9.04682934e+01 
 3.23593657e+03  4.27357838e+01  3.23593657e+03  9.04481185e+01 
 3.31131121e+03  4.25358062e+01  3.31131121e+03  9.04281811e+01 
 3.38844156e+03  4.23358273e+01  3.38844156e+03  9.04084706e+01 
 3.46736850e+03  4.21358471e+01  3.46736850e+03  9.03889766e+01 
 3.54813389e+03  4.19358657e+01  3.54813389e+03  9.03696888e+01 
 3.63078055e+03  4.17358831e+01  3.63078055e+03  9.03505970e+01 
 3.71535229e+03  4.15358993e+01  3.71535229e+03  9.03316910e+01 
 3.80189396e+03  4.13359145e+01  3.80189396e+03  9.03129609e+01 
 3.89045145e+03  4.11359285e+01  3.89045145e+03  9.02943966e+01 
 3.98107171e+03  4.09359415e+01  3.98107171e+03  9.02759884e+01 
 4.07380278e+03  4.07359534e+01  4.07380278e+03  9.02577266e+01 
 4.16869383e+03  4.05359643e+01  4.16869383e+03  9.02396014e+01 
 4.26579519e+03  4.03359743e+01  4.26579519e+03  9.02216032e+01 
 4.36515832e+03  4.01359833e+01  4.36515832e+03  9.02037225e+01 
 4.46683592e+03  3.99359913e+01  4.46683592e+03  9.01859499e+01 
 4.57088190e+03  3.97359985e+01  4.57088190e+03  9.01682759e+01 
 4.67735141e+03  3.95360047e+01  4.67735141e+03  9.01506911e+01 
 4.78630092e+03  3.93360100e+01  4.78630092e+03  9.01331863e+01 
 4.89778819e+03  3.91360144e+01  4.89778819e+03  9.01157521e+01 
 5.01187234e+03  3.89360180e+01  5.01187234e+03  9.00983794e+01 
 5.12861384e+03  3.87360207e+01  5.12861384e+03  9.00810589e+01 
 5.24807460e+03  3.85360225e+01  5.24807460e+03  9.00637815e+01 
 5.37031796e+03  3.83360235e+01  5.37031796e+03  9.00465380e+01 
 5.49540874e+03  3.81360236e+01  5.49540874e+03  9.00293193e+01 
 5.62341325e+03  3.79360228e+01  5.62341325e+03  9.00121162e+01 
 5.75439937e+03  3.77360212e+01  5.75439937e+03  8.99949196e+01 
 5.88843655e+03  3.75360188e+01  5.88843655e+03  8.99777205e+01 
 6.02559586e+03  3.73360154e+01  6.02559586e+03  8.99605098e+01 
 6.16595002e+03  3.71360112e+01  6.16595002e+03  8.99432782e+01 
 6.30957344e+03  3.69360061e+01  6.30957344e+03  8.99260168e+01 
 6.45654229e+03  3.67360001e+01  6.45654229e+03  8.99087163e+01 
 6.60693448e+03  3.65359933e+01  6.60693448e+03  8.98913676e+01 
 6.76082975e+03  3.63359855e+01  6.76082975e+03  8.98739615e+01 
 6.91830971e+03  3.61359767e+01  6.91830971e+03  8.98564889e+01 
 7.07945784e+03  3.59359670e+01  7.07945784e+03  8.98389404e+01 
 7.24435960e+03  3.57359563e+01  7.24435960e+03  8.98213068e+01 
 7.41310241e+03  3.55359447e+01  7.41310241e+03  8.98035788e+01 
 7.58577575e+03  3.53359320e+01  7.58577575e+03  8.97857469e+01 
 7.76247117e+03  3.51359182e+01  7.76247117e+03  8.97678018e+01 
 7.94328235e+03  3.49359034e+01  7.94328235e+03  8.97497339e+01 
 8.12830516e+03  3.47358875e+01  8.12830516e+03  8.97315337e+01 
 8.31763771e+03  3.45358704e+01  8.31763771e+03  8.97131917e+01 
 8.51138038e+03  3.43358522e+01  8.51138038e+03  8.96946980e+01 
 8.70963590e+03  3.41358327e+01  8.70963590e+03  8.96760429e+01 
 8.91250938e+03  3.39358120e+01  8.91250938e+03  8.96572166e+01 
 9.12010839e+03  3.37357899e+01  9.12010839e+03  8.96382091e+01 
 9.33254301e+03  3.35357666e+01  9.33254301e+03  8.96190104e+01 
 9.54992586e+03  3.33357418e+01  9.54992586e+03  8.95996104e+01 
 9.77237221e+03  3.31357156e+01  9.77237221e+03  8.95799988e+01 
 1.00000000e+04  3.29356878e+01  1.00000000e+04  8.95601652e+01 
 1.02329299e+04  3.27356585e+01  1.02329299e+04  8.95400992e+01 
 1.04712855e+04  3.25356276e+01  1.04712855e+04  8.95197903e+01 
 1.07151931e+04  3.23355950e+01  1.07151931e+04  8.94992277e+01 
 1.09647820e+04  3.21355606e+01  1.09647820e+04  8.94784005e+01 
 1.12201845e+04  3.19355245e+01  1.12201845e+04  8.94572979e+01 
 1.14815362e+04  3.17354864e+01  1.14815362e+04  8.94359087e+01 
 1.17489755e+04  3.15354463e+01  1.17489755e+04  8.94142216e+01 
 1.20226443e+04  3.13354041e+01  1.20226443e+04  8.93922252e+01 
 1.23026877e+04  3.11353598e+01  1.23026877e+04  8.93699080e+01 
 1.25892541e+04  3.09353132e+01  1.25892541e+04  8.93472582e+01 
 1.28824955e+04  3.07352643e+01  1.28824955e+04  8.93242640e+01 
 1.31825674e+04  3.05352129e+01  1.31825674e+04  8.93009132e+01 
 1.34896288e+04  3.03351590e+01  1.34896288e+04  8.92771935e+01 
 1.38038426e+04  3.01351024e+01  1.38038426e+04  8.92530927e+01 
 1.41253754e+04  2.99350430e+01  1.41253754e+04  8.92285979e+01 
 1.44543977e+04  2.97349807e+01  1.44543977e+04  8.92036964e+01 
 1.47910839e+04  2.95349154e+01  1.47910839e+04  8.91783752e+01 
 1.51356125e+04  2.93348469e+01  1.51356125e+04  8.91526209e+01 
 1.54881662e+04  2.91347750e+01  1.54881662e+04  8.91264202e+01 
 1.58489319e+04  2.89346997e+01  1.58489319e+04  8.90997593e+01 
 1.62181010e+04  2.87346207e+01  1.62181010e+04  8.90726243e+01 
 1.65958691e+04  2.85345380e+01  1.65958691e+04  8.90450010e+01 
 1.69824365e+04  2.83344513e+01  1.69824365e+04  8.90168751e+01 
 1.73780083e+04  2.81343605e+01  1.73780083e+04  8.89882319e+01 
 1.77827941e+04  2.79342653e+01  1.77827941e+04  8.89590564e+01 
 1.81970086e+04  2.77341656e+01  1.81970086e+04  8.89293336e+01 
 1.86208714e+04  2.75340612e+01  1.86208714e+04  8.88990480e+01 
 1.90546072e+04  2.73339518e+01  1.90546072e+04  8.88681838e+01 
 1.94984460e+04  2.71338372e+01  1.94984460e+04  8.88367251e+01 
 1.99526231e+04  2.69337173e+01  1.99526231e+04  8.88046556e+01 
 2.04173794e+04  2.67335916e+01  2.04173794e+04  8.87719587e+01 
 2.08929613e+04  2.65334601e+01  2.08929613e+04  8.87386176e+01 
 2.13796209e+04  2.63333224e+01  2.13796209e+04  8.87046150e+01 
 2.18776162e+04  2.61331782e+01  2.18776162e+04  8.86699334e+01 
 2.23872114e+04  2.59330273e+01  2.23872114e+04  8.86345550e+01 
 2.29086765e+04  2.57328693e+01  2.29086765e+04  8.85984617e+01 
 2.34422882e+04  2.55327039e+01  2.34422882e+04  8.85616349e+01 
 2.39883292e+04  2.53325308e+01  2.39883292e+04  8.85240558e+01 
 2.45470892e+04  2.51323496e+01  2.45470892e+04  8.84857051e+01 
 2.51188643e+04  2.49321600e+01  2.51188643e+04  8.84465635e+01 
 2.57039578e+04  2.47319615e+01  2.57039578e+04  8.84066108e+01 
 2.63026799e+04  2.45317539e+01  2.63026799e+04  8.83658269e+01 
 2.69153480e+04  2.43315366e+01  2.69153480e+04  8.83241911e+01 
 2.75422870e+04  2.41313092e+01  2.75422870e+04  8.82816823e+01 
 2.81838293e+04  2.39310713e+01  2.81838293e+04  8.82382790e+01 
 2.88403150e+04  2.37308224e+01  2.88403150e+04  8.81939595e+01 
 2.95120923e+04  2.35305621e+01  2.95120923e+04  8.81487015e+01 
 3.01995172e+04  2.33302897e+01  3.01995172e+04  8.81024823e+01 
 3.09029543e+04  2.31300048e+01  3.09029543e+04  8.80552789e+01 
 3.16227766e+04  2.29297068e+01  3.16227766e+04  8.80070677e+01 
 3.23593657e+04  2.27293951e+01  3.23593657e+04  8.79578248e+01 
 3.31131121e+04  2.25290691e+01  3.31131121e+04  8.79075259e+01 
 3.38844156e+04  2.23287282e+01  3.38844156e+04  8.78561462e+01 
 3.46736850e+04  2.21283718e+01  3.46736850e+04  8.78036605e+01 
 3.54813389e+04  2.19279991e+01  3.54813389e+04  8.77500429e+01 
 3.63078055e+04  2.17276094e+01  3.63078055e+04  8.76952675e+01 
 3.71535229e+04  2.15272020e+01  3.71535229e+04  8.76393075e+01 
 3.80189396e+04  2.13267761e+01  3.80189396e+04  8.75821359e+01 
 3.89045145e+04  2.11263310e+01  3.89045145e+04  8.75237253e+01 
 3.98107171e+04  2.09258657e+01  3.98107171e+04  8.74640475e+01 
 4.07380278e+04  2.07253795e+01  4.07380278e+04  8.74030741e+01 
 4.16869383e+04  2.05248713e+01  4.16869383e+04  8.73407762e+01 
 4.26579519e+04  2.03243404e+01  4.26579519e+04  8.72771243e+01 
 4.36515832e+04  2.01237857e+01  4.36515832e+04  8.72120886e+01 
 4.46683592e+04  1.99232063e+01  4.46683592e+04  8.71456387e+01 
 4.57088190e+04  1.97226010e+01  4.57088190e+04  8.70777437e+01 
 4.67735141e+04  1.95219689e+01  4.67735141e+04  8.70083723e+01 
 4.78630092e+04  1.93213087e+01  4.78630092e+04  8.69374927e+01 
 4.89778819e+04  1.91206194e+01  4.89778819e+04  8.68650727e+01 
 5.01187234e+04  1.89198998e+01  5.01187234e+04  8.67910795e+01 
 5.12861384e+04  1.87191486e+01  5.12861384e+04  8.67154799e+01 
 5.24807460e+04  1.85183646e+01  5.24807460e+04  8.66382403e+01 
 5.37031796e+04  1.83175464e+01  5.37031796e+04  8.65593265e+01 
 5.49540874e+04  1.81166928e+01  5.49540874e+04  8.64787041e+01 
 5.62341325e+04  1.79158023e+01  5.62341325e+04  8.63963379e+01 
 5.75439937e+04  1.77148734e+01  5.75439937e+04  8.63121926e+01 
 5.88843655e+04  1.75139048e+01  5.88843655e+04  8.62262324e+01 
 6.02559586e+04  1.73128949e+01  6.02559586e+04  8.61384210e+01 
 6.16595002e+04  1.71118421e+01  6.16595002e+04  8.60487218e+01 
 6.30957344e+04  1.69107449e+01  6.30957344e+04  8.59570977e+01 
 6.45654229e+04  1.67096017e+01  6.45654229e+04  8.58635113e+01 
 6.60693448e+04  1.65084108e+01  6.60693448e+04  8.57679250e+01 
 6.76082975e+04  1.63071704e+01  6.76082975e+04  8.56703005e+01 
 6.91830971e+04  1.61058790e+01  6.91830971e+04  8.55705996e+01 
 7.07945784e+04  1.59045346e+01  7.07945784e+04  8.54687835e+01 
 7.24435960e+04  1.57031356e+01  7.24435960e+04  8.53648133e+01 
 7.41310241e+04  1.55016802e+01  7.41310241e+04  8.52586496e+01 
 7.58577575e+04  1.53001664e+01  7.58577575e+04  8.51502532e+01 
 7.76247117e+04  1.50985925e+01  7.76247117e+04  8.50395843e+01 
 7.94328235e+04  1.48969567e+01  7.94328235e+04  8.49266030e+01 
 8.12830516e+04  1.46952569e+01  8.12830516e+04  8.48112693e+01 
 8.31763771e+04  1.44934915e+01  8.31763771e+04  8.46935432e+01 
 8.51138038e+04  1.42916586e+01  8.51138038e+04  8.45733843e+01 
 8.70963590e+04  1.40897562e+01  8.70963590e+04  8.44507523e+01 
 8.91250938e+04  1.38877827e+01  8.91250938e+04  8.43256068e+01 
 9.12010839e+04  1.36857361e+01  9.12010839e+04  8.41979074e+01 
 9.33254301e+04  1.34836148e+01  9.33254301e+04  8.40676137e+01 
 9.54992586e+04  1.32814171e+01  9.54992586e+04  8.39346853e+01 
 9.77237221e+04  1.30791412e+01  9.77237221e+04  8.37990819e+01 
 1.00000000e+05  1.28767857e+01  1.00000000e+05  8.36607632e+01 
 1.02329299e+05  1.26743491e+01  1.02329299e+05  8.35196890e+01 
 1.04712855e+05  1.24718299e+01  1.04712855e+05  8.33758194e+01 
 1.07151931e+05  1.22692269e+01  1.07151931e+05  8.32291143e+01 
 1.09647820e+05  1.20665390e+01  1.09647820e+05  8.30795341e+01 
 1.12201845e+05  1.18637651e+01  1.12201845e+05  8.29270390e+01 
 1.14815362e+05  1.16609044e+01  1.14815362e+05  8.27715898e+01 
 1.17489755e+05  1.14579564e+01  1.17489755e+05  8.26131471e+01 
 1.20226443e+05  1.12549204e+01  1.20226443e+05  8.24516718e+01 
 1.23026877e+05  1.10517964e+01  1.23026877e+05  8.22871250e+01 
 1.25892541e+05  1.08485843e+01  1.25892541e+05  8.21194678e+01 
 1.28824955e+05  1.06452844e+01  1.28824955e+05  8.19486615e+01 
 1.31825674e+05  1.04418974e+01  1.31825674e+05  8.17746677e+01 
 1.34896288e+05  1.02384241e+01  1.34896288e+05  8.15974476e+01 
 1.38038426e+05  1.00348657e+01  1.38038426e+05  8.14169628e+01 
 1.41253754e+05  9.83122402e+00  1.41253754e+05  8.12331746e+01 
 1.44543977e+05  9.62750093e+00  1.44543977e+05  8.10460442e+01 
 1.47910839e+05  9.42369892e+00  1.47910839e+05  8.08555328e+01 
 1.51356125e+05  9.21982091e+00  1.51356125e+05  8.06616010e+01 
 1.54881662e+05  9.01587027e+00  1.54881662e+05  8.04642091e+01 
 1.58489319e+05  8.81185091e+00  1.58489319e+05  8.02633170e+01 
 1.62181010e+05  8.60776727e+00  1.62181010e+05  8.00588838e+01 
 1.65958691e+05  8.40362435e+00  1.65958691e+05  7.98508679e+01 
 1.69824365e+05  8.19942778e+00  1.69824365e+05  7.96392266e+01 
 1.73780083e+05  7.99518377e+00  1.73780083e+05  7.94239163e+01 
 1.77827941e+05  7.79089921e+00  1.77827941e+05  7.92048919e+01 
 1.81970086e+05  7.58658167e+00  1.81970086e+05  7.89821068e+01 
 1.86208714e+05  7.38223941e+00  1.86208714e+05  7.87555129e+01 
 1.90546072e+05  7.17788142e+00  1.90546072e+05  7.85250601e+01 
 1.94984460e+05  6.97351744e+00  1.94984460e+05  7.82906960e+01 
 1.99526231e+05  6.76915797e+00  1.99526231e+05  7.80523659e+01 
 2.04173794e+05  6.56481430e+00  2.04173794e+05  7.78100125e+01 
 2.08929613e+05  6.36049853e+00  2.08929613e+05  7.75635757e+01 
 2.13796209e+05  6.15622357e+00  2.13796209e+05  7.73129921e+01 
 2.18776162e+05  5.95200315e+00  2.18776162e+05  7.70581949e+01 
 2.23872114e+05  5.74785185e+00  2.23872114e+05  7.67991138e+01 
 2.29086765e+05  5.54378508e+00  2.29086765e+05  7.65356745e+01 
 2.34422882e+05  5.33981911e+00  2.34422882e+05  7.62677984e+01 
 2.39883292e+05  5.13597103e+00  2.39883292e+05  7.59954026e+01 
 2.45470892e+05  4.93225881e+00  2.45470892e+05  7.57183994e+01 
 2.51188643e+05  4.72870125e+00  2.51188643e+05  7.54366964e+01 
 2.57039578e+05  4.52531797e+00  2.57039578e+05  7.51501958e+01 
 2.63026799e+05  4.32212943e+00  2.63026799e+05  7.48587945e+01 
 2.69153480e+05  4.11915691e+00  2.69153480e+05  7.45623840e+01 
 2.75422870e+05  3.91642248e+00  2.75422870e+05  7.42608499e+01 
 2.81838293e+05  3.71394901e+00  2.81838293e+05  7.39540720e+01 
 2.88403150e+05  3.51176014e+00  2.88403150e+05  7.36419240e+01 
 2.95120923e+05  3.30988026e+00  2.95120923e+05  7.33242736e+01 
 3.01995172e+05  3.10833451e+00  3.01995172e+05  7.30009821e+01 
 3.09029543e+05  2.90714873e+00  3.09029543e+05  7.26719046e+01 
 3.16227766e+05  2.70634947e+00  3.16227766e+05  7.23368900e+01 
 3.23593657e+05  2.50596399e+00  3.23593657e+05  7.19957807e+01 
 3.31131121e+05  2.30602017e+00  3.31131121e+05  7.16484129e+01 
 3.38844156e+05  2.10654657e+00  3.38844156e+05  7.12946165e+01 
 3.46736850e+05  1.90757238e+00  3.46736850e+05  7.09342153e+01 
 3.54813389e+05  1.70912741e+00  3.54813389e+05  7.05670268e+01 
 3.63078055e+05  1.51124209e+00  3.63078055e+05  7.01928629e+01 
 3.71535229e+05  1.31394743e+00  3.71535229e+05  6.98115295e+01 
 3.80189396e+05  1.11727506e+00  3.80189396e+05  6.94228267e+01 
 3.89045145e+05  9.21257195e-01  3.89045145e+05  6.90265495e+01 
 3.98107171e+05  7.25926640e-01  3.98107171e+05  6.86224874e+01 
 4.07380278e+05  5.31316796e-01  4.07380278e+05  6.82104251e+01 
 4.16869383e+05  3.37461664e-01  4.16869383e+05  6.77901424e+01 
 4.26579519e+05  1.44395858e-01  4.26579519e+05  6.73614146e+01 
 4.36515832e+05 -4.78453909e-02  4.36515832e+05  6.69240129e+01 
 4.46683592e+05 -2.39226211e-01  4.46683592e+05  6.64777044e+01 
 4.57088190e+05 -4.29710079e-01  4.57088190e+05  6.60222526e+01 
 4.67735141e+05 -6.19259791e-01  4.67735141e+05  6.55574174e+01 
 4.78630092e+05 -8.07837448e-01  4.78630092e+05  6.50829558e+01 
 4.89778819e+05 -9.95404422e-01  4.89778819e+05  6.45986218e+01 
 5.01187234e+05 -1.18192133e+00  5.01187234e+05  6.41041669e+01 
 5.12861384e+05 -1.36734802e+00  5.12861384e+05  6.35993401e+01 
 5.24807460e+05 -1.55164349e+00  5.24807460e+05  6.30838884e+01 
 5.37031796e+05 -1.73476592e+00  5.37031796e+05  6.25575571e+01 
 5.49540874e+05 -1.91667261e+00  5.49540874e+05  6.20200897e+01 
 5.62341325e+05 -2.09731992e+00  5.62341325e+05  6.14712282e+01 
 5.75439937e+05 -2.27666328e+00  5.75439937e+05  6.09107137e+01 
 5.88843655e+05 -2.45465713e+00  5.88843655e+05  6.03382859e+01 
 6.02559586e+05 -2.63125490e+00  6.02559586e+05  5.97536837e+01 
 6.16595002e+05 -2.80640897e+00  6.16595002e+05  5.91566451e+01 
 6.30957344e+05 -2.98007065e+00  6.30957344e+05  5.85469075e+01 
 6.45654229e+05 -3.15219016e+00  6.45654229e+05  5.79242074e+01 
 6.60693448e+05 -3.32271656e+00  6.60693448e+05  5.72882806e+01 
 6.76082975e+05 -3.49159781e+00  6.76082975e+05  5.66388624e+01 
 6.91830971e+05 -3.65878070e+00  6.91830971e+05  5.59756870e+01 
 7.07945784e+05 -3.82421082e+00  7.07945784e+05  5.52984878e+01 
 7.24435960e+05 -3.98783261e+00  7.24435960e+05  5.46069971e+01 
 7.41310241e+05 -4.14958933e+00  7.41310241e+05  5.39009457e+01 
 7.58577575e+05 -4.30942304e+00  7.58577575e+05  5.31800629e+01 
 7.76247117e+05 -4.46727466e+00  7.76247117e+05  5.24440759e+01 
 7.94328235e+05 -4.62308394e+00  7.94328235e+05  5.16927093e+01 
 8.12830516e+05 -4.77678951e+00  8.12830516e+05  5.09256851e+01 
 8.31763771e+05 -4.92832891e+00  8.31763771e+05  5.01427214e+01 
 8.51138038e+05 -5.07763861e+00  8.51138038e+05  4.93435320e+01 
 8.70963590e+05 -5.22465410e+00  8.70963590e+05  4.85278257e+01 
 8.91250938e+05 -5.36930989e+00  8.91250938e+05  4.76953054e+01 
 9.12010839e+05 -5.51153963e+00  9.12010839e+05  4.68456666e+01 
 9.33254301e+05 -5.65127617e+00  9.33254301e+05  4.59785970e+01 
 9.54992586e+05 -5.78845163e+00  9.54992586e+05  4.50937745e+01 
 9.77237221e+05 -5.92299753e+00  9.77237221e+05  4.41908660e+01 
 1.00000000e+06 -6.05484490e+00  1.00000000e+06  4.32695258e+01 
 1.02329299e+06 -6.18392440e+00  1.02329299e+06  4.23293937e+01 
 1.04712855e+06 -6.31016647e+00  1.04712855e+06  4.13700932e+01 
 1.07151931e+06 -6.43350151e+00  1.07151931e+06  4.03912287e+01 
 1.09647820e+06 -6.55386004e+00  1.09647820e+06  3.93923840e+01 
 1.12201845e+06 -6.67117291e+00  1.12201845e+06  3.83731187e+01 
 1.14815362e+06 -6.78537155e+00  1.14815362e+06  3.73329658e+01 
 1.17489755e+06 -6.89638820e+00  1.17489755e+06  3.62714281e+01 
 1.20226443e+06 -7.00415621e+00  1.20226443e+06  3.51879754e+01 
 1.23026877e+06 -7.10861036e+00  1.23026877e+06  3.40820398e+01 
 1.25892541e+06 -7.20968724e+00  1.25892541e+06  3.29530121e+01 
 1.28824955e+06 -7.30732564e+00  1.28824955e+06  3.18002374e+01 
 1.31825674e+06 -7.40146701e+00  1.31825674e+06  3.06230097e+01 
 1.34896288e+06 -7.49205604e+00  1.34896288e+06  2.94205675e+01 
 1.38038426e+06 -7.57904117e+00  1.38038426e+06  2.81920873e+01 
 1.41253754e+06 -7.66237537e+00  1.41253754e+06  2.69366786e+01 
 1.44543977e+06 -7.74201687e+00  1.44543977e+06  2.56533765e+01 
 1.47910839e+06 -7.81793006e+00  1.47910839e+06  2.43411356e+01 
 1.51356125e+06 -7.89008654e+00  1.51356125e+06  2.29988226e+01 
 1.54881662e+06 -7.95846631e+00  1.54881662e+06  2.16252088e+01 
 1.58489319e+06 -8.02305912e+00  1.58489319e+06  2.02189622e+01 
 1.62181010e+06 -8.08386605e+00  1.62181010e+06  1.87786392e+01 
 1.65958691e+06 -8.14090135e+00  1.65958691e+06  1.73026767e+01 
 1.69824365e+06 -8.19419453e+00  1.69824365e+06  1.57893834e+01 
 1.73780083e+06 -8.24379274e+00  1.73780083e+06  1.42369317e+01 
 1.77827941e+06 -8.28976363e+00  1.77827941e+06  1.26433496e+01 
 1.81970086e+06 -8.33219850e+00  1.81970086e+06  1.10065138e+01 
 1.86208714e+06 -8.37121598e+00  1.86208714e+06  9.32414303e+00 
 1.90546072e+06 -8.40696627e+00  1.90546072e+06  7.59379381e+00 
 1.94984460e+06 -8.43963590e+00  1.94984460e+06  5.81285746e+00 
 1.99526231e+06 -8.46945315e+00  1.99526231e+06  3.97856079e+00 
 2.04173794e+06 -8.49669418e+00  2.04173794e+06  2.08797040e+00 
 2.08929613e+06 -8.52168986e+00  2.08929613e+06  1.38002249e-01 
 2.13796209e+06 -8.54483331e+00  2.13796209e+06 -1.87456209e+00 
 2.18776162e+06 -8.56658810e+00  2.18776162e+06 -3.95305078e+00 
 2.23872114e+06 -8.58749716e+00  2.23872114e+06 -6.10086660e+00 
 2.29086765e+06 -8.60819200e+00  2.29086765e+06 -8.32143907e+00 
 2.34422882e+06 -8.62940226e+00  2.34422882e+06 -1.06181612e+01 
 2.39883292e+06 -8.65196495e+00  2.39883292e+06 -1.29943085e+01 
 2.45470892e+06 -8.67683299e+00  2.45470892e+06 -1.54529372e+01 
 2.51188643e+06 -8.70508237e+00  2.51188643e+06 -1.79967603e+01 
 2.57039578e+06 -8.73791675e+00  2.57039578e+06 -2.06279990e+01 
 2.63026799e+06 -8.77666869e+00  2.63026799e+06 -2.33482111e+01 
 2.69153480e+06 -8.82279589e+00  2.69153480e+06 -2.61580963e+01 
 2.75422870e+06 -8.87787115e+00  2.75422870e+06 -2.90572856e+01 
 2.81838293e+06 -8.94356457e+00  2.81838293e+06 -3.20441209e+01 
 2.88403150e+06 -9.02161674e+00  2.88403150e+06 -3.51154386e+01 
 2.95120923e+06 -9.11380204e+00  2.95120923e+06 -3.82663738e+01 
 3.01995172e+06 -9.22188205e+00  3.01995172e+06 -4.14902038e+01 
 3.09029543e+06 -9.34754992e+00  3.09029543e+06 -4.47782551e+01 
 3.16227766e+06 -9.49236796e+00  3.16227766e+06 -4.81198949e+01 
 3.23593657e+06 -9.65770182e+00  3.23593657e+06 -5.15026250e+01 
 3.31131121e+06 -9.84465607e+00  3.31131121e+06 -5.49122909e+01 
 3.38844156e+06 -1.00540165e+01  3.38844156e+06 -5.83334040e+01 
 3.46736850e+06 -1.02862043e+01  3.46736850e+06 -6.17495660e+01 
 3.54813389e+06 -1.05412476e+01  3.54813389e+06 -6.51439693e+01 
 3.63078055e+06 -1.08187728e+01  3.63078055e+06 -6.84999371e+01 
 3.71535229e+06 -1.11180166e+01  3.71535229e+06 -7.18014616e+01 
 3.80189396e+06 -1.14378584e+01  3.80189396e+06 -7.50336984e+01 
 3.89045145e+06 -1.17768694e+01  3.89045145e+06 -7.81833830e+01 
 3.98107171e+06 -1.21333729e+01  3.98107171e+06 -8.12391431e+01 
 4.07380278e+06 -1.25055116e+01  4.07380278e+06 -8.41916948e+01 
 4.16869383e+06 -1.28913155e+01  4.16869383e+06 -8.70339256e+01 
 4.26579519e+06 -1.32887670e+01  4.26579519e+06 -8.97608726e+01 
 4.36515832e+06 -1.36958586e+01  4.36515832e+06 -9.23696159e+01 
 4.46683592e+06 -1.41106415e+01  4.46683592e+06 -9.48591075e+01 
 4.57088190e+06 -1.45312648e+01  4.57088190e+06 -9.72299583e+01 
 4.67735141e+06 -1.49560044e+01  4.67735141e+06 -9.94842025e+01 
 4.78630092e+06 -1.53832827e+01  4.78630092e+06 -1.01625054e+02 
 4.89778819e+06 -1.58116802e+01  4.89778819e+06 -1.03656669e+02 
 5.01187234e+06 -1.62399403e+01  5.01187234e+06 -1.05583926e+02 
 5.12861384e+06 -1.66669685e+01  5.12861384e+06 -1.07412216e+02 
 5.24807460e+06 -1.70918277e+01  5.24807460e+06 -1.09147270e+02 
 5.37031796e+06 -1.75137294e+01  5.37031796e+06 -1.10794996e+02 
 5.49540874e+06 -1.79320234e+01  5.49540874e+06 -1.12361348e+02 
 5.62341325e+06 -1.83461860e+01  5.62341325e+06 -1.13852216e+02 
 5.75439937e+06 -1.87558065e+01  5.75439937e+06 -1.15273341e+02 
 5.88843655e+06 -1.91605743e+01  5.88843655e+06 -1.16630241e+02 
 6.02559586e+06 -1.95602657e+01  6.02559586e+06 -1.17928163e+02 
 6.16595002e+06 -1.99547309e+01  6.16595002e+06 -1.19172050e+02 
 6.30957344e+06 -2.03438826e+01  6.30957344e+06 -1.20366517e+02 
 6.45654229e+06 -2.07276841e+01  6.45654229e+06 -1.21515843e+02 
 6.60693448e+06 -2.11061397e+01  6.60693448e+06 -1.22623969e+02 
 6.76082975e+06 -2.14792853e+01  6.76082975e+06 -1.23694509e+02 
 6.91830971e+06 -2.18471811e+01  6.91830971e+06 -1.24730762e+02 
 7.07945784e+06 -2.22099041e+01  7.07945784e+06 -1.25735727e+02 
 7.24435960e+06 -2.25675429e+01  7.24435960e+06 -1.26712131e+02 
 7.41310241e+06 -2.29201927e+01  7.41310241e+06 -1.27662443e+02 
 7.58577575e+06 -2.32679517e+01  7.58577575e+06 -1.28588903e+02 
 7.76247117e+06 -2.36109182e+01  7.76247117e+06 -1.29493542e+02 
 7.94328235e+06 -2.39491880e+01  7.94328235e+06 -1.30378205e+02 
 8.12830516e+06 -2.42828531e+01  8.12830516e+06 -1.31244574e+02 
 8.31763771e+06 -2.46120004e+01  8.31763771e+06 -1.32094184e+02 
 8.51138038e+06 -2.49367111e+01  8.51138038e+06 -1.32928440e+02 
 8.70963590e+06 -2.52570606e+01  8.70963590e+06 -1.33748638e+02 
 8.91250938e+06 -2.55731177e+01  8.91250938e+06 -1.34555975e+02 
 9.12010839e+06 -2.58849457e+01  9.12010839e+06 -1.35351561e+02 
 9.33254301e+06 -2.61926021e+01  9.33254301e+06 -1.36136430e+02 
 9.54992586e+06 -2.64961392e+01  9.54992586e+06 -1.36911552e+02 
 9.77237221e+06 -2.67956045e+01  9.77237221e+06 -1.37677836e+02 
 1.00000000e+07 -2.70910415e+01  1.00000000e+07 -1.38436137e+02 
 1.02329299e+07 -2.73824901e+01  1.02329299e+07 -1.39187264e+02 
 1.04712855e+07 -2.76699871e+01  1.04712855e+07 -1.39931982e+02 
 1.07151931e+07 -2.79535670e+01  1.07151931e+07 -1.40671012e+02 
 1.09647820e+07 -2.82332620e+01  1.09647820e+07 -1.41405040e+02 
 1.12201845e+07 -2.85091035e+01  1.12201845e+07 -1.42134713e+02 
 1.14815362e+07 -2.87811214e+01  1.14815362e+07 -1.42860642e+02 
 1.17489755e+07 -2.90493454e+01  1.17489755e+07 -1.43583404e+02 
 1.20226443e+07 -2.93138052e+01  1.20226443e+07 -1.44303540e+02 
 1.23026877e+07 -2.95745304e+01  1.23026877e+07 -1.45021557e+02 
 1.25892541e+07 -2.98315517e+01  1.25892541e+07 -1.45737927e+02 
 1.28824955e+07 -3.00849001e+01  1.28824955e+07 -1.46453084e+02 
 1.31825674e+07 -3.03346082e+01  1.31825674e+07 -1.47167431e+02 
 1.34896288e+07 -3.05807096e+01  1.34896288e+07 -1.47881331e+02 
 1.38038426e+07 -3.08232397e+01  1.38038426e+07 -1.48595110e+02 
 1.41253754e+07 -3.10622354e+01  1.41253754e+07 -1.49309058e+02 
 1.44543977e+07 -3.12977354e+01  1.44543977e+07 -1.50023427e+02 
 1.47910839e+07 -3.15297803e+01  1.47910839e+07 -1.50738430e+02 
 1.51356125e+07 -3.17584127e+01  1.51356125e+07 -1.51454240e+02 
 1.54881662e+07 -3.19836769e+01  1.54881662e+07 -1.52170992e+02 
 1.58489319e+07 -3.22056196e+01  1.58489319e+07 -1.52888780e+02 
 1.62181010e+07 -3.24242894e+01  1.62181010e+07 -1.53607661e+02 
 1.65958691e+07 -3.26397366e+01  1.65958691e+07 -1.54327648e+02 
 1.69824365e+07 -3.28520137e+01  1.69824365e+07 -1.55048717e+02 
 1.73780083e+07 -3.30611750e+01  1.73780083e+07 -1.55770805e+02 
 1.77827941e+07 -3.32672768e+01  1.77827941e+07 -1.56493808e+02 
 1.81970086e+07 -3.34703766e+01  1.81970086e+07 -1.57217584e+02 
 1.86208714e+07 -3.36705340e+01  1.86208714e+07 -1.57941952e+02 
 1.90546072e+07 -3.38678098e+01  1.90546072e+07 -1.58666695e+02 
 1.94984460e+07 -3.40622662e+01  1.94984460e+07 -1.59391558e+02 
 1.99526231e+07 -3.42539665e+01  1.99526231e+07 -1.60116249e+02 
 2.04173794e+07 -3.44429749e+01  2.04173794e+07 -1.60840444e+02 
 2.08929613e+07 -3.46293565e+01  2.08929613e+07 -1.61563783e+02 
 2.13796209e+07 -3.48131771e+01  2.13796209e+07 -1.62285875e+02 
 2.18776162e+07 -3.49945027e+01  2.18776162e+07 -1.63006296e+02 
 2.23872114e+07 -3.51733995e+01  2.23872114e+07 -1.63724593e+02 
 2.29086765e+07 -3.53499335e+01  2.29086765e+07 -1.64440286e+02 
 2.34422882e+07 -3.55241707e+01  2.34422882e+07 -1.65152867e+02 
 2.39883292e+07 -3.56961760e+01  2.39883292e+07 -1.65861803e+02 
 2.45470892e+07 -3.58660139e+01  2.45470892e+07 -1.66566538e+02 
 2.51188643e+07 -3.60337475e+01  2.51188643e+07 -1.67266494e+02 
 2.57039578e+07 -3.61994384e+01  2.57039578e+07 -1.67961075e+02 
 2.63026799e+07 -3.63631468e+01  2.63026799e+07 -1.68649665e+02 
 2.69153480e+07 -3.65249306e+01  2.69153480e+07 -1.69331634e+02 
 2.75422870e+07 -3.66848454e+01  2.75422870e+07 -1.70006337e+02 
 2.81838293e+07 -3.68429443e+01  2.81838293e+07 -1.70673120e+02 
 2.88403150e+07 -3.69992776e+01  2.88403150e+07 -1.71331316e+02 
 2.95120923e+07 -3.71538920e+01  2.95120923e+07 -1.71980253e+02 
 3.01995172e+07 -3.73068312e+01  3.01995172e+07 -1.72619255e+02 
 3.09029543e+07 -3.74581346e+01  3.09029543e+07 -1.73247641e+02 
 3.16227766e+07 -3.76078379e+01  3.16227766e+07 -1.73864730e+02 
 3.23593657e+07 -3.77559723e+01  3.23593657e+07 -1.74469845e+02 
 3.31131121e+07 -3.79025645e+01  3.31131121e+07 -1.75062312e+02 
 3.38844156e+07 -3.80476361e+01  3.38844156e+07 -1.75641466e+02 
 3.46736850e+07 -3.81912039e+01  3.46736850e+07 -1.76206648e+02 
 3.54813389e+07 -3.83332792e+01  3.54813389e+07 -1.76757214e+02 
 3.63078055e+07 -3.84738679e+01  3.63078055e+07 -1.77292535e+02 
 3.71535229e+07 -3.86129700e+01  3.71535229e+07 -1.77811999e+02 
 3.80189396e+07 -3.87505801e+01  3.80189396e+07 -1.78315014e+02 
 3.89045145e+07 -3.88866863e+01  3.89045145e+07 -1.78801013e+02 
 3.98107171e+07 -3.90212711e+01  3.98107171e+07 -1.79269452e+02 
 4.07380278e+07 -3.91543106e+01  4.07380278e+07 -1.79719820e+02 
 4.16869383e+07 -3.92857749e+01  4.16869383e+07  1.79848366e+02 
 4.26579519e+07 -3.94156278e+01  4.26579519e+07  1.79435550e+02 
 4.36515832e+07 -3.95438272e+01  4.36515832e+07  1.79042140e+02 
 4.46683592e+07 -3.96703248e+01  4.46683592e+07  1.78668503e+02 
 4.57088190e+07 -3.97950665e+01  4.57088190e+07  1.78314960e+02 
 4.67735141e+07 -3.99179926e+01  4.67735141e+07  1.77981786e+02 
 4.78630092e+07 -4.00390377e+01  4.78630092e+07  1.77669204e+02 
 4.89778819e+07 -4.01581314e+01  4.89778819e+07  1.77377385e+02 
 5.01187234e+07 -4.02751985e+01  5.01187234e+07  1.77106442e+02 
 5.12861384e+07 -4.03901593e+01  5.12861384e+07  1.76856430e+02 
 5.24807460e+07 -4.05029300e+01  5.24807460e+07  1.76627339e+02 
 5.37031796e+07 -4.06134235e+01  5.37031796e+07  1.76419098e+02 
 5.49540874e+07 -4.07215497e+01  5.49540874e+07  1.76231565e+02 
 5.62341325e+07 -4.08272165e+01  5.62341325e+07  1.76064531e+02 
 5.75439937e+07 -4.09303300e+01  5.75439937e+07  1.75917714e+02 
 5.88843655e+07 -4.10307956e+01  5.88843655e+07  1.75790761e+02 
 6.02559586e+07 -4.11285188e+01  6.02559586e+07  1.75683245e+02 
 6.16595002e+07 -4.12234059e+01  6.16595002e+07  1.75594664e+02 
 6.30957344e+07 -4.13153653e+01  6.30957344e+07  1.75524441e+02 
 6.45654229e+07 -4.14043078e+01  6.45654229e+07  1.75471926e+02 
 6.60693448e+07 -4.14901481e+01  6.60693448e+07  1.75436395e+02 
 6.76082975e+07 -4.15728056e+01  6.76082975e+07  1.75417055e+02 
 6.91830971e+07 -4.16522055e+01  6.91830971e+07  1.75413041e+02 
 7.07945784e+07 -4.17282795e+01  7.07945784e+07  1.75423427e+02 
 7.24435960e+07 -4.18009672e+01  7.24435960e+07  1.75447220e+02 
 7.41310241e+07 -4.18702166e+01  7.41310241e+07  1.75483374e+02 
 7.58577575e+07 -4.19359851e+01  7.58577575e+07  1.75530790e+02 
 7.76247117e+07 -4.19982407e+01  7.76247117e+07  1.75588323e+02 
 7.94328235e+07 -4.20569620e+01  7.94328235e+07  1.75654790e+02 
 8.12830516e+07 -4.21121394e+01  8.12830516e+07  1.75728975e+02 
 8.31763771e+07 -4.21637754e+01  8.31763771e+07  1.75809639e+02 
 8.51138038e+07 -4.22118848e+01  8.51138038e+07  1.75895528e+02 
 8.70963590e+07 -4.22564953e+01  8.70963590e+07  1.75985378e+02 
 8.91250938e+07 -4.22976474e+01  8.91250938e+07  1.76077929e+02 
 9.12010839e+07 -4.23353944e+01  9.12010839e+07  1.76171930e+02 
 9.33254301e+07 -4.23698022e+01  9.33254301e+07  1.76266147e+02 
 9.54992586e+07 -4.24009490e+01  9.54992586e+07  1.76359377e+02 
 9.77237221e+07 -4.24289248e+01  9.77237221e+07  1.76450448e+02 
 1.00000000e+08 -4.24538307e+01  1.00000000e+08  1.76538233e+02 
