 1.00000000e+00  7.79842380e+01  1.00000000e+00  1.78463325e+02 
 1.02329299e+00  7.79838743e+01  1.02329299e+00  1.78430769e+02 
 1.04712855e+00  7.79835112e+01  1.04712855e+00  1.78397437e+02 
 1.07151931e+00  7.79831483e+01  1.07151931e+00  1.78363309e+02 
 1.09647820e+00  7.79827853e+01  1.09647820e+00  1.78328365e+02 
 1.12201845e+00  7.79824217e+01  1.12201845e+00  1.78292584e+02 
 1.14815362e+00  7.79820573e+01  1.14815362e+00  1.78255945e+02 
 1.17489755e+00  7.79816915e+01  1.17489755e+00  1.78218427e+02 
 1.20226443e+00  7.79813239e+01  1.20226443e+00  1.78180008e+02 
 1.23026877e+00  7.79809540e+01  1.23026877e+00  1.78140666e+02 
 1.25892541e+00  7.79805813e+01  1.25892541e+00  1.78100378e+02 
 1.28824955e+00  7.79802053e+01  1.28824955e+00  1.78059121e+02 
 1.31825674e+00  7.79798255e+01  1.31825674e+00  1.78016871e+02 
 1.34896288e+00  7.79794412e+01  1.34896288e+00  1.77973605e+02 
 1.38038426e+00  7.79790519e+01  1.38038426e+00  1.77929299e+02 
 1.41253754e+00  7.79786570e+01  1.41253754e+00  1.77883927e+02 
 1.44543977e+00  7.79782557e+01  1.44543977e+00  1.77837464e+02 
 1.47910839e+00  7.79778474e+01  1.47910839e+00  1.77789884e+02 
 1.51356125e+00  7.79774315e+01  1.51356125e+00  1.77741161e+02 
 1.54881662e+00  7.79770071e+01  1.54881662e+00  1.77691268e+02 
 1.58489319e+00  7.79765735e+01  1.58489319e+00  1.77640178e+02 
 1.62181010e+00  7.79761300e+01  1.62181010e+00  1.77587862e+02 
 1.65958691e+00  7.79756756e+01  1.65958691e+00  1.77534292e+02 
 1.69824365e+00  7.79752097e+01  1.69824365e+00  1.77479439e+02 
 1.73780083e+00  7.79747312e+01  1.73780083e+00  1.77423273e+02 
 1.77827941e+00  7.79742392e+01  1.77827941e+00  1.77365765e+02 
 1.81970086e+00  7.79737329e+01  1.81970086e+00  1.77306882e+02 
 1.86208714e+00  7.79732112e+01  1.86208714e+00  1.77246593e+02 
 1.90546072e+00  7.79726731e+01  1.90546072e+00  1.77184866e+02 
 1.94984460e+00  7.79721175e+01  1.94984460e+00  1.77121668e+02 
 1.99526231e+00  7.79715433e+01  1.99526231e+00  1.77056966e+02 
 2.04173794e+00  7.79709494e+01  2.04173794e+00  1.76990725e+02 
 2.08929613e+00  7.79703346e+01  2.08929613e+00  1.76922909e+02 
 2.13796209e+00  7.79696975e+01  2.13796209e+00  1.76853483e+02 
 2.18776162e+00  7.79690370e+01  2.18776162e+00  1.76782411e+02 
 2.23872114e+00  7.79683517e+01  2.23872114e+00  1.76709655e+02 
 2.29086765e+00  7.79676401e+01  2.29086765e+00  1.76635176e+02 
 2.34422882e+00  7.79669009e+01  2.34422882e+00  1.76558937e+02 
 2.39883292e+00  7.79661324e+01  2.39883292e+00  1.76480896e+02 
 2.45470892e+00  7.79653331e+01  2.45470892e+00  1.76401014e+02 
 2.51188643e+00  7.79645014e+01  2.51188643e+00  1.76319248e+02 
 2.57039578e+00  7.79636355e+01  2.57039578e+00  1.76235556e+02 
 2.63026799e+00  7.79627336e+01  2.63026799e+00  1.76149895e+02 
 2.69153480e+00  7.79617939e+01  2.69153480e+00  1.76062221e+02 
 2.75422870e+00  7.79608144e+01  2.75422870e+00  1.75972489e+02 
 2.81838293e+00  7.79597930e+01  2.81838293e+00  1.75880651e+02 
 2.88403150e+00  7.79587278e+01  2.88403150e+00  1.75786662e+02 
 2.95120923e+00  7.79576163e+01  2.95120923e+00  1.75690472e+02 
 3.01995172e+00  7.79564564e+01  3.01995172e+00  1.75592033e+02 
 3.09029543e+00  7.79552456e+01  3.09029543e+00  1.75491295e+02 
 3.16227766e+00  7.79539814e+01  3.16227766e+00  1.75388206e+02 
 3.23593657e+00  7.79526611e+01  3.23593657e+00  1.75282714e+02 
 3.31131121e+00  7.79512821e+01  3.31131121e+00  1.75174766e+02 
 3.38844156e+00  7.79498414e+01  3.38844156e+00  1.75064307e+02 
 3.46736850e+00  7.79483361e+01  3.46736850e+00  1.74951281e+02 
 3.54813389e+00  7.79467631e+01  3.54813389e+00  1.74835633e+02 
 3.63078055e+00  7.79451190e+01  3.63078055e+00  1.74717304e+02 
 3.71535229e+00  7.79434006e+01  3.71535229e+00  1.74596235e+02 
 3.80189396e+00  7.79416041e+01  3.80189396e+00  1.74472366e+02 
 3.89045145e+00  7.79397260e+01  3.89045145e+00  1.74345636e+02 
 3.98107171e+00  7.79377622e+01  3.98107171e+00  1.74215982e+02 
 4.07380278e+00  7.79357089e+01  4.07380278e+00  1.74083340e+02 
 4.16869383e+00  7.79335617e+01  4.16869383e+00  1.73947646e+02 
 4.26579519e+00  7.79313162e+01  4.26579519e+00  1.73808833e+02 
 4.36515832e+00  7.79289678e+01  4.36515832e+00  1.73666834e+02 
 4.46683592e+00  7.79265116e+01  4.46683592e+00  1.73521581e+02 
 4.57088190e+00  7.79239428e+01  4.57088190e+00  1.73373003e+02 
 4.67735141e+00  7.79212559e+01  4.67735141e+00  1.73221029e+02 
 4.78630092e+00  7.79184454e+01  4.78630092e+00  1.73065586e+02 
 4.89778819e+00  7.79155058e+01  4.89778819e+00  1.72906603e+02 
 5.01187234e+00  7.79124309e+01  5.01187234e+00  1.72744002e+02 
 5.12861384e+00  7.79092145e+01  5.12861384e+00  1.72577708e+02 
 5.24807460e+00  7.79058501e+01  5.24807460e+00  1.72407644e+02 
 5.37031796e+00  7.79023308e+01  5.37031796e+00  1.72233731e+02 
 5.49540874e+00  7.78986496e+01  5.49540874e+00  1.72055889e+02 
 5.62341325e+00  7.78947991e+01  5.62341325e+00  1.71874037e+02 
 5.75439937e+00  7.78907714e+01  5.75439937e+00  1.71688093e+02 
 5.88843655e+00  7.78865586e+01  5.88843655e+00  1.71497973e+02 
 6.02559586e+00  7.78821521e+01  6.02559586e+00  1.71303592e+02 
 6.16595002e+00  7.78775433e+01  6.16595002e+00  1.71104864e+02 
 6.30957344e+00  7.78727228e+01  6.30957344e+00  1.70901703e+02 
 6.45654229e+00  7.78676812e+01  6.45654229e+00  1.70694021e+02 
 6.60693448e+00  7.78624085e+01  6.60693448e+00  1.70481728e+02 
 6.76082975e+00  7.78568943e+01  6.76082975e+00  1.70264735e+02 
 6.91830971e+00  7.78511278e+01  6.91830971e+00  1.70042949e+02 
 7.07945784e+00  7.78450977e+01  7.07945784e+00  1.69816280e+02 
 7.24435960e+00  7.78387922e+01  7.24435960e+00  1.69584635e+02 
 7.41310241e+00  7.78321991e+01  7.41310241e+00  1.69347920e+02 
 7.58577575e+00  7.78253057e+01  7.58577575e+00  1.69106040e+02 
 7.76247117e+00  7.78180987e+01  7.76247117e+00  1.68858901e+02 
 7.94328235e+00  7.78105643e+01  7.94328235e+00  1.68606407e+02 
 8.12830516e+00  7.78026882e+01  8.12830516e+00  1.68348463e+02 
 8.31763771e+00  7.77944554e+01  8.31763771e+00  1.68084971e+02 
 8.51138038e+00  7.77858503e+01  8.51138038e+00  1.67815837e+02 
 8.70963590e+00  7.77768569e+01  8.70963590e+00  1.67540962e+02 
 8.91250938e+00  7.77674584e+01  8.91250938e+00  1.67260250e+02 
 9.12010839e+00  7.77576374e+01  9.12010839e+00  1.66973605e+02 
 9.33254301e+00  7.77473759e+01  9.33254301e+00  1.66680930e+02 
 9.54992586e+00  7.77366549e+01  9.54992586e+00  1.66382129e+02 
 9.77237221e+00  7.77254552e+01  9.77237221e+00  1.66077108e+02 
 1.00000000e+01  7.77137566e+01  1.00000000e+01  1.65765772e+02 
 1.02329299e+01  7.77015381e+01  1.02329299e+01  1.65448026e+02 
 1.04712855e+01  7.76887780e+01  1.04712855e+01  1.65123780e+02 
 1.07151931e+01  7.76754541e+01  1.07151931e+01  1.64792942e+02 
 1.09647820e+01  7.76615430e+01  1.09647820e+01  1.64455422e+02 
 1.12201845e+01  7.76470209e+01  1.12201845e+01  1.64111133e+02 
 1.14815362e+01  7.76318628e+01  1.14815362e+01  1.63759990e+02 
 1.17489755e+01  7.76160433e+01  1.17489755e+01  1.63401910e+02 
 1.20226443e+01  7.75995359e+01  1.20226443e+01  1.63036812e+02 
 1.23026877e+01  7.75823133e+01  1.23026877e+01  1.62664618e+02 
 1.25892541e+01  7.75643474e+01  1.25892541e+01  1.62285256e+02 
 1.28824955e+01  7.75456094e+01  1.28824955e+01  1.61898653e+02 
 1.31825674e+01  7.75260693e+01  1.31825674e+01  1.61504743e+02 
 1.34896288e+01  7.75056967e+01  1.34896288e+01  1.61103463e+02 
 1.38038426e+01  7.74844600e+01  1.38038426e+01  1.60694757e+02 
 1.41253754e+01  7.74623269e+01  1.41253754e+01  1.60278569e+02 
 1.44543977e+01  7.74392643e+01  1.44543977e+01  1.59854854e+02 
 1.47910839e+01  7.74152384e+01  1.47910839e+01  1.59423569e+02 
 1.51356125e+01  7.73902143e+01  1.51356125e+01  1.58984677e+02 
 1.54881662e+01  7.73641566e+01  1.54881662e+01  1.58538151e+02 
 1.58489319e+01  7.73370291e+01  1.58489319e+01  1.58083967e+02 
 1.62181010e+01  7.73087947e+01  1.62181010e+01  1.57622110e+02 
 1.65958691e+01  7.72794158e+01  1.65958691e+01  1.57152573e+02 
 1.69824365e+01  7.72488542e+01  1.69824365e+01  1.56675357e+02 
 1.73780083e+01  7.72170708e+01  1.73780083e+01  1.56190471e+02 
 1.77827941e+01  7.71840263e+01  1.77827941e+01  1.55697934e+02 
 1.81970086e+01  7.71496805e+01  1.81970086e+01  1.55197773e+02 
 1.86208714e+01  7.71139932e+01  1.86208714e+01  1.54690026e+02 
 1.90546072e+01  7.70769235e+01  1.90546072e+01  1.54174741e+02 
 1.94984460e+01  7.70384302e+01  1.94984460e+01  1.53651977e+02 
 1.99526231e+01  7.69984720e+01  1.99526231e+01  1.53121802e+02 
 2.04173794e+01  7.69570073e+01  2.04173794e+01  1.52584297e+02 
 2.08929613e+01  7.69139944e+01  2.08929613e+01  1.52039554e+02 
 2.13796209e+01  7.68693918e+01  2.13796209e+01  1.51487676e+02 
 2.18776162e+01  7.68231578e+01  2.18776162e+01  1.50928780e+02 
 2.23872114e+01  7.67752513e+01  2.23872114e+01  1.50362994e+02 
 2.29086765e+01  7.67256311e+01  2.29086765e+01  1.49790458e+02 
 2.34422882e+01  7.66742566e+01  2.34422882e+01  1.49211325e+02 
 2.39883292e+01  7.66210878e+01  2.39883292e+01  1.48625761e+02 
 2.45470892e+01  7.65660851e+01  2.45470892e+01  1.48033944e+02 
 2.51188643e+01  7.65092098e+01  2.51188643e+01  1.47436065e+02 
 2.57039578e+01  7.64504242e+01  2.57039578e+01  1.46832329e+02 
 2.63026799e+01  7.63896912e+01  2.63026799e+01  1.46222950e+02 
 2.69153480e+01  7.63269753e+01  2.69153480e+01  1.45608158e+02 
 2.75422870e+01  7.62622417e+01  2.75422870e+01  1.44988192e+02 
 2.81838293e+01  7.61954574e+01  2.81838293e+01  1.44363306e+02 
 2.88403150e+01  7.61265906e+01  2.88403150e+01  1.43733762e+02 
 2.95120923e+01  7.60556111e+01  2.95120923e+01  1.43099835e+02 
 3.01995172e+01  7.59824906e+01  3.01995172e+01  1.42461810e+02 
 3.09029543e+01  7.59072022e+01  3.09029543e+01  1.41819982e+02 
 3.16227766e+01  7.58297213e+01  3.16227766e+01  1.41174656e+02 
 3.23593657e+01  7.57500250e+01  3.23593657e+01  1.40526143e+02 
 3.31131121e+01  7.56680927e+01  3.31131121e+01  1.39874766e+02 
 3.38844156e+01  7.55839057e+01  3.38844156e+01  1.39220853e+02 
 3.46736850e+01  7.54974479e+01  3.46736850e+01  1.38564738e+02 
 3.54813389e+01  7.54087052e+01  3.54813389e+01  1.37906762e+02 
 3.63078055e+01  7.53176660e+01  3.63078055e+01  1.37247269e+02 
 3.71535229e+01  7.52243211e+01  3.71535229e+01  1.36586610e+02 
 3.80189396e+01  7.51286637e+01  3.80189396e+01  1.35925136e+02 
 3.89045145e+01  7.50306895e+01  3.89045145e+01  1.35263201e+02 
 3.98107171e+01  7.49303968e+01  3.98107171e+01  1.34601160e+02 
 4.07380278e+01  7.48277862e+01  4.07380278e+01  1.33939369e+02 
 4.16869383e+01  7.47228608e+01  4.16869383e+01  1.33278182e+02 
 4.26579519e+01  7.46156265e+01  4.26579519e+01  1.32617951e+02 
 4.36515832e+01  7.45060912e+01  4.36515832e+01  1.31959027e+02 
 4.46683592e+01  7.43942656e+01  4.46683592e+01  1.31301756e+02 
 4.57088190e+01  7.42801624e+01  4.57088190e+01  1.30646480e+02 
 4.67735141e+01  7.41637971e+01  4.67735141e+01  1.29993534e+02 
 4.78630092e+01  7.40451869e+01  4.78630092e+01  1.29343250e+02 
 4.89778819e+01  7.39243515e+01  4.89778819e+01  1.28695950e+02 
 5.01187234e+01  7.38013127e+01  5.01187234e+01  1.28051950e+02 
 5.12861384e+01  7.36760941e+01  5.12861384e+01  1.27411557e+02 
 5.24807460e+01  7.35487215e+01  5.24807460e+01  1.26775068e+02 
 5.37031796e+01  7.34192223e+01  5.37031796e+01  1.26142773e+02 
 5.49540874e+01  7.32876256e+01  5.49540874e+01  1.25514948e+02 
 5.62341325e+01  7.31539623e+01  5.62341325e+01  1.24891862e+02 
 5.75439937e+01  7.30182644e+01  5.75439937e+01  1.24273770e+02 
 5.88843655e+01  7.28805657e+01  5.88843655e+01  1.23660917e+02 
 6.02559586e+01  7.27409010e+01  6.02559586e+01  1.23053536e+02 
 6.16595002e+01  7.25993063e+01  6.16595002e+01  1.22451848e+02 
 6.30957344e+01  7.24558187e+01  6.30957344e+01  1.21856062e+02 
 6.45654229e+01  7.23104760e+01  6.45654229e+01  1.21266373e+02 
 6.60693448e+01  7.21633170e+01  6.60693448e+01  1.20682966e+02 
 6.76082975e+01  7.20143810e+01  6.76082975e+01  1.20106012e+02 
 6.91830971e+01  7.18637080e+01  6.91830971e+01  1.19535670e+02 
 7.07945784e+01  7.17113384e+01  7.07945784e+01  1.18972086e+02 
 7.24435960e+01  7.15573129e+01  7.24435960e+01  1.18415395e+02 
 7.41310241e+01  7.14016725e+01  7.41310241e+01  1.17865719e+02 
 7.58577575e+01  7.12444584e+01  7.58577575e+01  1.17323168e+02 
 7.76247117e+01  7.10857118e+01  7.76247117e+01  1.16787841e+02 
 7.94328235e+01  7.09254738e+01  7.94328235e+01  1.16259824e+02 
 8.12830516e+01  7.07637855e+01  8.12830516e+01  1.15739193e+02 
 8.31763771e+01  7.06006877e+01  8.31763771e+01  1.15226014e+02 
 8.51138038e+01  7.04362210e+01  8.51138038e+01  1.14720341e+02 
 8.70963590e+01  7.02704257e+01  8.70963590e+01  1.14222218e+02 
 8.91250938e+01  7.01033416e+01  8.91250938e+01  1.13731680e+02 
 9.12010839e+01  6.99350082e+01  9.12010839e+01  1.13248752e+02 
 9.33254301e+01  6.97654642e+01  9.33254301e+01  1.12773449e+02 
 9.54992586e+01  6.95947481e+01  9.54992586e+01  1.12305779e+02 
 9.77237221e+01  6.94228974e+01  9.77237221e+01  1.11845740e+02 
 1.00000000e+02  6.92499494e+01  1.00000000e+02  1.11393325e+02 
 1.02329299e+02  6.90759403e+01  1.02329299e+02  1.10948516e+02 
 1.04712855e+02  6.89009058e+01  1.04712855e+02  1.10511291e+02 
 1.07151931e+02  6.87248810e+01  1.07151931e+02  1.10081618e+02 
 1.09647820e+02  6.85478999e+01  1.09647820e+02  1.09659462e+02 
 1.12201845e+02  6.83699961e+01  1.12201845e+02  1.09244781e+02 
 1.14815362e+02  6.81912020e+01  1.14815362e+02  1.08837526e+02 
 1.17489755e+02  6.80115495e+01  1.17489755e+02  1.08437644e+02 
 1.20226443e+02  6.78310696e+01  1.20226443e+02  1.08045078e+02 
 1.23026877e+02  6.76497925e+01  1.23026877e+02  1.07659766e+02 
 1.25892541e+02  6.74677475e+01  1.25892541e+02  1.07281640e+02 
 1.28824955e+02  6.72849633e+01  1.28824955e+02  1.06910632e+02 
 1.31825674e+02  6.71014674e+01  1.31825674e+02  1.06546667e+02 
 1.34896288e+02  6.69172868e+01  1.34896288e+02  1.06189668e+02 
 1.38038426e+02  6.67324476e+01  1.38038426e+02  1.05839557e+02 
 1.41253754e+02  6.65469750e+01  1.41253754e+02  1.05496251e+02 
 1.44543977e+02  6.63608936e+01  1.44543977e+02  1.05159665e+02 
 1.47910839e+02  6.61742270e+01  1.47910839e+02  1.04829712e+02 
 1.51356125e+02  6.59869982e+01  1.51356125e+02  1.04506306e+02 
 1.54881662e+02  6.57992294e+01  1.54881662e+02  1.04189354e+02 
 1.58489319e+02  6.56109420e+01  1.58489319e+02  1.03878767e+02 
 1.62181010e+02  6.54221566e+01  1.62181010e+02  1.03574452e+02 
 1.65958691e+02  6.52328933e+01  1.65958691e+02  1.03276315e+02 
 1.69824365e+02  6.50431713e+01  1.69824365e+02  1.02984262e+02 
 1.73780083e+02  6.48530092e+01  1.73780083e+02  1.02698198e+02 
 1.77827941e+02  6.46624250e+01  1.77827941e+02  1.02418028e+02 
 1.81970086e+02  6.44714358e+01  1.81970086e+02  1.02143656e+02 
 1.86208714e+02  6.42800584e+01  1.86208714e+02  1.01874987e+02 
 1.90546072e+02  6.40883087e+01  1.90546072e+02  1.01611925e+02 
 1.94984460e+02  6.38962022e+01  1.94984460e+02  1.01354374e+02 
 1.99526231e+02  6.37037537e+01  1.99526231e+02  1.01102239e+02 
 2.04173794e+02  6.35109774e+01  2.04173794e+02  1.00855424e+02 
 2.08929613e+02  6.33178872e+01  2.08929613e+02  1.00613836e+02 
 2.13796209e+02  6.31244961e+01  2.13796209e+02  1.00377380e+02 
 2.18776162e+02  6.29308168e+01  2.18776162e+02  1.00145962e+02 
 2.23872114e+02  6.27368616e+01  2.23872114e+02  9.99194895e+01 
 2.29086765e+02  6.25426421e+01  2.29086765e+02  9.96978705e+01 
 2.34422882e+02  6.23481695e+01  2.34422882e+02  9.94810136e+01 
 2.39883292e+02  6.21534547e+01  2.39883292e+02  9.92688285e+01 
 2.45470892e+02  6.19585080e+01  2.45470892e+02  9.90612255e+01 
 2.51188643e+02  6.17633392e+01  2.51188643e+02  9.88581162e+01 
 2.57039578e+02  6.15679580e+01  2.57039578e+02  9.86594130e+01 
 2.63026799e+02  6.13723734e+01  2.63026799e+02  9.84650295e+01 
 2.69153480e+02  6.11765943e+01  2.69153480e+02  9.82748802e+01 
 2.75422870e+02  6.09806289e+01  2.75422870e+02  9.80888810e+01 
 2.81838293e+02  6.07844855e+01  2.81838293e+02  9.79069486e+01 
 2.88403150e+02  6.05881716e+01  2.88403150e+02  9.77290010e+01 
 2.95120923e+02  6.03916948e+01  2.95120923e+02  9.75549576e+01 
 3.01995172e+02  6.01950620e+01  3.01995172e+02  9.73847387e+01 
 3.09029543e+02  5.99982801e+01  3.09029543e+02  9.72182658e+01 
 3.16227766e+02  5.98013556e+01  3.16227766e+02  9.70554619e+01 
 3.23593657e+02  5.96042946e+01  3.23593657e+02  9.68962510e+01 
 3.31131121e+02  5.94071032e+01  3.31131121e+02  9.67405584e+01 
 3.38844156e+02  5.92097871e+01  3.38844156e+02  9.65883105e+01 
 3.46736850e+02  5.90123518e+01  3.46736850e+02  9.64394353e+01 
 3.54813389e+02  5.88148024e+01  3.54813389e+02  9.62938616e+01 
 3.63078055e+02  5.86171440e+01  3.63078055e+02  9.61515197e+01 
 3.71535229e+02  5.84193814e+01  3.71535229e+02  9.60123411e+01 
 3.80189396e+02  5.82215192e+01  3.80189396e+02  9.58762585e+01 
 3.89045145e+02  5.80235618e+01  3.89045145e+02  9.57432057e+01 
 3.98107171e+02  5.78255133e+01  3.98107171e+02  9.56131178e+01 
 4.07380278e+02  5.76273778e+01  4.07380278e+02  9.54859313e+01 
 4.16869383e+02  5.74291591e+01  4.16869383e+02  9.53615836e+01 
 4.26579519e+02  5.72308610e+01  4.26579519e+02  9.52400133e+01 
 4.36515832e+02  5.70324869e+01  4.36515832e+02  9.51211604e+01 
 4.46683592e+02  5.68340402e+01  4.46683592e+02  9.50049658e+01 
 4.57088190e+02  5.66355241e+01  4.57088190e+02  9.48913717e+01 
 4.67735141e+02  5.64369417e+01  4.67735141e+02  9.47803215e+01 
 4.78630092e+02  5.62382959e+01  4.78630092e+02  9.46717594e+01 
 4.89778819e+02  5.60395896e+01  4.89778819e+02  9.45656311e+01 
 5.01187234e+02  5.58408255e+01  5.01187234e+02  9.44618831e+01 
 5.12861384e+02  5.56420061e+01  5.12861384e+02  9.43604631e+01 
 5.24807460e+02  5.54431338e+01  5.24807460e+02  9.42613198e+01 
 5.37031796e+02  5.52442111e+01  5.37031796e+02  9.41644030e+01 
 5.49540874e+02  5.50452402e+01  5.49540874e+02  9.40696635e+01 
 5.62341325e+02  5.48462232e+01  5.62341325e+02  9.39770531e+01 
 5.75439937e+02  5.46471622e+01  5.75439937e+02  9.38865246e+01 
 5.88843655e+02  5.44480592e+01  5.88843655e+02  9.37980318e+01 
 6.02559586e+02  5.42489160e+01  6.02559586e+02  9.37115294e+01 
 6.16595002e+02  5.40497344e+01  6.16595002e+02  9.36269731e+01 
 6.30957344e+02  5.38505161e+01  6.30957344e+02  9.35443195e+01 
 6.45654229e+02  5.36512628e+01  6.45654229e+02  9.34635261e+01 
 6.60693448e+02  5.34519761e+01  6.60693448e+02  9.33845514e+01 
 6.76082975e+02  5.32526574e+01  6.76082975e+02  9.33073547e+01 
 6.91830971e+02  5.30533082e+01  6.91830971e+02  9.32318962e+01 
 7.07945784e+02  5.28539298e+01  7.07945784e+02  9.31581368e+01 
 7.24435960e+02  5.26545236e+01  7.24435960e+02  9.30860384e+01 
 7.41310241e+02  5.24550908e+01  7.41310241e+02  9.30155638e+01 
 7.58577575e+02  5.22556325e+01  7.58577575e+02  9.29466762e+01 
 7.76247117e+02  5.20561500e+01  7.76247117e+02  9.28793401e+01 
 7.94328235e+02  5.18566443e+01  7.94328235e+02  9.28135205e+01 
 8.12830516e+02  5.16571164e+01  8.12830516e+02  9.27491830e+01 
 8.31763771e+02  5.14575674e+01  8.31763771e+02  9.26862943e+01 
 8.51138038e+02  5.12579983e+01  8.51138038e+02  9.26248216e+01 
 8.70963590e+02  5.10584098e+01  8.70963590e+02  9.25647328e+01 
 8.91250938e+02  5.08588029e+01  8.91250938e+02  9.25059966e+01 
 9.12010839e+02  5.06591784e+01  9.12010839e+02  9.24485824e+01 
 9.33254301e+02  5.04595371e+01  9.33254301e+02  9.23924601e+01 
 9.54992586e+02  5.02598797e+01  9.54992586e+02  9.23376005e+01 
 9.77237221e+02  5.00602070e+01  9.77237221e+02  9.22839748e+01 
 1.00000000e+03  4.98605197e+01  1.00000000e+03  9.22315549e+01 
 1.02329299e+03  4.96608185e+01  1.02329299e+03  9.21803135e+01 
 1.04712855e+03  4.94611039e+01  1.04712855e+03  9.21302236e+01 
 1.07151931e+03  4.92613765e+01  1.07151931e+03  9.20812590e+01 
 1.09647820e+03  4.90616370e+01  1.09647820e+03  9.20333940e+01 
 1.12201845e+03  4.88618859e+01  1.12201845e+03  9.19866035e+01 
 1.14815362e+03  4.86621237e+01  1.14815362e+03  9.19408630e+01 
 1.17489755e+03  4.84623509e+01  1.17489755e+03  9.18961483e+01 
 1.20226443e+03  4.82625680e+01  1.20226443e+03  9.18524361e+01 
 1.23026877e+03  4.80627755e+01  1.23026877e+03  9.18097032e+01 
 1.25892541e+03  4.78629738e+01  1.25892541e+03  9.17679273e+01 
 1.28824955e+03  4.76631633e+01  1.28824955e+03  9.17270864e+01 
 1.31825674e+03  4.74633444e+01  1.31825674e+03  9.16871590e+01 
 1.34896288e+03  4.72635175e+01  1.34896288e+03  9.16481240e+01 
 1.38038426e+03  4.70636829e+01  1.38038426e+03  9.16099610e+01 
 1.41253754e+03  4.68638411e+01  1.41253754e+03  9.15726497e+01 
 1.44543977e+03  4.66639924e+01  1.44543977e+03  9.15361705e+01 
 1.47910839e+03  4.64641370e+01  1.47910839e+03  9.15005043e+01 
 1.51356125e+03  4.62642753e+01  1.51356125e+03  9.14656321e+01 
 1.54881662e+03  4.60644075e+01  1.54881662e+03  9.14315357e+01 
 1.58489319e+03  4.58645340e+01  1.58489319e+03  9.13981970e+01 
 1.62181010e+03  4.56646550e+01  1.62181010e+03  9.13655984e+01 
 1.65958691e+03  4.54647708e+01  1.65958691e+03  9.13337228e+01 
 1.69824365e+03  4.52648817e+01  1.69824365e+03  9.13025532e+01 
 1.73780083e+03  4.50649877e+01  1.73780083e+03  9.12720733e+01 
 1.77827941e+03  4.48650893e+01  1.77827941e+03  9.12422669e+01 
 1.81970086e+03  4.46651865e+01  1.81970086e+03  9.12131184e+01 
 1.86208714e+03  4.44652797e+01  1.86208714e+03  9.11846122e+01 
 1.90546072e+03  4.42653689e+01  1.90546072e+03  9.11567334e+01 
 1.94984460e+03  4.40654544e+01  1.94984460e+03  9.11294672e+01 
 1.99526231e+03  4.38655364e+01  1.99526231e+03  9.11027992e+01 
 2.04173794e+03  4.36656151e+01  2.04173794e+03  9.10767154e+01 
 2.08929613e+03  4.34656905e+01  2.08929613e+03  9.10512018e+01 
 2.13796209e+03  4.32657629e+01  2.13796209e+03  9.10262450e+01 
 2.18776162e+03  4.30658324e+01  2.18776162e+03  9.10018319e+01 
 2.23872114e+03  4.28658992e+01  2.23872114e+03  9.09779495e+01 
 2.29086765e+03  4.26659634e+01  2.29086765e+03  9.09545851e+01 
 2.34422882e+03  4.24660252e+01  2.34422882e+03  9.09317265e+01 
 2.39883292e+03  4.22660846e+01  2.39883292e+03  9.09093615e+01 
 2.45470892e+03  4.20661419e+01  2.45470892e+03  9.08874783e+01 
 2.51188643e+03  4.18661970e+01  2.51188643e+03  9.08660653e+01 
 2.57039578e+03  4.16662502e+01  2.57039578e+03  9.08451111e+01 
 2.63026799e+03  4.14663016e+01  2.63026799e+03  9.08246048e+01 
 2.69153480e+03  4.12663512e+01  2.69153480e+03  9.08045353e+01 
 2.75422870e+03  4.10663992e+01  2.75422870e+03  9.07848922e+01 
 2.81838293e+03  4.08664456e+01  2.81838293e+03  9.07656650e+01 
 2.88403150e+03  4.06664906e+01  2.88403150e+03  9.07468435e+01 
 2.95120923e+03  4.04665343e+01  2.95120923e+03  9.07284177e+01 
 3.01995172e+03  4.02665768e+01  3.01995172e+03  9.07103780e+01 
 3.09029543e+03  4.00666180e+01  3.09029543e+03  9.06927147e+01 
 3.16227766e+03  3.98666583e+01  3.16227766e+03  9.06754184e+01 
 3.23593657e+03  3.96666975e+01  3.23593657e+03  9.06584801e+01 
 3.31131121e+03  3.94667358e+01  3.31131121e+03  9.06418907e+01 
 3.38844156e+03  3.92667734e+01  3.38844156e+03  9.06256415e+01 
 3.46736850e+03  3.90668101e+01  3.46736850e+03  9.06097238e+01 
 3.54813389e+03  3.88668463e+01  3.54813389e+03  9.05941292e+01 
 3.63078055e+03  3.86668818e+01  3.63078055e+03  9.05788495e+01 
 3.71535229e+03  3.84669168e+01  3.71535229e+03  9.05638765e+01 
 3.80189396e+03  3.82669515e+01  3.80189396e+03  9.05492024e+01 
 3.89045145e+03  3.80669857e+01  3.89045145e+03  9.05348192e+01 
 3.98107171e+03  3.78670197e+01  3.98107171e+03  9.05207195e+01 
 4.07380278e+03  3.76670534e+01  4.07380278e+03  9.05068957e+01 
 4.16869383e+03  3.74670870e+01  4.16869383e+03  9.04933405e+01 
 4.26579519e+03  3.72671205e+01  4.26579519e+03  9.04800467e+01 
 4.36515832e+03  3.70671540e+01  4.36515832e+03  9.04670072e+01 
 4.46683592e+03  3.68671876e+01  4.46683592e+03  9.04542152e+01 
 4.57088190e+03  3.66672214e+01  4.57088190e+03  9.04416638e+01 
 4.67735141e+03  3.64672553e+01  4.67735141e+03  9.04293464e+01 
 4.78630092e+03  3.62672896e+01  4.78630092e+03  9.04172565e+01 
 4.89778819e+03  3.60673241e+01  4.89778819e+03  9.04053876e+01 
 5.01187234e+03  3.58673592e+01  5.01187234e+03  9.03937335e+01 
 5.12861384e+03  3.56673947e+01  5.12861384e+03  9.03822879e+01 
 5.24807460e+03  3.54674308e+01  5.24807460e+03  9.03710447e+01 
 5.37031796e+03  3.52674676e+01  5.37031796e+03  9.03599981e+01 
 5.49540874e+03  3.50675051e+01  5.49540874e+03  9.03491421e+01 
 5.62341325e+03  3.48675434e+01  5.62341325e+03  9.03384709e+01 
 5.75439937e+03  3.46675826e+01  5.75439937e+03  9.03279789e+01 
 5.88843655e+03  3.44676228e+01  5.88843655e+03  9.03176605e+01 
 6.02559586e+03  3.42676640e+01  6.02559586e+03  9.03075102e+01 
 6.16595002e+03  3.40677064e+01  6.16595002e+03  9.02975227e+01 
 6.30957344e+03  3.38677500e+01  6.30957344e+03  9.02876925e+01 
 6.45654229e+03  3.36677950e+01  6.45654229e+03  9.02780145e+01 
 6.60693448e+03  3.34678414e+01  6.60693448e+03  9.02684835e+01 
 6.76082975e+03  3.32678893e+01  6.76082975e+03  9.02590945e+01 
 6.91830971e+03  3.30679389e+01  6.91830971e+03  9.02498423e+01 
 7.07945784e+03  3.28679902e+01  7.07945784e+03  9.02407222e+01 
 7.24435960e+03  3.26680433e+01  7.24435960e+03  9.02317291e+01 
 7.41310241e+03  3.24680984e+01  7.41310241e+03  9.02228584e+01 
 7.58577575e+03  3.22681555e+01  7.58577575e+03  9.02141053e+01 
 7.76247117e+03  3.20682149e+01  7.76247117e+03  9.02054650e+01 
 7.94328235e+03  3.18682765e+01  7.94328235e+03  9.01969330e+01 
 8.12830516e+03  3.16683407e+01  8.12830516e+03  9.01885047e+01 
 8.31763771e+03  3.14684074e+01  8.31763771e+03  9.01801756e+01 
 8.51138038e+03  3.12684768e+01  8.51138038e+03  9.01719412e+01 
 8.70963590e+03  3.10685491e+01  8.70963590e+03  9.01637970e+01 
 8.91250938e+03  3.08686244e+01  8.91250938e+03  9.01557388e+01 
 9.12010839e+03  3.06687029e+01  9.12010839e+03  9.01477621e+01 
 9.33254301e+03  3.04687847e+01  9.33254301e+03  9.01398627e+01 
 9.54992586e+03  3.02688701e+01  9.54992586e+03  9.01320363e+01 
 9.77237221e+03  3.00689591e+01  9.77237221e+03  9.01242786e+01 
 1.00000000e+04  2.98690521e+01  1.00000000e+04  9.01165856e+01 
 1.02329299e+04  2.96691491e+01  1.02329299e+04  9.01089529e+01 
 1.04712855e+04  2.94692505e+01  1.04712855e+04  9.01013764e+01 
 1.07151931e+04  2.92693563e+01  1.07151931e+04  9.00938521e+01 
 1.09647820e+04  2.90694669e+01  1.09647820e+04  9.00863758e+01 
 1.12201845e+04  2.88695824e+01  1.12201845e+04  9.00789434e+01 
 1.14815362e+04  2.86697032e+01  1.14815362e+04  9.00715509e+01 
 1.17489755e+04  2.84698294e+01  1.17489755e+04  9.00641941e+01 
 1.20226443e+04  2.82699613e+01  1.20226443e+04  9.00568691e+01 
 1.23026877e+04  2.80700993e+01  1.23026877e+04  9.00495718e+01 
 1.25892541e+04  2.78702435e+01  1.25892541e+04  9.00422981e+01 
 1.28824955e+04  2.76703944e+01  1.28824955e+04  9.00350440e+01 
 1.31825674e+04  2.74705521e+01  1.31825674e+04  9.00278055e+01 
 1.34896288e+04  2.72707171e+01  1.34896288e+04  9.00205784e+01 
 1.38038426e+04  2.70708897e+01  1.38038426e+04  9.00133588e+01 
 1.41253754e+04  2.68710703e+01  1.41253754e+04  9.00061426e+01 
 1.44543977e+04  2.66712592e+01  1.44543977e+04  8.99989256e+01 
 1.47910839e+04  2.64714569e+01  1.47910839e+04  8.99917038e+01 
 1.51356125e+04  2.62716637e+01  1.51356125e+04  8.99844730e+01 
 1.54881662e+04  2.60718801e+01  1.54881662e+04  8.99772290e+01 
 1.58489319e+04  2.58721065e+01  1.58489319e+04  8.99699678e+01 
 1.62181010e+04  2.56723434e+01  1.62181010e+04  8.99626849e+01 
 1.65958691e+04  2.54725914e+01  1.65958691e+04  8.99553763e+01 
 1.69824365e+04  2.52728509e+01  1.69824365e+04  8.99480376e+01 
 1.73780083e+04  2.50731225e+01  1.73780083e+04  8.99406643e+01 
 1.77827941e+04  2.48734067e+01  1.77827941e+04  8.99332522e+01 
 1.81970086e+04  2.46737042e+01  1.81970086e+04  8.99257968e+01 
 1.86208714e+04  2.44740156e+01  1.86208714e+04  8.99182935e+01 
 1.90546072e+04  2.42743414e+01  1.90546072e+04  8.99107378e+01 
 1.94984460e+04  2.40746825e+01  1.94984460e+04  8.99031250e+01 
 1.99526231e+04  2.38750394e+01  1.99526231e+04  8.98954504e+01 
 2.04173794e+04  2.36754131e+01  2.04173794e+04  8.98877092e+01 
 2.08929613e+04  2.34758041e+01  2.08929613e+04  8.98798965e+01 
 2.13796209e+04  2.32762134e+01  2.13796209e+04  8.98720072e+01 
 2.18776162e+04  2.30766418e+01  2.18776162e+04  8.98640363e+01 
 2.23872114e+04  2.28770902e+01  2.23872114e+04  8.98559786e+01 
 2.29086765e+04  2.26775596e+01  2.29086765e+04  8.98478288e+01 
 2.34422882e+04  2.24780508e+01  2.34422882e+04  8.98395814e+01 
 2.39883292e+04  2.22785649e+01  2.39883292e+04  8.98312308e+01 
 2.45470892e+04  2.20791030e+01  2.45470892e+04  8.98227714e+01 
 2.51188643e+04  2.18796662e+01  2.51188643e+04  8.98141973e+01 
 2.57039578e+04  2.16802557e+01  2.57039578e+04  8.98055025e+01 
 2.63026799e+04  2.14808726e+01  2.63026799e+04  8.97966807e+01 
 2.69153480e+04  2.12815183e+01  2.69153480e+04  8.97877257e+01 
 2.75422870e+04  2.10821941e+01  2.75422870e+04  8.97786309e+01 
 2.81838293e+04  2.08829013e+01  2.81838293e+04  8.97693895e+01 
 2.88403150e+04  2.06836414e+01  2.88403150e+04  8.97599946e+01 
 2.95120923e+04  2.04844160e+01  2.95120923e+04  8.97504389e+01 
 3.01995172e+04  2.02852266e+01  3.01995172e+04  8.97407151e+01 
 3.09029543e+04  2.00860748e+01  3.09029543e+04  8.97308155e+01 
 3.16227766e+04  1.98869625e+01  3.16227766e+04  8.97207321e+01 
 3.23593657e+04  1.96878913e+01  3.23593657e+04  8.97104567e+01 
 3.31131121e+04  1.94888633e+01  3.31131121e+04  8.96999807e+01 
 3.38844156e+04  1.92898803e+01  3.38844156e+04  8.96892953e+01 
 3.46736850e+04  1.90909444e+01  3.46736850e+04  8.96783913e+01 
 3.54813389e+04  1.88920579e+01  3.54813389e+04  8.96672590e+01 
 3.63078055e+04  1.86932228e+01  3.63078055e+04  8.96558887e+01 
 3.71535229e+04  1.84944415e+01  3.71535229e+04  8.96442699e+01 
 3.80189396e+04  1.82957166e+01  3.80189396e+04  8.96323918e+01 
 3.89045145e+04  1.80970504e+01  3.89045145e+04  8.96202431e+01 
 3.98107171e+04  1.78984458e+01  3.98107171e+04  8.96078123e+01 
 4.07380278e+04  1.76999054e+01  4.07380278e+04  8.95950870e+01 
 4.16869383e+04  1.75014322e+01  4.16869383e+04  8.95820544e+01 
 4.26579519e+04  1.73030291e+01  4.26579519e+04  8.95687012e+01 
 4.36515832e+04  1.71046994e+01  4.36515832e+04  8.95550135e+01 
 4.46683592e+04  1.69064462e+01  4.46683592e+04  8.95409765e+01 
 4.57088190e+04  1.67082729e+01  4.57088190e+04  8.95265751e+01 
 4.67735141e+04  1.65101833e+01  4.67735141e+04  8.95117932e+01 
 4.78630092e+04  1.63121808e+01  4.78630092e+04  8.94966141e+01 
 4.89778819e+04  1.61142694e+01  4.89778819e+04  8.94810200e+01 
 5.01187234e+04  1.59164531e+01  5.01187234e+04  8.94649925e+01 
 5.12861384e+04  1.57187361e+01  5.12861384e+04  8.94485123e+01 
 5.24807460e+04  1.55211226e+01  5.24807460e+04  8.94315591e+01 
 5.37031796e+04  1.53236173e+01  5.37031796e+04  8.94141113e+01 
 5.49540874e+04  1.51262247e+01  5.49540874e+04  8.93961466e+01 
 5.62341325e+04  1.49289498e+01  5.62341325e+04  8.93776414e+01 
 5.75439937e+04  1.47317976e+01  5.75439937e+04  8.93585709e+01 
 5.88843655e+04  1.45347734e+01  5.88843655e+04  8.93389089e+01 
 6.02559586e+04  1.43378826e+01  6.02559586e+04  8.93186279e+01 
 6.16595002e+04  1.41411310e+01  6.16595002e+04  8.92976992e+01 
 6.30957344e+04  1.39445242e+01  6.30957344e+04  8.92760921e+01 
 6.45654229e+04  1.37480685e+01  6.45654229e+04  8.92537748e+01 
 6.60693448e+04  1.35517702e+01  6.60693448e+04  8.92307135e+01 
 6.76082975e+04  1.33556357e+01  6.76082975e+04  8.92068727e+01 
 6.91830971e+04  1.31596719e+01  6.91830971e+04  8.91822149e+01 
 7.07945784e+04  1.29638856e+01  7.07945784e+04  8.91567007e+01 
 7.24435960e+04  1.27682842e+01  7.24435960e+04  8.91302887e+01 
 7.41310241e+04  1.25728751e+01  7.41310241e+04  8.91029350e+01 
 7.58577575e+04  1.23776660e+01  7.58577575e+04  8.90745937e+01 
 7.76247117e+04  1.21826649e+01  7.76247117e+04  8.90452161e+01 
 7.94328235e+04  1.19878799e+01  7.94328235e+04  8.90147512e+01 
 8.12830516e+04  1.17933195e+01  8.12830516e+04  8.89831451e+01 
 8.31763771e+04  1.15989924e+01  8.31763771e+04  8.89503410e+01 
 8.51138038e+04  1.14049076e+01  8.51138038e+04  8.89162791e+01 
 8.70963590e+04  1.12110741e+01  8.70963590e+04  8.88808967e+01 
 8.91250938e+04  1.10175015e+01  8.91250938e+04  8.88441273e+01 
 9.12010839e+04  1.08241994e+01  9.12010839e+04  8.88059014e+01 
 9.33254301e+04  1.06311777e+01  9.33254301e+04  8.87661455e+01 
 9.54992586e+04  1.04384466e+01  9.54992586e+04  8.87247826e+01 
 9.77237221e+04  1.02460164e+01  9.77237221e+04  8.86817313e+01 
 1.00000000e+05  1.00538978e+01  1.00000000e+05  8.86369065e+01 
 1.02329299e+05  9.86210138e+00  1.02329299e+05  8.85902183e+01 
 1.04712855e+05  9.67063826e+00  1.04712855e+05  8.85415728e+01 
 1.07151931e+05  9.47951958e+00  1.07151931e+05  8.84908709e+01 
 1.09647820e+05  9.28875666e+00  1.09647820e+05  8.84380088e+01 
 1.12201845e+05  9.09836099e+00  1.12201845e+05  8.83828777e+01 
 1.14815362e+05  8.90834417e+00  1.14815362e+05  8.83253635e+01 
 1.17489755e+05  8.71871794e+00  1.17489755e+05  8.82653465e+01 
 1.20226443e+05  8.52949409e+00  1.20226443e+05  8.82027016e+01 
 1.23026877e+05  8.34068451e+00  1.23026877e+05  8.81372977e+01 
 1.25892541e+05  8.15230110e+00  1.25892541e+05  8.80689978e+01 
 1.28824955e+05  7.96435577e+00  1.28824955e+05  8.79976587e+01 
 1.31825674e+05  7.77686041e+00  1.31825674e+05  8.79231309e+01 
 1.34896288e+05  7.58982685e+00  1.34896288e+05  8.78452586e+01 
 1.38038426e+05  7.40326679e+00  1.38038426e+05  8.77638791e+01 
 1.41253754e+05  7.21719183e+00  1.41253754e+05  8.76788232e+01 
 1.44543977e+05  7.03161338e+00  1.44543977e+05  8.75899148e+01 
 1.47910839e+05  6.84654259e+00  1.47910839e+05  8.74969708e+01 
 1.51356125e+05  6.66199039e+00  1.51356125e+05  8.73998012e+01 
 1.54881662e+05  6.47796734e+00  1.54881662e+05  8.72982089e+01 
 1.58489319e+05  6.29448367e+00  1.58489319e+05  8.71919896e+01 
 1.62181010e+05  6.11154915e+00  1.62181010e+05  8.70809321e+01 
 1.65958691e+05  5.92917310e+00  1.65958691e+05  8.69648178e+01 
 1.69824365e+05  5.74736429e+00  1.69824365e+05  8.68434215e+01 
 1.73780083e+05  5.56613090e+00  1.73780083e+05  8.67165106e+01 
 1.77827941e+05  5.38548048e+00  1.77827941e+05  8.65838460e+01 
 1.81970086e+05  5.20541986e+00  1.81970086e+05  8.64451816e+01 
 1.86208714e+05  5.02595511e+00  1.86208714e+05  8.63002650e+01 
 1.90546072e+05  4.84709150e+00  1.90546072e+05  8.61488374e+01 
 1.94984460e+05  4.66883341e+00  1.94984460e+05  8.59906340e+01 
 1.99526231e+05  4.49118431e+00  1.99526231e+05  8.58253843e+01 
 2.04173794e+05  4.31414668e+00  2.04173794e+05  8.56528123e+01 
 2.08929613e+05  4.13772200e+00  2.08929613e+05  8.54726369e+01 
 2.13796209e+05  3.96191066e+00  2.13796209e+05  8.52845727e+01 
 2.18776162e+05  3.78671194e+00  2.18776162e+05  8.50883299e+01 
 2.23872114e+05  3.61212400e+00  2.23872114e+05  8.48836150e+01 
 2.29086765e+05  3.43814380e+00  2.29086765e+05  8.46701315e+01 
 2.34422882e+05  3.26476711e+00  2.34422882e+05  8.44475803e+01 
 2.39883292e+05  3.09198848e+00  2.39883292e+05  8.42156604e+01 
 2.45470892e+05  2.91980125e+00  2.45470892e+05  8.39740693e+01 
 2.51188643e+05  2.74819749e+00  2.51188643e+05  8.37225038e+01 
 2.57039578e+05  2.57716807e+00  2.57039578e+05  8.34606610e+01 
 2.63026799e+05  2.40670263e+00  2.63026799e+05  8.31882382e+01 
 2.69153480e+05  2.23678964e+00  2.69153480e+05  8.29049343e+01 
 2.75422870e+05  2.06741638e+00  2.75422870e+05  8.26104503e+01 
 2.81838293e+05  1.89856903e+00  2.81838293e+05  8.23044899e+01 
 2.88403150e+05  1.73023267e+00  2.88403150e+05  8.19867604e+01 
 2.95120923e+05  1.56239140e+00  2.95120923e+05  8.16569729e+01 
 3.01995172e+05  1.39502834e+00  3.01995172e+05  8.13148438e+01 
 3.09029543e+05  1.22812576e+00  3.09029543e+05  8.09600947e+01 
 3.16227766e+05  1.06166513e+00  3.16227766e+05  8.05924535e+01 
 3.23593657e+05  8.95627253e-01  3.23593657e+05  8.02116547e+01 
 3.31131121e+05  7.29992309e-01  3.31131121e+05  7.98174401e+01 
 3.38844156e+05  5.64740007e-01  3.38844156e+05  7.94095593e+01 
 3.46736850e+05  3.99849679e-01  3.46736850e+05  7.89877702e+01 
 3.54813389e+05  2.35300403e-01  3.54813389e+05  7.85518393e+01 
 3.63078055e+05  7.10711209e-02  3.63078055e+05  7.81015421e+01 
 3.71535229e+05 -9.28592337e-02  3.71535229e+05  7.76366635e+01 
 3.80189396e+05 -2.56511611e-01  3.80189396e+05  7.71569981e+01 
 3.89045145e+05 -4.19906717e-01  3.89045145e+05  7.66623499e+01 
 3.98107171e+05 -5.83064887e-01  3.98107171e+05  7.61525332e+01 
 4.07380278e+05 -7.46005962e-01  4.07380278e+05  7.56273720e+01 
 4.16869383e+05 -9.08749164e-01  4.16869383e+05  7.50867004e+01 
 4.26579519e+05 -1.07131298e+00  4.26579519e+05  7.45303624e+01 
 4.36515832e+05 -1.23371504e+00  4.36515832e+05  7.39582119e+01 
 4.46683592e+05 -1.39597204e+00  4.46683592e+05  7.33701124e+01 
 4.57088190e+05 -1.55809958e+00  4.57088190e+05  7.27659371e+01 
 4.67735141e+05 -1.72011216e+00  4.67735141e+05  7.21455683e+01 
 4.78630092e+05 -1.88202302e+00  4.78630092e+05  7.15088975e+01 
 4.89778819e+05 -2.04384409e+00  4.89778819e+05  7.08558250e+01 
 5.01187234e+05 -2.20558595e+00  5.01187234e+05  7.01862596e+01 
 5.12861384e+05 -2.36725775e+00  5.12861384e+05  6.95001183e+01 
 5.24807460e+05 -2.52886719e+00  5.24807460e+05  6.87973259e+01 
 5.37031796e+05 -2.69042047e+00  5.37031796e+05  6.80778150e+01 
 5.49540874e+05 -2.85192228e+00  5.49540874e+05  6.73415252e+01 
 5.62341325e+05 -3.01337581e+00  5.62341325e+05  6.65884035e+01 
 5.75439937e+05 -3.17478274e+00  5.75439937e+05  6.58184032e+01 
 5.88843655e+05 -3.33614324e+00  5.88843655e+05  6.50314845e+01 
 6.02559586e+05 -3.49745604e+00  6.02559586e+05  6.42276138e+01 
 6.16595002e+05 -3.65871846e+00  6.16595002e+05  6.34067635e+01 
 6.30957344e+05 -3.81992643e+00  6.30957344e+05  6.25689123e+01 
 6.45654229e+05 -3.98107458e+00  6.45654229e+05  6.17140448e+01 
 6.60693448e+05 -4.14215631e+00  6.60693448e+05  6.08421513e+01 
 6.76082975e+05 -4.30316388e+00  6.76082975e+05  5.99532285e+01 
 6.91830971e+05 -4.46408846e+00  6.91830971e+05  5.90472789e+01 
 7.07945784e+05 -4.62492029e+00  7.07945784e+05  5.81243110e+01 
 7.24435960e+05 -4.78564874e+00  7.24435960e+05  5.71843402e+01 
 7.41310241e+05 -4.94626242e+00  7.41310241e+05  5.62273879e+01 
 7.58577575e+05 -5.10674933e+00  7.58577575e+05  5.52534830e+01 
 7.76247117e+05 -5.26709699e+00  7.76247117e+05  5.42626612e+01 
 7.94328235e+05 -5.42729252e+00  7.94328235e+05  5.32549660e+01 
 8.12830516e+05 -5.58732283e+00  8.12830516e+05  5.22304490e+01 
 8.31763771e+05 -5.74717471e+00  8.31763771e+05  5.11891704e+01 
 8.51138038e+05 -5.90683501e+00  8.51138038e+05  5.01311993e+01 
 8.70963590e+05 -6.06629075e+00  8.70963590e+05  4.90566145e+01 
 8.91250938e+05 -6.22552930e+00  8.91250938e+05  4.79655048e+01 
 9.12010839e+05 -6.38453848e+00  9.12010839e+05  4.68579699e+01 
 9.33254301e+05 -6.54330674e+00  9.33254301e+05  4.57341207e+01 
 9.54992586e+05 -6.70182329e+00  9.54992586e+05  4.45940799e+01 
 9.77237221e+05 -6.86007824e+00  9.77237221e+05  4.34379829e+01 
 1.00000000e+06 -7.01806274e+00  1.00000000e+06  4.22659780e+01 
 1.02329299e+06 -7.17576914e+00  1.02329299e+06  4.10782272e+01 
 1.04712855e+06 -7.33319108e+00  1.04712855e+06  3.98749065e+01 
 1.07151931e+06 -7.49032367e+00  1.07151931e+06  3.86562068e+01 
 1.09647820e+06 -7.64716360e+00  1.09647820e+06  3.74223340e+01 
 1.12201845e+06 -7.80370924e+00  1.12201845e+06  3.61735095e+01 
 1.14815362e+06 -7.95996080e+00  1.14815362e+06  3.49099707e+01 
 1.17489755e+06 -8.11592039e+00  1.17489755e+06  3.36319712e+01 
 1.20226443e+06 -8.27159220e+00  1.20226443e+06  3.23397813e+01 
 1.23026877e+06 -8.42698251e+00  1.23026877e+06  3.10336878e+01 
 1.25892541e+06 -8.58209987e+00  1.25892541e+06  2.97139943e+01 
 1.28824955e+06 -8.73695511e+00  1.28824955e+06  2.83810215e+01 
 1.31825674e+06 -8.89156150e+00  1.31825674e+06  2.70351067e+01 
 1.34896288e+06 -9.04593474e+00  1.34896288e+06  2.56766042e+01 
 1.38038426e+06 -9.20009309e+00  1.38038426e+06  2.43058849e+01 
 1.41253754e+06 -9.35405737e+00  1.41253754e+06  2.29233360e+01 
 1.44543977e+06 -9.50785109e+00  1.44543977e+06  2.15293608e+01 
 1.47910839e+06 -9.66150039e+00  1.47910839e+06  2.01243784e+01 
 1.51356125e+06 -9.81503419e+00  1.51356125e+06  1.87088233e+01 
 1.54881662e+06 -9.96848410e+00  1.54881662e+06  1.72831447e+01 
 1.58489319e+06 -1.01218846e+01  1.58489319e+06  1.58478064e+01 
 1.62181010e+06 -1.02752728e+01  1.62181010e+06  1.44032857e+01 
 1.65958691e+06 -1.04286887e+01  1.65958691e+06  1.29500736e+01 
 1.69824365e+06 -1.05821753e+01  1.69824365e+06  1.14886737e+01 
 1.73780083e+06 -1.07357780e+01  1.73780083e+06  1.00196019e+01 
 1.77827941e+06 -1.08895454e+01  1.77827941e+06  8.54338570e+00 
 1.81970086e+06 -1.10435287e+01  1.81970086e+06  7.06056423e+00 
 1.86208714e+06 -1.11977820e+01  1.86208714e+06  5.57168745e+00 
 1.90546072e+06 -1.13523619e+01  1.90546072e+06  4.07731614e+00 
 1.94984460e+06 -1.15073281e+01  1.94984460e+06  2.57802170e+00 
 1.99526231e+06 -1.16627428e+01  1.99526231e+06  1.07438624e+00 
 2.04173794e+06 -1.18186709e+01  2.04173794e+06 -4.32997207e-01 
 2.08929613e+06 -1.19751799e+01  2.08929613e+06 -1.94352425e+00 
 2.13796209e+06 -1.21323401e+01  2.13796209e+06 -3.45657846e+00 
 2.18776162e+06 -1.22902238e+01  2.18776162e+06 -4.97153038e+00 
 2.23872114e+06 -1.24489061e+01  2.23872114e+06 -6.48773628e+00 
 2.29086765e+06 -1.26084640e+01  2.29086765e+06 -8.00453663e+00 
 2.34422882e+06 -1.27689768e+01  2.34422882e+06 -9.52125408e+00 
 2.39883292e+06 -1.29305253e+01  2.39883292e+06 -1.10371913e+01 
 2.45470892e+06 -1.30931921e+01  2.45470892e+06 -1.25516282e+01 
 2.51188643e+06 -1.32570607e+01  2.51188643e+06 -1.40638192e+01 
 2.57039578e+06 -1.34222155e+01  2.57039578e+06 -1.55729898e+01 
 2.63026799e+06 -1.35887408e+01  2.63026799e+06 -1.70783327e+01 
 2.69153480e+06 -1.37567206e+01  2.69153480e+06 -1.85790049e+01 
 2.75422870e+06 -1.39262374e+01  2.75422870e+06 -2.00741230e+01 
 2.81838293e+06 -1.40973714e+01  2.81838293e+06 -2.15627597e+01 
 2.88403150e+06 -1.42701993e+01  2.88403150e+06 -2.30439403e+01 
 2.95120923e+06 -1.44447931e+01  2.95120923e+06 -2.45166396e+01 
 3.01995172e+06 -1.46212186e+01  3.01995172e+06 -2.59797790e+01 
 3.09029543e+06 -1.47995332e+01  3.09029543e+06 -2.74322255e+01 
 3.16227766e+06 -1.49797850e+01  3.16227766e+06 -2.88727910e+01 
 3.23593657e+06 -1.51620096e+01  3.23593657e+06 -3.03002343e+01 
 3.31131121e+06 -1.53462288e+01  3.31131121e+06 -3.17132643e+01 
 3.38844156e+06 -1.55324480e+01  3.38844156e+06 -3.31105462e+01 
 3.46736850e+06 -1.57206535e+01  3.46736850e+06 -3.44907102e+01 
 3.54813389e+06 -1.59108110e+01  3.54813389e+06 -3.58523637e+01 
 3.63078055e+06 -1.61028627e+01  3.63078055e+06 -3.71941061e+01 
 3.71535229e+06 -1.62967261e+01  3.71535229e+06 -3.85145480e+01 
 3.80189396e+06 -1.64922922e+01  3.80189396e+06 -3.98123323e+01 
 3.89045145e+06 -1.66894246e+01  3.89045145e+06 -4.10861594e+01 
 3.98107171e+06 -1.68879592e+01  3.98107171e+06 -4.23348146e+01 
 4.07380278e+06 -1.70877049e+01  4.07380278e+06 -4.35571961e+01 
 4.16869383e+06 -1.72884446e+01  4.16869383e+06 -4.47523448e+01 
 4.26579519e+06 -1.74899377e+01  4.26579519e+06 -4.59194724e+01 
 4.36515832e+06 -1.76919231e+01  4.36515832e+06 -4.70579882e+01 
 4.46683592e+06 -1.78941234e+01  4.46683592e+06 -4.81675219e+01 
 4.57088190e+06 -1.80962493e+01  4.57088190e+06 -4.92479421e+01 
 4.67735141e+06 -1.82980052e+01  4.67735141e+06 -5.02993680e+01 
 4.78630092e+06 -1.84990949e+01  4.78630092e+06 -5.13221752e+01 
 4.89778819e+06 -1.86992274e+01  4.89778819e+06 -5.23169932e+01 
 5.01187234e+06 -1.88981227e+01  5.01187234e+06 -5.32846962e+01 
 5.12861384e+06 -1.90955172e+01  5.12861384e+06 -5.42263860e+01 
 5.24807460e+06 -1.92911682e+01  5.24807460e+06 -5.51433690e+01 
 5.37031796e+06 -1.94848584e+01  5.37031796e+06 -5.60371275e+01 
 5.49540874e+06 -1.96763981e+01  5.49540874e+06 -5.69092880e+01 
 5.62341325e+06 -1.98656279e+01  5.62341325e+06 -5.77615861e+01 
 5.75439937e+06 -2.00524193e+01  5.75439937e+06 -5.85958319e+01 
 5.88843655e+06 -2.02366743e+01  5.88843655e+06 -5.94138756e+01 
 6.02559586e+06 -2.04183251e+01  6.02559586e+06 -6.02175754e+01 
 6.16595002e+06 -2.05973318e+01  6.16595002e+06 -6.10087691e+01 
 6.30957344e+06 -2.07736801e+01  6.30957344e+06 -6.17892493e+01 
 6.45654229e+06 -2.09473788e+01  6.45654229e+06 -6.25607430e+01 
 6.60693448e+06 -2.11184564e+01  6.60693448e+06 -6.33248963e+01 
 6.76082975e+06 -2.12869582e+01  6.76082975e+06 -6.40832634e+01 
 6.91830971e+06 -2.14529429e+01  6.91830971e+06 -6.48372997e+01 
 7.07945784e+06 -2.16164800e+01  7.07945784e+06 -6.55883588e+01 
 7.24435960e+06 -2.17776467e+01  7.24435960e+06 -6.63376926e+01 
 7.41310241e+06 -2.19365255e+01  7.41310241e+06 -6.70864542e+01 
 7.58577575e+06 -2.20932021e+01  7.58577575e+06 -6.78357024e+01 
 7.76247117e+06 -2.22477635e+01  7.76247117e+06 -6.85864085e+01 
 7.94328235e+06 -2.24002969e+01  7.94328235e+06 -6.93394626e+01 
 8.12830516e+06 -2.25508880e+01  8.12830516e+06 -7.00956822e+01 
 8.31763771e+06 -2.26996201e+01  8.31763771e+06 -7.08558193e+01 
 8.51138038e+06 -2.28465743e+01  8.51138038e+06 -7.16205683e+01 
 8.70963590e+06 -2.29918281e+01  8.70963590e+06 -7.23905734e+01 
 8.91250938e+06 -2.31354558e+01  8.91250938e+06 -7.31664349e+01 
 9.12010839e+06 -2.32775285e+01  9.12010839e+06 -7.39487154e+01 
 9.33254301e+06 -2.34181137e+01  9.33254301e+06 -7.47379452e+01 
 9.54992586e+06 -2.35572763e+01  9.54992586e+06 -7.55346264e+01 
 9.77237221e+06 -2.36950781e+01  9.77237221e+06 -7.63392371e+01 
 1.00000000e+07 -2.38315786e+01  1.00000000e+07 -7.71522342e+01 
 1.02329299e+07 -2.39668353e+01  1.02329299e+07 -7.79740552e+01 
 1.04712855e+07 -2.41009040e+01  1.04712855e+07 -7.88051208e+01 
 1.07151931e+07 -2.42338393e+01  1.07151931e+07 -7.96458349e+01 
 1.09647820e+07 -2.43656949e+01  1.09647820e+07 -8.04965854e+01 
 1.12201845e+07 -2.44965242e+01  1.12201845e+07 -8.13577442e+01 
 1.14815362e+07 -2.46263803e+01  1.14815362e+07 -8.22296666e+01 
 1.17489755e+07 -2.47553166e+01  1.17489755e+07 -8.31126900e+01 
 1.20226443e+07 -2.48833871e+01  1.20226443e+07 -8.40071332e+01 
 1.23026877e+07 -2.50106466e+01  1.23026877e+07 -8.49132942e+01 
 1.25892541e+07 -2.51371511e+01  1.25892541e+07 -8.58314488e+01 
 1.28824955e+07 -2.52629577e+01  1.28824955e+07 -8.67618483e+01 
 1.31825674e+07 -2.53881250e+01  1.31825674e+07 -8.77047172e+01 
 1.34896288e+07 -2.55127132e+01  1.34896288e+07 -8.86602511e+01 
 1.38038426e+07 -2.56367843e+01  1.38038426e+07 -8.96286140e+01 
 1.41253754e+07 -2.57604018e+01  1.41253754e+07 -9.06099357e+01 
 1.44543977e+07 -2.58836312e+01  1.44543977e+07 -9.16043093e+01 
 1.47910839e+07 -2.60065397e+01  1.47910839e+07 -9.26117888e+01 
 1.51356125e+07 -2.61291961e+01  1.51356125e+07 -9.36323860e+01 
 1.54881662e+07 -2.62516711e+01  1.54881662e+07 -9.46660684e+01 
 1.58489319e+07 -2.63740367e+01  1.58489319e+07 -9.57127565e+01 
 1.62181010e+07 -2.64963664e+01  1.62181010e+07 -9.67723213e+01 
 1.65958691e+07 -2.66187350e+01  1.65958691e+07 -9.78445820e+01 
 1.69824365e+07 -2.67412184e+01  1.69824365e+07 -9.89293040e+01 
 1.73780083e+07 -2.68638932e+01  1.73780083e+07 -1.00026197e+02 
 1.77827941e+07 -2.69868366e+01  1.77827941e+07 -1.01134911e+02 
 1.81970086e+07 -2.71101263e+01  1.81970086e+07 -1.02255039e+02 
 1.86208714e+07 -2.72338398e+01  1.86208714e+07 -1.03386111e+02 
 1.90546072e+07 -2.73580545e+01  1.90546072e+07 -1.04527594e+02 
 1.94984460e+07 -2.74828471e+01  1.94984460e+07 -1.05678893e+02 
 1.99526231e+07 -2.76082935e+01  1.99526231e+07 -1.06839347e+02 
 2.04173794e+07 -2.77344681e+01  2.04173794e+07 -1.08008230e+02 
 2.08929613e+07 -2.78614437e+01  2.08929613e+07 -1.09184751e+02 
 2.13796209e+07 -2.79892908e+01  2.13796209e+07 -1.10368052e+02 
 2.18776162e+07 -2.81180779e+01  2.18776162e+07 -1.11557212e+02 
 2.23872114e+07 -2.82478699e+01  2.23872114e+07 -1.12751242e+02 
 2.29086765e+07 -2.83787290e+01  2.29086765e+07 -1.13949091e+02 
 2.34422882e+07 -2.85107132e+01  2.34422882e+07 -1.15149645e+02 
 2.39883292e+07 -2.86438766e+01  2.39883292e+07 -1.16351726e+02 
 2.45470892e+07 -2.87782683e+01  2.45470892e+07 -1.17554098e+02 
 2.51188643e+07 -2.89139327e+01  2.51188643e+07 -1.18755469e+02 
 2.57039578e+07 -2.90509086e+01  2.57039578e+07 -1.19954488e+02 
 2.63026799e+07 -2.91892288e+01  2.63026799e+07 -1.21149755e+02 
 2.69153480e+07 -2.93289198e+01  2.69153480e+07 -1.22339819e+02 
 2.75422870e+07 -2.94700015e+01  2.75422870e+07 -1.23523183e+02 
 2.81838293e+07 -2.96124866e+01  2.81838293e+07 -1.24698307e+02 
 2.88403150e+07 -2.97563806e+01  2.88403150e+07 -1.25863614e+02 
 2.95120923e+07 -2.99016808e+01  2.95120923e+07 -1.27017493e+02 
 3.01995172e+07 -3.00483768e+01  3.01995172e+07 -1.28158302e+02 
 3.09029543e+07 -3.01964498e+01  3.09029543e+07 -1.29284375e+02 
 3.16227766e+07 -3.03458721e+01  3.16227766e+07 -1.30394025e+02 
 3.23593657e+07 -3.04966076e+01  3.23593657e+07 -1.31485550e+02 
 3.31131121e+07 -3.06486111e+01  3.31131121e+07 -1.32557239e+02 
 3.38844156e+07 -3.08018280e+01  3.38844156e+07 -1.33607374e+02 
 3.46736850e+07 -3.09561949e+01  3.46736850e+07 -1.34634237e+02 
 3.54813389e+07 -3.11116389e+01  3.54813389e+07 -1.35636117e+02 
 3.63078055e+07 -3.12680780e+01  3.63078055e+07 -1.36611310e+02 
 3.71535229e+07 -3.14254207e+01  3.71535229e+07 -1.37558129e+02 
 3.80189396e+07 -3.15835664e+01  3.80189396e+07 -1.38474906e+02 
 3.89045145e+07 -3.17424053e+01  3.89045145e+07 -1.39359993e+02 
 3.98107171e+07 -3.19018185e+01  3.98107171e+07 -1.40211774e+02 
 4.07380278e+07 -3.20616782e+01  4.07380278e+07 -1.41028661e+02 
 4.16869383e+07 -3.22218474e+01  4.16869383e+07 -1.41809100e+02 
 4.26579519e+07 -3.23821804e+01  4.26579519e+07 -1.42551576e+02 
 4.36515832e+07 -3.25425227e+01  4.36515832e+07 -1.43254612e+02 
 4.46683592e+07 -3.27027109e+01  4.46683592e+07 -1.43916772e+02 
 4.57088190e+07 -3.28625724e+01  4.57088190e+07 -1.44536665e+02 
 4.67735141e+07 -3.30219259e+01  4.67735141e+07 -1.45112944e+02 
 4.78630092e+07 -3.31805804e+01  4.78630092e+07 -1.45644308e+02 
 4.89778819e+07 -3.33383352e+01  4.89778819e+07 -1.46129504e+02 
 5.01187234e+07 -3.34949795e+01  5.01187234e+07 -1.46567330e+02 
 5.12861384e+07 -3.36502917e+01  5.12861384e+07 -1.46956634e+02 
 5.24807460e+07 -3.38040385e+01  5.24807460e+07 -1.47296319e+02 
 5.37031796e+07 -3.39559743e+01  5.37031796e+07 -1.47585345e+02 
 5.49540874e+07 -3.41058401e+01  5.49540874e+07 -1.47822735e+02 
 5.62341325e+07 -3.42533623e+01  5.62341325e+07 -1.48007581e+02 
 5.75439937e+07 -3.43982520e+01  5.75439937e+07 -1.48139052e+02 
 5.88843655e+07 -3.45402035e+01  5.88843655e+07 -1.48216404e+02 
 6.02559586e+07 -3.46788934e+01  6.02559586e+07 -1.48238992e+02 
 6.16595002e+07 -3.48139795e+01  6.16595002e+07 -1.48206287e+02 
 6.30957344e+07 -3.49451002e+01  6.30957344e+07 -1.48117891e+02 
 6.45654229e+07 -3.50718742e+01  6.45654229e+07 -1.47973560e+02 
 6.60693448e+07 -3.51939004e+01  6.60693448e+07 -1.47773228e+02 
 6.76082975e+07 -3.53107581e+01  6.76082975e+07 -1.47517029e+02 
 6.91830971e+07 -3.54220091e+01  6.91830971e+07 -1.47205329e+02 
 7.07945784e+07 -3.55271988e+01  7.07945784e+07 -1.46838755e+02 
 7.24435960e+07 -3.56258600e+01  7.24435960e+07 -1.46418221e+02 
 7.41310241e+07 -3.57175163e+01  7.41310241e+07 -1.45944961e+02 
 7.58577575e+07 -3.58016874e+01  7.58577575e+07 -1.45420553e+02 
 7.76247117e+07 -3.58778950e+01  7.76247117e+07 -1.44846944e+02 
 7.94328235e+07 -3.59456702e+01  7.94328235e+07 -1.44226466e+02 
 8.12830516e+07 -3.60045614e+01  8.12830516e+07 -1.43561847e+02 
 8.31763771e+07 -3.60541432e+01  8.31763771e+07 -1.42856214e+02 
 8.51138038e+07 -3.60940252e+01  8.51138038e+07 -1.42113080e+02 
 8.70963590e+07 -3.61238622e+01  8.70963590e+07 -1.41336328e+02 
 8.91250938e+07 -3.61433626e+01  8.91250938e+07 -1.40530178e+02 
 9.12010839e+07 -3.61522976e+01  9.12010839e+07 -1.39699138e+02 
 9.33254301e+07 -3.61505081e+01  9.33254301e+07 -1.38847954e+02 
 9.54992586e+07 -3.61379112e+01  9.54992586e+07 -1.37981541e+02 
 9.77237221e+07 -3.61145041e+01  9.77237221e+07 -1.37104906e+02 
 1.00000000e+08 -3.60803667e+01  1.00000000e+08 -1.36223077e+02 
