 1.00000000e+00  7.04994747e+01  1.00000000e+00  1.78554826e+02 
 1.02329299e+00  7.04991408e+01  1.02329299e+00  1.78524194e+02 
 1.04712855e+00  7.04988078e+01  1.04712855e+00  1.78492832e+02 
 1.07151931e+00  7.04984754e+01  1.07151931e+00  1.78460721e+02 
 1.09647820e+00  7.04981432e+01  1.09647820e+00  1.78427842e+02 
 1.12201845e+00  7.04978108e+01  1.12201845e+00  1.78394176e+02 
 1.14815362e+00  7.04974780e+01  1.14815362e+00  1.78359702e+02 
 1.17489755e+00  7.04971444e+01  1.17489755e+00  1.78324402e+02 
 1.20226443e+00  7.04968094e+01  1.20226443e+00  1.78288253e+02 
 1.23026877e+00  7.04964728e+01  1.23026877e+00  1.78251236e+02 
 1.25892541e+00  7.04961340e+01  1.25892541e+00  1.78213328e+02 
 1.28824955e+00  7.04957926e+01  1.28824955e+00  1.78174509e+02 
 1.31825674e+00  7.04954481e+01  1.31825674e+00  1.78134757e+02 
 1.34896288e+00  7.04951000e+01  1.34896288e+00  1.78094047e+02 
 1.38038426e+00  7.04947477e+01  1.38038426e+00  1.78052359e+02 
 1.41253754e+00  7.04943907e+01  1.41253754e+00  1.78009667e+02 
 1.44543977e+00  7.04940283e+01  1.44543977e+00  1.77965949e+02 
 1.47910839e+00  7.04936601e+01  1.47910839e+00  1.77921180e+02 
 1.51356125e+00  7.04932853e+01  1.51356125e+00  1.77875336e+02 
 1.54881662e+00  7.04929033e+01  1.54881662e+00  1.77828390e+02 
 1.58489319e+00  7.04925135e+01  1.58489319e+00  1.77780317e+02 
 1.62181010e+00  7.04921150e+01  1.62181010e+00  1.77731091e+02 
 1.65958691e+00  7.04917073e+01  1.65958691e+00  1.77680685e+02 
 1.69824365e+00  7.04912895e+01  1.69824365e+00  1.77629071e+02 
 1.73780083e+00  7.04908608e+01  1.73780083e+00  1.77576222e+02 
 1.77827941e+00  7.04904204e+01  1.77827941e+00  1.77522108e+02 
 1.81970086e+00  7.04899675e+01  1.81970086e+00  1.77466701e+02 
 1.86208714e+00  7.04895013e+01  1.86208714e+00  1.77409970e+02 
 1.90546072e+00  7.04890206e+01  1.90546072e+00  1.77351886e+02 
 1.94984460e+00  7.04885248e+01  1.94984460e+00  1.77292418e+02 
 1.99526231e+00  7.04880126e+01  1.99526231e+00  1.77231532e+02 
 2.04173794e+00  7.04874832e+01  2.04173794e+00  1.77169198e+02 
 2.08929613e+00  7.04869354e+01  2.08929613e+00  1.77105382e+02 
 2.13796209e+00  7.04863681e+01  2.13796209e+00  1.77040050e+02 
 2.18776162e+00  7.04857803e+01  2.18776162e+00  1.76973168e+02 
 2.23872114e+00  7.04851706e+01  2.23872114e+00  1.76904699e+02 
 2.29086765e+00  7.04845378e+01  2.29086765e+00  1.76834610e+02 
 2.34422882e+00  7.04838807e+01  2.34422882e+00  1.76762861e+02 
 2.39883292e+00  7.04831979e+01  2.39883292e+00  1.76689417e+02 
 2.45470892e+00  7.04824879e+01  2.45470892e+00  1.76614238e+02 
 2.51188643e+00  7.04817493e+01  2.51188643e+00  1.76537285e+02 
 2.57039578e+00  7.04809807e+01  2.57039578e+00  1.76458518e+02 
 2.63026799e+00  7.04801803e+01  2.63026799e+00  1.76377896e+02 
 2.69153480e+00  7.04793465e+01  2.69153480e+00  1.76295378e+02 
 2.75422870e+00  7.04784776e+01  2.75422870e+00  1.76210920e+02 
 2.81838293e+00  7.04775717e+01  2.81838293e+00  1.76124479e+02 
 2.88403150e+00  7.04766271e+01  2.88403150e+00  1.76036010e+02 
 2.95120923e+00  7.04756417e+01  2.95120923e+00  1.75945468e+02 
 3.01995172e+00  7.04746134e+01  3.01995172e+00  1.75852806e+02 
 3.09029543e+00  7.04735402e+01  3.09029543e+00  1.75757977e+02 
 3.16227766e+00  7.04724198e+01  3.16227766e+00  1.75660933e+02 
 3.23593657e+00  7.04712499e+01  3.23593657e+00  1.75561623e+02 
 3.31131121e+00  7.04700280e+01  3.31131121e+00  1.75459997e+02 
 3.38844156e+00  7.04687516e+01  3.38844156e+00  1.75356004e+02 
 3.46736850e+00  7.04674180e+01  3.46736850e+00  1.75249591e+02 
 3.54813389e+00  7.04660244e+01  3.54813389e+00  1.75140704e+02 
 3.63078055e+00  7.04645680e+01  3.63078055e+00  1.75029288e+02 
 3.71535229e+00  7.04630458e+01  3.71535229e+00  1.74915288e+02 
 3.80189396e+00  7.04614545e+01  3.80189396e+00  1.74798647e+02 
 3.89045145e+00  7.04597909e+01  3.89045145e+00  1.74679305e+02 
 3.98107171e+00  7.04580515e+01  3.98107171e+00  1.74557204e+02 
 4.07380278e+00  7.04562327e+01  4.07380278e+00  1.74432283e+02 
 4.16869383e+00  7.04543308e+01  4.16869383e+00  1.74304480e+02 
 4.26579519e+00  7.04523418e+01  4.26579519e+00  1.74173733e+02 
 4.36515832e+00  7.04502616e+01  4.36515832e+00  1.74039976e+02 
 4.46683592e+00  7.04480860e+01  4.46683592e+00  1.73903146e+02 
 4.57088190e+00  7.04458104e+01  4.57088190e+00  1.73763174e+02 
 4.67735141e+00  7.04434301e+01  4.67735141e+00  1.73619994e+02 
 4.78630092e+00  7.04409404e+01  4.78630092e+00  1.73473536e+02 
 4.89778819e+00  7.04383360e+01  4.89778819e+00  1.73323730e+02 
 5.01187234e+00  7.04356116e+01  5.01187234e+00  1.73170503e+02 
 5.12861384e+00  7.04327617e+01  5.12861384e+00  1.73013784e+02 
 5.24807460e+00  7.04297805e+01  5.24807460e+00  1.72853498e+02 
 5.37031796e+00  7.04266618e+01  5.37031796e+00  1.72689570e+02 
 5.49540874e+00  7.04233994e+01  5.49540874e+00  1.72521923e+02 
 5.62341325e+00  7.04199866e+01  5.62341325e+00  1.72350478e+02 
 5.75439937e+00  7.04164164e+01  5.75439937e+00  1.72175158e+02 
 5.88843655e+00  7.04126818e+01  5.88843655e+00  1.71995881e+02 
 6.02559586e+00  7.04087751e+01  6.02559586e+00  1.71812566e+02 
 6.16595002e+00  7.04046886e+01  6.16595002e+00  1.71625130e+02 
 6.30957344e+00  7.04004139e+01  6.30957344e+00  1.71433490e+02 
 6.45654229e+00  7.03959426e+01  6.45654229e+00  1.71237559e+02 
 6.60693448e+00  7.03912657e+01  6.60693448e+00  1.71037251e+02 
 6.76082975e+00  7.03863739e+01  6.76082975e+00  1.70832480e+02 
 6.91830971e+00  7.03812576e+01  6.91830971e+00  1.70623157e+02 
 7.07945784e+00  7.03759065e+01  7.07945784e+00  1.70409192e+02 
 7.24435960e+00  7.03703103e+01  7.24435960e+00  1.70190495e+02 
 7.41310241e+00  7.03644578e+01  7.41310241e+00  1.69966974e+02 
 7.58577575e+00  7.03583376e+01  7.58577575e+00  1.69738536e+02 
 7.76247117e+00  7.03519379e+01  7.76247117e+00  1.69505090e+02 
 7.94328235e+00  7.03452461e+01  7.94328235e+00  1.69266540e+02 
 8.12830516e+00  7.03382495e+01  8.12830516e+00  1.69022793e+02 
 8.31763771e+00  7.03309344e+01  8.31763771e+00  1.68773753e+02 
 8.51138038e+00  7.03232870e+01  8.51138038e+00  1.68519324e+02 
 8.70963590e+00  7.03152926e+01  8.70963590e+00  1.68259410e+02 
 8.91250938e+00  7.03069361e+01  8.91250938e+00  1.67993915e+02 
 9.12010839e+00  7.02982017e+01  9.12010839e+00  1.67722741e+02 
 9.33254301e+00  7.02890732e+01  9.33254301e+00  1.67445794e+02 
 9.54992586e+00  7.02795335e+01  9.54992586e+00  1.67162974e+02 
 9.77237221e+00  7.02695648e+01  9.77237221e+00  1.66874187e+02 
 1.00000000e+01  7.02591490e+01  1.00000000e+01  1.66579336e+02 
 1.02329299e+01  7.02482670e+01  1.02329299e+01  1.66278324e+02 
 1.04712855e+01  7.02368991e+01  1.04712855e+01  1.65971058e+02 
 1.07151931e+01  7.02250248e+01  1.07151931e+01  1.65657442e+02 
 1.09647820e+01  7.02126230e+01  1.09647820e+01  1.65337385e+02 
 1.12201845e+01  7.01996717e+01  1.12201845e+01  1.65010793e+02 
 1.14815362e+01  7.01861482e+01  1.14815362e+01  1.64677576e+02 
 1.17489755e+01  7.01720290e+01  1.17489755e+01  1.64337646e+02 
 1.20226443e+01  7.01572898e+01  1.20226443e+01  1.63990915e+02 
 1.23026877e+01  7.01419055e+01  1.23026877e+01  1.63637300e+02 
 1.25892541e+01  7.01258502e+01  1.25892541e+01  1.63276718e+02 
 1.28824955e+01  7.01090972e+01  1.28824955e+01  1.62909090e+02 
 1.31825674e+01  7.00916188e+01  1.31825674e+01  1.62534339e+02 
 1.34896288e+01  7.00733867e+01  1.34896288e+01  1.62152393e+02 
 1.38038426e+01  7.00543715e+01  1.38038426e+01  1.61763182e+02 
 1.41253754e+01  7.00345433e+01  1.41253754e+01  1.61366641e+02 
 1.44543977e+01  7.00138709e+01  1.44543977e+01  1.60962709e+02 
 1.47910839e+01  6.99923227e+01  1.47910839e+01  1.60551331e+02 
 1.51356125e+01  6.99698660e+01  1.51356125e+01  1.60132454e+02 
 1.54881662e+01  6.99464674e+01  1.54881662e+01  1.59706035e+02 
 1.58489319e+01  6.99220927e+01  1.58489319e+01  1.59272032e+02 
 1.62181010e+01  6.98967068e+01  1.62181010e+01  1.58830413e+02 
 1.65958691e+01  6.98702739e+01  1.65958691e+01  1.58381151e+02 
 1.69824365e+01  6.98427575e+01  1.69824365e+01  1.57924227e+02 
 1.73780083e+01  6.98141204e+01  1.73780083e+01  1.57459628e+02 
 1.77827941e+01  6.97843247e+01  1.77827941e+01  1.56987350e+02 
 1.81970086e+01  6.97533318e+01  1.81970086e+01  1.56507398e+02 
 1.86208714e+01  6.97211026e+01  1.86208714e+01  1.56019785e+02 
 1.90546072e+01  6.96875975e+01  1.90546072e+01  1.55524531e+02 
 1.94984460e+01  6.96527763e+01  1.94984460e+01  1.55021670e+02 
 1.99526231e+01  6.96165984e+01  1.99526231e+01  1.54511243e+02 
 2.04173794e+01  6.95790229e+01  2.04173794e+01  1.53993302e+02 
 2.08929613e+01  6.95400086e+01  2.08929613e+01  1.53467909e+02 
 2.13796209e+01  6.94995140e+01  2.13796209e+01  1.52935138e+02 
 2.18776162e+01  6.94574976e+01  2.18776162e+01  1.52395073e+02 
 2.23872114e+01  6.94139178e+01  2.23872114e+01  1.51847812e+02 
 2.29086765e+01  6.93687330e+01  2.29086765e+01  1.51293463e+02 
 2.34422882e+01  6.93219018e+01  2.34422882e+01  1.50732147e+02 
 2.39883292e+01  6.92733830e+01  2.39883292e+01  1.50163995e+02 
 2.45470892e+01  6.92231358e+01  2.45470892e+01  1.49589154e+02 
 2.51188643e+01  6.91711198e+01  2.51188643e+01  1.49007782e+02 
 2.57039578e+01  6.91172952e+01  2.57039578e+01  1.48420048e+02 
 2.63026799e+01  6.90616228e+01  2.63026799e+01  1.47826137e+02 
 2.69153480e+01  6.90040643e+01  2.69153480e+01  1.47226243e+02 
 2.75422870e+01  6.89445823e+01  2.75422870e+01  1.46620576e+02 
 2.81838293e+01  6.88831404e+01  2.81838293e+01  1.46009355e+02 
 2.88403150e+01  6.88197033e+01  2.88403150e+01  1.45392813e+02 
 2.95120923e+01  6.87542370e+01  2.95120923e+01  1.44771195e+02 
 3.01995172e+01  6.86867090e+01  3.01995172e+01  1.44144758e+02 
 3.09029543e+01  6.86170881e+01  3.09029543e+01  1.43513768e+02 
 3.16227766e+01  6.85453450e+01  3.16227766e+01  1.42878503e+02 
 3.23593657e+01  6.84714517e+01  3.23593657e+01  1.42239253e+02 
 3.31131121e+01  6.83953825e+01  3.31131121e+01  1.41596316e+02 
 3.38844156e+01  6.83171133e+01  3.38844156e+01  1.40949997e+02 
 3.46736850e+01  6.82366222e+01  3.46736850e+01  1.40300614e+02 
 3.54813389e+01  6.81538892e+01  3.54813389e+01  1.39648488e+02 
 3.63078055e+01  6.80688968e+01  3.63078055e+01  1.38993952e+02 
 3.71535229e+01  6.79816294e+01  3.71535229e+01  1.38337340e+02 
 3.80189396e+01  6.78920740e+01  3.80189396e+01  1.37678994e+02 
 3.89045145e+01  6.78002198e+01  3.89045145e+01  1.37019261e+02 
 3.98107171e+01  6.77060587e+01  3.98107171e+01  1.36358491e+02 
 4.07380278e+01  6.76095846e+01  4.07380278e+01  1.35697035e+02 
 4.16869383e+01  6.75107942e+01  4.16869383e+01  1.35035248e+02 
 4.26579519e+01  6.74096866e+01  4.26579519e+01  1.34373483e+02 
 4.36515832e+01  6.73062634e+01  4.36515832e+01  1.33712096e+02 
 4.46683592e+01  6.72005287e+01  4.46683592e+01  1.33051440e+02 
 4.57088190e+01  6.70924890e+01  4.57088190e+01  1.32391867e+02 
 4.67735141e+01  6.69821533e+01  4.67735141e+01  1.31733723e+02 
 4.78630092e+01  6.68695329e+01  4.78630092e+01  1.31077353e+02 
 4.89778819e+01  6.67546414e+01  4.89778819e+01  1.30423098e+02 
 5.01187234e+01  6.66374950e+01  5.01187234e+01  1.29771289e+02 
 5.12861384e+01  6.65181118e+01  5.12861384e+01  1.29122256e+02 
 5.24807460e+01  6.63965121e+01  5.24807460e+01  1.28476317e+02 
 5.37031796e+01  6.62727183e+01  5.37031796e+01  1.27833785e+02 
 5.49540874e+01  6.61467547e+01  5.49540874e+01  1.27194964e+02 
 5.62341325e+01  6.60186477e+01  5.62341325e+01  1.26560147e+02 
 5.75439937e+01  6.58884252e+01  5.75439937e+01  1.25929619e+02 
 5.88843655e+01  6.57561168e+01  5.88843655e+01  1.25303653e+02 
 6.02559586e+01  6.56217538e+01  6.02559586e+01  1.24682514e+02 
 6.16595002e+01  6.54853689e+01  6.16595002e+01  1.24066452e+02 
 6.30957344e+01  6.53469960e+01  6.30957344e+01  1.23455708e+02 
 6.45654229e+01  6.52066703e+01  6.45654229e+01  1.22850512e+02 
 6.60693448e+01  6.50644282e+01  6.60693448e+01  1.22251079e+02 
 6.76082975e+01  6.49203069e+01  6.76082975e+01  1.21657613e+02 
 6.91830971e+01  6.47743446e+01  6.91830971e+01  1.21070307e+02 
 7.07945784e+01  6.46265801e+01  7.07945784e+01  1.20489340e+02 
 7.24435960e+01  6.44770530e+01  7.24435960e+01  1.19914879e+02 
 7.41310241e+01  6.43258033e+01  7.41310241e+01  1.19347078e+02 
 7.58577575e+01  6.41728714e+01  7.58577575e+01  1.18786081e+02 
 7.76247117e+01  6.40182983e+01  7.76247117e+01  1.18232016e+02 
 7.94328235e+01  6.38621247e+01  7.94328235e+01  1.17685003e+02 
 8.12830516e+01  6.37043920e+01  8.12830516e+01  1.17145147e+02 
 8.31763771e+01  6.35451411e+01  8.31763771e+01  1.16612543e+02 
 8.51138038e+01  6.33844133e+01  8.51138038e+01  1.16087274e+02 
 8.70963590e+01  6.32222494e+01  8.70963590e+01  1.15569414e+02 
 8.91250938e+01  6.30586901e+01  8.91250938e+01  1.15059022e+02 
 9.12010839e+01  6.28937760e+01  9.12010839e+01  1.14556150e+02 
 9.33254301e+01  6.27275470e+01  9.33254301e+01  1.14060841e+02 
 9.54992586e+01  6.25600429e+01  9.54992586e+01  1.13573123e+02 
 9.77237221e+01  6.23913027e+01  9.77237221e+01  1.13093021e+02 
 1.00000000e+02  6.22213653e+01  1.00000000e+02  1.12620547e+02 
 1.02329299e+02  6.20502686e+01  1.02329299e+02  1.12155705e+02 
 1.04712855e+02  6.18780501e+01  1.04712855e+02  1.11698493e+02 
 1.07151931e+02  6.17047466e+01  1.07151931e+02  1.11248898e+02 
 1.09647820e+02  6.15303944e+01  1.09647820e+02  1.10806903e+02 
 1.12201845e+02  6.13550286e+01  1.12201845e+02  1.10372481e+02 
 1.14815362e+02  6.11786841e+01  1.14815362e+02  1.09945602e+02 
 1.17489755e+02  6.10013948e+01  1.17489755e+02  1.09526226e+02 
 1.20226443e+02  6.08231937e+01  1.20226443e+02  1.09114310e+02 
 1.23026877e+02  6.06441131e+01  1.23026877e+02  1.08709803e+02 
 1.25892541e+02  6.04641847e+01  1.25892541e+02  1.08312653e+02 
 1.28824955e+02  6.02834391e+01  1.28824955e+02  1.07922799e+02 
 1.31825674e+02  6.01019061e+01  1.31825674e+02  1.07540179e+02 
 1.34896288e+02  5.99196150e+01  1.34896288e+02  1.07164725e+02 
 1.38038426e+02  5.97365938e+01  1.38038426e+02  1.06796365e+02 
 1.41253754e+02  5.95528702e+01  1.41253754e+02  1.06435026e+02 
 1.44543977e+02  5.93684705e+01  1.44543977e+02  1.06080630e+02 
 1.47910839e+02  5.91834208e+01  1.47910839e+02  1.05733097e+02 
 1.51356125e+02  5.89977459e+01  1.51356125e+02  1.05392343e+02 
 1.54881662e+02  5.88114701e+01  1.54881662e+02  1.05058285e+02 
 1.58489319e+02  5.86246169e+01  1.58489319e+02  1.04730834e+02 
 1.62181010e+02  5.84372088e+01  1.62181010e+02  1.04409903e+02 
 1.65958691e+02  5.82492679e+01  1.65958691e+02  1.04095401e+02 
 1.69824365e+02  5.80608153e+01  1.69824365e+02  1.03787236e+02 
 1.73780083e+02  5.78718715e+01  1.73780083e+02  1.03485317e+02 
 1.77827941e+02  5.76824561e+01  1.77827941e+02  1.03189549e+02 
 1.81970086e+02  5.74925883e+01  1.81970086e+02  1.02899838e+02 
 1.86208714e+02  5.73022864e+01  1.86208714e+02  1.02616090e+02 
 1.90546072e+02  5.71115680e+01  1.90546072e+02  1.02338210e+02 
 1.94984460e+02  5.69204503e+01  1.94984460e+02  1.02066101e+02 
 1.99526231e+02  5.67289496e+01  1.99526231e+02  1.01799669e+02 
 2.04173794e+02  5.65370819e+01  2.04173794e+02  1.01538818e+02 
 2.08929613e+02  5.63448622e+01  2.08929613e+02  1.01283453e+02 
 2.13796209e+02  5.61523053e+01  2.13796209e+02  1.01033478e+02 
 2.18776162e+02  5.59594252e+01  2.18776162e+02  1.00788799e+02 
 2.23872114e+02  5.57662355e+01  2.23872114e+02  1.00549322e+02 
 2.29086765e+02  5.55727491e+01  2.29086765e+02  1.00314953e+02 
 2.34422882e+02  5.53789787e+01  2.34422882e+02  1.00085598e+02 
 2.39883292e+02  5.51849361e+01  2.39883292e+02  9.98611663e+01 
 2.45470892e+02  5.49906330e+01  2.45470892e+02  9.96415653e+01 
 2.51188643e+02  5.47960805e+01  2.51188643e+02  9.94267044e+01 
 2.57039578e+02  5.46012891e+01  2.57039578e+02  9.92164938e+01 
 2.63026799e+02  5.44062690e+01  2.63026799e+02  9.90108445e+01 
 2.69153480e+02  5.42110301e+01  2.69153480e+02  9.88096687e+01 
 2.75422870e+02  5.40155818e+01  2.75422870e+02  9.86128793e+01 
 2.81838293e+02  5.38199330e+01  2.81838293e+02  9.84203906e+01 
 2.88403150e+02  5.36240925e+01  2.88403150e+02  9.82321177e+01 
 2.95120923e+02  5.34280684e+01  2.95120923e+02  9.80479772e+01 
 3.01995172e+02  5.32318688e+01  3.01995172e+02  9.78678864e+01 
 3.09029543e+02  5.30355012e+01  3.09029543e+02  9.76917642e+01 
 3.16227766e+02  5.28389730e+01  3.16227766e+02  9.75195303e+01 
 3.23593657e+02  5.26422911e+01  3.23593657e+02  9.73511060e+01 
 3.31131121e+02  5.24454622e+01  3.31131121e+02  9.71864135e+01 
 3.38844156e+02  5.22484927e+01  3.38844156e+02  9.70253763e+01 
 3.46736850e+02  5.20513889e+01  3.46736850e+02  9.68679193e+01 
 3.54813389e+02  5.18541565e+01  3.54813389e+02  9.67139685e+01 
 3.63078055e+02  5.16568011e+01  3.63078055e+02  9.65634510e+01 
 3.71535229e+02  5.14593283e+01  3.71535229e+02  9.64162955e+01 
 3.80189396e+02  5.12617431e+01  3.80189396e+02  9.62724317e+01 
 3.89045145e+02  5.10640505e+01  3.89045145e+02  9.61317906e+01 
 3.98107171e+02  5.08662551e+01  3.98107171e+02  9.59943043e+01 
 4.07380278e+02  5.06683617e+01  4.07380278e+02  9.58599063e+01 
 4.16869383e+02  5.04703743e+01  4.16869383e+02  9.57285313e+01 
 4.26579519e+02  5.02722973e+01  4.26579519e+02  9.56001152e+01 
 4.36515832e+02  5.00741346e+01  4.36515832e+02  9.54745951e+01 
 4.46683592e+02  4.98758899e+01  4.46683592e+02  9.53519092e+01 
 4.57088190e+02  4.96775669e+01  4.57088190e+02  9.52319971e+01 
 4.67735141e+02  4.94791690e+01  4.67735141e+02  9.51147993e+01 
 4.78630092e+02  4.92806997e+01  4.78630092e+02  9.50002578e+01 
 4.89778819e+02  4.90821619e+01  4.89778819e+02  9.48883153e+01 
 5.01187234e+02  4.88835589e+01  5.01187234e+02  9.47789161e+01 
 5.12861384e+02  4.86848934e+01  5.12861384e+02  9.46720054e+01 
 5.24807460e+02  4.84861683e+01  5.24807460e+02  9.45675294e+01 
 5.37031796e+02  4.82873862e+01  5.37031796e+02  9.44654356e+01 
 5.49540874e+02  4.80885496e+01  5.49540874e+02  9.43656725e+01 
 5.62341325e+02  4.78896611e+01  5.62341325e+02  9.42681896e+01 
 5.75439937e+02  4.76907228e+01  5.75439937e+02  9.41729376e+01 
 5.88843655e+02  4.74917370e+01  5.88843655e+02  9.40798680e+01 
 6.02559586e+02  4.72927058e+01  6.02559586e+02  9.39889335e+01 
 6.16595002e+02  4.70936313e+01  6.16595002e+02  9.39000878e+01 
 6.30957344e+02  4.68945154e+01  6.30957344e+02  9.38132855e+01 
 6.45654229e+02  4.66953599e+01  6.45654229e+02  9.37284821e+01 
 6.60693448e+02  4.64961666e+01  6.60693448e+02  9.36456344e+01 
 6.76082975e+02  4.62969373e+01  6.76082975e+02  9.35646997e+01 
 6.91830971e+02  4.60976734e+01  6.91830971e+02  9.34856364e+01 
 7.07945784e+02  4.58983766e+01  7.07945784e+02  9.34084039e+01 
 7.24435960e+02  4.56990483e+01  7.24435960e+02  9.33329624e+01 
 7.41310241e+02  4.54996900e+01  7.41310241e+02  9.32592729e+01 
 7.58577575e+02  4.53003030e+01  7.58577575e+02  9.31872975e+01 
 7.76247117e+02  4.51008885e+01  7.76247117e+02  9.31169987e+01 
 7.94328235e+02  4.49014479e+01  7.94328235e+02  9.30483404e+01 
 8.12830516e+02  4.47019823e+01  8.12830516e+02  9.29812868e+01 
 8.31763771e+02  4.45024927e+01  8.31763771e+02  9.29158033e+01 
 8.51138038e+02  4.43029804e+01  8.51138038e+02  9.28518557e+01 
 8.70963590e+02  4.41034463e+01  8.70963590e+02  9.27894108e+01 
 8.91250938e+02  4.39038913e+01  8.91250938e+02  9.27284363e+01 
 9.12010839e+02  4.37043166e+01  9.12010839e+02  9.26689002e+01 
 9.33254301e+02  4.35047228e+01  9.33254301e+02  9.26107716e+01 
 9.54992586e+02  4.33051109e+01  9.54992586e+02  9.25540202e+01 
 9.77237221e+02  4.31054818e+01  9.77237221e+02  9.24986164e+01 
 1.00000000e+03  4.29058361e+01  1.00000000e+03  9.24445311e+01 
 1.02329299e+03  4.27061747e+01  1.02329299e+03  9.23917363e+01 
 1.04712855e+03  4.25064982e+01  1.04712855e+03  9.23402041e+01 
 1.07151931e+03  4.23068073e+01  1.07151931e+03  9.22899078e+01 
 1.09647820e+03  4.21071028e+01  1.09647820e+03  9.22408208e+01 
 1.12201845e+03  4.19073851e+01  1.12201845e+03  9.21929177e+01 
 1.14815362e+03  4.17076550e+01  1.14815362e+03  9.21461731e+01 
 1.17489755e+03  4.15079129e+01  1.17489755e+03  9.21005627e+01 
 1.20226443e+03  4.13081594e+01  1.20226443e+03  9.20560624e+01 
 1.23026877e+03  4.11083951e+01  1.23026877e+03  9.20126490e+01 
 1.25892541e+03  4.09086205e+01  1.25892541e+03  9.19702996e+01 
 1.28824955e+03  4.07088359e+01  1.28824955e+03  9.19289920e+01 
 1.31825674e+03  4.05090420e+01  1.31825674e+03  9.18887044e+01 
 1.34896288e+03  4.03092390e+01  1.34896288e+03  9.18494158e+01 
 1.38038426e+03  4.01094275e+01  1.38038426e+03  9.18111053e+01 
 1.41253754e+03  3.99096078e+01  1.41253754e+03  9.17737530e+01 
 1.44543977e+03  3.97097803e+01  1.44543977e+03  9.17373390e+01 
 1.47910839e+03  3.95099454e+01  1.47910839e+03  9.17018443e+01 
 1.51356125e+03  3.93101033e+01  1.51356125e+03  9.16672501e+01 
 1.54881662e+03  3.91102546e+01  1.54881662e+03  9.16335383e+01 
 1.58489319e+03  3.89103994e+01  1.58489319e+03  9.16006910e+01 
 1.62181010e+03  3.87105381e+01  1.62181010e+03  9.15686910e+01 
 1.65958691e+03  3.85106710e+01  1.65958691e+03  9.15375213e+01 
 1.69824365e+03  3.83107983e+01  1.69824365e+03  9.15071656e+01 
 1.73780083e+03  3.81109204e+01  1.73780083e+03  9.14776078e+01 
 1.77827941e+03  3.79110375e+01  1.77827941e+03  9.14488324e+01 
 1.81970086e+03  3.77111497e+01  1.81970086e+03  9.14208240e+01 
 1.86208714e+03  3.75112575e+01  1.86208714e+03  9.13935681e+01 
 1.90546072e+03  3.73113610e+01  1.90546072e+03  9.13670501e+01 
 1.94984460e+03  3.71114603e+01  1.94984460e+03  9.13412562e+01 
 1.99526231e+03  3.69115558e+01  1.99526231e+03  9.13161725e+01 
 2.04173794e+03  3.67116477e+01  2.04173794e+03  9.12917860e+01 
 2.08929613e+03  3.65117360e+01  2.08929613e+03  9.12680837e+01 
 2.13796209e+03  3.63118211e+01  2.13796209e+03  9.12450531e+01 
 2.18776162e+03  3.61119030e+01  2.18776162e+03  9.12226820e+01 
 2.23872114e+03  3.59119821e+01  2.23872114e+03  9.12009587e+01 
 2.29086765e+03  3.57120583e+01  2.29086765e+03  9.11798715e+01 
 2.34422882e+03  3.55121320e+01  2.34422882e+03  9.11594094e+01 
 2.39883292e+03  3.53122032e+01  2.39883292e+03  9.11395616e+01 
 2.45470892e+03  3.51122721e+01  2.45470892e+03  9.11203176e+01 
 2.51188643e+03  3.49123389e+01  2.51188643e+03  9.11016671e+01 
 2.57039578e+03  3.47124036e+01  2.57039578e+03  9.10836004e+01 
 2.63026799e+03  3.45124665e+01  2.63026799e+03  9.10661078e+01 
 2.69153480e+03  3.43125277e+01  2.69153480e+03  9.10491801e+01 
 2.75422870e+03  3.41125872e+01  2.75422870e+03  9.10328083e+01 
 2.81838293e+03  3.39126452e+01  2.81838293e+03  9.10169839e+01 
 2.88403150e+03  3.37127019e+01  2.88403150e+03  9.10016983e+01 
 2.95120923e+03  3.35127574e+01  2.95120923e+03  9.09869436e+01 
 3.01995172e+03  3.33128117e+01  3.01995172e+03  9.09727119e+01 
 3.09029543e+03  3.31128650e+01  3.09029543e+03  9.09589956e+01 
 3.16227766e+03  3.29129174e+01  3.16227766e+03  9.09457876e+01 
 3.23593657e+03  3.27129691e+01  3.23593657e+03  9.09330807e+01 
 3.31131121e+03  3.25130200e+01  3.31131121e+03  9.09208684e+01 
 3.38844156e+03  3.23130704e+01  3.38844156e+03  9.09091440e+01 
 3.46736850e+03  3.21131204e+01  3.46736850e+03  9.08979015e+01 
 3.54813389e+03  3.19131700e+01  3.54813389e+03  9.08871348e+01 
 3.63078055e+03  3.17132193e+01  3.63078055e+03  9.08768383e+01 
 3.71535229e+03  3.15132685e+01  3.71535229e+03  9.08670064e+01 
 3.80189396e+03  3.13133177e+01  3.80189396e+03  9.08576340e+01 
 3.89045145e+03  3.11133669e+01  3.89045145e+03  9.08487161e+01 
 3.98107171e+03  3.09134163e+01  3.98107171e+03  9.08402479e+01 
 4.07380278e+03  3.07134660e+01  4.07380278e+03  9.08322251e+01 
 4.16869383e+03  3.05135160e+01  4.16869383e+03  9.08246432e+01 
 4.26579519e+03  3.03135666e+01  4.26579519e+03  9.08174984e+01 
 4.36515832e+03  3.01136177e+01  4.36515832e+03  9.08107867e+01 
 4.46683592e+03  2.99136695e+01  4.46683592e+03  9.08045047e+01 
 4.57088190e+03  2.97137222e+01  4.57088190e+03  9.07986489e+01 
 4.67735141e+03  2.95137757e+01  4.67735141e+03  9.07932163e+01 
 4.78630092e+03  2.93138303e+01  4.78630092e+03  9.07882040e+01 
 4.89778819e+03  2.91138861e+01  4.89778819e+03  9.07836093e+01 
 5.01187234e+03  2.89139431e+01  5.01187234e+03  9.07794298e+01 
 5.12861384e+03  2.87140015e+01  5.12861384e+03  9.07756632e+01 
 5.24807460e+03  2.85140615e+01  5.24807460e+03  9.07723075e+01 
 5.37031796e+03  2.83141230e+01  5.37031796e+03  9.07693610e+01 
 5.49540874e+03  2.81141864e+01  5.49540874e+03  9.07668219e+01 
 5.62341325e+03  2.79142516e+01  5.62341325e+03  9.07646890e+01 
 5.75439937e+03  2.77143189e+01  5.75439937e+03  9.07629612e+01 
 5.88843655e+03  2.75143884e+01  5.88843655e+03  9.07616374e+01 
 6.02559586e+03  2.73144603e+01  6.02559586e+03  9.07607169e+01 
 6.16595002e+03  2.71145346e+01  6.16595002e+03  9.07601992e+01 
 6.30957344e+03  2.69146115e+01  6.30957344e+03  9.07600841e+01 
 6.45654229e+03  2.67146913e+01  6.45654229e+03  9.07603713e+01 
 6.60693448e+03  2.65147740e+01  6.60693448e+03  9.07610611e+01 
 6.76082975e+03  2.63148599e+01  6.76082975e+03  9.07621537e+01 
 6.91830971e+03  2.61149491e+01  6.91830971e+03  9.07636496e+01 
 7.07945784e+03  2.59150419e+01  7.07945784e+03  9.07655497e+01 
 7.24435960e+03  2.57151384e+01  7.24435960e+03  9.07678549e+01 
 7.41310241e+03  2.55152388e+01  7.41310241e+03  9.07705663e+01 
 7.58577575e+03  2.53153433e+01  7.58577575e+03  9.07736853e+01 
 7.76247117e+03  2.51154522e+01  7.76247117e+03  9.07772135e+01 
 7.94328235e+03  2.49155656e+01  7.94328235e+03  9.07811527e+01 
 8.12830516e+03  2.47156840e+01  8.12830516e+03  9.07855049e+01 
 8.31763771e+03  2.45158073e+01  8.31763771e+03  9.07902724e+01 
 8.51138038e+03  2.43159361e+01  8.51138038e+03  9.07954575e+01 
 8.70963590e+03  2.41160704e+01  8.70963590e+03  9.08010629e+01 
 8.91250938e+03  2.39162106e+01  8.91250938e+03  9.08070916e+01 
 9.12010839e+03  2.37163571e+01  9.12010839e+03  9.08135466e+01 
 9.33254301e+03  2.35165100e+01  9.33254301e+03  9.08204311e+01 
 9.54992586e+03  2.33166698e+01  9.54992586e+03  9.08277488e+01 
 9.77237221e+03  2.31168367e+01  9.77237221e+03  9.08355034e+01 
 1.00000000e+04  2.29170111e+01  1.00000000e+04  9.08436988e+01 
 1.02329299e+04  2.27171935e+01  1.02329299e+04  9.08523392e+01 
 1.04712855e+04  2.25173841e+01  1.04712855e+04  9.08614291e+01 
 1.07151931e+04  2.23175833e+01  1.07151931e+04  9.08709730e+01 
 1.09647820e+04  2.21177917e+01  1.09647820e+04  9.08809760e+01 
 1.12201845e+04  2.19180096e+01  1.12201845e+04  9.08914430e+01 
 1.14815362e+04  2.17182375e+01  1.14815362e+04  9.09023794e+01 
 1.17489755e+04  2.15184759e+01  1.17489755e+04  9.09137907e+01 
 1.20226443e+04  2.13187253e+01  1.20226443e+04  9.09256829e+01 
 1.23026877e+04  2.11189862e+01  1.23026877e+04  9.09380618e+01 
 1.25892541e+04  2.09192591e+01  1.25892541e+04  9.09509338e+01 
 1.28824955e+04  2.07195447e+01  1.28824955e+04  9.09643055e+01 
 1.31825674e+04  2.05198435e+01  1.31825674e+04  9.09781835e+01 
 1.34896288e+04  2.03201562e+01  1.34896288e+04  9.09925749e+01 
 1.38038426e+04  2.01204834e+01  1.38038426e+04  9.10074869e+01 
 1.41253754e+04  1.99208259e+01  1.41253754e+04  9.10229270e+01 
 1.44543977e+04  1.97211843e+01  1.44543977e+04  9.10389031e+01 
 1.47910839e+04  1.95215593e+01  1.47910839e+04  9.10554230e+01 
 1.51356125e+04  1.93219519e+01  1.51356125e+04  9.10724951e+01 
 1.54881662e+04  1.91223628e+01  1.54881662e+04  9.10901279e+01 
 1.58489319e+04  1.89227928e+01  1.58489319e+04  9.11083302e+01 
 1.62181010e+04  1.87232430e+01  1.62181010e+04  9.11271109e+01 
 1.65958691e+04  1.85237141e+01  1.65958691e+04  9.11464795e+01 
 1.69824365e+04  1.83242073e+01  1.69824365e+04  9.11664455e+01 
 1.73780083e+04  1.81247236e+01  1.73780083e+04  9.11870187e+01 
 1.77827941e+04  1.79252640e+01  1.77827941e+04  9.12082092e+01 
 1.81970086e+04  1.77258297e+01  1.81970086e+04  9.12300274e+01 
 1.86208714e+04  1.75264218e+01  1.86208714e+04  9.12524840e+01 
 1.90546072e+04  1.73270417e+01  1.90546072e+04  9.12755899e+01 
 1.94984460e+04  1.71276905e+01  1.94984460e+04  9.12993563e+01 
 1.99526231e+04  1.69283698e+01  1.99526231e+04  9.13237946e+01 
 2.04173794e+04  1.67290808e+01  2.04173794e+04  9.13489166e+01 
 2.08929613e+04  1.65298251e+01  2.08929613e+04  9.13747344e+01 
 2.13796209e+04  1.63306043e+01  2.13796209e+04  9.14012602e+01 
 2.18776162e+04  1.61314199e+01  2.18776162e+04  9.14285066e+01 
 2.23872114e+04  1.59322737e+01  2.23872114e+04  9.14564864e+01 
 2.29086765e+04  1.57331674e+01  2.29086765e+04  9.14852129e+01 
 2.34422882e+04  1.55341030e+01  2.34422882e+04  9.15146994e+01 
 2.39883292e+04  1.53350824e+01  2.39883292e+04  9.15449596e+01 
 2.45470892e+04  1.51361075e+01  2.45470892e+04  9.15760074e+01 
 2.51188643e+04  1.49371807e+01  2.51188643e+04  9.16078571e+01 
 2.57039578e+04  1.47383040e+01  2.57039578e+04  9.16405232e+01 
 2.63026799e+04  1.45394798e+01  2.63026799e+04  9.16740204e+01 
 2.69153480e+04  1.43407106e+01  2.69153480e+04  9.17083637e+01 
 2.75422870e+04  1.41419989e+01  2.75422870e+04  9.17435685e+01 
 2.81838293e+04  1.39433474e+01  2.81838293e+04  9.17796501e+01 
 2.88403150e+04  1.37447589e+01  2.88403150e+04  9.18166245e+01 
 2.95120923e+04  1.35462362e+01  2.95120923e+04  9.18545076e+01 
 3.01995172e+04  1.33477825e+01  3.01995172e+04  9.18933156e+01 
 3.09029543e+04  1.31494010e+01  3.09029543e+04  9.19330649e+01 
 3.16227766e+04  1.29510949e+01  3.16227766e+04  9.19737723e+01 
 3.23593657e+04  1.27528677e+01  3.23593657e+04  9.20154546e+01 
 3.31131121e+04  1.25547232e+01  3.31131121e+04  9.20581288e+01 
 3.38844156e+04  1.23566650e+01  3.38844156e+04  9.21018121e+01 
 3.46736850e+04  1.21586972e+01  3.46736850e+04  9.21465220e+01 
 3.54813389e+04  1.19608240e+01  3.54813389e+04  9.21922759e+01 
 3.63078055e+04  1.17630496e+01  3.63078055e+04  9.22390914e+01 
 3.71535229e+04  1.15653787e+01  3.71535229e+04  9.22869864e+01 
 3.80189396e+04  1.13678158e+01  3.80189396e+04  9.23359785e+01 
 3.89045145e+04  1.11703661e+01  3.89045145e+04  9.23860857e+01 
 3.98107171e+04  1.09730346e+01  3.98107171e+04  9.24373259e+01 
 4.07380278e+04  1.07758268e+01  4.07380278e+04  9.24897170e+01 
 4.16869383e+04  1.05787482e+01  4.16869383e+04  9.25432767e+01 
 4.26579519e+04  1.03818048e+01  4.26579519e+04  9.25980230e+01 
 4.36515832e+04  1.01850026e+01  4.36515832e+04  9.26539735e+01 
 4.46683592e+04  9.98834812e+00  4.46683592e+04  9.27111458e+01 
 4.57088190e+04  9.79184799e+00  4.57088190e+04  9.27695573e+01 
 4.67735141e+04  9.59550917e+00  4.67735141e+04  9.28292250e+01 
 4.78630092e+04  9.39933892e+00  4.78630092e+04  9.28901658e+01 
 4.89778819e+04  9.20334482e+00  4.89778819e+04  9.29523964e+01 
 5.01187234e+04  9.00753476e+00  5.01187234e+04  9.30159327e+01 
 5.12861384e+04  8.81191696e+00  5.12861384e+04  9.30807905e+01 
 5.24807460e+04  8.61650001e+00  5.24807460e+04  9.31469850e+01 
 5.37031796e+04  8.42129283e+00  5.37031796e+04  9.32145306e+01 
 5.49540874e+04  8.22630473e+00  5.49540874e+04  9.32834414e+01 
 5.62341325e+04  8.03154540e+00  5.62341325e+04  9.33537303e+01 
 5.75439937e+04  7.83702493e+00  5.75439937e+04  9.34254098e+01 
 5.88843655e+04  7.64275382e+00  5.88843655e+04  9.34984912e+01 
 6.02559586e+04  7.44874299e+00  6.02559586e+04  9.35729848e+01 
 6.16595002e+04  7.25500380e+00  6.16595002e+04  9.36488998e+01 
 6.30957344e+04  7.06154807e+00  6.30957344e+04  9.37262441e+01 
 6.45654229e+04  6.86838809e+00  6.45654229e+04  9.38050243e+01 
 6.60693448e+04  6.67553662e+00  6.60693448e+04  9.38852454e+01 
 6.76082975e+04  6.48300692e+00  6.76082975e+04  9.39669109e+01 
 6.91830971e+04  6.29081276e+00  6.91830971e+04  9.40500224e+01 
 7.07945784e+04  6.09896844e+00  7.07945784e+04  9.41345795e+01 
 7.24435960e+04  5.90748877e+00  7.24435960e+04  9.42205798e+01 
 7.41310241e+04  5.71638915e+00  7.41310241e+04  9.43080187e+01 
 7.58577575e+04  5.52568552e+00  7.58577575e+04  9.43968888e+01 
 7.76247117e+04  5.33539439e+00  7.76247117e+04  9.44871805e+01 
 7.94328235e+04  5.14553288e+00  7.94328235e+04  9.45788810e+01 
 8.12830516e+04  4.95611871e+00  8.12830516e+04  9.46719746e+01 
 8.31763771e+04  4.76717018e+00  8.31763771e+04  9.47664422e+01 
 8.51138038e+04  4.57870626e+00  8.51138038e+04  9.48622613e+01 
 8.70963590e+04  4.39074652e+00  8.70963590e+04  9.49594056e+01 
 8.91250938e+04  4.20331117e+00  8.91250938e+04  9.50578446e+01 
 9.12010839e+04  4.01642108e+00  9.12010839e+04  9.51575437e+01 
 9.33254301e+04  3.83009778e+00  9.33254301e+04  9.52584636e+01 
 9.54992586e+04  3.64436344e+00  9.54992586e+04  9.53605602e+01 
 9.77237221e+04  3.45924090e+00  9.77237221e+04  9.54637840e+01 
 1.00000000e+05  3.27475367e+00  1.00000000e+05  9.55680803e+01 
 1.02329299e+05  3.09092591e+00  1.02329299e+05  9.56733884e+01 
 1.04712855e+05  2.90778244e+00  1.04712855e+05  9.57796414e+01 
 1.07151931e+05  2.72534875e+00  1.07151931e+05  9.58867659e+01 
 1.09647820e+05  2.54365095e+00  1.09647820e+05  9.59946816e+01 
 1.12201845e+05  2.36271580e+00  1.12201845e+05  9.61033010e+01 
 1.14815362e+05  2.18257069e+00  1.14815362e+05  9.62125290e+01 
 1.17489755e+05  2.00324360e+00  1.17489755e+05  9.63222622e+01 
 1.20226443e+05  1.82476310e+00  1.20226443e+05  9.64323891e+01 
 1.23026877e+05  1.64715833e+00  1.23026877e+05  9.65427892e+01 
 1.25892541e+05  1.47045895e+00  1.25892541e+05  9.66533327e+01 
 1.28824955e+05  1.29469514e+00  1.28824955e+05  9.67638802e+01 
 1.31825674e+05  1.11989753e+00  1.31825674e+05  9.68742824e+01 
 1.34896288e+05  9.46097193e-01  1.34896288e+05  9.69843792e+01 
 1.38038426e+05  7.73325582e-01  1.38038426e+05  9.70939999e+01 
 1.41253754e+05  6.01614484e-01  1.41253754e+05  9.72029624e+01 
 1.44543977e+05  4.30995967e-01  1.44543977e+05  9.73110727e+01 
 1.47910839e+05  2.61502320e-01  1.47910839e+05  9.74181250e+01 
 1.51356125e+05  9.31659946e-02  1.51356125e+05  9.75239009e+01 
 1.54881662e+05 -7.39804723e-02  1.54881662e+05  9.76281692e+01 
 1.58489319e+05 -2.39904527e-01  1.58489319e+05  9.77306853e+01 
 1.62181010e+05 -4.04573679e-01  1.62181010e+05  9.78311914e+01 
 1.65958691e+05 -5.67955587e-01  1.65958691e+05  9.79294156e+01 
 1.69824365e+05 -7.30018151e-01  1.69824365e+05  9.80250720e+01 
 1.73780083e+05 -8.90729598e-01  1.73780083e+05  9.81178604e+01 
 1.77827941e+05 -1.05005859e+00  1.77827941e+05  9.82074661e+01 
 1.81970086e+05 -1.20797433e+00  1.81970086e+05  9.82935594e+01 
 1.86208714e+05 -1.36444666e+00  1.86208714e+05  9.83757959e+01 
 1.90546072e+05 -1.51944618e+00  1.90546072e+05  9.84538163e+01 
 1.94984460e+05 -1.67294436e+00  1.94984460e+05  9.85272462e+01 
 1.99526231e+05 -1.82491366e+00  1.99526231e+05  9.85956964e+01 
 2.04173794e+05 -1.97532767e+00  2.04173794e+05  9.86587624e+01 
 2.08929613e+05 -2.12416118e+00  2.08929613e+05  9.87160254e+01 
 2.13796209e+05 -2.27139038e+00  2.13796209e+05  9.87670517e+01 
 2.18776162e+05 -2.41699293e+00  2.18776162e+05  9.88113934e+01 
 2.23872114e+05 -2.56094809e+00  2.23872114e+05  9.88485885e+01 
 2.29086765e+05 -2.70323689e+00  2.29086765e+05  9.88781614e+01 
 2.34422882e+05 -2.84384220e+00  2.34422882e+05  9.88996234e+01 
 2.39883292e+05 -2.98274887e+00  2.39883292e+05  9.89124731e+01 
 2.45470892e+05 -3.11994386e+00  2.45470892e+05  9.89161969e+01 
 2.51188643e+05 -3.25541636e+00  2.51188643e+05  9.89102701e+01 
 2.57039578e+05 -3.38915787e+00  2.57039578e+05  9.88941573e+01 
 2.63026799e+05 -3.52116231e+00  2.63026799e+05  9.88673131e+01 
 2.69153480e+05 -3.65142615e+00  2.69153480e+05  9.88291832e+01 
 2.75422870e+05 -3.77994848e+00  2.75422870e+05  9.87792055e+01 
 2.81838293e+05 -3.90673106e+00  2.81838293e+05  9.87168107e+01 
 2.88403150e+05 -4.03177844e+00  2.88403150e+05  9.86414234e+01 
 2.95120923e+05 -4.15509800e+00  2.95120923e+05  9.85524637e+01 
 3.01995172e+05 -4.27670001e+00  3.01995172e+05  9.84493479e+01 
 3.09029543e+05 -4.39659766e+00  3.09029543e+05  9.83314897e+01 
 3.16227766e+05 -4.51480710e+00  3.16227766e+05  9.81983019e+01 
 3.23593657e+05 -4.63134745e+00  3.23593657e+05  9.80491971e+01 
 3.31131121e+05 -4.74624081e+00  3.31131121e+05  9.78835896e+01 
 3.38844156e+05 -4.85951226e+00  3.38844156e+05  9.77008961e+01 
 3.46736850e+05 -4.97118982e+00  3.46736850e+05  9.75005379e+01 
 3.54813389e+05 -5.08130441e+00  3.54813389e+05  9.72819414e+01 
 3.63078055e+05 -5.18988986e+00  3.63078055e+05  9.70445401e+01 
 3.71535229e+05 -5.29698278e+00  3.71535229e+05  9.67877758e+01 
 3.80189396e+05 -5.40262251e+00  3.80189396e+05  9.65110997e+01 
 3.89045145e+05 -5.50685107e+00  3.89045145e+05  9.62139744e+01 
 3.98107171e+05 -5.60971302e+00  3.98107171e+05  9.58958745e+01 
 4.07380278e+05 -5.71125537e+00  4.07380278e+05  9.55562884e+01 
 4.16869383e+05 -5.81152745e+00  4.16869383e+05  9.51947195e+01 
 4.26579519e+05 -5.91058078e+00  4.26579519e+05  9.48106874e+01 
 4.36515832e+05 -6.00846896e+00  4.36515832e+05  9.44037292e+01 
 4.46683592e+05 -6.10524748e+00  4.46683592e+05  9.39734004e+01 
 4.57088190e+05 -6.20097357e+00  4.57088190e+05  9.35192766e+01 
 4.67735141e+05 -6.29570607e+00  4.67735141e+05  9.30409538e+01 
 4.78630092e+05 -6.38950519e+00  4.78630092e+05  9.25380501e+01 
 4.89778819e+05 -6.48243241e+00  4.89778819e+05  9.20102063e+01 
 5.01187234e+05 -6.57455024e+00  5.01187234e+05  9.14570871e+01 
 5.12861384e+05 -6.66592205e+00  5.12861384e+05  9.08783814e+01 
 5.24807460e+05 -6.75661190e+00  5.24807460e+05  9.02738037e+01 
 5.37031796e+05 -6.84668430e+00  5.37031796e+05  8.96430944e+01 
 5.49540874e+05 -6.93620407e+00  5.49540874e+05  8.89860207e+01 
 5.62341325e+05 -7.02523611e+00  5.62341325e+05  8.83023769e+01 
 5.75439937e+05 -7.11384524e+00  5.75439937e+05  8.75919853e+01 
 5.88843655e+05 -7.20209597e+00  5.88843655e+05  8.68546961e+01 
 6.02559586e+05 -7.29005236e+00  6.02559586e+05  8.60903884e+01 
 6.16595002e+05 -7.37777778e+00  6.16595002e+05  8.52989699e+01 
 6.30957344e+05 -7.46533480e+00  6.30957344e+05  8.44803775e+01 
 6.45654229e+05 -7.55278496e+00  6.45654229e+05  8.36345774e+01 
 6.60693448e+05 -7.64018864e+00  6.60693448e+05  8.27615653e+01 
 6.76082975e+05 -7.72760489e+00  6.76082975e+05  8.18613659e+01 
 6.91830971e+05 -7.81509130e+00  6.91830971e+05  8.09340336e+01 
 7.07945784e+05 -7.90270383e+00  7.07945784e+05  7.99796519e+01 
 7.24435960e+05 -7.99049674e+00  7.24435960e+05  7.89983333e+01 
 7.41310241e+05 -8.07852241e+00  7.41310241e+05  7.79902191e+01 
 7.58577575e+05 -8.16683128e+00  7.58577575e+05  7.69554794e+01 
 7.76247117e+05 -8.25547178e+00  7.76247117e+05  7.58943120e+01 
 7.94328235e+05 -8.34449020e+00  7.94328235e+05  7.48069429e+01 
 8.12830516e+05 -8.43393068e+00  8.12830516e+05  7.36936250e+01 
 8.31763771e+05 -8.52383515e+00  8.31763771e+05  7.25546382e+01 
 8.51138038e+05 -8.61424331e+00  8.51138038e+05  7.13902886e+01 
 8.70963590e+05 -8.70519259e+00  8.70963590e+05  7.02009076e+01 
 8.91250938e+05 -8.79671821e+00  8.91250938e+05  6.89868518e+01 
 9.12010839e+05 -8.88885315e+00  9.12010839e+05  6.77485018e+01 
 9.33254301e+05 -8.98162820e+00  9.33254301e+05  6.64862617e+01 
 9.54992586e+05 -9.07507206e+00  9.54992586e+05  6.52005583e+01 
 9.77237221e+05 -9.16921133e+00  9.77237221e+05  6.38918404e+01 
 1.00000000e+06 -9.26407067e+00  1.00000000e+06  6.25605775e+01 
 1.02329299e+06 -9.35967285e+00  1.02329299e+06  6.12072597e+01 
 1.04712855e+06 -9.45603891e+00  1.04712855e+06  5.98323960e+01 
 1.07151931e+06 -9.55318822e+00  1.07151931e+06  5.84365140e+01 
 1.09647820e+06 -9.65113872e+00  1.09647820e+06  5.70201589e+01 
 1.12201845e+06 -9.74990698e+00  1.12201845e+06  5.55838920e+01 
 1.14815362e+06 -9.84950841e+00  1.14815362e+06  5.41282907e+01 
 1.17489755e+06 -9.94995744e+00  1.17489755e+06  5.26539468e+01 
 1.20226443e+06 -1.00512676e+01  1.20226443e+06  5.11614659e+01 
 1.23026877e+06 -1.01534520e+01  1.23026877e+06  4.96514661e+01 
 1.25892541e+06 -1.02565231e+01  1.25892541e+06  4.81245778e+01 
 1.28824955e+06 -1.03604931e+01  1.28824955e+06  4.65814417e+01 
 1.31825674e+06 -1.04653743e+01  1.31825674e+06  4.50227089e+01 
 1.34896288e+06 -1.05711792e+01  1.34896288e+06  4.34490391e+01 
 1.38038426e+06 -1.06779204e+01  1.38038426e+06  4.18611003e+01 
 1.41253754e+06 -1.07856112e+01  1.41253754e+06  4.02595676e+01 
 1.44543977e+06 -1.08942656e+01  1.44543977e+06  3.86451223e+01 
 1.47910839e+06 -1.10038985e+01  1.47910839e+06  3.70184514e+01 
 1.51356125e+06 -1.11145261e+01  1.51356125e+06  3.53802462e+01 
 1.54881662e+06 -1.12261656e+01  1.54881662e+06  3.37312020e+01 
 1.58489319e+06 -1.13388358e+01  1.58489319e+06  3.20720172e+01 
 1.62181010e+06 -1.14525570e+01  1.62181010e+06  3.04033927e+01 
 1.65958691e+06 -1.15673515e+01  1.65958691e+06  2.87260309e+01 
 1.69824365e+06 -1.16832431e+01  1.69824365e+06  2.70406357e+01 
 1.73780083e+06 -1.18002580e+01  1.73780083e+06  2.53479117e+01 
 1.77827941e+06 -1.19184244e+01  1.77827941e+06  2.36485641e+01 
 1.81970086e+06 -1.20377728e+01  1.81970086e+06  2.19432978e+01 
 1.86208714e+06 -1.21583361e+01  1.86208714e+06  2.02328183e+01 
 1.90546072e+06 -1.22801495e+01  1.90546072e+06  1.85178308e+01 
 1.94984460e+06 -1.24032508e+01  1.94984460e+06  1.67990408e+01 
 1.99526231e+06 -1.25276805e+01  1.99526231e+06  1.50771545e+01 
 2.04173794e+06 -1.26534816e+01  2.04173794e+06  1.33528792e+01 
 2.08929613e+06 -1.27806997e+01  2.08929613e+06  1.16269246e+01 
 2.13796209e+06 -1.29093833e+01  2.13796209e+06  9.90000291e+00 
 2.18776162e+06 -1.30395831e+01  2.18776162e+06  8.17283130e+00 
 2.23872114e+06 -1.31713526e+01  2.23872114e+06  6.44613281e+00 
 2.29086765e+06 -1.33047478e+01  2.29086765e+06  4.72063859e+00 
 2.34422882e+06 -1.34398269e+01  2.34422882e+06  2.99709014e+00 
 2.39883292e+06 -1.35766502e+01  2.39883292e+06  1.27624194e+00 
 2.45470892e+06 -1.37152798e+01  2.45470892e+06 -4.41135585e-01 
 2.51188643e+06 -1.38557795e+01  2.51188643e+06 -2.15425279e+00 
 2.57039578e+06 -1.39982139e+01  2.57039578e+06 -3.86229723e+00 
 2.63026799e+06 -1.41426484e+01  2.63026799e+06 -5.56442989e+00 
 2.69153480e+06 -1.42891479e+01  2.69153480e+06 -7.25978114e+00 
 2.75422870e+06 -1.44377767e+01  2.75422870e+06 -8.94744671e+00 
 2.81838293e+06 -1.45885972e+01  2.81838293e+06 -1.06264837e+01 
 2.88403150e+06 -1.47416684e+01  2.88403150e+06 -1.22959069e+01 
 2.95120923e+06 -1.48970456e+01  2.95120923e+06 -1.39546851e+01 
 3.01995172e+06 -1.50547779e+01  3.01995172e+06 -1.56017391e+01 
 3.09029543e+06 -1.52149070e+01  3.09029543e+06 -1.72359395e+01 
 3.16227766e+06 -1.53774654e+01  3.16227766e+06 -1.88561063e+01 
 3.23593657e+06 -1.55424743e+01  3.23593657e+06 -2.04610107e+01 
 3.31131121e+06 -1.57099413e+01  3.31131121e+06 -2.20493780e+01 
 3.38844156e+06 -1.58798583e+01  3.38844156e+06 -2.36198935e+01 
 3.46736850e+06 -1.60521994e+01  3.46736850e+06 -2.51712107e+01 
 3.54813389e+06 -1.62269181e+01  3.54813389e+06 -2.67019634e+01 
 3.63078055e+06 -1.64039460e+01  3.63078055e+06 -2.82107796e+01 
 3.71535229e+06 -1.65831904e+01  3.71535229e+06 -2.96963004e+01 
 3.80189396e+06 -1.67645332e+01  3.80189396e+06 -3.11572004e+01 
 3.89045145e+06 -1.69478296e+01  3.89045145e+06 -3.25922122e+01 
 3.98107171e+06 -1.71329084e+01  3.98107171e+06 -3.40001526e+01 
 4.07380278e+06 -1.73195718e+01  4.07380278e+06 -3.53799506e+01 
 4.16869383e+06 -1.75075973e+01  4.16869383e+06 -3.67306757e+01 
 4.26579519e+06 -1.76967393e+01  4.26579519e+06 -3.80515660e+01 
 4.36515832e+06 -1.78867327e+01  4.36515832e+06 -3.93420535e+01 
 4.46683592e+06 -1.80772962e+01  4.46683592e+06 -4.06017869e+01 
 4.57088190e+06 -1.82681374e+01  4.57088190e+06 -4.18306495e+01 
 4.67735141e+06 -1.84589579e+01  4.67735141e+06 -4.30287706e+01 
 4.78630092e+06 -1.86494587e+01  4.78630092e+06 -4.41965315e+01 
 4.89778819e+06 -1.88393461e+01  4.89778819e+06 -4.53345626e+01 
 5.01187234e+06 -1.90283374e+01  5.01187234e+06 -4.64437348e+01 
 5.12861384e+06 -1.92161658e+01  5.12861384e+06 -4.75251427e+01 
 5.24807460e+06 -1.94025855e+01  5.24807460e+06 -4.85800819e+01 
 5.37031796e+06 -1.95873752e+01  5.37031796e+06 -4.96100214e+01 
 5.49540874e+06 -1.97703412e+01  5.49540874e+06 -5.06165722e+01 
 5.62341325e+06 -1.99513192e+01  5.62341325e+06 -5.16014531e+01 
 5.75439937e+06 -2.01301755e+01  5.75439937e+06 -5.25664567e+01 
 5.88843655e+06 -2.03068065e+01  5.88843655e+06 -5.35134157e+01 
 6.02559586e+06 -2.04811379e+01  6.02559586e+06 -5.44441717e+01 
 6.16595002e+06 -2.06531232e+01  6.16595002e+06 -5.53605468e+01 
 6.30957344e+06 -2.08227410e+01  6.30957344e+06 -5.62643200e+01 
 6.45654229e+06 -2.09899926e+01  6.45654229e+06 -5.71572066e+01 
 6.60693448e+06 -2.11548988e+01  6.60693448e+06 -5.80408436e+01 
 6.76082975e+06 -2.13174969e+01  6.76082975e+06 -5.89167785e+01 
 6.91830971e+06 -2.14778376e+01  6.91830971e+06 -5.97864629e+01 
 7.07945784e+06 -2.16359821e+01  7.07945784e+06 -6.06512493e+01 
 7.24435960e+06 -2.17919992e+01  7.24435960e+06 -6.15123913e+01 
 7.41310241e+06 -2.19459634e+01  7.41310241e+06 -6.23710465e+01 
 7.58577575e+06 -2.20979521e+01  7.58577575e+06 -6.32282809e+01 
 7.76247117e+06 -2.22480445e+01  7.76247117e+06 -6.40850750e+01 
 7.94328235e+06 -2.23963196e+01  7.94328235e+06 -6.49423311e+01 
 8.12830516e+06 -2.25428554e+01  8.12830516e+06 -6.58008805e+01 
 8.31763771e+06 -2.26877279e+01  8.31763771e+06 -6.66614911e+01 
 8.51138038e+06 -2.28310107e+01  8.51138038e+06 -6.75248750e+01 
 8.70963590e+06 -2.29727742e+01  8.70963590e+06 -6.83916954e+01 
 8.91250938e+06 -2.31130861e+01  8.91250938e+06 -6.92625733e+01 
 9.12010839e+06 -2.32520106e+01  9.12010839e+06 -7.01380929e+01 
 9.33254301e+06 -2.33896093e+01  9.33254301e+06 -7.10188071e+01 
 9.54992586e+06 -2.35259406e+01  9.54992586e+06 -7.19052416e+01 
 9.77237221e+06 -2.36610608e+01  9.77237221e+06 -7.27978988e+01 
 1.00000000e+07 -2.37950237e+01  1.00000000e+07 -7.36972599e+01 
 1.02329299e+07 -2.39278816e+01  1.02329299e+07 -7.46037880e+01 
 1.04712855e+07 -2.40596851e+01  1.04712855e+07 -7.55179289e+01 
 1.07151931e+07 -2.41904841e+01  1.07151931e+07 -7.64401120e+01 
 1.09647820e+07 -2.43203277e+01  1.09647820e+07 -7.73707510e+01 
 1.12201845e+07 -2.44492648e+01  1.12201845e+07 -7.83102433e+01 
 1.14815362e+07 -2.45773443e+01  1.14815362e+07 -7.92589696e+01 
 1.17489755e+07 -2.47046158e+01  1.17489755e+07 -8.02172929e+01 
 1.20226443e+07 -2.48311295e+01  1.20226443e+07 -8.11855567e+01 
 1.23026877e+07 -2.49569366e+01  1.23026877e+07 -8.21640841e+01 
 1.25892541e+07 -2.50820895e+01  1.25892541e+07 -8.31531752e+01 
 1.28824955e+07 -2.52066422e+01  1.28824955e+07 -8.41531053e+01 
 1.31825674e+07 -2.53306502e+01  1.31825674e+07 -8.51641226e+01 
 1.34896288e+07 -2.54541707e+01  1.34896288e+07 -8.61864458e+01 
 1.38038426e+07 -2.55772628e+01  1.38038426e+07 -8.72202615e+01 
 1.41253754e+07 -2.56999875e+01  1.41253754e+07 -8.82657216e+01 
 1.44543977e+07 -2.58224076e+01  1.44543977e+07 -8.93229410e+01 
 1.47910839e+07 -2.59445877e+01  1.47910839e+07 -9.03919945e+01 
 1.51356125e+07 -2.60665945e+01  1.51356125e+07 -9.14729145e+01 
 1.54881662e+07 -2.61884963e+01  1.54881662e+07 -9.25656884e+01 
 1.58489319e+07 -2.63103628e+01  1.58489319e+07 -9.36702560e+01 
 1.62181010e+07 -2.64322657e+01  1.62181010e+07 -9.47865071e+01 
 1.65958691e+07 -2.65542775e+01  1.65958691e+07 -9.59142791e+01 
 1.69824365e+07 -2.66764721e+01  1.69824365e+07 -9.70533551e+01 
 1.73780083e+07 -2.67989243e+01  1.73780083e+07 -9.82034612e+01 
 1.77827941e+07 -2.69217095e+01  1.77827941e+07 -9.93642654e+01 
 1.81970086e+07 -2.70449033e+01  1.81970086e+07 -1.00535375e+02 
 1.86208714e+07 -2.71685817e+01  1.86208714e+07 -1.01716337e+02 
 1.90546072e+07 -2.72928202e+01  1.90546072e+07 -1.02906632e+02 
 1.94984460e+07 -2.74176938e+01  1.94984460e+07 -1.04105680e+02 
 1.99526231e+07 -2.75432766e+01  1.99526231e+07 -1.05312835e+02 
 2.04173794e+07 -2.76696414e+01  2.04173794e+07 -1.06527383e+02 
 2.08929613e+07 -2.77968593e+01  2.08929613e+07 -1.07748548e+02 
 2.13796209e+07 -2.79249992e+01  2.13796209e+07 -1.08975483e+02 
 2.18776162e+07 -2.80541276e+01  2.18776162e+07 -1.10207280e+02 
 2.23872114e+07 -2.81843081e+01  2.23872114e+07 -1.11442964e+02 
 2.29086765e+07 -2.83156010e+01  2.29086765e+07 -1.12681493e+02 
 2.34422882e+07 -2.84480628e+01  2.34422882e+07 -1.13921766e+02 
 2.39883292e+07 -2.85817455e+01  2.39883292e+07 -1.15162617e+02 
 2.45470892e+07 -2.87166970e+01  2.45470892e+07 -1.16402822e+02 
 2.51188643e+07 -2.88529597e+01  2.51188643e+07 -1.17641098e+02 
 2.57039578e+07 -2.89905707e+01  2.57039578e+07 -1.18876106e+02 
 2.63026799e+07 -2.91295611e+01  2.63026799e+07 -1.20106457e+02 
 2.69153480e+07 -2.92699557e+01  2.69153480e+07 -1.21330711e+02 
 2.75422870e+07 -2.94117726e+01  2.75422870e+07 -1.22547381e+02 
 2.81838293e+07 -2.95550228e+01  2.81838293e+07 -1.23754940e+02 
 2.88403150e+07 -2.96997098e+01  2.88403150e+07 -1.24951820e+02 
 2.95120923e+07 -2.98458293e+01  2.95120923e+07 -1.26136422e+02 
 3.01995172e+07 -2.99933692e+01  3.01995172e+07 -1.27307115e+02 
 3.09029543e+07 -3.01423086e+01  3.09029543e+07 -1.28462244e+02 
 3.16227766e+07 -3.02926184e+01  3.16227766e+07 -1.29600134e+02 
 3.23593657e+07 -3.04442604e+01  3.23593657e+07 -1.30719094e+02 
 3.31131121e+07 -3.05971877e+01  3.31131121e+07 -1.31817425e+02 
 3.38844156e+07 -3.07513441e+01  3.38844156e+07 -1.32893421e+02 
 3.46736850e+07 -3.09066643e+01  3.46736850e+07 -1.33945377e+02 
 3.54813389e+07 -3.10630736e+01  3.54813389e+07 -1.34971593e+02 
 3.63078055e+07 -3.12204884e+01  3.63078055e+07 -1.35970380e+02 
 3.71535229e+07 -3.13788155e+01  3.71535229e+07 -1.36940062e+02 
 3.80189396e+07 -3.15379527e+01  3.80189396e+07 -1.37878984e+02 
 3.89045145e+07 -3.16977884e+01  3.89045145e+07 -1.38785513e+02 
 3.98107171e+07 -3.18582023e+01  3.98107171e+07 -1.39658045e+02 
 4.07380278e+07 -3.20190648e+01  4.07380278e+07 -1.40495007e+02 
 4.16869383e+07 -3.21802377e+01  4.16869383e+07 -1.41294860e+02 
 4.26579519e+07 -3.23415738e+01  4.26579519e+07 -1.42056100e+02 
 4.36515832e+07 -3.25029171e+01  4.36515832e+07 -1.42777268e+02 
 4.46683592e+07 -3.26641028e+01  4.46683592e+07 -1.43456940e+02 
 4.57088190e+07 -3.28249572e+01  4.57088190e+07 -1.44093742e+02 
 4.67735141e+07 -3.29852976e+01  4.67735141e+07 -1.44686340e+02 
 4.78630092e+07 -3.31449319e+01  4.78630092e+07 -1.45233449e+02 
 4.89778819e+07 -3.33036584e+01  4.89778819e+07 -1.45733831e+02 
 5.01187234e+07 -3.34612654e+01  5.01187234e+07 -1.46186299e+02 
 5.12861384e+07 -3.36175300e+01  5.12861384e+07 -1.46589716e+02 
 5.24807460e+07 -3.37722184e+01  5.24807460e+07 -1.46942999e+02 
 5.37031796e+07 -3.39250839e+01  5.37031796e+07 -1.47245125e+02 
 5.49540874e+07 -3.40758669e+01  5.49540874e+07 -1.47495130e+02 
 5.62341325e+07 -3.42242933e+01  5.62341325e+07 -1.47692123e+02 
 5.75439937e+07 -3.43700735e+01  5.75439937e+07 -1.47835285e+02 
 5.88843655e+07 -3.45129013e+01  5.88843655e+07 -1.47923888e+02 
 6.02559586e+07 -3.46524527e+01  6.02559586e+07 -1.47957301e+02 
 6.16595002e+07 -3.47883854e+01  6.16595002e+07 -1.47935007e+02 
 6.30957344e+07 -3.49203374e+01  6.30957344e+07 -1.47856624e+02 
 6.45654229e+07 -3.50479272e+01  6.45654229e+07 -1.47721920e+02 
 6.60693448e+07 -3.51707532e+01  6.60693448e+07 -1.47530840e+02 
 6.76082975e+07 -3.52883950e+01  6.76082975e+07 -1.47283534e+02 
 6.91830971e+07 -3.54004140e+01  6.91830971e+07 -1.46980377e+02 
 7.07945784e+07 -3.55063556e+01  7.07945784e+07 -1.46622009e+02 
 7.24435960e+07 -3.56057526e+01  7.24435960e+07 -1.46209354e+02 
 7.41310241e+07 -3.56981285e+01  7.41310241e+07 -1.45743657e+02 
 7.58577575e+07 -3.57830029e+01  7.58577575e+07 -1.45226506e+02 
 7.76247117e+07 -3.58598976e+01  7.76247117e+07 -1.44659858e+02 
 7.94328235e+07 -3.59283436e+01  7.94328235e+07 -1.44046054e+02 
 8.12830516e+07 -3.59878894e+01  8.12830516e+07 -1.43387832e+02 
 8.31763771e+07 -3.60381093e+01  8.31763771e+07 -1.42688326e+02 
 8.51138038e+07 -3.60786130e+01  8.51138038e+07 -1.41951059e+02 
 8.70963590e+07 -3.61090552e+01  8.70963590e+07 -1.41179923e+02 
 8.91250938e+07 -3.61291441e+01  8.91250938e+07 -1.40379145e+02 
 9.12010839e+07 -3.61386507e+01  9.12010839e+07 -1.39553243e+02 
 9.33254301e+07 -3.61374159e+01  9.33254301e+07 -1.38706969e+02 
 9.54992586e+07 -3.61253566e+01  9.54992586e+07 -1.37845248e+02 
 9.77237221e+07 -3.61024700e+01  9.77237221e+07 -1.36973096e+02 
 1.00000000e+08 -3.60688356e+01  1.00000000e+08 -1.36095548e+02 
