 1.00000000e+00  8.14846639e+01  1.00000000e+00  1.78384326e+02 
 1.02329299e+00  8.14842734e+01  1.02329299e+00  1.78350112e+02 
 1.04712855e+00  8.14838831e+01  1.04712855e+00  1.78315082e+02 
 1.07151931e+00  8.14834928e+01  1.07151931e+00  1.78279216e+02 
 1.09647820e+00  8.14831020e+01  1.09647820e+00  1.78242492e+02 
 1.12201845e+00  8.14827104e+01  1.12201845e+00  1.78204889e+02 
 1.14815362e+00  8.14823174e+01  1.14815362e+00  1.78166385e+02 
 1.17489755e+00  8.14819226e+01  1.17489755e+00  1.78126957e+02 
 1.20226443e+00  8.14815255e+01  1.20226443e+00  1.78086581e+02 
 1.23026877e+00  8.14811256e+01  1.23026877e+00  1.78045236e+02 
 1.25892541e+00  8.14807223e+01  1.25892541e+00  1.78002897e+02 
 1.28824955e+00  8.14803151e+01  1.28824955e+00  1.77959539e+02 
 1.31825674e+00  8.14799033e+01  1.31825674e+00  1.77915139e+02 
 1.34896288e+00  8.14794863e+01  1.34896288e+00  1.77869671e+02 
 1.38038426e+00  8.14790635e+01  1.38038426e+00  1.77823109e+02 
 1.41253754e+00  8.14786342e+01  1.41253754e+00  1.77775428e+02 
 1.44543977e+00  8.14781976e+01  1.44543977e+00  1.77726600e+02 
 1.47910839e+00  8.14777531e+01  1.47910839e+00  1.77676599e+02 
 1.51356125e+00  8.14772998e+01  1.51356125e+00  1.77625396e+02 
 1.54881662e+00  8.14768370e+01  1.54881662e+00  1.77572964e+02 
 1.58489319e+00  8.14763637e+01  1.58489319e+00  1.77519274e+02 
 1.62181010e+00  8.14758793e+01  1.62181010e+00  1.77464297e+02 
 1.65958691e+00  8.14753826e+01  1.65958691e+00  1.77408002e+02 
 1.69824365e+00  8.14748730e+01  1.69824365e+00  1.77350359e+02 
 1.73780083e+00  8.14743492e+01  1.73780083e+00  1.77291337e+02 
 1.77827941e+00  8.14738104e+01  1.77827941e+00  1.77230904e+02 
 1.81970086e+00  8.14732555e+01  1.81970086e+00  1.77169027e+02 
 1.86208714e+00  8.14726835e+01  1.86208714e+00  1.77105673e+02 
 1.90546072e+00  8.14720931e+01  1.90546072e+00  1.77040809e+02 
 1.94984460e+00  8.14714832e+01  1.94984460e+00  1.76974399e+02 
 1.99526231e+00  8.14708526e+01  1.99526231e+00  1.76906409e+02 
 2.04173794e+00  8.14702001e+01  2.04173794e+00  1.76836803e+02 
 2.08929613e+00  8.14695242e+01  2.08929613e+00  1.76765543e+02 
 2.13796209e+00  8.14688237e+01  2.13796209e+00  1.76692592e+02 
 2.18776162e+00  8.14680971e+01  2.18776162e+00  1.76617911e+02 
 2.23872114e+00  8.14673430e+01  2.23872114e+00  1.76541463e+02 
 2.29086765e+00  8.14665597e+01  2.29086765e+00  1.76463205e+02 
 2.34422882e+00  8.14657457e+01  2.34422882e+00  1.76383098e+02 
 2.39883292e+00  8.14648993e+01  2.39883292e+00  1.76301100e+02 
 2.45470892e+00  8.14640187e+01  2.45470892e+00  1.76217168e+02 
 2.51188643e+00  8.14631022e+01  2.51188643e+00  1.76131258e+02 
 2.57039578e+00  8.14621478e+01  2.57039578e+00  1.76043327e+02 
 2.63026799e+00  8.14611536e+01  2.63026799e+00  1.75953328e+02 
 2.69153480e+00  8.14601175e+01  2.69153480e+00  1.75861216e+02 
 2.75422870e+00  8.14590373e+01  2.75422870e+00  1.75766943e+02 
 2.81838293e+00  8.14579108e+01  2.81838293e+00  1.75670461e+02 
 2.88403150e+00  8.14567357e+01  2.88403150e+00  1.75571720e+02 
 2.95120923e+00  8.14555096e+01  2.95120923e+00  1.75470670e+02 
 3.01995172e+00  8.14542298e+01  3.01995172e+00  1.75367260e+02 
 3.09029543e+00  8.14528937e+01  3.09029543e+00  1.75261437e+02 
 3.16227766e+00  8.14514987e+01  3.16227766e+00  1.75153147e+02 
 3.23593657e+00  8.14500416e+01  3.23593657e+00  1.75042337e+02 
 3.31131121e+00  8.14485196e+01  3.31131121e+00  1.74928950e+02 
 3.38844156e+00  8.14469295e+01  3.38844156e+00  1.74812930e+02 
 3.46736850e+00  8.14452680e+01  3.46736850e+00  1.74694218e+02 
 3.54813389e+00  8.14435317e+01  3.54813389e+00  1.74572755e+02 
 3.63078055e+00  8.14417169e+01  3.63078055e+00  1.74448481e+02 
 3.71535229e+00  8.14398199e+01  3.71535229e+00  1.74321334e+02 
 3.80189396e+00  8.14378368e+01  3.80189396e+00  1.74191253e+02 
 3.89045145e+00  8.14357635e+01  3.89045145e+00  1.74058172e+02 
 3.98107171e+00  8.14335957e+01  3.98107171e+00  1.73922027e+02 
 4.07380278e+00  8.14313290e+01  4.07380278e+00  1.73782751e+02 
 4.16869383e+00  8.14289587e+01  4.16869383e+00  1.73640277e+02 
 4.26579519e+00  8.14264800e+01  4.26579519e+00  1.73494536e+02 
 4.36515832e+00  8.14238878e+01  4.36515832e+00  1.73345458e+02 
 4.46683592e+00  8.14211767e+01  4.46683592e+00  1.73192972e+02 
 4.57088190e+00  8.14183412e+01  4.57088190e+00  1.73037004e+02 
 4.67735141e+00  8.14153756e+01  4.67735141e+00  1.72877482e+02 
 4.78630092e+00  8.14122738e+01  4.78630092e+00  1.72714330e+02 
 4.89778819e+00  8.14090295e+01  4.89778819e+00  1.72547471e+02 
 5.01187234e+00  8.14056361e+01  5.01187234e+00  1.72376829e+02 
 5.12861384e+00  8.14020868e+01  5.12861384e+00  1.72202324e+02 
 5.24807460e+00  8.13983744e+01  5.24807460e+00  1.72023877e+02 
 5.37031796e+00  8.13944914e+01  5.37031796e+00  1.71841405e+02 
 5.49540874e+00  8.13904301e+01  5.49540874e+00  1.71654827e+02 
 5.62341325e+00  8.13861822e+01  5.62341325e+00  1.71464059e+02 
 5.75439937e+00  8.13817393e+01  5.75439937e+00  1.71269016e+02 
 5.88843655e+00  8.13770926e+01  5.88843655e+00  1.71069612e+02 
 6.02559586e+00  8.13722327e+01  6.02559586e+00  1.70865759e+02 
 6.16595002e+00  8.13671502e+01  6.16595002e+00  1.70657371e+02 
 6.30957344e+00  8.13618349e+01  6.30957344e+00  1.70444357e+02 
 6.45654229e+00  8.13562763e+01  6.45654229e+00  1.70226628e+02 
 6.60693448e+00  8.13504637e+01  6.60693448e+00  1.70004091e+02 
 6.76082975e+00  8.13443855e+01  6.76082975e+00  1.69776657e+02 
 6.91830971e+00  8.13380301e+01  6.91830971e+00  1.69544230e+02 
 7.07945784e+00  8.13313850e+01  7.07945784e+00  1.69306718e+02 
 7.24435960e+00  8.13244376e+01  7.24435960e+00  1.69064027e+02 
 7.41310241e+00  8.13171743e+01  7.41310241e+00  1.68816061e+02 
 7.58577575e+00  8.13095814e+01  7.58577575e+00  1.68562725e+02 
 7.76247117e+00  8.13016443e+01  7.76247117e+00  1.68303923e+02 
 7.94328235e+00  8.12933482e+01  7.94328235e+00  1.68039559e+02 
 8.12830516e+00  8.12846773e+01  8.12830516e+00  1.67769536e+02 
 8.31763771e+00  8.12756154e+01  8.31763771e+00  1.67493758e+02 
 8.51138038e+00  8.12661457e+01  8.51138038e+00  1.67212128e+02 
 8.70963590e+00  8.12562507e+01  8.70963590e+00  1.66924549e+02 
 8.91250938e+00  8.12459122e+01  8.91250938e+00  1.66630926e+02 
 9.12010839e+00  8.12351113e+01  9.12010839e+00  1.66331162e+02 
 9.33254301e+00  8.12238286e+01  9.33254301e+00  1.66025163e+02 
 9.54992586e+00  8.12120437e+01  9.54992586e+00  1.65712835e+02 
 9.77237221e+00  8.11997356e+01  9.77237221e+00  1.65394083e+02 
 1.00000000e+01  8.11868825e+01  1.00000000e+01  1.65068817e+02 
 1.02329299e+01  8.11734621e+01  1.02329299e+01  1.64736944e+02 
 1.04712855e+01  8.11594508e+01  1.04712855e+01  1.64398377e+02 
 1.07151931e+01  8.11448248e+01  1.07151931e+01  1.64053028e+02 
 1.09647820e+01  8.11295590e+01  1.09647820e+01  1.63700812e+02 
 1.12201845e+01  8.11136278e+01  1.12201845e+01  1.63341647e+02 
 1.14815362e+01  8.10970045e+01  1.14815362e+01  1.62975452e+02 
 1.17489755e+01  8.10796620e+01  1.17489755e+01  1.62602150e+02 
 1.20226443e+01  8.10615719e+01  1.20226443e+01  1.62221668e+02 
 1.23026877e+01  8.10427052e+01  1.23026877e+01  1.61833935e+02 
 1.25892541e+01  8.10230320e+01  1.25892541e+01  1.61438886e+02 
 1.28824955e+01  8.10025216e+01  1.28824955e+01  1.61036458e+02 
 1.31825674e+01  8.09811424e+01  1.31825674e+01  1.60626595e+02 
 1.34896288e+01  8.09588620e+01  1.34896288e+01  1.60209243e+02 
 1.38038426e+01  8.09356473e+01  1.38038426e+01  1.59784356e+02 
 1.41253754e+01  8.09114641e+01  1.41253754e+01  1.59351893e+02 
 1.44543977e+01  8.08862776e+01  1.44543977e+01  1.58911819e+02 
 1.47910839e+01  8.08600523e+01  1.47910839e+01  1.58464105e+02 
 1.51356125e+01  8.08327518e+01  1.51356125e+01  1.58008729e+02 
 1.54881662e+01  8.08043391e+01  1.54881662e+01  1.57545679e+02 
 1.58489319e+01  8.07747763e+01  1.58489319e+01  1.57074947e+02 
 1.62181010e+01  8.07440252e+01  1.62181010e+01  1.56596535e+02 
 1.65958691e+01  8.07120468e+01  1.65958691e+01  1.56110454e+02 
 1.69824365e+01  8.06788014e+01  1.69824365e+01  1.55616723e+02 
 1.73780083e+01  8.06442491e+01  1.73780083e+01  1.55115372e+02 
 1.77827941e+01  8.06083492e+01  1.77827941e+01  1.54606440e+02 
 1.81970086e+01  8.05710611e+01  1.81970086e+01  1.54089974e+02 
 1.86208714e+01  8.05323434e+01  1.86208714e+01  1.53566036e+02 
 1.90546072e+01  8.04921548e+01  1.90546072e+01  1.53034696e+02 
 1.94984460e+01  8.04504536e+01  1.94984460e+01  1.52496035e+02 
 1.99526231e+01  8.04071982e+01  1.99526231e+01  1.51950148e+02 
 2.04173794e+01  8.03623469e+01  2.04173794e+01  1.51397138e+02 
 2.08929613e+01  8.03158583e+01  2.08929613e+01  1.50837125e+02 
 2.13796209e+01  8.02676909e+01  2.13796209e+01  1.50270237e+02 
 2.18776162e+01  8.02178038e+01  2.18776162e+01  1.49696617e+02 
 2.23872114e+01  8.01661564e+01  2.23872114e+01  1.49116419e+02 
 2.29086765e+01  8.01127087e+01  2.29086765e+01  1.48529811e+02 
 2.34422882e+01  8.00574211e+01  2.34422882e+01  1.47936973e+02 
 2.39883292e+01  8.00002551e+01  2.39883292e+01  1.47338097e+02 
 2.45470892e+01  7.99411729e+01  2.45470892e+01  1.46733389e+02 
 2.51188643e+01  7.98801377e+01  2.51188643e+01  1.46123068e+02 
 2.57039578e+01  7.98171139e+01  2.57039578e+01  1.45507362e+02 
 2.63026799e+01  7.97520671e+01  2.63026799e+01  1.44886515e+02 
 2.69153480e+01  7.96849642e+01  2.69153480e+01  1.44260779e+02 
 2.75422870e+01  7.96157736e+01  2.75422870e+01  1.43630421e+02 
 2.81838293e+01  7.95444655e+01  2.81838293e+01  1.42995717e+02 
 2.88403150e+01  7.94710114e+01  2.88403150e+01  1.42356953e+02 
 2.95120923e+01  7.93953850e+01  2.95120923e+01  1.41714426e+02 
 3.01995172e+01  7.93175617e+01  3.01995172e+01  1.41068442e+02 
 3.09029543e+01  7.92375190e+01  3.09029543e+01  1.40419315e+02 
 3.16227766e+01  7.91552363e+01  3.16227766e+01  1.39767368e+02 
 3.23593657e+01  7.90706956e+01  3.23593657e+01  1.39112930e+02 
 3.31131121e+01  7.89838808e+01  3.31131121e+01  1.38456338e+02 
 3.38844156e+01  7.88947781e+01  3.38844156e+01  1.37797934e+02 
 3.46736850e+01  7.88033763e+01  3.46736850e+01  1.37138062e+02 
 3.54813389e+01  7.87096665e+01  3.54813389e+01  1.36477074e+02 
 3.63078055e+01  7.86136424e+01  3.63078055e+01  1.35815322e+02 
 3.71535229e+01  7.85152998e+01  3.71535229e+01  1.35153162e+02 
 3.80189396e+01  7.84146375e+01  3.80189396e+01  1.34490948e+02 
 3.89045145e+01  7.83116565e+01  3.89045145e+01  1.33829037e+02 
 3.98107171e+01  7.82063604e+01  3.98107171e+01  1.33167783e+02 
 4.07380278e+01  7.80987551e+01  4.07380278e+01  1.32507539e+02 
 4.16869383e+01  7.79888493e+01  4.16869383e+01  1.31848656e+02 
 4.26579519e+01  7.78766538e+01  4.26579519e+01  1.31191478e+02 
 4.36515832e+01  7.77621819e+01  4.36515832e+01  1.30536348e+02 
 4.46683592e+01  7.76454491e+01  4.46683592e+01  1.29883602e+02 
 4.57088190e+01  7.75264735e+01  4.57088190e+01  1.29233569e+02 
 4.67735141e+01  7.74052748e+01  4.67735141e+01  1.28586572e+02 
 4.78630092e+01  7.72818753e+01  4.78630092e+01  1.27942925e+02 
 4.89778819e+01  7.71562990e+01  4.89778819e+01  1.27302934e+02 
 5.01187234e+01  7.70285719e+01  5.01187234e+01  1.26666896e+02 
 5.12861384e+01  7.68987218e+01  5.12861384e+01  1.26035099e+02 
 5.24807460e+01  7.67667781e+01  5.24807460e+01  1.25407817e+02 
 5.37031796e+01  7.66327719e+01  5.37031796e+01  1.24785319e+02 
 5.49540874e+01  7.64967358e+01  5.49540874e+01  1.24167857e+02 
 5.62341325e+01  7.63587035e+01  5.62341325e+01  1.23555675e+02 
 5.75439937e+01  7.62187103e+01  5.75439937e+01  1.22949005e+02 
 5.88843655e+01  7.60767923e+01  5.88843655e+01  1.22348065e+02 
 6.02559586e+01  7.59329869e+01  6.02559586e+01  1.21753062e+02 
 6.16595002e+01  7.57873320e+01  6.16595002e+01  1.21164190e+02 
 6.30957344e+01  7.56398666e+01  6.30957344e+01  1.20581632e+02 
 6.45654229e+01  7.54906302e+01  6.45654229e+01  1.20005556e+02 
 6.60693448e+01  7.53396630e+01  6.60693448e+01  1.19436120e+02 
 6.76082975e+01  7.51870054e+01  6.76082975e+01  1.18873468e+02 
 6.91830971e+01  7.50326982e+01  6.91830971e+01  1.18317732e+02 
 7.07945784e+01  7.48767827e+01  7.07945784e+01  1.17769032e+02 
 7.24435960e+01  7.47192999e+01  7.24435960e+01  1.17227478e+02 
 7.41310241e+01  7.45602911e+01  7.41310241e+01  1.16693164e+02 
 7.58577575e+01  7.43997975e+01  7.58577575e+01  1.16166176e+02 
 7.76247117e+01  7.42378602e+01  7.76247117e+01  1.15646588e+02 
 7.94328235e+01  7.40745200e+01  7.94328235e+01  1.15134463e+02 
 8.12830516e+01  7.39098176e+01  8.12830516e+01  1.14629854e+02 
 8.31763771e+01  7.37437931e+01  8.31763771e+01  1.14132803e+02 
 8.51138038e+01  7.35764864e+01  8.51138038e+01  1.13643343e+02 
 8.70963590e+01  7.34079368e+01  8.70963590e+01  1.13161497e+02 
 8.91250938e+01  7.32381831e+01  8.91250938e+01  1.12687279e+02 
 9.12010839e+01  7.30672635e+01  9.12010839e+01  1.12220695e+02 
 9.33254301e+01  7.28952158e+01  9.33254301e+01  1.11761742e+02 
 9.54992586e+01  7.27220769e+01  9.54992586e+01  1.11310410e+02 
 9.77237221e+01  7.25478830e+01  9.77237221e+01  1.10866682e+02 
 1.00000000e+02  7.23726698e+01  1.00000000e+02  1.10430532e+02 
 1.02329299e+02  7.21964720e+01  1.02329299e+02  1.10001929e+02 
 1.04712855e+02  7.20193239e+01  1.04712855e+02  1.09580835e+02 
 1.07151931e+02  7.18412585e+01  1.07151931e+02  1.09167207e+02 
 1.09647820e+02  7.16623086e+01  1.09647820e+02  1.08760995e+02 
 1.12201845e+02  7.14825056e+01  1.12201845e+02  1.08362146e+02 
 1.14815362e+02  7.13018806e+01  1.14815362e+02  1.07970602e+02 
 1.17489755e+02  7.11204635e+01  1.17489755e+02  1.07586297e+02 
 1.20226443e+02  7.09382836e+01  1.20226443e+02  1.07209167e+02 
 1.23026877e+02  7.07553692e+01  1.23026877e+02  1.06839139e+02 
 1.25892541e+02  7.05717481e+01  1.25892541e+02  1.06476139e+02 
 1.28824955e+02  7.03874468e+01  1.28824955e+02  1.06120090e+02 
 1.31825674e+02  7.02024915e+01  1.31825674e+02  1.05770911e+02 
 1.34896288e+02  7.00169072e+01  1.34896288e+02  1.05428520e+02 
 1.38038426e+02  6.98307183e+01  1.38038426e+02  1.05092831e+02 
 1.41253754e+02  6.96439483e+01  1.41253754e+02  1.04763757e+02 
 1.44543977e+02  6.94566202e+01  1.44543977e+02  1.04441211e+02 
 1.47910839e+02  6.92687558e+01  1.47910839e+02  1.04125100e+02 
 1.51356125e+02  6.90803766e+01  1.51356125e+02  1.03815334e+02 
 1.54881662e+02  6.88915030e+01  1.54881662e+02  1.03511819e+02 
 1.58489319e+02  6.87021550e+01  1.58489319e+02  1.03214461e+02 
 1.62181010e+02  6.85123517e+01  1.62181010e+02  1.02923167e+02 
 1.65958691e+02  6.83221116e+01  1.65958691e+02  1.02637841e+02 
 1.69824365e+02  6.81314524e+01  1.69824365e+02  1.02358387e+02 
 1.73780083e+02  6.79403914e+01  1.73780083e+02  1.02084710e+02 
 1.77827941e+02  6.77489450e+01  1.77827941e+02  1.01816713e+02 
 1.81970086e+02  6.75571291e+01  1.81970086e+02  1.01554301e+02 
 1.86208714e+02  6.73649592e+01  1.86208714e+02  1.01297378e+02 
 1.90546072e+02  6.71724498e+01  1.90546072e+02  1.01045849e+02 
 1.94984460e+02  6.69796153e+01  1.94984460e+02  1.00799617e+02 
 1.99526231e+02  6.67864691e+01  1.99526231e+02  1.00558588e+02 
 2.04173794e+02  6.65930245e+01  2.04173794e+02  1.00322669e+02 
 2.08929613e+02  6.63992939e+01  2.08929613e+02  1.00091765e+02 
 2.13796209e+02  6.62052895e+01  2.13796209e+02  9.98657828e+01 
 2.18776162e+02  6.60110228e+01  2.18776162e+02  9.96446312e+01 
 2.23872114e+02  6.58165051e+01  2.23872114e+02  9.94282184e+01 
 2.29086765e+02  6.56217471e+01  2.29086765e+02  9.92164539e+01 
 2.34422882e+02  6.54267589e+01  2.34422882e+02  9.90092482e+01 
 2.39883292e+02  6.52315505e+01  2.39883292e+02  9.88065125e+01 
 2.45470892e+02  6.50361313e+01  2.45470892e+02  9.86081595e+01 
 2.51188643e+02  6.48405104e+01  2.51188643e+02  9.84141024e+01 
 2.57039578e+02  6.46446965e+01  2.57039578e+02  9.82242559e+01 
 2.63026799e+02  6.44486979e+01  2.63026799e+02  9.80385356e+01 
 2.69153480e+02  6.42525226e+01  2.69153480e+02  9.78568585e+01 
 2.75422870e+02  6.40561782e+01  2.75422870e+02  9.76791423e+01 
 2.81838293e+02  6.38596722e+01  2.81838293e+02  9.75053064e+01 
 2.88403150e+02  6.36630115e+01  2.88403150e+02  9.73352710e+01 
 2.95120923e+02  6.34662028e+01  2.95120923e+02  9.71689577e+01 
 3.01995172e+02  6.32692527e+01  3.01995172e+02  9.70062893e+01 
 3.09029543e+02  6.30721673e+01  3.09029543e+02  9.68471897e+01 
 3.16227766e+02  6.28749525e+01  3.16227766e+02  9.66915843e+01 
 3.23593657e+02  6.26776140e+01  3.23593657e+02  9.65393994e+01 
 3.31131121e+02  6.24801572e+01  3.31131121e+02  9.63905627e+01 
 3.38844156e+02  6.22825873e+01  3.38844156e+02  9.62450032e+01 
 3.46736850e+02  6.20849093e+01  3.46736850e+02  9.61026509e+01 
 3.54813389e+02  6.18871279e+01  3.54813389e+02  9.59634374e+01 
 3.63078055e+02  6.16892477e+01  3.63078055e+02  9.58272950e+01 
 3.71535229e+02  6.14912730e+01  3.71535229e+02  9.56941577e+01 
 3.80189396e+02  6.12932081e+01  3.80189396e+02  9.55639605e+01 
 3.89045145e+02  6.10950568e+01  3.89045145e+02  9.54366394e+01 
 3.98107171e+02  6.08968231e+01  3.98107171e+02  9.53121320e+01 
 4.07380278e+02  6.06985106e+01  4.07380278e+02  9.51903766e+01 
 4.16869383e+02  6.05001226e+01  4.16869383e+02  9.50713131e+01 
 4.26579519e+02  6.03016627e+01  4.26579519e+02  9.49548823e+01 
 4.36515832e+02  6.01031340e+01  4.36515832e+02  9.48410262e+01 
 4.46683592e+02  5.99045395e+01  4.46683592e+02  9.47296878e+01 
 4.57088190e+02  5.97058821e+01  4.57088190e+02  9.46208114e+01 
 4.67735141e+02  5.95071647e+01  4.67735141e+02  9.45143423e+01 
 4.78630092e+02  5.93083900e+01  4.78630092e+02  9.44102269e+01 
 4.89778819e+02  5.91095603e+01  4.89778819e+02  9.43084125e+01 
 5.01187234e+02  5.89106783e+01  5.01187234e+02  9.42088478e+01 
 5.12861384e+02  5.87117463e+01  5.12861384e+02  9.41114822e+01 
 5.24807460e+02  5.85127664e+01  5.24807460e+02  9.40162662e+01 
 5.37031796e+02  5.83137408e+01  5.37031796e+02  9.39231514e+01 
 5.49540874e+02  5.81146715e+01  5.49540874e+02  9.38320903e+01 
 5.62341325e+02  5.79155606e+01  5.62341325e+02  9.37430363e+01 
 5.75439937e+02  5.77164098e+01  5.75439937e+02  9.36559439e+01 
 5.88843655e+02  5.75172209e+01  5.88843655e+02  9.35707684e+01 
 6.02559586e+02  5.73179956e+01  6.02559586e+02  9.34874661e+01 
 6.16595002e+02  5.71187356e+01  6.16595002e+02  9.34059942e+01 
 6.30957344e+02  5.69194424e+01  6.30957344e+02  9.33263106e+01 
 6.45654229e+02  5.67201174e+01  6.45654229e+02  9.32483744e+01 
 6.60693448e+02  5.65207622e+01  6.60693448e+02  9.31721453e+01 
 6.76082975e+02  5.63213781e+01  6.76082975e+02  9.30975838e+01 
 6.91830971e+02  5.61219662e+01  6.91830971e+02  9.30246515e+01 
 7.07945784e+02  5.59225280e+01  7.07945784e+02  9.29533104e+01 
 7.24435960e+02  5.57230646e+01  7.24435960e+02  9.28835237e+01 
 7.41310241e+02  5.55235770e+01  7.41310241e+02  9.28152550e+01 
 7.58577575e+02  5.53240664e+01  7.58577575e+02  9.27484690e+01 
 7.76247117e+02  5.51245339e+01  7.76247117e+02  9.26831307e+01 
 7.94328235e+02  5.49249803e+01  7.94328235e+02  9.26192064e+01 
 8.12830516e+02  5.47254067e+01  8.12830516e+02  9.25566625e+01 
 8.31763771e+02  5.45258139e+01  8.31763771e+02  9.24954666e+01 
 8.51138038e+02  5.43262028e+01  8.51138038e+02  9.24355867e+01 
 8.70963590e+02  5.41265742e+01  8.70963590e+02  9.23769914e+01 
 8.91250938e+02  5.39269289e+01  8.91250938e+02  9.23196503e+01 
 9.12010839e+02  5.37272676e+01  9.12010839e+02  9.22635332e+01 
 9.33254301e+02  5.35275911e+01  9.33254301e+02  9.22086109e+01 
 9.54992586e+02  5.33279001e+01  9.54992586e+02  9.21548546e+01 
 9.77237221e+02  5.31281951e+01  9.77237221e+02  9.21022360e+01 
 1.00000000e+03  5.29284768e+01  1.00000000e+03  9.20507277e+01 
 1.02329299e+03  5.27287459e+01  1.02329299e+03  9.20003026e+01 
 1.04712855e+03  5.25290029e+01  1.04712855e+03  9.19509342e+01 
 1.07151931e+03  5.23292482e+01  1.07151931e+03  9.19025967e+01 
 1.09647820e+03  5.21294826e+01  1.09647820e+03  9.18552645e+01 
 1.12201845e+03  5.19297063e+01  1.12201845e+03  9.18089130e+01 
 1.14815362e+03  5.17299200e+01  1.14815362e+03  9.17635176e+01 
 1.17489755e+03  5.15301240e+01  1.17489755e+03  9.17190546e+01 
 1.20226443e+03  5.13303188e+01  1.20226443e+03  9.16755005e+01 
 1.23026877e+03  5.11305048e+01  1.23026877e+03  9.16328324e+01 
 1.25892541e+03  5.09306825e+01  1.25892541e+03  9.15910278e+01 
 1.28824955e+03  5.07308521e+01  1.28824955e+03  9.15500647e+01 
 1.31825674e+03  5.05310140e+01  1.31825674e+03  9.15099216e+01 
 1.34896288e+03  5.03311686e+01  1.34896288e+03  9.14705773e+01 
 1.38038426e+03  5.01313162e+01  1.38038426e+03  9.14320110e+01 
 1.41253754e+03  4.99314572e+01  1.41253754e+03  9.13942024e+01 
 1.44543977e+03  4.97315917e+01  1.44543977e+03  9.13571316e+01 
 1.47910839e+03  4.95317202e+01  1.47910839e+03  9.13207790e+01 
 1.51356125e+03  4.93318428e+01  1.51356125e+03  9.12851254e+01 
 1.54881662e+03  4.91319598e+01  1.54881662e+03  9.12501520e+01 
 1.58489319e+03  4.89320716e+01  1.58489319e+03  9.12158404e+01 
 1.62181010e+03  4.87321782e+01  1.62181010e+03  9.11821723e+01 
 1.65958691e+03  4.85322800e+01  1.65958691e+03  9.11491301e+01 
 1.69824365e+03  4.83323771e+01  1.69824365e+03  9.11166963e+01 
 1.73780083e+03  4.81324698e+01  1.73780083e+03  9.10848538e+01 
 1.77827941e+03  4.79325583e+01  1.77827941e+03  9.10535857e+01 
 1.81970086e+03  4.77326427e+01  1.81970086e+03  9.10228754e+01 
 1.86208714e+03  4.75327232e+01  1.86208714e+03  9.09927068e+01 
 1.90546072e+03  4.73328001e+01  1.90546072e+03  9.09630640e+01 
 1.94984460e+03  4.71328734e+01  1.94984460e+03  9.09339312e+01 
 1.99526231e+03  4.69329433e+01  1.99526231e+03  9.09052930e+01 
 2.04173794e+03  4.67330099e+01  2.04173794e+03  9.08771343e+01 
 2.08929613e+03  4.65330735e+01  2.08929613e+03  9.08494402e+01 
 2.13796209e+03  4.63331341e+01  2.13796209e+03  9.08221960e+01 
 2.18776162e+03  4.61331919e+01  2.18776162e+03  9.07953873e+01 
 2.23872114e+03  4.59332470e+01  2.23872114e+03  9.07690000e+01 
 2.29086765e+03  4.57332994e+01  2.29086765e+03  9.07430201e+01 
 2.34422882e+03  4.55333494e+01  2.34422882e+03  9.07174338e+01 
 2.39883292e+03  4.53333970e+01  2.39883292e+03  9.06922275e+01 
 2.45470892e+03  4.51334424e+01  2.45470892e+03  9.06673880e+01 
 2.51188643e+03  4.49334855e+01  2.51188643e+03  9.06429022e+01 
 2.57039578e+03  4.47335266e+01  2.57039578e+03  9.06187569e+01 
 2.63026799e+03  4.45335656e+01  2.63026799e+03  9.05949395e+01 
 2.69153480e+03  4.43336028e+01  2.69153480e+03  9.05714373e+01 
 2.75422870e+03  4.41336381e+01  2.75422870e+03  9.05482379e+01 
 2.81838293e+03  4.39336716e+01  2.81838293e+03  9.05253289e+01 
 2.88403150e+03  4.37337035e+01  2.88403150e+03  9.05026984e+01 
 2.95120923e+03  4.35337337e+01  2.95120923e+03  9.04803343e+01 
 3.01995172e+03  4.33337623e+01  3.01995172e+03  9.04582246e+01 
 3.09029543e+03  4.31337895e+01  3.09029543e+03  9.04363579e+01 
 3.16227766e+03  4.29338152e+01  3.16227766e+03  9.04147223e+01 
 3.23593657e+03  4.27338395e+01  3.23593657e+03  9.03933066e+01 
 3.31131121e+03  4.25338625e+01  3.31131121e+03  9.03720993e+01 
 3.38844156e+03  4.23338842e+01  3.38844156e+03  9.03510892e+01 
 3.46736850e+03  4.21339046e+01  3.46736850e+03  9.03302651e+01 
 3.54813389e+03  4.19339239e+01  3.54813389e+03  9.03096161e+01 
 3.63078055e+03  4.17339420e+01  3.63078055e+03  9.02891313e+01 
 3.71535229e+03  4.15339589e+01  3.71535229e+03  9.02687996e+01 
 3.80189396e+03  4.13339748e+01  3.80189396e+03  9.02486105e+01 
 3.89045145e+03  4.11339896e+01  3.89045145e+03  9.02285531e+01 
 3.98107171e+03  4.09340035e+01  3.98107171e+03  9.02086169e+01 
 4.07380278e+03  4.07340163e+01  4.07380278e+03  9.01887913e+01 
 4.16869383e+03  4.05340281e+01  4.16869383e+03  9.01690658e+01 
 4.26579519e+03  4.03340391e+01  4.26579519e+03  9.01494299e+01 
 4.36515832e+03  4.01340491e+01  4.36515832e+03  9.01298733e+01 
 4.46683592e+03  3.99340582e+01  4.46683592e+03  9.01103855e+01 
 4.57088190e+03  3.97340664e+01  4.57088190e+03  9.00909563e+01 
 4.67735141e+03  3.95340738e+01  4.67735141e+03  9.00715754e+01 
 4.78630092e+03  3.93340803e+01  4.78630092e+03  9.00522324e+01 
 4.89778819e+03  3.91340860e+01  4.89778819e+03  9.00329172e+01 
 5.01187234e+03  3.89340909e+01  5.01187234e+03  9.00136195e+01 
 5.12861384e+03  3.87340950e+01  5.12861384e+03  8.99943291e+01 
 5.24807460e+03  3.85340983e+01  5.24807460e+03  8.99750357e+01 
 5.37031796e+03  3.83341008e+01  5.37031796e+03  8.99557292e+01 
 5.49540874e+03  3.81341025e+01  5.49540874e+03  8.99363993e+01 
 5.62341325e+03  3.79341035e+01  5.62341325e+03  8.99170359e+01 
 5.75439937e+03  3.77341036e+01  5.75439937e+03  8.98976285e+01 
 5.88843655e+03  3.75341030e+01  5.88843655e+03  8.98781670e+01 
 6.02559586e+03  3.73341016e+01  6.02559586e+03  8.98586410e+01 
 6.16595002e+03  3.71340995e+01  6.16595002e+03  8.98390402e+01 
 6.30957344e+03  3.69340965e+01  6.30957344e+03  8.98193543e+01 
 6.45654229e+03  3.67340927e+01  6.45654229e+03  8.97995727e+01 
 6.60693448e+03  3.65340882e+01  6.60693448e+03  8.97796851e+01 
 6.76082975e+03  3.63340828e+01  6.76082975e+03  8.97596809e+01 
 6.91830971e+03  3.61340766e+01  6.91830971e+03  8.97395494e+01 
 7.07945784e+03  3.59340696e+01  7.07945784e+03  8.97192802e+01 
 7.24435960e+03  3.57340618e+01  7.24435960e+03  8.96988623e+01 
 7.41310241e+03  3.55340530e+01  7.41310241e+03  8.96782851e+01 
 7.58577575e+03  3.53340434e+01  7.58577575e+03  8.96575376e+01 
 7.76247117e+03  3.51340329e+01  7.76247117e+03  8.96366089e+01 
 7.94328235e+03  3.49340214e+01  7.94328235e+03  8.96154878e+01 
 8.12830516e+03  3.47340091e+01  8.12830516e+03  8.95941633e+01 
 8.31763771e+03  3.45339957e+01  8.31763771e+03  8.95726240e+01 
 8.51138038e+03  3.43339813e+01  8.51138038e+03  8.95508585e+01 
 8.70963590e+03  3.41339659e+01  8.70963590e+03  8.95288554e+01 
 8.91250938e+03  3.39339494e+01  8.91250938e+03  8.95066030e+01 
 9.12010839e+03  3.37339318e+01  9.12010839e+03  8.94840895e+01 
 9.33254301e+03  3.35339131e+01  9.33254301e+03  8.94613031e+01 
 9.54992586e+03  3.33338932e+01  9.54992586e+03  8.94382317e+01 
 9.77237221e+03  3.31338721e+01  9.77237221e+03  8.94148631e+01 
 1.00000000e+04  3.29338497e+01  1.00000000e+04  8.93911849e+01 
 1.02329299e+04  3.27338260e+01  1.02329299e+04  8.93671848e+01 
 1.04712855e+04  3.25338010e+01  1.04712855e+04  8.93428500e+01 
 1.07151931e+04  3.23337745e+01  1.07151931e+04  8.93181676e+01 
 1.09647820e+04  3.21337466e+01  1.09647820e+04  8.92931247e+01 
 1.12201845e+04  3.19337171e+01  1.12201845e+04  8.92677080e+01 
 1.14815362e+04  3.17336861e+01  1.14815362e+04  8.92419041e+01 
 1.17489755e+04  3.15336534e+01  1.17489755e+04  8.92156995e+01 
 1.20226443e+04  3.13336189e+01  1.20226443e+04  8.91890803e+01 
 1.23026877e+04  3.11335827e+01  1.23026877e+04  8.91620324e+01 
 1.25892541e+04  3.09335446e+01  1.25892541e+04  8.91345418e+01 
 1.28824955e+04  3.07335046e+01  1.28824955e+04  8.91065938e+01 
 1.31825674e+04  3.05334625e+01  1.31825674e+04  8.90781738e+01 
 1.34896288e+04  3.03334183e+01  1.34896288e+04  8.90492668e+01 
 1.38038426e+04  3.01333719e+01  1.38038426e+04  8.90198576e+01 
 1.41253754e+04  2.99333232e+01  1.41253754e+04  8.89899308e+01 
 1.44543977e+04  2.97332721e+01  1.44543977e+04  8.89594707e+01 
 1.47910839e+04  2.95332184e+01  1.47910839e+04  8.89284612e+01 
 1.51356125e+04  2.93331622e+01  1.51356125e+04  8.88968861e+01 
 1.54881662e+04  2.91331032e+01  1.54881662e+04  8.88647288e+01 
 1.58489319e+04  2.89330413e+01  1.58489319e+04  8.88319725e+01 
 1.62181010e+04  2.87329764e+01  1.62181010e+04  8.87985999e+01 
 1.65958691e+04  2.85329084e+01  1.65958691e+04  8.87645937e+01 
 1.69824365e+04  2.83328371e+01  1.69824365e+04  8.87299360e+01 
 1.73780083e+04  2.81327624e+01  1.73780083e+04  8.86946088e+01 
 1.77827941e+04  2.79326842e+01  1.77827941e+04  8.86585935e+01 
 1.81970086e+04  2.77326022e+01  1.81970086e+04  8.86218713e+01 
 1.86208714e+04  2.75325163e+01  1.86208714e+04  8.85844231e+01 
 1.90546072e+04  2.73324264e+01  1.90546072e+04  8.85462293e+01 
 1.94984460e+04  2.71323321e+01  1.94984460e+04  8.85072701e+01 
 1.99526231e+04  2.69322335e+01  1.99526231e+04  8.84675253e+01 
 2.04173794e+04  2.67321301e+01  2.04173794e+04  8.84269740e+01 
 2.08929613e+04  2.65320220e+01  2.08929613e+04  8.83855953e+01 
 2.13796209e+04  2.63319087e+01  2.13796209e+04  8.83433677e+01 
 2.18776162e+04  2.61317901e+01  2.18776162e+04  8.83002692e+01 
 2.23872114e+04  2.59316660e+01  2.23872114e+04  8.82562777e+01 
 2.29086765e+04  2.57315361e+01  2.29086765e+04  8.82113703e+01 
 2.34422882e+04  2.55314001e+01  2.34422882e+04  8.81655238e+01 
 2.39883292e+04  2.53312577e+01  2.39883292e+04  8.81187146e+01 
 2.45470892e+04  2.51311088e+01  2.45470892e+04  8.80709186e+01 
 2.51188643e+04  2.49309529e+01  2.51188643e+04  8.80221111e+01 
 2.57039578e+04  2.47307898e+01  2.57039578e+04  8.79722672e+01 
 2.63026799e+04  2.45306191e+01  2.63026799e+04  8.79213612e+01 
 2.69153480e+04  2.43304406e+01  2.69153480e+04  8.78693670e+01 
 2.75422870e+04  2.41302538e+01  2.75422870e+04  8.78162581e+01 
 2.81838293e+04  2.39300584e+01  2.81838293e+04  8.77620074e+01 
 2.88403150e+04  2.37298540e+01  2.88403150e+04  8.77065872e+01 
 2.95120923e+04  2.35296402e+01  2.95120923e+04  8.76499694e+01 
 3.01995172e+04  2.33294166e+01  3.01995172e+04  8.75921252e+01 
 3.09029543e+04  2.31291828e+01  3.09029543e+04  8.75330253e+01 
 3.16227766e+04  2.29289382e+01  3.16227766e+04  8.74726399e+01 
 3.23593657e+04  2.27286825e+01  3.23593657e+04  8.74109385e+01 
 3.31131121e+04  2.25284152e+01  3.31131121e+04  8.73478901e+01 
 3.38844156e+04  2.23281357e+01  3.38844156e+04  8.72834630e+01 
 3.46736850e+04  2.21278436e+01  3.46736850e+04  8.72176250e+01 
 3.54813389e+04  2.19275382e+01  3.54813389e+04  8.71503433e+01 
 3.63078055e+04  2.17272190e+01  3.63078055e+04  8.70815844e+01 
 3.71535229e+04  2.15268854e+01  3.71535229e+04  8.70113142e+01 
 3.80189396e+04  2.13265368e+01  3.80189396e+04  8.69394978e+01 
 3.89045145e+04  2.11261725e+01  3.89045145e+04  8.68661000e+01 
 3.98107171e+04  2.09257920e+01  3.98107171e+04  8.67910845e+01 
 4.07380278e+04  2.07253945e+01  4.07380278e+04  8.67144148e+01 
 4.16869383e+04  2.05249793e+01  4.16869383e+04  8.66360533e+01 
 4.26579519e+04  2.03245456e+01  4.26579519e+04  8.65559621e+01 
 4.36515832e+04  2.01240928e+01  4.36515832e+04  8.64741023e+01 
 4.46683592e+04  1.99236200e+01  4.46683592e+04  8.63904345e+01 
 4.57088190e+04  1.97231264e+01  4.57088190e+04  8.63049186e+01 
 4.67735141e+04  1.95226111e+01  4.67735141e+04  8.62175136e+01 
 4.78630092e+04  1.93220734e+01  4.78630092e+04  8.61281780e+01 
 4.89778819e+04  1.91215123e+01  4.89778819e+04  8.60368696e+01 
 5.01187234e+04  1.89209269e+01  5.01187234e+04  8.59435453e+01 
 5.12861384e+04  1.87203163e+01  5.12861384e+04  8.58481615e+01 
 5.24807460e+04  1.85196794e+01  5.24807460e+04  8.57506737e+01 
 5.37031796e+04  1.83190153e+01  5.37031796e+04  8.56510369e+01 
 5.49540874e+04  1.81183230e+01  5.49540874e+04  8.55492051e+01 
 5.62341325e+04  1.79176013e+01  5.62341325e+04  8.54451318e+01 
 5.75439937e+04  1.77168494e+01  5.75439937e+04  8.53387697e+01 
 5.88843655e+04  1.75160659e+01  5.88843655e+04  8.52300708e+01 
 6.02559586e+04  1.73152499e+01  6.02559586e+04  8.51189864e+01 
 6.16595002e+04  1.71144002e+01  6.16595002e+04  8.50054671e+01 
 6.30957344e+04  1.69135155e+01  6.30957344e+04  8.48894627e+01 
 6.45654229e+04  1.67125949e+01  6.45654229e+04  8.47709225e+01 
 6.60693448e+04  1.65116369e+01  6.60693448e+04  8.46497949e+01 
 6.76082975e+04  1.63106406e+01  6.76082975e+04  8.45260276e+01 
 6.91830971e+04  1.61096046e+01  6.91830971e+04  8.43995680e+01 
 7.07945784e+04  1.59085277e+01  7.07945784e+04  8.42703623e+01 
 7.24435960e+04  1.57074087e+01  7.24435960e+04  8.41383564e+01 
 7.41310241e+04  1.55062464e+01  7.41310241e+04  8.40034955e+01 
 7.58577575e+04  1.53050397e+01  7.58577575e+04  8.38657240e+01 
 7.76247117e+04  1.51037872e+01  7.76247117e+04  8.37249859e+01 
 7.94328235e+04  1.49024878e+01  7.94328235e+04  8.35812243e+01 
 8.12830516e+04  1.47011404e+01  8.12830516e+04  8.34343821e+01 
 8.31763771e+04  1.44997438e+01  8.31763771e+04  8.32844012e+01 
 8.51138038e+04  1.42982970e+01  8.51138038e+04  8.31312232e+01 
 8.70963590e+04  1.40967989e+01  8.70963590e+04  8.29747890e+01 
 8.91250938e+04  1.38952486e+01  8.91250938e+04  8.28150390e+01 
 9.12010839e+04  1.36936452e+01  9.12010839e+04  8.26519129e+01 
 9.33254301e+04  1.34919878e+01  9.33254301e+04  8.24853502e+01 
 9.54992586e+04  1.32902758e+01  9.54992586e+04  8.23152895e+01 
 9.77237221e+04  1.30885084e+01  9.77237221e+04  8.21416692e+01 
 1.00000000e+05  1.28866853e+01  1.00000000e+05  8.19644268e+01 
 1.02329299e+05  1.26848059e+01  1.02329299e+05  8.17834998e+01 
 1.04712855e+05  1.24828701e+01  1.04712855e+05  8.15988247e+01 
 1.07151931e+05  1.22808779e+01  1.07151931e+05  8.14103377e+01 
 1.09647820e+05  1.20788294e+01  1.09647820e+05  8.12179745e+01 
 1.12201845e+05  1.18767248e+01  1.12201845e+05  8.10216702e+01 
 1.14815362e+05  1.16745649e+01  1.14815362e+05  8.08213593e+01 
 1.17489755e+05  1.14723503e+01  1.17489755e+05  8.06169757e+01 
 1.20226443e+05  1.12700822e+01  1.20226443e+05  8.04084528e+01 
 1.23026877e+05  1.10677619e+01  1.23026877e+05  8.01957233e+01 
 1.25892541e+05  1.08653912e+01  1.25892541e+05  7.99787192e+01 
 1.28824955e+05  1.06629721e+01  1.28824955e+05  7.97573715e+01 
 1.31825674e+05  1.04605069e+01  1.31825674e+05  7.95316107e+01 
 1.34896288e+05  1.02579986e+01  1.34896288e+05  7.93013664e+01 
 1.38038426e+05  1.00554504e+01  1.38038426e+05  7.90665668e+01 
 1.41253754e+05  9.85286597e+00  1.41253754e+05  7.88271395e+01 
 1.44543977e+05  9.65024953e+00  1.44543977e+05  7.85830107e+01 
 1.47910839e+05  9.44760584e+00  1.47910839e+05  7.83341051e+01 
 1.51356125e+05  9.24494019e+00  1.51356125e+05  7.80803462e+01 
 1.54881662e+05  9.04225847e+00  1.54881662e+05  7.78216558e+01 
 1.58489319e+05  8.83956718e+00  1.58489319e+05  7.75579538e+01 
 1.62181010e+05  8.63687350e+00  1.62181010e+05  7.72891583e+01 
 1.65958691e+05  8.43418531e+00  1.65958691e+05  7.70151851e+01 
 1.69824365e+05  8.23151118e+00  1.69824365e+05  7.67359476e+01 
 1.73780083e+05  8.02886049e+00  1.73780083e+05  7.64513565e+01 
 1.77827941e+05  7.82624336e+00  1.77827941e+05  7.61613199e+01 
 1.81970086e+05  7.62367077e+00  1.81970086e+05  7.58657425e+01 
 1.86208714e+05  7.42115455e+00  1.86208714e+05  7.55645256e+01 
 1.90546072e+05  7.21870741e+00  1.90546072e+05  7.52575668e+01 
 1.94984460e+05  7.01634297e+00  1.94984460e+05  7.49447595e+01 
 1.99526231e+05  6.81407580e+00  1.99526231e+05  7.46259931e+01 
 2.04173794e+05  6.61192143e+00  2.04173794e+05  7.43011517e+01 
 2.08929613e+05  6.40989640e+00  2.08929613e+05  7.39701148e+01 
 2.13796209e+05  6.20801823e+00  2.13796209e+05  7.36327562e+01 
 2.18776162e+05  6.00630549e+00  2.18776162e+05  7.32889439e+01 
 2.23872114e+05  5.80477780e+00  2.23872114e+05  7.29385395e+01 
 2.29086765e+05  5.60345585e+00  2.29086765e+05  7.25813983e+01 
 2.34422882e+05  5.40236138e+00  2.34422882e+05  7.22173683e+01 
 2.39883292e+05  5.20151724e+00  2.39883292e+05  7.18462901e+01 
 2.45470892e+05  5.00094737e+00  2.45470892e+05  7.14679964e+01 
 2.51188643e+05  4.80067680e+00  2.51188643e+05  7.10823116e+01 
 2.57039578e+05  4.60073167e+00  2.57039578e+05  7.06890516e+01 
 2.63026799e+05  4.40113922e+00  2.63026799e+05  7.02880229e+01 
 2.69153480e+05  4.20192781e+00  2.69153480e+05  6.98790227e+01 
 2.75422870e+05  4.00312686e+00  2.75422870e+05  6.94618380e+01 
 2.81838293e+05  3.80476693e+00  2.81838293e+05  6.90362457e+01 
 2.88403150e+05  3.60687964e+00  2.88403150e+05  6.86020118e+01 
 2.95120923e+05  3.40949771e+00  2.95120923e+05  6.81588912e+01 
 3.01995172e+05  3.21265492e+00  3.01995172e+05  6.77066273e+01 
 3.09029543e+05  3.01638613e+00  3.09029543e+05  6.72449515e+01 
 3.16227766e+05  2.82072725e+00  3.16227766e+05  6.67735829e+01 
 3.23593657e+05  2.62571523e+00  3.23593657e+05  6.62922279e+01 
 3.31131121e+05  2.43138808e+00  3.31131121e+05  6.58005799e+01 
 3.38844156e+05  2.23778484e+00  3.38844156e+05  6.52983187e+01 
 3.46736850e+05  2.04494555e+00  3.46736850e+05  6.47851103e+01 
 3.54813389e+05  1.85291129e+00  3.54813389e+05  6.42606064e+01 
 3.63078055e+05  1.66172414e+00  3.63078055e+05  6.37244441e+01 
 3.71535229e+05  1.47142720e+00  3.71535229e+05  6.31762454e+01 
 3.80189396e+05  1.28206456e+00  3.80189396e+05  6.26156168e+01 
 3.89045145e+05  1.09368129e+00  3.89045145e+05  6.20421485e+01 
 3.98107171e+05  9.06323479e-01  3.98107171e+05  6.14554145e+01 
 4.07380278e+05  7.20038197e-01  4.07380278e+05  6.08549717e+01 
 4.16869383e+05  5.34873496e-01  4.16869383e+05  6.02403591e+01 
 4.26579519e+05  3.50878410e-01  4.26579519e+05  5.96110977e+01 
 4.36515832e+05  1.68102948e-01  4.36515832e+05  5.89666894e+01 
 4.46683592e+05 -1.34019167e-02  4.46683592e+05  5.83066164e+01 
 4.57088190e+05 -1.93584257e-01  4.57088190e+05  5.76303403e+01 
 4.67735141e+05 -3.72391209e-01  4.67735141e+05  5.69373012e+01 
 4.78630092e+05 -5.49768996e-01  4.78630092e+05  5.62269169e+01 
 4.89778819e+05 -7.25662960e-01  4.89778819e+05  5.54985812e+01 
 5.01187234e+05 -9.00017596e-01  5.01187234e+05  5.47516636e+01 
 5.12861384e+05 -1.07277661e+00  5.12861384e+05  5.39855071e+01 
 5.24807460e+05 -1.24388298e+00  5.24807460e+05  5.31994274e+01 
 5.37031796e+05 -1.41327905e+00  5.37031796e+05  5.23927105e+01 
 5.49540874e+05 -1.58090660e+00  5.49540874e+05  5.15646121e+01 
 5.62341325e+05 -1.74670700e+00  5.62341325e+05  5.07143545e+01 
 5.75439937e+05 -1.91062138e+00  5.75439937e+05  4.98411254e+01 
 5.88843655e+05 -2.07259074e+00  5.88843655e+05  4.89440749e+01 
 6.02559586e+05 -2.23255625e+00  6.02559586e+05  4.80223137e+01 
 6.16595002e+05 -2.39045947e+00  6.16595002e+05  4.70749100e+01 
 6.30957344e+05 -2.54624269e+00  6.30957344e+05  4.61008869e+01 
 6.45654229e+05 -2.69984925e+00  6.45654229e+05  4.50992189e+01 
 6.60693448e+05 -2.85122402e+00  6.60693448e+05  4.40688291e+01 
 6.76082975e+05 -3.00031390e+00  6.76082975e+05  4.30085853e+01 
 6.91830971e+05 -3.14706840e+00  6.91830971e+05  4.19172961e+01 
 7.07945784e+05 -3.29144031e+00  7.07945784e+05  4.07937075e+01 
 7.24435960e+05 -3.43338656e+00  7.24435960e+05  3.96364982e+01 
 7.41310241e+05 -3.57286909e+00  7.41310241e+05  3.84442753e+01 
 7.58577575e+05 -3.70985594e+00  7.58577575e+05  3.72155702e+01 
 7.76247117e+05 -3.84432248e+00  7.76247117e+05  3.59488335e+01 
 7.94328235e+05 -3.97625283e+00  7.94328235e+05  3.46424307e+01 
 8.12830516e+05 -4.10564146e+00  8.12830516e+05  3.32946376e+01 
 8.31763771e+05 -4.23249508e+00  8.31763771e+05  3.19036362e+01 
 8.51138038e+05 -4.35683468e+00  8.51138038e+05  3.04675104e+01 
 8.70963590e+05 -4.47869799e+00  8.70963590e+05  2.89842427e+01 
 8.91250938e+05 -4.59814215e+00  8.91250938e+05  2.74517117e+01 
 9.12010839e+05 -4.71524675e+00  9.12010839e+05  2.58676907e+01 
 9.33254301e+05 -4.83011730e+00  9.33254301e+05  2.42298477e+01 
 9.54992586e+05 -4.94288898e+00  9.54992586e+05  2.25357475e+01 
 9.77237221e+05 -5.05373092e+00  9.77237221e+05  2.07828561e+01 
 1.00000000e+06 -5.16285079e+00  1.00000000e+06  1.89685492e+01 
 1.02329299e+06 -5.27049995e+00  1.02329299e+06  1.70901240e+01 
 1.04712855e+06 -5.37697879e+00  1.04712855e+06  1.51448159e+01 
 1.07151931e+06 -5.48264260e+00  1.07151931e+06  1.31298225e+01 
 1.09647820e+06 -5.58790754e+00  1.09647820e+06  1.10423333e+01 
 1.12201845e+06 -5.69325679e+00  1.12201845e+06  8.87956922e+00 
 1.14815362e+06 -5.79924657e+00  1.14815362e+06  6.63883143e+00 
 1.17489755e+06 -5.90651180e+00  1.17489755e+06  4.31756135e+00 
 1.20226443e+06 -6.01577105e+00  1.20226443e+06  1.91341302e+00 
 1.23026877e+06 -6.12783033e+00  1.23026877e+06 -5.75661642e-01 
 1.25892541e+06 -6.24358518e+00  1.25892541e+06 -3.15131431e+00 
 1.28824955e+06 -6.36402045e+00  1.28824955e+06 -5.81468911e+00 
 1.31825674e+06 -6.49020700e+00  1.31825674e+06 -8.56630054e+00 
 1.34896288e+06 -6.62329482e+00  1.34896288e+06 -1.14059034e+01 
 1.38038426e+06 -6.76450155e+00  1.38038426e+06 -1.43323598e+01 
 1.41253754e+06 -6.91509613e+00  1.41253754e+06 -1.73435093e+01 
 1.44543977e+06 -7.07637703e+00  1.44543977e+06 -2.04360511e+01 
 1.47910839e+06 -7.24964517e+00  1.47910839e+06 -2.36054479e+01 
 1.51356125e+06 -7.43617185e+00  1.51356125e+06 -2.68458622e+01 
 1.54881662e+06 -7.63716281e+00  1.54881662e+06 -3.01501363e+01 
 1.58489319e+06 -7.85371983e+00  1.58489319e+06 -3.35098247e+01 
 1.62181010e+06 -8.08680216e+00  1.62181010e+06 -3.69152861e+01 
 1.65958691e+06 -8.33719004e+00  1.65958691e+06 -4.03558370e+01 
 1.69824365e+06 -8.60545329e+00  1.69824365e+06 -4.38199638e+01 
 1.73780083e+06 -8.89192716e+00  1.73780083e+06 -4.72955851e+01 
 1.77827941e+06 -9.19669778e+00  1.77827941e+06 -5.07703482e+01 
 1.81970086e+06 -9.51959840e+00  1.81970086e+06 -5.42319441e+01 
 1.86208714e+06 -9.86021667e+00  1.86208714e+06 -5.76684180e+01 
 1.90546072e+06 -1.02179125e+01  1.90546072e+06 -6.10684565e+01 
 1.94984460e+06 -1.05918446e+01  1.94984460e+06 -6.44216344e+01 
 1.99526231e+06 -1.09810040e+01  1.99526231e+06 -6.77186076e+01 
 2.04173794e+06 -1.13842513e+01  2.04173794e+06 -7.09512467e+01 
 2.08929613e+06 -1.18003552e+01  2.08929613e+06 -7.41127071e+01 
 2.13796209e+06 -1.22280306e+01  2.13796209e+06 -7.71974432e+01 
 2.18776162e+06 -1.26659727e+01  2.18776162e+06 -8.02011714e+01 
 2.23872114e+06 -1.31128877e+01  2.23872114e+06 -8.31207931e+01 
 2.29086765e+06 -1.35675181e+01  2.29086765e+06 -8.59542888e+01 
 2.34422882e+06 -1.40286618e+01  2.34422882e+06 -8.87005937e+01 
 2.39883292e+06 -1.44951873e+01  2.39883292e+06 -9.13594641e+01 
 2.45470892e+06 -1.49660423e+01  2.45470892e+06 -9.39313433e+01 
 2.51188643e+06 -1.54402596e+01  2.51188643e+06 -9.64172312e+01 
 2.57039578e+06 -1.59169584e+01  2.57039578e+06 -9.88185649e+01 
 2.63026799e+06 -1.63953432e+01  2.63026799e+06 -1.01137109e+02 
 2.69153480e+06 -1.68747004e+01  2.69153480e+06 -1.03374862e+02 
 2.75422870e+06 -1.73543928e+01  2.75422870e+06 -1.05533971e+02 
 2.81838293e+06 -1.78338543e+01  2.81838293e+06 -1.07616669e+02 
 2.88403150e+06 -1.83125826e+01  2.88403150e+06 -1.09625213e+02 
 2.95120923e+06 -1.87901318e+01  2.95120923e+06 -1.11561845e+02 
 3.01995172e+06 -1.92661059e+01  3.01995172e+06 -1.13428755e+02 
 3.09029543e+06 -1.97401509e+01  3.09029543e+06 -1.15228056e+02 
 3.16227766e+06 -2.02119484e+01  3.16227766e+06 -1.16961774e+02 
 3.23593657e+06 -2.06812092e+01  3.23593657e+06 -1.18631832e+02 
 3.31131121e+06 -2.11476666e+01  3.31131121e+06 -1.20240052e+02 
 3.38844156e+06 -2.16110716e+01  3.38844156e+06 -1.21788155e+02 
 3.46736850e+06 -2.20711877e+01  3.46736850e+06 -1.23277775e+02 
 3.54813389e+06 -2.25277865e+01  3.54813389e+06 -1.24710466e+02 
 3.63078055e+06 -2.29806441e+01  3.63078055e+06 -1.26087717e+02 
 3.71535229e+06 -2.34295386e+01  3.71535229e+06 -1.27410977e+02 
 3.80189396e+06 -2.38742477e+01  3.80189396e+06 -1.28681667e+02 
 3.89045145e+06 -2.43145475e+01  3.89045145e+06 -1.29901210e+02 
 3.98107171e+06 -2.47502122e+01  3.98107171e+06 -1.31071046e+02 
 4.07380278e+06 -2.51810144e+01  4.07380278e+06 -1.32192654e+02 
 4.16869383e+06 -2.56067260e+01  4.16869383e+06 -1.33267576e+02 
 4.26579519e+06 -2.60271207e+01  4.26579519e+06 -1.34297427e+02 
 4.36515832e+06 -2.64419760e+01  4.36515832e+06 -1.35283913e+02 
 4.46683592e+06 -2.68510762e+01  4.46683592e+06 -1.36228833e+02 
 4.57088190e+06 -2.72542160e+01  4.57088190e+06 -1.37134091e+02 
 4.67735141e+06 -2.76512036e+01  4.67735141e+06 -1.38001683e+02 
 4.78630092e+06 -2.80418645e+01  4.78630092e+06 -1.38833698e+02 
 4.89778819e+06 -2.84260440e+01  4.89778819e+06 -1.39632301e+02 
 5.01187234e+06 -2.88036106e+01  5.01187234e+06 -1.40399713e+02 
 5.12861384e+06 -2.91744575e+01  5.12861384e+06 -1.41138194e+02 
 5.24807460e+06 -2.95385044e+01  5.24807460e+06 -1.41850014e+02 
 5.37031796e+06 -2.98956978e+01  5.37031796e+06 -1.42537431e+02 
 5.49540874e+06 -3.02460111e+01  5.49540874e+06 -1.43202662e+02 
 5.62341325e+06 -3.05894432e+01  5.62341325e+06 -1.43847859e+02 
 5.75439937e+06 -3.09260173e+01  5.75439937e+06 -1.44475085e+02 
 5.88843655e+06 -3.12557788e+01  5.88843655e+06 -1.45086298e+02 
 6.02559586e+06 -3.15787919e+01  6.02559586e+06 -1.45683329e+02 
 6.16595002e+06 -3.18951375e+01  6.16595002e+06 -1.46267873e+02 
 6.30957344e+06 -3.22049097e+01  6.30957344e+06 -1.46841482e+02 
 6.45654229e+06 -3.25082129e+01  6.45654229e+06 -1.47405560e+02 
 6.60693448e+06 -3.28051586e+01  6.60693448e+06 -1.47961360e+02 
 6.76082975e+06 -3.30958631e+01  6.76082975e+06 -1.48509994e+02 
 6.91830971e+06 -3.33804447e+01  6.91830971e+06 -1.49052431e+02 
 7.07945784e+06 -3.36590218e+01  7.07945784e+06 -1.49589511e+02 
 7.24435960e+06 -3.39317112e+01  7.24435960e+06 -1.50121951e+02 
 7.41310241e+06 -3.41986268e+01  7.41310241e+06 -1.50650358e+02 
 7.58577575e+06 -3.44598781e+01  7.58577575e+06 -1.51175237e+02 
 7.76247117e+06 -3.47155703e+01  7.76247117e+06 -1.51697006e+02 
 7.94328235e+06 -3.49658035e+01  7.94328235e+06 -1.52216002e+02 
 8.12830516e+06 -3.52106723e+01  8.12830516e+06 -1.52732495e+02 
 8.31763771e+06 -3.54502664e+01  8.31763771e+06 -1.53246696e+02 
 8.51138038e+06 -3.56846706e+01  8.51138038e+06 -1.53758767e+02 
 8.70963590e+06 -3.59139652e+01  8.70963590e+06 -1.54268827e+02 
 8.91250938e+06 -3.61382264e+01  8.91250938e+06 -1.54776959e+02 
 9.12010839e+06 -3.63575269e+01  9.12010839e+06 -1.55283218e+02 
 9.33254301e+06 -3.65719366e+01  9.33254301e+06 -1.55787633e+02 
 9.54992586e+06 -3.67815228e+01  9.54992586e+06 -1.56290215e+02 
 9.77237221e+06 -3.69863513e+01  9.77237221e+06 -1.56790958e+02 
 1.00000000e+07 -3.71864865e+01  1.00000000e+07 -1.57289841e+02 
 1.02329299e+07 -3.73819923e+01  1.02329299e+07 -1.57786833e+02 
 1.04712855e+07 -3.75729321e+01  1.04712855e+07 -1.58281895e+02 
 1.07151931e+07 -3.77593697e+01  1.07151931e+07 -1.58774977e+02 
 1.09647820e+07 -3.79413697e+01  1.09647820e+07 -1.59266026e+02 
 1.12201845e+07 -3.81189974e+01  1.12201845e+07 -1.59754979e+02 
 1.14815362e+07 -3.82923195e+01  1.14815362e+07 -1.60241771e+02 
 1.17489755e+07 -3.84614040e+01  1.17489755e+07 -1.60726330e+02 
 1.20226443e+07 -3.86263207e+01  1.20226443e+07 -1.61208579e+02 
 1.23026877e+07 -3.87871411e+01  1.23026877e+07 -1.61688439e+02 
 1.25892541e+07 -3.89439386e+01  1.25892541e+07 -1.62165822e+02 
 1.28824955e+07 -3.90967886e+01  1.28824955e+07 -1.62640638e+02 
 1.31825674e+07 -3.92457683e+01  1.31825674e+07 -1.63112792e+02 
 1.34896288e+07 -3.93909566e+01  1.34896288e+07 -1.63582184e+02 
 1.38038426e+07 -3.95324347e+01  1.38038426e+07 -1.64048707e+02 
 1.41253754e+07 -3.96702849e+01  1.41253754e+07 -1.64512253e+02 
 1.44543977e+07 -3.98045915e+01  1.44543977e+07 -1.64972706e+02 
 1.47910839e+07 -3.99354401e+01  1.47910839e+07 -1.65429944e+02 
 1.51356125e+07 -4.00629176e+01  1.51356125e+07 -1.65883842e+02 
 1.54881662e+07 -4.01871118e+01  1.54881662e+07 -1.66334269e+02 
 1.58489319e+07 -4.03081117e+01  1.58489319e+07 -1.66781089e+02 
 1.62181010e+07 -4.04260065e+01  1.62181010e+07 -1.67224160e+02 
 1.65958691e+07 -4.05408863e+01  1.65958691e+07 -1.67663336e+02 
 1.69824365e+07 -4.06528411e+01  1.69824365e+07 -1.68098466e+02 
 1.73780083e+07 -4.07619609e+01  1.73780083e+07 -1.68529392e+02 
 1.77827941e+07 -4.08683356e+01  1.77827941e+07 -1.68955956e+02 
 1.81970086e+07 -4.09720545e+01  1.81970086e+07 -1.69377991e+02 
 1.86208714e+07 -4.10732060e+01  1.86208714e+07 -1.69795329e+02 
 1.90546072e+07 -4.11718778e+01  1.90546072e+07 -1.70207795e+02 
 1.94984460e+07 -4.12681561e+01  1.94984460e+07 -1.70615214e+02 
 1.99526231e+07 -4.13621259e+01  1.99526231e+07 -1.71017406e+02 
 2.04173794e+07 -4.14538703e+01  2.04173794e+07 -1.71414188e+02 
 2.08929613e+07 -4.15434707e+01  2.08929613e+07 -1.71805374e+02 
 2.13796209e+07 -4.16310064e+01  2.13796209e+07 -1.72190778e+02 
 2.18776162e+07 -4.17165544e+01  2.18776162e+07 -1.72570211e+02 
 2.23872114e+07 -4.18001891e+01  2.23872114e+07 -1.72943483e+02 
 2.29086765e+07 -4.18819823e+01  2.29086765e+07 -1.73310403e+02 
 2.34422882e+07 -4.19620033e+01  2.34422882e+07 -1.73670783e+02 
 2.39883292e+07 -4.20403179e+01  2.39883292e+07 -1.74024431e+02 
 2.45470892e+07 -4.21169892e+01  2.45470892e+07 -1.74371161e+02 
 2.51188643e+07 -4.21920770e+01  2.51188643e+07 -1.74710788e+02 
 2.57039578e+07 -4.22656376e+01  2.57039578e+07 -1.75043127e+02 
 2.63026799e+07 -4.23377240e+01  2.63026799e+07 -1.75367999e+02 
 2.69153480e+07 -4.24083858e+01  2.69153480e+07 -1.75685231e+02 
 2.75422870e+07 -4.24776687e+01  2.75422870e+07 -1.75994653e+02 
 2.81838293e+07 -4.25456150e+01  2.81838293e+07 -1.76296101e+02 
 2.88403150e+07 -4.26122633e+01  2.88403150e+07 -1.76589419e+02 
 2.95120923e+07 -4.26776486e+01  2.95120923e+07 -1.76874460e+02 
 3.01995172e+07 -4.27418020e+01  3.01995172e+07 -1.77151083e+02 
 3.09029543e+07 -4.28047511e+01  3.09029543e+07 -1.77419161e+02 
 3.16227766e+07 -4.28665200e+01  3.16227766e+07 -1.77678573e+02 
 3.23593657e+07 -4.29271289e+01  3.23593657e+07 -1.77929214e+02 
 3.31131121e+07 -4.29865948e+01  3.31131121e+07 -1.78170989e+02 
 3.38844156e+07 -4.30449313e+01  3.38844156e+07 -1.78403819e+02 
 3.46736850e+07 -4.31021484e+01  3.46736850e+07 -1.78627637e+02 
 3.54813389e+07 -4.31582532e+01  3.54813389e+07 -1.78842393e+02 
 3.63078055e+07 -4.32132498e+01  3.63078055e+07 -1.79048054e+02 
 3.71535229e+07 -4.32671392e+01  3.71535229e+07 -1.79244601e+02 
 3.80189396e+07 -4.33199197e+01  3.80189396e+07 -1.79432035e+02 
 3.89045145e+07 -4.33715872e+01  3.89045145e+07 -1.79610377e+02 
 3.98107171e+07 -4.34221352e+01  3.98107171e+07 -1.79779664e+02 
 4.07380278e+07 -4.34715551e+01  4.07380278e+07 -1.79939953e+02 
 4.16869383e+07 -4.35198362e+01  4.16869383e+07  1.79908677e+02 
 4.26579519e+07 -4.35669662e+01  4.26579519e+07  1.79766127e+02 
 4.36515832e+07 -4.36129315e+01  4.36515832e+07  1.79632280e+02 
 4.46683592e+07 -4.36577169e+01  4.46683592e+07  1.79506995e+02 
 4.57088190e+07 -4.37013066e+01  4.57088190e+07  1.79390110e+02 
 4.67735141e+07 -4.37436837e+01  4.67735141e+07  1.79281445e+02 
 4.78630092e+07 -4.37848311e+01  4.78630092e+07  1.79180796e+02 
 4.89778819e+07 -4.38247313e+01  4.89778819e+07  1.79087940e+02 
 5.01187234e+07 -4.38633668e+01  5.01187234e+07  1.79002634e+02 
 5.12861384e+07 -4.39007204e+01  5.12861384e+07  1.78924613e+02 
 5.24807460e+07 -4.39367753e+01  5.24807460e+07  1.78853595e+02 
 5.37031796e+07 -4.39715156e+01  5.37031796e+07  1.78789277e+02 
 5.49540874e+07 -4.40049261e+01  5.49540874e+07  1.78731340e+02 
 5.62341325e+07 -4.40369931e+01  5.62341325e+07  1.78679446e+02 
 5.75439937e+07 -4.40677041e+01  5.75439937e+07  1.78633242e+02 
 5.88843655e+07 -4.40970483e+01  5.88843655e+07  1.78592359e+02 
 6.02559586e+07 -4.41250165e+01  6.02559586e+07  1.78556413e+02 
 6.16595002e+07 -4.41516018e+01  6.16595002e+07  1.78525007e+02 
 6.30957344e+07 -4.41767994e+01  6.30957344e+07  1.78497734e+02 
 6.45654229e+07 -4.42006065e+01  6.45654229e+07  1.78474174e+02 
 6.60693448e+07 -4.42230232e+01  6.60693448e+07  1.78453898e+02 
 6.76082975e+07 -4.42440519e+01  6.76082975e+07  1.78436469e+02 
 6.91830971e+07 -4.42636980e+01  6.91830971e+07  1.78421445e+02 
 7.07945784e+07 -4.42819694e+01  7.07945784e+07  1.78408376e+02 
 7.24435960e+07 -4.42988772e+01  7.24435960e+07  1.78396812e+02 
 7.41310241e+07 -4.43144351e+01  7.41310241e+07  1.78386298e+02 
 7.58577575e+07 -4.43286603e+01  7.58577575e+07  1.78376380e+02 
 7.76247117e+07 -4.43415726e+01  7.76247117e+07  1.78366605e+02 
 7.94328235e+07 -4.43531952e+01  7.94328235e+07  1.78356522e+02 
 8.12830516e+07 -4.43635541e+01  8.12830516e+07  1.78345685e+02 
 8.31763771e+07 -4.43726786e+01  8.31763771e+07  1.78333655e+02 
 8.51138038e+07 -4.43806006e+01  8.51138038e+07  1.78319997e+02 
 8.70963590e+07 -4.43873554e+01  8.70963590e+07  1.78304288e+02 
 8.91250938e+07 -4.43929808e+01  8.91250938e+07  1.78286115e+02 
 9.12010839e+07 -4.43975176e+01  9.12010839e+07  1.78265076e+02 
 9.33254301e+07 -4.44010090e+01  9.33254301e+07  1.78240782e+02 
 9.54992586e+07 -4.44035010e+01  9.54992586e+07  1.78212858e+02 
 9.77237221e+07 -4.44050416e+01  9.77237221e+07  1.78180947e+02 
 1.00000000e+08 -4.44056815e+01  1.00000000e+08  1.78144706e+02 
