 1.00000000e+00  7.04994598e+01  1.00000000e+00  1.78554905e+02 
 1.02329299e+00  7.04991257e+01  1.02329299e+00  1.78524278e+02 
 1.04712855e+00  7.04987925e+01  1.04712855e+00  1.78492920e+02 
 1.07151931e+00  7.04984598e+01  1.07151931e+00  1.78460814e+02 
 1.09647820e+00  7.04981274e+01  1.09647820e+00  1.78427940e+02 
 1.12201845e+00  7.04977948e+01  1.12201845e+00  1.78394278e+02 
 1.14815362e+00  7.04974618e+01  1.14815362e+00  1.78359810e+02 
 1.17489755e+00  7.04971280e+01  1.17489755e+00  1.78324514e+02 
 1.20226443e+00  7.04967928e+01  1.20226443e+00  1.78288371e+02 
 1.23026877e+00  7.04964560e+01  1.23026877e+00  1.78251359e+02 
 1.25892541e+00  7.04961171e+01  1.25892541e+00  1.78213457e+02 
 1.28824955e+00  7.04957755e+01  1.28824955e+00  1.78174644e+02 
 1.31825674e+00  7.04954308e+01  1.31825674e+00  1.78134897e+02 
 1.34896288e+00  7.04950825e+01  1.34896288e+00  1.78094193e+02 
 1.38038426e+00  7.04947301e+01  1.38038426e+00  1.78052511e+02 
 1.41253754e+00  7.04943729e+01  1.41253754e+00  1.78009826e+02 
 1.44543977e+00  7.04940104e+01  1.44543977e+00  1.77966114e+02 
 1.47910839e+00  7.04936421e+01  1.47910839e+00  1.77921351e+02 
 1.51356125e+00  7.04932672e+01  1.51356125e+00  1.77875513e+02 
 1.54881662e+00  7.04928851e+01  1.54881662e+00  1.77828574e+02 
 1.58489319e+00  7.04924951e+01  1.58489319e+00  1.77780508e+02 
 1.62181010e+00  7.04920966e+01  1.62181010e+00  1.77731289e+02 
 1.65958691e+00  7.04916888e+01  1.65958691e+00  1.77680890e+02 
 1.69824365e+00  7.04912709e+01  1.69824365e+00  1.77629283e+02 
 1.73780083e+00  7.04908421e+01  1.73780083e+00  1.77576441e+02 
 1.77827941e+00  7.04904017e+01  1.77827941e+00  1.77522335e+02 
 1.81970086e+00  7.04899488e+01  1.81970086e+00  1.77466935e+02 
 1.86208714e+00  7.04894824e+01  1.86208714e+00  1.77410213e+02 
 1.90546072e+00  7.04890018e+01  1.90546072e+00  1.77352136e+02 
 1.94984460e+00  7.04885059e+01  1.94984460e+00  1.77292676e+02 
 1.99526231e+00  7.04879937e+01  1.99526231e+00  1.77231799e+02 
 2.04173794e+00  7.04874643e+01  2.04173794e+00  1.77169473e+02 
 2.08929613e+00  7.04869165e+01  2.08929613e+00  1.77105665e+02 
 2.13796209e+00  7.04863493e+01  2.13796209e+00  1.77040342e+02 
 2.18776162e+00  7.04857614e+01  2.18776162e+00  1.76973468e+02 
 2.23872114e+00  7.04851518e+01  2.23872114e+00  1.76905009e+02 
 2.29086765e+00  7.04845191e+01  2.29086765e+00  1.76834928e+02 
 2.34422882e+00  7.04838620e+01  2.34422882e+00  1.76763189e+02 
 2.39883292e+00  7.04831792e+01  2.39883292e+00  1.76689755e+02 
 2.45470892e+00  7.04824693e+01  2.45470892e+00  1.76614585e+02 
 2.51188643e+00  7.04817308e+01  2.51188643e+00  1.76537642e+02 
 2.57039578e+00  7.04809622e+01  2.57039578e+00  1.76458885e+02 
 2.63026799e+00  7.04801619e+01  2.63026799e+00  1.76378274e+02 
 2.69153480e+00  7.04793282e+01  2.69153480e+00  1.76295766e+02 
 2.75422870e+00  7.04784594e+01  2.75422870e+00  1.76211319e+02 
 2.81838293e+00  7.04775538e+01  2.81838293e+00  1.76124889e+02 
 2.88403150e+00  7.04766093e+01  2.88403150e+00  1.76036431e+02 
 2.95120923e+00  7.04756240e+01  2.95120923e+00  1.75945901e+02 
 3.01995172e+00  7.04745959e+01  3.01995172e+00  1.75853250e+02 
 3.09029543e+00  7.04735229e+01  3.09029543e+00  1.75758433e+02 
 3.16227766e+00  7.04724027e+01  3.16227766e+00  1.75661401e+02 
 3.23593657e+00  7.04712330e+01  3.23593657e+00  1.75562103e+02 
 3.31131121e+00  7.04700113e+01  3.31131121e+00  1.75460490e+02 
 3.38844156e+00  7.04687351e+01  3.38844156e+00  1.75356510e+02 
 3.46736850e+00  7.04674017e+01  3.46736850e+00  1.75250110e+02 
 3.54813389e+00  7.04660085e+01  3.54813389e+00  1.75141236e+02 
 3.63078055e+00  7.04645524e+01  3.63078055e+00  1.75029834e+02 
 3.71535229e+00  7.04630304e+01  3.71535229e+00  1.74915848e+02 
 3.80189396e+00  7.04614394e+01  3.80189396e+00  1.74799221e+02 
 3.89045145e+00  7.04597762e+01  3.89045145e+00  1.74679893e+02 
 3.98107171e+00  7.04580371e+01  3.98107171e+00  1.74557807e+02 
 4.07380278e+00  7.04562187e+01  4.07380278e+00  1.74432901e+02 
 4.16869383e+00  7.04543172e+01  4.16869383e+00  1.74305114e+02 
 4.26579519e+00  7.04523286e+01  4.26579519e+00  1.74174382e+02 
 4.36515832e+00  7.04502489e+01  4.36515832e+00  1.74040642e+02 
 4.46683592e+00  7.04480737e+01  4.46683592e+00  1.73903827e+02 
 4.57088190e+00  7.04457985e+01  4.57088190e+00  1.73763873e+02 
 4.67735141e+00  7.04434188e+01  4.67735141e+00  1.73620709e+02 
 4.78630092e+00  7.04409296e+01  4.78630092e+00  1.73474269e+02 
 4.89778819e+00  7.04383257e+01  4.89778819e+00  1.73324480e+02 
 5.01187234e+00  7.04356020e+01  5.01187234e+00  1.73171272e+02 
 5.12861384e+00  7.04327527e+01  5.12861384e+00  1.73014571e+02 
 5.24807460e+00  7.04297721e+01  5.24807460e+00  1.72854304e+02 
 5.37031796e+00  7.04266541e+01  5.37031796e+00  1.72690395e+02 
 5.49540874e+00  7.04233923e+01  5.49540874e+00  1.72522767e+02 
 5.62341325e+00  7.04199803e+01  5.62341325e+00  1.72351343e+02 
 5.75439937e+00  7.04164109e+01  5.75439937e+00  1.72176043e+02 
 5.88843655e+00  7.04126771e+01  5.88843655e+00  1.71996786e+02 
 6.02559586e+00  7.04087713e+01  6.02559586e+00  1.71813493e+02 
 6.16595002e+00  7.04046856e+01  6.16595002e+00  1.71626078e+02 
 6.30957344e+00  7.04004118e+01  6.30957344e+00  1.71434460e+02 
 6.45654229e+00  7.03959415e+01  6.45654229e+00  1.71238551e+02 
 6.60693448e+00  7.03912656e+01  6.60693448e+00  1.71038267e+02 
 6.76082975e+00  7.03863749e+01  6.76082975e+00  1.70833519e+02 
 6.91830971e+00  7.03812597e+01  6.91830971e+00  1.70624220e+02 
 7.07945784e+00  7.03759098e+01  7.07945784e+00  1.70410279e+02 
 7.24435960e+00  7.03703147e+01  7.24435960e+00  1.70191606e+02 
 7.41310241e+00  7.03644635e+01  7.41310241e+00  1.69968110e+02 
 7.58577575e+00  7.03583447e+01  7.58577575e+00  1.69739698e+02 
 7.76247117e+00  7.03519463e+01  7.76247117e+00  1.69506278e+02 
 7.94328235e+00  7.03452561e+01  7.94328235e+00  1.69267755e+02 
 8.12830516e+00  7.03382609e+01  8.12830516e+00  1.69024035e+02 
 8.31763771e+00  7.03309474e+01  8.31763771e+00  1.68775022e+02 
 8.51138038e+00  7.03233016e+01  8.51138038e+00  1.68520621e+02 
 8.70963590e+00  7.03153089e+01  8.70963590e+00  1.68260735e+02 
 8.91250938e+00  7.03069542e+01  8.91250938e+00  1.67995269e+02 
 9.12010839e+00  7.02982218e+01  9.12010839e+00  1.67724126e+02 
 9.33254301e+00  7.02890952e+01  9.33254301e+00  1.67447208e+02 
 9.54992586e+00  7.02795575e+01  9.54992586e+00  1.67164419e+02 
 9.77237221e+00  7.02695910e+01  9.77237221e+00  1.66875663e+02 
 1.00000000e+01  7.02591774e+01  1.00000000e+01  1.66580843e+02 
 1.02329299e+01  7.02482977e+01  1.02329299e+01  1.66279863e+02 
 1.04712855e+01  7.02369322e+01  1.04712855e+01  1.65972629e+02 
 1.07151931e+01  7.02250604e+01  1.07151931e+01  1.65659047e+02 
 1.09647820e+01  7.02126612e+01  1.09647820e+01  1.65339022e+02 
 1.12201845e+01  7.01997126e+01  1.12201845e+01  1.65012464e+02 
 1.14815362e+01  7.01861919e+01  1.14815362e+01  1.64679281e+02 
 1.17489755e+01  7.01720756e+01  1.17489755e+01  1.64339386e+02 
 1.20226443e+01  7.01573395e+01  1.20226443e+01  1.63992691e+02 
 1.23026877e+01  7.01419584e+01  1.23026877e+01  1.63639112e+02 
 1.25892541e+01  7.01259064e+01  1.25892541e+01  1.63278566e+02 
 1.28824955e+01  7.01091568e+01  1.28824955e+01  1.62910974e+02 
 1.31825674e+01  7.00916820e+01  1.31825674e+01  1.62536260e+02 
 1.34896288e+01  7.00734536e+01  1.34896288e+01  1.62154351e+02 
 1.38038426e+01  7.00544423e+01  1.38038426e+01  1.61765178e+02 
 1.41253754e+01  7.00346181e+01  1.41253754e+01  1.61368675e+02 
 1.44543977e+01  7.00139499e+01  1.44543977e+01  1.60964781e+02 
 1.47910839e+01  6.99924060e+01  1.47910839e+01  1.60553441e+02 
 1.51356125e+01  6.99699538e+01  1.51356125e+01  1.60134604e+02 
 1.54881662e+01  6.99465598e+01  1.54881662e+01  1.59708224e+02 
 1.58489319e+01  6.99221898e+01  1.58489319e+01  1.59274260e+02 
 1.62181010e+01  6.98968089e+01  1.62181010e+01  1.58832681e+02 
 1.65958691e+01  6.98703811e+01  1.65958691e+01  1.58383459e+02 
 1.69824365e+01  6.98428700e+01  1.69824365e+01  1.57926575e+02 
 1.73780083e+01  6.98142384e+01  1.73780083e+01  1.57462016e+02 
 1.77827941e+01  6.97844484e+01  1.77827941e+01  1.56989778e+02 
 1.81970086e+01  6.97534613e+01  1.81970086e+01  1.56509866e+02 
 1.86208714e+01  6.97212382e+01  1.86208714e+01  1.56022293e+02 
 1.90546072e+01  6.96877393e+01  1.90546072e+01  1.55527079e+02 
 1.94984460e+01  6.96529245e+01  1.94984460e+01  1.55024258e+02 
 1.99526231e+01  6.96167532e+01  1.99526231e+01  1.54513871e+02 
 2.04173794e+01  6.95791846e+01  2.04173794e+01  1.53995969e+02 
 2.08929613e+01  6.95401772e+01  2.08929613e+01  1.53470616e+02 
 2.13796209e+01  6.94996899e+01  2.13796209e+01  1.52937883e+02 
 2.18776162e+01  6.94576809e+01  2.18776162e+01  1.52397858e+02 
 2.23872114e+01  6.94141087e+01  2.23872114e+01  1.51850635e+02 
 2.29086765e+01  6.93689317e+01  2.29086765e+01  1.51296324e+02 
 2.34422882e+01  6.93221085e+01  2.34422882e+01  1.50735045e+02 
 2.39883292e+01  6.92735979e+01  2.39883292e+01  1.50166930e+02 
 2.45470892e+01  6.92233591e+01  2.45470892e+01  1.49592125e+02 
 2.51188643e+01  6.91713516e+01  2.51188643e+01  1.49010789e+02 
 2.57039578e+01  6.91175358e+01  2.57039578e+01  1.48423090e+02 
 2.63026799e+01  6.90618723e+01  2.63026799e+01  1.47829212e+02 
 2.69153480e+01  6.90043230e+01  2.69153480e+01  1.47229352e+02 
 2.75422870e+01  6.89448503e+01  2.75422870e+01  1.46623716e+02 
 2.81838293e+01  6.88834178e+01  2.81838293e+01  1.46012527e+02 
 2.88403150e+01  6.88199903e+01  2.88403150e+01  1.45396015e+02 
 2.95120923e+01  6.87545339e+01  2.95120923e+01  1.44774427e+02 
 3.01995172e+01  6.86870158e+01  3.01995172e+01  1.44148017e+02 
 3.09029543e+01  6.86174050e+01  3.09029543e+01  1.43517054e+02 
 3.16227766e+01  6.85456721e+01  3.16227766e+01  1.42881816e+02 
 3.23593657e+01  6.84717892e+01  3.23593657e+01  1.42242590e+02 
 3.31131121e+01  6.83957305e+01  3.31131121e+01  1.41599675e+02 
 3.38844156e+01  6.83174719e+01  3.38844156e+01  1.40953378e+02 
 3.46736850e+01  6.82369914e+01  3.46736850e+01  1.40304015e+02 
 3.54813389e+01  6.81542693e+01  3.54813389e+01  1.39651909e+02 
 3.63078055e+01  6.80692876e+01  3.63078055e+01  1.38997390e+02 
 3.71535229e+01  6.79820312e+01  3.71535229e+01  1.38340794e+02 
 3.80189396e+01  6.78924868e+01  3.80189396e+01  1.37682463e+02 
 3.89045145e+01  6.78006437e+01  3.89045145e+01  1.37022744e+02 
 3.98107171e+01  6.77064936e+01  3.98107171e+01  1.36361985e+02 
 4.07380278e+01  6.76100305e+01  4.07380278e+01  1.35700539e+02 
 4.16869383e+01  6.75112513e+01  4.16869383e+01  1.35038760e+02 
 4.26579519e+01  6.74101548e+01  4.26579519e+01  1.34377003e+02 
 4.36515832e+01  6.73067427e+01  4.36515832e+01  1.33715621e+02 
 4.46683592e+01  6.72010190e+01  4.46683592e+01  1.33054970e+02 
 4.57088190e+01  6.70929904e+01  4.57088190e+01  1.32395398e+02 
 4.67735141e+01  6.69826656e+01  4.67735141e+01  1.31737256e+02 
 4.78630092e+01  6.68700561e+01  4.78630092e+01  1.31080886e+02 
 4.89778819e+01  6.67551756e+01  4.89778819e+01  1.30426628e+02 
 5.01187234e+01  6.66380399e+01  5.01187234e+01  1.29774817e+02 
 5.12861384e+01  6.65186674e+01  5.12861384e+01  1.29125779e+02 
 5.24807460e+01  6.63970782e+01  5.24807460e+01  1.28479835e+02 
 5.37031796e+01  6.62732949e+01  5.37031796e+01  1.27837296e+02 
 5.49540874e+01  6.61473417e+01  5.49540874e+01  1.27198466e+02 
 5.62341325e+01  6.60192449e+01  5.62341325e+01  1.26563640e+02 
 5.75439937e+01  6.58890324e+01  5.75439937e+01  1.25933101e+02 
 5.88843655e+01  6.57567340e+01  5.88843655e+01  1.25307124e+02 
 6.02559586e+01  6.56223808e+01  6.02559586e+01  1.24685972e+02 
 6.16595002e+01  6.54860055e+01  6.16595002e+01  1.24069897e+02 
 6.30957344e+01  6.53476420e+01  6.30957344e+01  1.23459140e+02 
 6.45654229e+01  6.52073257e+01  6.45654229e+01  1.22853928e+02 
 6.60693448e+01  6.50650927e+01  6.60693448e+01  1.22254479e+02 
 6.76082975e+01  6.49209803e+01  6.76082975e+01  1.21660997e+02 
 6.91830971e+01  6.47750267e+01  6.91830971e+01  1.21073674e+02 
 7.07945784e+01  6.46272708e+01  7.07945784e+01  1.20492689e+02 
 7.24435960e+01  6.44777520e+01  7.24435960e+01  1.19918210e+02 
 7.41310241e+01  6.43265105e+01  7.41310241e+01  1.19350391e+02 
 7.58577575e+01  6.41735867e+01  7.58577575e+01  1.18789375e+02 
 7.76247117e+01  6.40190213e+01  7.76247117e+01  1.18235291e+02 
 7.94328235e+01  6.38628553e+01  7.94328235e+01  1.17688259e+02 
 8.12830516e+01  6.37051300e+01  8.12830516e+01  1.17148383e+02 
 8.31763771e+01  6.35458863e+01  8.31763771e+01  1.16615760e+02 
 8.51138038e+01  6.33851655e+01  8.51138038e+01  1.16090472e+02 
 8.70963590e+01  6.32230084e+01  8.70963590e+01  1.15572592e+02 
 8.91250938e+01  6.30594558e+01  8.91250938e+01  1.15062181e+02 
 9.12010839e+01  6.28945480e+01  9.12010839e+01  1.14559290e+02 
 9.33254301e+01  6.27283253e+01  9.33254301e+01  1.14063961e+02 
 9.54992586e+01  6.25608272e+01  9.54992586e+01  1.13576225e+02 
 9.77237221e+01  6.23920929e+01  9.77237221e+01  1.13096104e+02 
 1.00000000e+02  6.22221611e+01  1.00000000e+02  1.12623612e+02 
 1.02329299e+02  6.20510699e+01  1.02329299e+02  1.12158753e+02 
 1.04712855e+02  6.18788567e+01  1.04712855e+02  1.11701523e+02 
 1.07151931e+02  6.17055584e+01  1.07151931e+02  1.11251912e+02 
 1.09647820e+02  6.15312111e+01  1.09647820e+02  1.10809901e+02 
 1.12201845e+02  6.13558501e+01  1.12201845e+02  1.10375464e+02 
 1.14815362e+02  6.11795103e+01  1.14815362e+02  1.09948570e+02 
 1.17489755e+02  6.10022254e+01  1.17489755e+02  1.09529180e+02 
 1.20226443e+02  6.08240286e+01  1.20226443e+02  1.09117250e+02 
 1.23026877e+02  6.06449522e+01  1.23026877e+02  1.08712731e+02 
 1.25892541e+02  6.04650278e+01  1.25892541e+02  1.08315569e+02 
 1.28824955e+02  6.02842860e+01  1.28824955e+02  1.07925704e+02 
 1.31825674e+02  6.01027568e+01  1.31825674e+02  1.07543074e+02 
 1.34896288e+02  5.99204692e+01  1.34896288e+02  1.07167611e+02 
 1.38038426e+02  5.97374515e+01  1.38038426e+02  1.06799243e+02 
 1.41253754e+02  5.95537311e+01  1.41253754e+02  1.06437896e+02 
 1.44543977e+02  5.93693347e+01  1.44543977e+02  1.06083494e+02 
 1.47910839e+02  5.91842880e+01  1.47910839e+02  1.05735955e+02 
 1.51356125e+02  5.89986161e+01  1.51356125e+02  1.05395198e+02 
 1.54881662e+02  5.88123432e+01  1.54881662e+02  1.05061136e+02 
 1.58489319e+02  5.86254926e+01  1.58489319e+02  1.04733683e+02 
 1.62181010e+02  5.84380872e+01  1.62181010e+02  1.04412751e+02 
 1.65958691e+02  5.82501489e+01  1.65958691e+02  1.04098249e+02 
 1.69824365e+02  5.80616987e+01  1.69824365e+02  1.03790086e+02 
 1.73780083e+02  5.78727571e+01  1.73780083e+02  1.03488169e+02 
 1.77827941e+02  5.76833440e+01  1.77827941e+02  1.03192405e+02 
 1.81970086e+02  5.74934783e+01  1.81970086e+02  1.02902699e+02 
 1.86208714e+02  5.73031784e+01  1.86208714e+02  1.02618957e+02 
 1.90546072e+02  5.71124620e+01  1.90546072e+02  1.02341084e+02 
 1.94984460e+02  5.69213462e+01  1.94984460e+02  1.02068984e+02 
 1.99526231e+02  5.67298474e+01  1.99526231e+02  1.01802562e+02 
 2.04173794e+02  5.65379813e+01  2.04173794e+02  1.01541722e+02 
 2.08929613e+02  5.63457633e+01  2.08929613e+02  1.01286369e+02 
 2.13796209e+02  5.61532080e+01  2.13796209e+02  1.01036409e+02 
 2.18776162e+02  5.59603294e+01  2.18776162e+02  1.00791745e+02 
 2.23872114e+02  5.57671412e+01  2.23872114e+02  1.00552285e+02 
 2.29086765e+02  5.55736562e+01  2.29086765e+02  1.00317934e+02 
 2.34422882e+02  5.53798871e+01  2.34422882e+02  1.00088599e+02 
 2.39883292e+02  5.51858459e+01  2.39883292e+02  9.98641879e+01 
 2.45470892e+02  5.49915440e+01  2.45470892e+02  9.96446095e+01 
 2.51188643e+02  5.47969926e+01  2.51188643e+02  9.94297726e+01 
 2.57039578e+02  5.46022023e+01  2.57039578e+02  9.92195876e+01 
 2.63026799e+02  5.44071833e+01  2.63026799e+02  9.90139654e+01 
 2.69153480e+02  5.42119455e+01  2.69153480e+02  9.88128182e+01 
 2.75422870e+02  5.40164982e+01  2.75422870e+02  9.86160591e+01 
 2.81838293e+02  5.38208503e+01  2.81838293e+02  9.84236022e+01 
 2.88403150e+02  5.36250107e+01  2.88403150e+02  9.82353628e+01 
 2.95120923e+02  5.34289875e+01  2.95120923e+02  9.80512573e+01 
 3.01995172e+02  5.32327887e+01  3.01995172e+02  9.78712033e+01 
 3.09029543e+02  5.30364219e+01  3.09029543e+02  9.76951195e+01 
 3.16227766e+02  5.28398945e+01  3.16227766e+02  9.75229259e+01 
 3.23593657e+02  5.26432133e+01  3.23593657e+02  9.73545434e+01 
 3.31131121e+02  5.24463851e+01  3.31131121e+02  9.71898946e+01 
 3.38844156e+02  5.22494163e+01  3.38844156e+02  9.70289029e+01 
 3.46736850e+02  5.20523131e+01  3.46736850e+02  9.68714932e+01 
 3.54813389e+02  5.18550813e+01  3.54813389e+02  9.67175915e+01 
 3.63078055e+02  5.16577265e+01  3.63078055e+02  9.65671251e+01 
 3.71535229e+02  5.14602543e+01  3.71535229e+02  9.64200226e+01 
 3.80189396e+02  5.12626696e+01  3.80189396e+02  9.62762136e+01 
 3.89045145e+02  5.10649775e+01  3.89045145e+02  9.61356293e+01 
 3.98107171e+02  5.08671827e+01  3.98107171e+02  9.59982019e+01 
 4.07380278e+02  5.06692897e+01  4.07380278e+02  9.58638648e+01 
 4.16869383e+02  5.04713028e+01  4.16869383e+02  9.57325528e+01 
 4.26579519e+02  5.02732262e+01  4.26579519e+02  9.56042018e+01 
 4.36515832e+02  5.00750639e+01  4.36515832e+02  9.54787488e+01 
 4.46683592e+02  4.98768196e+01  4.46683592e+02  9.53561324e+01 
 4.57088190e+02  4.96784970e+01  4.57088190e+02  9.52362918e+01 
 4.67735141e+02  4.94800995e+01  4.67735141e+02  9.51191679e+01 
 4.78630092e+02  4.92816304e+01  4.78630092e+02  9.50047025e+01 
 4.89778819e+02  4.90830930e+01  4.89778819e+02  9.48928386e+01 
 5.01187234e+02  4.88844903e+01  5.01187234e+02  9.47835203e+01 
 5.12861384e+02  4.86858251e+01  5.12861384e+02  9.46766929e+01 
 5.24807460e+02  4.84871003e+01  5.24807460e+02  9.45723027e+01 
 5.37031796e+02  4.82883185e+01  5.37031796e+02  9.44702972e+01 
 5.49540874e+02  4.80894822e+01  5.49540874e+02  9.43706249e+01 
 5.62341325e+02  4.78905939e+01  5.62341325e+02  9.42732355e+01 
 5.75439937e+02  4.76916559e+01  5.75439937e+02  9.41780796e+01 
 5.88843655e+02  4.74926703e+01  5.88843655e+02  9.40851089e+01 
 6.02559586e+02  4.72936394e+01  6.02559586e+02  9.39942760e+01 
 6.16595002e+02  4.70945651e+01  6.16595002e+02  9.39055348e+01 
 6.30957344e+02  4.68954494e+01  6.30957344e+02  9.38188398e+01 
 6.45654229e+02  4.66962941e+01  6.45654229e+02  9.37341467e+01 
 6.60693448e+02  4.64971011e+01  6.60693448e+02  9.36514122e+01 
 6.76082975e+02  4.62978719e+01  6.76082975e+02  9.35705938e+01 
 6.91830971e+02  4.60986082e+01  6.91830971e+02  9.34916500e+01 
 7.07945784e+02  4.58993116e+01  7.07945784e+02  9.34145402e+01 
 7.24435960e+02  4.56999835e+01  7.24435960e+02  9.33392245e+01 
 7.41310241e+02  4.55006253e+01  7.41310241e+02  9.32656643e+01 
 7.58577575e+02  4.53012385e+01  7.58577575e+02  9.31938213e+01 
 7.76247117e+02  4.51018242e+01  7.76247117e+02  9.31236587e+01 
 7.94328235e+02  4.49023837e+01  7.94328235e+02  9.30551399e+01 
 8.12830516e+02  4.47029182e+01  8.12830516e+02  9.29882295e+01 
 8.31763771e+02  4.45034288e+01  8.31763771e+02  9.29228927e+01 
 8.51138038e+02  4.43039166e+01  8.51138038e+02  9.28590957e+01 
 8.70963590e+02  4.41043827e+01  8.70963590e+02  9.27968053e+01 
 8.91250938e+02  4.39048279e+01  8.91250938e+02  9.27359891e+01 
 9.12010839e+02  4.37052532e+01  9.12010839e+02  9.26766154e+01 
 9.33254301e+02  4.35056596e+01  9.33254301e+02  9.26186532e+01 
 9.54992586e+02  4.33060479e+01  9.54992586e+02  9.25620724e+01 
 9.77237221e+02  4.31064188e+01  9.77237221e+02  9.25068435e+01 
 1.00000000e+03  4.29067733e+01  1.00000000e+03  9.24529375e+01 
 1.02329299e+03  4.27071120e+01  1.02329299e+03  9.24003263e+01 
 1.04712855e+03  4.25074356e+01  1.04712855e+03  9.23489824e+01 
 1.07151931e+03  4.23077449e+01  1.07151931e+03  9.22988789e+01 
 1.09647820e+03  4.21080405e+01  1.09647820e+03  9.22499897e+01 
 1.12201845e+03  4.19083229e+01  1.12201845e+03  9.22022890e+01 
 1.14815362e+03  4.17085929e+01  1.14815362e+03  9.21557519e+01 
 1.17489755e+03  4.15088510e+01  1.17489755e+03  9.21103541e+01 
 1.20226443e+03  4.13090977e+01  1.20226443e+03  9.20660716e+01 
 1.23026877e+03  4.11093335e+01  1.23026877e+03  9.20228812e+01 
 1.25892541e+03  4.09095590e+01  1.25892541e+03  9.19807603e+01 
 1.28824955e+03  4.07097746e+01  1.28824955e+03  9.19396867e+01 
 1.31825674e+03  4.05099807e+01  1.31825674e+03  9.18996388e+01 
 1.34896288e+03  4.03101779e+01  1.34896288e+03  9.18605956e+01 
 1.38038426e+03  4.01103665e+01  1.38038426e+03  9.18225366e+01 
 1.41253754e+03  3.99105470e+01  1.41253754e+03  9.17854417e+01 
 1.44543977e+03  3.97107196e+01  1.44543977e+03  9.17492914e+01 
 1.47910839e+03  3.95108848e+01  1.47910839e+03  9.17140667e+01 
 1.51356125e+03  3.93110430e+01  1.51356125e+03  9.16797491e+01 
 1.54881662e+03  3.91111944e+01  1.54881662e+03  9.16463203e+01 
 1.58489319e+03  3.89113394e+01  1.58489319e+03  9.16137630e+01 
 1.62181010e+03  3.87114782e+01  1.62181010e+03  9.15820597e+01 
 1.65958691e+03  3.85116113e+01  1.65958691e+03  9.15511940e+01 
 1.69824365e+03  3.83117388e+01  1.69824365e+03  9.15211494e+01 
 1.73780083e+03  3.81118610e+01  1.73780083e+03  9.14919102e+01 
 1.77827941e+03  3.79119783e+01  1.77827941e+03  9.14634609e+01 
 1.81970086e+03  3.77120908e+01  1.81970086e+03  9.14357865e+01 
 1.86208714e+03  3.75121987e+01  1.86208714e+03  9.14088724e+01 
 1.90546072e+03  3.73123024e+01  1.90546072e+03  9.13827044e+01 
 1.94984460e+03  3.71124020e+01  1.94984460e+03  9.13572687e+01 
 1.99526231e+03  3.69124977e+01  1.99526231e+03  9.13325518e+01 
 2.04173794e+03  3.67125897e+01  2.04173794e+03  9.13085407e+01 
 2.08929613e+03  3.65126783e+01  2.08929613e+03  9.12852228e+01 
 2.13796209e+03  3.63127637e+01  2.13796209e+03  9.12625856e+01 
 2.18776162e+03  3.61128459e+01  2.18776162e+03  9.12406172e+01 
 2.23872114e+03  3.59129252e+01  2.23872114e+03  9.12193060e+01 
 2.29086765e+03  3.57130017e+01  2.29086765e+03  9.11986408e+01 
 2.34422882e+03  3.55130757e+01  2.34422882e+03  9.11786106e+01 
 2.39883292e+03  3.53131472e+01  2.39883292e+03  9.11592049e+01 
 2.45470892e+03  3.51132165e+01  2.45470892e+03  9.11404133e+01 
 2.51188643e+03  3.49132836e+01  2.51188643e+03  9.11222260e+01 
 2.57039578e+03  3.47133487e+01  2.57039578e+03  9.11046333e+01 
 2.63026799e+03  3.45134119e+01  2.63026799e+03  9.10876259e+01 
 2.69153480e+03  3.43134734e+01  2.69153480e+03  9.10711948e+01 
 2.75422870e+03  3.41135334e+01  2.75422870e+03  9.10553313e+01 
 2.81838293e+03  3.39135918e+01  2.81838293e+03  9.10400270e+01 
 2.88403150e+03  3.37136490e+01  2.88403150e+03  9.10252739e+01 
 2.95120923e+03  3.35137049e+01  2.95120923e+03  9.10110641e+01 
 3.01995172e+03  3.33137597e+01  3.01995172e+03  9.09973901e+01 
 3.09029543e+03  3.31138135e+01  3.09029543e+03  9.09842447e+01 
 3.16227766e+03  3.29138664e+01  3.16227766e+03  9.09716208e+01 
 3.23593657e+03  3.27139186e+01  3.23593657e+03  9.09595118e+01 
 3.31131121e+03  3.25139702e+01  3.31131121e+03  9.09479114e+01 
 3.38844156e+03  3.23140212e+01  3.38844156e+03  9.09368133e+01 
 3.46736850e+03  3.21140717e+01  3.46736850e+03  9.09262117e+01 
 3.54813389e+03  3.19141220e+01  3.54813389e+03  9.09161009e+01 
 3.63078055e+03  3.17141720e+01  3.63078055e+03  9.09064756e+01 
 3.71535229e+03  3.15142219e+01  3.71535229e+03  9.08973307e+01 
 3.80189396e+03  3.13142718e+01  3.80189396e+03  9.08886614e+01 
 3.89045145e+03  3.11143218e+01  3.89045145e+03  9.08804630e+01 
 3.98107171e+03  3.09143721e+01  3.98107171e+03  9.08727312e+01 
 4.07380278e+03  3.07144226e+01  4.07380278e+03  9.08654618e+01 
 4.16869383e+03  3.05144735e+01  4.16869383e+03  9.08586512e+01 
 4.26579519e+03  3.03145250e+01  4.26579519e+03  9.08522955e+01 
 4.36515832e+03  3.01145771e+01  4.36515832e+03  9.08463915e+01 
 4.46683592e+03  2.99146300e+01  4.46683592e+03  9.08409360e+01 
 4.57088190e+03  2.97146837e+01  4.57088190e+03  9.08359261e+01 
 4.67735141e+03  2.95147384e+01  4.67735141e+03  9.08313592e+01 
 4.78630092e+03  2.93147942e+01  4.78630092e+03  9.08272327e+01 
 4.89778819e+03  2.91148512e+01  4.89778819e+03  9.08235445e+01 
 5.01187234e+03  2.89149095e+01  5.01187234e+03  9.08202927e+01 
 5.12861384e+03  2.87149693e+01  5.12861384e+03  9.08174755e+01 
 5.24807460e+03  2.85150307e+01  5.24807460e+03  9.08150913e+01 
 5.37031796e+03  2.83150937e+01  5.37031796e+03  9.08131390e+01 
 5.49540874e+03  2.81151586e+01  5.49540874e+03  9.08116173e+01 
 5.62341325e+03  2.79152255e+01  5.62341325e+03  9.08105256e+01 
 5.75439937e+03  2.77152945e+01  5.75439937e+03  9.08098632e+01 
 5.88843655e+03  2.75153658e+01  5.88843655e+03  9.08096297e+01 
 6.02559586e+03  2.73154395e+01  6.02559586e+03  9.08098250e+01 
 6.16595002e+03  2.71155158e+01  6.16595002e+03  9.08104492e+01 
 6.30957344e+03  2.69155948e+01  6.30957344e+03  9.08115025e+01 
 6.45654229e+03  2.67156767e+01  6.45654229e+03  9.08129854e+01 
 6.60693448e+03  2.65157617e+01  6.60693448e+03  9.08148987e+01 
 6.76082975e+03  2.63158499e+01  6.76082975e+03  9.08172435e+01 
 6.91830971e+03  2.61159416e+01  6.91830971e+03  9.08200208e+01 
 7.07945784e+03  2.59160370e+01  7.07945784e+03  9.08232321e+01 
 7.24435960e+03  2.57161361e+01  7.24435960e+03  9.08268790e+01 
 7.41310241e+03  2.55162394e+01  7.41310241e+03  9.08309635e+01 
 7.58577575e+03  2.53163469e+01  7.58577575e+03  9.08354876e+01 
 7.76247117e+03  2.51164588e+01  7.76247117e+03  9.08404536e+01 
 7.94328235e+03  2.49165756e+01  7.94328235e+03  9.08458642e+01 
 8.12830516e+03  2.47166973e+01  8.12830516e+03  9.08517221e+01 
 8.31763771e+03  2.45168242e+01  8.31763771e+03  9.08580303e+01 
 8.51138038e+03  2.43169567e+01  8.51138038e+03  9.08647921e+01 
 8.70963590e+03  2.41170949e+01  8.70963590e+03  9.08720110e+01 
 8.91250938e+03  2.39172393e+01  8.91250938e+03  9.08796907e+01 
 9.12010839e+03  2.37173900e+01  9.12010839e+03  9.08878352e+01 
 9.33254301e+03  2.35175474e+01  9.33254301e+03  9.08964486e+01 
 9.54992586e+03  2.33177119e+01  9.54992586e+03  9.09055354e+01 
 9.77237221e+03  2.31178837e+01  9.77237221e+03  9.09151004e+01 
 1.00000000e+04  2.29180633e+01  1.00000000e+04  9.09251483e+01 
 1.02329299e+04  2.27182510e+01  1.02329299e+04  9.09356845e+01 
 1.04712855e+04  2.25184473e+01  1.04712855e+04  9.09467143e+01 
 1.07151931e+04  2.23186525e+01  1.07151931e+04  9.09582433e+01 
 1.09647820e+04  2.21188671e+01  1.09647820e+04  9.09702776e+01 
 1.12201845e+04  2.19190915e+01  1.12201845e+04  9.09828233e+01 
 1.14815362e+04  2.17193262e+01  1.14815362e+04  9.09958868e+01 
 1.17489755e+04  2.15195717e+01  1.17489755e+04  9.10094747e+01 
 1.20226443e+04  2.13198285e+01  1.20226443e+04  9.10235942e+01 
 1.23026877e+04  2.11200972e+01  1.23026877e+04  9.10382523e+01 
 1.25892541e+04  2.09203783e+01  1.25892541e+04  9.10534567e+01 
 1.28824955e+04  2.07206724e+01  1.28824955e+04  9.10692149e+01 
 1.31825674e+04  2.05209802e+01  1.31825674e+04  9.10855351e+01 
 1.34896288e+04  2.03213023e+01  1.34896288e+04  9.11024255e+01 
 1.38038426e+04  2.01216393e+01  1.38038426e+04  9.11198947e+01 
 1.41253754e+04  1.99219920e+01  1.41253754e+04  9.11379516e+01 
 1.44543977e+04  1.97223612e+01  1.44543977e+04  9.11566054e+01 
 1.47910839e+04  1.95227475e+01  1.47910839e+04  9.11758653e+01 
 1.51356125e+04  1.93231519e+01  1.51356125e+04  9.11957413e+01 
 1.54881662e+04  1.91235751e+01  1.54881662e+04  9.12162431e+01 
 1.58489319e+04  1.89240181e+01  1.58489319e+04  9.12373813e+01 
 1.62181010e+04  1.87244818e+01  1.62181010e+04  9.12591663e+01 
 1.65958691e+04  1.85249672e+01  1.65958691e+04  9.12816090e+01 
 1.69824365e+04  1.83254752e+01  1.69824365e+04  9.13047206e+01 
 1.73780083e+04  1.81260070e+01  1.73780083e+04  9.13285127e+01 
 1.77827941e+04  1.79265637e+01  1.77827941e+04  9.13529970e+01 
 1.81970086e+04  1.77271464e+01  1.81970086e+04  9.13781857e+01 
 1.86208714e+04  1.75277564e+01  1.86208714e+04  9.14040911e+01 
 1.90546072e+04  1.73283950e+01  1.90546072e+04  9.14307261e+01 
 1.94984460e+04  1.71290635e+01  1.94984460e+04  9.14581037e+01 
 1.99526231e+04  1.69297632e+01  1.99526231e+04  9.14862372e+01 
 2.04173794e+04  1.67304957e+01  2.04173794e+04  9.15151404e+01 
 2.08929613e+04  1.65312625e+01  2.08929613e+04  9.15448272e+01 
 2.13796209e+04  1.63320652e+01  2.13796209e+04  9.15753121e+01 
 2.18776162e+04  1.61329055e+01  2.18776162e+04  9.16066096e+01 
 2.23872114e+04  1.59337851e+01  2.23872114e+04  9.16387349e+01 
 2.29086765e+04  1.57347059e+01  2.29086765e+04  9.16717031e+01 
 2.34422882e+04  1.55356698e+01  2.34422882e+04  9.17055299e+01 
 2.39883292e+04  1.53366787e+01  2.39883292e+04  9.17402313e+01 
 2.45470892e+04  1.51377350e+01  2.45470892e+04  9.17758236e+01 
 2.51188643e+04  1.49388406e+01  2.51188643e+04  9.18123234e+01 
 2.57039578e+04  1.47399979e+01  2.57039578e+04  9.18497476e+01 
 2.63026799e+04  1.45412094e+01  2.63026799e+04  9.18881134e+01 
 2.69153480e+04  1.43424775e+01  2.69153480e+04  9.19274386e+01 
 2.75422870e+04  1.41438048e+01  2.75422870e+04  9.19677408e+01 
 2.81838293e+04  1.39451942e+01  2.81838293e+04  9.20090384e+01 
 2.88403150e+04  1.37466485e+01  2.88403150e+04  9.20513498e+01 
 2.95120923e+04  1.35481707e+01  2.95120923e+04  9.20946938e+01 
 3.01995172e+04  1.33497640e+01  3.01995172e+04  9.21390895e+01 
 3.09029543e+04  1.31514316e+01  3.09029543e+04  9.21845563e+01 
 3.16227766e+04  1.29531770e+01  3.16227766e+04  9.22311138e+01 
 3.23593657e+04  1.27550038e+01  3.23593657e+04  9.22787820e+01 
 3.31131121e+04  1.25569157e+01  3.31131121e+04  9.23275809e+01 
 3.38844156e+04  1.23589166e+01  3.38844156e+04  9.23775310e+01 
 3.46736850e+04  1.21610107e+01  3.46736850e+04  9.24286530e+01 
 3.54813389e+04  1.19632023e+01  3.54813389e+04  9.24809676e+01 
 3.63078055e+04  1.17654958e+01  3.63078055e+04  9.25344960e+01 
 3.71535229e+04  1.15678959e+01  3.71535229e+04  9.25892593e+01 
 3.80189396e+04  1.13704074e+01  3.80189396e+04  9.26452790e+01 
 3.89045145e+04  1.11730356e+01  3.89045145e+04  9.27025765e+01 
 3.98107171e+04  1.09757857e+01  3.98107171e+04  9.27611734e+01 
 4.07380278e+04  1.07786632e+01  4.07380278e+04  9.28210916e+01 
 4.16869383e+04  1.05816740e+01  4.16869383e+04  9.28823526e+01 
 4.26579519e+04  1.03848242e+01  4.26579519e+04  9.29449783e+01 
 4.36515832e+04  1.01881201e+01  4.36515832e+04  9.30089905e+01 
 4.46683592e+04  9.99156827e+00  4.46683592e+04  9.30744109e+01 
 4.57088190e+04  9.79517561e+00  4.57088190e+04  9.31412610e+01 
 4.67735141e+04  9.59894931e+00  4.67735141e+04  9.32095623e+01 
 4.78630092e+04  9.40289688e+00  4.78630092e+04  9.32793362e+01 
 4.89778819e+04  9.20702614e+00  4.89778819e+04  9.33506036e+01 
 5.01187234e+04  9.01134524e+00  5.01187234e+04  9.34233854e+01 
 5.12861384e+04  8.81586269e+00  5.12861384e+04  9.34977019e+01 
 5.24807460e+04  8.62058733e+00  5.24807460e+04  9.35735730e+01 
 5.37031796e+04  8.42552840e+00  5.37031796e+04  9.36510183e+01 
 5.49540874e+04  8.23069552e+00  5.49540874e+04  9.37300567e+01 
 5.62341325e+04  8.03609871e+00  5.62341325e+04  9.38107064e+01 
 5.75439937e+04  7.84174840e+00  5.75439937e+04  9.38929849e+01 
 5.88843655e+04  7.64765543e+00  5.88843655e+04  9.39769091e+01 
 6.02559586e+04  7.45383112e+00  6.02559586e+04  9.40624945e+01 
 6.16595002e+04  7.26028722e+00  6.16595002e+04  9.41497560e+01 
 6.30957344e+04  7.06703595e+00  6.30957344e+04  9.42387072e+01 
 6.45654229e+04  6.87409002e+00  6.45654229e+04  9.43293604e+01 
 6.60693448e+04  6.68146266e+00  6.60693448e+04  9.44217265e+01 
 6.76082975e+04  6.48916759e+00  6.76082975e+04  9.45158151e+01 
 6.91830971e+04  6.29721907e+00  6.91830971e+04  9.46116337e+01 
 7.07945784e+04  6.10563191e+00  7.07945784e+04  9.47091884e+01 
 7.24435960e+04  5.91442147e+00  7.24435960e+04  9.48084830e+01 
 7.41310241e+04  5.72360371e+00  7.41310241e+04  9.49095195e+01 
 7.58577575e+04  5.53319516e+00  7.58577575e+04  9.50122971e+01 
 7.76247117e+04  5.34321295e+00  7.76247117e+04  9.51168128e+01 
 7.94328235e+04  5.15367483e+00  7.94328235e+04  9.52230607e+01 
 8.12830516e+04  4.96459921e+00  8.12830516e+04  9.53310322e+01 
 8.31763771e+04  4.77600509e+00  8.31763771e+04  9.54407152e+01 
 8.51138038e+04  4.58791217e+00  8.51138038e+04  9.55520944e+01 
 8.70963590e+04  4.40034080e+00  8.70963590e+04  9.56651507e+01 
 8.91250938e+04  4.21331201e+00  8.91250938e+04  9.57798614e+01 
 9.12010839e+04  4.02684750e+00  9.12010839e+04  9.58961992e+01 
 9.33254301e+04  3.84096968e+00  9.33254301e+04  9.60141325e+01 
 9.54992586e+04  3.65570165e+00  9.54992586e+04  9.61336252e+01 
 9.77237221e+04  3.47106721e+00  9.77237221e+04  9.62546356e+01 
 1.00000000e+05  3.28709088e+00  1.00000000e+05  9.63771172e+01 
 1.02329299e+05  3.10379789e+00  1.02329299e+05  9.65010172e+01 
 1.04712855e+05  2.92121414e+00  1.04712855e+05  9.66262772e+01 
 1.07151931e+05  2.73936628e+00  1.07151931e+05  9.67528322e+01 
 1.09647820e+05  2.55828164e+00  1.09647820e+05  9.68806103e+01 
 1.12201845e+05  2.37798822e+00  1.12201845e+05  9.70095326e+01 
 1.14815362e+05  2.19851473e+00  1.14815362e+05  9.71395126e+01 
 1.17489755e+05  2.01989052e+00  1.17489755e+05  9.72704559e+01 
 1.20226443e+05  1.84214560e+00  1.20226443e+05  9.74022596e+01 
 1.23026877e+05  1.66531061e+00  1.23026877e+05  9.75348123e+01 
 1.25892541e+05  1.48941679e+00  1.25892541e+05  9.76679933e+01 
 1.28824955e+05  1.31449592e+00  1.28824955e+05  9.78016722e+01 
 1.31825674e+05  1.14058037e+00  1.31825674e+05  9.79357088e+01 
 1.34896288e+05  9.67702987e-01  1.34896288e+05  9.80699522e+01 
 1.38038426e+05  7.95897077e-01  1.38038426e+05  9.82042410e+01 
 1.41253754e+05  6.25196373e-01  1.41253754e+05  9.83384022e+01 
 1.44543977e+05  4.55634968e-01  1.44543977e+05  9.84722513e+01 
 1.47910839e+05  2.87247266e-01  1.47910839e+05  9.86055916e+01 
 1.51356125e+05  1.20067922e-01  1.51356125e+05  9.87382140e+01 
 1.54881662e+05 -4.58682280e-02  1.54881662e+05  9.88698964e+01 
 1.58489319e+05 -2.10526232e-01  1.58489319e+05  9.90004037e+01 
 1.62181010e+05 -3.73871103e-01  1.62181010e+05  9.91294869e+01 
 1.65958691e+05 -5.35867895e-01  1.65958691e+05  9.92568833e+01 
 1.69824365e+05 -6.96481792e-01  1.69824365e+05  9.93823160e+01 
 1.73780083e+05 -8.55678199e-01  1.73780083e+05  9.95054935e+01 
 1.77827941e+05 -1.01342283e+00  1.77827941e+05  9.96261096e+01 
 1.81970086e+05 -1.16968183e+00  1.81970086e+05  9.97438434e+01 
 1.86208714e+05 -1.32442185e+00  1.86208714e+05  9.98583585e+01 
 1.90546072e+05 -1.47761016e+00  1.90546072e+05  9.99693038e+01 
 1.94984460e+05 -1.62921480e+00  1.94984460e+05  1.00076313e+02 
 1.99526231e+05 -1.77920462e+00  1.99526231e+05  1.00179003e+02 
 2.04173794e+05 -1.92754948e+00  2.04173794e+05  1.00276978e+02 
 2.08929613e+05 -2.07422032e+00  2.08929613e+05  1.00369825e+02 
 2.13796209e+05 -2.21918928e+00  2.13796209e+05  1.00457117e+02 
 2.18776162e+05 -2.36242984e+00  2.18776162e+05  1.00538412e+02 
 2.23872114e+05 -2.50391693e+00  2.23872114e+05  1.00613253e+02 
 2.29086765e+05 -2.64362707e+00  2.29086765e+05  1.00681169e+02 
 2.34422882e+05 -2.78153846e+00  2.34422882e+05  1.00741675e+02 
 2.39883292e+05 -2.91763113e+00  2.39883292e+05  1.00794275e+02 
 2.45470892e+05 -3.05188702e+00  2.45470892e+05  1.00838456e+02 
 2.51188643e+05 -3.18429012e+00  2.51188643e+05  1.00873696e+02 
 2.57039578e+05 -3.31482657e+00  2.57039578e+05  1.00899461e+02 
 2.63026799e+05 -3.44348475e+00  2.63026799e+05  1.00915205e+02 
 2.69153480e+05 -3.57025537e+00  2.69153480e+05  1.00920373e+02 
 2.75422870e+05 -3.69513159e+00  2.75422870e+05  1.00914401e+02 
 2.81838293e+05 -3.81810906e+00  2.81838293e+05  1.00896715e+02 
 2.88403150e+05 -3.93918601e+00  2.88403150e+05  1.00866738e+02 
 2.95120923e+05 -4.05836331e+00  2.95120923e+05  1.00823882e+02 
 3.01995172e+05 -4.17564452e+00  3.01995172e+05  1.00767556e+02 
 3.09029543e+05 -4.29103594e+00  3.09029543e+05  1.00697166e+02 
 3.16227766e+05 -4.40454661e+00  3.16227766e+05  1.00612113e+02 
 3.23593657e+05 -4.51618836e+00  3.23593657e+05  1.00511799e+02 
 3.31131121e+05 -4.62597579e+00  3.31131121e+05  1.00395622e+02 
 3.38844156e+05 -4.73392629e+00  3.38844156e+05  1.00262983e+02 
 3.46736850e+05 -4.84006002e+00  3.46736850e+05  1.00113286e+02 
 3.54813389e+05 -4.94439985e+00  3.54813389e+05  9.99459360e+01 
 3.63078055e+05 -5.04697135e+00  3.63078055e+05  9.97603435e+01 
 3.71535229e+05 -5.14780270e+00  3.71535229e+05  9.95559247e+01 
 3.80189396e+05 -5.24692469e+00  3.80189396e+05  9.93321030e+01 
 3.89045145e+05 -5.34437057e+00  3.89045145e+05  9.90883095e+01 
 3.98107171e+05 -5.44017599e+00  3.98107171e+05  9.88239851e+01 
 4.07380278e+05 -5.53437893e+00  4.07380278e+05  9.85385811e+01 
 4.16869383e+05 -5.62701955e+00  4.16869383e+05  9.82315604e+01 
 4.26579519e+05 -5.71814008e+00  4.26579519e+05  9.79023990e+01 
 4.36515832e+05 -5.80778473e+00  4.36515832e+05  9.75505864e+01 
 4.46683592e+05 -5.89599951e+00  4.46683592e+05  9.71756272e+01 
 4.57088190e+05 -5.98283212e+00  4.57088190e+05  9.67770415e+01 
 4.67735141e+05 -6.06833179e+00  4.67735141e+05  9.63543665e+01 
 4.78630092e+05 -6.15254916e+00  4.78630092e+05  9.59071566e+01 
 4.89778819e+05 -6.23553608e+00  4.89778819e+05  9.54349849e+01 
 5.01187234e+05 -6.31734549e+00  5.01187234e+05  9.49374432e+01 
 5.12861384e+05 -6.39803123e+00  5.12861384e+05  9.44141433e+01 
 5.24807460e+05 -6.47764793e+00  5.24807460e+05  9.38647173e+01 
 5.37031796e+05 -6.55625082e+00  5.37031796e+05  9.32888180e+01 
 5.49540874e+05 -6.63389555e+00  5.49540874e+05  9.26861199e+01 
 5.62341325e+05 -6.71063811e+00  5.62341325e+05  9.20563189e+01 
 5.75439937e+05 -6.78653459e+00  5.75439937e+05  9.13991332e+01 
 5.88843655e+05 -6.86164113e+00  5.88843655e+05  9.07143033e+01 
 6.02559586e+05 -6.93601369e+00  6.02559586e+05  9.00015924e+01 
 6.16595002e+05 -7.00970802e+00  6.16595002e+05  8.92607863e+01 
 6.30957344e+05 -7.08277945e+00  6.30957344e+05  8.84916937e+01 
 6.45654229e+05 -7.15528282e+00  6.45654229e+05  8.76941462e+01 
 6.60693448e+05 -7.22727240e+00  6.60693448e+05  8.68679982e+01 
 6.76082975e+05 -7.29880177e+00  6.76082975e+05  8.60131268e+01 
 6.91830971e+05 -7.36992376e+00  6.91830971e+05  8.51294318e+01 
 7.07945784e+05 -7.44069038e+00  7.07945784e+05  8.42168354e+01 
 7.24435960e+05 -7.51115282e+00  7.24435960e+05  8.32752822e+01 
 7.41310241e+05 -7.58136137e+00  7.41310241e+05  8.23047387e+01 
 7.58577575e+05 -7.65136543e+00  7.58577575e+05  8.13051928e+01 
 7.76247117e+05 -7.72121354e+00  7.76247117e+05  8.02766543e+01 
 7.94328235e+05 -7.79095340e+00  7.94328235e+05  7.92191536e+01 
 8.12830516e+05 -7.86063190e+00  8.12830516e+05  7.81327422e+01 
 8.31763771e+05 -7.93029522e+00  8.31763771e+05  7.70174915e+01 
 8.51138038e+05 -7.99998889e+00  8.51138038e+05  7.58734933e+01 
 8.70963590e+05 -8.06975793e+00  8.70963590e+05  7.47008589e+01 
 8.91250938e+05 -8.13964695e+00  8.91250938e+05  7.34997190e+01 
 9.12010839e+05 -8.20970036e+00  9.12010839e+05  7.22702234e+01 
 9.33254301e+05 -8.27996245e+00  9.33254301e+05  7.10125408e+01 
 9.54992586e+05 -8.35047768e+00  9.54992586e+05  6.97268583e+01 
 9.77237221e+05 -8.42129081e+00  9.77237221e+05  6.84133820e+01 
 1.00000000e+06 -8.49244717e+00  1.00000000e+06  6.70723361e+01 
 1.02329299e+06 -8.56399289e+00  1.02329299e+06  6.57039637e+01 
 1.04712855e+06 -8.63597513e+00  1.04712855e+06  6.43085264e+01 
 1.07151931e+06 -8.70844235e+00  1.07151931e+06  6.28863048e+01 
 1.09647820e+06 -8.78144459e+00  1.09647820e+06  6.14375988e+01 
 1.12201845e+06 -8.85503374e+00  1.12201845e+06  5.99627282e+01 
 1.14815362e+06 -8.92926376e+00  1.14815362e+06  5.84620332e+01 
 1.17489755e+06 -9.00419102e+00  1.17489755e+06  5.69358750e+01 
 1.20226443e+06 -9.07987449e+00  1.20226443e+06  5.53846371e+01 
 1.23026877e+06 -9.15637600e+00  1.23026877e+06  5.38087261e+01 
 1.25892541e+06 -9.23376048e+00  1.25892541e+06  5.22085727e+01 
 1.28824955e+06 -9.31209613e+00  1.28824955e+06  5.05846334e+01 
 1.31825674e+06 -9.39145460e+00  1.31825674e+06  4.89373913e+01 
 1.34896288e+06 -9.47191115e+00  1.34896288e+06  4.72673585e+01 
 1.38038426e+06 -9.55354468e+00  1.38038426e+06  4.55750770e+01 
 1.41253754e+06 -9.63643787e+00  1.41253754e+06  4.38611205e+01 
 1.44543977e+06 -9.72067711e+00  1.44543977e+06  4.21260965e+01 
 1.47910839e+06 -9.80635249e+00  1.47910839e+06  4.03706477e+01 
 1.51356125e+06 -9.89355769e+00  1.51356125e+06  3.85954539e+01 
 1.54881662e+06 -9.98238981e+00  1.54881662e+06  3.68012336e+01 
 1.58489319e+06 -1.00729492e+01  1.58489319e+06  3.49887459e+01 
 1.62181010e+06 -1.01653391e+01  1.62181010e+06  3.31587915e+01 
 1.65958691e+06 -1.02596653e+01  1.65958691e+06  3.13122146e+01 
 1.69824365e+06 -1.03560359e+01  1.69824365e+06  2.94499033e+01 
 1.73780083e+06 -1.04545607e+01  1.73780083e+06  2.75727912e+01 
 1.77827941e+06 -1.05553506e+01  1.77827941e+06  2.56818576e+01 
 1.81970086e+06 -1.06585176e+01  1.81970086e+06  2.37781278e+01 
 1.86208714e+06 -1.07641733e+01  1.86208714e+06  2.18626732e+01 
 1.90546072e+06 -1.08724293e+01  1.90546072e+06  1.99366107e+01 
 1.94984460e+06 -1.09833958e+01  1.94984460e+06  1.80011020e+01 
 1.99526231e+06 -1.10971812e+01  1.99526231e+06  1.60573525e+01 
 2.04173794e+06 -1.12138918e+01  2.04173794e+06  1.41066101e+01 
 2.08929613e+06 -1.13336306e+01  2.08929613e+06  1.21501629e+01 
 2.13796209e+06 -1.14564970e+01  2.13796209e+06  1.01893376e+01 
 2.18776162e+06 -1.15825863e+01  2.18776162e+06  8.22549712e+00 
 2.23872114e+06 -1.17119886e+01  2.23872114e+06  6.26003821e+00 
 2.29086765e+06 -1.18447891e+01  2.29086765e+06  4.29438895e+00 
 2.34422882e+06 -1.19810667e+01  2.34422882e+06  2.33000631e+00 
 2.39883292e+06 -1.21208941e+01  2.39883292e+06  3.68373695e-01 
 2.45470892e+06 -1.22643372e+01  2.45470892e+06 -1.58900124e+00 
 2.51188643e+06 -1.24114546e+01  2.51188643e+06 -3.54058870e+00 
 2.57039578e+06 -1.25622970e+01  2.57039578e+06 -5.48483849e+00 
 2.63026799e+06 -1.27169070e+01  2.63026799e+06 -7.42018148e+00 
 2.69153480e+06 -1.28753185e+01  2.69153480e+06 -9.34503084e+00 
 2.75422870e+06 -1.30375560e+01  2.75422870e+06 -1.12577829e+01 
 2.81838293e+06 -1.32036341e+01  2.81838293e+06 -1.31568180e+01 
 2.88403150e+06 -1.33735568e+01  2.88403150e+06 -1.50405010e+01 
 2.95120923e+06 -1.35473162e+01  2.95120923e+06 -1.69071822e+01 
 3.01995172e+06 -1.37248920e+01  3.01995172e+06 -1.87551987e+01 
 3.09029543e+06 -1.39062501e+01  3.09029543e+06 -2.05828759e+01 
 3.16227766e+06 -1.40913414e+01  3.16227766e+06 -2.23885303e+01 
 3.23593657e+06 -1.42800999e+01  3.23593657e+06 -2.41704740e+01 
 3.31131121e+06 -1.44724418e+01  3.31131121e+06 -2.59270200e+01 
 3.38844156e+06 -1.46682634e+01  3.38844156e+06 -2.76564907e+01 
 3.46736850e+06 -1.48674397e+01  3.46736850e+06 -2.93572279e+01 
 3.54813389e+06 -1.50698225e+01  3.54813389e+06 -3.10276063e+01 
 3.63078055e+06 -1.52752395e+01  3.63078055e+06 -3.26660495e+01 
 3.71535229e+06 -1.54834928e+01  3.71535229e+06 -3.42710489e+01 
 3.80189396e+06 -1.56943584e+01  3.80189396e+06 -3.58411858e+01 
 3.89045145e+06 -1.59075860e+01  3.89045145e+06 -3.73751558e+01 
 3.98107171e+06 -1.61228995e+01  3.98107171e+06 -3.88717947e+01 
 4.07380278e+06 -1.63399984e+01  4.07380278e+06 -4.03301057e+01 
 4.16869383e+06 -1.65585595e+01  4.16869383e+06 -4.17492868e+01 
 4.26579519e+06 -1.67782405e+01  4.26579519e+06 -4.31287560e+01 
 4.36515832e+06 -1.69986834e+01  4.36515832e+06 -4.44681748e+01 
 4.46683592e+06 -1.72195190e+01  4.46683592e+06 -4.57674667e+01 
 4.57088190e+06 -1.74403727e+01  4.57088190e+06 -4.70268310e+01 
 4.67735141e+06 -1.76608700e+01  4.67735141e+06 -4.82467500e+01 
 4.78630092e+06 -1.78806426e+01  4.78630092e+06 -4.94279887e+01 
 4.89778819e+06 -1.80993343e+01  4.89778819e+06 -5.05715869e+01 
 5.01187234e+06 -1.83166072e+01  5.01187234e+06 -5.16788442e+01 
 5.12861384e+06 -1.85321468e+01  5.12861384e+06 -5.27512975e+01 
 5.24807460e+06 -1.87456665e+01  5.24807460e+06 -5.37906922e+01 
 5.37031796e+06 -1.89569114e+01  5.37031796e+06 -5.47989491e+01 
 5.49540874e+06 -1.91656610e+01  5.49540874e+06 -5.57781279e+01 
 5.62341325e+06 -1.93717306e+01  5.62341325e+06 -5.67303884e+01 
 5.75439937e+06 -1.95749716e+01  5.75439937e+06 -5.76579524e+01 
 5.88843655e+06 -1.97752714e+01  5.88843655e+06 -5.85630673e+01 
 6.02559586e+06 -1.99725511e+01  6.02559586e+06 -5.94479714e+01 
 6.16595002e+06 -2.01667638e+01  6.16595002e+06 -6.03148645e+01 
 6.30957344e+06 -2.03578917e+01  6.30957344e+06 -6.11658824e+01 
 6.45654229e+06 -2.05459424e+01  6.45654229e+06 -6.20030760e+01 
 6.60693448e+06 -2.07309460e+01  6.60693448e+06 -6.28283960e+01 
 6.76082975e+06 -2.09129511e+01  6.76082975e+06 -6.36436823e+01 
 6.91830971e+06 -2.10920212e+01  6.91830971e+06 -6.44506581e+01 
 7.07945784e+06 -2.12682320e+01  7.07945784e+06 -6.52509270e+01 
 7.24435960e+06 -2.14416678e+01  7.24435960e+06 -6.60459746e+01 
 7.41310241e+06 -2.16124191e+01  7.41310241e+06 -6.68371721e+01 
 7.58577575e+06 -2.17805800e+01  7.58577575e+06 -6.76257822e+01 
 7.76247117e+06 -2.19462467e+01  7.76247117e+06 -6.84129661e+01 
 7.94328235e+06 -2.21095153e+01  7.94328235e+06 -6.91997918e+01 
 8.12830516e+06 -2.22704809e+01  8.12830516e+06 -6.99872428e+01 
 8.31763771e+06 -2.24292365e+01  8.31763771e+06 -7.07762265e+01 
 8.51138038e+06 -2.25858725e+01  8.51138038e+06 -7.15675830e+01 
 8.70963590e+06 -2.27404761e+01  8.70963590e+06 -7.23620929e+01 
 8.91250938e+06 -2.28931310e+01  8.91250938e+06 -7.31604844e+01 
 9.12010839e+06 -2.30439175e+01  9.12010839e+06 -7.39634405e+01 
 9.33254301e+06 -2.31929127e+01  9.33254301e+06 -7.47716045e+01 
 9.54992586e+06 -2.33401902e+01  9.54992586e+06 -7.55855849e+01 
 9.77237221e+06 -2.34858211e+01  9.77237221e+06 -7.64059600e+01 
 1.00000000e+07 -2.36298735e+01  1.00000000e+07 -7.72332807e+01 
 1.02329299e+07 -2.37724137e+01  1.02329299e+07 -7.80680739e+01 
 1.04712855e+07 -2.39135060e+01  1.04712855e+07 -7.89108439e+01 
 1.07151931e+07 -2.40532133e+01  1.07151931e+07 -7.97620737e+01 
 1.09647820e+07 -2.41915974e+01  1.09647820e+07 -8.06222260e+01 
 1.12201845e+07 -2.43287195e+01  1.12201845e+07 -8.14917432e+01 
 1.14815362e+07 -2.44646408e+01  1.14815362e+07 -8.23710471e+01 
 1.17489755e+07 -2.45994221e+01  1.17489755e+07 -8.32605382e+01 
 1.20226443e+07 -2.47331250e+01  1.20226443e+07 -8.41605945e+01 
 1.23026877e+07 -2.48658114e+01  1.23026877e+07 -8.50715702e+01 
 1.25892541e+07 -2.49975443e+01  1.25892541e+07 -8.59937941e+01 
 1.28824955e+07 -2.51283878e+01  1.28824955e+07 -8.69275676e+01 
 1.31825674e+07 -2.52584072e+01  1.31825674e+07 -8.78731626e+01 
 1.34896288e+07 -2.53876692e+01  1.34896288e+07 -8.88308194e+01 
 1.38038426e+07 -2.55162420e+01  1.38038426e+07 -8.98007442e+01 
 1.41253754e+07 -2.56441954e+01  1.41253754e+07 -9.07831068e+01 
 1.44543977e+07 -2.57716009e+01  1.44543977e+07 -9.17780381e+01 
 1.47910839e+07 -2.58985314e+01  1.47910839e+07 -9.27856275e+01 
 1.51356125e+07 -2.60250614e+01  1.51356125e+07 -9.38059208e+01 
 1.54881662e+07 -2.61512669e+01  1.54881662e+07 -9.48389172e+01 
 1.58489319e+07 -2.62772253e+01  1.58489319e+07 -9.58845672e+01 
 1.62181010e+07 -2.64030153e+01  1.62181010e+07 -9.69427704e+01 
 1.65958691e+07 -2.65287165e+01  1.65958691e+07 -9.80133729e+01 
 1.69824365e+07 -2.66544095e+01  1.69824365e+07 -9.90961653e+01 
 1.73780083e+07 -2.67801757e+01  1.73780083e+07 -1.00190881e+02 
 1.77827941e+07 -2.69060967e+01  1.77827941e+07 -1.01297194e+02 
 1.81970086e+07 -2.70322543e+01  1.81970086e+07 -1.02414717e+02 
 1.86208714e+07 -2.71587304e+01  1.86208714e+07 -1.03543001e+02 
 1.90546072e+07 -2.72856063e+01  1.90546072e+07 -1.04681533e+02 
 1.94984460e+07 -2.74129626e+01  1.94984460e+07 -1.05829735e+02 
 1.99526231e+07 -2.75408787e+01  1.99526231e+07 -1.06986963e+02 
 2.04173794e+07 -2.76694326e+01  2.04173794e+07 -1.08152508e+02 
 2.08929613e+07 -2.77987006e+01  2.08929613e+07 -1.09325594e+02 
 2.13796209e+07 -2.79287566e+01  2.13796209e+07 -1.10505377e+02 
 2.18776162e+07 -2.80596719e+01  2.18776162e+07 -1.11690948e+02 
 2.23872114e+07 -2.81915148e+01  2.23872114e+07 -1.12881334e+02 
 2.29086765e+07 -2.83243501e+01  2.29086765e+07 -1.14075494e+02 
 2.34422882e+07 -2.84582387e+01  2.34422882e+07 -1.15272325e+02 
 2.39883292e+07 -2.85932371e+01  2.39883292e+07 -1.16470661e+02 
 2.45470892e+07 -2.87293973e+01  2.45470892e+07 -1.17669276e+02 
 2.51188643e+07 -2.88667660e+01  2.51188643e+07 -1.18866886e+02 
 2.57039578e+07 -2.90053841e+01  2.57039578e+07 -1.20062151e+02 
 2.63026799e+07 -2.91452868e+01  2.63026799e+07 -1.21253677e+02 
 2.69153480e+07 -2.92865028e+01  2.69153480e+07 -1.22440022e+02 
 2.75422870e+07 -2.94290538e+01  2.75422870e+07 -1.23619695e+02 
 2.81838293e+07 -2.95729547e+01  2.81838293e+07 -1.24791166e+02 
 2.88403150e+07 -2.97182124e+01  2.88403150e+07 -1.25952861e+02 
 2.95120923e+07 -2.98648264e+01  2.95120923e+07 -1.27103176e+02 
 3.01995172e+07 -3.00127878e+01  3.01995172e+07 -1.28240475e+02 
 3.09029543e+07 -3.01620792e+01  3.09029543e+07 -1.29363095e+02 
 3.16227766e+07 -3.03126748e+01  3.16227766e+07 -1.30469357e+02 
 3.23593657e+07 -3.04645398e+01  3.23593657e+07 -1.31557561e+02 
 3.31131121e+07 -3.06176302e+01  3.31131121e+07 -1.32625999e+02 
 3.38844156e+07 -3.07718930e+01  3.38844156e+07 -1.33672959e+02 
 3.46736850e+07 -3.09272660e+01  3.46736850e+07 -1.34696725e+02 
 3.54813389e+07 -3.10836776e+01  3.54813389e+07 -1.35695589e+02 
 3.63078055e+07 -3.12410469e+01  3.63078055e+07 -1.36667851e+02 
 3.71535229e+07 -3.13992835e+01  3.71535229e+07 -1.37611825e+02 
 3.80189396e+07 -3.15582880e+01  3.80189396e+07 -1.38525844e+02 
 3.89045145e+07 -3.17179517e+01  3.89045145e+07 -1.39408265e+02 
 3.98107171e+07 -3.18781566e+01  3.98107171e+07 -1.40257472e+02 
 4.07380278e+07 -3.20387759e+01  4.07380278e+07 -1.41071878e+02 
 4.16869383e+07 -3.21996738e+01  4.16869383e+07 -1.41849933e+02 
 4.26579519e+07 -3.23607054e+01  4.26579519e+07 -1.42590119e+02 
 4.36515832e+07 -3.25217172e+01  4.36515832e+07 -1.43290963e+02 
 4.46683592e+07 -3.26825466e+01  4.46683592e+07 -1.43951030e+02 
 4.57088190e+07 -3.28430221e+01  4.57088190e+07 -1.44568928e+02 
 4.67735141e+07 -3.30029631e+01  4.67735141e+07 -1.45143312e+02 
 4.78630092e+07 -3.31621796e+01  4.78630092e+07 -1.45672881e+02 
 4.89778819e+07 -3.33204718e+01  4.89778819e+07 -1.46156383e+02 
 5.01187234e+07 -3.34776300e+01  5.01187234e+07 -1.46592616e+02 
 5.12861384e+07 -3.36334331e+01  5.12861384e+07 -1.46980427e+02 
 5.24807460e+07 -3.37876491e+01  5.24807460e+07 -1.47318721e+02 
 5.37031796e+07 -3.39400331e+01  5.37031796e+07 -1.47606457e+02 
 5.49540874e+07 -3.40903272e+01  5.49540874e+07 -1.47842658e+02 
 5.62341325e+07 -3.42382587e+01  5.62341325e+07 -1.48026417e+02 
 5.75439937e+07 -3.43835397e+01  5.75439937e+07 -1.48156901e+02 
 5.88843655e+07 -3.45258654e+01  5.88843655e+07 -1.48233367e+02 
 6.02559586e+07 -3.46649136e+01  6.02559586e+07 -1.48255169e+02 
 6.16595002e+07 -3.48003432e+01  6.16595002e+07 -1.48221775e+02 
 6.30957344e+07 -3.49317936e+01  6.30957344e+07 -1.48132789e+02 
 6.45654229e+07 -3.50588848e+01  6.45654229e+07 -1.47987965e+02 
 6.60693448e+07 -3.51812166e+01  6.60693448e+07 -1.47787232e+02 
 6.76082975e+07 -3.52983697e+01  6.76082975e+07 -1.47530726e+02 
 6.91830971e+07 -3.54099070e+01  6.91830971e+07 -1.47218808e+02 
 7.07945784e+07 -3.55153752e+01  7.07945784e+07 -1.46852102e+02 
 7.24435960e+07 -3.56143083e+01  7.24435960e+07 -1.46431518e+02 
 7.41310241e+07 -3.57062310e+01  7.41310241e+07 -1.45958285e+02 
 7.58577575e+07 -3.57906642e+01  7.58577575e+07 -1.45433977e+02 
 7.76247117e+07 -3.58671307e+01  7.76247117e+07 -1.44860534e+02 
 7.94328235e+07 -3.59351628e+01  7.94328235e+07 -1.44240282e+02 
 8.12830516e+07 -3.59943096e+01  8.12830516e+07 -1.43575941e+02 
 8.31763771e+07 -3.60441467e+01  8.31763771e+07 -1.42870630e+02 
 8.51138038e+07 -3.60842844e+01  8.51138038e+07 -1.42127854e+02 
 8.70963590e+07 -3.61143779e+01  8.70963590e+07 -1.41351488e+02 
 8.91250938e+07 -3.61341361e+01  8.91250938e+07 -1.40545741e+02 
 9.12010839e+07 -3.61433303e+01  9.12010839e+07 -1.39715114e+02 
 9.33254301e+07 -3.61418016e+01  9.33254301e+07 -1.38864343e+02 
 9.54992586e+07 -3.61294668e+01  9.54992586e+07 -1.37998333e+02 
 9.77237221e+07 -3.61063229e+01  9.77237221e+07 -1.37122086e+02 
 1.00000000e+08 -3.60724491e+01  1.00000000e+08 -1.36240620e+02 
