 1.00000000e+00  8.14846656e+01  1.00000000e+00  1.78384740e+02 
 1.02329299e+00  8.14842751e+01  1.02329299e+00  1.78350535e+02 
 1.04712855e+00  8.14838850e+01  1.04712855e+00  1.78315515e+02 
 1.07151931e+00  8.14834947e+01  1.07151931e+00  1.78279660e+02 
 1.09647820e+00  8.14831040e+01  1.09647820e+00  1.78242946e+02 
 1.12201845e+00  8.14827125e+01  1.12201845e+00  1.78205354e+02 
 1.14815362e+00  8.14823196e+01  1.14815362e+00  1.78166860e+02 
 1.17489755e+00  8.14819249e+01  1.17489755e+00  1.78127443e+02 
 1.20226443e+00  8.14815279e+01  1.20226443e+00  1.78087079e+02 
 1.23026877e+00  8.14811281e+01  1.23026877e+00  1.78045745e+02 
 1.25892541e+00  8.14807249e+01  1.25892541e+00  1.78003418e+02 
 1.28824955e+00  8.14803178e+01  1.28824955e+00  1.77960072e+02 
 1.31825674e+00  8.14799062e+01  1.31825674e+00  1.77915685e+02 
 1.34896288e+00  8.14794893e+01  1.34896288e+00  1.77870229e+02 
 1.38038426e+00  8.14790667e+01  1.38038426e+00  1.77823680e+02 
 1.41253754e+00  8.14786375e+01  1.41253754e+00  1.77776012e+02 
 1.44543977e+00  8.14782011e+01  1.44543977e+00  1.77727198e+02 
 1.47910839e+00  8.14777567e+01  1.47910839e+00  1.77677210e+02 
 1.51356125e+00  8.14773035e+01  1.51356125e+00  1.77626022e+02 
 1.54881662e+00  8.14768409e+01  1.54881662e+00  1.77573605e+02 
 1.58489319e+00  8.14763678e+01  1.58489319e+00  1.77519930e+02 
 1.62181010e+00  8.14758836e+01  1.62181010e+00  1.77464968e+02 
 1.65958691e+00  8.14753871e+01  1.65958691e+00  1.77408688e+02 
 1.69824365e+00  8.14748777e+01  1.69824365e+00  1.77351061e+02 
 1.73780083e+00  8.14743541e+01  1.73780083e+00  1.77292055e+02 
 1.77827941e+00  8.14738156e+01  1.77827941e+00  1.77231639e+02 
 1.81970086e+00  8.14732609e+01  1.81970086e+00  1.77169779e+02 
 1.86208714e+00  8.14726891e+01  1.86208714e+00  1.77106443e+02 
 1.90546072e+00  8.14720990e+01  1.90546072e+00  1.77041596e+02 
 1.94984460e+00  8.14714894e+01  1.94984460e+00  1.76975205e+02 
 1.99526231e+00  8.14708591e+01  1.99526231e+00  1.76907233e+02 
 2.04173794e+00  8.14702068e+01  2.04173794e+00  1.76837646e+02 
 2.08929613e+00  8.14695313e+01  2.08929613e+00  1.76766405e+02 
 2.13796209e+00  8.14688311e+01  2.13796209e+00  1.76693474e+02 
 2.18776162e+00  8.14681048e+01  2.18776162e+00  1.76618814e+02 
 2.23872114e+00  8.14673510e+01  2.23872114e+00  1.76542386e+02 
 2.29086765e+00  8.14665681e+01  2.29086765e+00  1.76464150e+02 
 2.34422882e+00  8.14657545e+01  2.34422882e+00  1.76384065e+02 
 2.39883292e+00  8.14649085e+01  2.39883292e+00  1.76302089e+02 
 2.45470892e+00  8.14640284e+01  2.45470892e+00  1.76218180e+02 
 2.51188643e+00  8.14631123e+01  2.51188643e+00  1.76132294e+02 
 2.57039578e+00  8.14621584e+01  2.57039578e+00  1.76044387e+02 
 2.63026799e+00  8.14611647e+01  2.63026799e+00  1.75954413e+02 
 2.69153480e+00  8.14601291e+01  2.69153480e+00  1.75862325e+02 
 2.75422870e+00  8.14590494e+01  2.75422870e+00  1.75768078e+02 
 2.81838293e+00  8.14579235e+01  2.81838293e+00  1.75671622e+02 
 2.88403150e+00  8.14567490e+01  2.88403150e+00  1.75572907e+02 
 2.95120923e+00  8.14555235e+01  2.95120923e+00  1.75471885e+02 
 3.01995172e+00  8.14542443e+01  3.01995172e+00  1.75368503e+02 
 3.09029543e+00  8.14529090e+01  3.09029543e+00  1.75262708e+02 
 3.16227766e+00  8.14515146e+01  3.16227766e+00  1.75154448e+02 
 3.23593657e+00  8.14500583e+01  3.23593657e+00  1.75043668e+02 
 3.31131121e+00  8.14485371e+01  3.31131121e+00  1.74930311e+02 
 3.38844156e+00  8.14469478e+01  3.38844156e+00  1.74814322e+02 
 3.46736850e+00  8.14452871e+01  3.46736850e+00  1.74695642e+02 
 3.54813389e+00  8.14435517e+01  3.54813389e+00  1.74574212e+02 
 3.63078055e+00  8.14417378e+01  3.63078055e+00  1.74449971e+02 
 3.71535229e+00  8.14398418e+01  3.71535229e+00  1.74322859e+02 
 3.80189396e+00  8.14378597e+01  3.80189396e+00  1.74192812e+02 
 3.89045145e+00  8.14357875e+01  3.89045145e+00  1.74059767e+02 
 3.98107171e+00  8.14336208e+01  3.98107171e+00  1.73923658e+02 
 4.07380278e+00  8.14313553e+01  4.07380278e+00  1.73784419e+02 
 4.16869383e+00  8.14289862e+01  4.16869383e+00  1.73641983e+02 
 4.26579519e+00  8.14265088e+01  4.26579519e+00  1.73496281e+02 
 4.36515832e+00  8.14239178e+01  4.36515832e+00  1.73347243e+02 
 4.46683592e+00  8.14212081e+01  4.46683592e+00  1.73194797e+02 
 4.57088190e+00  8.14183741e+01  4.57088190e+00  1.73038871e+02 
 4.67735141e+00  8.14154100e+01  4.67735141e+00  1.72879391e+02 
 4.78630092e+00  8.14123098e+01  4.78630092e+00  1.72716282e+02 
 4.89778819e+00  8.14090672e+01  4.89778819e+00  1.72549467e+02 
 5.01187234e+00  8.14056756e+01  5.01187234e+00  1.72378870e+02 
 5.12861384e+00  8.14021281e+01  5.12861384e+00  1.72204411e+02 
 5.24807460e+00  8.13984176e+01  5.24807460e+00  1.72026010e+02 
 5.37031796e+00  8.13945366e+01  5.37031796e+00  1.71843587e+02 
 5.49540874e+00  8.13904773e+01  5.49540874e+00  1.71657057e+02 
 5.62341325e+00  8.13862316e+01  5.62341325e+00  1.71466339e+02 
 5.75439937e+00  8.13817910e+01  5.75439937e+00  1.71271347e+02 
 5.88843655e+00  8.13771466e+01  5.88843655e+00  1.71071994e+02 
 6.02559586e+00  8.13722893e+01  6.02559586e+00  1.70868195e+02 
 6.16595002e+00  8.13672093e+01  6.16595002e+00  1.70659860e+02 
 6.30957344e+00  8.13618967e+01  6.30957344e+00  1.70446902e+02 
 6.45654229e+00  8.13563410e+01  6.45654229e+00  1.70229228e+02 
 6.60693448e+00  8.13505312e+01  6.60693448e+00  1.70006749e+02 
 6.76082975e+00  8.13444562e+01  6.76082975e+00  1.69779373e+02 
 6.91830971e+00  8.13381040e+01  6.91830971e+00  1.69547005e+02 
 7.07945784e+00  8.13314623e+01  7.07945784e+00  1.69309554e+02 
 7.24435960e+00  8.13245183e+01  7.24435960e+00  1.69066924e+02 
 7.41310241e+00  8.13172587e+01  7.41310241e+00  1.68819021e+02 
 7.58577575e+00  8.13096696e+01  7.58577575e+00  1.68565749e+02 
 7.76247117e+00  8.13017366e+01  7.76247117e+00  1.68307012e+02 
 7.94328235e+00  8.12934446e+01  7.94328235e+00  1.68042714e+02 
 8.12830516e+00  8.12847780e+01  8.12830516e+00  1.67772759e+02 
 8.31763771e+00  8.12757206e+01  8.31763771e+00  1.67497049e+02 
 8.51138038e+00  8.12662557e+01  8.51138038e+00  1.67215488e+02 
 8.70963590e+00  8.12563656e+01  8.70963590e+00  1.66927981e+02 
 8.91250938e+00  8.12460322e+01  8.91250938e+00  1.66634429e+02 
 9.12010839e+00  8.12352367e+01  9.12010839e+00  1.66334739e+02 
 9.33254301e+00  8.12239595e+01  9.33254301e+00  1.66028814e+02 
 9.54992586e+00  8.12121804e+01  9.54992586e+00  1.65716561e+02 
 9.77237221e+00  8.11998783e+01  9.77237221e+00  1.65397886e+02 
 1.00000000e+01  8.11870316e+01  1.00000000e+01  1.65072697e+02 
 1.02329299e+01  8.11736176e+01  1.02329299e+01  1.64740904e+02 
 1.04712855e+01  8.11596132e+01  1.04712855e+01  1.64402416e+02 
 1.07151931e+01  8.11449943e+01  1.07151931e+01  1.64057148e+02 
 1.09647820e+01  8.11297358e+01  1.09647820e+01  1.63705014e+02 
 1.12201845e+01  8.11138122e+01  1.12201845e+01  1.63345931e+02 
 1.14815362e+01  8.10971970e+01  1.14815362e+01  1.62979820e+02 
 1.17489755e+01  8.10798627e+01  1.17489755e+01  1.62606603e+02 
 1.20226443e+01  8.10617812e+01  1.20226443e+01  1.62226206e+02 
 1.23026877e+01  8.10429234e+01  1.23026877e+01  1.61838560e+02 
 1.25892541e+01  8.10232594e+01  1.25892541e+01  1.61443598e+02 
 1.28824955e+01  8.10027586e+01  1.28824955e+01  1.61041259e+02 
 1.31825674e+01  8.09813894e+01  1.31825674e+01  1.60631484e+02 
 1.34896288e+01  8.09591194e+01  1.34896288e+01  1.60214222e+02 
 1.38038426e+01  8.09359153e+01  1.38038426e+01  1.59789425e+02 
 1.41253754e+01  8.09117432e+01  1.41253754e+01  1.59357053e+02 
 1.44543977e+01  8.08865682e+01  1.44543977e+01  1.58917069e+02 
 1.47910839e+01  8.08603547e+01  1.47910839e+01  1.58469447e+02 
 1.51356125e+01  8.08330665e+01  1.51356125e+01  1.58014164e+02 
 1.54881662e+01  8.08046665e+01  1.54881662e+01  1.57551205e+02 
 1.58489319e+01  8.07751169e+01  1.58489319e+01  1.57080565e+02 
 1.62181010e+01  8.07443793e+01  1.62181010e+01  1.56602246e+02 
 1.65958691e+01  8.07124148e+01  1.65958691e+01  1.56116257e+02 
 1.69824365e+01  8.06791839e+01  1.69824365e+01  1.55622619e+02 
 1.73780083e+01  8.06446464e+01  1.73780083e+01  1.55121360e+02 
 1.77827941e+01  8.06087619e+01  1.77827941e+01  1.54612519e+02 
 1.81970086e+01  8.05714895e+01  1.81970086e+01  1.54096145e+02 
 1.86208714e+01  8.05327881e+01  1.86208714e+01  1.53572297e+02 
 1.90546072e+01  8.04926161e+01  1.90546072e+01  1.53041047e+02 
 1.94984460e+01  8.04509321e+01  1.94984460e+01  1.52502475e+02 
 1.99526231e+01  8.04076943e+01  1.99526231e+01  1.51956676e+02 
 2.04173794e+01  8.03628611e+01  2.04173794e+01  1.51403754e+02 
 2.08929613e+01  8.03163910e+01  2.08929613e+01  1.50843827e+02 
 2.13796209e+01  8.02682426e+01  2.13796209e+01  1.50277024e+02 
 2.18776162e+01  8.02183750e+01  2.18776162e+01  1.49703487e+02 
 2.23872114e+01  8.01667474e+01  2.23872114e+01  1.49123371e+02 
 2.29086765e+01  8.01133200e+01  2.29086765e+01  1.48536843e+02 
 2.34422882e+01  8.00580532e+01  2.34422882e+01  1.47944083e+02 
 2.39883292e+01  8.00009083e+01  2.39883292e+01  1.47345283e+02 
 2.45470892e+01  7.99418477e+01  2.45470892e+01  1.46740650e+02 
 2.51188643e+01  7.98808345e+01  2.51188643e+01  1.46130400e+02 
 2.57039578e+01  7.98178331e+01  2.57039578e+01  1.45514764e+02 
 2.63026799e+01  7.97528090e+01  2.63026799e+01  1.44893984e+02 
 2.69153480e+01  7.96857292e+01  2.69153480e+01  1.44268313e+02 
 2.75422870e+01  7.96165621e+01  2.75422870e+01  1.43638017e+02 
 2.81838293e+01  7.95452776e+01  2.81838293e+01  1.43003372e+02 
 2.88403150e+01  7.94718476e+01  2.88403150e+01  1.42364664e+02 
 2.95120923e+01  7.93962456e+01  2.95120923e+01  1.41722190e+02 
 3.01995172e+01  7.93184469e+01  3.01995172e+01  1.41076255e+02 
 3.09029543e+01  7.92384290e+01  3.09029543e+01  1.40427175e+02 
 3.16227766e+01  7.91561714e+01  3.16227766e+01  1.39775271e+02 
 3.23593657e+01  7.90716559e+01  3.23593657e+01  1.39120873e+02 
 3.31131121e+01  7.89848665e+01  3.31131121e+01  1.38464318e+02 
 3.38844156e+01  7.88957894e+01  3.38844156e+01  1.37805946e+02 
 3.46736850e+01  7.88044133e+01  3.46736850e+01  1.37146104e+02 
 3.54813389e+01  7.87107292e+01  3.54813389e+01  1.36485142e+02 
 3.63078055e+01  7.86147309e+01  3.63078055e+01  1.35823413e+02 
 3.71535229e+01  7.85164142e+01  3.71535229e+01  1.35161271e+02 
 3.80189396e+01  7.84157777e+01  3.80189396e+01  1.34499073e+02 
 3.89045145e+01  7.83128225e+01  3.89045145e+01  1.33837174e+02 
 3.98107171e+01  7.82075521e+01  3.98107171e+01  1.33175928e+02 
 4.07380278e+01  7.80999726e+01  4.07380278e+01  1.32515689e+02 
 4.16869383e+01  7.79900923e+01  4.16869383e+01  1.31856806e+02 
 4.26579519e+01  7.78779223e+01  4.26579519e+01  1.31199627e+02 
 4.36515832e+01  7.77634756e+01  4.36515832e+01  1.30544492e+02 
 4.46683592e+01  7.76467680e+01  4.46683592e+01  1.29891737e+02 
 4.57088190e+01  7.75278173e+01  4.57088190e+01  1.29241692e+02 
 4.67735141e+01  7.74066433e+01  4.67735141e+01  1.28594680e+02 
 4.78630092e+01  7.72832682e+01  4.78630092e+01  1.27951015e+02 
 4.89778819e+01  7.71577160e+01  4.89778819e+01  1.27311003e+02 
 5.01187234e+01  7.70300128e+01  5.01187234e+01  1.26674942e+02 
 5.12861384e+01  7.69001862e+01  5.12861384e+01  1.26043118e+02 
 5.24807460e+01  7.67682657e+01  5.24807460e+01  1.25415808e+02 
 5.37031796e+01  7.66342823e+01  5.37031796e+01  1.24793279e+02 
 5.49540874e+01  7.64982687e+01  5.49540874e+01  1.24175784e+02 
 5.62341325e+01  7.63602585e+01  5.62341325e+01  1.23563567e+02 
 5.75439937e+01  7.62202870e+01  5.75439937e+01  1.22956859e+02 
 5.88843655e+01  7.60783903e+01  5.88843655e+01  1.22355880e+02 
 6.02559586e+01  7.59346057e+01  6.02559586e+01  1.21760836e+02 
 6.16595002e+01  7.57889712e+01  6.16595002e+01  1.21171923e+02 
 6.30957344e+01  7.56415258e+01  6.30957344e+01  1.20589321e+02 
 6.45654229e+01  7.54923090e+01  6.45654229e+01  1.20013200e+02 
 6.60693448e+01  7.53413609e+01  6.60693448e+01  1.19443718e+02 
 6.76082975e+01  7.51887220e+01  6.76082975e+01  1.18881020e+02 
 6.91830971e+01  7.50344330e+01  6.91830971e+01  1.18325237e+02 
 7.07945784e+01  7.48785352e+01  7.07945784e+01  1.17776489e+02 
 7.24435960e+01  7.47210697e+01  7.24435960e+01  1.17234886e+02 
 7.41310241e+01  7.45620777e+01  7.41310241e+01  1.16700523e+02 
 7.58577575e+01  7.44016005e+01  7.58577575e+01  1.16173487e+02 
 7.76247117e+01  7.42396791e+01  7.76247117e+01  1.15653850e+02 
 7.94328235e+01  7.40763545e+01  7.94328235e+01  1.15141677e+02 
 8.12830516e+01  7.39116670e+01  8.12830516e+01  1.14637019e+02 
 8.31763771e+01  7.37456571e+01  8.31763771e+01  1.14139920e+02 
 8.51138038e+01  7.35783645e+01  8.51138038e+01  1.13650413e+02 
 8.70963590e+01  7.34098286e+01  8.70963590e+01  1.13168520e+02 
 8.91250938e+01  7.32400881e+01  8.91250938e+01  1.12694256e+02 
 9.12010839e+01  7.30691814e+01  9.12010839e+01  1.12227627e+02 
 9.33254301e+01  7.28971461e+01  9.33254301e+01  1.11768630e+02 
 9.54992586e+01  7.27240192e+01  9.54992586e+01  1.11317256e+02 
 9.77237221e+01  7.25498369e+01  9.77237221e+01  1.10873485e+02 
 1.00000000e+02  7.23746349e+01  1.00000000e+02  1.10437295e+02 
 1.02329299e+02  7.21984480e+01  1.02329299e+02  1.10008652e+02 
 1.04712855e+02  7.20213103e+01  1.04712855e+02  1.09587521e+02 
 1.07151931e+02  7.18432551e+01  1.07151931e+02  1.09173857e+02 
 1.09647820e+02  7.16643148e+01  1.09647820e+02  1.08767611e+02 
 1.12201845e+02  7.14845212e+01  1.12201845e+02  1.08368730e+02 
 1.14815362e+02  7.13039052e+01  1.14815362e+02  1.07977154e+02 
 1.17489755e+02  7.11224968e+01  1.17489755e+02  1.07592821e+02 
 1.20226443e+02  7.09403253e+01  1.20226443e+02  1.07215663e+02 
 1.23026877e+02  7.07574190e+01  1.23026877e+02  1.06845610e+02 
 1.25892541e+02  7.05738057e+01  1.25892541e+02  1.06482588e+02 
 1.28824955e+02  7.03895119e+01  1.28824955e+02  1.06126518e+02 
 1.31825674e+02  7.02045637e+01  1.31825674e+02  1.05777321e+02 
 1.34896288e+02  7.00189863e+01  1.34896288e+02  1.05434913e+02 
 1.38038426e+02  6.98328041e+01  1.38038426e+02  1.05099211e+02 
 1.41253754e+02  6.96460405e+01  1.41253754e+02  1.04770126e+02 
 1.44543977e+02  6.94587185e+01  1.44543977e+02  1.04447570e+02 
 1.47910839e+02  6.92708600e+01  1.47910839e+02  1.04131453e+02 
 1.51356125e+02  6.90824864e+01  1.51356125e+02  1.03821683e+02 
 1.54881662e+02  6.88936183e+01  1.54881662e+02  1.03518167e+02 
 1.58489319e+02  6.87042755e+01  1.58489319e+02  1.03220811e+02 
 1.62181010e+02  6.85144772e+01  1.62181010e+02  1.02929520e+02 
 1.65958691e+02  6.83242418e+01  1.65958691e+02  1.02644201e+02 
 1.69824365e+02  6.81335873e+01  1.69824365e+02  1.02364757e+02 
 1.73780083e+02  6.79425306e+01  1.73780083e+02  1.02091092e+02 
 1.77827941e+02  6.77510885e+01  1.77827941e+02  1.01823110e+02 
 1.81970086e+02  6.75592767e+01  1.81970086e+02  1.01560716e+02 
 1.86208714e+02  6.73671106e+01  1.86208714e+02  1.01303814e+02 
 1.90546072e+02  6.71746050e+01  1.90546072e+02  1.01052308e+02 
 1.94984460e+02  6.69817740e+01  1.94984460e+02  1.00806103e+02 
 1.99526231e+02  6.67886313e+01  1.99526231e+02  1.00565105e+02 
 2.04173794e+02  6.65951899e+01  2.04173794e+02  1.00329218e+02 
 2.08929613e+02  6.64014624e+01  2.08929613e+02  1.00098350e+02 
 2.13796209e+02  6.62074610e+01  2.13796209e+02  9.98724080e+01 
 2.18776162e+02  6.60131973e+01  2.18776162e+02  9.96512990e+01 
 2.23872114e+02  6.58186823e+01  2.23872114e+02  9.94349320e+01 
 2.29086765e+02  6.56239269e+01  2.29086765e+02  9.92232166e+01 
 2.34422882e+02  6.54289413e+01  2.34422882e+02  9.90160633e+01 
 2.39883292e+02  6.52337353e+01  2.39883292e+02  9.88133835e+01 
 2.45470892e+02  6.50383184e+01  2.45470892e+02  9.86150897e+01 
 2.51188643e+02  6.48426997e+01  2.51188643e+02  9.84210954e+01 
 2.57039578e+02  6.46468879e+01  2.57039578e+02  9.82313152e+01 
 2.63026799e+02  6.44508913e+01  2.63026799e+02  9.80456647e+01 
 2.69153480e+02  6.42547179e+01  2.69153480e+02  9.78640610e+01 
 2.75422870e+02  6.40583754e+01  2.75422870e+02  9.76864219e+01 
 2.81838293e+02  6.38618711e+01  2.81838293e+02  9.75126668e+01 
 2.88403150e+02  6.36652121e+01  2.88403150e+02  9.73427160e+01 
 2.95120923e+02  6.34684051e+01  2.95120923e+02  9.71764911e+01 
 3.01995172e+02  6.32714565e+01  3.01995172e+02  9.70139150e+01 
 3.09029543e+02  6.30743726e+01  3.09029543e+02  9.68549116e+01 
 3.16227766e+02  6.28771592e+01  3.16227766e+02  9.66994064e+01 
 3.23593657e+02  6.26798220e+01  3.23593657e+02  9.65473257e+01 
 3.31131121e+02  6.24823665e+01  3.31131121e+02  9.63985974e+01 
 3.38844156e+02  6.22847978e+01  3.38844156e+02  9.62531504e+01 
 3.46736850e+02  6.20871210e+01  3.46736850e+02  9.61109150e+01 
 3.54813389e+02  6.18893408e+01  3.54813389e+02  9.59718225e+01 
 3.63078055e+02  6.16914616e+01  3.63078055e+02  9.58358056e+01 
 3.71535229e+02  6.14934880e+01  3.71535229e+02  9.57027982e+01 
 3.80189396e+02  6.12954241e+01  3.80189396e+02  9.55727354e+01 
 3.89045145e+02  6.10972737e+01  3.89045145e+02  9.54455533e+01 
 3.98107171e+02  6.08990409e+01  3.98107171e+02  9.53211896e+01 
 4.07380278e+02  6.07007292e+01  4.07380278e+02  9.51995827e+01 
 4.16869383e+02  6.05023421e+01  4.16869383e+02  9.50806725e+01 
 4.26579519e+02  6.03038830e+01  4.26579519e+02  9.49643998e+01 
 4.36515832e+02  6.01053550e+01  4.36515832e+02  9.48507069e+01 
 4.46683592e+02  5.99067612e+01  4.46683592e+02  9.47395368e+01 
 4.57088190e+02  5.97081045e+01  4.57088190e+02  9.46308339e+01 
 4.67735141e+02  5.95093877e+01  4.67735141e+02  9.45245436e+01 
 4.78630092e+02  5.93106136e+01  4.78630092e+02  9.44206123e+01 
 4.89778819e+02  5.91117846e+01  4.89778819e+02  9.43189876e+01 
 5.01187234e+02  5.89129031e+01  5.01187234e+02  9.42196181e+01 
 5.12861384e+02  5.87139716e+01  5.12861384e+02  9.41224534e+01 
 5.24807460e+02  5.85149922e+01  5.24807460e+02  9.40274441e+01 
 5.37031796e+02  5.83159671e+01  5.37031796e+02  9.39345418e+01 
 5.49540874e+02  5.81168983e+01  5.49540874e+02  9.38436993e+01 
 5.62341325e+02  5.79177878e+01  5.62341325e+02  9.37548701e+01 
 5.75439937e+02  5.77186374e+01  5.75439937e+02  9.36680087e+01 
 5.88843655e+02  5.75194489e+01  5.88843655e+02  9.35830706e+01 
 6.02559586e+02  5.73202240e+01  6.02559586e+02  9.35000122e+01 
 6.16595002e+02  5.71209643e+01  6.16595002e+02  9.34187908e+01 
 6.30957344e+02  5.69216714e+01  6.30957344e+02  9.33393645e+01 
 6.45654229e+02  5.67223468e+01  6.45654229e+02  9.32616925e+01 
 6.60693448e+02  5.65229919e+01  6.60693448e+02  9.31857346e+01 
 6.76082975e+02  5.63236080e+01  6.76082975e+02  9.31114516e+01 
 6.91830971e+02  5.61241965e+01  6.91830971e+02  9.30388051e+01 
 7.07945784e+02  5.59247585e+01  7.07945784e+02  9.29677573e+01 
 7.24435960e+02  5.57252953e+01  7.24435960e+02  9.28982715e+01 
 7.41310241e+02  5.55258080e+01  7.41310241e+02  9.28303116e+01 
 7.58577575e+02  5.53262976e+01  7.58577575e+02  9.27638423e+01 
 7.76247117e+02  5.51267653e+01  7.76247117e+02  9.26988289e+01 
 7.94328235e+02  5.49272119e+01  7.94328235e+02  9.26352377e+01 
 8.12830516e+02  5.47276384e+01  8.12830516e+02  9.25730356e+01 
 8.31763771e+02  5.45280458e+01  8.31763771e+02  9.25121900e+01 
 8.51138038e+02  5.43284349e+01  8.51138038e+02  9.24526693e+01 
 8.70963590e+02  5.41288064e+01  8.70963590e+02  9.23944423e+01 
 8.91250938e+02  5.39291612e+01  8.91250938e+02  9.23374787e+01 
 9.12010839e+02  5.37295001e+01  9.12010839e+02  9.22817486e+01 
 9.33254301e+02  5.35298237e+01  9.33254301e+02  9.22272229e+01 
 9.54992586e+02  5.33301328e+01  9.54992586e+02  9.21738730e+01 
 9.77237221e+02  5.31304279e+01  9.77237221e+02  9.21216710e+01 
 1.00000000e+03  5.29307097e+01  1.00000000e+03  9.20705896e+01 
 1.02329299e+03  5.27309789e+01  1.02329299e+03  9.20206018e+01 
 1.04712855e+03  5.25312359e+01  1.04712855e+03  9.19716816e+01 
 1.07151931e+03  5.23314813e+01  1.07151931e+03  9.19238032e+01 
 1.09647820e+03  5.21317157e+01  1.09647820e+03  9.18769415e+01 
 1.12201845e+03  5.19319394e+01  1.12201845e+03  9.18310718e+01 
 1.14815362e+03  5.17321531e+01  1.14815362e+03  9.17861701e+01 
 1.17489755e+03  5.15323572e+01  1.17489755e+03  9.17422127e+01 
 1.20226443e+03  5.13325520e+01  1.20226443e+03  9.16991765e+01 
 1.23026877e+03  5.11327380e+01  1.23026877e+03  9.16570389e+01 
 1.25892541e+03  5.09329157e+01  1.25892541e+03  9.16157776e+01 
 1.28824955e+03  5.07330852e+01  1.28824955e+03  9.15753709e+01 
 1.31825674e+03  5.05332471e+01  1.31825674e+03  9.15357977e+01 
 1.34896288e+03  5.03334017e+01  1.34896288e+03  9.14970369e+01 
 1.38038426e+03  5.01335493e+01  1.38038426e+03  9.14590682e+01 
 1.41253754e+03  4.99336902e+01  1.41253754e+03  9.14218715e+01 
 1.44543977e+03  4.97338246e+01  1.44543977e+03  9.13854273e+01 
 1.47910839e+03  4.95339530e+01  1.47910839e+03  9.13497163e+01 
 1.51356125e+03  4.93340756e+01  1.51356125e+03  9.13147196e+01 
 1.54881662e+03  4.91341925e+01  1.54881662e+03  9.12804189e+01 
 1.58489319e+03  4.89343041e+01  1.58489319e+03  9.12467959e+01 
 1.62181010e+03  4.87344107e+01  1.62181010e+03  9.12138330e+01 
 1.65958691e+03  4.85345123e+01  1.65958691e+03  9.11815126e+01 
 1.69824365e+03  4.83346093e+01  1.69824365e+03  9.11498179e+01 
 1.73780083e+03  4.81347019e+01  1.73780083e+03  9.11187319e+01 
 1.77827941e+03  4.79347902e+01  1.77827941e+03  9.10882384e+01 
 1.81970086e+03  4.77348745e+01  1.81970086e+03  9.10583211e+01 
 1.86208714e+03  4.75349548e+01  1.86208714e+03  9.10289643e+01 
 1.90546072e+03  4.73350314e+01  1.90546072e+03  9.10001524e+01 
 1.94984460e+03  4.71351045e+01  1.94984460e+03  9.09718702e+01 
 1.99526231e+03  4.69351742e+01  1.99526231e+03  9.09441027e+01 
 2.04173794e+03  4.67352407e+01  2.04173794e+03  9.09168353e+01 
 2.08929613e+03  4.65353040e+01  2.08929613e+03  9.08900536e+01 
 2.13796209e+03  4.63353643e+01  2.13796209e+03  9.08637433e+01 
 2.18776162e+03  4.61354218e+01  2.18776162e+03  9.08378906e+01 
 2.23872114e+03  4.59354766e+01  2.23872114e+03  9.08124817e+01 
 2.29086765e+03  4.57355288e+01  2.29086765e+03  9.07875033e+01 
 2.34422882e+03  4.55355784e+01  2.34422882e+03  9.07629421e+01 
 2.39883292e+03  4.53356257e+01  2.39883292e+03  9.07387851e+01 
 2.45470892e+03  4.51356707e+01  2.45470892e+03  9.07150195e+01 
 2.51188643e+03  4.49357134e+01  2.51188643e+03  9.06916328e+01 
 2.57039578e+03  4.47357541e+01  2.57039578e+03  9.06686126e+01 
 2.63026799e+03  4.45357927e+01  2.63026799e+03  9.06459466e+01 
 2.69153480e+03  4.43358294e+01  2.69153480e+03  9.06236229e+01 
 2.75422870e+03  4.41358643e+01  2.75422870e+03  9.06016296e+01 
 2.81838293e+03  4.39358973e+01  2.81838293e+03  9.05799552e+01 
 2.88403150e+03  4.37359287e+01  2.88403150e+03  9.05585881e+01 
 2.95120923e+03  4.35359583e+01  2.95120923e+03  9.05375170e+01 
 3.01995172e+03  4.33359864e+01  3.01995172e+03  9.05167308e+01 
 3.09029543e+03  4.31360130e+01  3.09029543e+03  9.04962184e+01 
 3.16227766e+03  4.29360381e+01  3.16227766e+03  9.04759690e+01 
 3.23593657e+03  4.27360617e+01  3.23593657e+03  9.04559719e+01 
 3.31131121e+03  4.25360840e+01  3.31131121e+03  9.04362165e+01 
 3.38844156e+03  4.23361050e+01  3.38844156e+03  9.04166922e+01 
 3.46736850e+03  4.21361247e+01  3.46736850e+03  9.03973888e+01 
 3.54813389e+03  4.19361431e+01  3.54813389e+03  9.03782961e+01 
 3.63078055e+03  4.17361604e+01  3.63078055e+03  9.03594038e+01 
 3.71535229e+03  4.15361765e+01  3.71535229e+03  9.03407021e+01 
 3.80189396e+03  4.13361914e+01  3.80189396e+03  9.03221810e+01 
 3.89045145e+03  4.11362053e+01  3.89045145e+03  9.03038307e+01 
 3.98107171e+03  4.09362181e+01  3.98107171e+03  9.02856414e+01 
 4.07380278e+03  4.07362299e+01  4.07380278e+03  9.02676036e+01 
 4.16869383e+03  4.05362406e+01  4.16869383e+03  9.02497077e+01 
 4.26579519e+03  4.03362504e+01  4.26579519e+03  9.02319441e+01 
 4.36515832e+03  4.01362592e+01  4.36515832e+03  9.02143036e+01 
 4.46683592e+03  3.99362670e+01  4.46683592e+03  9.01967767e+01 
 4.57088190e+03  3.97362740e+01  4.57088190e+03  9.01793542e+01 
 4.67735141e+03  3.95362799e+01  4.67735141e+03  9.01620268e+01 
 4.78630092e+03  3.93362850e+01  4.78630092e+03  9.01447853e+01 
 4.89778819e+03  3.91362892e+01  4.89778819e+03  9.01276207e+01 
 5.01187234e+03  3.89362925e+01  5.01187234e+03  9.01105238e+01 
 5.12861384e+03  3.87362949e+01  5.12861384e+03  9.00934855e+01 
 5.24807460e+03  3.85362964e+01  5.24807460e+03  9.00764970e+01 
 5.37031796e+03  3.83362971e+01  5.37031796e+03  9.00595490e+01 
 5.49540874e+03  3.81362969e+01  5.49540874e+03  9.00426328e+01 
 5.62341325e+03  3.79362958e+01  5.62341325e+03  9.00257392e+01 
 5.75439937e+03  3.77362939e+01  5.75439937e+03  9.00088594e+01 
 5.88843655e+03  3.75362911e+01  5.88843655e+03  8.99919845e+01 
 6.02559586e+03  3.73362873e+01  6.02559586e+03  8.99751054e+01 
 6.16595002e+03  3.71362827e+01  6.16595002e+03  8.99582133e+01 
 6.30957344e+03  3.69362772e+01  6.30957344e+03  8.99412993e+01 
 6.45654229e+03  3.67362708e+01  6.45654229e+03  8.99243543e+01 
 6.60693448e+03  3.65362635e+01  6.60693448e+03  8.99073694e+01 
 6.76082975e+03  3.63362552e+01  6.76082975e+03  8.98903356e+01 
 6.91830971e+03  3.61362460e+01  6.91830971e+03  8.98732438e+01 
 7.07945784e+03  3.59362357e+01  7.07945784e+03  8.98560852e+01 
 7.24435960e+03  3.57362245e+01  7.24435960e+03  8.98388505e+01 
 7.41310241e+03  3.55362123e+01  7.41310241e+03  8.98215307e+01 
 7.58577575e+03  3.53361990e+01  7.58577575e+03  8.98041165e+01 
 7.76247117e+03  3.51361846e+01  7.76247117e+03  8.97865989e+01 
 7.94328235e+03  3.49361691e+01  7.94328235e+03  8.97689685e+01 
 8.12830516e+03  3.47361525e+01  8.12830516e+03  8.97512160e+01 
 8.31763771e+03  3.45361347e+01  8.31763771e+03  8.97333320e+01 
 8.51138038e+03  3.43361157e+01  8.51138038e+03  8.97153070e+01 
 8.70963590e+03  3.41360954e+01  8.70963590e+03  8.96971317e+01 
 8.91250938e+03  3.39360739e+01  8.91250938e+03  8.96787962e+01 
 9.12010839e+03  3.37360510e+01  9.12010839e+03  8.96602911e+01 
 9.33254301e+03  3.35360267e+01  9.33254301e+03  8.96416064e+01 
 9.54992586e+03  3.33360010e+01  9.54992586e+03  8.96227324e+01 
 9.77237221e+03  3.31359737e+01  9.77237221e+03  8.96036590e+01 
 1.00000000e+04  3.29359450e+01  1.00000000e+04  8.95843763e+01 
 1.02329299e+04  3.27359146e+01  1.02329299e+04  8.95648740e+01 
 1.04712855e+04  3.25358825e+01  1.04712855e+04  8.95451418e+01 
 1.07151931e+04  3.23358487e+01  1.07151931e+04  8.95251695e+01 
 1.09647820e+04  3.21358131e+01  1.09647820e+04  8.95049463e+01 
 1.12201845e+04  3.19357756e+01  1.12201845e+04  8.94844618e+01 
 1.14815362e+04  3.17357361e+01  1.14815362e+04  8.94637050e+01 
 1.17489755e+04  3.15356946e+01  1.17489755e+04  8.94426652e+01 
 1.20226443e+04  3.13356509e+01  1.20226443e+04  8.94213311e+01 
 1.23026877e+04  3.11356050e+01  1.23026877e+04  8.93996916e+01 
 1.25892541e+04  3.09355568e+01  1.25892541e+04  8.93777354e+01 
 1.28824955e+04  3.07355061e+01  1.28824955e+04  8.93554509e+01 
 1.31825674e+04  3.05354529e+01  1.31825674e+04  8.93328263e+01 
 1.34896288e+04  3.03353971e+01  1.34896288e+04  8.93098499e+01 
 1.38038426e+04  3.01353385e+01  1.38038426e+04  8.92865095e+01 
 1.41253754e+04  2.99352771e+01  1.41253754e+04  8.92627930e+01 
 1.44543977e+04  2.97352126e+01  1.44543977e+04  8.92386878e+01 
 1.47910839e+04  2.95351449e+01  1.47910839e+04  8.92141815e+01 
 1.51356125e+04  2.93350740e+01  1.51356125e+04  8.91892612e+01 
 1.54881662e+04  2.91349997e+01  1.54881662e+04  8.91639138e+01 
 1.58489319e+04  2.89349217e+01  1.58489319e+04  8.91381261e+01 
 1.62181010e+04  2.87348400e+01  1.62181010e+04  8.91118847e+01 
 1.65958691e+04  2.85347544e+01  1.65958691e+04  8.90851758e+01 
 1.69824365e+04  2.83346647e+01  1.69824365e+04  8.90579856e+01 
 1.73780083e+04  2.81345707e+01  1.73780083e+04  8.90303000e+01 
 1.77827941e+04  2.79344722e+01  1.77827941e+04  8.90021044e+01 
 1.81970086e+04  2.77343691e+01  1.81970086e+04  8.89733843e+01 
 1.86208714e+04  2.75342610e+01  1.86208714e+04  8.89441247e+01 
 1.90546072e+04  2.73341479e+01  1.90546072e+04  8.89143105e+01 
 1.94984460e+04  2.71340293e+01  1.94984460e+04  8.88839263e+01 
 1.99526231e+04  2.69339052e+01  1.99526231e+04  8.88529563e+01 
 2.04173794e+04  2.67337752e+01  2.04173794e+04  8.88213845e+01 
 2.08929613e+04  2.65336391e+01  2.08929613e+04  8.87891948e+01 
 2.13796209e+04  2.63334966e+01  2.13796209e+04  8.87563703e+01 
 2.18776162e+04  2.61333475e+01  2.18776162e+04  8.87228944e+01 
 2.23872114e+04  2.59331913e+01  2.23872114e+04  8.86887498e+01 
 2.29086765e+04  2.57330278e+01  2.29086765e+04  8.86539190e+01 
 2.34422882e+04  2.55328567e+01  2.34422882e+04  8.86183842e+01 
 2.39883292e+04  2.53326775e+01  2.39883292e+04  8.85821272e+01 
 2.45470892e+04  2.51324900e+01  2.45470892e+04  8.85451295e+01 
 2.51188643e+04  2.49322938e+01  2.51188643e+04  8.85073722e+01 
 2.57039578e+04  2.47320885e+01  2.57039578e+04  8.84688363e+01 
 2.63026799e+04  2.45318736e+01  2.63026799e+04  8.84295022e+01 
 2.69153480e+04  2.43316487e+01  2.69153480e+04  8.83893500e+01 
 2.75422870e+04  2.41314134e+01  2.75422870e+04  8.83483593e+01 
 2.81838293e+04  2.39311673e+01  2.81838293e+04  8.83065097e+01 
 2.88403150e+04  2.37309097e+01  2.88403150e+04  8.82637800e+01 
 2.95120923e+04  2.35306402e+01  2.95120923e+04  8.82201488e+01 
 3.01995172e+04  2.33303583e+01  3.01995172e+04  8.81755945e+01 
 3.09029543e+04  2.31300634e+01  3.09029543e+04  8.81300947e+01 
 3.16227766e+04  2.29297550e+01  3.16227766e+04  8.80836270e+01 
 3.23593657e+04  2.27294324e+01  3.23593657e+04  8.80361682e+01 
 3.31131121e+04  2.25290949e+01  3.31131121e+04  8.79876950e+01 
 3.38844156e+04  2.23287421e+01  3.38844156e+04  8.79381836e+01 
 3.46736850e+04  2.21283730e+01  3.46736850e+04  8.78876097e+01 
 3.54813389e+04  2.19279872e+01  3.54813389e+04  8.78359487e+01 
 3.63078055e+04  2.17275837e+01  3.63078055e+04  8.77831754e+01 
 3.71535229e+04  2.15271619e+01  3.71535229e+04  8.77292644e+01 
 3.80189396e+04  2.13267209e+01  3.80189396e+04  8.76741896e+01 
 3.89045145e+04  2.11262600e+01  3.89045145e+04  8.76179246e+01 
 3.98107171e+04  2.09257782e+01  3.98107171e+04  8.75604425e+01 
 4.07380278e+04  2.07252746e+01  4.07380278e+04  8.75017162e+01 
 4.16869383e+04  2.05247483e+01  4.16869383e+04  8.74417178e+01 
 4.26579519e+04  2.03241984e+01  4.26579519e+04  8.73804191e+01 
 4.36515832e+04  2.01236238e+01  4.36515832e+04  8.73177916e+01 
 4.46683592e+04  1.99230235e+01  4.46683592e+04  8.72538061e+01 
 4.57088190e+04  1.97223964e+01  4.57088190e+04  8.71884331e+01 
 4.67735141e+04  1.95217414e+01  4.67735141e+04  8.71216426e+01 
 4.78630092e+04  1.93210573e+01  4.78630092e+04  8.70534042e+01 
 4.89778819e+04  1.91203430e+01  4.89778819e+04  8.69836872e+01 
 5.01187234e+04  1.89195971e+01  5.01187234e+04  8.69124601e+01 
 5.12861384e+04  1.87188185e+01  5.12861384e+04  8.68396913e+01 
 5.24807460e+04  1.85180057e+01  5.24807460e+04  8.67653487e+01 
 5.37031796e+04  1.83171574e+01  5.37031796e+04  8.66893997e+01 
 5.49540874e+04  1.81162722e+01  5.49540874e+04  8.66118113e+01 
 5.62341325e+04  1.79153487e+01  5.62341325e+04  8.65325503e+01 
 5.75439937e+04  1.77143852e+01  5.75439937e+04  8.64515828e+01 
 5.88843655e+04  1.75133804e+01  5.88843655e+04  8.63688747e+01 
 6.02559586e+04  1.73123326e+01  6.02559586e+04  8.62843915e+01 
 6.16595002e+04  1.71112401e+01  6.16595002e+04  8.61980985e+01 
 6.30957344e+04  1.69101014e+01  6.30957344e+04  8.61099604e+01 
 6.45654229e+04  1.67089146e+01  6.45654229e+04  8.60199417e+01 
 6.60693448e+04  1.65076781e+01  6.60693448e+04  8.59280066e+01 
 6.76082975e+04  1.63063901e+01  6.76082975e+04  8.58341190e+01 
 6.91830971e+04  1.61050486e+01  6.91830971e+04  8.57382425e+01 
 7.07945784e+04  1.59036520e+01  7.07945784e+04  8.56403406e+01 
 7.24435960e+04  1.57021982e+01  7.24435960e+04  8.55403763e+01 
 7.41310241e+04  1.55006854e+01  7.41310241e+04  8.54383128e+01 
 7.58577575e+04  1.52991115e+01  7.58577575e+04  8.53341126e+01 
 7.76247117e+04  1.50974748e+01  7.76247117e+04  8.52277385e+01 
 7.94328235e+04  1.48957730e+01  7.94328235e+04  8.51191530e+01 
 8.12830516e+04  1.46940044e+01  8.12830516e+04  8.50083185e+01 
 8.31763771e+04  1.44921668e+01  8.31763771e+04  8.48951972e+01 
 8.51138038e+04  1.42902582e+01  8.51138038e+04  8.47797515e+01 
 8.70963590e+04  1.40882767e+01  8.70963590e+04  8.46619436e+01 
 8.91250938e+04  1.38862203e+01  8.91250938e+04  8.45417359e+01 
 9.12010839e+04  1.36840870e+01  9.12010839e+04  8.44190906e+01 
 9.33254301e+04  1.34818748e+01  9.33254301e+04  8.42939701e+01 
 9.54992586e+04  1.32795819e+01  9.54992586e+04  8.41663369e+01 
 9.77237221e+04  1.30772064e+01  9.77237221e+04  8.40361536e+01 
 1.00000000e+05  1.28747466e+01  1.00000000e+05  8.39033831e+01 
 1.02329299e+05  1.26722008e+01  1.02329299e+05  8.37679881e+01 
 1.04712855e+05  1.24695672e+01  1.04712855e+05  8.36299320e+01 
 1.07151931e+05  1.22668445e+01  1.07151931e+05  8.34891779e+01 
 1.09647820e+05  1.20640312e+01  1.09647820e+05  8.33456896e+01 
 1.12201845e+05  1.18611261e+01  1.12201845e+05  8.31994308e+01 
 1.14815362e+05  1.16581280e+01  1.14815362e+05  8.30503657e+01 
 1.17489755e+05  1.14550361e+01  1.17489755e+05  8.28984585e+01 
 1.20226443e+05  1.12518495e+01  1.20226443e+05  8.27436740e+01 
 1.23026877e+05  1.10485677e+01  1.23026877e+05  8.25859770e+01 
 1.25892541e+05  1.08451904e+01  1.25892541e+05  8.24253326e+01 
 1.28824955e+05  1.06417176e+01  1.28824955e+05  8.22617061e+01 
 1.31825674e+05  1.04381495e+01  1.31825674e+05  8.20950632e+01 
 1.34896288e+05  1.02344866e+01  1.34896288e+05  8.19253694e+01 
 1.38038426e+05  1.00307298e+01  1.38038426e+05  8.17525907e+01 
 1.41253754e+05  9.82688029e+00  1.41253754e+05  8.15766929e+01 
 1.44543977e+05  9.62293962e+00  1.44543977e+05  8.13976418e+01 
 1.47910839e+05  9.41890980e+00  1.47910839e+05  8.12154033e+01 
 1.51356125e+05  9.21479327e+00  1.51356125e+05  8.10299430e+01 
 1.54881662e+05  9.01059291e+00  1.54881662e+05  8.08412263e+01 
 1.58489319e+05  8.80631209e+00  1.58489319e+05  8.06492182e+01 
 1.62181010e+05  8.60195470e+00  1.62181010e+05  8.04538830e+01 
 1.65958691e+05  8.39752517e+00  1.65958691e+05  8.02551847e+01 
 1.69824365e+05  8.19302852e+00  1.69824365e+05  8.00530864e+01 
 1.73780083e+05  7.98847033e+00  1.73780083e+05  7.98475501e+01 
 1.77827941e+05  7.78385684e+00  1.77827941e+05  7.96385367e+01 
 1.81970086e+05  7.57919491e+00  1.81970086e+05  7.94260061e+01 
 1.86208714e+05  7.37449208e+00  1.86208714e+05  7.92099162e+01 
 1.90546072e+05  7.16975659e+00  1.90546072e+05  7.89902236e+01 
 1.94984460e+05  6.96499736e+00  1.94984460e+05  7.87668827e+01 
 1.99526231e+05  6.76022409e+00  1.99526231e+05  7.85398458e+01 
 2.04173794e+05  6.55544718e+00  2.04173794e+05  7.83090628e+01 
 2.08929613e+05  6.35067782e+00  2.08929613e+05  7.80744811e+01 
 2.13796209e+05  6.14592797e+00  2.13796209e+05  7.78360449e+01 
 2.18776162e+05  5.94121035e+00  2.18776162e+05  7.75936954e+01 
 2.23872114e+05  5.73653850e+00  2.23872114e+05  7.73473705e+01 
 2.29086765e+05  5.53192674e+00  2.29086765e+05  7.70970044e+01 
 2.34422882e+05  5.32739017e+00  2.34422882e+05  7.68425272e+01 
 2.39883292e+05  5.12294470e+00  2.39883292e+05  7.65838653e+01 
 2.45470892e+05  4.91860704e+00  2.45470892e+05  7.63209402e+01 
 2.51188643e+05  4.71439465e+00  2.51188643e+05  7.60536692e+01 
 2.57039578e+05  4.51032580e+00  2.57039578e+05  7.57819648e+01 
 2.63026799e+05  4.30641948e+00  2.63026799e+05  7.55057342e+01 
 2.69153480e+05  4.10269548e+00  2.69153480e+05  7.52248797e+01 
 2.75422870e+05  3.89917427e+00  2.75422870e+05  7.49392982e+01 
 2.81838293e+05  3.69587707e+00  2.81838293e+05  7.46488812e+01 
 2.88403150e+05  3.49282578e+00  2.88403150e+05  7.43535144e+01 
 2.95120923e+05  3.29004296e+00  2.95120923e+05  7.40530781e+01 
 3.01995172e+05  3.08755187e+00  3.01995172e+05  7.37474468e+01 
 3.09029543e+05  2.88537633e+00  3.09029543e+05  7.34364890e+01 
 3.16227766e+05  2.68354084e+00  3.16227766e+05  7.31200678e+01 
 3.23593657e+05  2.48207043e+00  3.23593657e+05  7.27980404e+01 
 3.31131121e+05  2.28099072e+00  3.31131121e+05  7.24702581e+01 
 3.38844156e+05  2.08032787e+00  3.38844156e+05  7.21365669e+01 
 3.46736850e+05  1.88010856e+00  3.46736850e+05  7.17968073e+01 
 3.54813389e+05  1.68035998e+00  3.54813389e+05  7.14508140e+01 
 3.63078055e+05  1.48110979e+00  3.63078055e+05  7.10984171e+01 
 3.71535229e+05  1.28238615e+00  3.71535229e+05  7.07394412e+01 
 3.80189396e+05  1.08421766e+00  3.80189396e+05  7.03737065e+01 
 3.89045145e+05  8.86633377e-01  3.89045145e+05  7.00010284e+01 
 3.98107171e+05  6.89662814e-01  3.98107171e+05  6.96212181e+01 
 4.07380278e+05  4.93335912e-01  4.07380278e+05  6.92340827e+01 
 4.16869383e+05  2.97683057e-01  4.16869383e+05  6.88394259e+01 
 4.26579519e+05  1.02735072e-01  4.26579519e+05  6.84370478e+01 
 4.36515832e+05 -9.14767719e-02  4.36515832e+05  6.80267455e+01 
 4.46683592e+05 -2.84920751e-01  4.46683592e+05  6.76083133e+01 
 4.57088190e+05 -4.77564682e-01  4.57088190e+05  6.71815435e+01 
 4.67735141e+05 -6.69375903e-01  4.67735141e+05  6.67462260e+01 
 4.78630092e+05 -8.60321265e-01  4.78630092e+05  6.63021494e+01 
 4.89778819e+05 -1.05036711e+00  4.89778819e+05  6.58491009e+01 
 5.01187234e+05 -1.23947927e+00  5.01187234e+05  6.53868670e+01 
 5.12861384e+05 -1.42762300e+00  5.12861384e+05  6.49152337e+01 
 5.24807460e+05 -1.61476302e+00  5.24807460e+05  6.44339866e+01 
 5.37031796e+05 -1.80086345e+00  5.37031796e+05  6.39429118e+01 
 5.49540874e+05 -1.98588780e+00  5.49540874e+05  6.34417962e+01 
 5.62341325e+05 -2.16979894e+00  5.62341325e+05  6.29304272e+01 
 5.75439937e+05 -2.35255910e+00  5.75439937e+05  6.24085940e+01 
 5.88843655e+05 -2.53412982e+00  5.88843655e+05  6.18760870e+01 
 6.02559586e+05 -2.71447196e+00  6.02559586e+05  6.13326990e+01 
 6.16595002e+05 -2.89354564e+00  6.16595002e+05  6.07782248e+01 
 6.30957344e+05 -3.07131028e+00  6.30957344e+05  6.02124619e+01 
 6.45654229e+05 -3.24772454e+00  6.45654229e+05  5.96352106e+01 
 6.60693448e+05 -3.42274633e+00  6.60693448e+05  5.90462743e+01 
 6.76082975e+05 -3.59633280e+00  6.76082975e+05  5.84454599e+01 
 6.91830971e+05 -3.76844035e+00  6.91830971e+05  5.78325777e+01 
 7.07945784e+05 -3.93902458e+00  7.07945784e+05  5.72074419e+01 
 7.24435960e+05 -4.10804039e+00  7.24435960e+05  5.65698706e+01 
 7.41310241e+05 -4.27544188e+00  7.41310241e+05  5.59196858e+01 
 7.58577575e+05 -4.44118247e+00  7.58577575e+05  5.52567138e+01 
 7.76247117e+05 -4.60521484e+00  7.76247117e+05  5.45807853e+01 
 7.94328235e+05 -4.76749099e+00  7.94328235e+05  5.38917349e+01 
 8.12830516e+05 -4.92796230e+00  8.12830516e+05  5.31894018e+01 
 8.31763771e+05 -5.08657952e+00  8.31763771e+05  5.24736291e+01 
 8.51138038e+05 -5.24329286e+00  8.51138038e+05  5.17442644e+01 
 8.70963590e+05 -5.39805199e+00  8.70963590e+05  5.10011587e+01 
 8.91250938e+05 -5.55080618e+00  8.91250938e+05  5.02441673e+01 
 9.12010839e+05 -5.70150427e+00  9.12010839e+05  4.94731485e+01 
 9.33254301e+05 -5.85009483e+00  9.33254301e+05  4.86879640e+01 
 9.54992586e+05 -5.99652620e+00  9.54992586e+05  4.78884780e+01 
 9.77237221e+05 -6.14074656e+00  9.77237221e+05  4.70745570e+01 
 1.00000000e+06 -6.28270407e+00  1.00000000e+06  4.62460692e+01 
 1.02329299e+06 -6.42234694e+00  1.02329299e+06  4.54028837e+01 
 1.04712855e+06 -6.55962353e+00  1.04712855e+06  4.45448698e+01 
 1.07151931e+06 -6.69448252e+00  1.07151931e+06  4.36718962e+01 
 1.09647820e+06 -6.82687295e+00  1.09647820e+06  4.27838301e+01 
 1.12201845e+06 -6.95674444e+00  1.12201845e+06  4.18805359e+01 
 1.14815362e+06 -7.08404725e+00  1.14815362e+06  4.09618742e+01 
 1.17489755e+06 -7.20873246e+00  1.17489755e+06  4.00277005e+01 
 1.20226443e+06 -7.33075213e+00  1.20226443e+06  3.90778638e+01 
 1.23026877e+06 -7.45005945e+00  1.23026877e+06  3.81122048e+01 
 1.25892541e+06 -7.56660887e+00  1.25892541e+06  3.71305543e+01 
 1.28824955e+06 -7.68035634e+00  1.28824955e+06  3.61327316e+01 
 1.31825674e+06 -7.79125947e+00  1.31825674e+06  3.51185422e+01 
 1.34896288e+06 -7.89927770e+00  1.34896288e+06  3.40877756e+01 
 1.38038426e+06 -8.00437253e+00  1.38038426e+06  3.30402033e+01 
 1.41253754e+06 -8.10650777e+00  1.41253754e+06  3.19755759e+01 
 1.44543977e+06 -8.20564970e+00  1.44543977e+06  3.08936208e+01 
 1.47910839e+06 -8.30176743e+00  1.47910839e+06  2.97940392e+01 
 1.51356125e+06 -8.39483308e+00  1.51356125e+06  2.86765032e+01 
 1.54881662e+06 -8.48482214e+00  1.54881662e+06  2.75406524e+01 
 1.58489319e+06 -8.57171377e+00  1.58489319e+06  2.63860910e+01 
 1.62181010e+06 -8.65549117e+00  1.62181010e+06  2.52123837e+01 
 1.65958691e+06 -8.73614202e+00  1.65958691e+06  2.40190523e+01 
 1.69824365e+06 -8.81365886e+00  1.69824365e+06  2.28055721e+01 
 1.73780083e+06 -8.88803966e+00  1.73780083e+06  2.15713673e+01 
 1.77827941e+06 -8.95928836e+00  1.77827941e+06  2.03158074e+01 
 1.81970086e+06 -9.02741551e+00  1.81970086e+06  1.90382025e+01 
 1.86208714e+06 -9.09243901e+00  1.86208714e+06  1.77377992e+01 
 1.90546072e+06 -9.15438492e+00  1.90546072e+06  1.64137762e+01 
 1.94984460e+06 -9.21328846e+00  1.94984460e+06  1.50652398e+01 
 1.99526231e+06 -9.26919501e+00  1.99526231e+06  1.36912195e+01 
 2.04173794e+06 -9.32216140e+00  2.04173794e+06  1.22906641e+01 
 2.08929613e+06 -9.37225726e+00  2.08929613e+06  1.08624374e+01 
 2.13796209e+06 -9.41956665e+00  2.13796209e+06  9.40531509e+00 
 2.18776162e+06 -9.46418984e+00  2.18776162e+06  7.91798171e+00 
 2.23872114e+06 -9.50624535e+00  2.23872114e+06  6.39902857e+00 
 2.29086765e+06 -9.54587228e+00  2.29086765e+06  4.84695282e+00 
 2.34422882e+06 -9.58323286e+00  2.34422882e+06  3.26015791e+00 
 2.39883292e+06 -9.61851535e+00  2.39883292e+06  1.63695597e+00 
 2.45470892e+06 -9.65193724e+00  2.45470892e+06 -2.44275548e-02 
 2.51188643e+06 -9.68374872e+00  2.51188643e+06 -1.72584623e+00 
 2.57039578e+06 -9.71423654e+00  2.57039578e+06 -3.46922138e+00 
 2.63026799e+06 -9.74372801e+00  2.63026799e+06 -5.25652638e+00 
 2.69153480e+06 -9.77259535e+00  2.69153480e+06 -7.08976569e+00 
 2.75422870e+06 -9.80126006e+00  2.75422870e+06 -8.97094757e+00 
 2.81838293e+06 -9.83019736e+00  2.81838293e+06 -1.09020495e+01 
 2.88403150e+06 -9.85994035e+00  2.88403150e+06 -1.28849754e+01 
 2.95120923e+06 -9.89108383e+00  2.95120923e+06 -1.49215035e+01 
 3.01995172e+06 -9.92428731e+00  3.01995172e+06 -1.70132243e+01 
 3.09029543e+06 -9.96027694e+00  3.09029543e+06 -1.91614683e+01 
 3.16227766e+06 -9.99984576e+00  3.16227766e+06 -2.13672230e+01 
 3.23593657e+06 -1.00438519e+01  3.23593657e+06 -2.36310414e+01 
 3.31131121e+06 -1.00932143e+01  3.31131121e+06 -2.59529425e+01 
 3.38844156e+06 -1.01489046e+01  3.38844156e+06 -2.83323073e+01 
 3.46736850e+06 -1.02119359e+01  3.46736850e+06 -3.07677750e+01 
 3.54813389e+06 -1.02833472e+01  3.54813389e+06 -3.32571462e+01 
 3.63078055e+06 -1.03641835e+01  3.63078055e+06 -3.57972977e+01 
 3.71535229e+06 -1.04554713e+01  3.71535229e+06 -3.83841213e+01 
 3.80189396e+06 -1.05581915e+01  3.80189396e+06 -4.10124917e+01 
 3.89045145e+06 -1.06732490e+01  3.89045145e+06 -4.36762744e+01 
 3.98107171e+06 -1.08014411e+01  3.98107171e+06 -4.63683794e+01 
 4.07380278e+06 -1.09434273e+01  4.07380278e+06 -4.90808650e+01 
 4.16869383e+06 -1.10997012e+01  4.16869383e+06 -5.18050915e+01 
 4.26579519e+06 -1.12705687e+01  4.26579519e+06 -5.45319207e+01 
 4.36515832e+06 -1.14561319e+01  4.36515832e+06 -5.72519515e+01 
 4.46683592e+06 -1.16562831e+01  4.46683592e+06 -5.99557782e+01 
 4.57088190e+06 -1.18707071e+01  4.57088190e+06 -6.26342542e+01 
 4.67735141e+06 -1.20988936e+01  4.67735141e+06 -6.52787450e+01 
 4.78630092e+06 -1.23401579e+01  4.78630092e+06 -6.78813519e+01 
 4.89778819e+06 -1.25936682e+01  4.89778819e+06 -7.04350935e+01 
 5.01187234e+06 -1.28584782e+01  5.01187234e+06 -7.29340364e+01 
 5.12861384e+06 -1.31335611e+01  5.12861384e+06 -7.53733699e+01 
 5.24807460e+06 -1.34178443e+01  5.24807460e+06 -7.77494249e+01 
 5.37031796e+06 -1.37102418e+01  5.37031796e+06 -8.00596452e+01 
 5.49540874e+06 -1.40096821e+01  5.49540874e+06 -8.23025157e+01 
 5.62341325e+06 -1.43151327e+01  5.62341325e+06 -8.44774613e+01 
 5.75439937e+06 -1.46256176e+01  5.75439937e+06 -8.65847253e+01 
 5.88843655e+06 -1.49402308e+01  5.88843655e+06 -8.86252375e+01 
 6.02559586e+06 -1.52581440e+01  6.02559586e+06 -9.06004825e+01 
 6.16595002e+06 -1.55786102e+01  6.16595002e+06 -9.25123724e+01 
 6.30957344e+06 -1.59009638e+01  6.30957344e+06 -9.43631323e+01 
 6.45654229e+06 -1.62246175e+01  6.45654229e+06 -9.61551982e+01 
 6.60693448e+06 -1.65490572e+01  6.60693448e+06 -9.78911318e+01 
 6.76082975e+06 -1.68738361e+01  6.76082975e+06 -9.95735505e+01 
 6.91830971e+06 -1.71985677e+01  6.91830971e+06 -1.01205073e+02 
 7.07945784e+06 -1.75229185e+01  7.07945784e+06 -1.02788276e+02 
 7.24435960e+06 -1.78466011e+01  7.24435960e+06 -1.04325670e+02 
 7.41310241e+06 -1.81693675e+01  7.41310241e+06 -1.05819675e+02 
 7.58577575e+06 -1.84910031e+01  7.58577575e+06 -1.07272610e+02 
 7.76247117e+06 -1.88113216e+01  7.76247117e+06 -1.08686690e+02 
 7.94328235e+06 -1.91301600e+01  7.94328235e+06 -1.10064025e+02 
 8.12830516e+06 -1.94473750e+01  8.12830516e+06 -1.11406620e+02 
 8.31763771e+06 -1.97628394e+01  8.31763771e+06 -1.12716385e+02 
 8.51138038e+06 -2.00764397e+01  8.51138038e+06 -1.13995136e+02 
 8.70963590e+06 -2.03880735e+01  8.70963590e+06 -1.15244607e+02 
 8.91250938e+06 -2.06976482e+01  8.91250938e+06 -1.16466453e+02 
 9.12010839e+06 -2.10050795e+01  9.12010839e+06 -1.17662256e+02 
 9.33254301e+06 -2.13102901e+01  9.33254301e+06 -1.18833536e+02 
 9.54992586e+06 -2.16132092e+01  9.54992586e+06 -1.19981752e+02 
 9.77237221e+06 -2.19137720e+01  9.77237221e+06 -1.21108309e+02 
 1.00000000e+07 -2.22119189e+01  1.00000000e+07 -1.22214561e+02 
 1.02329299e+07 -2.25075955e+01  1.02329299e+07 -1.23301813e+02 
 1.04712855e+07 -2.28007522e+01  1.04712855e+07 -1.24371326e+02 
 1.07151931e+07 -2.30913442e+01  1.07151931e+07 -1.25424319e+02 
 1.09647820e+07 -2.33793313e+01  1.09647820e+07 -1.26461967e+02 
 1.12201845e+07 -2.36646776e+01  1.12201845e+07 -1.27485404e+02 
 1.14815362e+07 -2.39473519e+01  1.14815362e+07 -1.28495726e+02 
 1.17489755e+07 -2.42273275e+01  1.17489755e+07 -1.29493985e+02 
 1.20226443e+07 -2.45045816e+01  1.20226443e+07 -1.30481195e+02 
 1.23026877e+07 -2.47790960e+01  1.23026877e+07 -1.31458326e+02 
 1.25892541e+07 -2.50508568e+01  1.25892541e+07 -1.32426310e+02 
 1.28824955e+07 -2.53198539e+01  1.28824955e+07 -1.33386033e+02 
 1.31825674e+07 -2.55860814e+01  1.31825674e+07 -1.34338339e+02 
 1.34896288e+07 -2.58495375e+01  1.34896288e+07 -1.35284027e+02 
 1.38038426e+07 -2.61102242e+01  1.38038426e+07 -1.36223852e+02 
 1.41253754e+07 -2.63681470e+01  1.41253754e+07 -1.37158521e+02 
 1.44543977e+07 -2.66233155e+01  1.44543977e+07 -1.38088695e+02 
 1.47910839e+07 -2.68757423e+01  1.47910839e+07 -1.39014986e+02 
 1.51356125e+07 -2.71254438e+01  1.51356125e+07 -1.39937958e+02 
 1.54881662e+07 -2.73724394e+01  1.54881662e+07 -1.40858125e+02 
 1.58489319e+07 -2.76167518e+01  1.58489319e+07 -1.41775951e+02 
 1.62181010e+07 -2.78584065e+01  1.62181010e+07 -1.42691850e+02 
 1.65958691e+07 -2.80974319e+01  1.65958691e+07 -1.43606181e+02 
 1.69824365e+07 -2.83338591e+01  1.69824365e+07 -1.44519257e+02 
 1.73780083e+07 -2.85677217e+01  1.73780083e+07 -1.45431334e+02 
 1.77827941e+07 -2.87990555e+01  1.77827941e+07 -1.46342618e+02 
 1.81970086e+07 -2.90278988e+01  1.81970086e+07 -1.47253263e+02 
 1.86208714e+07 -2.92542918e+01  1.86208714e+07 -1.48163372e+02 
 1.90546072e+07 -2.94782765e+01  1.90546072e+07 -1.49072993e+02 
 1.94984460e+07 -2.96998969e+01  1.94984460e+07 -1.49982126e+02 
 1.99526231e+07 -2.99191983e+01  1.99526231e+07 -1.50890719e+02 
 2.04173794e+07 -3.01362274e+01  2.04173794e+07 -1.51798669e+02 
 2.08929613e+07 -3.03510324e+01  2.08929613e+07 -1.52705825e+02 
 2.13796209e+07 -3.05636623e+01  2.13796209e+07 -1.53611984e+02 
 2.18776162e+07 -3.07741669e+01  2.18776162e+07 -1.54516899e+02 
 2.23872114e+07 -3.09825968e+01  2.23872114e+07 -1.55420276e+02 
 2.29086765e+07 -3.11890032e+01  2.29086765e+07 -1.56321772e+02 
 2.34422882e+07 -3.13934374e+01  2.34422882e+07 -1.57221005e+02 
 2.39883292e+07 -3.15959509e+01  2.39883292e+07 -1.58117545e+02 
 2.45470892e+07 -3.17965948e+01  2.45470892e+07 -1.59010926e+02 
 2.51188643e+07 -3.19954202e+01  2.51188643e+07 -1.59900639e+02 
 2.57039578e+07 -3.21924775e+01  2.57039578e+07 -1.60786138e+02 
 2.63026799e+07 -3.23878161e+01  2.63026799e+07 -1.61666842e+02 
 2.69153480e+07 -3.25814846e+01  2.69153480e+07 -1.62542135e+02 
 2.75422870e+07 -3.27735302e+01  2.75422870e+07 -1.63411369e+02 
 2.81838293e+07 -3.29639983e+01  2.81838293e+07 -1.64273866e+02 
 2.88403150e+07 -3.31529328e+01  2.88403150e+07 -1.65128922e+02 
 2.95120923e+07 -3.33403753e+01  2.95120923e+07 -1.65975803e+02 
 3.01995172e+07 -3.35263649e+01  3.01995172e+07 -1.66813757e+02 
 3.09029543e+07 -3.37109383e+01  3.09029543e+07 -1.67642007e+02 
 3.16227766e+07 -3.38941288e+01  3.16227766e+07 -1.68459758e+02 
 3.23593657e+07 -3.40759667e+01  3.23593657e+07 -1.69266201e+02 
 3.31131121e+07 -3.42564785e+01  3.31131121e+07 -1.70060511e+02 
 3.38844156e+07 -3.44356868e+01  3.38844156e+07 -1.70841854e+02 
 3.46736850e+07 -3.46136102e+01  3.46736850e+07 -1.71609386e+02 
 3.54813389e+07 -3.47902622e+01  3.54813389e+07 -1.72362257e+02 
 3.63078055e+07 -3.49656519e+01  3.63078055e+07 -1.73099616e+02 
 3.71535229e+07 -3.51397828e+01  3.71535229e+07 -1.73820612e+02 
 3.80189396e+07 -3.53126531e+01  3.80189396e+07 -1.74524395e+02 
 3.89045145e+07 -3.54842551e+01  3.89045145e+07 -1.75210123e+02 
 3.98107171e+07 -3.56545748e+01  3.98107171e+07 -1.75876962e+02 
 4.07380278e+07 -3.58235917e+01  4.07380278e+07 -1.76524092e+02 
 4.16869383e+07 -3.59912787e+01  4.16869383e+07 -1.77150708e+02 
 4.26579519e+07 -3.61576016e+01  4.26579519e+07 -1.77756025e+02 
 4.36515832e+07 -3.63225188e+01  4.36515832e+07 -1.78339281e+02 
 4.46683592e+07 -3.64859811e+01  4.46683592e+07 -1.78899741e+02 
 4.57088190e+07 -3.66479317e+01  4.57088190e+07 -1.79436701e+02 
 4.67735141e+07 -3.68083057e+01  4.67735141e+07 -1.79949495e+02 
 4.78630092e+07 -3.69670304e+01  4.78630092e+07  1.79562507e+02 
 4.89778819e+07 -3.71240246e+01  4.89778819e+07  1.79099886e+02 
 5.01187234e+07 -3.72791991e+01  5.01187234e+07  1.78663177e+02 
 5.12861384e+07 -3.74324565e+01  5.12861384e+07  1.78252858e+02 
 5.24807460e+07 -3.75836912e+01  5.24807460e+07  1.77869347e+02 
 5.37031796e+07 -3.77327898e+01  5.37031796e+07  1.77512998e+02 
 5.49540874e+07 -3.78796312e+01  5.49540874e+07  1.77184093e+02 
 5.62341325e+07 -3.80240869e+01  5.62341325e+07  1.76882837e+02 
 5.75439937e+07 -3.81660219e+01  5.75439937e+07  1.76609352e+02 
 5.88843655e+07 -3.83052945e+01  5.88843655e+07  1.76363671e+02 
 6.02559586e+07 -3.84417578e+01  6.02559586e+07  1.76145735e+02 
 6.16595002e+07 -3.85752600e+01  6.16595002e+07  1.75955384e+02 
 6.30957344e+07 -3.87056459e+01  6.30957344e+07  1.75792353e+02 
 6.45654229e+07 -3.88327572e+01  6.45654229e+07  1.75656268e+02 
 6.60693448e+07 -3.89564348e+01  6.60693448e+07  1.75546642e+02 
 6.76082975e+07 -3.90765192e+01  6.76082975e+07  1.75462871e+02 
 6.91830971e+07 -3.91928529e+01  6.91830971e+07  1.75404229e+02 
 7.07945784e+07 -3.93052813e+01  7.07945784e+07  1.75369874e+02 
 7.24435960e+07 -3.94136550e+01  7.24435960e+07  1.75358837e+02 
 7.41310241e+07 -3.95178313e+01  7.41310241e+07  1.75370034e+02 
 7.58577575e+07 -3.96176762e+01  7.58577575e+07  1.75402260e+02 
 7.76247117e+07 -3.97130663e+01  7.76247117e+07  1.75454198e+02 
 7.94328235e+07 -3.98038908e+01  7.94328235e+07  1.75524424e+02 
 8.12830516e+07 -3.98900530e+01  8.12830516e+07  1.75611413e+02 
 8.31763771e+07 -3.99714723e+01  8.31763771e+07  1.75713549e+02 
 8.51138038e+07 -4.00480858e+01  8.51138038e+07  1.75829136e+02 
 8.70963590e+07 -4.01198497e+01  8.70963590e+07  1.75956412e+02 
 8.91250938e+07 -4.01867405e+01  8.91250938e+07  1.76093559e+02 
 9.12010839e+07 -4.02487558e+01  9.12010839e+07  1.76238720e+02 
 9.33254301e+07 -4.03059153e+01  9.33254301e+07  1.76390016e+02 
 9.54992586e+07 -4.03582609e+01  9.54992586e+07  1.76545561e+02 
 9.77237221e+07 -4.04058569e+01  9.77237221e+07  1.76703476e+02 
 1.00000000e+08 -4.04487897e+01  1.00000000e+08  1.76861913e+02 
