 1.00000000e+00  7.79842231e+01  1.00000000e+00  1.78463406e+02 
 1.02329299e+00  7.79838592e+01  1.02329299e+00  1.78430855e+02 
 1.04712855e+00  7.79834958e+01  1.04712855e+00  1.78397527e+02 
 1.07151931e+00  7.79831326e+01  1.07151931e+00  1.78363404e+02 
 1.09647820e+00  7.79827694e+01  1.09647820e+00  1.78328464e+02 
 1.12201845e+00  7.79824056e+01  1.12201845e+00  1.78292689e+02 
 1.14815362e+00  7.79820410e+01  1.14815362e+00  1.78256055e+02 
 1.17489755e+00  7.79816750e+01  1.17489755e+00  1.78218542e+02 
 1.20226443e+00  7.79813072e+01  1.20226443e+00  1.78180128e+02 
 1.23026877e+00  7.79809371e+01  1.23026877e+00  1.78140792e+02 
 1.25892541e+00  7.79805643e+01  1.25892541e+00  1.78100509e+02 
 1.28824955e+00  7.79801881e+01  1.28824955e+00  1.78059258e+02 
 1.31825674e+00  7.79798081e+01  1.31825674e+00  1.78017014e+02 
 1.34896288e+00  7.79794237e+01  1.34896288e+00  1.77973754e+02 
 1.38038426e+00  7.79790342e+01  1.38038426e+00  1.77929454e+02 
 1.41253754e+00  7.79786391e+01  1.41253754e+00  1.77884088e+02 
 1.44543977e+00  7.79782377e+01  1.44543977e+00  1.77837631e+02 
 1.47910839e+00  7.79778293e+01  1.47910839e+00  1.77790058e+02 
 1.51356125e+00  7.79774133e+01  1.51356125e+00  1.77741342e+02 
 1.54881662e+00  7.79769888e+01  1.54881662e+00  1.77691455e+02 
 1.58489319e+00  7.79765551e+01  1.58489319e+00  1.77640372e+02 
 1.62181010e+00  7.79761115e+01  1.62181010e+00  1.77588063e+02 
 1.65958691e+00  7.79756571e+01  1.65958691e+00  1.77534500e+02 
 1.69824365e+00  7.79751910e+01  1.69824365e+00  1.77479655e+02 
 1.73780083e+00  7.79747125e+01  1.73780083e+00  1.77423496e+02 
 1.77827941e+00  7.79742205e+01  1.77827941e+00  1.77365995e+02 
 1.81970086e+00  7.79737141e+01  1.81970086e+00  1.77307120e+02 
 1.86208714e+00  7.79731924e+01  1.86208714e+00  1.77246839e+02 
 1.90546072e+00  7.79726542e+01  1.90546072e+00  1.77185120e+02 
 1.94984460e+00  7.79720986e+01  1.94984460e+00  1.77121931e+02 
 1.99526231e+00  7.79715245e+01  1.99526231e+00  1.77057237e+02 
 2.04173794e+00  7.79709305e+01  2.04173794e+00  1.76991004e+02 
 2.08929613e+00  7.79703157e+01  2.08929613e+00  1.76923197e+02 
 2.13796209e+00  7.79696787e+01  2.13796209e+00  1.76853780e+02 
 2.18776162e+00  7.79690182e+01  2.18776162e+00  1.76782717e+02 
 2.23872114e+00  7.79683329e+01  2.23872114e+00  1.76709969e+02 
 2.29086765e+00  7.79676214e+01  2.29086765e+00  1.76635500e+02 
 2.34422882e+00  7.79668822e+01  2.34422882e+00  1.76559270e+02 
 2.39883292e+00  7.79661138e+01  2.39883292e+00  1.76481239e+02 
 2.45470892e+00  7.79653146e+01  2.45470892e+00  1.76401367e+02 
 2.51188643e+00  7.79644830e+01  2.51188643e+00  1.76319611e+02 
 2.57039578e+00  7.79636171e+01  2.57039578e+00  1.76235930e+02 
 2.63026799e+00  7.79627154e+01  2.63026799e+00  1.76150279e+02 
 2.69153480e+00  7.79617758e+01  2.69153480e+00  1.76062616e+02 
 2.75422870e+00  7.79607964e+01  2.75422870e+00  1.75972894e+02 
 2.81838293e+00  7.79597752e+01  2.81838293e+00  1.75881068e+02 
 2.88403150e+00  7.79587101e+01  2.88403150e+00  1.75787089e+02 
 2.95120923e+00  7.79575988e+01  2.95120923e+00  1.75690911e+02 
 3.01995172e+00  7.79564391e+01  3.01995172e+00  1.75592484e+02 
 3.09029543e+00  7.79552285e+01  3.09029543e+00  1.75491758e+02 
 3.16227766e+00  7.79539645e+01  3.16227766e+00  1.75388681e+02 
 3.23593657e+00  7.79526445e+01  3.23593657e+00  1.75283202e+02 
 3.31131121e+00  7.79512657e+01  3.31131121e+00  1.75175266e+02 
 3.38844156e+00  7.79498253e+01  3.38844156e+00  1.75064820e+02 
 3.46736850e+00  7.79483203e+01  3.46736850e+00  1.74951808e+02 
 3.54813389e+00  7.79467475e+01  3.54813389e+00  1.74836173e+02 
 3.63078055e+00  7.79451038e+01  3.63078055e+00  1.74717858e+02 
 3.71535229e+00  7.79433856e+01  3.71535229e+00  1.74596803e+02 
 3.80189396e+00  7.79415895e+01  3.80189396e+00  1.74472948e+02 
 3.89045145e+00  7.79397117e+01  3.89045145e+00  1.74346233e+02 
 3.98107171e+00  7.79377484e+01  3.98107171e+00  1.74216594e+02 
 4.07380278e+00  7.79356954e+01  4.07380278e+00  1.74083967e+02 
 4.16869383e+00  7.79335486e+01  4.16869383e+00  1.73948289e+02 
 4.26579519e+00  7.79313036e+01  4.26579519e+00  1.73809492e+02 
 4.36515832e+00  7.79289556e+01  4.36515832e+00  1.73667509e+02 
 4.46683592e+00  7.79265000e+01  4.46683592e+00  1.73522272e+02 
 4.57088190e+00  7.79239316e+01  4.57088190e+00  1.73373711e+02 
 4.67735141e+00  7.79212453e+01  4.67735141e+00  1.73221754e+02 
 4.78630092e+00  7.79184354e+01  4.78630092e+00  1.73066329e+02 
 4.89778819e+00  7.79154964e+01  4.89778819e+00  1.72907363e+02 
 5.01187234e+00  7.79124221e+01  5.01187234e+00  1.72744781e+02 
 5.12861384e+00  7.79092063e+01  5.12861384e+00  1.72578506e+02 
 5.24807460e+00  7.79058426e+01  5.24807460e+00  1.72408461e+02 
 5.37031796e+00  7.79023241e+01  5.37031796e+00  1.72234567e+02 
 5.49540874e+00  7.78986437e+01  5.49540874e+00  1.72056745e+02 
 5.62341325e+00  7.78947939e+01  5.62341325e+00  1.71874913e+02 
 5.75439937e+00  7.78907671e+01  5.75439937e+00  1.71688989e+02 
 5.88843655e+00  7.78865551e+01  5.88843655e+00  1.71498890e+02 
 6.02559586e+00  7.78821496e+01  6.02559586e+00  1.71304530e+02 
 6.16595002e+00  7.78775417e+01  6.16595002e+00  1.71105825e+02 
 6.30957344e+00  7.78727222e+01  6.30957344e+00  1.70902686e+02 
 6.45654229e+00  7.78676817e+01  6.45654229e+00  1.70695026e+02 
 6.60693448e+00  7.78624101e+01  6.60693448e+00  1.70482756e+02 
 6.76082975e+00  7.78568970e+01  6.76082975e+00  1.70265786e+02 
 6.91830971e+00  7.78511317e+01  6.91830971e+00  1.70044025e+02 
 7.07945784e+00  7.78451028e+01  7.07945784e+00  1.69817380e+02 
 7.24435960e+00  7.78387986e+01  7.24435960e+00  1.69585759e+02 
 7.41310241e+00  7.78322069e+01  7.41310241e+00  1.69349069e+02 
 7.58577575e+00  7.78253149e+01  7.58577575e+00  1.69107215e+02 
 7.76247117e+00  7.78181094e+01  7.76247117e+00  1.68860102e+02 
 7.94328235e+00  7.78105766e+01  7.94328235e+00  1.68607635e+02 
 8.12830516e+00  7.78027020e+01  8.12830516e+00  1.68349718e+02 
 8.31763771e+00  7.77944709e+01  8.31763771e+00  1.68086254e+02 
 8.51138038e+00  7.77858676e+01  8.51138038e+00  1.67817147e+02 
 8.70963590e+00  7.77768760e+01  8.70963590e+00  1.67542301e+02 
 8.91250938e+00  7.77674795e+01  8.91250938e+00  1.67261618e+02 
 9.12010839e+00  7.77576605e+01  9.12010839e+00  1.66975002e+02 
 9.33254301e+00  7.77474010e+01  9.33254301e+00  1.66682357e+02 
 9.54992586e+00  7.77366822e+01  9.54992586e+00  1.66383587e+02 
 9.77237221e+00  7.77254848e+01  9.77237221e+00  1.66078597e+02 
 1.00000000e+01  7.77137885e+01  1.00000000e+01  1.65767291e+02 
 1.02329299e+01  7.77015724e+01  1.02329299e+01  1.65449578e+02 
 1.04712855e+01  7.76888150e+01  1.04712855e+01  1.65125364e+02 
 1.07151931e+01  7.76754937e+01  1.07151931e+01  1.64794558e+02 
 1.09647820e+01  7.76615854e+01  1.09647820e+01  1.64457071e+02 
 1.12201845e+01  7.76470661e+01  1.12201845e+01  1.64112816e+02 
 1.14815362e+01  7.76319111e+01  1.14815362e+01  1.63761707e+02 
 1.17489755e+01  7.76160947e+01  1.17489755e+01  1.63403661e+02 
 1.20226443e+01  7.75995905e+01  1.20226443e+01  1.63038598e+02 
 1.23026877e+01  7.75823713e+01  1.23026877e+01  1.62666439e+02 
 1.25892541e+01  7.75644089e+01  1.25892541e+01  1.62287112e+02 
 1.28824955e+01  7.75456745e+01  1.28824955e+01  1.61900545e+02 
 1.31825674e+01  7.75261382e+01  1.31825674e+01  1.61506671e+02 
 1.34896288e+01  7.75057694e+01  1.34896288e+01  1.61105428e+02 
 1.38038426e+01  7.74845368e+01  1.38038426e+01  1.60696759e+02 
 1.41253754e+01  7.74624079e+01  1.41253754e+01  1.60280608e+02 
 1.44543977e+01  7.74393497e+01  1.44543977e+01  1.59856930e+02 
 1.47910839e+01  7.74153283e+01  1.47910839e+01  1.59425683e+02 
 1.51356125e+01  7.73903089e+01  1.51356125e+01  1.58986829e+02 
 1.54881662e+01  7.73642561e+01  1.54881662e+01  1.58540341e+02 
 1.58489319e+01  7.73371335e+01  1.58489319e+01  1.58086195e+02 
 1.62181010e+01  7.73089043e+01  1.62181010e+01  1.57624376e+02 
 1.65958691e+01  7.72795308e+01  1.65958691e+01  1.57154877e+02 
 1.69824365e+01  7.72489747e+01  1.69824365e+01  1.56677699e+02 
 1.73780083e+01  7.72171970e+01  1.73780083e+01  1.56192852e+02 
 1.77827941e+01  7.71841583e+01  1.77827941e+01  1.55700353e+02 
 1.81970086e+01  7.71498187e+01  1.81970086e+01  1.55200230e+02 
 1.86208714e+01  7.71141376e+01  1.86208714e+01  1.54692522e+02 
 1.90546072e+01  7.70770743e+01  1.90546072e+01  1.54177275e+02 
 1.94984460e+01  7.70385877e+01  1.94984460e+01  1.53654548e+02 
 1.99526231e+01  7.69986362e+01  1.99526231e+01  1.53124410e+02 
 2.04173794e+01  7.69571785e+01  2.04173794e+01  1.52586942e+02 
 2.08929613e+01  7.69141728e+01  2.08929613e+01  1.52042236e+02 
 2.13796209e+01  7.68695776e+01  2.13796209e+01  1.51490395e+02 
 2.18776162e+01  7.68233512e+01  2.18776162e+01  1.50931535e+02 
 2.23872114e+01  7.67754524e+01  2.23872114e+01  1.50365784e+02 
 2.29086765e+01  7.67258401e+01  2.29086765e+01  1.49793282e+02 
 2.34422882e+01  7.66744737e+01  2.34422882e+01  1.49214183e+02 
 2.39883292e+01  7.66213132e+01  2.39883292e+01  1.48628653e+02 
 2.45470892e+01  7.65663190e+01  2.45470892e+01  1.48036868e+02 
 2.51188643e+01  7.65094523e+01  2.51188643e+01  1.47439022e+02 
 2.57039578e+01  7.64506755e+01  2.57039578e+01  1.46835316e+02 
 2.63026799e+01  7.63899515e+01  2.63026799e+01  1.46225968e+02 
 2.69153480e+01  7.63272447e+01  2.69153480e+01  1.45611205e+02 
 2.75422870e+01  7.62625204e+01  2.75422870e+01  1.44991268e+02 
 2.81838293e+01  7.61957455e+01  2.81838293e+01  1.44366409e+02 
 2.88403150e+01  7.61268883e+01  2.88403150e+01  1.43736891e+02 
 2.95120923e+01  7.60559186e+01  2.95120923e+01  1.43102989e+02 
 3.01995172e+01  7.59828078e+01  3.01995172e+01  1.42464988e+02 
 3.09029543e+01  7.59075294e+01  3.09029543e+01  1.41823182e+02 
 3.16227766e+01  7.58300585e+01  3.16227766e+01  1.41177877e+02 
 3.23593657e+01  7.57503724e+01  3.23593657e+01  1.40529385e+02 
 3.31131121e+01  7.56684503e+01  3.31131121e+01  1.39878026e+02 
 3.38844156e+01  7.55842737e+01  3.38844156e+01  1.39224130e+02 
 3.46736850e+01  7.54978262e+01  3.46736850e+01  1.38568031e+02 
 3.54813389e+01  7.54090940e+01  3.54813389e+01  1.37910070e+02 
 3.63078055e+01  7.53180653e+01  3.63078055e+01  1.37250590e+02 
 3.71535229e+01  7.52247309e+01  3.71535229e+01  1.36589943e+02 
 3.80189396e+01  7.51290841e+01  3.80189396e+01  1.35928479e+02 
 3.89045145e+01  7.50311205e+01  3.89045145e+01  1.35266553e+02 
 3.98107171e+01  7.49308383e+01  3.98107171e+01  1.34604520e+02 
 4.07380278e+01  7.48282382e+01  4.07380278e+01  1.33942734e+02 
 4.16869383e+01  7.47233234e+01  4.16869383e+01  1.33281552e+02 
 4.26579519e+01  7.46160996e+01  4.26579519e+01  1.32621324e+02 
 4.36515832e+01  7.45065748e+01  4.36515832e+01  1.31962402e+02 
 4.46683592e+01  7.43947595e+01  4.46683592e+01  1.31305131e+02 
 4.57088190e+01  7.42806668e+01  4.57088190e+01  1.30649854e+02 
 4.67735141e+01  7.41643117e+01  4.67735141e+01  1.29996906e+02 
 4.78630092e+01  7.40457117e+01  4.78630092e+01  1.29346618e+02 
 4.89778819e+01  7.39248864e+01  4.89778819e+01  1.28699314e+02 
 5.01187234e+01  7.38018576e+01  5.01187234e+01  1.28055308e+02 
 5.12861384e+01  7.36766489e+01  5.12861384e+01  1.27414907e+02 
 5.24807460e+01  7.35492861e+01  5.24807460e+01  1.26778410e+02 
 5.37031796e+01  7.34197965e+01  5.37031796e+01  1.26146106e+02 
 5.49540874e+01  7.32882093e+01  5.49540874e+01  1.25518271e+02 
 5.62341325e+01  7.31545553e+01  5.62341325e+01  1.24895173e+02 
 5.75439937e+01  7.30188667e+01  5.75439937e+01  1.24277069e+02 
 5.88843655e+01  7.28811770e+01  5.88843655e+01  1.23664203e+02 
 6.02559586e+01  7.27415212e+01  6.02559586e+01  1.23056808e+02 
 6.16595002e+01  7.25999353e+01  6.16595002e+01  1.22455106e+02 
 6.30957344e+01  7.24564562e+01  6.30957344e+01  1.21859304e+02 
 6.45654229e+01  7.23111219e+01  6.45654229e+01  1.21269600e+02 
 6.60693448e+01  7.21639711e+01  6.60693448e+01  1.20686177e+02 
 6.76082975e+01  7.20150431e+01  6.76082975e+01  1.20109206e+02 
 6.91830971e+01  7.18643779e+01  6.91830971e+01  1.19538847e+02 
 7.07945784e+01  7.17120160e+01  7.07945784e+01  1.18975246e+02 
 7.24435960e+01  7.15579980e+01  7.24435960e+01  1.18418537e+02 
 7.41310241e+01  7.14023649e+01  7.41310241e+01  1.17868843e+02 
 7.58577575e+01  7.12451579e+01  7.58577575e+01  1.17326274e+02 
 7.76247117e+01  7.10864182e+01  7.76247117e+01  1.16790929e+02 
 7.94328235e+01  7.09261869e+01  7.94328235e+01  1.16262894e+02 
 8.12830516e+01  7.07645051e+01  8.12830516e+01  1.15742245e+02 
 8.31763771e+01  7.06014137e+01  8.31763771e+01  1.15229048e+02 
 8.51138038e+01  7.04369532e+01  8.51138038e+01  1.14723357e+02 
 8.70963590e+01  7.02711638e+01  8.70963590e+01  1.14225217e+02 
 8.91250938e+01  7.01040856e+01  8.91250938e+01  1.13734661e+02 
 9.12010839e+01  6.99357577e+01  9.12010839e+01  1.13251716e+02 
 9.33254301e+01  6.97662192e+01  9.33254301e+01  1.12776396e+02 
 9.54992586e+01  6.95955083e+01  9.54992586e+01  1.12308710e+02 
 9.77237221e+01  6.94236628e+01  9.77237221e+01  1.11848655e+02 
 1.00000000e+02  6.92507197e+01  1.00000000e+02  1.11396225e+02 
 1.02329299e+02  6.90767154e+01  1.02329299e+02  1.10951401e+02 
 1.04712855e+02  6.89016856e+01  1.04712855e+02  1.10514162e+02 
 1.07151931e+02  6.87256652e+01  1.07151931e+02  1.10084475e+02 
 1.09647820e+02  6.85486884e+01  1.09647820e+02  1.09662307e+02 
 1.12201845e+02  6.83707887e+01  1.12201845e+02  1.09247613e+02 
 1.14815362e+02  6.81919986e+01  1.14815362e+02  1.08840346e+02 
 1.17489755e+02  6.80123499e+01  1.17489755e+02  1.08440454e+02 
 1.20226443e+02  6.78318738e+01  1.20226443e+02  1.08047878e+02 
 1.23026877e+02  6.76506003e+01  1.23026877e+02  1.07662556e+02 
 1.25892541e+02  6.74685588e+01  1.25892541e+02  1.07284422e+02 
 1.28824955e+02  6.72857778e+01  1.28824955e+02  1.06913406e+02 
 1.31825674e+02  6.71022851e+01  1.31825674e+02  1.06549435e+02 
 1.34896288e+02  6.69181076e+01  1.34896288e+02  1.06192431e+02 
 1.38038426e+02  6.67332713e+01  1.38038426e+02  1.05842315e+02 
 1.41253754e+02  6.65478016e+01  1.41253754e+02  1.05499005e+02 
 1.44543977e+02  6.63617229e+01  1.44543977e+02  1.05162417e+02 
 1.47910839e+02  6.61750590e+01  1.47910839e+02  1.04832463e+02 
 1.51356125e+02  6.59878327e+01  1.51356125e+02  1.04509056e+02 
 1.54881662e+02  6.58000663e+01  1.54881662e+02  1.04192105e+02 
 1.58489319e+02  6.56117812e+01  1.58489319e+02  1.03881520e+02 
 1.62181010e+02  6.54229981e+01  1.62181010e+02  1.03577208e+02 
 1.65958691e+02  6.52337369e+01  1.65958691e+02  1.03279075e+02 
 1.69824365e+02  6.50440170e+01  1.69824365e+02  1.02987027e+02 
 1.73780083e+02  6.48538569e+01  1.73780083e+02  1.02700969e+02 
 1.77827941e+02  6.46632745e+01  1.77827941e+02  1.02420807e+02 
 1.81970086e+02  6.44722872e+01  1.81970086e+02  1.02146444e+02 
 1.86208714e+02  6.42809115e+01  1.86208714e+02  1.01877785e+02 
 1.90546072e+02  6.40891635e+01  1.90546072e+02  1.01614735e+02 
 1.94984460e+02  6.38970586e+01  1.94984460e+02  1.01357197e+02 
 1.99526231e+02  6.37046116e+01  1.99526231e+02  1.01105076e+02 
 2.04173794e+02  6.35118368e+01  2.04173794e+02  1.00858277e+02 
 2.08929613e+02  6.33187480e+01  2.08929613e+02  1.00616705e+02 
 2.13796209e+02  6.31253582e+01  2.13796209e+02  1.00380267e+02 
 2.18776162e+02  6.29316803e+01  2.18776162e+02  1.00148869e+02 
 2.23872114e+02  6.27377263e+01  2.23872114e+02  9.99224170e+01 
 2.29086765e+02  6.25435080e+01  2.29086765e+02  9.97008204e+01 
 2.34422882e+02  6.23490365e+01  2.34422882e+02  9.94839874e+01 
 2.39883292e+02  6.21543228e+01  2.39883292e+02  9.92718275e+01 
 2.45470892e+02  6.19593771e+01  2.45470892e+02  9.90642514e+01 
 2.51188643e+02  6.17642093e+01  2.51188643e+02  9.88611703e+01 
 2.57039578e+02  6.15688290e+01  2.57039578e+02  9.86624970e+01 
 2.63026799e+02  6.13732454e+01  2.63026799e+02  9.84681448e+01 
 2.69153480e+02  6.11774671e+01  2.69153480e+02  9.82780285e+01 
 2.75422870e+02  6.09815026e+01  2.75422870e+02  9.80920637e+01 
 2.81838293e+02  6.07853600e+01  2.81838293e+02  9.79101675e+01 
 2.88403150e+02  6.05890469e+01  2.88403150e+02  9.77322577e+01 
 2.95120923e+02  6.03925708e+01  2.95120923e+02  9.75582538e+01 
 3.01995172e+02  6.01959387e+01  3.01995172e+02  9.73880760e+01 
 3.09029543e+02  5.99991575e+01  3.09029543e+02  9.72216460e+01 
 3.16227766e+02  5.98022336e+01  3.16227766e+02  9.70588867e+01 
 3.23593657e+02  5.96051732e+01  3.23593657e+02  9.68997222e+01 
 3.31131121e+02  5.94079824e+01  3.31131121e+02  9.67440777e+01 
 3.38844156e+02  5.92106669e+01  3.38844156e+02  9.65918799e+01 
 3.46736850e+02  5.90132321e+01  3.46736850e+02  9.64430565e+01 
 3.54813389e+02  5.88156832e+01  3.54813389e+02  9.62975366e+01 
 3.63078055e+02  5.86180253e+01  3.63078055e+02  9.61552504e+01 
 3.71535229e+02  5.84202632e+01  3.71535229e+02  9.60161294e+01 
 3.80189396e+02  5.82224014e+01  3.80189396e+02  9.58801063e+01 
 3.89045145e+02  5.80244444e+01  3.89045145e+02  9.57471151e+01 
 3.98107171e+02  5.78263963e+01  3.98107171e+02  9.56170909e+01 
 4.07380278e+02  5.76282612e+01  4.07380278e+02  9.54899701e+01 
 4.16869383e+02  5.74300430e+01  4.16869383e+02  9.53656902e+01 
 4.26579519e+02  5.72317452e+01  4.26579519e+02  9.52441899e+01 
 4.36515832e+02  5.70333714e+01  4.36515832e+02  9.51254092e+01 
 4.46683592e+02  5.68349250e+01  4.46683592e+02  9.50092891e+01 
 4.57088190e+02  5.66364093e+01  4.57088190e+02  9.48957717e+01 
 4.67735141e+02  5.64378272e+01  4.67735141e+02  9.47848005e+01 
 4.78630092e+02  5.62391817e+01  4.78630092e+02  9.46763198e+01 
 4.89778819e+02  5.60404757e+01  4.89778819e+02  9.45702753e+01 
 5.01187234e+02  5.58417118e+01  5.01187234e+02  9.44666136e+01 
 5.12861384e+02  5.56428926e+01  5.12861384e+02  9.43652823e+01 
 5.24807460e+02  5.54440207e+01  5.24807460e+02  9.42662303e+01 
 5.37031796e+02  5.52450982e+01  5.37031796e+02  9.41694074e+01 
 5.49540874e+02  5.50461275e+01  5.49540874e+02  9.40747644e+01 
 5.62341325e+02  5.48471107e+01  5.62341325e+02  9.39822532e+01 
 5.75439937e+02  5.46480499e+01  5.75439937e+02  9.38918267e+01 
 5.88843655e+02  5.44489471e+01  5.88843655e+02  9.38034386e+01 
 6.02559586e+02  5.42498041e+01  6.02559586e+02  9.37170438e+01 
 6.16595002e+02  5.40506226e+01  6.16595002e+02  9.36325981e+01 
 6.30957344e+02  5.38514046e+01  6.30957344e+02  9.35500580e+01 
 6.45654229e+02  5.36521515e+01  6.45654229e+02  9.34693812e+01 
 6.60693448e+02  5.34528649e+01  6.60693448e+02  9.33905262e+01 
 6.76082975e+02  5.32535464e+01  6.76082975e+02  9.33134523e+01 
 6.91830971e+02  5.30541973e+01  6.91830971e+02  9.32381198e+01 
 7.07945784e+02  5.28548191e+01  7.07945784e+02  9.31644898e+01 
 7.24435960e+02  5.26554130e+01  7.24435960e+02  9.30925241e+01 
 7.41310241e+02  5.24559803e+01  7.41310241e+02  9.30221856e+01 
 7.58577575e+02  5.22565222e+01  7.58577575e+02  9.29534377e+01 
 7.76247117e+02  5.20570398e+01  7.76247117e+02  9.28862448e+01 
 7.94328235e+02  5.18575342e+01  7.94328235e+02  9.28205720e+01 
 8.12830516e+02  5.16580065e+01  8.12830516e+02  9.27563852e+01 
 8.31763771e+02  5.14584576e+01  8.31763771e+02  9.26936509e+01 
 8.51138038e+02  5.12588885e+01  8.51138038e+02  9.26323365e+01 
 8.70963590e+02  5.10593001e+01  8.70963590e+02  9.25724101e+01 
 8.91250938e+02  5.08596933e+01  8.91250938e+02  9.25138403e+01 
 9.12010839e+02  5.06600689e+01  9.12010839e+02  9.24565966e+01 
 9.33254301e+02  5.04604277e+01  9.33254301e+02  9.24006492e+01 
 9.54992586e+02  5.02607705e+01  9.54992586e+02  9.23459687e+01 
 9.77237221e+02  5.00610979e+01  9.77237221e+02  9.22925265e+01 
 1.00000000e+03  4.98614107e+01  1.00000000e+03  9.22402948e+01 
 1.02329299e+03  4.96617095e+01  1.02329299e+03  9.21892460e+01 
 1.04712855e+03  4.94619950e+01  1.04712855e+03  9.21393536e+01 
 1.07151931e+03  4.92622678e+01  1.07151931e+03  9.20905913e+01 
 1.09647820e+03  4.90625283e+01  1.09647820e+03  9.20429336e+01 
 1.12201845e+03  4.88627773e+01  1.12201845e+03  9.19963554e+01 
 1.14815362e+03  4.86630152e+01  1.14815362e+03  9.19508323e+01 
 1.17489755e+03  4.84632425e+01  1.17489755e+03  9.19063405e+01 
 1.20226443e+03  4.82634597e+01  1.20226443e+03  9.18628564e+01 
 1.23026877e+03  4.80636673e+01  1.23026877e+03  9.18203572e+01 
 1.25892541e+03  4.78638656e+01  1.25892541e+03  9.17788207e+01 
 1.28824955e+03  4.76640552e+01  1.28824955e+03  9.17382249e+01 
 1.31825674e+03  4.74642364e+01  1.31825674e+03  9.16985485e+01 
 1.34896288e+03  4.72644096e+01  1.34896288e+03  9.16597706e+01 
 1.38038426e+03  4.70645752e+01  1.38038426e+03  9.16218707e+01 
 1.41253754e+03  4.68647334e+01  1.41253754e+03  9.15848290e+01 
 1.44543977e+03  4.66648848e+01  1.44543977e+03  9.15486258e+01 
 1.47910839e+03  4.64650295e+01  1.47910839e+03  9.15132422e+01 
 1.51356125e+03  4.62651678e+01  1.51356125e+03  9.14786594e+01 
 1.54881662e+03  4.60653002e+01  1.54881662e+03  9.14448593e+01 
 1.58489319e+03  4.58654268e+01  1.58489319e+03  9.14118239e+01 
 1.62181010e+03  4.56655479e+01  1.62181010e+03  9.13795359e+01 
 1.65958691e+03  4.54656638e+01  1.65958691e+03  9.13479781e+01 
 1.69824365e+03  4.52657747e+01  1.69824365e+03  9.13171341e+01 
 1.73780083e+03  4.50658809e+01  1.73780083e+03  9.12869874e+01 
 1.77827941e+03  4.48659826e+01  1.77827941e+03  9.12575222e+01 
 1.81970086e+03  4.46660799e+01  1.81970086e+03  9.12287229e+01 
 1.86208714e+03  4.44661732e+01  1.86208714e+03  9.12005742e+01 
 1.90546072e+03  4.42662626e+01  1.90546072e+03  9.11730614e+01 
 1.94984460e+03  4.40663482e+01  1.94984460e+03  9.11461698e+01 
 1.99526231e+03  4.38664303e+01  1.99526231e+03  9.11198853e+01 
 2.04173794e+03  4.36665091e+01  2.04173794e+03  9.10941940e+01 
 2.08929613e+03  4.34665847e+01  2.08929613e+03  9.10690822e+01 
 2.13796209e+03  4.32666573e+01  2.13796209e+03  9.10445367e+01 
 2.18776162e+03  4.30667269e+01  2.18776162e+03  9.10205446e+01 
 2.23872114e+03  4.28667939e+01  2.23872114e+03  9.09970931e+01 
 2.29086765e+03  4.26668583e+01  2.29086765e+03  9.09741698e+01 
 2.34422882e+03  4.24669202e+01  2.34422882e+03  9.09517626e+01 
 2.39883292e+03  4.22669798e+01  2.39883292e+03  9.09298596e+01 
 2.45470892e+03  4.20670372e+01  2.45470892e+03  9.09084493e+01 
 2.51188643e+03  4.18670926e+01  2.51188643e+03  9.08875204e+01 
 2.57039578e+03  4.16671460e+01  2.57039578e+03  9.08670617e+01 
 2.63026799e+03  4.14671975e+01  2.63026799e+03  9.08470624e+01 
 2.69153480e+03  4.12672474e+01  2.69153480e+03  9.08275119e+01 
 2.75422870e+03  4.10672956e+01  2.75422870e+03  9.08084000e+01 
 2.81838293e+03  4.08673423e+01  2.81838293e+03  9.07897164e+01 
 2.88403150e+03  4.06673875e+01  2.88403150e+03  9.07714512e+01 
 2.95120923e+03  4.04674315e+01  2.95120923e+03  9.07535949e+01 
 3.01995172e+03  4.02674742e+01  3.01995172e+03  9.07361379e+01 
 3.09029543e+03  4.00675158e+01  3.09029543e+03  9.07190710e+01 
 3.16227766e+03  3.98675563e+01  3.16227766e+03  9.07023851e+01 
 3.23593657e+03  3.96675958e+01  3.23593657e+03  9.06860715e+01 
 3.31131121e+03  3.94676345e+01  3.31131121e+03  9.06701215e+01 
 3.38844156e+03  3.92676724e+01  3.38844156e+03  9.06545265e+01 
 3.46736850e+03  3.90677095e+01  3.46736850e+03  9.06392785e+01 
 3.54813389e+03  3.88677460e+01  3.54813389e+03  9.06243692e+01 
 3.63078055e+03  3.86677819e+01  3.63078055e+03  9.06097908e+01 
 3.71535229e+03  3.84678174e+01  3.71535229e+03  9.05955355e+01 
 3.80189396e+03  3.82678524e+01  3.80189396e+03  9.05815958e+01 
 3.89045145e+03  3.80678871e+01  3.89045145e+03  9.05679644e+01 
 3.98107171e+03  3.78679215e+01  3.98107171e+03  9.05546339e+01 
 4.07380278e+03  3.76679557e+01  4.07380278e+03  9.05415973e+01 
 4.16869383e+03  3.74679898e+01  4.16869383e+03  9.05288477e+01 
 4.26579519e+03  3.72680239e+01  4.26579519e+03  9.05163784e+01 
 4.36515832e+03  3.70680580e+01  4.36515832e+03  9.05041826e+01 
 4.46683592e+03  3.68680921e+01  4.46683592e+03  9.04922541e+01 
 4.57088190e+03  3.66681265e+01  4.57088190e+03  9.04805863e+01 
 4.67735141e+03  3.64681611e+01  4.67735141e+03  9.04691732e+01 
 4.78630092e+03  3.62681960e+01  4.78630092e+03  9.04580086e+01 
 4.89778819e+03  3.60682313e+01  4.89778819e+03  9.04470867e+01 
 5.01187234e+03  3.58682670e+01  5.01187234e+03  9.04364016e+01 
 5.12861384e+03  3.56683033e+01  5.12861384e+03  9.04259477e+01 
 5.24807460e+03  3.54683402e+01  5.24807460e+03  9.04157194e+01 
 5.37031796e+03  3.52683778e+01  5.37031796e+03  9.04057112e+01 
 5.49540874e+03  3.50684162e+01  5.49540874e+03  9.03959180e+01 
 5.62341325e+03  3.48684554e+01  5.62341325e+03  9.03863344e+01 
 5.75439937e+03  3.46684956e+01  5.75439937e+03  9.03769553e+01 
 5.88843655e+03  3.44685368e+01  5.88843655e+03  9.03677759e+01 
 6.02559586e+03  3.42685791e+01  6.02559586e+03  9.03587911e+01 
 6.16595002e+03  3.40686226e+01  6.16595002e+03  9.03499962e+01 
 6.30957344e+03  3.38686674e+01  6.30957344e+03  9.03413865e+01 
 6.45654229e+03  3.36687136e+01  6.45654229e+03  9.03329575e+01 
 6.60693448e+03  3.34687613e+01  6.60693448e+03  9.03247046e+01 
 6.76082975e+03  3.32688105e+01  6.76082975e+03  9.03166234e+01 
 6.91830971e+03  3.30688615e+01  6.91830971e+03  9.03087097e+01 
 7.07945784e+03  3.28689142e+01  7.07945784e+03  9.03009591e+01 
 7.24435960e+03  3.26689688e+01  7.24435960e+03  9.02933676e+01 
 7.41310241e+03  3.24690255e+01  7.41310241e+03  9.02859311e+01 
 7.58577575e+03  3.22690844e+01  7.58577575e+03  9.02786456e+01 
 7.76247117e+03  3.20691454e+01  7.76247117e+03  9.02715073e+01 
 7.94328235e+03  3.18692089e+01  7.94328235e+03  9.02645122e+01 
 8.12830516e+03  3.16692750e+01  8.12830516e+03  9.02576566e+01 
 8.31763771e+03  3.14693437e+01  8.31763771e+03  9.02509369e+01 
 8.51138038e+03  3.12694152e+01  8.51138038e+03  9.02443494e+01 
 8.70963590e+03  3.10694897e+01  8.70963590e+03  9.02378905e+01 
 8.91250938e+03  3.08695673e+01  8.91250938e+03  9.02315569e+01 
 9.12010839e+03  3.06696482e+01  9.12010839e+03  9.02253450e+01 
 9.33254301e+03  3.04697326e+01  9.33254301e+03  9.02192515e+01 
 9.54992586e+03  3.02698206e+01  9.54992586e+03  9.02132731e+01 
 9.77237221e+03  3.00699125e+01  9.77237221e+03  9.02074065e+01 
 1.00000000e+04  2.98700083e+01  1.00000000e+04  9.02016486e+01 
 1.02329299e+04  2.96701084e+01  1.02329299e+04  9.01959961e+01 
 1.04712855e+04  2.94702129e+01  1.04712855e+04  9.01904460e+01 
 1.07151931e+04  2.92703221e+01  1.07151931e+04  9.01849953e+01 
 1.09647820e+04  2.90704362e+01  1.09647820e+04  9.01796410e+01 
 1.12201845e+04  2.88705554e+01  1.12201845e+04  9.01743799e+01 
 1.14815362e+04  2.86706800e+01  1.14815362e+04  9.01692094e+01 
 1.17489755e+04  2.84708102e+01  1.17489755e+04  9.01641264e+01 
 1.20226443e+04  2.82709463e+01  1.20226443e+04  9.01591281e+01 
 1.23026877e+04  2.80710886e+01  1.23026877e+04  9.01542117e+01 
 1.25892541e+04  2.78712375e+01  1.25892541e+04  9.01493744e+01 
 1.28824955e+04  2.76713931e+01  1.28824955e+04  9.01446135e+01 
 1.31825674e+04  2.74715559e+01  1.31825674e+04  9.01399263e+01 
 1.34896288e+04  2.72717262e+01  1.34896288e+04  9.01353099e+01 
 1.38038426e+04  2.70719044e+01  1.38038426e+04  9.01307618e+01 
 1.41253754e+04  2.68720907e+01  1.41253754e+04  9.01262794e+01 
 1.44543977e+04  2.66722857e+01  1.44543977e+04  9.01218598e+01 
 1.47910839e+04  2.64724897e+01  1.47910839e+04  9.01175006e+01 
 1.51356125e+04  2.62727032e+01  1.51356125e+04  9.01131991e+01 
 1.54881662e+04  2.60729265e+01  1.54881662e+04  9.01089528e+01 
 1.58489319e+04  2.58731603e+01  1.58489319e+04  9.01047589e+01 
 1.62181010e+04  2.56734049e+01  1.62181010e+04  9.01006149e+01 
 1.65958691e+04  2.54736608e+01  1.65958691e+04  9.00965182e+01 
 1.69824365e+04  2.52739287e+01  1.69824365e+04  9.00924662e+01 
 1.73780083e+04  2.50742091e+01  1.73780083e+04  9.00884563e+01 
 1.77827941e+04  2.48745025e+01  1.77827941e+04  9.00844859e+01 
 1.81970086e+04  2.46748096e+01  1.81970086e+04  9.00805523e+01 
 1.86208714e+04  2.44751310e+01  1.86208714e+04  9.00766529e+01 
 1.90546072e+04  2.42754674e+01  1.90546072e+04  9.00727850e+01 
 1.94984460e+04  2.40758195e+01  1.94984460e+04  9.00689459e+01 
 1.99526231e+04  2.38761880e+01  1.99526231e+04  9.00651328e+01 
 2.04173794e+04  2.36765738e+01  2.04173794e+04  9.00613431e+01 
 2.08929613e+04  2.34769775e+01  2.08929613e+04  9.00575740e+01 
 2.13796209e+04  2.32774001e+01  2.13796209e+04  9.00538224e+01 
 2.18776162e+04  2.30778424e+01  2.18776162e+04  9.00500856e+01 
 2.23872114e+04  2.28783054e+01  2.23872114e+04  9.00463606e+01 
 2.29086765e+04  2.26787899e+01  2.29086765e+04  9.00426444e+01 
 2.34422882e+04  2.24792971e+01  2.34422882e+04  9.00389338e+01 
 2.39883292e+04  2.22798280e+01  2.39883292e+04  9.00352258e+01 
 2.45470892e+04  2.20803836e+01  2.45470892e+04  9.00315170e+01 
 2.51188643e+04  2.18809651e+01  2.51188643e+04  9.00278041e+01 
 2.57039578e+04  2.16815738e+01  2.57039578e+04  9.00240837e+01 
 2.63026799e+04  2.14822108e+01  2.63026799e+04  9.00203522e+01 
 2.69153480e+04  2.12828775e+01  2.69153480e+04  9.00166060e+01 
 2.75422870e+04  2.10835753e+01  2.75422870e+04  9.00128412e+01 
 2.81838293e+04  2.08843056e+01  2.81838293e+04  9.00090539e+01 
 2.88403150e+04  2.06850699e+01  2.88403150e+04  9.00052402e+01 
 2.95120923e+04  2.04858698e+01  2.95120923e+04  9.00013956e+01 
 3.01995172e+04  2.02867069e+01  3.01995172e+04  8.99975159e+01 
 3.09029543e+04  2.00875829e+01  3.09029543e+04  8.99935964e+01 
 3.16227766e+04  1.98884996e+01  3.16227766e+04  8.99896323e+01 
 3.23593657e+04  1.96894588e+01  3.23593657e+04  8.99856186e+01 
 3.31131121e+04  1.94904627e+01  3.31131121e+04  8.99815502e+01 
 3.38844156e+04  1.92915130e+01  3.38844156e+04  8.99774215e+01 
 3.46736850e+04  1.90926121e+01  3.46736850e+04  8.99732268e+01 
 3.54813389e+04  1.88937621e+01  3.54813389e+04  8.99689601e+01 
 3.63078055e+04  1.86949653e+01  3.63078055e+04  8.99646150e+01 
 3.71535229e+04  1.84962242e+01  3.71535229e+04  8.99601850e+01 
 3.80189396e+04  1.82975412e+01  3.80189396e+04  8.99556629e+01 
 3.89045145e+04  1.80989191e+01  3.89045145e+04  8.99510416e+01 
 3.98107171e+04  1.79003605e+01  3.98107171e+04  8.99463132e+01 
 4.07380278e+04  1.77018683e+01  4.07380278e+04  8.99414696e+01 
 4.16869383e+04  1.75034456e+01  4.16869383e+04  8.99365021e+01 
 4.26579519e+04  1.73050954e+01  4.26579519e+04  8.99314017e+01 
 4.36515832e+04  1.71068210e+01  4.36515832e+04  8.99261587e+01 
 4.46683592e+04  1.69086258e+01  4.46683592e+04  8.99207630e+01 
 4.57088190e+04  1.67105133e+01  4.57088190e+04  8.99152038e+01 
 4.67735141e+04  1.65124872e+01  4.67735141e+04  8.99094698e+01 
 4.78630092e+04  1.63145514e+01  4.78630092e+04  8.99035490e+01 
 4.89778819e+04  1.61167097e+01  4.89778819e+04  8.98974287e+01 
 5.01187234e+04  1.59189665e+01  5.01187234e+04  8.98910953e+01 
 5.12861384e+04  1.57213259e+01  5.12861384e+04  8.98845346e+01 
 5.24807460e+04  1.55237925e+01  5.24807460e+04  8.98777315e+01 
 5.37031796e+04  1.53263710e+01  5.37031796e+04  8.98706699e+01 
 5.49540874e+04  1.51290663e+01  5.49540874e+04  8.98633329e+01 
 5.62341325e+04  1.49318833e+01  5.62341325e+04  8.98557024e+01 
 5.75439937e+04  1.47348274e+01  5.75439937e+04  8.98477594e+01 
 5.88843655e+04  1.45379040e+01  5.88843655e+04  8.98394835e+01 
 6.02559586e+04  1.43411189e+01  6.02559586e+04  8.98308533e+01 
 6.16595002e+04  1.41444777e+01  6.16595002e+04  8.98218460e+01 
 6.30957344e+04  1.39479868e+01  6.30957344e+04  8.98124374e+01 
 6.45654229e+04  1.37516524e+01  6.45654229e+04  8.98026020e+01 
 6.60693448e+04  1.35554810e+01  6.60693448e+04  8.97923124e+01 
 6.76082975e+04  1.33594795e+01  6.76082975e+04  8.97815400e+01 
 6.91830971e+04  1.31636549e+01  6.91830971e+04  8.97702541e+01 
 7.07945784e+04  1.29680145e+01  7.07945784e+04  8.97584223e+01 
 7.24435960e+04  1.27725659e+01  7.24435960e+04  8.97460103e+01 
 7.41310241e+04  1.25773167e+01  7.41310241e+04  8.97329817e+01 
 7.58577575e+04  1.23822751e+01  7.58577575e+04  8.97192978e+01 
 7.76247117e+04  1.21874494e+01  7.76247117e+04  8.97049178e+01 
 7.94328235e+04  1.19928481e+01  7.94328235e+04  8.96897983e+01 
 8.12830516e+04  1.17984800e+01  8.12830516e+04  8.96738935e+01 
 8.31763771e+04  1.16043544e+01  8.31763771e+04  8.96571548e+01 
 8.51138038e+04  1.14104805e+01  8.51138038e+04  8.96395309e+01 
 8.70963590e+04  1.12168680e+01  8.70963590e+04  8.96209673e+01 
 8.91250938e+04  1.10235267e+01  8.91250938e+04  8.96014066e+01 
 9.12010839e+04  1.08304670e+01  9.12010839e+04  8.95807880e+01 
 9.33254301e+04  1.06376991e+01  9.33254301e+04  8.95590472e+01 
 9.54992586e+04  1.04452337e+01  9.54992586e+04  8.95361164e+01 
 9.77237221e+04  1.02530819e+01  9.77237221e+04  8.95119240e+01 
 1.00000000e+05  1.00612547e+01  1.00000000e+05  8.94863943e+01 
 1.02329299e+05  9.86976355e+00  1.02329299e+05  8.94594476e+01 
 1.04712855e+05  9.67862014e+00  1.04712855e+05  8.94310000e+01 
 1.07151931e+05  9.48783629e+00  1.07151931e+05  8.94009628e+01 
 1.09647820e+05  9.29742404e+00  1.09647820e+05  8.93692430e+01 
 1.12201845e+05  9.10739563e+00  1.12201845e+05  8.93357424e+01 
 1.14815362e+05  8.91776345e+00  1.14815362e+05  8.93003580e+01 
 1.17489755e+05  8.72854006e+00  1.17489755e+05  8.92629815e+01 
 1.20226443e+05  8.53973812e+00  1.20226443e+05  8.92234991e+01 
 1.23026877e+05  8.35137042e+00  1.23026877e+05  8.91817917e+01 
 1.25892541e+05  8.16344981e+00  1.25892541e+05  8.91377341e+01 
 1.28824955e+05  7.97598920e+00  1.28824955e+05  8.90911955e+01 
 1.31825674e+05  7.78900150e+00  1.31825674e+05  8.90420390e+01 
 1.34896288e+05  7.60249964e+00  1.34896288e+05  8.89901213e+01 
 1.38038426e+05  7.41649648e+00  1.38038426e+05  8.89352928e+01 
 1.41253754e+05  7.23100480e+00  1.41253754e+05  8.88773977e+01 
 1.44543977e+05  7.04603726e+00  1.44543977e+05  8.88162733e+01 
 1.47910839e+05  6.86160633e+00  1.47910839e+05  8.87517503e+01 
 1.51356125e+05  6.67772431e+00  1.51356125e+05  8.86836529e+01 
 1.54881662e+05  6.49440321e+00  1.54881662e+05  8.86117981e+01 
 1.58489319e+05  6.31165476e+00  1.58489319e+05  8.85359963e+01 
 1.62181010e+05  6.12949032e+00  1.62181010e+05  8.84560512e+01 
 1.65958691e+05  5.94792086e+00  1.65958691e+05  8.83717594e+01 
 1.69824365e+05  5.76695689e+00  1.69824365e+05  8.82829108e+01 
 1.73780083e+05  5.58660841e+00  1.73780083e+05  8.81892888e+01 
 1.77827941e+05  5.40688486e+00  1.77827941e+05  8.80906701e+01 
 1.81970086e+05  5.22779508e+00  1.81970086e+05  8.79868248e+01 
 1.86208714e+05  5.04934723e+00  1.86208714e+05  8.78775169e+01 
 1.90546072e+05  4.87154875e+00  1.90546072e+05  8.77625046e+01 
 1.94984460e+05  4.69440633e+00  1.94984460e+05  8.76415398e+01 
 1.99526231e+05  4.51792583e+00  1.99526231e+05  8.75143694e+01 
 2.04173794e+05  4.34211226e+00  2.04173794e+05  8.73807349e+01 
 2.08929613e+05  4.16696971e+00  2.08929613e+05  8.72403730e+01 
 2.13796209e+05  3.99250135e+00  2.13796209e+05  8.70930162e+01 
 2.18776162e+05  3.81870934e+00  2.18776162e+05  8.69383928e+01 
 2.23872114e+05  3.64559486e+00  2.23872114e+05  8.67762280e+01 
 2.29086765e+05  3.47315804e+00  2.29086765e+05  8.66062439e+01 
 2.34422882e+05  3.30139797e+00  2.34422882e+05  8.64281602e+01 
 2.39883292e+05  3.13031267e+00  2.39883292e+05  8.62416948e+01 
 2.45470892e+05  2.95989910e+00  2.45470892e+05  8.60465646e+01 
 2.51188643e+05  2.79015315e+00  2.51188643e+05  8.58424858e+01 
 2.57039578e+05  2.62106968e+00  2.57039578e+05  8.56291747e+01 
 2.63026799e+05  2.45264250e+00  2.63026799e+05  8.54063484e+01 
 2.69153480e+05  2.28486443e+00  2.69153480e+05  8.51737256e+01 
 2.75422870e+05  2.11772733e+00  2.75422870e+05  8.49310268e+01 
 2.81838293e+05  1.95122214e+00  2.81838293e+05  8.46779757e+01 
 2.88403150e+05  1.78533898e+00  2.88403150e+05  8.44142991e+01 
 2.95120923e+05  1.62006715e+00  2.95120923e+05  8.41397282e+01 
 3.01995172e+05  1.45539527e+00  3.01995172e+05  8.38539988e+01 
 3.09029543e+05  1.29131133e+00  3.09029543e+05  8.35568521e+01 
 3.16227766e+05  1.12780280e+00  3.16227766e+05  8.32480353e+01 
 3.23593657e+05  9.64856736e-01  3.23593657e+05  8.29273022e+01 
 3.31131121e+05  8.02459882e-01  3.31131121e+05  8.25944133e+01 
 3.38844156e+05  6.40598796e-01  3.38844156e+05  8.22491369e+01 
 3.46736850e+05  4.79259975e-01  3.46736850e+05  8.18912488e+01 
 3.54813389e+05  3.18429983e-01  3.54813389e+05  8.15205332e+01 
 3.63078055e+05  1.58095585e-01  3.63078055e+05  8.11367827e+01 
 3.71535229e+05 -1.75611263e-03  3.71535229e+05  8.07397985e+01 
 3.80189396e+05 -1.61137522e-01  3.80189396e+05  8.03293909e+01 
 3.89045145e+05 -3.20060436e-01  3.89045145e+05  7.99053786e+01 
 3.98107171e+05 -4.78535883e-01  3.98107171e+05  7.94675897e+01 
 4.07380278e+05 -6.36573990e-01  4.07380278e+05  7.90158609e+01 
 4.16869383e+05 -7.94183847e-01  4.16869383e+05  7.85500376e+01 
 4.26579519e+05 -9.51373372e-01  4.26579519e+05  7.80699740e+01 
 4.36515832e+05 -1.10814918e+00  4.36515832e+05  7.75755323e+01 
 4.46683592e+05 -1.26451648e+00  4.46683592e+05  7.70665828e+01 
 4.57088190e+05 -1.42047893e+00  4.57088190e+05  7.65430036e+01 
 4.67735141e+05 -1.57603854e+00  4.67735141e+05  7.60046796e+01 
 4.78630092e+05 -1.73119562e+00  4.78630092e+05  7.54515029e+01 
 4.89778819e+05 -1.88594863e+00  4.89778819e+05  7.48833716e+01 
 5.01187234e+05 -2.04029412e+00  5.01187234e+05  7.43001893e+01 
 5.12861384e+05 -2.19422672e+00  5.12861384e+05  7.37018651e+01 
 5.24807460e+05 -2.34773900e+00  5.24807460e+05  7.30883123e+01 
 5.37031796e+05 -2.50082151e+00  5.37031796e+05  7.24594485e+01 
 5.49540874e+05 -2.65346271e+00  5.49540874e+05  7.18151941e+01 
 5.62341325e+05 -2.80564899e+00  5.62341325e+05  7.11554725e+01 
 5.75439937e+05 -2.95736465e+00  5.75439937e+05  7.04802090e+01 
 5.88843655e+05 -3.10859190e+00  5.88843655e+05  6.97893303e+01 
 6.02559586e+05 -3.25931096e+00  6.02559586e+05  6.90827640e+01 
 6.16595002e+05 -3.40950002e+00  6.16595002e+05  6.83604375e+01 
 6.30957344e+05 -3.55913536e+00  6.30957344e+05  6.76222783e+01 
 6.45654229e+05 -3.70819142e+00  6.45654229e+05  6.68682124e+01 
 6.60693448e+05 -3.85664086e+00  6.60693448e+05  6.60981645e+01 
 6.76082975e+05 -4.00445468e+00  6.76082975e+05  6.53120573e+01 
 6.91830971e+05 -4.15160237e+00  6.91830971e+05  6.45098107e+01 
 7.07945784e+05 -4.29805199e+00  7.07945784e+05  6.36913419e+01 
 7.24435960e+05 -4.44377036e+00  7.24435960e+05  6.28565644e+01 
 7.41310241e+05 -4.58872321e+00  7.41310241e+05  6.20053879e+01 
 7.58577575e+05 -4.73287533e+00  7.58577575e+05  6.11377179e+01 
 7.76247117e+05 -4.87619084e+00  7.76247117e+05  6.02534553e+01 
 7.94328235e+05 -5.01863330e+00  7.94328235e+05  5.93524962e+01 
 8.12830516e+05 -5.16016603e+00  8.12830516e+05  5.84347314e+01 
 8.31763771e+05 -5.30075225e+00  8.31763771e+05  5.75000464e+01 
 8.51138038e+05 -5.44035541e+00  8.51138038e+05  5.65483211e+01 
 8.70963590e+05 -5.57893944e+00  8.70963590e+05  5.55794295e+01 
 8.91250938e+05 -5.71646900e+00  8.91250938e+05  5.45932398e+01 
 9.12010839e+05 -5.85290984e+00  9.12010839e+05  5.35896139e+01 
 9.33254301e+05 -5.98822905e+00  9.33254301e+05  5.25684077e+01 
 9.54992586e+05 -6.12239544e+00  9.54992586e+05  5.15294708e+01 
 9.77237221e+05 -6.25537989e+00  9.77237221e+05  5.04726465e+01 
 1.00000000e+06 -6.38715568e+00  1.00000000e+06  4.93977721e+01 
 1.02329299e+06 -6.51769891e+00  1.02329299e+06  4.83046786e+01 
 1.04712855e+06 -6.64698886e+00  1.04712855e+06  4.71931912e+01 
 1.07151931e+06 -6.77500846e+00  1.07151931e+06  4.60631290e+01 
 1.09647820e+06 -6.90174467e+00  1.09647820e+06  4.49143060e+01 
 1.12201845e+06 -7.02718894e+00  1.12201845e+06  4.37465309e+01 
 1.14815362e+06 -7.15133771e+00  1.14815362e+06  4.25596076e+01 
 1.17489755e+06 -7.27419282e+00  1.17489755e+06  4.13533363e+01 
 1.20226443e+06 -7.39576207e+00  1.20226443e+06  4.01275135e+01 
 1.23026877e+06 -7.51605965e+00  1.23026877e+06  3.88819335e+01 
 1.25892541e+06 -7.63510671e+00  1.25892541e+06  3.76163891e+01 
 1.28824955e+06 -7.75293183e+00  1.28824955e+06  3.63306730e+01 
 1.31825674e+06 -7.86957160e+00  1.31825674e+06  3.50245794e+01 
 1.34896288e+06 -7.98507106e+00  1.34896288e+06  3.36979055e+01 
 1.38038426e+06 -8.09948428e+00  1.38038426e+06  3.23504535e+01 
 1.41253754e+06 -8.21287484e+00  1.41253754e+06  3.09820336e+01 
 1.44543977e+06 -8.32531635e+00  1.44543977e+06  2.95924656e+01 
 1.47910839e+06 -8.43689290e+00  1.47910839e+06  2.81815831e+01 
 1.51356125e+06 -8.54769949e+00  1.51356125e+06  2.67492362e+01 
 1.54881662e+06 -8.65784251e+00  1.54881662e+06  2.52952957e+01 
 1.58489319e+06 -8.76744001e+00  1.58489319e+06  2.38196572e+01 
 1.62181010e+06 -8.87662209e+00  1.62181010e+06  2.23222465e+01 
 1.65958691e+06 -8.98553110e+00  1.65958691e+06  2.08030241e+01 
 1.69824365e+06 -9.09432180e+00  1.69824365e+06  1.92619917e+01 
 1.73780083e+06 -9.20316146e+00  1.73780083e+06  1.76991977e+01 
 1.77827941e+06 -9.31222980e+00  1.77827941e+06  1.61147448e+01 
 1.81970086e+06 -9.42171886e+00  1.81970086e+06  1.45087961e+01 
 1.86208714e+06 -9.53183267e+00  1.86208714e+06  1.28815835e+01 
 1.90546072e+06 -9.64278688e+00  1.90546072e+06  1.12334150e+01 
 1.94984460e+06 -9.75480814e+00  1.94984460e+06  9.56468257e+00 
 1.99526231e+06 -9.86813332e+00  1.99526231e+06  7.87587103e+00 
 2.04173794e+06 -9.98300857e+00  2.04173794e+06  6.16756562e+00 
 2.08929613e+06 -1.00996882e+01  2.08929613e+06  4.44046035e+00 
 2.13796209e+06 -1.02184334e+01  2.13796209e+06  2.69536584e+00 
 2.18776162e+06 -1.03395105e+01  2.18776162e+06  9.33216709e-01 
 2.23872114e+06 -1.04631895e+01  2.23872114e+06 -8.44921561e-01 
 2.29086765e+06 -1.05897419e+01  2.29086765e+06 -2.63784653e+00 
 2.34422882e+06 -1.07194389e+01  2.34422882e+06 -4.44421368e+00 
 2.39883292e+06 -1.08525487e+01  2.39883292e+06 -6.26253236e+00 
 2.45470892e+06 -1.09893344e+01  2.45470892e+06 -8.09116311e+00 
 2.51188643e+06 -1.11300511e+01  2.51188643e+06 -9.92831632e+00 
 2.57039578e+06 -1.12749436e+01  2.57039578e+06 -1.17720526e+01 
 2.63026799e+06 -1.14242432e+01  2.63026799e+06 -1.36202846e+01 
 2.69153480e+06 -1.15781651e+01  2.69153480e+06 -1.54707813e+01 
 2.75422870e+06 -1.17369054e+01  2.75422870e+06 -1.73211732e+01 
 2.81838293e+06 -1.19006384e+01  2.81838293e+06 -1.91689604e+01 
 2.88403150e+06 -1.20695135e+01  2.88403150e+06 -2.10115223e+01 
 2.95120923e+06 -1.22436525e+01  2.95120923e+06 -2.28461292e+01 
 3.01995172e+06 -1.24231468e+01  3.01995172e+06 -2.46699564e+01 
 3.09029543e+06 -1.26080552e+01  3.09029543e+06 -2.64801003e+01 
 3.16227766e+06 -1.27984009e+01  3.16227766e+06 -2.82735968e+01 
 3.23593657e+06 -1.29941696e+01  3.23593657e+06 -3.00474416e+01 
 3.31131121e+06 -1.31953074e+01  3.31131121e+06 -3.17986133e+01 
 3.38844156e+06 -1.34017191e+01  3.38844156e+06 -3.35240989e+01 
 3.46736850e+06 -1.36132669e+01  3.46736850e+06 -3.52209210e+01 
 3.54813389e+06 -1.38297693e+01  3.54813389e+06 -3.68861679e+01 
 3.63078055e+06 -1.40510007e+01  3.63078055e+06 -3.85170259e+01 
 3.71535229e+06 -1.42766919e+01  3.71535229e+06 -4.01108129e+01 
 3.80189396e+06 -1.45065307e+01  3.80189396e+06 -4.16650140e+01 
 3.89045145e+06 -1.47401634e+01  3.89045145e+06 -4.31773170e+01 
 3.98107171e+06 -1.49771978e+01  3.98107171e+06 -4.46456492e+01 
 4.07380278e+06 -1.52172066e+01  4.07380278e+06 -4.60682112e+01 
 4.16869383e+06 -1.54597313e+01  4.16869383e+06 -4.74435102e+01 
 4.26579519e+06 -1.57042884e+01  4.26579519e+06 -4.87703882e+01 
 4.36515832e+06 -1.59503747e+01  4.36515832e+06 -5.00480459e+01 
 4.46683592e+06 -1.61974752e+01  4.46683592e+06 -5.12760601e+01 
 4.57088190e+06 -1.64450695e+01  4.57088190e+06 -5.24543933e+01 
 4.67735141e+06 -1.66926406e+01  4.67735141e+06 -5.35833951e+01 
 4.78630092e+06 -1.69396820e+01  4.78630092e+06 -5.46637945e+01 
 4.89778819e+06 -1.71857059e+01  4.89778819e+06 -5.56966839e+01 
 5.01187234e+06 -1.74302497e+01  5.01187234e+06 -5.66834932e+01 
 5.12861384e+06 -1.76728827e+01  5.12861384e+06 -5.76259575e+01 
 5.24807460e+06 -1.79132112e+01  5.24807460e+06 -5.85260778e+01 
 5.37031796e+06 -1.81508824e+01  5.37031796e+06 -5.93860770e+01 
 5.49540874e+06 -1.83855875e+01  5.49540874e+06 -6.02083531e+01 
 5.62341325e+06 -1.86170629e+01  5.62341325e+06 -6.09954312e+01 
 5.75439937e+06 -1.88450905e+01  5.75439937e+06 -6.17499168e+01 
 5.88843655e+06 -1.90694962e+01  5.88843655e+06 -6.24744510e+01 
 6.02559586e+06 -1.92901484e+01  6.02559586e+06 -6.31716704e+01 
 6.16595002e+06 -1.95069549e+01  6.16595002e+06 -6.38441709e+01 
 6.30957344e+06 -1.97198592e+01  6.30957344e+06 -6.44944782e+01 
 6.45654229e+06 -1.99288364e+01  6.45654229e+06 -6.51250235e+01 
 6.60693448e+06 -2.01338896e+01  6.60693448e+06 -6.57381255e+01 
 6.76082975e+06 -2.03350449e+01  6.76082975e+06 -6.63359777e+01 
 6.91830971e+06 -2.05323478e+01  6.91830971e+06 -6.69206412e+01 
 7.07945784e+06 -2.07258594e+01  7.07945784e+06 -6.74940418e+01 
 7.24435960e+06 -2.09156521e+01  7.24435960e+06 -6.80579712e+01 
 7.41310241e+06 -2.11018073e+01  7.41310241e+06 -6.86140904e+01 
 7.58577575e+06 -2.12844120e+01  7.58577575e+06 -6.91639364e+01 
 7.76247117e+06 -2.14635568e+01  7.76247117e+06 -6.97089302e+01 
 7.94328235e+06 -2.16393338e+01  7.94328235e+06 -7.02503857e+01 
 8.12830516e+06 -2.18118348e+01  8.12830516e+06 -7.07895193e+01 
 8.31763771e+06 -2.19811507e+01  8.31763771e+06 -7.13274597e+01 
 8.51138038e+06 -2.21473699e+01  8.51138038e+06 -7.18652572e+01 
 8.70963590e+06 -2.23105782e+01  8.70963590e+06 -7.24038930e+01 
 8.91250938e+06 -2.24708581e+01  8.91250938e+06 -7.29442877e+01 
 9.12010839e+06 -2.26282889e+01  9.12010839e+06 -7.34873090e+01 
 9.33254301e+06 -2.27829463e+01  9.33254301e+06 -7.40337782e+01 
 9.54992586e+06 -2.29349026e+01  9.54992586e+06 -7.45844769e+01 
 9.77237221e+06 -2.30842273e+01  9.77237221e+06 -7.51401517e+01 
 1.00000000e+07 -2.32309867e+01  1.00000000e+07 -7.57015188e+01 
 1.02329299e+07 -2.33752446e+01  1.02329299e+07 -7.62692676e+01 
 1.04712855e+07 -2.35170627e+01  1.04712855e+07 -7.68440635e+01 
 1.07151931e+07 -2.36565007e+01  1.07151931e+07 -7.74265503e+01 
 1.09647820e+07 -2.37936168e+01  1.09647820e+07 -7.80173514e+01 
 1.12201845e+07 -2.39284682e+01  1.12201845e+07 -7.86170712e+01 
 1.14815362e+07 -2.40611110e+01  1.14815362e+07 -7.92262958e+01 
 1.17489755e+07 -2.41916012e+01  1.17489755e+07 -7.98455924e+01 
 1.20226443e+07 -2.43199944e+01  1.20226443e+07 -8.04755100e+01 
 1.23026877e+07 -2.44463464e+01  1.23026877e+07 -8.11165779e+01 
 1.25892541e+07 -2.45707135e+01  1.25892541e+07 -8.17693055e+01 
 1.28824955e+07 -2.46931523e+01  1.28824955e+07 -8.24341808e+01 
 1.31825674e+07 -2.48137205e+01  1.31825674e+07 -8.31116693e+01 
 1.34896288e+07 -2.49324767e+01  1.34896288e+07 -8.38022124e+01 
 1.38038426e+07 -2.50494808e+01  1.38038426e+07 -8.45062258e+01 
 1.41253754e+07 -2.51647937e+01  1.41253754e+07 -8.52240980e+01 
 1.44543977e+07 -2.52784777e+01  1.44543977e+07 -8.59561882e+01 
 1.47910839e+07 -2.53905967e+01  1.47910839e+07 -8.67028246e+01 
 1.51356125e+07 -2.55012158e+01  1.51356125e+07 -8.74643025e+01 
 1.54881662e+07 -2.56104018e+01  1.54881662e+07 -8.82408826e+01 
 1.58489319e+07 -2.57182228e+01  1.58489319e+07 -8.90327888e+01 
 1.62181010e+07 -2.58247484e+01  1.62181010e+07 -8.98402068e+01 
 1.65958691e+07 -2.59300497e+01  1.65958691e+07 -9.06632819e+01 
 1.69824365e+07 -2.60341990e+01  1.69824365e+07 -9.15021174e+01 
 1.73780083e+07 -2.61372698e+01  1.73780083e+07 -9.23567730e+01 
 1.77827941e+07 -2.62393369e+01  1.77827941e+07 -9.32272632e+01 
 1.81970086e+07 -2.63404763e+01  1.81970086e+07 -9.41135556e+01 
 1.86208714e+07 -2.64407646e+01  1.86208714e+07 -9.50155699e+01 
 1.90546072e+07 -2.65402795e+01  1.90546072e+07 -9.59331763e+01 
 1.94984460e+07 -2.66390992e+01  1.94984460e+07 -9.68661942e+01 
 1.99526231e+07 -2.67373025e+01  1.99526231e+07 -9.78143919e+01 
 2.04173794e+07 -2.68349686e+01  2.04173794e+07 -9.87774846e+01 
 2.08929613e+07 -2.69321768e+01  2.08929613e+07 -9.97551348e+01 
 2.13796209e+07 -2.70290066e+01  2.13796209e+07 -1.00746951e+02 
 2.18776162e+07 -2.71255371e+01  2.18776162e+07 -1.01752487e+02 
 2.23872114e+07 -2.72218475e+01  2.23872114e+07 -1.02771242e+02 
 2.29086765e+07 -2.73180160e+01  2.29086765e+07 -1.03802662e+02 
 2.34422882e+07 -2.74141205e+01  2.34422882e+07 -1.04846136e+02 
 2.39883292e+07 -2.75102378e+01  2.39883292e+07 -1.05901001e+02 
 2.45470892e+07 -2.76064437e+01  2.45470892e+07 -1.06966536e+02 
 2.51188643e+07 -2.77028126e+01  2.51188643e+07 -1.08041971e+02 
 2.57039578e+07 -2.77994178e+01  2.57039578e+07 -1.09126479e+02 
 2.63026799e+07 -2.78963304e+01  2.63026799e+07 -1.10219184e+02 
 2.69153480e+07 -2.79936200e+01  2.69153480e+07 -1.11319157e+02 
 2.75422870e+07 -2.80913540e+01  2.75422870e+07 -1.12425419e+02 
 2.81838293e+07 -2.81895976e+01  2.81838293e+07 -1.13536942e+02 
 2.88403150e+07 -2.82884132e+01  2.88403150e+07 -1.14652652e+02 
 2.95120923e+07 -2.83878609e+01  2.95120923e+07 -1.15771429e+02 
 3.01995172e+07 -2.84879977e+01  3.01995172e+07 -1.16892106e+02 
 3.09029543e+07 -2.85888773e+01  3.09029543e+07 -1.18013478e+02 
 3.16227766e+07 -2.86905501e+01  3.16227766e+07 -1.19134295e+02 
 3.23593657e+07 -2.87930632e+01  3.23593657e+07 -1.20253272e+02 
 3.31131121e+07 -2.88964595e+01  3.31131121e+07 -1.21369085e+02 
 3.38844156e+07 -2.90007779e+01  3.38844156e+07 -1.22480378e+02 
 3.46736850e+07 -2.91060531e+01  3.46736850e+07 -1.23585759e+02 
 3.54813389e+07 -2.92123152e+01  3.54813389e+07 -1.24683810e+02 
 3.63078055e+07 -2.93195893e+01  3.63078055e+07 -1.25773082e+02 
 3.71535229e+07 -2.94278956e+01  3.71535229e+07 -1.26852102e+02 
 3.80189396e+07 -2.95372486e+01  3.80189396e+07 -1.27919375e+02 
 3.89045145e+07 -2.96476574e+01  3.89045145e+07 -1.28973383e+02 
 3.98107171e+07 -2.97591250e+01  3.98107171e+07 -1.30012591e+02 
 4.07380278e+07 -2.98716477e+01  4.07380278e+07 -1.31035447e+02 
 4.16869383e+07 -2.99852156e+01  4.16869383e+07 -1.32040387e+02 
 4.26579519e+07 -3.00998112e+01  4.26579519e+07 -1.33025833e+02 
 4.36515832e+07 -3.02154098e+01  4.36515832e+07 -1.33990202e+02 
 4.46683592e+07 -3.03319787e+01  4.46683592e+07 -1.34931903e+02 
 4.57088190e+07 -3.04494769e+01  4.57088190e+07 -1.35849342e+02 
 4.67735141e+07 -3.05678542e+01  4.67735141e+07 -1.36740923e+02 
 4.78630092e+07 -3.06870516e+01  4.78630092e+07 -1.37605056e+02 
 4.89778819e+07 -3.08069996e+01  4.89778819e+07 -1.38440153e+02 
 5.01187234e+07 -3.09276188e+01  5.01187234e+07 -1.39244636e+02 
 5.12861384e+07 -3.10488184e+01  5.12861384e+07 -1.40016939e+02 
 5.24807460e+07 -3.11704961e+01  5.24807460e+07 -1.40755513e+02 
 5.37031796e+07 -3.12925372e+01  5.37031796e+07 -1.41458829e+02 
 5.49540874e+07 -3.14148140e+01  5.49540874e+07 -1.42125385e+02 
 5.62341325e+07 -3.15371854e+01  5.62341325e+07 -1.42753706e+02 
 5.75439937e+07 -3.16594960e+01  5.75439937e+07 -1.43342359e+02 
 5.88843655e+07 -3.17815751e+01  5.88843655e+07 -1.43889951e+02 
 6.02559586e+07 -3.19032369e+01  6.02559586e+07 -1.44395140e+02 
 6.16595002e+07 -3.20242791e+01  6.16595002e+07 -1.44856646e+02 
 6.30957344e+07 -3.21444829e+01  6.30957344e+07 -1.45273256e+02 
 6.45654229e+07 -3.22636124e+01  6.45654229e+07 -1.45643837e+02 
 6.60693448e+07 -3.23814143e+01  6.60693448e+07 -1.45967346e+02 
 6.76082975e+07 -3.24976176e+01  6.76082975e+07 -1.46242844e+02 
 6.91830971e+07 -3.26119338e+01  6.91830971e+07 -1.46469509e+02 
 7.07945784e+07 -3.27240573e+01  7.07945784e+07 -1.46646650e+02 
 7.24435960e+07 -3.28336657e+01  7.24435960e+07 -1.46773721e+02 
 7.41310241e+07 -3.29404206e+01  7.41310241e+07 -1.46850341e+02 
 7.58577575e+07 -3.30439693e+01  7.58577575e+07 -1.46876308e+02 
 7.76247117e+07 -3.31439458e+01  7.76247117e+07 -1.46851613e+02 
 7.94328235e+07 -3.32399734e+01  7.94328235e+07 -1.46776463e+02 
 8.12830516e+07 -3.33316668e+01  8.12830516e+07 -1.46651291e+02 
 8.31763771e+07 -3.34186356e+01  8.31763771e+07 -1.46476771e+02 
 8.51138038e+07 -3.35004872e+01  8.51138038e+07 -1.46253834e+02 
 8.70963590e+07 -3.35768314e+01  8.70963590e+07 -1.45983673e+02 
 8.91250938e+07 -3.36472842e+01  8.91250938e+07 -1.45667753e+02 
 9.12010839e+07 -3.37114729e+01  9.12010839e+07 -1.45307811e+02 
 9.33254301e+07 -3.37690410e+01  9.33254301e+07 -1.44905860e+02 
 9.54992586e+07 -3.38196532e+01  9.54992586e+07 -1.44464174e+02 
 9.77237221e+07 -3.38630009e+01  9.77237221e+07 -1.43985281e+02 
 1.00000000e+08 -3.38988069e+01  1.00000000e+08 -1.43471945e+02 
