 1.00000000e+00  7.79842134e+01  1.00000000e+00  1.78463203e+02 
 1.02329299e+00  7.79838492e+01  1.02329299e+00  1.78430648e+02 
 1.04712855e+00  7.79834856e+01  1.04712855e+00  1.78397317e+02 
 1.07151931e+00  7.79831223e+01  1.07151931e+00  1.78363190e+02 
 1.09647820e+00  7.79827589e+01  1.09647820e+00  1.78328248e+02 
 1.12201845e+00  7.79823949e+01  1.12201845e+00  1.78292468e+02 
 1.14815362e+00  7.79820301e+01  1.14815362e+00  1.78255831e+02 
 1.17489755e+00  7.79816639e+01  1.17489755e+00  1.78218314e+02 
 1.20226443e+00  7.79812959e+01  1.20226443e+00  1.78179897e+02 
 1.23026877e+00  7.79809257e+01  1.23026877e+00  1.78140556e+02 
 1.25892541e+00  7.79805527e+01  1.25892541e+00  1.78100270e+02 
 1.28824955e+00  7.79801764e+01  1.28824955e+00  1.78059015e+02 
 1.31825674e+00  7.79797962e+01  1.31825674e+00  1.78016767e+02 
 1.34896288e+00  7.79794116e+01  1.34896288e+00  1.77973503e+02 
 1.38038426e+00  7.79790220e+01  1.38038426e+00  1.77929198e+02 
 1.41253754e+00  7.79786267e+01  1.41253754e+00  1.77883828e+02 
 1.44543977e+00  7.79782252e+01  1.44543977e+00  1.77837367e+02 
 1.47910839e+00  7.79778166e+01  1.47910839e+00  1.77789789e+02 
 1.51356125e+00  7.79774004e+01  1.51356125e+00  1.77741068e+02 
 1.54881662e+00  7.79769757e+01  1.54881662e+00  1.77691177e+02 
 1.58489319e+00  7.79765419e+01  1.58489319e+00  1.77640088e+02 
 1.62181010e+00  7.79760981e+01  1.62181010e+00  1.77587774e+02 
 1.65958691e+00  7.79756436e+01  1.65958691e+00  1.77534206e+02 
 1.69824365e+00  7.79751774e+01  1.69824365e+00  1.77479355e+02 
 1.73780083e+00  7.79746986e+01  1.73780083e+00  1.77423191e+02 
 1.77827941e+00  7.79742065e+01  1.77827941e+00  1.77365685e+02 
 1.81970086e+00  7.79737000e+01  1.81970086e+00  1.77306803e+02 
 1.86208714e+00  7.79731781e+01  1.86208714e+00  1.77246517e+02 
 1.90546072e+00  7.79726397e+01  1.90546072e+00  1.77184792e+02 
 1.94984460e+00  7.79720840e+01  1.94984460e+00  1.77121596e+02 
 1.99526231e+00  7.79715096e+01  1.99526231e+00  1.77056895e+02 
 2.04173794e+00  7.79709155e+01  2.04173794e+00  1.76990656e+02 
 2.08929613e+00  7.79703005e+01  2.08929613e+00  1.76922842e+02 
 2.13796209e+00  7.79696633e+01  2.13796209e+00  1.76853418e+02 
 2.18776162e+00  7.79690027e+01  2.18776162e+00  1.76782348e+02 
 2.23872114e+00  7.79683172e+01  2.23872114e+00  1.76709593e+02 
 2.29086765e+00  7.79676055e+01  2.29086765e+00  1.76635117e+02 
 2.34422882e+00  7.79668661e+01  2.34422882e+00  1.76558879e+02 
 2.39883292e+00  7.79660975e+01  2.39883292e+00  1.76480840e+02 
 2.45470892e+00  7.79652981e+01  2.45470892e+00  1.76400959e+02 
 2.51188643e+00  7.79644663e+01  2.51188643e+00  1.76319195e+02 
 2.57039578e+00  7.79636002e+01  2.57039578e+00  1.76235505e+02 
 2.63026799e+00  7.79626983e+01  2.63026799e+00  1.76149847e+02 
 2.69153480e+00  7.79617584e+01  2.69153480e+00  1.76062174e+02 
 2.75422870e+00  7.79607788e+01  2.75422870e+00  1.75972443e+02 
 2.81838293e+00  7.79597574e+01  2.81838293e+00  1.75880607e+02 
 2.88403150e+00  7.79586920e+01  2.88403150e+00  1.75786619e+02 
 2.95120923e+00  7.79575805e+01  2.95120923e+00  1.75690432e+02 
 3.01995172e+00  7.79564205e+01  3.01995172e+00  1.75591994e+02 
 3.09029543e+00  7.79552096e+01  3.09029543e+00  1.75491258e+02 
 3.16227766e+00  7.79539453e+01  3.16227766e+00  1.75388170e+02 
 3.23593657e+00  7.79526250e+01  3.23593657e+00  1.75282680e+02 
 3.31131121e+00  7.79512459e+01  3.31131121e+00  1.75174734e+02 
 3.38844156e+00  7.79498052e+01  3.38844156e+00  1.75064276e+02 
 3.46736850e+00  7.79482999e+01  3.46736850e+00  1.74951253e+02 
 3.54813389e+00  7.79467268e+01  3.54813389e+00  1.74835606e+02 
 3.63078055e+00  7.79450827e+01  3.63078055e+00  1.74717278e+02 
 3.71535229e+00  7.79433642e+01  3.71535229e+00  1.74596211e+02 
 3.80189396e+00  7.79415677e+01  3.80189396e+00  1.74472344e+02 
 3.89045145e+00  7.79396895e+01  3.89045145e+00  1.74345615e+02 
 3.98107171e+00  7.79377257e+01  3.98107171e+00  1.74215962e+02 
 4.07380278e+00  7.79356723e+01  4.07380278e+00  1.74083322e+02 
 4.16869383e+00  7.79335251e+01  4.16869383e+00  1.73947630e+02 
 4.26579519e+00  7.79312796e+01  4.26579519e+00  1.73808819e+02 
 4.36515832e+00  7.79289311e+01  4.36515832e+00  1.73666821e+02 
 4.46683592e+00  7.79264750e+01  4.46683592e+00  1.73521569e+02 
 4.57088190e+00  7.79239061e+01  4.57088190e+00  1.73372993e+02 
 4.67735141e+00  7.79212192e+01  4.67735141e+00  1.73221020e+02 
 4.78630092e+00  7.79184087e+01  4.78630092e+00  1.73065580e+02 
 4.89778819e+00  7.79154691e+01  4.89778819e+00  1.72906597e+02 
 5.01187234e+00  7.79123942e+01  5.01187234e+00  1.72743998e+02 
 5.12861384e+00  7.79091778e+01  5.12861384e+00  1.72577706e+02 
 5.24807460e+00  7.79058133e+01  5.24807460e+00  1.72407644e+02 
 5.37031796e+00  7.79022941e+01  5.37031796e+00  1.72233732e+02 
 5.49540874e+00  7.78986129e+01  5.49540874e+00  1.72055892e+02 
 5.62341325e+00  7.78947624e+01  5.62341325e+00  1.71874041e+02 
 5.75439937e+00  7.78907347e+01  5.75439937e+00  1.71688098e+02 
 5.88843655e+00  7.78865219e+01  5.88843655e+00  1.71497980e+02 
 6.02559586e+00  7.78821154e+01  6.02559586e+00  1.71303600e+02 
 6.16595002e+00  7.78775066e+01  6.16595002e+00  1.71104874e+02 
 6.30957344e+00  7.78726862e+01  6.30957344e+00  1.70901715e+02 
 6.45654229e+00  7.78676446e+01  6.45654229e+00  1.70694034e+02 
 6.60693448e+00  7.78623719e+01  6.60693448e+00  1.70481743e+02 
 6.76082975e+00  7.78568577e+01  6.76082975e+00  1.70264751e+02 
 6.91830971e+00  7.78510913e+01  6.91830971e+00  1.70042967e+02 
 7.07945784e+00  7.78450612e+01  7.07945784e+00  1.69816300e+02 
 7.24435960e+00  7.78387557e+01  7.24435960e+00  1.69584656e+02 
 7.41310241e+00  7.78321627e+01  7.41310241e+00  1.69347942e+02 
 7.58577575e+00  7.78252693e+01  7.58577575e+00  1.69106064e+02 
 7.76247117e+00  7.78180624e+01  7.76247117e+00  1.68858926e+02 
 7.94328235e+00  7.78105280e+01  7.94328235e+00  1.68606434e+02 
 8.12830516e+00  7.78026519e+01  8.12830516e+00  1.68348492e+02 
 8.31763771e+00  7.77944191e+01  8.31763771e+00  1.68085002e+02 
 8.51138038e+00  7.77858142e+01  8.51138038e+00  1.67815869e+02 
 8.70963590e+00  7.77768208e+01  8.70963590e+00  1.67540995e+02 
 8.91250938e+00  7.77674224e+01  8.91250938e+00  1.67260285e+02 
 9.12010839e+00  7.77576015e+01  9.12010839e+00  1.66973641e+02 
 9.33254301e+00  7.77473400e+01  9.33254301e+00  1.66680968e+02 
 9.54992586e+00  7.77366191e+01  9.54992586e+00  1.66382169e+02 
 9.77237221e+00  7.77254195e+01  9.77237221e+00  1.66077150e+02 
 1.00000000e+01  7.77137209e+01  1.00000000e+01  1.65765815e+02 
 1.02329299e+01  7.77015025e+01  1.02329299e+01  1.65448072e+02 
 1.04712855e+01  7.76887426e+01  1.04712855e+01  1.65123827e+02 
 1.07151931e+01  7.76754187e+01  1.07151931e+01  1.64792990e+02 
 1.09647820e+01  7.76615078e+01  1.09647820e+01  1.64455472e+02 
 1.12201845e+01  7.76469857e+01  1.12201845e+01  1.64111185e+02 
 1.14815362e+01  7.76318278e+01  1.14815362e+01  1.63760044e+02 
 1.17489755e+01  7.76160084e+01  1.17489755e+01  1.63401965e+02 
 1.20226443e+01  7.75995011e+01  1.20226443e+01  1.63036869e+02 
 1.23026877e+01  7.75822786e+01  1.23026877e+01  1.62664677e+02 
 1.25892541e+01  7.75643129e+01  1.25892541e+01  1.62285316e+02 
 1.28824955e+01  7.75455749e+01  1.28824955e+01  1.61898715e+02 
 1.31825674e+01  7.75260350e+01  1.31825674e+01  1.61504807e+02 
 1.34896288e+01  7.75056625e+01  1.34896288e+01  1.61103529e+02 
 1.38038426e+01  7.74844260e+01  1.38038426e+01  1.60694824e+02 
 1.41253754e+01  7.74622931e+01  1.41253754e+01  1.60278639e+02 
 1.44543977e+01  7.74392307e+01  1.44543977e+01  1.59854926e+02 
 1.47910839e+01  7.74152049e+01  1.47910839e+01  1.59423642e+02 
 1.51356125e+01  7.73901810e+01  1.51356125e+01  1.58984753e+02 
 1.54881662e+01  7.73641235e+01  1.54881662e+01  1.58538228e+02 
 1.58489319e+01  7.73369961e+01  1.58489319e+01  1.58084045e+02 
 1.62181010e+01  7.73087620e+01  1.62181010e+01  1.57622190e+02 
 1.65958691e+01  7.72793833e+01  1.65958691e+01  1.57152655e+02 
 1.69824365e+01  7.72488218e+01  1.69824365e+01  1.56675441e+02 
 1.73780083e+01  7.72170387e+01  1.73780083e+01  1.56190557e+02 
 1.77827941e+01  7.71839944e+01  1.77827941e+01  1.55698021e+02 
 1.81970086e+01  7.71496489e+01  1.81970086e+01  1.55197862e+02 
 1.86208714e+01  7.71139618e+01  1.86208714e+01  1.54690117e+02 
 1.90546072e+01  7.70768923e+01  1.90546072e+01  1.54174834e+02 
 1.94984460e+01  7.70383993e+01  1.94984460e+01  1.53652072e+02 
 1.99526231e+01  7.69984413e+01  1.99526231e+01  1.53121898e+02 
 2.04173794e+01  7.69569768e+01  2.04173794e+01  1.52584395e+02 
 2.08929613e+01  7.69139642e+01  2.08929613e+01  1.52039654e+02 
 2.13796209e+01  7.68693619e+01  2.13796209e+01  1.51487778e+02 
 2.18776162e+01  7.68231282e+01  2.18776162e+01  1.50928884e+02 
 2.23872114e+01  7.67752220e+01  2.23872114e+01  1.50363099e+02 
 2.29086765e+01  7.67256021e+01  2.29086765e+01  1.49790564e+02 
 2.34422882e+01  7.66742279e+01  2.34422882e+01  1.49211433e+02 
 2.39883292e+01  7.66210593e+01  2.39883292e+01  1.48625870e+02 
 2.45470892e+01  7.65660570e+01  2.45470892e+01  1.48034055e+02 
 2.51188643e+01  7.65091820e+01  2.51188643e+01  1.47436178e+02 
 2.57039578e+01  7.64503967e+01  2.57039578e+01  1.46832443e+02 
 2.63026799e+01  7.63896641e+01  2.63026799e+01  1.46223066e+02 
 2.69153480e+01  7.63269485e+01  2.69153480e+01  1.45608275e+02 
 2.75422870e+01  7.62622153e+01  2.75422870e+01  1.44988311e+02 
 2.81838293e+01  7.61954313e+01  2.81838293e+01  1.44363426e+02 
 2.88403150e+01  7.61265648e+01  2.88403150e+01  1.43733883e+02 
 2.95120923e+01  7.60555857e+01  2.95120923e+01  1.43099958e+02 
 3.01995172e+01  7.59824655e+01  3.01995172e+01  1.42461934e+02 
 3.09029543e+01  7.59071775e+01  3.09029543e+01  1.41820107e+02 
 3.16227766e+01  7.58296970e+01  3.16227766e+01  1.41174782e+02 
 3.23593657e+01  7.57500011e+01  3.23593657e+01  1.40526271e+02 
 3.31131121e+01  7.56680691e+01  3.31131121e+01  1.39874895e+02 
 3.38844156e+01  7.55838825e+01  3.38844156e+01  1.39220982e+02 
 3.46736850e+01  7.54974251e+01  3.46736850e+01  1.38564868e+02 
 3.54813389e+01  7.54086828e+01  3.54813389e+01  1.37906893e+02 
 3.63078055e+01  7.53176440e+01  3.63078055e+01  1.37247401e+02 
 3.71535229e+01  7.52242995e+01  3.71535229e+01  1.36586743e+02 
 3.80189396e+01  7.51286425e+01  3.80189396e+01  1.35925270e+02 
 3.89045145e+01  7.50306687e+01  3.89045145e+01  1.35263336e+02 
 3.98107171e+01  7.49303763e+01  3.98107171e+01  1.34601296e+02 
 4.07380278e+01  7.48277660e+01  4.07380278e+01  1.33939505e+02 
 4.16869383e+01  7.47228411e+01  4.16869383e+01  1.33278319e+02 
 4.26579519e+01  7.46156071e+01  4.26579519e+01  1.32618089e+02 
 4.36515832e+01  7.45060722e+01  4.36515832e+01  1.31959165e+02 
 4.46683592e+01  7.43942469e+01  4.46683592e+01  1.31301894e+02 
 4.57088190e+01  7.42801442e+01  4.57088190e+01  1.30646618e+02 
 4.67735141e+01  7.41637792e+01  4.67735141e+01  1.29993673e+02 
 4.78630092e+01  7.40451693e+01  4.78630092e+01  1.29343389e+02 
 4.89778819e+01  7.39243343e+01  4.89778819e+01  1.28696090e+02 
 5.01187234e+01  7.38012959e+01  5.01187234e+01  1.28052090e+02 
 5.12861384e+01  7.36760777e+01  5.12861384e+01  1.27411697e+02 
 5.24807460e+01  7.35487055e+01  5.24807460e+01  1.26775209e+02 
 5.37031796e+01  7.34192066e+01  5.37031796e+01  1.26142914e+02 
 5.49540874e+01  7.32876102e+01  5.49540874e+01  1.25515089e+02 
 5.62341325e+01  7.31539472e+01  5.62341325e+01  1.24892003e+02 
 5.75439937e+01  7.30182497e+01  5.75439937e+01  1.24273911e+02 
 5.88843655e+01  7.28805513e+01  5.88843655e+01  1.23661059e+02 
 6.02559586e+01  7.27408869e+01  6.02559586e+01  1.23053678e+02 
 6.16595002e+01  7.25992926e+01  6.16595002e+01  1.22451990e+02 
 6.30957344e+01  7.24558052e+01  6.30957344e+01  1.21856204e+02 
 6.45654229e+01  7.23104628e+01  6.45654229e+01  1.21266515e+02 
 6.60693448e+01  7.21633041e+01  6.60693448e+01  1.20683108e+02 
 6.76082975e+01  7.20143684e+01  6.76082975e+01  1.20106154e+02 
 6.91830971e+01  7.18636956e+01  6.91830971e+01  1.19535812e+02 
 7.07945784e+01  7.17113263e+01  7.07945784e+01  1.18972229e+02 
 7.24435960e+01  7.15573011e+01  7.24435960e+01  1.18415538e+02 
 7.41310241e+01  7.14016610e+01  7.41310241e+01  1.17865862e+02 
 7.58577575e+01  7.12444471e+01  7.58577575e+01  1.17323311e+02 
 7.76247117e+01  7.10857007e+01  7.76247117e+01  1.16787984e+02 
 7.94328235e+01  7.09254630e+01  7.94328235e+01  1.16259967e+02 
 8.12830516e+01  7.07637749e+01  8.12830516e+01  1.15739337e+02 
 8.31763771e+01  7.06006773e+01  8.31763771e+01  1.15226158e+02 
 8.51138038e+01  7.04362109e+01  8.51138038e+01  1.14720485e+02 
 8.70963590e+01  7.02704158e+01  8.70963590e+01  1.14222363e+02 
 8.91250938e+01  7.01033319e+01  8.91250938e+01  1.13731825e+02 
 9.12010839e+01  6.99349987e+01  9.12010839e+01  1.13248897e+02 
 9.33254301e+01  6.97654549e+01  9.33254301e+01  1.12773594e+02 
 9.54992586e+01  6.95947389e+01  9.54992586e+01  1.12305924e+02 
 9.77237221e+01  6.94228885e+01  9.77237221e+01  1.11845887e+02 
 1.00000000e+02  6.92499406e+01  1.00000000e+02  1.11393472e+02 
 1.02329299e+02  6.90759317e+01  1.02329299e+02  1.10948664e+02 
 1.04712855e+02  6.89008974e+01  1.04712855e+02  1.10511439e+02 
 1.07151931e+02  6.87248727e+01  1.07151931e+02  1.10081767e+02 
 1.09647820e+02  6.85478918e+01  1.09647820e+02  1.09659612e+02 
 1.12201845e+02  6.83699881e+01  1.12201845e+02  1.09244931e+02 
 1.14815362e+02  6.81911941e+01  1.14815362e+02  1.08837677e+02 
 1.17489755e+02  6.80115418e+01  1.17489755e+02  1.08437796e+02 
 1.20226443e+02  6.78310620e+01  1.20226443e+02  1.08045231e+02 
 1.23026877e+02  6.76497851e+01  1.23026877e+02  1.07659919e+02 
 1.25892541e+02  6.74677402e+01  1.25892541e+02  1.07281795e+02 
 1.28824955e+02  6.72849561e+01  1.28824955e+02  1.06910787e+02 
 1.31825674e+02  6.71014603e+01  1.31825674e+02  1.06546824e+02 
 1.34896288e+02  6.69172798e+01  1.34896288e+02  1.06189826e+02 
 1.38038426e+02  6.67324407e+01  1.38038426e+02  1.05839716e+02 
 1.41253754e+02  6.65469682e+01  1.41253754e+02  1.05496411e+02 
 1.44543977e+02  6.63608869e+01  1.44543977e+02  1.05159827e+02 
 1.47910839e+02  6.61742204e+01  1.47910839e+02  1.04829876e+02 
 1.51356125e+02  6.59869917e+01  1.51356125e+02  1.04506471e+02 
 1.54881662e+02  6.57992230e+01  1.54881662e+02  1.04189521e+02 
 1.58489319e+02  6.56109356e+01  1.58489319e+02  1.03878936e+02 
 1.62181010e+02  6.54221504e+01  1.62181010e+02  1.03574622e+02 
 1.65958691e+02  6.52328871e+01  1.65958691e+02  1.03276487e+02 
 1.69824365e+02  6.50431652e+01  1.69824365e+02  1.02984436e+02 
 1.73780083e+02  6.48530032e+01  1.73780083e+02  1.02698374e+02 
 1.77827941e+02  6.46624190e+01  1.77827941e+02  1.02418206e+02 
 1.81970086e+02  6.44714299e+01  1.81970086e+02  1.02143836e+02 
 1.86208714e+02  6.42800526e+01  1.86208714e+02  1.01875170e+02 
 1.90546072e+02  6.40883029e+01  1.90546072e+02  1.01612110e+02 
 1.94984460e+02  6.38961965e+01  1.94984460e+02  1.01354561e+02 
 1.99526231e+02  6.37037480e+01  1.99526231e+02  1.01102429e+02 
 2.04173794e+02  6.35109718e+01  2.04173794e+02  1.00855617e+02 
 2.08929613e+02  6.33178816e+01  2.08929613e+02  1.00614032e+02 
 2.13796209e+02  6.31244906e+01  2.13796209e+02  1.00377578e+02 
 2.18776162e+02  6.29308114e+01  2.18776162e+02  1.00146163e+02 
 2.23872114e+02  6.27368562e+01  2.23872114e+02  9.99196937e+01 
 2.29086765e+02  6.25426368e+01  2.29086765e+02  9.96980779e+01 
 2.34422882e+02  6.23481642e+01  2.34422882e+02  9.94812243e+01 
 2.39883292e+02  6.21534494e+01  2.39883292e+02  9.92690426e+01 
 2.45470892e+02  6.19585027e+01  2.45470892e+02  9.90614431e+01 
 2.51188643e+02  6.17633340e+01  2.51188643e+02  9.88583374e+01 
 2.57039578e+02  6.15679528e+01  2.57039578e+02  9.86596379e+01 
 2.63026799e+02  6.13723683e+01  2.63026799e+02  9.84652582e+01 
 2.69153480e+02  6.11765892e+01  2.69153480e+02  9.82751129e+01 
 2.75422870e+02  6.09806239e+01  2.75422870e+02  9.80891177e+01 
 2.81838293e+02  6.07844805e+01  2.81838293e+02  9.79071895e+01 
 2.88403150e+02  6.05881667e+01  2.88403150e+02  9.77292462e+01 
 2.95120923e+02  6.03916898e+01  2.95120923e+02  9.75552072e+01 
 3.01995172e+02  6.01950571e+01  3.01995172e+02  9.73849929e+01 
 3.09029543e+02  5.99982752e+01  3.09029543e+02  9.72185247e+01 
 3.16227766e+02  5.98013507e+01  3.16227766e+02  9.70557256e+01 
 3.23593657e+02  5.96042898e+01  3.23593657e+02  9.68965197e+01 
 3.31131121e+02  5.94070984e+01  3.31131121e+02  9.67408322e+01 
 3.38844156e+02  5.92097824e+01  3.38844156e+02  9.65885896e+01 
 3.46736850e+02  5.90123470e+01  3.46736850e+02  9.64397198e+01 
 3.54813389e+02  5.88147977e+01  3.54813389e+02  9.62941517e+01 
 3.63078055e+02  5.86171393e+01  3.63078055e+02  9.61518155e+01 
 3.71535229e+02  5.84193768e+01  3.71535229e+02  9.60126428e+01 
 3.80189396e+02  5.82215146e+01  3.80189396e+02  9.58765662e+01 
 3.89045145e+02  5.80235571e+01  3.89045145e+02  9.57435196e+01 
 3.98107171e+02  5.78255087e+01  3.98107171e+02  9.56134381e+01 
 4.07380278e+02  5.76273732e+01  4.07380278e+02  9.54862580e+01 
 4.16869383e+02  5.74291546e+01  4.16869383e+02  9.53619170e+01 
 4.26579519e+02  5.72308565e+01  4.26579519e+02  9.52403536e+01 
 4.36515832e+02  5.70324824e+01  4.36515832e+02  9.51215077e+01 
 4.46683592e+02  5.68340357e+01  4.46683592e+02  9.50053204e+01 
 4.57088190e+02  5.66355196e+01  4.57088190e+02  9.48917337e+01 
 4.67735141e+02  5.64369372e+01  4.67735141e+02  9.47806911e+01 
 4.78630092e+02  5.62382915e+01  4.78630092e+02  9.46721369e+01 
 4.89778819e+02  5.60395853e+01  4.89778819e+02  9.45660165e+01 
 5.01187234e+02  5.58408211e+01  5.01187234e+02  9.44622768e+01 
 5.12861384e+02  5.56420017e+01  5.12861384e+02  9.43608652e+01 
 5.24807460e+02  5.54431295e+01  5.24807460e+02  9.42617305e+01 
 5.37031796e+02  5.52442068e+01  5.37031796e+02  9.41648226e+01 
 5.49540874e+02  5.50452360e+01  5.49540874e+02  9.40700922e+01 
 5.62341325e+02  5.48462190e+01  5.62341325e+02  9.39774911e+01 
 5.75439937e+02  5.46471580e+01  5.75439937e+02  9.38869721e+01 
 5.88843655e+02  5.44480550e+01  5.88843655e+02  9.37984890e+01 
 6.02559586e+02  5.42489118e+01  6.02559586e+02  9.37119966e+01 
 6.16595002e+02  5.40497303e+01  6.16595002e+02  9.36274506e+01 
 6.30957344e+02  5.38505121e+01  6.30957344e+02  9.35448075e+01 
 6.45654229e+02  5.36512588e+01  6.45654229e+02  9.34640249e+01 
 6.60693448e+02  5.34519721e+01  6.60693448e+02  9.33850613e+01 
 6.76082975e+02  5.32526535e+01  6.76082975e+02  9.33078759e+01 
 6.91830971e+02  5.30533043e+01  6.91830971e+02  9.32324289e+01 
 7.07945784e+02  5.28539260e+01  7.07945784e+02  9.31586814e+01 
 7.24435960e+02  5.26545198e+01  7.24435960e+02  9.30865952e+01 
 7.41310241e+02  5.24550870e+01  7.41310241e+02  9.30161329e+01 
 7.58577575e+02  5.22556288e+01  7.58577575e+02  9.29472582e+01 
 7.76247117e+02  5.20561463e+01  7.76247117e+02  9.28799351e+01 
 7.94328235e+02  5.18566406e+01  7.94328235e+02  9.28141288e+01 
 8.12830516e+02  5.16571128e+01  8.12830516e+02  9.27498050e+01 
 8.31763771e+02  5.14575639e+01  8.31763771e+02  9.26869304e+01 
 8.51138038e+02  5.12579947e+01  8.51138038e+02  9.26254720e+01 
 8.70963590e+02  5.10584063e+01  8.70963590e+02  9.25653979e+01 
 8.91250938e+02  5.08587995e+01  8.91250938e+02  9.25066768e+01 
 9.12010839e+02  5.06591750e+01  9.12010839e+02  9.24492780e+01 
 9.33254301e+02  5.04595338e+01  9.33254301e+02  9.23931716e+01 
 9.54992586e+02  5.02598765e+01  9.54992586e+02  9.23383281e+01 
 9.77237221e+02  5.00602039e+01  9.77237221e+02  9.22847189e+01 
 1.00000000e+03  4.98605167e+01  1.00000000e+03  9.22323160e+01 
 1.02329299e+03  4.96608155e+01  1.02329299e+03  9.21810919e+01 
 1.04712855e+03  4.94611009e+01  1.04712855e+03  9.21310198e+01 
 1.07151931e+03  4.92613737e+01  1.07151931e+03  9.20820734e+01 
 1.09647820e+03  4.90616342e+01  1.09647820e+03  9.20342270e+01 
 1.12201845e+03  4.88618832e+01  1.12201845e+03  9.19874556e+01 
 1.14815362e+03  4.86621211e+01  1.14815362e+03  9.19417345e+01 
 1.17489755e+03  4.84623484e+01  1.17489755e+03  9.18970398e+01 
 1.20226443e+03  4.82625656e+01  1.20226443e+03  9.18533480e+01 
 1.23026877e+03  4.80627732e+01  1.23026877e+03  9.18106361e+01 
 1.25892541e+03  4.78629716e+01  1.25892541e+03  9.17688817e+01 
 1.28824955e+03  4.76631612e+01  1.28824955e+03  9.17280627e+01 
 1.31825674e+03  4.74633424e+01  1.31825674e+03  9.16881577e+01 
 1.34896288e+03  4.72635156e+01  1.34896288e+03  9.16491457e+01 
 1.38038426e+03  4.70636812e+01  1.38038426e+03  9.16110061e+01 
 1.41253754e+03  4.68638395e+01  1.41253754e+03  9.15737189e+01 
 1.44543977e+03  4.66639909e+01  1.44543977e+03  9.15372644e+01 
 1.47910839e+03  4.64641357e+01  1.47910839e+03  9.15016234e+01 
 1.51356125e+03  4.62642741e+01  1.51356125e+03  9.14667771e+01 
 1.54881662e+03  4.60644065e+01  1.54881662e+03  9.14327070e+01 
 1.58489319e+03  4.58645332e+01  1.58489319e+03  9.13993954e+01 
 1.62181010e+03  4.56646544e+01  1.62181010e+03  9.13668245e+01 
 1.65958691e+03  4.54647704e+01  1.65958691e+03  9.13349771e+01 
 1.69824365e+03  4.52648814e+01  1.69824365e+03  9.13038366e+01 
 1.73780083e+03  4.50649877e+01  1.73780083e+03  9.12733863e+01 
 1.77827941e+03  4.48650894e+01  1.77827941e+03  9.12436103e+01 
 1.81970086e+03  4.46651869e+01  1.81970086e+03  9.12144928e+01 
 1.86208714e+03  4.44652803e+01  1.86208714e+03  9.11860185e+01 
 1.90546072e+03  4.42653698e+01  1.90546072e+03  9.11581722e+01 
 1.94984460e+03  4.40654555e+01  1.94984460e+03  9.11309394e+01 
 1.99526231e+03  4.38655378e+01  1.99526231e+03  9.11043055e+01 
 2.04173794e+03  4.36656167e+01  2.04173794e+03  9.10782565e+01 
 2.08929613e+03  4.34656924e+01  2.08929613e+03  9.10527786e+01 
 2.13796209e+03  4.32657652e+01  2.13796209e+03  9.10278584e+01 
 2.18776162e+03  4.30658350e+01  2.18776162e+03  9.10034827e+01 
 2.23872114e+03  4.28659021e+01  2.23872114e+03  9.09796385e+01 
 2.29086765e+03  4.26659667e+01  2.29086765e+03  9.09563133e+01 
 2.34422882e+03  4.24660288e+01  2.34422882e+03  9.09334948e+01 
 2.39883292e+03  4.22660886e+01  2.39883292e+03  9.09111708e+01 
 2.45470892e+03  4.20661463e+01  2.45470892e+03  9.08893296e+01 
 2.51188643e+03  4.18662019e+01  2.51188643e+03  9.08679595e+01 
 2.57039578e+03  4.16662555e+01  2.57039578e+03  9.08470494e+01 
 2.63026799e+03  4.14663073e+01  2.63026799e+03  9.08265880e+01 
 2.69153480e+03  4.12663574e+01  2.69153480e+03  9.08065647e+01 
 2.75422870e+03  4.10664059e+01  2.75422870e+03  9.07869686e+01 
 2.81838293e+03  4.08664529e+01  2.81838293e+03  9.07677896e+01 
 2.88403150e+03  4.06664985e+01  2.88403150e+03  9.07490175e+01 
 2.95120923e+03  4.04665427e+01  2.95120923e+03  9.07306422e+01 
 3.01995172e+03  4.02665858e+01  3.01995172e+03  9.07126542e+01 
 3.09029543e+03  4.00666277e+01  3.09029543e+03  9.06950437e+01 
 3.16227766e+03  3.98666686e+01  3.16227766e+03  9.06778016e+01 
 3.23593657e+03  3.96667085e+01  3.23593657e+03  9.06609187e+01 
 3.31131121e+03  3.94667476e+01  3.31131121e+03  9.06443860e+01 
 3.38844156e+03  3.92667859e+01  3.38844156e+03  9.06281948e+01 
 3.46736850e+03  3.90668235e+01  3.46736850e+03  9.06123364e+01 
 3.54813389e+03  3.88668604e+01  3.54813389e+03  9.05968026e+01 
 3.63078055e+03  3.86668969e+01  3.63078055e+03  9.05815851e+01 
 3.71535229e+03  3.84669328e+01  3.71535229e+03  9.05666757e+01 
 3.80189396e+03  3.82669684e+01  3.80189396e+03  9.05520666e+01 
 3.89045145e+03  3.80670037e+01  3.89045145e+03  9.05377501e+01 
 3.98107171e+03  3.78670387e+01  3.98107171e+03  9.05237185e+01 
 4.07380278e+03  3.76670735e+01  4.07380278e+03  9.05099644e+01 
 4.16869383e+03  3.74671083e+01  4.16869383e+03  9.04964806e+01 
 4.26579519e+03  3.72671430e+01  4.26579519e+03  9.04832598e+01 
 4.36515832e+03  3.70671778e+01  4.36515832e+03  9.04702951e+01 
 4.46683592e+03  3.68672128e+01  4.46683592e+03  9.04575796e+01 
 4.57088190e+03  3.66672479e+01  4.57088190e+03  9.04451065e+01 
 4.67735141e+03  3.64672833e+01  4.67735141e+03  9.04328692e+01 
 4.78630092e+03  3.62673191e+01  4.78630092e+03  9.04208612e+01 
 4.89778819e+03  3.60673553e+01  4.89778819e+03  9.04090762e+01 
 5.01187234e+03  3.58673920e+01  5.01187234e+03  9.03975079e+01 
 5.12861384e+03  3.56674292e+01  5.12861384e+03  9.03861501e+01 
 5.24807460e+03  3.54674672e+01  5.24807460e+03  9.03749968e+01 
 5.37031796e+03  3.52675059e+01  5.37031796e+03  9.03640421e+01 
 5.49540874e+03  3.50675454e+01  5.49540874e+03  9.03532802e+01 
 5.62341325e+03  3.48675858e+01  5.62341325e+03  9.03427053e+01 
 5.75439937e+03  3.46676272e+01  5.75439937e+03  9.03323119e+01 
 5.88843655e+03  3.44676697e+01  5.88843655e+03  9.03220943e+01 
 6.02559586e+03  3.42677134e+01  6.02559586e+03  9.03120473e+01 
 6.16595002e+03  3.40677584e+01  6.16595002e+03  9.03021653e+01 
 6.30957344e+03  3.38678047e+01  6.30957344e+03  9.02924432e+01 
 6.45654229e+03  3.36678524e+01  6.45654229e+03  9.02828757e+01 
 6.60693448e+03  3.34679017e+01  6.60693448e+03  9.02734579e+01 
 6.76082975e+03  3.32679527e+01  6.76082975e+03  9.02641846e+01 
 6.91830971e+03  3.30680055e+01  6.91830971e+03  9.02550509e+01 
 7.07945784e+03  3.28680601e+01  7.07945784e+03  9.02460520e+01 
 7.24435960e+03  3.26681167e+01  7.24435960e+03  9.02371830e+01 
 7.41310241e+03  3.24681755e+01  7.41310241e+03  9.02284392e+01 
 7.58577575e+03  3.22682365e+01  7.58577575e+03  9.02198159e+01 
 7.76247117e+03  3.20682999e+01  7.76247117e+03  9.02113085e+01 
 7.94328235e+03  3.18683658e+01  7.94328235e+03  9.02029125e+01 
 8.12830516e+03  3.16684343e+01  8.12830516e+03  9.01946234e+01 
 8.31763771e+03  3.14685056e+01  8.31763771e+03  9.01864366e+01 
 8.51138038e+03  3.12685799e+01  8.51138038e+03  9.01783479e+01 
 8.70963590e+03  3.10686572e+01  8.70963590e+03  9.01703529e+01 
 8.91250938e+03  3.08687378e+01  8.91250938e+03  9.01624472e+01 
 9.12010839e+03  3.06688219e+01  9.12010839e+03  9.01546267e+01 
 9.33254301e+03  3.04689096e+01  9.33254301e+03  9.01468870e+01 
 9.54992586e+03  3.02690010e+01  9.54992586e+03  9.01392240e+01 
 9.77237221e+03  3.00690965e+01  9.77237221e+03  9.01316336e+01 
 1.00000000e+04  2.98691961e+01  1.00000000e+04  9.01241117e+01 
 1.02329299e+04  2.96693002e+01  1.02329299e+04  9.01166541e+01 
 1.04712855e+04  2.94694089e+01  1.04712855e+04  9.01092569e+01 
 1.07151931e+04  2.92695224e+01  1.07151931e+04  9.01019159e+01 
 1.09647820e+04  2.90696410e+01  1.09647820e+04  9.00946272e+01 
 1.12201845e+04  2.88697649e+01  1.12201845e+04  9.00873868e+01 
 1.14815362e+04  2.86698945e+01  1.14815362e+04  9.00801906e+01 
 1.17489755e+04  2.84700299e+01  1.17489755e+04  9.00730349e+01 
 1.20226443e+04  2.82701715e+01  1.20226443e+04  9.00659155e+01 
 1.23026877e+04  2.80703196e+01  1.23026877e+04  9.00588286e+01 
 1.25892541e+04  2.78704744e+01  1.25892541e+04  9.00517702e+01 
 1.28824955e+04  2.76706364e+01  1.28824955e+04  9.00447365e+01 
 1.31825674e+04  2.74708058e+01  1.31825674e+04  9.00377233e+01 
 1.34896288e+04  2.72709829e+01  1.34896288e+04  9.00307269e+01 
 1.38038426e+04  2.70711683e+01  1.38038426e+04  9.00237433e+01 
 1.41253754e+04  2.68713622e+01  1.41253754e+04  9.00167685e+01 
 1.44543977e+04  2.66715651e+01  1.44543977e+04  9.00097986e+01 
 1.47910839e+04  2.64717773e+01  1.47910839e+04  9.00028296e+01 
 1.51356125e+04  2.62719995e+01  1.51356125e+04  8.99958574e+01 
 1.54881662e+04  2.60722319e+01  1.54881662e+04  8.99888781e+01 
 1.58489319e+04  2.58724751e+01  1.58489319e+04  8.99818876e+01 
 1.62181010e+04  2.56727297e+01  1.62181010e+04  8.99748818e+01 
 1.65958691e+04  2.54729960e+01  1.65958691e+04  8.99678566e+01 
 1.69824365e+04  2.52732748e+01  1.69824365e+04  8.99608078e+01 
 1.73780083e+04  2.50735666e+01  1.73780083e+04  8.99537313e+01 
 1.77827941e+04  2.48738720e+01  1.77827941e+04  8.99466227e+01 
 1.81970086e+04  2.46741916e+01  1.81970086e+04  8.99394779e+01 
 1.86208714e+04  2.44745261e+01  1.86208714e+04  8.99322924e+01 
 1.90546072e+04  2.42748763e+01  1.90546072e+04  8.99250617e+01 
 1.94984460e+04  2.40752428e+01  1.94984460e+04  8.99177815e+01 
 1.99526231e+04  2.38756263e+01  1.99526231e+04  8.99104472e+01 
 2.04173794e+04  2.36760278e+01  2.04173794e+04  8.99030541e+01 
 2.08929613e+04  2.34764481e+01  2.08929613e+04  8.98955974e+01 
 2.13796209e+04  2.32768880e+01  2.13796209e+04  8.98880725e+01 
 2.18776162e+04  2.30773484e+01  2.18776162e+04  8.98804743e+01 
 2.23872114e+04  2.28778303e+01  2.23872114e+04  8.98727979e+01 
 2.29086765e+04  2.26783347e+01  2.29086765e+04  8.98650382e+01 
 2.34422882e+04  2.24788626e+01  2.34422882e+04  8.98571898e+01 
 2.39883292e+04  2.22794153e+01  2.39883292e+04  8.98492474e+01 
 2.45470892e+04  2.20799937e+01  2.45470892e+04  8.98412056e+01 
 2.51188643e+04  2.18805991e+01  2.51188643e+04  8.98330586e+01 
 2.57039578e+04  2.16812327e+01  2.57039578e+04  8.98248007e+01 
 2.63026799e+04  2.14818959e+01  2.63026799e+04  8.98164259e+01 
 2.69153480e+04  2.12825900e+01  2.69153480e+04  8.98079280e+01 
 2.75422870e+04  2.10833165e+01  2.75422870e+04  8.97993008e+01 
 2.81838293e+04  2.08840768e+01  2.81838293e+04  8.97905377e+01 
 2.88403150e+04  2.06848726e+01  2.88403150e+04  8.97816320e+01 
 2.95120923e+04  2.04857054e+01  2.95120923e+04  8.97725767e+01 
 3.01995172e+04  2.02865770e+01  3.01995172e+04  8.97633646e+01 
 3.09029543e+04  2.00874891e+01  3.09029543e+04  8.97539884e+01 
 3.16227766e+04  1.98884436e+01  3.16227766e+04  8.97444403e+01 
 3.23593657e+04  1.96894425e+01  3.23593657e+04  8.97347123e+01 
 3.31131121e+04  1.94904878e+01  3.31131121e+04  8.97247962e+01 
 3.38844156e+04  1.92915816e+01  3.38844156e+04  8.97146833e+01 
 3.46736850e+04  1.90927261e+01  3.46736850e+04  8.97043648e+01 
 3.54813389e+04  1.88939237e+01  3.54813389e+04  8.96938312e+01 
 3.63078055e+04  1.86951768e+01  3.63078055e+04  8.96830731e+01 
 3.71535229e+04  1.84964878e+01  3.71535229e+04  8.96720802e+01 
 3.80189396e+04  1.82978595e+01  3.80189396e+04  8.96608421e+01 
 3.89045145e+04  1.80992946e+01  3.89045145e+04  8.96493479e+01 
 3.98107171e+04  1.79007960e+01  3.98107171e+04  8.96375860e+01 
 4.07380278e+04  1.77023666e+01  4.07380278e+04  8.96255447e+01 
 4.16869383e+04  1.75040096e+01  4.16869383e+04  8.96132113e+01 
 4.26579519e+04  1.73057282e+01  4.26579519e+04  8.96005729e+01 
 4.36515832e+04  1.71075259e+01  4.36515832e+04  8.95876158e+01 
 4.46683592e+04  1.69094061e+01  4.46683592e+04  8.95743257e+01 
 4.57088190e+04  1.67113726e+01  4.57088190e+04  8.95606876e+01 
 4.67735141e+04  1.65134293e+01  4.67735141e+04  8.95466858e+01 
 4.78630092e+04  1.63155800e+01  4.78630092e+04  8.95323039e+01 
 4.89778819e+04  1.61178291e+01  4.89778819e+04  8.95175245e+01 
 5.01187234e+04  1.59201808e+01  5.01187234e+04  8.95023296e+01 
 5.12861384e+04  1.57226397e+01  5.12861384e+04  8.94867000e+01 
 5.24807460e+04  1.55252105e+01  5.24807460e+04  8.94706158e+01 
 5.37031796e+04  1.53278980e+01  5.37031796e+04  8.94540559e+01 
 5.49540874e+04  1.51307075e+01  5.49540874e+04  8.94369982e+01 
 5.62341325e+04  1.49336441e+01  5.62341325e+04  8.94194194e+01 
 5.75439937e+04  1.47367134e+01  5.75439937e+04  8.94012950e+01 
 5.88843655e+04  1.45399212e+01  5.88843655e+04  8.93825993e+01 
 6.02559586e+04  1.43432733e+01  6.02559586e+04  8.93633051e+01 
 6.16595002e+04  1.41467759e+01  6.16595002e+04  8.93433838e+01 
 6.30957344e+04  1.39504355e+01  6.30957344e+04  8.93228053e+01 
 6.45654229e+04  1.37542587e+01  6.45654229e+04  8.93015380e+01 
 6.60693448e+04  1.35582524e+01  6.60693448e+04  8.92795484e+01 
 6.76082975e+04  1.33624237e+01  6.76082975e+04  8.92568013e+01 
 6.91830971e+04  1.31667801e+01  6.91830971e+04  8.92332595e+01 
 7.07945784e+04  1.29713292e+01  7.07945784e+04  8.92088841e+01 
 7.24435960e+04  1.27760790e+01  7.24435960e+04  8.91836337e+01 
 7.41310241e+04  1.25810376e+01  7.41310241e+04  8.91574648e+01 
 7.58577575e+04  1.23862135e+01  7.58577575e+04  8.91303318e+01 
 7.76247117e+04  1.21916156e+01  7.76247117e+04  8.91021862e+01 
 7.94328235e+04  1.19972529e+01  7.94328235e+04  8.90729771e+01 
 8.12830516e+04  1.18031346e+01  8.12830516e+04  8.90426510e+01 
 8.31763771e+04  1.16092706e+01  8.31763771e+04  8.90111513e+01 
 8.51138038e+04  1.14156706e+01  8.51138038e+04  8.89784183e+01 
 8.70963590e+04  1.12223448e+01  8.70963590e+04  8.89443894e+01 
 8.91250938e+04  1.10293039e+01  8.91250938e+04  8.89089983e+01 
 9.12010839e+04  1.08365586e+01  9.12010839e+04  8.88721756e+01 
 9.33254301e+04  1.06441199e+01  9.33254301e+04  8.88338478e+01 
 9.54992586e+04  1.04519994e+01  9.54992586e+04  8.87939379e+01 
 9.77237221e+04  1.02602086e+01  9.77237221e+04  8.87523646e+01 
 1.00000000e+05  1.00687594e+01  1.00000000e+05  8.87090426e+01 
 1.02329299e+05  9.87766414e+00  1.02329299e+05  8.86638821e+01 
 1.04712855e+05  9.68693524e+00  1.04712855e+05  8.86167887e+01 
 1.07151931e+05  9.49658542e+00  1.07151931e+05  8.85676633e+01 
 1.09647820e+05  9.30662766e+00  1.09647820e+05  8.85164018e+01 
 1.12201845e+05  9.11707515e+00  1.12201845e+05  8.84628950e+01 
 1.14815362e+05  8.92794130e+00  1.14815362e+05  8.84070284e+01 
 1.17489755e+05  8.73923971e+00  1.17489755e+05  8.83486818e+01 
 1.20226443e+05  8.55098417e+00  1.20226443e+05  8.82877294e+01 
 1.23026877e+05  8.36318861e+00  1.23026877e+05  8.82240395e+01 
 1.25892541e+05  8.17586710e+00  1.25892541e+05  8.81574743e+01 
 1.28824955e+05  7.98903382e+00  1.28824955e+05  8.80878896e+01 
 1.31825674e+05  7.80270303e+00  1.31825674e+05  8.80151350e+01 
 1.34896288e+05  7.61688902e+00  1.34896288e+05  8.79390534e+01 
 1.38038426e+05  7.43160614e+00  1.38038426e+05  8.78594808e+01 
 1.41253754e+05  7.24686868e+00  1.41253754e+05  8.77762465e+01 
 1.44543977e+05  7.06269090e+00  1.44543977e+05  8.76891729e+01 
 1.47910839e+05  6.87908697e+00  1.47910839e+05  8.75980749e+01 
 1.51356125e+05  6.69607093e+00  1.51356125e+05  8.75027605e+01 
 1.54881662e+05  6.51365664e+00  1.54881662e+05  8.74030304e+01 
 1.58489319e+05  6.33185774e+00  1.58489319e+05  8.72986778e+01 
 1.62181010e+05  6.15068763e+00  1.62181010e+05  8.71894888e+01 
 1.65958691e+05  5.97015937e+00  1.65958691e+05  8.70752418e+01 
 1.69824365e+05  5.79028571e+00  1.69824365e+05  8.69557081e+01 
 1.73780083e+05  5.61107896e+00  1.73780083e+05  8.68306517e+01 
 1.77827941e+05  5.43255099e+00  1.77827941e+05  8.66998293e+01 
 1.81970086e+05  5.25471318e+00  1.81970086e+05  8.65629908e+01 
 1.86208714e+05  5.07757636e+00  1.86208714e+05  8.64198788e+01 
 1.90546072e+05  4.90115078e+00  1.90546072e+05  8.62702294e+01 
 1.94984460e+05  4.72544603e+00  1.94984460e+05  8.61137721e+01 
 1.99526231e+05  4.55047107e+00  1.99526231e+05  8.59502303e+01 
 2.04173794e+05  4.37623410e+00  2.04173794e+05  8.57793213e+01 
 2.08929613e+05  4.20274258e+00  2.08929613e+05  8.56007568e+01 
 2.13796209e+05  4.03000320e+00  2.13796209e+05  8.54142434e+01 
 2.18776162e+05  3.85802184e+00  2.18776162e+05  8.52194825e+01 
 2.23872114e+05  3.68680354e+00  2.23872114e+05  8.50161716e+01 
 2.29086765e+05  3.51635249e+00  2.29086765e+05  8.48040039e+01 
 2.34422882e+05  3.34667203e+00  2.34422882e+05  8.45826694e+01 
 2.39883292e+05  3.17776464e+00  2.39883292e+05  8.43518549e+01 
 2.45470892e+05  3.00963196e+00  2.45470892e+05  8.41112452e+01 
 2.51188643e+05  2.84227477e+00  2.51188643e+05  8.38605232e+01 
 2.57039578e+05  2.67569306e+00  2.57039578e+05  8.35993705e+01 
 2.63026799e+05  2.50988602e+00  2.63026799e+05  8.33274682e+01 
 2.69153480e+05  2.34485211e+00  2.69153480e+05  8.30444974e+01 
 2.75422870e+05  2.18058909e+00  2.75422870e+05  8.27501399e+01 
 2.81838293e+05  2.01709412e+00  2.81838293e+05  8.24440785e+01 
 2.88403150e+05  1.85436379e+00  2.88403150e+05  8.21259978e+01 
 2.95120923e+05  1.69239422e+00  2.95120923e+05  8.17955850e+01 
 3.01995172e+05  1.53118116e+00  3.01995172e+05  8.14525298e+01 
 3.09029543e+05  1.37072008e+00  3.09029543e+05  8.10965255e+01 
 3.16227766e+05  1.21100631e+00  3.16227766e+05  8.07272692e+01 
 3.23593657e+05  1.05203511e+00  3.23593657e+05  8.03444620e+01 
 3.31131121e+05  8.93801861e-01  3.31131121e+05  7.99478100e+01 
 3.38844156e+05  7.36302156e-01  3.38844156e+05  7.95370238e+01 
 3.46736850e+05  5.79531972e-01  3.46736850e+05  7.91118194e+01 
 3.54813389e+05  4.23487808e-01  3.54813389e+05  7.86719180e+01 
 3.63078055e+05  2.68166853e-01  3.63078055e+05  7.82170460e+01 
 3.71535229e+05  1.13567135e-01  3.71535229e+05  7.77469355e+01 
 3.80189396e+05 -4.03123019e-02  3.80189396e+05  7.72613237e+01 
 3.89045145e+05 -1.93471241e-01  3.89045145e+05  7.67599532e+01 
 3.98107171e+05 -3.45908119e-01  3.98107171e+05  7.62425713e+01 
 4.07380278e+05 -4.97619864e-01  4.07380278e+05  7.57089301e+01 
 4.16869383e+05 -6.48601726e-01  4.16869383e+05  7.51587857e+01 
 4.26579519e+05 -7.98847114e-01  4.26579519e+05  7.45918981e+01 
 4.36515832e+05 -9.48347442e-01  4.36515832e+05  7.40080302e+01 
 4.46683592e+05 -1.09709197e+00  4.46683592e+05  7.34069474e+01 
 4.57088190e+05 -1.24506765e+00  4.57088190e+05  7.27884169e+01 
 4.67735141e+05 -1.39225901e+00  4.67735141e+05  7.21522064e+01 
 4.78630092e+05 -1.53864799e+00  4.78630092e+05  7.14980836e+01 
 4.89778819e+05 -1.68421384e+00  4.89778819e+05  7.08258150e+01 
 5.01187234e+05 -1.82893300e+00  5.01187234e+05  7.01351650e+01 
 5.12861384e+05 -1.97277899e+00  5.12861384e+05  6.94258942e+01 
 5.24807460e+05 -2.11572235e+00  5.24807460e+05  6.86977589e+01 
 5.37031796e+05 -2.25773052e+00  5.37031796e+05  6.79505092e+01 
 5.49540874e+05 -2.39876780e+00  5.49540874e+05  6.71838877e+01 
 5.62341325e+05 -2.53879529e+00  5.62341325e+05  6.63976282e+01 
 5.75439937e+05 -2.67777086e+00  5.75439937e+05  6.55914541e+01 
 5.88843655e+05 -2.81564914e+00  5.88843655e+05  6.47650765e+01 
 6.02559586e+05 -2.95238147e+00  6.02559586e+05  6.39181930e+01 
 6.16595002e+05 -3.08791597e+00  6.16595002e+05  6.30504854e+01 
 6.30957344e+05 -3.22219751e+00  6.30957344e+05  6.21616180e+01 
 6.45654229e+05 -3.35516781e+00  6.45654229e+05  6.12512358e+01 
 6.60693448e+05 -3.48676546e+00  6.60693448e+05  6.03189619e+01 
 6.76082975e+05 -3.61692604e+00  6.76082975e+05  5.93643960e+01 
 6.91830971e+05 -3.74558223e+00  6.91830971e+05  5.83871113e+01 
 7.07945784e+05 -3.87266390e+00  7.07945784e+05  5.73866528e+01 
 7.24435960e+05 -3.99809833e+00  7.24435960e+05  5.63625340e+01 
 7.41310241e+05 -4.12181036e+00  7.41310241e+05  5.53142344e+01 
 7.58577575e+05 -4.24372264e+00  7.58577575e+05  5.42411966e+01 
 7.76247117e+05 -4.36375586e+00  7.76247117e+05  5.31428228e+01 
 7.94328235e+05 -4.48182908e+00  7.94328235e+05  5.20184717e+01 
 8.12830516e+05 -4.59786005e+00  8.12830516e+05  5.08674547e+01 
 8.31763771e+05 -4.71176564e+00  8.31763771e+05  4.96890319e+01 
 8.51138038e+05 -4.82346227e+00  8.51138038e+05  4.84824079e+01 
 8.70963590e+05 -4.93286645e+00  8.70963590e+05  4.72467274e+01 
 8.91250938e+05 -5.03989539e+00  8.91250938e+05  4.59810699e+01 
 9.12010839e+05 -5.14446769e+00  9.12010839e+05  4.46844452e+01 
 9.33254301e+05 -5.24650415e+00  9.33254301e+05  4.33557870e+01 
 9.54992586e+05 -5.34592867e+00  9.54992586e+05  4.19939476e+01 
 9.77237221e+05 -5.44266932e+00  9.77237221e+05  4.05976911e+01 
 1.00000000e+06 -5.53665957e+00  1.00000000e+06  3.91656869e+01 
 1.02329299e+06 -5.62783966e+00  1.02329299e+06  3.76965026e+01 
 1.04712855e+06 -5.71615822e+00  1.04712855e+06  3.61885967e+01 
 1.07151931e+06 -5.80157413e+00  1.07151931e+06  3.46403111e+01 
 1.09647820e+06 -5.88405861e+00  1.09647820e+06  3.30498630e+01 
 1.12201845e+06 -5.96359772e+00  1.12201845e+06  3.14153377e+01 
 1.14815362e+06 -6.04019509e+00  1.14815362e+06  2.97346807e+01 
 1.17489755e+06 -6.11387519e+00  1.17489755e+06  2.80056910e+01 
 1.20226443e+06 -6.18468695e+00  1.20226443e+06  2.62260144e+01 
 1.23026877e+06 -6.25270794e+00  1.23026877e+06  2.43931389e+01 
 1.25892541e+06 -6.31804914e+00  1.25892541e+06  2.25043914e+01 
 1.28824955e+06 -6.38086026e+00  1.28824955e+06  2.05569368e+01 
 1.31825674e+06 -6.44133578e+00  1.31825674e+06  1.85477812e+01 
 1.34896288e+06 -6.49972164e+00  1.34896288e+06  1.64737787e+01 
 1.38038426e+06 -6.55632273e+00  1.38038426e+06  1.43316447e+01 
 1.41253754e+06 -6.61151093e+00  1.41253754e+06  1.21179766e+01 
 1.44543977e+06 -6.66573390e+00  1.44543977e+06  9.82928309e+00 
 1.47910839e+06 -6.71952431e+00  1.47910839e+06  7.46202614e+00 
 1.51356125e+06 -6.77350940e+00  1.51356125e+06  5.01267538e+00 
 1.54881662e+06 -6.82842049e+00  1.54881662e+06  2.47777947e+00 
 1.58489319e+06 -6.88510198e+00  1.58489319e+06 -1.45944137e-01 
 1.62181010e+06 -6.94451929e+00  1.62181010e+06 -2.86149853e+00 
 1.65958691e+06 -7.00776484e+00  1.65958691e+06 -5.67147434e+00 
 1.69824365e+06 -7.07606116e+00  1.69824365e+06 -8.57789380e+00 
 1.73780083e+06 -7.15075982e+00  1.73780083e+06 -1.15820330e+01 
 1.77827941e+06 -7.23333506e+00  1.77827941e+06 -1.46842257e+01 
 1.81970086e+06 -7.32537054e+00  1.81970086e+06 -1.78836557e+01 
 1.86208714e+06 -7.42853814e+00  1.86208714e+06 -2.11781467e+01 
 1.90546072e+06 -7.54456773e+00  1.90546072e+06 -2.45639644e+01 
 1.94984460e+06 -7.67520770e+00  1.94984460e+06 -2.80356480e+01 
 1.99526231e+06 -7.82217650e+00  1.99526231e+06 -3.15858907e+01 
 2.04173794e+06 -7.98710690e+00  2.04173794e+06 -3.52054898e+01 
 2.08929613e+06 -8.17148553e+00  2.08929613e+06 -3.88833860e+01 
 2.13796209e+06 -8.37659171e+00  2.13796209e+06 -4.26068028e+01 
 2.18776162e+06 -8.60344012e+00  2.18776162e+06 -4.63614938e+01 
 2.23872114e+06 -8.85273234e+00  2.23872114e+06 -5.01320882e+01 
 2.29086765e+06 -9.12482211e+00  2.29086765e+06 -5.39025184e+01 
 2.34422882e+06 -9.41969761e+00  2.34422882e+06 -5.76564995e+01 
 2.39883292e+06 -9.73698280e+00  2.39883292e+06 -6.13780243e+01 
 2.45470892e+06 -1.00759575e+01  2.45470892e+06 -6.50518355e+01 
 2.51188643e+06 -1.04355940e+01  2.51188643e+06 -6.86638400e+01 
 2.57039578e+06 -1.08146066e+01  2.57039578e+06 -7.22014369e+01 
 2.63026799e+06 -1.12115090e+01  2.63026799e+06 -7.56537444e+01 
 2.69153480e+06 -1.16246743e+01  2.69153480e+06 -7.90117207e+01 
 2.75422870e+06 -1.20523941e+01  2.75422870e+06 -8.22681853e+01 
 2.81838293e+06 -1.24929315e+01  2.81838293e+06 -8.54177559e+01 
 2.88403150e+06 -1.29445665e+01  2.88403150e+06 -8.84567194e+01 
 2.95120923e+06 -1.34056331e+01  2.95120923e+06 -9.13828589e+01 
 3.01995172e+06 -1.38745459e+01  3.01995172e+06 -9.41952555e+01 
 3.09029543e+06 -1.43498185e+01  3.09029543e+06 -9.68940822e+01 
 3.16227766e+06 -1.48300738e+01  3.16227766e+06 -9.94804036e+01 
 3.23593657e+06 -1.53140485e+01  3.23593657e+06 -1.01955990e+02 
 3.31131121e+06 -1.58005916e+01  3.31131121e+06 -1.04323152e+02 
 3.38844156e+06 -1.62886597e+01  3.38844156e+06 -1.06584601e+02 
 3.46736850e+06 -1.67773100e+01  3.46736850e+06 -1.08743331e+02 
 3.54813389e+06 -1.72656909e+01  3.54813389e+06 -1.10802527e+02 
 3.63078055e+06 -1.77530334e+01  3.63078055e+06 -1.12765496e+02 
 3.71535229e+06 -1.82386411e+01  3.71535229e+06 -1.14635614e+02 
 3.80189396e+06 -1.87218816e+01  3.80189396e+06 -1.16416293e+02 
 3.89045145e+06 -1.92021785e+01  3.89045145e+06 -1.18110959e+02 
 3.98107171e+06 -1.96790046e+01  3.98107171e+06 -1.19723045e+02 
 4.07380278e+06 -2.01518761e+01  4.07380278e+06 -1.21255985e+02 
 4.16869383e+06 -2.06203486e+01  4.16869383e+06 -1.22713217e+02 
 4.26579519e+06 -2.10840139e+01  4.26579519e+06 -1.24098190e+02 
 4.36515832e+06 -2.15424977e+01  4.36515832e+06 -1.25414371e+02 
 4.46683592e+06 -2.19954596e+01  4.46683592e+06 -1.26665244e+02 
 4.57088190e+06 -2.24425919e+01  4.57088190e+06 -1.27854315e+02 
 4.67735141e+06 -2.28836210e+01  4.67735141e+06 -1.28985111e+02 
 4.78630092e+06 -2.33183074e+01  4.78630092e+06 -1.30061168e+02 
 4.89778819e+06 -2.37464472e+01  4.89778819e+06 -1.31086024e+02 
 5.01187234e+06 -2.41678724e+01  5.01187234e+06 -1.32063201e+02 
 5.12861384e+06 -2.45824511e+01  5.12861384e+06 -1.32996187e+02 
 5.24807460e+06 -2.49900879e+01  5.24807460e+06 -1.33888411e+02 
 5.37031796e+06 -2.53907225e+01  5.37031796e+06 -1.34743224e+02 
 5.49540874e+06 -2.57843284e+01  5.49540874e+06 -1.35563872e+02 
 5.62341325e+06 -2.61709110e+01  5.62341325e+06 -1.36353473e+02 
 5.75439937e+06 -2.65505047e+01  5.75439937e+06 -1.37114998e+02 
 5.88843655e+06 -2.69231695e+01  5.88843655e+06 -1.37851255e+02 
 6.02559586e+06 -2.72889880e+01  6.02559586e+06 -1.38564873e+02 
 6.16595002e+06 -2.76480611e+01  6.16595002e+06 -1.39258291e+02 
 6.30957344e+06 -2.80005044e+01  6.30957344e+06 -1.39933758e+02 
 6.45654229e+06 -2.83464443e+01  6.45654229e+06 -1.40593327e+02 
 6.60693448e+06 -2.86860147e+01  6.60693448e+06 -1.41238861e+02 
 6.76082975e+06 -2.90193534e+01  6.76082975e+06 -1.41872036e+02 
 6.91830971e+06 -2.93465994e+01  6.91830971e+06 -1.42494353e+02 
 7.07945784e+06 -2.96678903e+01  7.07945784e+06 -1.43107148e+02 
 7.24435960e+06 -2.99833605e+01  7.24435960e+06 -1.43711600e+02 
 7.41310241e+06 -3.02931390e+01  7.41310241e+06 -1.44308753e+02 
 7.58577575e+06 -3.05973488e+01  7.58577575e+06 -1.44899519e+02 
 7.76247117e+06 -3.08961056e+01  7.76247117e+06 -1.45484701e+02 
 7.94328235e+06 -3.11895178e+01  7.94328235e+06 -1.46064998e+02 
 8.12830516e+06 -3.14776857e+01  8.12830516e+06 -1.46641023e+02 
 8.31763771e+06 -3.17607020e+01  8.31763771e+06 -1.47213312e+02 
 8.51138038e+06 -3.20386521e+01  8.51138038e+06 -1.47782333e+02 
 8.70963590e+06 -3.23116140e+01  8.70963590e+06 -1.48348496e+02 
 8.91250938e+06 -3.25796596e+01  8.91250938e+06 -1.48912161e+02 
 9.12010839e+06 -3.28428548e+01  9.12010839e+06 -1.49473648e+02 
 9.33254301e+06 -3.31012602e+01  9.33254301e+06 -1.50033235e+02 
 9.54992586e+06 -3.33549321e+01  9.54992586e+06 -1.50591170e+02 
 9.77237221e+06 -3.36039231e+01  9.77237221e+06 -1.51147673e+02 
 1.00000000e+07 -3.38482827e+01  1.00000000e+07 -1.51702937e+02 
 1.02329299e+07 -3.40880580e+01  1.02329299e+07 -1.52257134e+02 
 1.04712855e+07 -3.43232948e+01  1.04712855e+07 -1.52810412e+02 
 1.07151931e+07 -3.45540375e+01  1.07151931e+07 -1.53362904e+02 
 1.09647820e+07 -3.47803301e+01  1.09647820e+07 -1.53914720e+02 
 1.12201845e+07 -3.50022169e+01  1.12201845e+07 -1.54465955e+02 
 1.14815362e+07 -3.52197423e+01  1.14815362e+07 -1.55016686e+02 
 1.17489755e+07 -3.54329519e+01  1.17489755e+07 -1.55566971e+02 
 1.20226443e+07 -3.56418926e+01  1.20226443e+07 -1.56116854e+02 
 1.23026877e+07 -3.58466127e+01  1.23026877e+07 -1.56666359e+02 
 1.25892541e+07 -3.60471627e+01  1.25892541e+07 -1.57215495e+02 
 1.28824955e+07 -3.62435947e+01  1.28824955e+07 -1.57764251e+02 
 1.31825674e+07 -3.64359634e+01  1.31825674e+07 -1.58312600e+02 
 1.34896288e+07 -3.66243257e+01  1.34896288e+07 -1.58860498e+02 
 1.38038426e+07 -3.68087409e+01  1.38038426e+07 -1.59407882e+02 
 1.41253754e+07 -3.69892708e+01  1.41253754e+07 -1.59954672e+02 
 1.44543977e+07 -3.71659796e+01  1.44543977e+07 -1.60500770e+02 
 1.47910839e+07 -3.73389339e+01  1.47910839e+07 -1.61046059e+02 
 1.51356125e+07 -3.75082029e+01  1.51356125e+07 -1.61590407e+02 
 1.54881662e+07 -3.76738577e+01  1.54881662e+07 -1.62133663e+02 
 1.58489319e+07 -3.78359717e+01  1.58489319e+07 -1.62675658e+02 
 1.62181010e+07 -3.79946204e+01  1.62181010e+07 -1.63216210e+02 
 1.65958691e+07 -3.81498810e+01  1.65958691e+07 -1.63755117e+02 
 1.69824365e+07 -3.83018323e+01  1.69824365e+07 -1.64292164e+02 
 1.73780083e+07 -3.84505546e+01  1.73780083e+07 -1.64827118e+02 
 1.77827941e+07 -3.85961295e+01  1.77827941e+07 -1.65359734e+02 
 1.81970086e+07 -3.87386393e+01  1.81970086e+07 -1.65889751e+02 
 1.86208714e+07 -3.88781673e+01  1.86208714e+07 -1.66416898e+02 
 1.90546072e+07 -3.90147971e+01  1.90546072e+07 -1.66940887e+02 
 1.94984460e+07 -3.91486126e+01  1.94984460e+07 -1.67461423e+02 
 1.99526231e+07 -3.92796975e+01  1.99526231e+07 -1.67978196e+02 
 2.04173794e+07 -3.94081353e+01  2.04173794e+07 -1.68490890e+02 
 2.08929613e+07 -3.95340087e+01  2.08929613e+07 -1.68999176e+02 
 2.13796209e+07 -3.96573998e+01  2.13796209e+07 -1.69502720e+02 
 2.18776162e+07 -3.97783891e+01  2.18776162e+07 -1.70001180e+02 
 2.23872114e+07 -3.98970559e+01  2.23872114e+07 -1.70494207e+02 
 2.29086765e+07 -4.00134778e+01  2.29086765e+07 -1.70981446e+02 
 2.34422882e+07 -4.01277302e+01  2.34422882e+07 -1.71462542e+02 
 2.39883292e+07 -4.02398864e+01  2.39883292e+07 -1.71937133e+02 
 2.45470892e+07 -4.03500172e+01  2.45470892e+07 -1.72404856e+02 
 2.51188643e+07 -4.04581904e+01  2.51188643e+07 -1.72865349e+02 
 2.57039578e+07 -4.05644712e+01  2.57039578e+07 -1.73318249e+02 
 2.63026799e+07 -4.06689213e+01  2.63026799e+07 -1.73763194e+02 
 2.69153480e+07 -4.07715991e+01  2.69153480e+07 -1.74199827e+02 
 2.75422870e+07 -4.08725594e+01  2.75422870e+07 -1.74627795e+02 
 2.81838293e+07 -4.09718531e+01  2.81838293e+07 -1.75046748e+02 
 2.88403150e+07 -4.10695275e+01  2.88403150e+07 -1.75456346e+02 
 2.95120923e+07 -4.11656256e+01  2.95120923e+07 -1.75856255e+02 
 3.01995172e+07 -4.12601862e+01  3.01995172e+07 -1.76246154e+02 
 3.09029543e+07 -4.13532440e+01  3.09029543e+07 -1.76625728e+02 
 3.16227766e+07 -4.14448293e+01  3.16227766e+07 -1.76994680e+02 
 3.23593657e+07 -4.15349680e+01  3.23593657e+07 -1.77352724e+02 
 3.31131121e+07 -4.16236816e+01  3.31131121e+07 -1.77699589e+02 
 3.38844156e+07 -4.17109873e+01  3.38844156e+07 -1.78035024e+02 
 3.46736850e+07 -4.17968977e+01  3.46736850e+07 -1.78358793e+02 
 3.54813389e+07 -4.18814212e+01  3.54813389e+07 -1.78670683e+02 
 3.63078055e+07 -4.19645621e+01  3.63078055e+07 -1.78970501e+02 
 3.71535229e+07 -4.20463203e+01  3.71535229e+07 -1.79258077e+02 
 3.80189396e+07 -4.21266918e+01  3.80189396e+07 -1.79533265e+02 
 3.89045145e+07 -4.22056686e+01  3.89045145e+07 -1.79795945e+02 
 3.98107171e+07 -4.22832393e+01  3.98107171e+07  1.79953977e+02 
 4.07380278e+07 -4.23593886e+01  4.07380278e+07  1.79716564e+02 
 4.16869383e+07 -4.24340982e+01  4.16869383e+07  1.79491854e+02 
 4.26579519e+07 -4.25073467e+01  4.26579519e+07  1.79279851e+02 
 4.36515832e+07 -4.25791098e+01  4.36515832e+07  1.79080531e+02 
 4.46683592e+07 -4.26493611e+01  4.46683592e+07  1.78893835e+02 
 4.57088190e+07 -4.27180716e+01  4.57088190e+07  1.78719674e+02 
 4.67735141e+07 -4.27852107e+01  4.67735141e+07  1.78557922e+02 
 4.78630092e+07 -4.28507463e+01  4.78630092e+07  1.78408423e+02 
 4.89778819e+07 -4.29146451e+01  4.89778819e+07  1.78270985e+02 
 5.01187234e+07 -4.29768729e+01  5.01187234e+07  1.78145382e+02 
 5.12861384e+07 -4.30373953e+01  5.12861384e+07  1.78031354e+02 
 5.24807460e+07 -4.30961779e+01  5.24807460e+07  1.77928607e+02 
 5.37031796e+07 -4.31531864e+01  5.37031796e+07  1.77836812e+02 
 5.49540874e+07 -4.32083874e+01  5.49540874e+07  1.77755611e+02 
 5.62341325e+07 -4.32617489e+01  5.62341325e+07  1.77684609e+02 
 5.75439937e+07 -4.33132399e+01  5.75439937e+07  1.77623383e+02 
 5.88843655e+07 -4.33628319e+01  5.88843655e+07  1.77571479e+02 
 6.02559586e+07 -4.34104983e+01  6.02559586e+07  1.77528413e+02 
 6.16595002e+07 -4.34562152e+01  6.16595002e+07  1.77493675e+02 
 6.30957344e+07 -4.34999619e+01  6.30957344e+07  1.77466730e+02 
 6.45654229e+07 -4.35417208e+01  6.45654229e+07  1.77447018e+02 
 6.60693448e+07 -4.35814781e+01  6.60693448e+07  1.77433958e+02 
 6.76082975e+07 -4.36192239e+01  6.76082975e+07  1.77426950e+02 
 6.91830971e+07 -4.36549525e+01  6.91830971e+07  1.77425376e+02 
 7.07945784e+07 -4.36886626e+01  7.07945784e+07  1.77428604e+02 
 7.24435960e+07 -4.37203576e+01  7.24435960e+07  1.77435992e+02 
 7.41310241e+07 -4.37500456e+01  7.41310241e+07  1.77446885e+02 
 7.58577575e+07 -4.37777398e+01  7.58577575e+07  1.77460627e+02 
 7.76247117e+07 -4.38034584e+01  7.76247117e+07  1.77476552e+02 
 7.94328235e+07 -4.38272248e+01  7.94328235e+07  1.77494001e+02 
 8.12830516e+07 -4.38490673e+01  8.12830516e+07  1.77512311e+02 
 8.31763771e+07 -4.38690197e+01  8.31763771e+07  1.77530829e+02 
 8.51138038e+07 -4.38871207e+01  8.51138038e+07  1.77548908e+02 
 8.70963590e+07 -4.39034138e+01  8.70963590e+07  1.77565915e+02 
 8.91250938e+07 -4.39179479e+01  8.91250938e+07  1.77581227e+02 
 9.12010839e+07 -4.39307761e+01  9.12010839e+07  1.77594242e+02 
 9.33254301e+07 -4.39419562e+01  9.33254301e+07  1.77604375e+02 
 9.54992586e+07 -4.39515504e+01  9.54992586e+07  1.77611065e+02 
 9.77237221e+07 -4.39596246e+01  9.77237221e+07  1.77613773e+02 
 1.00000000e+08 -4.39662486e+01  1.00000000e+08  1.77611987e+02 
