 1.00000000e+00  7.04994483e+01  1.00000000e+00  1.78554967e+02 
 1.02329299e+00  7.04991140e+01  1.02329299e+00  1.78524343e+02 
 1.04712855e+00  7.04987806e+01  1.04712855e+00  1.78492989e+02 
 1.07151931e+00  7.04984477e+01  1.07151931e+00  1.78460886e+02 
 1.09647820e+00  7.04981151e+01  1.09647820e+00  1.78428016e+02 
 1.12201845e+00  7.04977824e+01  1.12201845e+00  1.78394358e+02 
 1.14815362e+00  7.04974492e+01  1.14815362e+00  1.78359894e+02 
 1.17489755e+00  7.04971152e+01  1.17489755e+00  1.78324602e+02 
 1.20226443e+00  7.04967799e+01  1.20226443e+00  1.78288463e+02 
 1.23026877e+00  7.04964429e+01  1.23026877e+00  1.78251455e+02 
 1.25892541e+00  7.04961038e+01  1.25892541e+00  1.78213558e+02 
 1.28824955e+00  7.04957621e+01  1.28824955e+00  1.78174749e+02 
 1.31825674e+00  7.04954173e+01  1.31825674e+00  1.78135006e+02 
 1.34896288e+00  7.04950689e+01  1.34896288e+00  1.78094307e+02 
 1.38038426e+00  7.04947163e+01  1.38038426e+00  1.78052629e+02 
 1.41253754e+00  7.04943591e+01  1.41253754e+00  1.78009949e+02 
 1.44543977e+00  7.04939965e+01  1.44543977e+00  1.77966242e+02 
 1.47910839e+00  7.04936280e+01  1.47910839e+00  1.77921484e+02 
 1.51356125e+00  7.04932530e+01  1.51356125e+00  1.77875651e+02 
 1.54881662e+00  7.04928709e+01  1.54881662e+00  1.77828717e+02 
 1.58489319e+00  7.04924808e+01  1.58489319e+00  1.77780657e+02 
 1.62181010e+00  7.04920822e+01  1.62181010e+00  1.77731443e+02 
 1.65958691e+00  7.04916743e+01  1.65958691e+00  1.77681049e+02 
 1.69824365e+00  7.04912564e+01  1.69824365e+00  1.77629448e+02 
 1.73780083e+00  7.04908276e+01  1.73780083e+00  1.77576612e+02 
 1.77827941e+00  7.04903871e+01  1.77827941e+00  1.77522511e+02 
 1.81970086e+00  7.04899342e+01  1.81970086e+00  1.77467118e+02 
 1.86208714e+00  7.04894678e+01  1.86208714e+00  1.77410401e+02 
 1.90546072e+00  7.04889871e+01  1.90546072e+00  1.77352331e+02 
 1.94984460e+00  7.04884912e+01  1.94984460e+00  1.77292876e+02 
 1.99526231e+00  7.04879790e+01  1.99526231e+00  1.77232006e+02 
 2.04173794e+00  7.04874496e+01  2.04173794e+00  1.77169686e+02 
 2.08929613e+00  7.04869018e+01  2.08929613e+00  1.77105885e+02 
 2.13796209e+00  7.04863346e+01  2.13796209e+00  1.77040569e+02 
 2.18776162e+00  7.04857467e+01  2.18776162e+00  1.76973702e+02 
 2.23872114e+00  7.04851371e+01  2.23872114e+00  1.76905250e+02 
 2.29086765e+00  7.04845044e+01  2.29086765e+00  1.76835177e+02 
 2.34422882e+00  7.04838474e+01  2.34422882e+00  1.76763445e+02 
 2.39883292e+00  7.04831647e+01  2.39883292e+00  1.76690017e+02 
 2.45470892e+00  7.04824548e+01  2.45470892e+00  1.76614856e+02 
 2.51188643e+00  7.04817164e+01  2.51188643e+00  1.76537920e+02 
 2.57039578e+00  7.04809479e+01  2.57039578e+00  1.76459172e+02 
 2.63026799e+00  7.04801476e+01  2.63026799e+00  1.76378568e+02 
 2.69153480e+00  7.04793140e+01  2.69153480e+00  1.76296068e+02 
 2.75422870e+00  7.04784453e+01  2.75422870e+00  1.76211630e+02 
 2.81838293e+00  7.04775398e+01  2.81838293e+00  1.76125208e+02 
 2.88403150e+00  7.04765954e+01  2.88403150e+00  1.76036759e+02 
 2.95120923e+00  7.04756102e+01  2.95120923e+00  1.75946237e+02 
 3.01995172e+00  7.04745823e+01  3.01995172e+00  1.75853596e+02 
 3.09029543e+00  7.04735094e+01  3.09029543e+00  1.75758788e+02 
 3.16227766e+00  7.04723894e+01  3.16227766e+00  1.75661765e+02 
 3.23593657e+00  7.04712198e+01  3.23593657e+00  1.75562477e+02 
 3.31131121e+00  7.04699983e+01  3.31131121e+00  1.75460874e+02 
 3.38844156e+00  7.04687223e+01  3.38844156e+00  1.75356903e+02 
 3.46736850e+00  7.04673891e+01  3.46736850e+00  1.75250514e+02 
 3.54813389e+00  7.04659960e+01  3.54813389e+00  1.75141651e+02 
 3.63078055e+00  7.04645402e+01  3.63078055e+00  1.75030259e+02 
 3.71535229e+00  7.04630184e+01  3.71535229e+00  1.74916284e+02 
 3.80189396e+00  7.04614277e+01  3.80189396e+00  1.74799667e+02 
 3.89045145e+00  7.04597647e+01  3.89045145e+00  1.74680351e+02 
 3.98107171e+00  7.04580259e+01  3.98107171e+00  1.74558277e+02 
 4.07380278e+00  7.04562078e+01  4.07380278e+00  1.74433382e+02 
 4.16869383e+00  7.04543066e+01  4.16869383e+00  1.74305607e+02 
 4.26579519e+00  7.04523183e+01  4.26579519e+00  1.74174887e+02 
 4.36515832e+00  7.04502389e+01  4.36515832e+00  1.74041160e+02 
 4.46683592e+00  7.04480641e+01  4.46683592e+00  1.73904358e+02 
 4.57088190e+00  7.04457893e+01  4.57088190e+00  1.73764416e+02 
 4.67735141e+00  7.04434100e+01  4.67735141e+00  1.73621266e+02 
 4.78630092e+00  7.04409212e+01  4.78630092e+00  1.73474839e+02 
 4.89778819e+00  7.04383177e+01  4.89778819e+00  1.73325064e+02 
 5.01187234e+00  7.04355944e+01  5.01187234e+00  1.73171870e+02 
 5.12861384e+00  7.04327456e+01  5.12861384e+00  1.73015184e+02 
 5.24807460e+00  7.04297655e+01  5.24807460e+00  1.72854931e+02 
 5.37031796e+00  7.04266480e+01  5.37031796e+00  1.72691037e+02 
 5.49540874e+00  7.04233869e+01  5.49540874e+00  1.72523424e+02 
 5.62341325e+00  7.04199754e+01  5.62341325e+00  1.72352015e+02 
 5.75439937e+00  7.04164066e+01  5.75439937e+00  1.72176731e+02 
 5.88843655e+00  7.04126734e+01  5.88843655e+00  1.71997491e+02 
 6.02559586e+00  7.04087683e+01  6.02559586e+00  1.71814214e+02 
 6.16595002e+00  7.04046833e+01  6.16595002e+00  1.71626816e+02 
 6.30957344e+00  7.04004102e+01  6.30957344e+00  1.71435215e+02 
 6.45654229e+00  7.03959406e+01  6.45654229e+00  1.71239324e+02 
 6.60693448e+00  7.03912655e+01  6.60693448e+00  1.71039057e+02 
 6.76082975e+00  7.03863757e+01  6.76082975e+00  1.70834328e+02 
 6.91830971e+00  7.03812613e+01  6.91830971e+00  1.70625047e+02 
 7.07945784e+00  7.03759123e+01  7.07945784e+00  1.70411124e+02 
 7.24435960e+00  7.03703182e+01  7.24435960e+00  1.70192471e+02 
 7.41310241e+00  7.03644680e+01  7.41310241e+00  1.69968994e+02 
 7.58577575e+00  7.03583502e+01  7.58577575e+00  1.69740603e+02 
 7.76247117e+00  7.03519529e+01  7.76247117e+00  1.69507203e+02 
 7.94328235e+00  7.03452638e+01  7.94328235e+00  1.69268700e+02 
 8.12830516e+00  7.03382698e+01  8.12830516e+00  1.69025001e+02 
 8.31763771e+00  7.03309575e+01  8.31763771e+00  1.68776010e+02 
 8.51138038e+00  7.03233130e+01  8.51138038e+00  1.68521630e+02 
 8.70963590e+00  7.03153217e+01  8.70963590e+00  1.68261767e+02 
 8.91250938e+00  7.03069684e+01  8.91250938e+00  1.67996324e+02 
 9.12010839e+00  7.02982374e+01  9.12010839e+00  1.67725203e+02 
 9.33254301e+00  7.02891123e+01  9.33254301e+00  1.67448308e+02 
 9.54992586e+00  7.02795762e+01  9.54992586e+00  1.67165543e+02 
 9.77237221e+00  7.02696113e+01  9.77237221e+00  1.66876811e+02 
 1.00000000e+01  7.02591995e+01  1.00000000e+01  1.66582015e+02 
 1.02329299e+01  7.02483216e+01  1.02329299e+01  1.66281061e+02 
 1.04712855e+01  7.02369579e+01  1.04712855e+01  1.65973852e+02 
 1.07151931e+01  7.02250881e+01  1.07151931e+01  1.65660295e+02 
 1.09647820e+01  7.02126909e+01  1.09647820e+01  1.65340297e+02 
 1.12201845e+01  7.01997444e+01  1.12201845e+01  1.65013765e+02 
 1.14815362e+01  7.01862259e+01  1.14815362e+01  1.64680609e+02 
 1.17489755e+01  7.01721119e+01  1.17489755e+01  1.64340741e+02 
 1.20226443e+01  7.01573782e+01  1.20226443e+01  1.63994073e+02 
 1.23026877e+01  7.01419996e+01  1.23026877e+01  1.63640521e+02 
 1.25892541e+01  7.01259502e+01  1.25892541e+01  1.63280003e+02 
 1.28824955e+01  7.01092033e+01  1.28824955e+01  1.62912440e+02 
 1.31825674e+01  7.00917312e+01  1.31825674e+01  1.62537755e+02 
 1.34896288e+01  7.00735057e+01  1.34896288e+01  1.62155875e+02 
 1.38038426e+01  7.00544974e+01  1.38038426e+01  1.61766731e+02 
 1.41253754e+01  7.00346763e+01  1.41253754e+01  1.61370258e+02 
 1.44543977e+01  7.00140113e+01  1.44543977e+01  1.60966394e+02 
 1.47910839e+01  6.99924708e+01  1.47910839e+01  1.60555084e+02 
 1.51356125e+01  6.99700220e+01  1.51356125e+01  1.60136277e+02 
 1.54881662e+01  6.99466317e+01  1.54881662e+01  1.59709927e+02 
 1.58489319e+01  6.99222654e+01  1.58489319e+01  1.59275995e+02 
 1.62181010e+01  6.98968883e+01  1.62181010e+01  1.58834446e+02 
 1.65958691e+01  6.98704646e+01  1.65958691e+01  1.58385255e+02 
 1.69824365e+01  6.98429576e+01  1.69824365e+01  1.57928402e+02 
 1.73780083e+01  6.98143303e+01  1.73780083e+01  1.57463874e+02 
 1.77827941e+01  6.97845446e+01  1.77827941e+01  1.56991668e+02 
 1.81970086e+01  6.97535622e+01  1.81970086e+01  1.56511787e+02 
 1.86208714e+01  6.97213437e+01  1.86208714e+01  1.56024245e+02 
 1.90546072e+01  6.96878497e+01  1.90546072e+01  1.55529063e+02 
 1.94984460e+01  6.96530399e+01  1.94984460e+01  1.55026273e+02 
 1.99526231e+01  6.96168738e+01  1.99526231e+01  1.54515916e+02 
 2.04173794e+01  6.95793104e+01  2.04173794e+01  1.53998045e+02 
 2.08929613e+01  6.95403085e+01  2.08929613e+01  1.53472722e+02 
 2.13796209e+01  6.94998268e+01  2.13796209e+01  1.52940021e+02 
 2.18776162e+01  6.94578235e+01  2.18776162e+01  1.52400025e+02 
 2.23872114e+01  6.94142572e+01  2.23872114e+01  1.51852832e+02 
 2.29086765e+01  6.93690863e+01  2.29086765e+01  1.51298551e+02 
 2.34422882e+01  6.93222693e+01  2.34422882e+01  1.50737300e+02 
 2.39883292e+01  6.92737651e+01  2.39883292e+01  1.50169215e+02 
 2.45470892e+01  6.92235328e+01  2.45470892e+01  1.49594438e+02 
 2.51188643e+01  6.91715321e+01  2.51188643e+01  1.49013129e+02 
 2.57039578e+01  6.91177230e+01  2.57039578e+01  1.48425457e+02 
 2.63026799e+01  6.90620665e+01  2.63026799e+01  1.47831606e+02 
 2.69153480e+01  6.90045243e+01  2.69153480e+01  1.47231771e+02 
 2.75422870e+01  6.89450588e+01  2.75422870e+01  1.46626161e+02 
 2.81838293e+01  6.88836337e+01  2.81838293e+01  1.46014996e+02 
 2.88403150e+01  6.88202138e+01  2.88403150e+01  1.45398508e+02 
 2.95120923e+01  6.87547649e+01  2.95120923e+01  1.44776942e+02 
 3.01995172e+01  6.86872546e+01  3.01995172e+01  1.44150554e+02 
 3.09029543e+01  6.86176517e+01  3.09029543e+01  1.43519612e+02 
 3.16227766e+01  6.85459267e+01  3.16227766e+01  1.42884394e+02 
 3.23593657e+01  6.84720519e+01  3.23593657e+01  1.42245187e+02 
 3.31131121e+01  6.83960013e+01  3.31131121e+01  1.41602290e+02 
 3.38844156e+01  6.83177509e+01  3.38844156e+01  1.40956010e+02 
 3.46736850e+01  6.82372788e+01  3.46736850e+01  1.40306663e+02 
 3.54813389e+01  6.81545650e+01  3.54813389e+01  1.39654572e+02 
 3.63078055e+01  6.80695919e+01  3.63078055e+01  1.39000066e+02 
 3.71535229e+01  6.79823439e+01  3.71535229e+01  1.38343483e+02 
 3.80189396e+01  6.78928080e+01  3.80189396e+01  1.37685164e+02 
 3.89045145e+01  6.78009735e+01  3.89045145e+01  1.37025454e+02 
 3.98107171e+01  6.77068320e+01  3.98107171e+01  1.36364704e+02 
 4.07380278e+01  6.76103776e+01  4.07380278e+01  1.35703266e+02 
 4.16869383e+01  6.75116070e+01  4.16869383e+01  1.35041494e+02 
 4.26579519e+01  6.74105191e+01  4.26579519e+01  1.34379742e+02 
 4.36515832e+01  6.73071157e+01  4.36515832e+01  1.33718365e+02 
 4.46683592e+01  6.72014007e+01  4.46683592e+01  1.33057717e+02 
 4.57088190e+01  6.70933806e+01  4.57088190e+01  1.32398147e+02 
 4.67735141e+01  6.69830643e+01  4.67735141e+01  1.31740006e+02 
 4.78630092e+01  6.68704633e+01  4.78630092e+01  1.31083636e+02 
 4.89778819e+01  6.67555912e+01  4.89778819e+01  1.30429377e+02 
 5.01187234e+01  6.66384640e+01  5.01187234e+01  1.29777563e+02 
 5.12861384e+01  6.65190997e+01  5.12861384e+01  1.29128522e+02 
 5.24807460e+01  6.63975188e+01  5.24807460e+01  1.28482573e+02 
 5.37031796e+01  6.62737436e+01  5.37031796e+01  1.27840029e+02 
 5.49540874e+01  6.61477985e+01  5.49540874e+01  1.27201193e+02 
 5.62341325e+01  6.60197096e+01  5.62341325e+01  1.26566359e+02 
 5.75439937e+01  6.58895050e+01  5.75439937e+01  1.25935813e+02 
 5.88843655e+01  6.57572143e+01  5.88843655e+01  1.25309827e+02 
 6.02559586e+01  6.56228687e+01  6.02559586e+01  1.24688665e+02 
 6.16595002e+01  6.54865009e+01  6.16595002e+01  1.24072580e+02 
 6.30957344e+01  6.53481448e+01  6.30957344e+01  1.23461811e+02 
 6.45654229e+01  6.52078357e+01  6.45654229e+01  1.22856588e+02 
 6.60693448e+01  6.50656098e+01  6.60693448e+01  1.22257127e+02 
 6.76082975e+01  6.49215044e+01  6.76082975e+01  1.21663632e+02 
 6.91830971e+01  6.47755576e+01  6.91830971e+01  1.21076295e+02 
 7.07945784e+01  6.46278083e+01  7.07945784e+01  1.20495297e+02 
 7.24435960e+01  6.44782961e+01  7.24435960e+01  1.19920804e+02 
 7.41310241e+01  6.43270609e+01  7.41310241e+01  1.19352970e+02 
 7.58577575e+01  6.41741433e+01  7.58577575e+01  1.18791939e+02 
 7.76247117e+01  6.40195840e+01  7.76247117e+01  1.18237841e+02 
 7.94328235e+01  6.38634240e+01  7.94328235e+01  1.17690793e+02 
 8.12830516e+01  6.37057044e+01  8.12830516e+01  1.17150903e+02 
 8.31763771e+01  6.35464663e+01  8.31763771e+01  1.16618264e+02 
 8.51138038e+01  6.33857509e+01  8.51138038e+01  1.16092961e+02 
 8.70963590e+01  6.32235991e+01  8.70963590e+01  1.15575066e+02 
 8.91250938e+01  6.30600516e+01  8.91250938e+01  1.15064640e+02 
 9.12010839e+01  6.28951489e+01  9.12010839e+01  1.14561734e+02 
 9.33254301e+01  6.27289310e+01  9.33254301e+01  1.14066390e+02 
 9.54992586e+01  6.25614376e+01  9.54992586e+01  1.13578640e+02 
 9.77237221e+01  6.23927079e+01  9.77237221e+01  1.13098505e+02 
 1.00000000e+02  6.22227805e+01  1.00000000e+02  1.12625999e+02 
 1.02329299e+02  6.20516935e+01  1.02329299e+02  1.12161126e+02 
 1.04712855e+02  6.18794845e+01  1.04712855e+02  1.11703883e+02 
 1.07151931e+02  6.17061902e+01  1.07151931e+02  1.11254259e+02 
 1.09647820e+02  6.15318467e+01  1.09647820e+02  1.10812235e+02 
 1.12201845e+02  6.13564895e+01  1.12201845e+02  1.10377786e+02 
 1.14815362e+02  6.11801532e+01  1.14815362e+02  1.09950880e+02 
 1.17489755e+02  6.10028718e+01  1.17489755e+02  1.09531479e+02 
 1.20226443e+02  6.08246784e+01  1.20226443e+02  1.09119539e+02 
 1.23026877e+02  6.06456052e+01  1.23026877e+02  1.08715011e+02 
 1.25892541e+02  6.04656839e+01  1.25892541e+02  1.08317839e+02 
 1.28824955e+02  6.02849452e+01  1.28824955e+02  1.07927966e+02 
 1.31825674e+02  6.01034189e+01  1.31825674e+02  1.07545328e+02 
 1.34896288e+02  5.99211341e+01  1.34896288e+02  1.07169858e+02 
 1.38038426e+02  5.97381191e+01  1.38038426e+02  1.06801483e+02 
 1.41253754e+02  5.95544013e+01  1.41253754e+02  1.06440131e+02 
 1.44543977e+02  5.93700073e+01  1.44543977e+02  1.06085724e+02 
 1.47910839e+02  5.91849630e+01  1.47910839e+02  1.05738181e+02 
 1.51356125e+02  5.89992934e+01  1.51356125e+02  1.05397420e+02 
 1.54881662e+02  5.88130227e+01  1.54881662e+02  1.05063356e+02 
 1.58489319e+02  5.86261743e+01  1.58489319e+02  1.04735902e+02 
 1.62181010e+02  5.84387709e+01  1.62181010e+02  1.04414969e+02 
 1.65958691e+02  5.82508345e+01  1.65958691e+02  1.04100467e+02 
 1.69824365e+02  5.80623862e+01  1.69824365e+02  1.03792305e+02 
 1.73780083e+02  5.78734464e+01  1.73780083e+02  1.03490390e+02 
 1.77827941e+02  5.76840350e+01  1.77827941e+02  1.03194628e+02 
 1.81970086e+02  5.74941710e+01  1.81970086e+02  1.02904926e+02 
 1.86208714e+02  5.73038727e+01  1.86208714e+02  1.02621189e+02 
 1.90546072e+02  5.71131578e+01  1.90546072e+02  1.02343322e+02 
 1.94984460e+02  5.69220435e+01  1.94984460e+02  1.02071229e+02 
 1.99526231e+02  5.67305460e+01  1.99526231e+02  1.01804815e+02 
 2.04173794e+02  5.65386814e+01  2.04173794e+02  1.01543984e+02 
 2.08929613e+02  5.63464646e+01  2.08929613e+02  1.01288641e+02 
 2.13796209e+02  5.61539106e+01  2.13796209e+02  1.01038691e+02 
 2.18776162e+02  5.59610332e+01  2.18776162e+02  1.00794039e+02 
 2.23872114e+02  5.57678460e+01  2.23872114e+02  1.00554592e+02 
 2.29086765e+02  5.55743622e+01  2.29086765e+02  1.00320255e+02 
 2.34422882e+02  5.53805941e+01  2.34422882e+02  1.00090936e+02 
 2.39883292e+02  5.51865539e+01  2.39883292e+02  9.98665412e+01 
 2.45470892e+02  5.49922530e+01  2.45470892e+02  9.96469803e+01 
 2.51188643e+02  5.47977025e+01  2.51188643e+02  9.94321622e+01 
 2.57039578e+02  5.46029131e+01  2.57039578e+02  9.92219971e+01 
 2.63026799e+02  5.44078949e+01  2.63026799e+02  9.90163961e+01 
 2.69153480e+02  5.42126579e+01  2.69153480e+02  9.88152712e+01 
 2.75422870e+02  5.40172113e+01  2.75422870e+02  9.86185356e+01 
 2.81838293e+02  5.38215642e+01  2.81838293e+02  9.84261035e+01 
 2.88403150e+02  5.36257253e+01  2.88403150e+02  9.82378902e+01 
 2.95120923e+02  5.34297028e+01  2.95120923e+02  9.80538121e+01 
 3.01995172e+02  5.32335046e+01  3.01995172e+02  9.78737868e+01 
 3.09029543e+02  5.30371385e+01  3.09029543e+02  9.76977329e+01 
 3.16227766e+02  5.28406116e+01  3.16227766e+02  9.75255706e+01 
 3.23593657e+02  5.26439310e+01  3.23593657e+02  9.73572208e+01 
 3.31131121e+02  5.24471033e+01  3.31131121e+02  9.71926060e+01 
 3.38844156e+02  5.22501351e+01  3.38844156e+02  9.70316497e+01 
 3.46736850e+02  5.20530323e+01  3.46736850e+02  9.68742769e+01 
 3.54813389e+02  5.18558010e+01  3.54813389e+02  9.67204135e+01 
 3.63078055e+02  5.16584467e+01  3.63078055e+02  9.65699869e+01 
 3.71535229e+02  5.14609748e+01  3.71535229e+02  9.64229256e+01 
 3.80189396e+02  5.12633906e+01  3.80189396e+02  9.62791594e+01 
 3.89045145e+02  5.10656989e+01  3.89045145e+02  9.61386194e+01 
 3.98107171e+02  5.08679044e+01  3.98107171e+02  9.60012378e+01 
 4.07380278e+02  5.06700118e+01  4.07380278e+02  9.58669481e+01 
 4.16869383e+02  5.04720252e+01  4.16869383e+02  9.57356852e+01 
 4.26579519e+02  5.02739490e+01  4.26579519e+02  9.56073849e+01 
 4.36515832e+02  5.00757870e+01  4.36515832e+02  9.54819843e+01 
 4.46683592e+02  4.98775430e+01  4.46683592e+02  9.53594219e+01 
 4.57088190e+02  4.96792206e+01  4.57088190e+02  9.52396372e+01 
 4.67735141e+02  4.94808234e+01  4.67735141e+02  9.51225708e+01 
 4.78630092e+02  4.92823547e+01  4.78630092e+02  9.50081647e+01 
 4.89778819e+02  4.90838175e+01  4.89778819e+02  9.48963620e+01 
 5.01187234e+02  4.88852150e+01  5.01187234e+02  9.47871067e+01 
 5.12861384e+02  4.86865501e+01  5.12861384e+02  9.46803442e+01 
 5.24807460e+02  4.84878255e+01  5.24807460e+02  9.45760208e+01 
 5.37031796e+02  4.82890439e+01  5.37031796e+02  9.44740841e+01 
 5.49540874e+02  4.80902078e+01  5.49540874e+02  9.43744826e+01 
 5.62341325e+02  4.78913197e+01  5.62341325e+02  9.42771661e+01 
 5.75439937e+02  4.76923818e+01  5.75439937e+02  9.41820850e+01 
 5.88843655e+02  4.74933964e+01  5.88843655e+02  9.40891913e+01 
 6.02559586e+02  4.72943657e+01  6.02559586e+02  9.39984377e+01 
 6.16595002e+02  4.70952915e+01  6.16595002e+02  9.39097778e+01 
 6.30957344e+02  4.68961760e+01  6.30957344e+02  9.38231664e+01 
 6.45654229e+02  4.66970208e+01  6.45654229e+02  9.37385593e+01 
 6.60693448e+02  4.64978279e+01  6.60693448e+02  9.36559130e+01 
 6.76082975e+02  4.62985989e+01  6.76082975e+02  9.35751853e+01 
 6.91830971e+02  4.60993353e+01  6.91830971e+02  9.34963345e+01 
 7.07945784e+02  4.59000388e+01  7.07945784e+02  9.34193202e+01 
 7.24435960e+02  4.57007108e+01  7.24435960e+02  9.33441026e+01 
 7.41310241e+02  4.55013528e+01  7.41310241e+02  9.32706430e+01 
 7.58577575e+02  4.53019660e+01  7.58577575e+02  9.31989034e+01 
 7.76247117e+02  4.51025518e+01  7.76247117e+02  9.31288466e+01 
 7.94328235e+02  4.49031114e+01  7.94328235e+02  9.30604366e+01 
 8.12830516e+02  4.47036460e+01  8.12830516e+02  9.29936377e+01 
 8.31763771e+02  4.45041567e+01  8.31763771e+02  9.29284153e+01 
 8.51138038e+02  4.43046446e+01  8.51138038e+02  9.28647357e+01 
 8.70963590e+02  4.41051107e+01  8.70963590e+02  9.28025656e+01 
 8.91250938e+02  4.39055560e+01  8.91250938e+02  9.27418727e+01 
 9.12010839e+02  4.37059814e+01  9.12010839e+02  9.26826254e+01 
 9.33254301e+02  4.35063879e+01  9.33254301e+02  9.26247930e+01 
 9.54992586e+02  4.33067762e+01  9.54992586e+02  9.25683451e+01 
 9.77237221e+02  4.31071472e+01  9.77237221e+02  9.25132523e+01 
 1.00000000e+03  4.29075017e+01  1.00000000e+03  9.24594860e+01 
 1.02329299e+03  4.27078405e+01  1.02329299e+03  9.24070179e+01 
 1.04712855e+03  4.25081642e+01  1.04712855e+03  9.23558207e+01 
 1.07151931e+03  4.23084735e+01  1.07151931e+03  9.23058675e+01 
 1.09647820e+03  4.21087691e+01  1.09647820e+03  9.22571322e+01 
 1.12201845e+03  4.19090516e+01  1.12201845e+03  9.22095893e+01 
 1.14815362e+03  4.17093216e+01  1.14815362e+03  9.21632139e+01 
 1.17489755e+03  4.15095797e+01  1.17489755e+03  9.21179816e+01 
 1.20226443e+03  4.13098264e+01  1.20226443e+03  9.20738687e+01 
 1.23026877e+03  4.11100623e+01  1.23026877e+03  9.20308521e+01 
 1.25892541e+03  4.09102878e+01  1.25892541e+03  9.19889091e+01 
 1.28824955e+03  4.07105034e+01  1.28824955e+03  9.19480179e+01 
 1.31825674e+03  4.05107096e+01  1.31825674e+03  9.19081567e+01 
 1.34896288e+03  4.03109068e+01  1.34896288e+03  9.18693048e+01 
 1.38038426e+03  4.01110954e+01  1.38038426e+03  9.18314416e+01 
 1.41253754e+03  3.99112759e+01  1.41253754e+03  9.17945473e+01 
 1.44543977e+03  3.97114486e+01  1.44543977e+03  9.17586025e+01 
 1.47910839e+03  3.95116138e+01  1.47910839e+03  9.17235881e+01 
 1.51356125e+03  3.93117719e+01  1.51356125e+03  9.16894858e+01 
 1.54881662e+03  3.91119234e+01  1.54881662e+03  9.16562777e+01 
 1.58489319e+03  3.89120684e+01  1.58489319e+03  9.16239461e+01 
 1.62181010e+03  3.87122072e+01  1.62181010e+03  9.15924741e+01 
 1.65958691e+03  3.85123403e+01  1.65958691e+03  9.15618451e+01 
 1.69824365e+03  3.83124678e+01  1.69824365e+03  9.15320430e+01 
 1.73780083e+03  3.81125901e+01  1.73780083e+03  9.15030520e+01 
 1.77827941e+03  3.79127073e+01  1.77827941e+03  9.14748567e+01 
 1.81970086e+03  3.77128198e+01  1.81970086e+03  9.14474425e+01 
 1.86208714e+03  3.75129277e+01  1.86208714e+03  9.14207947e+01 
 1.90546072e+03  3.73130314e+01  1.90546072e+03  9.13948993e+01 
 1.94984460e+03  3.71131310e+01  1.94984460e+03  9.13697427e+01 
 1.99526231e+03  3.69132267e+01  1.99526231e+03  9.13453115e+01 
 2.04173794e+03  3.67133187e+01  2.04173794e+03  9.13215929e+01 
 2.08929613e+03  3.65134073e+01  2.08929613e+03  9.12985743e+01 
 2.13796209e+03  3.63134926e+01  2.13796209e+03  9.12762436e+01 
 2.18776162e+03  3.61135748e+01  2.18776162e+03  9.12545889e+01 
 2.23872114e+03  3.59136541e+01  2.23872114e+03  9.12335989e+01 
 2.29086765e+03  3.57137306e+01  2.29086765e+03  9.12132624e+01 
 2.34422882e+03  3.55138046e+01  2.34422882e+03  9.11935686e+01 
 2.39883292e+03  3.53138761e+01  2.39883292e+03  9.11745073e+01 
 2.45470892e+03  3.51139453e+01  2.45470892e+03  9.11560682e+01 
 2.51188643e+03  3.49140124e+01  2.51188643e+03  9.11382417e+01 
 2.57039578e+03  3.47140774e+01  2.57039578e+03  9.11210182e+01 
 2.63026799e+03  3.45141406e+01  2.63026799e+03  9.11043888e+01 
 2.69153480e+03  3.43142021e+01  2.69153480e+03  9.10883446e+01 
 2.75422870e+03  3.41142620e+01  2.75422870e+03  9.10728771e+01 
 2.81838293e+03  3.39143204e+01  2.81838293e+03  9.10579781e+01 
 2.88403150e+03  3.37143775e+01  2.88403150e+03  9.10436397e+01 
 2.95120923e+03  3.35144334e+01  2.95120923e+03  9.10298544e+01 
 3.01995172e+03  3.33144881e+01  3.01995172e+03  9.10166149e+01 
 3.09029543e+03  3.31145419e+01  3.09029543e+03  9.10039141e+01 
 3.16227766e+03  3.29145948e+01  3.16227766e+03  9.09917454e+01 
 3.23593657e+03  3.27146469e+01  3.23593657e+03  9.09801022e+01 
 3.31131121e+03  3.25146984e+01  3.31131121e+03  9.09689784e+01 
 3.38844156e+03  3.23147493e+01  3.38844156e+03  9.09583682e+01 
 3.46736850e+03  3.21147998e+01  3.46736850e+03  9.09482659e+01 
 3.54813389e+03  3.19148500e+01  3.54813389e+03  9.09386661e+01 
 3.63078055e+03  3.17149000e+01  3.63078055e+03  9.09295637e+01 
 3.71535229e+03  3.15149498e+01  3.71535229e+03  9.09209540e+01 
 3.80189396e+03  3.13149996e+01  3.80189396e+03  9.09128324e+01 
 3.89045145e+03  3.11150495e+01  3.89045145e+03  9.09051945e+01 
 3.98107171e+03  3.09150997e+01  3.98107171e+03  9.08980364e+01 
 4.07380278e+03  3.07151501e+01  4.07380278e+03  9.08913541e+01 
 4.16869383e+03  3.05152010e+01  4.16869383e+03  9.08851443e+01 
 4.26579519e+03  3.03152523e+01  4.26579519e+03  9.08794034e+01 
 4.36515832e+03  3.01153043e+01  4.36515832e+03  9.08741287e+01 
 4.46683592e+03  2.99153571e+01  4.46683592e+03  9.08693171e+01 
 4.57088190e+03  2.97154107e+01  4.57088190e+03  9.08649661e+01 
 4.67735141e+03  2.95154652e+01  4.67735141e+03  9.08610735e+01 
 4.78630092e+03  2.93155209e+01  4.78630092e+03  9.08576372e+01 
 4.89778819e+03  2.91155777e+01  4.89778819e+03  9.08546553e+01 
 5.01187234e+03  2.89156359e+01  5.01187234e+03  9.08521262e+01 
 5.12861384e+03  2.87156955e+01  5.12861384e+03  9.08500486e+01 
 5.24807460e+03  2.85157567e+01  5.24807460e+03  9.08484213e+01 
 5.37031796e+03  2.83158196e+01  5.37031796e+03  9.08472435e+01 
 5.49540874e+03  2.81158843e+01  5.49540874e+03  9.08465146e+01 
 5.62341325e+03  2.79159510e+01  5.62341325e+03  9.08462340e+01 
 5.75439937e+03  2.77160198e+01  5.75439937e+03  9.08464017e+01 
 5.88843655e+03  2.75160909e+01  5.88843655e+03  9.08470177e+01 
 6.02559586e+03  2.73161643e+01  6.02559586e+03  9.08480823e+01 
 6.16595002e+03  2.71162404e+01  6.16595002e+03  9.08495960e+01 
 6.30957344e+03  2.69163191e+01  6.30957344e+03  9.08515596e+01 
 6.45654229e+03  2.67164008e+01  6.45654229e+03  9.08539741e+01 
 6.60693448e+03  2.65164855e+01  6.60693448e+03  9.08568408e+01 
 6.76082975e+03  2.63165735e+01  6.76082975e+03  9.08601610e+01 
 6.91830971e+03  2.61166649e+01  6.91830971e+03  9.08639366e+01 
 7.07945784e+03  2.59167599e+01  7.07945784e+03  9.08681695e+01 
 7.24435960e+03  2.57168588e+01  7.24435960e+03  9.08728619e+01 
 7.41310241e+03  2.55169617e+01  7.41310241e+03  9.08780162e+01 
 7.58577575e+03  2.53170688e+01  7.58577575e+03  9.08836350e+01 
 7.76247117e+03  2.51171804e+01  7.76247117e+03  9.08897214e+01 
 7.94328235e+03  2.49172968e+01  7.94328235e+03  9.08962784e+01 
 8.12830516e+03  2.47174181e+01  8.12830516e+03  9.09033094e+01 
 8.31763771e+03  2.45175446e+01  8.31763771e+03  9.09108181e+01 
 8.51138038e+03  2.43176766e+01  8.51138038e+03  9.09188084e+01 
 8.70963590e+03  2.41178144e+01  8.70963590e+03  9.09272845e+01 
 8.91250938e+03  2.39179582e+01  8.91250938e+03  9.09362506e+01 
 9.12010839e+03  2.37181084e+01  9.12010839e+03  9.09457116e+01 
 9.33254301e+03  2.35182653e+01  9.33254301e+03  9.09556721e+01 
 9.54992586e+03  2.33184292e+01  9.54992586e+03  9.09661375e+01 
 9.77237221e+03  2.31186005e+01  9.77237221e+03  9.09771132e+01 
 1.00000000e+04  2.29187795e+01  1.00000000e+04  9.09886047e+01 
 1.02329299e+04  2.27189665e+01  1.02329299e+04  9.10006181e+01 
 1.04712855e+04  2.25191621e+01  1.04712855e+04  9.10131596e+01 
 1.07151931e+04  2.23193666e+01  1.07151931e+04  9.10262356e+01 
 1.09647820e+04  2.21195804e+01  1.09647820e+04  9.10398528e+01 
 1.12201845e+04  2.19198041e+01  1.12201845e+04  9.10540183e+01 
 1.14815362e+04  2.17200380e+01  1.14815362e+04  9.10687394e+01 
 1.17489755e+04  2.15202826e+01  1.17489755e+04  9.10840237e+01 
 1.20226443e+04  2.13205385e+01  1.20226443e+04  9.10998790e+01 
 1.23026877e+04  2.11208063e+01  1.23026877e+04  9.11163134e+01 
 1.25892541e+04  2.09210864e+01  1.25892541e+04  9.11333354e+01 
 1.28824955e+04  2.07213795e+01  1.28824955e+04  9.11509537e+01 
 1.31825674e+04  2.05216862e+01  1.31825674e+04  9.11691773e+01 
 1.34896288e+04  2.03220072e+01  1.34896288e+04  9.11880154e+01 
 1.38038426e+04  2.01223430e+01  1.38038426e+04  9.12074779e+01 
 1.41253754e+04  1.99226945e+01  1.41253754e+04  9.12275744e+01 
 1.44543977e+04  1.97230624e+01  1.44543977e+04  9.12483153e+01 
 1.47910839e+04  1.95234474e+01  1.47910839e+04  9.12697111e+01 
 1.51356125e+04  1.93238503e+01  1.51356125e+04  9.12917727e+01 
 1.54881662e+04  1.91242721e+01  1.54881662e+04  9.13145111e+01 
 1.58489319e+04  1.89247135e+01  1.58489319e+04  9.13379379e+01 
 1.62181010e+04  1.87251756e+01  1.62181010e+04  9.13620649e+01 
 1.65958691e+04  1.85256593e+01  1.65958691e+04  9.13869043e+01 
 1.69824365e+04  1.83261656e+01  1.69824365e+04  9.14124684e+01 
 1.73780083e+04  1.81266955e+01  1.73780083e+04  9.14387702e+01 
 1.77827941e+04  1.79272502e+01  1.77827941e+04  9.14658226e+01 
 1.81970086e+04  1.77278309e+01  1.81970086e+04  9.14936394e+01 
 1.86208714e+04  1.75284388e+01  1.86208714e+04  9.15222341e+01 
 1.90546072e+04  1.73290751e+01  1.90546072e+04  9.15516211e+01 
 1.94984460e+04  1.71297412e+01  1.94984460e+04  9.15818148e+01 
 1.99526231e+04  1.69304385e+01  1.99526231e+04  9.16128301e+01 
 2.04173794e+04  1.67311685e+01  2.04173794e+04  9.16446823e+01 
 2.08929613e+04  1.65319326e+01  2.08929613e+04  9.16773869e+01 
 2.13796209e+04  1.63327324e+01  2.13796209e+04  9.17109599e+01 
 2.18776162e+04  1.61335698e+01  2.18776162e+04  9.17454175e+01 
 2.23872114e+04  1.59344463e+01  2.23872114e+04  9.17807766e+01 
 2.29086765e+04  1.57353639e+01  2.29086765e+04  9.18170540e+01 
 2.34422882e+04  1.55363244e+01  2.34422882e+04  9.18542671e+01 
 2.39883292e+04  1.53373298e+01  2.39883292e+04  9.18924339e+01 
 2.45470892e+04  1.51383823e+01  2.45470892e+04  9.19315723e+01 
 2.51188643e+04  1.49394841e+01  2.51188643e+04  9.19717009e+01 
 2.57039578e+04  1.47406373e+01  2.57039578e+04  9.20128386e+01 
 2.63026799e+04  1.45418445e+01  2.63026799e+04  9.20550046e+01 
 2.69153480e+04  1.43431082e+01  2.69153480e+04  9.20982184e+01 
 2.75422870e+04  1.41444309e+01  2.75422870e+04  9.21425001e+01 
 2.81838293e+04  1.39458154e+01  2.81838293e+04  9.21878700e+01 
 2.88403150e+04  1.37472645e+01  2.88403150e+04  9.22343487e+01 
 2.95120923e+04  1.35487814e+01  2.95120923e+04  9.22819572e+01 
 3.01995172e+04  1.33503690e+01  3.01995172e+04  9.23307169e+01 
 3.09029543e+04  1.31520308e+01  3.09029543e+04  9.23806495e+01 
 3.16227766e+04  1.29537700e+01  3.16227766e+04  9.24317770e+01 
 3.23593657e+04  1.27555903e+01  3.23593657e+04  9.24841219e+01 
 3.31131121e+04  1.25574955e+01  3.31131121e+04  9.25377066e+01 
 3.38844156e+04  1.23594894e+01  3.38844156e+04  9.25925543e+01 
 3.46736850e+04  1.21615761e+01  3.46736850e+04  9.26486882e+01 
 3.54813389e+04  1.19637600e+01  3.54813389e+04  9.27061317e+01 
 3.63078055e+04  1.17660454e+01  3.63078055e+04  9.27649087e+01 
 3.71535229e+04  1.15684370e+01  3.71535229e+04  9.28250432e+01 
 3.80189396e+04  1.13709397e+01  3.80189396e+04  9.28865595e+01 
 3.89045145e+04  1.11735585e+01  3.89045145e+04  9.29494820e+01 
 3.98107171e+04  1.09762989e+01  3.98107171e+04  9.30138354e+01 
 4.07380278e+04  1.07791662e+01  4.07380278e+04  9.30796444e+01 
 4.16869383e+04  1.05821664e+01  4.16869383e+04  9.31469339e+01 
 4.26579519e+04  1.03853054e+01  4.26579519e+04  9.32157291e+01 
 4.36515832e+04  1.01885896e+01  4.36515832e+04  9.32860548e+01 
 4.46683592e+04  9.99202556e+00  4.46683592e+04  9.33579364e+01 
 4.57088190e+04  9.79562010e+00  4.57088190e+04  9.34313987e+01 
 4.67735141e+04  9.59938041e+00  4.67735141e+04  9.35064669e+01 
 4.78630092e+04  9.40331395e+00  4.78630092e+04  9.35831658e+01 
 4.89778819e+04  9.20742853e+00  4.89778819e+04  9.36615204e+01 
 5.01187234e+04  9.01173226e+00  5.01187234e+04  9.37415550e+01 
 5.12861384e+04  8.81623361e+00  5.12861384e+04  9.38232941e+01 
 5.24807460e+04  8.62094141e+00  5.24807460e+04  9.39067616e+01 
 5.37031796e+04  8.42586486e+00  5.37031796e+04  9.39919811e+01 
 5.49540874e+04  8.23101354e+00  5.49540874e+04  9.40789757e+01 
 5.62341325e+04  8.03639742e+00  5.62341325e+04  9.41677680e+01 
 5.75439937e+04  7.84202689e+00  5.75439937e+04  9.42583798e+01 
 5.88843655e+04  7.64791278e+00  5.88843655e+04  9.43508326e+01 
 6.02559586e+04  7.45406633e+00  6.02559586e+04  9.44451466e+01 
 6.16595002e+04  7.26049926e+00  6.16595002e+04  9.45413413e+01 
 6.30957344e+04  7.06722374e+00  6.30957344e+04  9.46394352e+01 
 6.45654229e+04  6.87425244e+00  6.45654229e+04  9.47394456e+01 
 6.60693448e+04  6.68159853e+00  6.60693448e+04  9.48413886e+01 
 6.76082975e+04  6.48927567e+00  6.76082975e+04  9.49452789e+01 
 6.91830971e+04  6.29729808e+00  6.91830971e+04  9.50511294e+01 
 7.07945784e+04  6.10568049e+00  7.07945784e+04  9.51589517e+01 
 7.24435960e+04  5.91443823e+00  7.24435960e+04  9.52687553e+01 
 7.41310241e+04  5.72358716e+00  7.41310241e+04  9.53805478e+01 
 7.58577575e+04  5.53314376e+00  7.58577575e+04  9.54943345e+01 
 7.76247117e+04  5.34312509e+00  7.76247117e+04  9.56101184e+01 
 7.94328235e+04  5.15354883e+00  7.94328235e+04  9.57278999e+01 
 8.12830516e+04  4.96443330e+00  8.12830516e+04  9.58476766e+01 
 8.31763771e+04  4.77579744e+00  8.31763771e+04  9.59694430e+01 
 8.51138038e+04  4.58766085e+00  8.51138038e+04  9.60931907e+01 
 8.70963590e+04  4.40004381e+00  8.70963590e+04  9.62189074e+01 
 8.91250938e+04  4.21296724e+00  8.91250938e+04  9.63465772e+01 
 9.12010839e+04  4.02645276e+00  9.12010839e+04  9.64761804e+01 
 9.33254301e+04  3.84052268e+00  9.33254301e+04  9.66076927e+01 
 9.54992586e+04  3.65519999e+00  9.54992586e+04  9.67410855e+01 
 9.77237221e+04  3.47050840e+00  9.77237221e+04  9.68763252e+01 
 1.00000000e+05  3.28647231e+00  1.00000000e+05  9.70133730e+01 
 1.02329299e+05  3.10311682e+00  1.02329299e+05  9.71521847e+01 
 1.04712855e+05  2.92046774e+00  1.04712855e+05  9.72927101e+01 
 1.07151931e+05  2.73855158e+00  1.07151931e+05  9.74348930e+01 
 1.09647820e+05  2.55739552e+00  1.09647820e+05  9.75786704e+01 
 1.12201845e+05  2.37702746e+00  1.12201845e+05  9.77239725e+01 
 1.14815362e+05  2.19747595e+00  1.14815362e+05  9.78707224e+01 
 1.17489755e+05  2.01877020e+00  1.17489755e+05  9.80188353e+01 
 1.20226443e+05  1.84094006e+00  1.20226443e+05  9.81682182e+01 
 1.23026877e+05  1.66401602e+00  1.23026877e+05  9.83187699e+01 
 1.25892541e+05  1.48802914e+00  1.25892541e+05  9.84703802e+01 
 1.28824955e+05  1.31301106e+00  1.28824955e+05  9.86229295e+01 
 1.31825674e+05  1.13899395e+00  1.31825674e+05  9.87762888e+01 
 1.34896288e+05  9.66010475e-01  1.34896288e+05  9.89303185e+01 
 1.38038426e+05  7.94093761e-01  1.38038426e+05  9.90848690e+01 
 1.41253754e+05  6.23277338e-01  1.41253754e+05  9.92397793e+01 
 1.44543977e+05  4.53595098e-01  1.44543977e+05  9.93948774e+01 
 1.47910839e+05  2.85081232e-01  1.47910839e+05  9.95499794e+01 
 1.51356125e+05  1.17770178e-01  1.51356125e+05  9.97048893e+01 
 1.54881662e+05 -4.83034540e-02  1.54881662e+05  9.98593987e+01 
 1.58489319e+05 -2.13104945e-01  1.58489319e+05  1.00013286e+02 
 1.62181010e+05 -3.76599548e-01  1.62181010e+05  1.00166317e+02 
 1.65958691e+05 -5.38752565e-01  1.65958691e+05  1.00318244e+02 
 1.69824365e+05 -6.99529438e-01  1.69824365e+05  1.00468806e+02 
 1.73780083e+05 -8.58895832e-01  1.73780083e+05  1.00617725e+02 
 1.77827941e+05 -1.01681774e+00  1.77827941e+05  1.00764713e+02 
 1.81970086e+05 -1.17326157e+00  1.81970086e+05  1.00909465e+02 
 1.86208714e+05 -1.32819427e+00  1.86208714e+05  1.01051663e+02 
 1.90546072e+05 -1.48158341e+00  1.90546072e+05  1.01190972e+02 
 1.94984460e+05 -1.63339731e+00  1.94984460e+05  1.01327044e+02 
 1.99526231e+05 -1.78360515e+00  1.99526231e+05  1.01459518e+02 
 2.04173794e+05 -1.93217709e+00  2.04173794e+05  1.01588014e+02 
 2.08929613e+05 -2.07908439e+00  2.08929613e+05  1.01712142e+02 
 2.13796209e+05 -2.22429952e+00  2.13796209e+05  1.01831495e+02 
 2.18776162e+05 -2.36779629e+00  2.18776162e+05  1.01945651e+02 
 2.23872114e+05 -2.50954997e+00  2.23872114e+05  1.02054178e+02 
 2.29086765e+05 -2.64953742e+00  2.29086765e+05  1.02156628e+02 
 2.34422882e+05 -2.78773717e+00  2.34422882e+05  1.02252539e+02 
 2.39883292e+05 -2.92412960e+00  2.39883292e+05  1.02341438e+02 
 2.45470892e+05 -3.05869699e+00  2.45470892e+05  1.02422841e+02 
 2.51188643e+05 -3.19142369e+00  2.51188643e+05  1.02496251e+02 
 2.57039578e+05 -3.32229616e+00  2.57039578e+05  1.02561162e+02 
 2.63026799e+05 -3.45130312e+00  2.63026799e+05  1.02617056e+02 
 2.69153480e+05 -3.57843563e+00  2.69153480e+05  1.02663408e+02 
 2.75422870e+05 -3.70368715e+00  2.75422870e+05  1.02699684e+02 
 2.81838293e+05 -3.82705364e+00  2.81838293e+05  1.02725344e+02 
 2.88403150e+05 -3.94853364e+00  2.88403150e+05  1.02739841e+02 
 2.95120923e+05 -4.06812830e+00  2.95120923e+05  1.02742624e+02 
 3.01995172e+05 -4.18584142e+00  3.01995172e+05  1.02733136e+02 
 3.09029543e+05 -4.30167954e+00  3.09029543e+05  1.02710821e+02 
 3.16227766e+05 -4.41565191e+00  3.16227766e+05  1.02675118e+02 
 3.23593657e+05 -4.52777053e+00  3.23593657e+05  1.02625468e+02 
 3.31131121e+05 -4.63805012e+00  3.31131121e+05  1.02561313e+02 
 3.38844156e+05 -4.74650815e+00  3.38844156e+05  1.02482096e+02 
 3.46736850e+05 -4.85316482e+00  3.46736850e+05  1.02387264e+02 
 3.54813389e+05 -4.95804295e+00  3.54813389e+05  1.02276272e+02 
 3.63078055e+05 -5.06116801e+00  3.63078055e+05  1.02148577e+02 
 3.71535229e+05 -5.16256801e+00  3.71535229e+05  1.02003647e+02 
 3.80189396e+05 -5.26227345e+00  3.80189396e+05  1.01840958e+02 
 3.89045145e+05 -5.36031722e+00  3.89045145e+05  1.01659995e+02 
 3.98107171e+05 -5.45673448e+00  3.98107171e+05  1.01460257e+02 
 4.07380278e+05 -5.55156259e+00  4.07380278e+05  1.01241255e+02 
 4.16869383e+05 -5.64484096e+00  4.16869383e+05  1.01002514e+02 
 4.26579519e+05 -5.73661090e+00  4.26579519e+05  1.00743573e+02 
 4.36515832e+05 -5.82691552e+00  4.36515832e+05  1.00463992e+02 
 4.46683592e+05 -5.91579955e+00  4.46683592e+05  1.00163342e+02 
 4.57088190e+05 -6.00330917e+00  4.57088190e+05  9.98412196e+01 
 4.67735141e+05 -6.08949188e+00  4.67735141e+05  9.94972362e+01 
 4.78630092e+05 -6.17439628e+00  4.78630092e+05  9.91310261e+01 
 4.89778819e+05 -6.25807189e+00  4.89778819e+05  9.87422448e+01 
 5.01187234e+05 -6.34056902e+00  5.01187234e+05  9.83305703e+01 
 5.12861384e+05 -6.42193852e+00  5.12861384e+05  9.78957039e+01 
 5.24807460e+05 -6.50223160e+00  5.24807460e+05  9.74373710e+01 
 5.37031796e+05 -6.58149963e+00  5.37031796e+05  9.69553214e+01 
 5.49540874e+05 -6.65979398e+00  5.49540874e+05  9.64493303e+01 
 5.62341325e+05 -6.73716578e+00  5.62341325e+05  9.59191988e+01 
 5.75439937e+05 -6.81366570e+00  5.75439937e+05  9.53647539e+01 
 5.88843655e+05 -6.88934385e+00  5.88843655e+05  9.47858494e+01 
 6.02559586e+05 -6.96424945e+00  6.02559586e+05  9.41823659e+01 
 6.16595002e+05 -7.03843078e+00  6.16595002e+05  9.35542113e+01 
 6.30957344e+05 -7.11193488e+00  6.30957344e+05  9.29013204e+01 
 6.45654229e+05 -7.18480743e+00  6.45654229e+05  9.22236556e+01 
 6.60693448e+05 -7.25709256e+00  6.60693448e+05  9.15212066e+01 
 6.76082975e+05 -7.32883267e+00  6.76082975e+05  9.07939903e+01 
 6.91830971e+05 -7.40006831e+00  6.91830971e+05  9.00420508e+01 
 7.07945784e+05 -7.47083796e+00  7.07945784e+05  8.92654590e+01 
 7.24435960e+05 -7.54117798e+00  7.24435960e+05  8.84643124e+01 
 7.41310241e+05 -7.61112240e+00  7.41310241e+05  8.76387348e+01 
 7.58577575e+05 -7.68070286e+00  7.58577575e+05  8.67888753e+01 
 7.76247117e+05 -7.74994848e+00  7.76247117e+05  8.59149088e+01 
 7.94328235e+05 -7.81888575e+00  7.94328235e+05  8.50170343e+01 
 8.12830516e+05 -7.88753852e+00  8.12830516e+05  8.40954747e+01 
 8.31763771e+05 -7.95592788e+00  8.31763771e+05  8.31504764e+01 
 8.51138038e+05 -8.02407212e+00  8.51138038e+05  8.21823077e+01 
 8.70963590e+05 -8.09198675e+00  8.70963590e+05  8.11912584e+01 
 8.91250938e+05 -8.15968443e+00  8.91250938e+05  8.01776386e+01 
 9.12010839e+05 -8.22717502e+00  9.12010839e+05  7.91417779e+01 
 9.33254301e+05 -8.29446558e+00  9.33254301e+05  7.80840241e+01 
 9.54992586e+05 -8.36156042e+00  9.54992586e+05  7.70047420e+01 
 9.77237221e+05 -8.42846118e+00  9.77237221e+05  7.59043122e+01 
 1.00000000e+06 -8.49516685e+00  1.00000000e+06  7.47831300e+01 
 1.02329299e+06 -8.56167394e+00  1.02329299e+06  7.36416037e+01 
 1.04712855e+06 -8.62797654e+00  1.04712855e+06  7.24801535e+01 
 1.07151931e+06 -8.69406648e+00  1.07151931e+06  7.12992100e+01 
 1.09647820e+06 -8.75993345e+00  1.09647820e+06  7.00992126e+01 
 1.12201845e+06 -8.82556519e+00  1.12201845e+06  6.88806080e+01 
 1.14815362e+06 -8.89094765e+00  1.14815362e+06  6.76438487e+01 
 1.17489755e+06 -8.95606519e+00  1.17489755e+06  6.63893914e+01 
 1.20226443e+06 -9.02090078e+00  1.20226443e+06  6.51176953e+01 
 1.23026877e+06 -9.08543623e+00  1.23026877e+06  6.38292205e+01 
 1.25892541e+06 -9.14965239e+00  1.25892541e+06  6.25244263e+01 
 1.28824955e+06 -9.21352943e+00  1.28824955e+06  6.12037696e+01 
 1.31825674e+06 -9.27704705e+00  1.31825674e+06  5.98677029e+01 
 1.34896288e+06 -9.34018478e+00  1.34896288e+06  5.85166732e+01 
 1.38038426e+06 -9.40292219e+00  1.38038426e+06  5.71511194e+01 
 1.41253754e+06 -9.46523920e+00  1.41253754e+06  5.57714716e+01 
 1.44543977e+06 -9.52711634e+00  1.44543977e+06  5.43781485e+01 
 1.47910839e+06 -9.58853502e+00  1.47910839e+06  5.29715563e+01 
 1.51356125e+06 -9.64947785e+00  1.51356125e+06  5.15520868e+01 
 1.54881662e+06 -9.70992886e+00  1.54881662e+06  5.01201158e+01 
 1.58489319e+06 -9.76987386e+00  1.58489319e+06  4.86760013e+01 
 1.62181010e+06 -9.82930069e+00  1.62181010e+06  4.72200824e+01 
 1.65958691e+06 -9.88819951e+00  1.65958691e+06  4.57526772e+01 
 1.69824365e+06 -9.94656313e+00  1.69824365e+06  4.42740819e+01 
 1.73780083e+06 -1.00043873e+01  1.73780083e+06  4.27845689e+01 
 1.77827941e+06 -1.00616709e+01  1.77827941e+06  4.12843857e+01 
 1.81970086e+06 -1.01184166e+01  1.81970086e+06  3.97737540e+01 
 1.86208714e+06 -1.01746306e+01  1.86208714e+06  3.82528678e+01 
 1.90546072e+06 -1.02303237e+01  1.90546072e+06  3.67218932e+01 
 1.94984460e+06 -1.02855109e+01  1.94984460e+06  3.51809671e+01 
 1.99526231e+06 -1.03402121e+01  1.99526231e+06  3.36301969e+01 
 2.04173794e+06 -1.03944527e+01  2.04173794e+06  3.20696596e+01 
 2.08929613e+06 -1.04482634e+01  2.08929613e+06  3.04994018e+01 
 2.13796209e+06 -1.05016812e+01  2.13796209e+06  2.89194399e+01 
 2.18776162e+06 -1.05547493e+01  2.18776162e+06  2.73297601e+01 
 2.23872114e+06 -1.06075179e+01  2.23872114e+06  2.57303194e+01 
 2.29086765e+06 -1.06600444e+01  2.29086765e+06  2.41210466e+01 
 2.34422882e+06 -1.07123941e+01  2.34422882e+06  2.25018439e+01 
 2.39883292e+06 -1.07646404e+01  2.39883292e+06  2.08725890e+01 
 2.45470892e+06 -1.08168657e+01  2.45470892e+06  1.92331381e+01 
 2.51188643e+06 -1.08691613e+01  2.51188643e+06  1.75833290e+01 
 2.57039578e+06 -1.09216285e+01  2.57039578e+06  1.59229856e+01 
 2.63026799e+06 -1.09743788e+01  2.63026799e+06  1.42519229e+01 
 2.69153480e+06 -1.10275343e+01  2.69153480e+06  1.25699531e+01 
 2.75422870e+06 -1.10812280e+01  2.75422870e+06  1.08768927e+01 
 2.81838293e+06 -1.11356047e+01  2.81838293e+06  9.17257054e+00 
 2.88403150e+06 -1.11908202e+01  2.88403150e+06  7.45683723e+00 
 2.95120923e+06 -1.12470422e+01  2.95120923e+06  5.72957559e+00 
 3.01995172e+06 -1.13044498e+01  3.01995172e+06  3.99071213e+00 
 3.09029543e+06 -1.13632330e+01  3.09029543e+06  2.24022965e+00 
 3.16227766e+06 -1.14235923e+01  3.16227766e+06  4.78180593e-01 
 3.23593657e+06 -1.14857374e+01  3.23593657e+06 -1.29529899e+00 
 3.31131121e+06 -1.15498860e+01  3.31131121e+06 -3.07997525e+00 
 3.38844156e+06 -1.16162617e+01  3.38844156e+06 -4.87550267e+00 
 3.46736850e+06 -1.16850920e+01  3.46736850e+06 -6.68141100e+00 
 3.54813389e+06 -1.17566050e+01  3.54813389e+06 -8.49709383e+00 
 3.63078055e+06 -1.18310267e+01  3.63078055e+06 -1.03217995e+01 
 3.71535229e+06 -1.19085767e+01  3.71535229e+06 -1.21546254e+01 
 3.80189396e+06 -1.19894645e+01  3.80189396e+06 -1.39945161e+01 
 3.89045145e+06 -1.20738852e+01  3.89045145e+06 -1.58402669e+01 
 3.98107171e+06 -1.21620144e+01  3.98107171e+06 -1.76905326e+01 
 4.07380278e+06 -1.22540050e+01  4.07380278e+06 -1.95438429e+01 
 4.16869383e+06 -1.23499821e+01  4.16869383e+06 -2.13986232e+01 
 4.26579519e+06 -1.24500403e+01  4.26579519e+06 -2.32532224e+01 
 4.36515832e+06 -1.25542408e+01  4.36515832e+06 -2.51059451e+01 
 4.46683592e+06 -1.26626098e+01  4.46683592e+06 -2.69550883e+01 
 4.57088190e+06 -1.27751382e+01  4.57088190e+06 -2.87989806e+01 
 4.67735141e+06 -1.28917826e+01  4.67735141e+06 -3.06360218e+01 
 4.78630092e+06 -1.30124669e+01  4.78630092e+06 -3.24647205e+01 
 4.89778819e+06 -1.31370868e+01  4.89778819e+06 -3.42837291e+01 
 5.01187234e+06 -1.32655130e+01  5.01187234e+06 -3.60918716e+01 
 5.12861384e+06 -1.33975976e+01  5.12861384e+06 -3.78881658e+01 
 5.24807460e+06 -1.35331795e+01  5.24807460e+06 -3.96718354e+01 
 5.37031796e+06 -1.36720902e+01  5.37031796e+06 -4.14423150e+01 
 5.49540874e+06 -1.38141602e+01  5.49540874e+06 -4.31992452e+01 
 5.62341325e+06 -1.39592240e+01  5.62341325e+06 -4.49424602e+01 
 5.75439937e+06 -1.41071249e+01  5.75439937e+06 -4.66719686e+01 
 5.88843655e+06 -1.42577192e+01  5.88843655e+06 -4.83879294e+01 
 6.02559586e+06 -1.44108785e+01  6.02559586e+06 -5.00906240e+01 
 6.16595002e+06 -1.45664918e+01  6.16595002e+06 -5.17804270e+01 
 6.30957344e+06 -1.47244664e+01  6.30957344e+06 -5.34577766e+01 
 6.45654229e+06 -1.48847273e+01  6.45654229e+06 -5.51231468e+01 
 6.60693448e+06 -1.50472168e+01  6.60693448e+06 -5.67770217e+01 
 6.76082975e+06 -1.52118927e+01  6.76082975e+06 -5.84198738e+01 
 6.91830971e+06 -1.53787263e+01  6.91830971e+06 -6.00521453e+01 
 7.07945784e+06 -1.55477002e+01  7.07945784e+06 -6.16742339e+01 
 7.24435960e+06 -1.57188056e+01  7.24435960e+06 -6.32864831e+01 
 7.41310241e+06 -1.58920403e+01  7.41310241e+06 -6.48891754e+01 
 7.58577575e+06 -1.60674056e+01  7.58577575e+06 -6.64825291e+01 
 7.76247117e+06 -1.62449046e+01  7.76247117e+06 -6.80666987e+01 
 7.94328235e+06 -1.64245400e+01  7.94328235e+06 -6.96417773e+01 
 8.12830516e+06 -1.66063122e+01  8.12830516e+06 -7.12078006e+01 
 8.31763771e+06 -1.67902181e+01  8.31763771e+06 -7.27647531e+01 
 8.51138038e+06 -1.69762495e+01  8.51138038e+06 -7.43125748e+01 
 8.70963590e+06 -1.71643926e+01  8.70963590e+06 -7.58511689e+01 
 8.91250938e+06 -1.73546271e+01  8.91250938e+06 -7.73804091e+01 
 9.12010839e+06 -1.75469260e+01  9.12010839e+06 -7.89001476e+01 
 9.33254301e+06 -1.77412552e+01  9.33254301e+06 -8.04102227e+01 
 9.54992586e+06 -1.79375737e+01  9.54992586e+06 -8.19104652e+01 
 9.77237221e+06 -1.81358337e+01  9.77237221e+06 -8.34007053e+01 
 1.00000000e+07 -1.83359810e+01  1.00000000e+07 -8.48807782e+01 
 1.02329299e+07 -1.85379555e+01  1.02329299e+07 -8.63505285e+01 
 1.04712855e+07 -1.87416915e+01  1.04712855e+07 -8.78098150e+01 
 1.07151931e+07 -1.89471187e+01  1.07151931e+07 -8.92585134e+01 
 1.09647820e+07 -1.91541623e+01  1.09647820e+07 -9.06965194e+01 
 1.12201845e+07 -1.93627444e+01  1.12201845e+07 -9.21237496e+01 
 1.14815362e+07 -1.95727840e+01  1.14815362e+07 -9.35401433e+01 
 1.17489755e+07 -1.97841980e+01  1.17489755e+07 -9.49456623e+01 
 1.20226443e+07 -1.99969018e+01  1.20226443e+07 -9.63402906e+01 
 1.23026877e+07 -2.02108102e+01  1.23026877e+07 -9.77240338e+01 
 1.25892541e+07 -2.04258374e+01  1.25892541e+07 -9.90969172e+01 
 1.28824955e+07 -2.06418983e+01  1.28824955e+07 -1.00458984e+02 
 1.31825674e+07 -2.08589084e+01  1.31825674e+07 -1.01810294e+02 
 1.34896288e+07 -2.10767846e+01  1.34896288e+07 -1.03150920e+02 
 1.38038426e+07 -2.12954457e+01  1.38038426e+07 -1.04480943e+02 
 1.41253754e+07 -2.15148124e+01  1.41253754e+07 -1.05800454e+02 
 1.44543977e+07 -2.17348080e+01  1.44543977e+07 -1.07109547e+02 
 1.47910839e+07 -2.19553583e+01  1.47910839e+07 -1.08408316e+02 
 1.51356125e+07 -2.21763922e+01  1.51356125e+07 -1.09696853e+02 
 1.54881662e+07 -2.23978416e+01  1.54881662e+07 -1.10975243e+02 
 1.58489319e+07 -2.26196416e+01  1.58489319e+07 -1.12243561e+02 
 1.62181010e+07 -2.28417305e+01  1.62181010e+07 -1.13501869e+02 
 1.65958691e+07 -2.30640502e+01  1.65958691e+07 -1.14750213e+02 
 1.69824365e+07 -2.32865454e+01  1.69824365e+07 -1.15988617e+02 
 1.73780083e+07 -2.35091644e+01  1.73780083e+07 -1.17217084e+02 
 1.77827941e+07 -2.37318586e+01  1.77827941e+07 -1.18435591e+02 
 1.81970086e+07 -2.39545823e+01  1.81970086e+07 -1.19644083e+02 
 1.86208714e+07 -2.41772929e+01  1.86208714e+07 -1.20842477e+02 
 1.90546072e+07 -2.43999505e+01  1.90546072e+07 -1.22030654e+02 
 1.94984460e+07 -2.46225175e+01  1.94984460e+07 -1.23208458e+02 
 1.99526231e+07 -2.48449590e+01  1.99526231e+07 -1.24375697e+02 
 2.04173794e+07 -2.50672419e+01  2.04173794e+07 -1.25532137e+02 
 2.08929613e+07 -2.52893350e+01  2.08929613e+07 -1.26677502e+02 
 2.13796209e+07 -2.55112088e+01  2.13796209e+07 -1.27811473e+02 
 2.18776162e+07 -2.57328349e+01  2.18776162e+07 -1.28933688e+02 
 2.23872114e+07 -2.59541859e+01  2.23872114e+07 -1.30043740e+02 
 2.29086765e+07 -2.61752352e+01  2.29086765e+07 -1.31141175e+02 
 2.34422882e+07 -2.63959564e+01  2.34422882e+07 -1.32225496e+02 
 2.39883292e+07 -2.66163232e+01  2.39883292e+07 -1.33296157e+02 
 2.45470892e+07 -2.68363089e+01  2.45470892e+07 -1.34352570e+02 
 2.51188643e+07 -2.70558865e+01  2.51188643e+07 -1.35394102e+02 
 2.57039578e+07 -2.72750276e+01  2.57039578e+07 -1.36420075e+02 
 2.63026799e+07 -2.74937027e+01  2.63026799e+07 -1.37429769e+02 
 2.69153480e+07 -2.77118807e+01  2.69153480e+07 -1.38422424e+02 
 2.75422870e+07 -2.79295286e+01  2.75422870e+07 -1.39397241e+02 
 2.81838293e+07 -2.81466110e+01  2.81838293e+07 -1.40353384e+02 
 2.88403150e+07 -2.83630900e+01  2.88403150e+07 -1.41289980e+02 
 2.95120923e+07 -2.85789248e+01  2.95120923e+07 -1.42206128e+02 
 3.01995172e+07 -2.87940715e+01  3.01995172e+07 -1.43100893e+02 
 3.09029543e+07 -2.90084829e+01  3.09029543e+07 -1.43973317e+02 
 3.16227766e+07 -2.92221078e+01  3.16227766e+07 -1.44822417e+02 
 3.23593657e+07 -2.94348915e+01  3.23593657e+07 -1.45647190e+02 
 3.31131121e+07 -2.96467751e+01  3.31131121e+07 -1.46446616e+02 
 3.38844156e+07 -2.98576954e+01  3.38844156e+07 -1.47219663e+02 
 3.46736850e+07 -3.00675847e+01  3.46736850e+07 -1.47965286e+02 
 3.54813389e+07 -3.02763709e+01  3.54813389e+07 -1.48682438e+02 
 3.63078055e+07 -3.04839773e+01  3.63078055e+07 -1.49370065e+02 
 3.71535229e+07 -3.06903221e+01  3.71535229e+07 -1.50027116e+02 
 3.80189396e+07 -3.08953190e+01  3.80189396e+07 -1.50652540e+02 
 3.89045145e+07 -3.10988764e+01  3.89045145e+07 -1.51245297e+02 
 3.98107171e+07 -3.13008981e+01  3.98107171e+07 -1.51804352e+02 
 4.07380278e+07 -3.15012824e+01  4.07380278e+07 -1.52328683e+02 
 4.16869383e+07 -3.16999227e+01  4.16869383e+07 -1.52817282e+02 
 4.26579519e+07 -3.18967068e+01  4.26579519e+07 -1.53269159e+02 
 4.36515832e+07 -3.20915171e+01  4.36515832e+07 -1.53683336e+02 
 4.46683592e+07 -3.22842303e+01  4.46683592e+07 -1.54058861e+02 
 4.57088190e+07 -3.24747170e+01  4.57088190e+07 -1.54394796e+02 
 4.67735141e+07 -3.26628414e+01  4.67735141e+07 -1.54690229e+02 
 4.78630092e+07 -3.28484610e+01  4.78630092e+07 -1.54944269e+02 
 4.89778819e+07 -3.30314256e+01  4.89778819e+07 -1.55156050e+02 
 5.01187234e+07 -3.32115769e+01  5.01187234e+07 -1.55324730e+02 
 5.12861384e+07 -3.33887479e+01  5.12861384e+07 -1.55449497e+02 
 5.24807460e+07 -3.35627617e+01  5.24807460e+07 -1.55529569e+02 
 5.37031796e+07 -3.37334303e+01  5.37031796e+07 -1.55564200e+02 
 5.49540874e+07 -3.39005541e+01  5.49540874e+07 -1.55552681e+02 
 5.62341325e+07 -3.40639199e+01  5.62341325e+07 -1.55494351e+02 
 5.75439937e+07 -3.42233004e+01  5.75439937e+07 -1.55388603e+02 
 5.88843655e+07 -3.43784526e+01  5.88843655e+07 -1.55234897e+02 
 6.02559586e+07 -3.45291166e+01  6.02559586e+07 -1.55032768e+02 
 6.16595002e+07 -3.46750147e+01  6.16595002e+07 -1.54781846e+02 
 6.30957344e+07 -3.48158507e+01  6.30957344e+07 -1.54481871e+02 
 6.45654229e+07 -3.49513093e+01  6.45654229e+07 -1.54132715e+02 
 6.60693448e+07 -3.50810558e+01  6.60693448e+07 -1.53734404e+02 
 6.76082975e+07 -3.52047373e+01  6.76082975e+07 -1.53287143e+02 
 6.91830971e+07 -3.53219830e+01  6.91830971e+07 -1.52791346e+02 
 7.07945784e+07 -3.54324066e+01  7.07945784e+07 -1.52247659e+02 
 7.24435960e+07 -3.55356093e+01  7.24435960e+07 -1.51656993e+02 
 7.41310241e+07 -3.56311828e+01  7.41310241e+07 -1.51020550e+02 
 7.58577575e+07 -3.57187148e+01  7.58577575e+07 -1.50339849e+02 
 7.76247117e+07 -3.57977943e+01  7.76247117e+07 -1.49616747e+02 
 7.94328235e+07 -3.58680184e+01  7.94328235e+07 -1.48853454e+02 
 8.12830516e+07 -3.59289997e+01  8.12830516e+07 -1.48052549e+02 
 8.31763771e+07 -3.59803748e+01  8.31763771e+07 -1.47216973e+02 
 8.51138038e+07 -3.60218126e+01  8.51138038e+07 -1.46350030e+02 
 8.70963590e+07 -3.60530231e+01  8.70963590e+07 -1.45455360e+02 
 8.91250938e+07 -3.60737663e+01  8.91250938e+07 -1.44536912e+02 
 9.12010839e+07 -3.60838597e+01  9.12010839e+07 -1.43598907e+02 
 9.33254301e+07 -3.60831854e+01  9.33254301e+07 -1.42645778e+02 
 9.54992586e+07 -3.60716960e+01  9.54992586e+07 -1.41682116e+02 
 9.77237221e+07 -3.60494180e+01  9.77237221e+07 -1.40712596e+02 
 1.00000000e+08 -3.60164545e+01  1.00000000e+08 -1.39741910e+02 
