 1.00000000e+01  3.35555238e-08  1.00000000e+01  4.58622307e-11  1.00000000e+01  2.89521565e-09  1.00000000e+01  2.81738181e-09  1.00000000e+01  6.58321936e-09  1.00000000e+01  7.80904952e-09  1.00000000e+01  5.83001139e-09  1.00000000e+01  7.39047265e-11  1.00000000e+01  9.90099340e-12  1.00000000e+01  7.41066654e-10  1.00000000e+01  4.99996462e-10  1.00000000e+01  1.12774223e-08  1.00000000e+01  1.12820388e-08  1.00000000e+01  8.87187750e-09  1.00000000e+01  9.01319403e-09  1.00000000e+01  4.97515061e-09  1.00000000e+01  2.01940812e-08 
 1.25892541e+01  3.29501063e-08  1.25892541e+01  4.65784275e-11  1.25892541e+01  2.89650762e-09  1.25892541e+01  2.81863956e-09  1.25892541e+01  6.58615766e-09  1.25892541e+01  7.81253495e-09  1.25892541e+01  5.83261351e-09  1.25892541e+01  7.30044768e-11  1.25892541e+01  9.90608156e-12  1.25892541e+01  6.61611038e-10  1.25892541e+01  4.46385232e-10  1.25892541e+01  1.03561364e-08  1.25892541e+01  1.03611689e-08  1.25892541e+01  8.87583730e-09  1.25892541e+01  9.01721690e-09  1.25892541e+01  4.97737115e-09  1.25892541e+01  2.02030945e-08 
 1.58489319e+01  3.24605627e-08  1.58489319e+01  4.75089158e-11  1.58489319e+01  2.89732408e-09  1.58489319e+01  2.81943389e-09  1.58489319e+01  6.58801394e-09  1.58489319e+01  7.81473688e-09  1.58489319e+01  5.83425741e-09  1.58489319e+01  7.17540620e-11  1.58489319e+01  9.90996452e-12  1.58489319e+01  5.90770805e-10  1.58489319e+01  3.98586764e-10  1.58489319e+01  9.55925415e-09  1.58489319e+01  9.56470970e-09  1.58489319e+01  8.87833892e-09  1.58489319e+01  9.01975837e-09  1.58489319e+01  4.97877397e-09  1.58489319e+01  2.02087888e-08 
 1.99526231e+01  3.20661360e-08  1.99526231e+01  4.86392307e-11  1.99526231e+01  2.89783996e-09  1.99526231e+01  2.81993537e-09  1.99526231e+01  6.58918635e-09  1.99526231e+01  7.81612759e-09  1.99526231e+01  5.83529567e-09  1.99526231e+01  7.01465616e-11  1.99526231e+01  9.91346707e-12  1.99526231e+01  5.27678481e-10  1.99526231e+01  3.56015738e-10  1.99526231e+01  8.87429820e-09  1.99526231e+01  8.88017727e-09  1.99526231e+01  8.87991891e-09  1.99526231e+01  9.02136353e-09  1.99526231e+01  4.97965995e-09  1.99526231e+01  2.02123853e-08 
 2.51188643e+01  3.17492557e-08  2.51188643e+01  4.98972797e-11  2.51188643e+01  2.89816592e-09  2.51188643e+01  2.82025191e-09  2.51188643e+01  6.58992677e-09  2.51188643e+01  7.81700589e-09  2.51188643e+01  5.83595139e-09  2.51188643e+01  6.82536348e-11  2.51188643e+01  9.91729166e-12  2.51188643e+01  4.71537294e-10  2.51188643e+01  3.18134538e-10  2.51188643e+01  8.28935749e-09  2.51188643e+01  8.29565304e-09  2.51188643e+01  8.88091675e-09  2.51188643e+01  9.02237725e-09  2.51188643e+01  4.98021947e-09  2.51188643e+01  2.02146567e-08 
 3.16227766e+01  3.14952588e-08  3.16227766e+01  5.11650442e-11  3.16227766e+01  2.89837189e-09  3.16227766e+01  2.82045172e-09  3.16227766e+01  6.59039440e-09  3.16227766e+01  7.81756059e-09  3.16227766e+01  5.83636551e-09  3.16227766e+01  6.62336549e-11  3.16227766e+01  9.92216261e-12  3.16227766e+01  4.21623925e-10  3.16227766e+01  2.84455107e-10  3.16227766e+01  7.79314907e-09  3.16227766e+01  7.79984652e-09  3.16227766e+01  8.88154694e-09  3.16227766e+01  9.02301749e-09  3.16227766e+01  4.98057282e-09  3.16227766e+01  2.02160913e-08 
 3.98107171e+01  3.12920393e-08  3.98107171e+01  5.23196641e-11  3.98107171e+01  2.89850203e-09  3.98107171e+01  2.82057786e-09  3.98107171e+01  6.59068973e-09  3.98107171e+01  7.81791091e-09  3.98107171e+01  5.83662705e-09  3.98107171e+01  6.42894374e-11  3.98107171e+01  9.92900039e-12  3.98107171e+01  3.77286700e-10  3.98107171e+01  2.54537727e-10  3.98107171e+01  7.37504865e-09  3.98107171e+01  7.38212644e-09  3.98107171e+01  8.88194494e-09  3.98107171e+01  9.02342183e-09  3.98107171e+01  4.98079596e-09  3.98107171e+01  2.02169974e-08 
 5.01187234e+01  3.11296843e-08  5.01187234e+01  5.32777081e-11  5.01187234e+01  2.89858423e-09  5.01187234e+01  2.82065747e-09  5.01187234e+01  6.59087620e-09  5.01187234e+01  7.81813211e-09  5.01187234e+01  5.83679219e-09  5.01187234e+01  6.25946037e-11  5.01187234e+01  9.93915122e-12  5.01187234e+01  3.37941509e-10  5.01187234e+01  2.27988273e-10  5.01187234e+01  7.02512041e-09  5.01187234e+01  7.03255113e-09  5.01187234e+01  8.88219625e-09  5.01187234e+01  9.02367714e-09  5.01187234e+01  4.98093685e-09  5.01187234e+01  2.02175696e-08 
 6.30957344e+01  3.10001283e-08  6.30957344e+01  5.40127875e-11  6.30957344e+01  2.89863612e-09  6.30957344e+01  2.82070770e-09  6.30957344e+01  6.59099388e-09  6.30957344e+01  7.81827169e-09  6.30957344e+01  5.83689640e-09  6.30957344e+01  6.12401770e-11  6.30957344e+01  9.95469705e-12  6.30957344e+01  3.03066582e-10  6.30957344e+01  2.04454685e-10  6.30957344e+01  6.73415552e-09  6.30957344e+01  6.74190751e-09  6.30957344e+01  8.88235483e-09  6.30957344e+01  9.02383825e-09  6.30957344e+01  4.98102575e-09  6.30957344e+01  2.02179306e-08 
 7.94328235e+01  3.08968416e-08  7.94328235e+01  5.45434924e-11  7.94328235e+01  2.89866882e-09  7.94328235e+01  2.82073935e-09  7.94328235e+01  6.59106803e-09  7.94328235e+01  7.81835966e-09  7.94328235e+01  5.83696207e-09  7.94328235e+01  6.02312753e-11  7.94328235e+01  9.97889787e-12  7.94328235e+01  2.72196784e-10  7.94328235e+01  1.83623119e-10  7.94328235e+01  6.49371491e-09  7.94328235e+01  6.50175400e-09  7.94328235e+01  8.88245477e-09  7.94328235e+01  9.02393977e-09  7.94328235e+01  4.98108177e-09  7.94328235e+01  2.02181582e-08 
 1.00000000e+02  3.08145586e-08  1.00000000e+02  5.49099849e-11  1.00000000e+02  2.89868936e-09  1.00000000e+02  2.82075922e-09  1.00000000e+02  6.59111461e-09  1.00000000e+02  7.81841491e-09  1.00000000e+02  5.83700332e-09  1.00000000e+02  5.95186115e-11  1.00000000e+02  1.00168568e-11  1.00000000e+02  2.44917854e-10  1.00000000e+02  1.65214066e-10  1.00000000e+02  6.29616615e-09  1.00000000e+02  6.30445749e-09  1.00000000e+02  8.88251754e-09  1.00000000e+02  9.02400354e-09  1.00000000e+02  4.98111694e-09  1.00000000e+02  2.02183011e-08 
 1.25892541e+02  3.07490463e-08  1.25892541e+02  5.51553525e-11  1.25892541e+02  2.89870217e-09  1.25892541e+02  2.82077160e-09  1.25892541e+02  6.59114363e-09  1.25892541e+02  7.81844933e-09  1.25892541e+02  5.83702902e-09  1.25892541e+02  5.90339796e-11  1.25892541e+02  1.00765347e-11  1.25892541e+02  2.20860833e-10  1.25892541e+02  1.48978587e-10  1.25892541e+02  6.13470428e-09  1.25892541e+02  6.14321379e-09  1.25892541e+02  8.88255665e-09  1.25892541e+02  9.02404328e-09  1.25892541e+02  4.98113885e-09  1.25892541e+02  2.02183902e-08 
 1.58489319e+02  3.06969102e-08  1.58489319e+02  5.53162279e-11  1.58489319e+02  2.89870998e-09  1.58489319e+02  2.82077916e-09  1.58489319e+02  6.59116135e-09  1.58489319e+02  7.81847035e-09  1.58489319e+02  5.83704471e-09  1.58489319e+02  5.87129525e-11  1.58489319e+02  1.01702741e-11  1.58489319e+02  1.99696791e-10  1.58489319e+02  1.34694762e-10  1.58489319e+02  6.00334970e-09  1.58489319e+02  6.01204533e-09  1.58489319e+02  8.88258053e-09  1.58489319e+02  9.02406753e-09  1.58489319e+02  4.98115221e-09  1.58489319e+02  2.02184445e-08 
 1.99526231e+02  3.06554329e-08  1.99526231e+02  5.54202598e-11  1.99526231e+02  2.89871450e-09  1.99526231e+02  2.82078352e-09  1.99526231e+02  6.59117158e-09  1.99526231e+02  7.81848249e-09  1.99526231e+02  5.83705377e-09  1.99526231e+02  5.85040664e-11  1.99526231e+02  1.03170148e-11  1.99526231e+02  1.81131875e-10  1.99526231e+02  1.22164356e-10  1.99526231e+02  5.89692179e-09  1.99526231e+02  5.90577428e-09  1.99526231e+02  8.88259431e-09  1.99526231e+02  9.02408154e-09  1.99526231e+02  4.98115990e-09  1.99526231e+02  2.02184759e-08 
 2.51188643e+02  3.06224424e-08  2.51188643e+02  5.54869278e-11  2.51188643e+02  2.89871669e-09  2.51188643e+02  2.82078563e-09  2.51188643e+02  6.59117653e-09  2.51188643e+02  7.81848836e-09  2.51188643e+02  5.83705816e-09  2.51188643e+02  5.83698500e-11  2.51188643e+02  1.05453492e-11  2.51188643e+02  1.64902692e-10  2.51188643e+02  1.11209704e-10  2.51188643e+02  5.81099088e-09  2.51188643e+02  5.81997420e-09  2.51188643e+02  8.88260099e-09  2.51188643e+02  9.02408832e-09  2.51188643e+02  4.98116358e-09  2.51188643e+02  2.02184911e-08 
 3.16227766e+02  3.05962039e-08  3.16227766e+02  5.55293954e-11  3.16227766e+02  2.89871702e-09  3.16227766e+02  2.82078594e-09  3.16227766e+02  6.59117727e-09  3.16227766e+02  7.81848924e-09  3.16227766e+02  5.83705881e-09  3.16227766e+02  5.82845061e-11  3.16227766e+02  1.08974063e-11  3.16227766e+02  1.50772031e-10  3.16227766e+02  1.01670833e-10  3.16227766e+02  5.74181417e-09  3.16227766e+02  5.75090563e-09  3.16227766e+02  8.88260198e-09  3.16227766e+02  9.02408933e-09  3.16227766e+02  4.98116405e-09  3.16227766e+02  2.02184934e-08 
 3.98107171e+02  3.05753323e-08  3.98107171e+02  5.55563299e-11  3.98107171e+02  2.89871557e-09  3.98107171e+02  2.82078452e-09  3.98107171e+02  6.59117396e-09  3.98107171e+02  7.81848531e-09  3.98107171e+02  5.83705588e-09  3.98107171e+02  5.82309133e-11  3.98107171e+02  1.14331734e-11  3.98107171e+02  1.38524965e-10  3.98107171e+02  9.34028389e-11  3.98107171e+02  5.68626205e-09  3.98107171e+02  5.69544225e-09  3.98107171e+02  8.88259752e-09  3.98107171e+02  9.02408480e-09  3.98107171e+02  4.98116139e-09  3.98107171e+02  2.02184832e-08 
 5.01187234e+02  3.05587210e-08  5.01187234e+02  5.55733434e-11  5.01187234e+02  2.89871202e-09  5.01187234e+02  2.82078106e-09  5.01187234e+02  6.59116588e-09  5.01187234e+02  7.81847572e-09  5.01187234e+02  5.83704872e-09  5.01187234e+02  5.81980311e-11  5.01187234e+02  1.22343257e-11  5.01187234e+02  1.27965400e-10  5.01187234e+02  8.62735670e-11  5.01187234e+02  5.64174104e-09  5.01187234e+02  5.65099360e-09  5.01187234e+02  8.88258663e-09  5.01187234e+02  9.02407373e-09  5.01187234e+02  4.98115505e-09  5.01187234e+02  2.02184584e-08 
 6.30957344e+02  3.05454842e-08  6.30957344e+02  5.55840272e-11  6.30957344e+02  2.89870560e-09  6.30957344e+02  2.82077481e-09  6.30957344e+02  6.59115128e-09  6.30957344e+02  7.81845841e-09  6.30957344e+02  5.83703579e-09  6.30957344e+02  5.81789742e-11  6.30957344e+02  1.34063380e-11  6.30957344e+02  1.18913185e-10  6.30957344e+02  8.01616709e-11  6.30957344e+02  5.60611800e-09  6.30957344e+02  5.61542926e-09  6.30957344e+02  8.88256696e-09  6.30957344e+02  9.02405375e-09  6.30957344e+02  4.98114365e-09  6.30957344e+02  2.02184137e-08 
 7.94328235e+02  3.05349089e-08  7.94328235e+02  5.55906552e-11  7.94328235e+02  2.89869494e-09  7.94328235e+02  2.82076443e-09  7.94328235e+02  6.59112703e-09  7.94328235e+02  7.81842964e-09  7.94328235e+02  5.83701431e-09  7.94328235e+02  5.81697139e-11  7.94328235e+02  1.50783652e-11  7.94328235e+02  1.11201885e-10  7.94328235e+02  7.49551294e-11  7.94328235e+02  5.57764898e-09  7.94328235e+02  5.58700766e-09  7.94328235e+02  8.88253427e-09  7.94328235e+02  9.02402054e-09  7.94328235e+02  4.98112473e-09  7.94328235e+02  2.02183392e-08 
 1.00000000e+03  3.05264160e-08  1.00000000e+03  5.55946448e-11  1.00000000e+03  2.89867772e-09  1.00000000e+03  2.82074768e-09  1.00000000e+03  6.59108787e-09  1.00000000e+03  7.81838319e-09  1.00000000e+03  5.83697963e-09  1.00000000e+03  5.81682849e-11  1.00000000e+03  1.74022863e-11  1.00000000e+03  1.04677316e-10  1.00000000e+03  7.05502891e-11  1.00000000e+03  5.55491479e-09  1.00000000e+03  5.56431164e-09  1.00000000e+03  8.88248150e-09  1.00000000e+03  9.02396693e-09  1.00000000e+03  4.98109420e-09  1.00000000e+03  2.02182191e-08 
 1.25892541e+03  3.05195251e-08  1.25892541e+03  5.55968523e-11  1.25892541e+03  2.89865024e-09  1.25892541e+03  2.82072093e-09  1.25892541e+03  6.59102536e-09  1.25892541e+03  7.81830906e-09  1.25892541e+03  5.83692427e-09  1.25892541e+03  5.81743905e-11  1.25892541e+03  2.05540132e-11  1.25892541e+03  9.91968991e-11  1.25892541e+03  6.68514738e-11  1.25892541e+03  5.53676387e-09  1.25892541e+03  5.54619133e-09  1.25892541e+03  8.88239726e-09  1.25892541e+03  9.02388135e-09  1.25892541e+03  4.98104548e-09  1.25892541e+03  2.02180273e-08 
 1.58489319e+03  3.05138236e-08  1.58489319e+03  5.55977519e-11  1.58489319e+03  2.89860656e-09  1.58489319e+03  2.82067843e-09  1.58489319e+03  6.59092602e-09  1.58489319e+03  7.81819122e-09  1.58489319e+03  5.83683628e-09  1.58489319e+03  5.81893499e-11  1.58489319e+03  2.47397561e-11  1.58489319e+03  9.46297866e-11  1.58489319e+03  6.37711575e-11  1.58489319e+03  5.52226242e-09  1.58489319e+03  5.53171435e-09  1.58489319e+03  8.88226338e-09  1.58489319e+03  9.02374534e-09  1.58489319e+03  4.98096806e-09  1.58489319e+03  2.02177225e-08 
 1.99526231e+03  3.05089347e-08  1.99526231e+03  5.55975371e-11  1.99526231e+03  2.89853726e-09  1.99526231e+03  2.82061099e-09  1.99526231e+03  6.59076840e-09  1.99526231e+03  7.81800427e-09  1.99526231e+03  5.83669669e-09  1.99526231e+03  5.82163836e-11  1.99526231e+03  3.02077625e-11  1.99526231e+03  9.08577189e-11  1.99526231e+03  6.12306763e-11  1.99526231e+03  5.51065112e-09  1.99526231e+03  5.52012254e-09  1.99526231e+03  8.88205097e-09  1.99526231e+03  9.02352954e-09  1.99526231e+03  4.98084523e-09  1.99526231e+03  2.02172389e-08 
 2.51188643e+03  3.05044812e-08  2.51188643e+03  5.55961614e-11  2.51188643e+03  2.89842739e-09  2.51188643e+03  2.82050406e-09  2.51188643e+03  6.59051850e-09  2.51188643e+03  7.81770786e-09  2.51188643e+03  5.83647536e-09  2.51188643e+03  5.82613009e-11  2.51188643e+03  3.72644140e-11  2.51188643e+03  8.77765246e-11  2.51188643e+03  5.91614612e-11  2.51188643e+03  5.50130716e-09  2.51188643e+03  5.51079400e-09  2.51188643e+03  8.88171419e-09  2.51188643e+03  9.02318740e-09  2.51188643e+03  4.98065048e-09  2.51188643e+03  2.02164722e-08 
 3.16227766e+03  3.05000408e-08  3.16227766e+03  5.55933281e-11  3.16227766e+03  2.89825324e-09  3.16227766e+03  2.82033459e-09  3.16227766e+03  6.59012243e-09  3.16227766e+03  7.81723808e-09  3.16227766e+03  5.83612458e-09  3.16227766e+03  5.83337304e-11  3.16227766e+03  4.62936297e-11  3.16227766e+03  8.52982866e-11  3.16227766e+03  5.75068433e-11  3.16227766e+03  5.49370994e-09  3.16227766e+03  5.50320885e-09  3.16227766e+03  8.88118042e-09  3.16227766e+03  9.02264513e-09  3.16227766e+03  4.98034182e-09  3.16227766e+03  2.02152570e-08 
 3.98107171e+03  3.04950835e-08  3.98107171e+03  5.55884265e-11  3.98107171e+03  2.89797729e-09  3.98107171e+03  2.82006605e-09  3.98107171e+03  6.58949481e-09  3.98107171e+03  7.81649365e-09  3.98107171e+03  5.83556871e-09  3.98107171e+03  5.84491386e-11  3.98107171e+03  5.77795218e-11  3.98107171e+03  8.33543547e-11  3.98107171e+03  5.62246162e-11  3.98107171e+03  5.48740833e-09  3.98107171e+03  5.49691651e-09  3.98107171e+03  8.88033460e-09  3.98107171e+03  9.02178583e-09  3.98107171e+03  4.97985272e-09  3.98107171e+03  2.02133314e-08 
 5.01187234e+03  3.04888804e-08  5.01187234e+03  5.55804009e-11  5.01187234e+03  2.89754009e-09  5.01187234e+03  2.81964059e-09  5.01187234e+03  6.58850045e-09  5.01187234e+03  7.81531422e-09  5.01187234e+03  5.83468804e-09  5.01187234e+03  5.86320183e-11  5.01187234e+03  7.23331166e-11  5.01187234e+03  8.18996388e-11  5.01187234e+03  5.52907303e-11  5.01187234e+03  5.48198664e-09  5.01187234e+03  5.49150161e-09  5.01187234e+03  8.87899454e-09  5.01187234e+03  9.02042442e-09  5.01187234e+03  4.97907781e-09  5.01187234e+03  2.02102806e-08 
 6.30957344e+03  3.04803658e-08  6.30957344e+03  5.55675250e-11  6.30957344e+03  2.89684759e-09  6.30957344e+03  2.81896668e-09  6.30957344e+03  6.58692543e-09  6.30957344e+03  7.81344607e-09  6.30957344e+03  5.83329310e-09  6.30957344e+03  5.89208056e-11  6.30957344e+03  9.07243382e-11  6.30957344e+03  8.09189213e-11  6.30957344e+03  5.47047140e-11  6.30957344e+03  5.47702534e-09  6.30957344e+03  5.48654481e-09  6.30957344e+03  8.87687196e-09  6.30957344e+03  9.01826802e-09  6.30957344e+03  4.97785038e-09  6.30957344e+03  2.02054483e-08 
 7.94328235e+03  3.04679248e-08  7.94328235e+03  5.55470343e-11  7.94328235e+03  2.89575109e-09  7.94328235e+03  2.81789962e-09  7.94328235e+03  6.58443157e-09  7.94328235e+03  7.81048807e-09  7.94328235e+03  5.83108437e-09  7.94328235e+03  5.93752735e-11  7.94328235e+03  1.13920408e-10  7.94328235e+03  8.04362268e-11  7.94328235e+03  5.44976056e-11  7.94328235e+03  5.47205103e-09  7.94328235e+03  5.48157262e-09  7.94328235e+03  8.87351109e-09  7.94328235e+03  9.01485361e-09  7.94328235e+03  4.97590689e-09  7.94328235e+03  2.01977969e-08 
 1.00000000e+04  3.04490628e-08  1.00000000e+04  5.55145432e-11  1.00000000e+04  2.89401590e-09  1.00000000e+04  2.81621102e-09  1.00000000e+04  6.58048507e-09  1.00000000e+04  7.80580708e-09  1.00000000e+04  5.82758909e-09  1.00000000e+04  6.00872619e-11  1.00000000e+04  1.43131337e-10  1.00000000e+04  8.05284354e-11  1.00000000e+04  5.47431785e-11  1.00000000e+04  5.46646729e-09  1.00000000e+04  5.47598826e-09  1.00000000e+04  8.86819257e-09  1.00000000e+04  9.00945035e-09  1.00000000e+04  4.97283128e-09  1.00000000e+04  2.01856886e-08 
 1.25892541e+04  3.04198958e-08  1.25892541e+04  5.54631320e-11  1.25892541e+04  2.89127241e-09  1.25892541e+04  2.81354120e-09  1.25892541e+04  6.57424531e-09  1.25892541e+04  7.79840603e-09  1.25892541e+04  5.82206276e-09  1.25892541e+04  6.11954048e-11  1.25892541e+04  1.79861985e-10  1.25892541e+04  8.13439876e-11  1.25892541e+04  5.55727306e-11  1.25892541e+04  5.45945455e-09  1.25892541e+04  5.46897140e-09  1.25892541e+04  8.85978353e-09  1.25892541e+04  9.00090734e-09  1.25892541e+04  4.96796837e-09  1.25892541e+04  2.01665444e-08 
 1.58489319e+04  3.03743643e-08  1.58489319e+04  5.53819365e-11  1.58489319e+04  2.88694080e-09  1.58489319e+04  2.80932589e-09  1.58489319e+04  6.56439353e-09  1.58489319e+04  7.78672072e-09  1.58489319e+04  5.81333737e-09  1.58489319e+04  6.29035221e-11  1.58489319e+04  2.25967570e-10  1.58489319e+04  8.31260569e-11  1.58489319e+04  5.71921825e-11  1.58489319e+04  5.44982158e-09  1.58489319e+04  5.45932941e-09  1.58489319e+04  8.84650672e-09  1.58489319e+04  8.98741901e-09  1.58489319e+04  4.96029016e-09  1.58489319e+04  2.01363181e-08 
 1.99526231e+04  3.03030469e-08  1.99526231e+04  5.52540112e-11  1.99526231e+04  2.88011681e-09  1.99526231e+04  2.80268512e-09  1.99526231e+04  6.54887310e-09  1.99526231e+04  7.76831175e-09  1.99526231e+04  5.79959145e-09  1.99526231e+04  6.54998778e-11  1.99526231e+04  2.83704135e-10  1.99526231e+04  8.62361124e-11  1.99526231e+04  5.98972337e-11  1.99526231e+04  5.43578500e-09  1.99526231e+04  5.44527666e-09  1.99526231e+04  8.82559051e-09  1.99526231e+04  8.96616957e-09  1.99526231e+04  4.94819322e-09  1.99526231e+04  2.00886998e-08 
