 2.00000000e+01  8.97532426e-09  2.00000000e+01  8.98524640e-09 
 2.04658598e+01  8.96119743e-09  2.04658598e+01  8.97098171e-09 
 2.09425710e+01  8.94740575e-09  2.09425710e+01  8.95705839e-09 
 2.14303861e+01  8.93394106e-09  2.14303861e+01  8.94346801e-09 
 2.19295639e+01  8.92079541e-09  2.19295639e+01  8.93020234e-09 
 2.24403691e+01  8.90796106e-09  2.24403691e+01  8.91725336e-09 
 2.29630724e+01  8.89543044e-09  2.29630724e+01  8.90461326e-09 
 2.34979511e+01  8.88319619e-09  2.34979511e+01  8.89227443e-09 
 2.40452887e+01  8.87125112e-09  2.40452887e+01  8.88022945e-09 
 2.46053754e+01  8.85958823e-09  2.46053754e+01  8.86847111e-09 
 2.51785082e+01  8.84820068e-09  2.51785082e+01  8.85699236e-09 
 2.57649910e+01  8.83708181e-09  2.57649910e+01  8.84578636e-09 
 2.63651348e+01  8.82622514e-09  2.63651348e+01  8.83484640e-09 
 2.69792577e+01  8.81562432e-09  2.69792577e+01  8.82416600e-09 
 2.76076853e+01  8.80527319e-09  2.76076853e+01  8.81373879e-09 
 2.82507509e+01  8.79516572e-09  2.82507509e+01  8.80355860e-09 
 2.89087954e+01  8.78529604e-09  2.89087954e+01  8.79361940e-09 
 2.95821678e+01  8.77565843e-09  2.95821678e+01  8.78391531e-09 
 3.02712250e+01  8.76624730e-09  3.02712250e+01  8.77444063e-09 
 3.09763324e+01  8.75705721e-09  3.09763324e+01  8.76518976e-09 
 3.16978638e+01  8.74808284e-09  3.16978638e+01  8.75615727e-09 
 3.24362019e+01  8.73931902e-09  3.24362019e+01  8.74733786e-09 
 3.31917381e+01  8.73076071e-09  3.31917381e+01  8.73872637e-09 
 3.39648730e+01  8.72240297e-09  3.39648730e+01  8.73031776e-09 
 3.47560166e+01  8.71424100e-09  3.47560166e+01  8.72210713e-09 
 3.55655882e+01  8.70627012e-09  3.55655882e+01  8.71408968e-09 
 3.63940172e+01  8.69848576e-09  3.63940172e+01  8.70626077e-09 
 3.72417427e+01  8.69088346e-09  3.72417427e+01  8.69861583e-09 
 3.81092144e+01  8.68345887e-09  3.81092144e+01  8.69115043e-09 
 3.89968920e+01  8.67620776e-09  3.89968920e+01  8.68386026e-09 
 3.99052463e+01  8.66912600e-09  3.99052463e+01  8.67674110e-09 
 4.08347589e+01  8.66220954e-09  4.08347589e+01  8.66978885e-09 
 4.17859226e+01  8.65545445e-09  4.17859226e+01  8.66299949e-09 
 4.27592418e+01  8.64885690e-09  4.27592418e+01  8.65636911e-09 
 4.37552325e+01  8.64241313e-09  4.37552325e+01  8.64989392e-09 
 4.47744228e+01  8.63611950e-09  4.47744228e+01  8.64357020e-09 
 4.58173531e+01  8.62997245e-09  4.58173531e+01  8.63739432e-09 
 4.68845763e+01  8.62396850e-09  4.68845763e+01  8.63136274e-09 
 4.79766584e+01  8.61810425e-09  4.79766584e+01  8.62547204e-09 
 4.90941783e+01  8.61237640e-09  4.90941783e+01  8.61971884e-09 
 5.02377286e+01  8.60678171e-09  5.02377286e+01  8.61409987e-09 
 5.14079157e+01  8.60131705e-09  5.14079157e+01  8.60861193e-09 
 5.26053598e+01  8.59597933e-09  5.26053598e+01  8.60325191e-09 
 5.38306961e+01  8.59076557e-09  5.38306961e+01  8.59801676e-09 
 5.50845741e+01  8.58567282e-09  5.50845741e+01  8.59290352e-09 
 5.63676586e+01  8.58069824e-09  5.63676586e+01  8.58790929e-09 
 5.76806301e+01  8.57583905e-09  5.76806301e+01  8.58303125e-09 
 5.90241845e+01  8.57109252e-09  5.90241845e+01  8.57826665e-09 
 6.03990344e+01  8.56645599e-09  6.03990344e+01  8.57361281e-09 
 6.18059087e+01  8.56192690e-09  6.18059087e+01  8.56906709e-09 
 6.32455532e+01  8.55750269e-09  6.32455532e+01  8.56462695e-09 
 6.47187314e+01  8.55318092e-09  6.47187314e+01  8.56028989e-09 
 6.62262243e+01  8.54895918e-09  6.62262243e+01  8.55605347e-09 
 6.77688312e+01  8.54483511e-09  6.77688312e+01  8.55191533e-09 
 6.93473701e+01  8.54080643e-09  6.93473701e+01  8.54787314e-09 
 7.09626778e+01  8.53687090e-09  7.09626778e+01  8.54392464e-09 
 7.26156110e+01  8.53302634e-09  7.26156110e+01  8.54006763e-09 
 7.43070458e+01  8.52927061e-09  7.43070458e+01  8.53629995e-09 
 7.60378793e+01  8.52560164e-09  7.60378793e+01  8.53261951e-09 
 7.78090290e+01  8.52201739e-09  7.78090290e+01  8.52902425e-09 
 7.96214341e+01  8.51851590e-09  7.96214341e+01  8.52551218e-09 
 8.14760556e+01  8.51509521e-09  8.14760556e+01  8.52208133e-09 
 8.33738767e+01  8.51175345e-09  8.33738767e+01  8.51872982e-09 
 8.53159038e+01  8.50848877e-09  8.53159038e+01  8.51545576e-09 
 8.73031664e+01  8.50529937e-09  8.73031664e+01  8.51225736e-09 
 8.93367184e+01  8.50218350e-09  8.93367184e+01  8.50913284e-09 
 9.14176379e+01  8.49913945e-09  9.14176379e+01  8.50608047e-09 
 9.35470283e+01  8.49616553e-09  9.35470283e+01  8.50309856e-09 
 9.57260185e+01  8.49326012e-09  9.57260185e+01  8.50018546e-09 
 9.79557639e+01  8.49042163e-09  9.79557639e+01  8.49733958e-09 
 1.00237447e+02  8.48764848e-09  1.00237447e+02  8.49455933e-09 
 1.02572277e+02  8.48493917e-09  1.02572277e+02  8.49184319e-09 
 1.04961492e+02  8.48229221e-09  1.04961492e+02  8.48918966e-09 
 1.07406359e+02  8.47970615e-09  1.07406359e+02  8.48659729e-09 
 1.09908175e+02  8.47717958e-09  1.09908175e+02  8.48406463e-09 
 1.12468265e+02  8.47471111e-09  1.12468265e+02  8.48159032e-09 
 1.15087987e+02  8.47229940e-09  1.15087987e+02  8.47917298e-09 
 1.17768731e+02  8.46994313e-09  1.17768731e+02  8.47681129e-09 
 1.20511917e+02  8.46764101e-09  1.20511917e+02  8.47450396e-09 
 1.23319000e+02  8.46539179e-09  1.23319000e+02  8.47224972e-09 
 1.26191469e+02  8.46319424e-09  1.26191469e+02  8.47004734e-09 
 1.29130846e+02  8.46104717e-09  1.29130846e+02  8.46789562e-09 
 1.32138690e+02  8.45894940e-09  1.32138690e+02  8.46579337e-09 
 1.35216595e+02  8.45689980e-09  1.35216595e+02  8.46373945e-09 
 1.38366194e+02  8.45489725e-09  1.38366194e+02  8.46173274e-09 
 1.41589157e+02  8.45294066e-09  1.41589157e+02  8.45977215e-09 
 1.44887192e+02  8.45102897e-09  1.44887192e+02  8.45785660e-09 
 1.48262048e+02  8.44916114e-09  1.48262048e+02  8.45598504e-09 
 1.51715515e+02  8.44733615e-09  1.51715515e+02  8.45415648e-09 
 1.55249423e+02  8.44555303e-09  1.55249423e+02  8.45236989e-09 
 1.58865647e+02  8.44381079e-09  1.58865647e+02  8.45062432e-09 
 1.62566103e+02  8.44210850e-09  1.62566103e+02  8.44891882e-09 
 1.66352754e+02  8.44044524e-09  1.66352754e+02  8.44725245e-09 
 1.70227608e+02  8.43882009e-09  1.70227608e+02  8.44562432e-09 
 1.74192718e+02  8.43723220e-09  1.74192718e+02  8.44403354e-09 
 1.78250188e+02  8.43568068e-09  1.78250188e+02  8.44247924e-09 
 1.82402168e+02  8.43416472e-09  1.82402168e+02  8.44096058e-09 
 1.86650860e+02  8.43268348e-09  1.86650860e+02  8.43947675e-09 
 1.90998517e+02  8.43123617e-09  1.90998517e+02  8.43802693e-09 
 1.95447444e+02  8.42982200e-09  1.95447444e+02  8.43661035e-09 
 2.00000000e+02  8.42844021e-09  2.00000000e+02  8.43522622e-09 
 2.04658598e+02  8.42709006e-09  2.04658598e+02  8.43387382e-09 
 2.09425710e+02  8.42577082e-09  2.09425710e+02  8.43255239e-09 
 2.14303861e+02  8.42448177e-09  2.14303861e+02  8.43126124e-09 
 2.19295639e+02  8.42322223e-09  2.19295639e+02  8.42999966e-09 
 2.24403691e+02  8.42199151e-09  2.24403691e+02  8.42876697e-09 
 2.29630724e+02  8.42078895e-09  2.29630724e+02  8.42756250e-09 
 2.34979511e+02  8.41961390e-09  2.34979511e+02  8.42638561e-09 
 2.40452887e+02  8.41846573e-09  2.40452887e+02  8.42523566e-09 
 2.46053754e+02  8.41734382e-09  2.46053754e+02  8.42411203e-09 
 2.51785082e+02  8.41624757e-09  2.51785082e+02  8.42301411e-09 
 2.57649910e+02  8.41517639e-09  2.57649910e+02  8.42194132e-09 
 2.63651348e+02  8.41412970e-09  2.63651348e+02  8.42089307e-09 
 2.69792577e+02  8.41310695e-09  2.69792577e+02  8.41986879e-09 
 2.76076853e+02  8.41210757e-09  2.76076853e+02  8.41886795e-09 
 2.82507509e+02  8.41113104e-09  2.82507509e+02  8.41789000e-09 
 2.89087954e+02  8.41017683e-09  2.89087954e+02  8.41693441e-09 
 2.95821678e+02  8.40924442e-09  2.95821678e+02  8.41600067e-09 
 3.02712250e+02  8.40833333e-09  3.02712250e+02  8.41508828e-09 
 3.09763324e+02  8.40744305e-09  3.09763324e+02  8.41419674e-09 
 3.16978638e+02  8.40657311e-09  3.16978638e+02  8.41332559e-09 
 3.24362019e+02  8.40572305e-09  3.24362019e+02  8.41247434e-09 
 3.31917381e+02  8.40489240e-09  3.31917381e+02  8.41164255e-09 
 3.39648730e+02  8.40408073e-09  3.39648730e+02  8.41082976e-09 
 3.47560166e+02  8.40328760e-09  3.47560166e+02  8.41003554e-09 
 3.55655882e+02  8.40251258e-09  3.55655882e+02  8.40925946e-09 
 3.63940172e+02  8.40175525e-09  3.63940172e+02  8.40850112e-09 
 3.72417427e+02  8.40101523e-09  3.72417427e+02  8.40776009e-09 
 3.81092144e+02  8.40029209e-09  3.81092144e+02  8.40703598e-09 
 3.89968920e+02  8.39958547e-09  3.89968920e+02  8.40632841e-09 
 3.99052463e+02  8.39889497e-09  3.99052463e+02  8.40563700e-09 
 4.08347589e+02  8.39822024e-09  4.08347589e+02  8.40496137e-09 
 4.17859226e+02  8.39756091e-09  4.17859226e+02  8.40430116e-09 
 4.27592418e+02  8.39691663e-09  4.27592418e+02  8.40365602e-09 
 4.37552325e+02  8.39628705e-09  4.37552325e+02  8.40302561e-09 
 4.47744228e+02  8.39567183e-09  4.47744228e+02  8.40240958e-09 
 4.58173531e+02  8.39507066e-09  4.58173531e+02  8.40180760e-09 
 4.68845763e+02  8.39448320e-09  4.68845763e+02  8.40121937e-09 
 4.79766584e+02  8.39390914e-09  4.79766584e+02  8.40064454e-09 
 4.90941783e+02  8.39334818e-09  4.90941783e+02  8.40008283e-09 
 5.02377286e+02  8.39280001e-09  5.02377286e+02  8.39953393e-09 
 5.14079157e+02  8.39226435e-09  5.14079157e+02  8.39899755e-09 
 5.26053598e+02  8.39174090e-09  5.26053598e+02  8.39847340e-09 
 5.38306961e+02  8.39122939e-09  5.38306961e+02  8.39796119e-09 
 5.50845741e+02  8.39072955e-09  5.50845741e+02  8.39746067e-09 
 5.63676586e+02  8.39024110e-09  5.63676586e+02  8.39697155e-09 
 5.76806301e+02  8.38976379e-09  5.76806301e+02  8.39649357e-09 
 5.90241845e+02  8.38929736e-09  5.90241845e+02  8.39602649e-09 
 6.03990344e+02  8.38884156e-09  6.03990344e+02  8.39557004e-09 
 6.18059087e+02  8.38839615e-09  6.18059087e+02  8.39512400e-09 
 6.32455532e+02  8.38796090e-09  6.32455532e+02  8.39468811e-09 
 6.47187314e+02  8.38753556e-09  6.47187314e+02  8.39426214e-09 
 6.62262243e+02  8.38711992e-09  6.62262243e+02  8.39384588e-09 
 6.77688312e+02  8.38671374e-09  6.77688312e+02  8.39343908e-09 
 6.93473701e+02  8.38631682e-09  6.93473701e+02  8.39304155e-09 
 7.09626778e+02  8.38592894e-09  7.09626778e+02  8.39265306e-09 
 7.26156110e+02  8.38554990e-09  7.26156110e+02  8.39227341e-09 
 7.43070458e+02  8.38517949e-09  7.43070458e+02  8.39190239e-09 
 7.60378793e+02  8.38481752e-09  7.60378793e+02  8.39153981e-09 
 7.78090290e+02  8.38446379e-09  7.78090290e+02  8.39118546e-09 
 7.96214341e+02  8.38411811e-09  7.96214341e+02  8.39083917e-09 
 8.14760556e+02  8.38378030e-09  8.14760556e+02  8.39050075e-09 
 8.33738767e+02  8.38345018e-09  8.33738767e+02  8.39017001e-09 
 8.53159038e+02  8.38312757e-09  8.53159038e+02  8.38984679e-09 
 8.73031664e+02  8.38281231e-09  8.73031664e+02  8.38953089e-09 
 8.93367184e+02  8.38250422e-09  8.93367184e+02  8.38922217e-09 
 9.14176379e+02  8.38220313e-09  9.14176379e+02  8.38892045e-09 
 9.35470283e+02  8.38190890e-09  9.35470283e+02  8.38862556e-09 
 9.57260185e+02  8.38162135e-09  9.57260185e+02  8.38833736e-09 
 9.79557639e+02  8.38134034e-09  9.79557639e+02  8.38805569e-09 
 1.00237447e+03  8.38106572e-09  1.00237447e+03  8.38778039e-09 
 1.02572277e+03  8.38079734e-09  1.02572277e+03  8.38751132e-09 
 1.04961492e+03  8.38053506e-09  1.04961492e+03  8.38724833e-09 
 1.07406359e+03  8.38027874e-09  1.07406359e+03  8.38699129e-09 
 1.09908175e+03  8.38002823e-09  1.09908175e+03  8.38674006e-09 
 1.12468265e+03  8.37978342e-09  1.12468265e+03  8.38649449e-09 
 1.15087987e+03  8.37954416e-09  1.15087987e+03  8.38625446e-09 
 1.17768731e+03  8.37931033e-09  1.17768731e+03  8.38601985e-09 
 1.20511917e+03  8.37908180e-09  1.20511917e+03  8.38579051e-09 
 1.23319000e+03  8.37885846e-09  1.23319000e+03  8.38556634e-09 
 1.26191469e+03  8.37864018e-09  1.26191469e+03  8.38534720e-09 
 1.29130846e+03  8.37842684e-09  1.29130846e+03  8.38513298e-09 
 1.32138690e+03  8.37821833e-09  1.32138690e+03  8.38492357e-09 
 1.35216595e+03  8.37801455e-09  1.35216595e+03  8.38471885e-09 
 1.38366194e+03  8.37781537e-09  1.38366194e+03  8.38451871e-09 
 1.41589157e+03  8.37762070e-09  1.41589157e+03  8.38432304e-09 
 1.44887192e+03  8.37743043e-09  1.44887192e+03  8.38413174e-09 
 1.48262048e+03  8.37724446e-09  1.48262048e+03  8.38394470e-09 
 1.51715515e+03  8.37706268e-09  1.51715515e+03  8.38376182e-09 
 1.55249423e+03  8.37688501e-09  1.55249423e+03  8.38358300e-09 
 1.58865647e+03  8.37671134e-09  1.58865647e+03  8.38340815e-09 
 1.62566103e+03  8.37654158e-09  1.62566103e+03  8.38323716e-09 
 1.66352754e+03  8.37637565e-09  1.66352754e+03  8.38306995e-09 
 1.70227608e+03  8.37621344e-09  1.70227608e+03  8.38290642e-09 
 1.74192718e+03  8.37605488e-09  1.74192718e+03  8.38274648e-09 
 1.78250188e+03  8.37589988e-09  1.78250188e+03  8.38259004e-09 
 1.82402168e+03  8.37574835e-09  1.82402168e+03  8.38243702e-09 
 1.86650860e+03  8.37560022e-09  1.86650860e+03  8.38228734e-09 
 1.90998517e+03  8.37545540e-09  1.90998517e+03  8.38214090e-09 
 1.95447444e+03  8.37531381e-09  1.95447444e+03  8.38199763e-09 
 2.00000000e+03  8.37517538e-09  2.00000000e+03  8.38185745e-09 
 2.04658598e+03  8.37504004e-09  2.04658598e+03  8.38172028e-09 
 2.09425710e+03  8.37490770e-09  2.09425710e+03  8.38158604e-09 
 2.14303861e+03  8.37477830e-09  2.14303861e+03  8.38145466e-09 
 2.19295639e+03  8.37465177e-09  2.19295639e+03  8.38132605e-09 
 2.24403691e+03  8.37452803e-09  2.24403691e+03  8.38120016e-09 
 2.29630724e+03  8.37440703e-09  2.29630724e+03  8.38107690e-09 
 2.34979511e+03  8.37428869e-09  2.34979511e+03  8.38095620e-09 
 2.40452887e+03  8.37417294e-09  2.40452887e+03  8.38083801e-09 
 2.46053754e+03  8.37405974e-09  2.46053754e+03  8.38072223e-09 
 2.51785082e+03  8.37394900e-09  2.51785082e+03  8.38060882e-09 
 2.57649910e+03  8.37384067e-09  2.57649910e+03  8.38049769e-09 
 2.63651348e+03  8.37373470e-09  2.63651348e+03  8.38038879e-09 
 2.69792577e+03  8.37363101e-09  2.69792577e+03  8.38028206e-09 
 2.76076853e+03  8.37352956e-09  2.76076853e+03  8.38017741e-09 
 2.82507509e+03  8.37343029e-09  2.82507509e+03  8.38007481e-09 
 2.89087954e+03  8.37333314e-09  2.89087954e+03  8.37997417e-09 
 2.95821678e+03  8.37323805e-09  2.95821678e+03  8.37987543e-09 
 3.02712250e+03  8.37314498e-09  3.02712250e+03  8.37977855e-09 
 3.09763324e+03  8.37305386e-09  3.09763324e+03  8.37968344e-09 
 3.16978638e+03  8.37296465e-09  3.16978638e+03  8.37959007e-09 
 3.24362019e+03  8.37287730e-09  3.24362019e+03  8.37949835e-09 
 3.31917381e+03  8.37279175e-09  3.31917381e+03  8.37940825e-09 
 3.39648730e+03  8.37270795e-09  3.39648730e+03  8.37931968e-09 
 3.47560166e+03  8.37262586e-09  3.47560166e+03  8.37923260e-09 
 3.55655882e+03  8.37254543e-09  3.55655882e+03  8.37914695e-09 
 3.63940172e+03  8.37246661e-09  3.63940172e+03  8.37906267e-09 
 3.72417427e+03  8.37238935e-09  3.72417427e+03  8.37897970e-09 
 3.81092144e+03  8.37231361e-09  3.81092144e+03  8.37889798e-09 
 3.89968920e+03  8.37223933e-09  3.89968920e+03  8.37881745e-09 
 3.99052463e+03  8.37216648e-09  3.99052463e+03  8.37873806e-09 
 4.08347589e+03  8.37209502e-09  4.08347589e+03  8.37865974e-09 
 4.17859226e+03  8.37202488e-09  4.17859226e+03  8.37858244e-09 
 4.27592418e+03  8.37195604e-09  4.27592418e+03  8.37850610e-09 
 4.37552325e+03  8.37188844e-09  4.37552325e+03  8.37843065e-09 
 4.47744228e+03  8.37182205e-09  4.47744228e+03  8.37835604e-09 
 4.58173531e+03  8.37175681e-09  4.58173531e+03  8.37828221e-09 
 4.68845763e+03  8.37169270e-09  4.68845763e+03  8.37820909e-09 
 4.79766584e+03  8.37162966e-09  4.79766584e+03  8.37813663e-09 
 4.90941783e+03  8.37156765e-09  4.90941783e+03  8.37806475e-09 
 5.02377286e+03  8.37150663e-09  5.02377286e+03  8.37799341e-09 
 5.14079157e+03  8.37144655e-09  5.14079157e+03  8.37792253e-09 
 5.26053598e+03  8.37138738e-09  5.26053598e+03  8.37785205e-09 
 5.38306961e+03  8.37132908e-09  5.38306961e+03  8.37778190e-09 
 5.50845741e+03  8.37127159e-09  5.50845741e+03  8.37771202e-09 
 5.63676586e+03  8.37121488e-09  5.63676586e+03  8.37764233e-09 
 5.76806301e+03  8.37115890e-09  5.76806301e+03  8.37757277e-09 
 5.90241845e+03  8.37110362e-09  5.90241845e+03  8.37750327e-09 
 6.03990344e+03  8.37104898e-09  6.03990344e+03  8.37743374e-09 
 6.18059087e+03  8.37099495e-09  6.18059087e+03  8.37736412e-09 
 6.32455532e+03  8.37094147e-09  6.32455532e+03  8.37729433e-09 
 6.47187314e+03  8.37088852e-09  6.47187314e+03  8.37722430e-09 
 6.62262243e+03  8.37083603e-09  6.62262243e+03  8.37715393e-09 
 6.77688312e+03  8.37078398e-09  6.77688312e+03  8.37708315e-09 
 6.93473701e+03  8.37073230e-09  6.93473701e+03  8.37701187e-09 
 7.09626778e+03  8.37068095e-09  7.09626778e+03  8.37694000e-09 
 7.26156110e+03  8.37062990e-09  7.26156110e+03  8.37686746e-09 
 7.43070458e+03  8.37057908e-09  7.43070458e+03  8.37679415e-09 
 7.60378793e+03  8.37052845e-09  7.60378793e+03  8.37671997e-09 
 7.78090290e+03  8.37047796e-09  7.78090290e+03  8.37664482e-09 
 7.96214341e+03  8.37042756e-09  7.96214341e+03  8.37656861e-09 
 8.14760556e+03  8.37037719e-09  8.14760556e+03  8.37649122e-09 
 8.33738767e+03  8.37032681e-09  8.33738767e+03  8.37641255e-09 
 8.53159038e+03  8.37027636e-09  8.53159038e+03  8.37633247e-09 
 8.73031664e+03  8.37022578e-09  8.73031664e+03  8.37625088e-09 
 8.93367184e+03  8.37017502e-09  8.93367184e+03  8.37616765e-09 
 9.14176379e+03  8.37012402e-09  9.14176379e+03  8.37608266e-09 
 9.35470283e+03  8.37007272e-09  9.35470283e+03  8.37599576e-09 
 9.57260185e+03  8.37002105e-09  9.57260185e+03  8.37590683e-09 
 9.79557639e+03  8.36996896e-09  9.79557639e+03  8.37581573e-09 
 1.00237447e+04  8.36991637e-09  1.00237447e+04  8.37572230e-09 
 1.02572277e+04  8.36986322e-09  1.02572277e+04  8.37562639e-09 
 1.04961492e+04  8.36980944e-09  1.04961492e+04  8.37552784e-09 
 1.07406359e+04  8.36975495e-09  1.07406359e+04  8.37542649e-09 
 1.09908175e+04  8.36969969e-09  1.09908175e+04  8.37532216e-09 
 1.12468265e+04  8.36964358e-09  1.12468265e+04  8.37521468e-09 
 1.15087987e+04  8.36958653e-09  1.15087987e+04  8.37510385e-09 
 1.17768731e+04  8.36952846e-09  1.17768731e+04  8.37498948e-09 
 1.20511917e+04  8.36946930e-09  1.20511917e+04  8.37487137e-09 
 1.23319000e+04  8.36940894e-09  1.23319000e+04  8.37474930e-09 
 1.26191469e+04  8.36934729e-09  1.26191469e+04  8.37462306e-09 
 1.29130846e+04  8.36928427e-09  1.29130846e+04  8.37449241e-09 
 1.32138690e+04  8.36921978e-09  1.32138690e+04  8.37435712e-09 
 1.35216595e+04  8.36915370e-09  1.35216595e+04  8.37421692e-09 
 1.38366194e+04  8.36908593e-09  1.38366194e+04  8.37407157e-09 
 1.41589157e+04  8.36901637e-09  1.41589157e+04  8.37392079e-09 
 1.44887192e+04  8.36894489e-09  1.44887192e+04  8.37376429e-09 
 1.48262048e+04  8.36887138e-09  1.48262048e+04  8.37360178e-09 
 1.51715515e+04  8.36879571e-09  1.51715515e+04  8.37343294e-09 
 1.55249423e+04  8.36871775e-09  1.55249423e+04  8.37325745e-09 
 1.58865647e+04  8.36863737e-09  1.58865647e+04  8.37307498e-09 
 1.62566103e+04  8.36855442e-09  1.62566103e+04  8.37288517e-09 
 1.66352754e+04  8.36846876e-09  1.66352754e+04  8.37268766e-09 
 1.70227608e+04  8.36838023e-09  1.70227608e+04  8.37248205e-09 
 1.74192718e+04  8.36828867e-09  1.74192718e+04  8.37226795e-09 
 1.78250188e+04  8.36819392e-09  1.78250188e+04  8.37204493e-09 
 1.82402168e+04  8.36809581e-09  1.82402168e+04  8.37181257e-09 
 1.86650860e+04  8.36799415e-09  1.86650860e+04  8.37157039e-09 
 1.90998517e+04  8.36788875e-09  1.90998517e+04  8.37131793e-09 
 1.95447444e+04  8.36777942e-09  1.95447444e+04  8.37105469e-09 
 2.00000000e+04  8.36766595e-09  2.00000000e+04  8.37078014e-09 
