 2.00000000e+01  9.36209586e-09  2.00000000e+01  9.37646635e-09 
 2.04658598e+01  9.34856384e-09  2.04658598e+01  9.36278597e-09 
 2.09425710e+01  9.33535435e-09  2.09425710e+01  9.34943470e-09 
 2.14303861e+01  9.32245946e-09  2.14303861e+01  9.33640431e-09 
 2.19295639e+01  9.30987146e-09  2.19295639e+01  9.32368681e-09 
 2.24403691e+01  9.29758285e-09  2.24403691e+01  9.31127441e-09 
 2.29630724e+01  9.28558631e-09  2.29630724e+01  9.29915951e-09 
 2.34979511e+01  9.27387468e-09  2.34979511e+01  9.28733473e-09 
 2.40452887e+01  9.26244101e-09  2.40452887e+01  9.27579286e-09 
 2.46053754e+01  9.25127853e-09  2.46053754e+01  9.26452691e-09 
 2.51785082e+01  9.24038061e-09  2.51785082e+01  9.25353004e-09 
 2.57649910e+01  9.22974082e-09  2.57649910e+01  9.24279560e-09 
 2.63651348e+01  9.21935288e-09  2.63651348e+01  9.23231711e-09 
 2.69792577e+01  9.20921065e-09  2.69792577e+01  9.22208826e-09 
 2.76076853e+01  9.19930818e-09  2.76076853e+01  9.21210290e-09 
 2.82507509e+01  9.18963963e-09  2.82507509e+01  9.20235505e-09 
 2.89087954e+01  9.18019935e-09  2.89087954e+01  9.19283887e-09 
 2.95821678e+01  9.17098179e-09  2.95821678e+01  9.18354868e-09 
 3.02712250e+01  9.16198157e-09  3.02712250e+01  9.17447893e-09 
 3.09763324e+01  9.15319343e-09  3.09763324e+01  9.16562423e-09 
 3.16978638e+01  9.14461224e-09  3.16978638e+01  9.15697933e-09 
 3.24362019e+01  9.13623302e-09  3.24362019e+01  9.14853909e-09 
 3.31917381e+01  9.12805088e-09  3.31917381e+01  9.14029853e-09 
 3.39648730e+01  9.12006109e-09  3.39648730e+01  9.13225278e-09 
 3.47560166e+01  9.11225900e-09  3.47560166e+01  9.12439709e-09 
 3.55655882e+01  9.10464010e-09  3.55655882e+01  9.11672686e-09 
 3.63940172e+01  9.09719999e-09  3.63940172e+01  9.10923757e-09 
 3.72417427e+01  9.08993437e-09  3.72417427e+01  9.10192483e-09 
 3.81092144e+01  9.08283906e-09  3.81092144e+01  9.09478437e-09 
 3.89968920e+01  9.07590998e-09  3.89968920e+01  9.08781202e-09 
 3.99052463e+01  9.06914314e-09  3.99052463e+01  9.08100371e-09 
 4.08347589e+01  9.06253466e-09  4.08347589e+01  9.07435548e-09 
 4.17859226e+01  9.05608075e-09  4.17859226e+01  9.06786346e-09 
 4.27592418e+01  9.04977772e-09  4.27592418e+01  9.06152390e-09 
 4.37552325e+01  9.04362197e-09  4.37552325e+01  9.05533312e-09 
 4.47744228e+01  9.03760998e-09  4.47744228e+01  9.04928753e-09 
 4.58173531e+01  9.03173833e-09  4.58173531e+01  9.04338366e-09 
 4.68845763e+01  9.02600367e-09  4.68845763e+01  9.03761810e-09 
 4.79766584e+01  9.02040275e-09  4.79766584e+01  9.03198753e-09 
 4.90941783e+01  9.01493238e-09  4.90941783e+01  9.02648872e-09 
 5.02377286e+01  9.00958946e-09  5.02377286e+01  9.02111851e-09 
 5.14079157e+01  9.00437096e-09  5.14079157e+01  9.01587383e-09 
 5.26053598e+01  8.99927394e-09  5.26053598e+01  9.01075167e-09 
 5.38306961e+01  8.99429551e-09  5.38306961e+01  9.00574912e-09 
 5.50845741e+01  8.98943287e-09  5.50845741e+01  9.00086332e-09 
 5.63676586e+01  8.98468327e-09  5.63676586e+01  8.99609148e-09 
 5.76806301e+01  8.98004403e-09  5.76806301e+01  8.99143090e-09 
 5.90241845e+01  8.97551256e-09  5.90241845e+01  8.98687892e-09 
 6.03990344e+01  8.97108630e-09  6.03990344e+01  8.98243297e-09 
 6.18059087e+01  8.96676276e-09  6.18059087e+01  8.97809052e-09 
 6.32455532e+01  8.96253954e-09  6.32455532e+01  8.97384912e-09 
 6.47187314e+01  8.95841425e-09  6.47187314e+01  8.96970638e-09 
 6.62262243e+01  8.95438460e-09  6.62262243e+01  8.96565995e-09 
 6.77688312e+01  8.95044833e-09  6.77688312e+01  8.96170756e-09 
 6.93473701e+01  8.94660324e-09  6.93473701e+01  8.95784697e-09 
 7.09626778e+01  8.94284720e-09  7.09626778e+01  8.95407603e-09 
 7.26156110e+01  8.93917810e-09  7.26156110e+01  8.95039261e-09 
 7.43070458e+01  8.93559390e-09  7.43070458e+01  8.94679465e-09 
 7.60378793e+01  8.93209262e-09  7.60378793e+01  8.94328012e-09 
 7.78090290e+01  8.92867231e-09  7.78090290e+01  8.93984708e-09 
 7.96214341e+01  8.92533107e-09  7.96214341e+01  8.93649358e-09 
 8.14760556e+01  8.92206704e-09  8.14760556e+01  8.93321777e-09 
 8.33738767e+01  8.91887842e-09  8.33738767e+01  8.93001781e-09 
 8.53159038e+01  8.91576345e-09  8.53159038e+01  8.92689192e-09 
 8.73031664e+01  8.91272039e-09  8.73031664e+01  8.92383837e-09 
 8.93367184e+01  8.90974758e-09  8.93367184e+01  8.92085544e-09 
 9.14176379e+01  8.90684336e-09  9.14176379e+01  8.91794149e-09 
 9.35470283e+01  8.90400614e-09  9.35470283e+01  8.91509490e-09 
 9.57260185e+01  8.90123435e-09  9.57260185e+01  8.91231409e-09 
 9.79557639e+01  8.89852647e-09  9.79557639e+01  8.90959752e-09 
 1.00237447e+02  8.89588100e-09  1.00237447e+02  8.90694368e-09 
 1.02572277e+02  8.89329649e-09  1.02572277e+02  8.90435111e-09 
 1.04961492e+02  8.89077152e-09  1.04961492e+02  8.90181837e-09 
 1.07406359e+02  8.88830471e-09  1.07406359e+02  8.89934407e-09 
 1.09908175e+02  8.88589469e-09  1.09908175e+02  8.89692685e-09 
 1.12468265e+02  8.88354016e-09  1.12468265e+02  8.89456536e-09 
 1.15087987e+02  8.88123981e-09  1.15087987e+02  8.89225831e-09 
 1.17768731e+02  8.87899239e-09  1.17768731e+02  8.89000443e-09 
 1.20511917e+02  8.87679667e-09  1.20511917e+02  8.88780247e-09 
 1.23319000e+02  8.87465145e-09  1.23319000e+02  8.88565124e-09 
 1.26191469e+02  8.87255556e-09  1.26191469e+02  8.88354955e-09 
 1.29130846e+02  8.87050785e-09  1.29130846e+02  8.88149624e-09 
 1.32138690e+02  8.86850720e-09  1.32138690e+02  8.87949020e-09 
 1.35216595e+02  8.86655252e-09  1.35216595e+02  8.87753031e-09 
 1.38366194e+02  8.86464275e-09  1.38366194e+02  8.87561552e-09 
 1.41589157e+02  8.86277685e-09  1.41589157e+02  8.87374476e-09 
 1.44887192e+02  8.86095380e-09  1.44887192e+02  8.87191703e-09 
 1.48262048e+02  8.85917260e-09  1.48262048e+02  8.87013131e-09 
 1.51715515e+02  8.85743230e-09  1.51715515e+02  8.86838664e-09 
 1.55249423e+02  8.85573194e-09  1.55249423e+02  8.86668206e-09 
 1.58865647e+02  8.85407060e-09  1.58865647e+02  8.86501664e-09 
 1.62566103e+02  8.85244738e-09  1.62566103e+02  8.86338948e-09 
 1.66352754e+02  8.85086139e-09  1.66352754e+02  8.86179969e-09 
 1.70227608e+02  8.84931178e-09  1.70227608e+02  8.86024640e-09 
 1.74192718e+02  8.84779770e-09  1.74192718e+02  8.85872877e-09 
 1.78250188e+02  8.84631834e-09  1.78250188e+02  8.85724597e-09 
 1.82402168e+02  8.84487290e-09  1.82402168e+02  8.85579720e-09 
 1.86650860e+02  8.84346058e-09  1.86650860e+02  8.85438167e-09 
 1.90998517e+02  8.84208064e-09  1.90998517e+02  8.85299862e-09 
 1.95447444e+02  8.84073231e-09  1.95447444e+02  8.85164728e-09 
 2.00000000e+02  8.83941488e-09  2.00000000e+02  8.85032694e-09 
 2.04658598e+02  8.83812762e-09  2.04658598e+02  8.84903686e-09 
 2.09425710e+02  8.83686985e-09  2.09425710e+02  8.84777637e-09 
 2.14303861e+02  8.83564088e-09  2.14303861e+02  8.84654476e-09 
 2.19295639e+02  8.83444005e-09  2.19295639e+02  8.84534138e-09 
 2.24403691e+02  8.83326672e-09  2.24403691e+02  8.84416557e-09 
 2.29630724e+02  8.83212024e-09  2.29630724e+02  8.84301670e-09 
 2.34979511e+02  8.83100001e-09  2.34979511e+02  8.84189414e-09 
 2.40452887e+02  8.82990542e-09  2.40452887e+02  8.84079730e-09 
 2.46053754e+02  8.82883587e-09  2.46053754e+02  8.83972557e-09 
 2.51785082e+02  8.82779080e-09  2.51785082e+02  8.83867838e-09 
 2.57649910e+02  8.82676963e-09  2.57649910e+02  8.83765516e-09 
 2.63651348e+02  8.82577183e-09  2.63651348e+02  8.83665537e-09 
 2.69792577e+02  8.82479685e-09  2.69792577e+02  8.83567846e-09 
 2.76076853e+02  8.82384416e-09  2.76076853e+02  8.83472390e-09 
 2.82507509e+02  8.82291326e-09  2.82507509e+02  8.83379119e-09 
 2.89087954e+02  8.82200365e-09  2.89087954e+02  8.83287981e-09 
 2.95821678e+02  8.82111483e-09  2.95821678e+02  8.83198928e-09 
 3.02712250e+02  8.82024633e-09  3.02712250e+02  8.83111912e-09 
 3.09763324e+02  8.81939769e-09  3.09763324e+02  8.83026886e-09 
 3.16978638e+02  8.81856844e-09  3.16978638e+02  8.82943805e-09 
 3.24362019e+02  8.81775814e-09  3.24362019e+02  8.82862623e-09 
 3.31917381e+02  8.81696636e-09  3.31917381e+02  8.82783296e-09 
 3.39648730e+02  8.81619267e-09  3.39648730e+02  8.82705783e-09 
 3.47560166e+02  8.81543666e-09  3.47560166e+02  8.82630042e-09 
 3.55655882e+02  8.81469792e-09  3.55655882e+02  8.82556031e-09 
 3.63940172e+02  8.81397605e-09  3.63940172e+02  8.82483712e-09 
 3.72417427e+02  8.81327067e-09  3.72417427e+02  8.82413045e-09 
 3.81092144e+02  8.81258141e-09  3.81092144e+02  8.82343992e-09 
 3.89968920e+02  8.81190788e-09  3.89968920e+02  8.82276517e-09 
 3.99052463e+02  8.81124973e-09  3.99052463e+02  8.82210582e-09 
 4.08347589e+02  8.81060662e-09  4.08347589e+02  8.82146154e-09 
 4.17859226e+02  8.80997818e-09  4.17859226e+02  8.82083196e-09 
 4.27592418e+02  8.80936409e-09  4.27592418e+02  8.82021677e-09 
 4.37552325e+02  8.80876402e-09  4.37552325e+02  8.81961561e-09 
 4.47744228e+02  8.80817765e-09  4.47744228e+02  8.81902818e-09 
 4.58173531e+02  8.80760466e-09  4.58173531e+02  8.81845415e-09 
 4.68845763e+02  8.80704475e-09  4.68845763e+02  8.81789322e-09 
 4.79766584e+02  8.80649761e-09  4.79766584e+02  8.81734510e-09 
 4.90941783e+02  8.80596296e-09  4.90941783e+02  8.81680948e-09 
 5.02377286e+02  8.80544051e-09  5.02377286e+02  8.81628607e-09 
 5.14079157e+02  8.80492998e-09  5.14079157e+02  8.81577461e-09 
 5.26053598e+02  8.80443110e-09  5.26053598e+02  8.81527481e-09 
 5.38306961e+02  8.80394359e-09  5.38306961e+02  8.81478640e-09 
 5.50845741e+02  8.80346721e-09  5.50845741e+02  8.81430914e-09 
 5.63676586e+02  8.80300169e-09  5.63676586e+02  8.81384275e-09 
 5.76806301e+02  8.80254679e-09  5.76806301e+02  8.81338699e-09 
 5.90241845e+02  8.80210226e-09  5.90241845e+02  8.81294162e-09 
 6.03990344e+02  8.80166786e-09  6.03990344e+02  8.81250640e-09 
 6.18059087e+02  8.80124338e-09  6.18059087e+02  8.81208109e-09 
 6.32455532e+02  8.80082856e-09  6.32455532e+02  8.81166547e-09 
 6.47187314e+02  8.80042321e-09  6.47187314e+02  8.81125932e-09 
 6.62262243e+02  8.80002710e-09  6.62262243e+02  8.81086241e-09 
 6.77688312e+02  8.79964001e-09  6.77688312e+02  8.81047454e-09 
 6.93473701e+02  8.79926174e-09  6.93473701e+02  8.81009550e-09 
 7.09626778e+02  8.79889210e-09  7.09626778e+02  8.80972508e-09 
 7.26156110e+02  8.79853088e-09  7.26156110e+02  8.80936309e-09 
 7.43070458e+02  8.79817789e-09  7.43070458e+02  8.80900934e-09 
 7.60378793e+02  8.79783293e-09  7.60378793e+02  8.80866363e-09 
 7.78090290e+02  8.79749584e-09  7.78090290e+02  8.80832578e-09 
 7.96214341e+02  8.79716643e-09  7.96214341e+02  8.80799560e-09 
 8.14760556e+02  8.79684451e-09  8.14760556e+02  8.80767293e-09 
 8.33738767e+02  8.79652993e-09  8.33738767e+02  8.80735759e-09 
 8.53159038e+02  8.79622251e-09  8.53159038e+02  8.80704941e-09 
 8.73031664e+02  8.79592209e-09  8.73031664e+02  8.80674823e-09 
 8.93367184e+02  8.79562850e-09  8.93367184e+02  8.80645387e-09 
 9.14176379e+02  8.79534160e-09  9.14176379e+02  8.80616620e-09 
 9.35470283e+02  8.79506122e-09  9.35470283e+02  8.80588505e-09 
 9.57260185e+02  8.79478723e-09  9.57260185e+02  8.80561027e-09 
 9.79557639e+02  8.79451947e-09  9.79557639e+02  8.80534171e-09 
 1.00237447e+03  8.79425779e-09  1.00237447e+03  8.80507923e-09 
 1.02572277e+03  8.79400207e-09  1.02572277e+03  8.80482270e-09 
 1.04961492e+03  8.79375216e-09  1.04961492e+03  8.80457196e-09 
 1.07406359e+03  8.79350793e-09  1.07406359e+03  8.80432689e-09 
 1.09908175e+03  8.79326925e-09  1.09908175e+03  8.80408736e-09 
 1.12468265e+03  8.79303600e-09  1.12468265e+03  8.80385324e-09 
 1.15087987e+03  8.79280804e-09  1.15087987e+03  8.80362439e-09 
 1.17768731e+03  8.79258526e-09  1.17768731e+03  8.80340071e-09 
 1.20511917e+03  8.79236754e-09  1.20511917e+03  8.80318206e-09 
 1.23319000e+03  8.79215476e-09  1.23319000e+03  8.80296833e-09 
 1.26191469e+03  8.79194680e-09  1.26191469e+03  8.80275940e-09 
 1.29130846e+03  8.79174356e-09  1.29130846e+03  8.80255517e-09 
 1.32138690e+03  8.79154493e-09  1.32138690e+03  8.80235552e-09 
 1.35216595e+03  8.79135080e-09  1.35216595e+03  8.80216034e-09 
 1.38366194e+03  8.79116107e-09  1.38366194e+03  8.80196953e-09 
 1.41589157e+03  8.79097564e-09  1.41589157e+03  8.80178298e-09 
 1.44887192e+03  8.79079440e-09  1.44887192e+03  8.80160059e-09 
 1.48262048e+03  8.79061726e-09  1.48262048e+03  8.80142227e-09 
 1.51715515e+03  8.79044413e-09  1.51715515e+03  8.80124792e-09 
 1.55249423e+03  8.79027491e-09  1.55249423e+03  8.80107744e-09 
 1.58865647e+03  8.79010951e-09  1.58865647e+03  8.80091073e-09 
 1.62566103e+03  8.78994785e-09  1.62566103e+03  8.80074772e-09 
 1.66352754e+03  8.78978983e-09  1.66352754e+03  8.80058830e-09 
 1.70227608e+03  8.78963537e-09  1.70227608e+03  8.80043239e-09 
 1.74192718e+03  8.78948439e-09  1.74192718e+03  8.80027991e-09 
 1.78250188e+03  8.78933681e-09  1.78250188e+03  8.80013077e-09 
 1.82402168e+03  8.78919255e-09  1.82402168e+03  8.79998489e-09 
 1.86650860e+03  8.78905152e-09  1.86650860e+03  8.79984218e-09 
 1.90998517e+03  8.78891366e-09  1.90998517e+03  8.79970257e-09 
 1.95447444e+03  8.78877889e-09  1.95447444e+03  8.79956599e-09 
 2.00000000e+03  8.78864714e-09  2.00000000e+03  8.79943234e-09 
 2.04658598e+03  8.78851833e-09  2.04658598e+03  8.79930157e-09 
 2.09425710e+03  8.78839240e-09  2.09425710e+03  8.79917359e-09 
 2.14303861e+03  8.78826928e-09  2.14303861e+03  8.79904833e-09 
 2.19295639e+03  8.78814889e-09  2.19295639e+03  8.79892573e-09 
 2.24403691e+03  8.78803118e-09  2.24403691e+03  8.79880571e-09 
 2.29630724e+03  8.78791608e-09  2.29630724e+03  8.79868820e-09 
 2.34979511e+03  8.78780353e-09  2.34979511e+03  8.79857313e-09 
 2.40452887e+03  8.78769347e-09  2.40452887e+03  8.79846045e-09 
 2.46053754e+03  8.78758583e-09  2.46053754e+03  8.79835007e-09 
 2.51785082e+03  8.78748056e-09  2.51785082e+03  8.79824195e-09 
 2.57649910e+03  8.78737760e-09  2.57649910e+03  8.79813601e-09 
 2.63651348e+03  8.78727690e-09  2.63651348e+03  8.79803219e-09 
 2.69792577e+03  8.78717839e-09  2.69792577e+03  8.79793043e-09 
 2.76076853e+03  8.78708202e-09  2.76076853e+03  8.79783067e-09 
 2.82507509e+03  8.78698774e-09  2.82507509e+03  8.79773285e-09 
 2.89087954e+03  8.78689549e-09  2.89087954e+03  8.79763691e-09 
 2.95821678e+03  8.78680524e-09  2.95821678e+03  8.79754278e-09 
 3.02712250e+03  8.78671691e-09  3.02712250e+03  8.79745041e-09 
 3.09763324e+03  8.78663047e-09  3.09763324e+03  8.79735975e-09 
 3.16978638e+03  8.78654586e-09  3.16978638e+03  8.79727073e-09 
 3.24362019e+03  8.78646305e-09  3.24362019e+03  8.79718330e-09 
 3.31917381e+03  8.78638197e-09  3.31917381e+03  8.79709739e-09 
 3.39648730e+03  8.78630258e-09  3.39648730e+03  8.79701296e-09 
 3.47560166e+03  8.78622484e-09  3.47560166e+03  8.79692995e-09 
 3.55655882e+03  8.78614871e-09  3.55655882e+03  8.79684829e-09 
 3.63940172e+03  8.78607413e-09  3.63940172e+03  8.79676794e-09 
 3.72417427e+03  8.78600107e-09  3.72417427e+03  8.79668884e-09 
 3.81092144e+03  8.78592947e-09  3.81092144e+03  8.79661094e-09 
 3.89968920e+03  8.78585931e-09  3.89968920e+03  8.79653417e-09 
 3.99052463e+03  8.78579053e-09  3.99052463e+03  8.79645848e-09 
 4.08347589e+03  8.78572310e-09  4.08347589e+03  8.79638382e-09 
 4.17859226e+03  8.78565697e-09  4.17859226e+03  8.79631012e-09 
 4.27592418e+03  8.78559210e-09  4.27592418e+03  8.79623734e-09 
 4.37552325e+03  8.78552846e-09  4.37552325e+03  8.79616541e-09 
 4.47744228e+03  8.78546600e-09  4.47744228e+03  8.79609429e-09 
 4.58173531e+03  8.78540468e-09  4.58173531e+03  8.79602390e-09 
 4.68845763e+03  8.78534447e-09  4.68845763e+03  8.79595420e-09 
 4.79766584e+03  8.78528533e-09  4.79766584e+03  8.79588511e-09 
 4.90941783e+03  8.78522721e-09  4.90941783e+03  8.79581660e-09 
 5.02377286e+03  8.78517008e-09  5.02377286e+03  8.79574858e-09 
 5.14079157e+03  8.78511389e-09  5.14079157e+03  8.79568101e-09 
 5.26053598e+03  8.78505863e-09  5.26053598e+03  8.79561382e-09 
 5.38306961e+03  8.78500423e-09  5.38306961e+03  8.79554695e-09 
 5.50845741e+03  8.78495067e-09  5.50845741e+03  8.79548033e-09 
 5.63676586e+03  8.78489791e-09  5.63676586e+03  8.79541389e-09 
 5.76806301e+03  8.78484591e-09  5.76806301e+03  8.79534758e-09 
 5.90241845e+03  8.78479463e-09  5.90241845e+03  8.79528132e-09 
 6.03990344e+03  8.78474403e-09  6.03990344e+03  8.79521504e-09 
 6.18059087e+03  8.78469408e-09  6.18059087e+03  8.79514867e-09 
 6.32455532e+03  8.78464474e-09  6.32455532e+03  8.79508214e-09 
 6.47187314e+03  8.78459596e-09  6.47187314e+03  8.79501537e-09 
 6.62262243e+03  8.78454771e-09  6.62262243e+03  8.79494829e-09 
 6.77688312e+03  8.78449995e-09  6.77688312e+03  8.79488081e-09 
 6.93473701e+03  8.78445264e-09  6.93473701e+03  8.79481286e-09 
 7.09626778e+03  8.78440574e-09  7.09626778e+03  8.79474435e-09 
 7.26156110e+03  8.78435921e-09  7.26156110e+03  8.79467519e-09 
 7.43070458e+03  8.78431301e-09  7.43070458e+03  8.79460530e-09 
 7.60378793e+03  8.78426709e-09  7.60378793e+03  8.79453459e-09 
 7.78090290e+03  8.78422141e-09  7.78090290e+03  8.79446295e-09 
 7.96214341e+03  8.78417593e-09  7.96214341e+03  8.79439029e-09 
 8.14760556e+03  8.78413061e-09  8.14760556e+03  8.79431652e-09 
 8.33738767e+03  8.78408540e-09  8.33738767e+03  8.79424152e-09 
 8.53159038e+03  8.78404025e-09  8.53159038e+03  8.79416518e-09 
 8.73031664e+03  8.78399512e-09  8.73031664e+03  8.79408740e-09 
 8.93367184e+03  8.78394996e-09  8.93367184e+03  8.79400806e-09 
 9.14176379e+03  8.78390472e-09  9.14176379e+03  8.79392703e-09 
 9.35470283e+03  8.78385935e-09  9.35470283e+03  8.79384419e-09 
 9.57260185e+03  8.78381380e-09  9.57260185e+03  8.79375941e-09 
 9.79557639e+03  8.78376802e-09  9.79557639e+03  8.79367256e-09 
 1.00237447e+04  8.78372194e-09  1.00237447e+04  8.79358349e-09 
 1.02572277e+04  8.78367552e-09  1.02572277e+04  8.79349206e-09 
 1.04961492e+04  8.78362870e-09  1.04961492e+04  8.79339812e-09 
 1.07406359e+04  8.78358142e-09  1.07406359e+04  8.79330150e-09 
 1.09908175e+04  8.78353362e-09  1.09908175e+04  8.79320204e-09 
 1.12468265e+04  8.78348522e-09  1.12468265e+04  8.79309958e-09 
 1.15087987e+04  8.78343618e-09  1.15087987e+04  8.79299392e-09 
 1.17768731e+04  8.78338642e-09  1.17768731e+04  8.79288490e-09 
 1.20511917e+04  8.78333587e-09  1.20511917e+04  8.79277230e-09 
 1.23319000e+04  8.78328446e-09  1.23319000e+04  8.79265593e-09 
 1.26191469e+04  8.78323211e-09  1.26191469e+04  8.79253559e-09 
 1.29130846e+04  8.78317875e-09  1.29130846e+04  8.79241104e-09 
 1.32138690e+04  8.78312429e-09  1.32138690e+04  8.79228207e-09 
 1.35216595e+04  8.78306866e-09  1.35216595e+04  8.79214842e-09 
 1.38366194e+04  8.78301177e-09  1.38366194e+04  8.79200986e-09 
 1.41589157e+04  8.78295352e-09  1.41589157e+04  8.79186612e-09 
 1.44887192e+04  8.78289383e-09  1.44887192e+04  8.79171693e-09 
 1.48262048e+04  8.78283259e-09  1.48262048e+04  8.79156200e-09 
 1.51715515e+04  8.78276970e-09  1.51715515e+04  8.79140105e-09 
 1.55249423e+04  8.78270507e-09  1.55249423e+04  8.79123377e-09 
 1.58865647e+04  8.78263858e-09  1.58865647e+04  8.79105982e-09 
 1.62566103e+04  8.78257012e-09  1.62566103e+04  8.79087888e-09 
 1.66352754e+04  8.78249957e-09  1.66352754e+04  8.79069059e-09 
 1.70227608e+04  8.78242680e-09  1.70227608e+04  8.79049459e-09 
 1.74192718e+04  8.78235170e-09  1.74192718e+04  8.79029049e-09 
 1.78250188e+04  8.78227412e-09  1.78250188e+04  8.79007790e-09 
 1.82402168e+04  8.78219393e-09  1.82402168e+04  8.78985639e-09 
 1.86650860e+04  8.78211098e-09  1.86650860e+04  8.78962553e-09 
 1.90998517e+04  8.78202512e-09  1.90998517e+04  8.78938487e-09 
 1.95447444e+04  8.78193619e-09  1.95447444e+04  8.78913393e-09 
 2.00000000e+04  8.78184403e-09  2.00000000e+04  8.78887222e-09 
