 2.00000000e+01  1.10356499e-08  2.00000000e+01  1.10754583e-08 
 2.04658598e+01  1.10242145e-08  2.04658598e+01  1.10638309e-08 
 2.09425710e+01  1.10130554e-08  2.09425710e+01  1.10524878e-08 
 2.14303861e+01  1.10021656e-08  2.14303861e+01  1.10414218e-08 
 2.19295639e+01  1.09915383e-08  2.19295639e+01  1.10306256e-08 
 2.24403691e+01  1.09811670e-08  2.24403691e+01  1.10200925e-08 
 2.29630724e+01  1.09710453e-08  2.29630724e+01  1.10098157e-08 
 2.34979511e+01  1.09611668e-08  2.34979511e+01  1.09997886e-08 
 2.40452887e+01  1.09515257e-08  2.40452887e+01  1.09900050e-08 
 2.46053754e+01  1.09421159e-08  2.46053754e+01  1.09804585e-08 
 2.51785082e+01  1.09329316e-08  2.51785082e+01  1.09711433e-08 
 2.57649910e+01  1.09239674e-08  2.57649910e+01  1.09620534e-08 
 2.63651348e+01  1.09152177e-08  2.63651348e+01  1.09531832e-08 
 2.69792577e+01  1.09066771e-08  2.69792577e+01  1.09445271e-08 
 2.76076853e+01  1.08983406e-08  2.76076853e+01  1.09360796e-08 
 2.82507509e+01  1.08902030e-08  2.82507509e+01  1.09278357e-08 
 2.89087954e+01  1.08822595e-08  2.89087954e+01  1.09197901e-08 
 2.95821678e+01  1.08745053e-08  2.95821678e+01  1.09119379e-08 
 3.02712250e+01  1.08669356e-08  3.02712250e+01  1.09042742e-08 
 3.09763324e+01  1.08595460e-08  3.09763324e+01  1.08967944e-08 
 3.16978638e+01  1.08523321e-08  3.16978638e+01  1.08894937e-08 
 3.24362019e+01  1.08452895e-08  3.24362019e+01  1.08823679e-08 
 3.31917381e+01  1.08384139e-08  3.31917381e+01  1.08754125e-08 
 3.39648730e+01  1.08317014e-08  3.39648730e+01  1.08686232e-08 
 3.47560166e+01  1.08251480e-08  3.47560166e+01  1.08619961e-08 
 3.55655882e+01  1.08187497e-08  3.55655882e+01  1.08555269e-08 
 3.63940172e+01  1.08125028e-08  3.63940172e+01  1.08492120e-08 
 3.72417427e+01  1.08064035e-08  3.72417427e+01  1.08430473e-08 
 3.81092144e+01  1.08004483e-08  3.81092144e+01  1.08370293e-08 
 3.89968920e+01  1.07946337e-08  3.89968920e+01  1.08311543e-08 
 3.99052463e+01  1.07889563e-08  3.99052463e+01  1.08254188e-08 
 4.08347589e+01  1.07834127e-08  4.08347589e+01  1.08198193e-08 
 4.17859226e+01  1.07779997e-08  4.17859226e+01  1.08143527e-08 
 4.27592418e+01  1.07727141e-08  4.27592418e+01  1.08090154e-08 
 4.37552325e+01  1.07675528e-08  4.37552325e+01  1.08038045e-08 
 4.47744228e+01  1.07625129e-08  4.47744228e+01  1.07987169e-08 
 4.58173531e+01  1.07575915e-08  4.58173531e+01  1.07937494e-08 
 4.68845763e+01  1.07527855e-08  4.68845763e+01  1.07888993e-08 
 4.79766584e+01  1.07480924e-08  4.79766584e+01  1.07841636e-08 
 4.90941783e+01  1.07435093e-08  4.90941783e+01  1.07795395e-08 
 5.02377286e+01  1.07390336e-08  5.02377286e+01  1.07750245e-08 
 5.14079157e+01  1.07346628e-08  5.14079157e+01  1.07706157e-08 
 5.26053598e+01  1.07303943e-08  5.26053598e+01  1.07663106e-08 
 5.38306961e+01  1.07262256e-08  5.38306961e+01  1.07621068e-08 
 5.50845741e+01  1.07221545e-08  5.50845741e+01  1.07580017e-08 
 5.63676586e+01  1.07181785e-08  5.63676586e+01  1.07539931e-08 
 5.76806301e+01  1.07142954e-08  5.76806301e+01  1.07500785e-08 
 5.90241845e+01  1.07105029e-08  5.90241845e+01  1.07462557e-08 
 6.03990344e+01  1.07067989e-08  6.03990344e+01  1.07425225e-08 
 6.18059087e+01  1.07031813e-08  6.18059087e+01  1.07388767e-08 
 6.32455532e+01  1.06996480e-08  6.32455532e+01  1.07353163e-08 
 6.47187314e+01  1.06961971e-08  6.47187314e+01  1.07318392e-08 
 6.62262243e+01  1.06928265e-08  6.62262243e+01  1.07284434e-08 
 6.77688312e+01  1.06895344e-08  6.77688312e+01  1.07251270e-08 
 6.93473701e+01  1.06863189e-08  6.93473701e+01  1.07218880e-08 
 7.09626778e+01  1.06831782e-08  7.09626778e+01  1.07187247e-08 
 7.26156110e+01  1.06801104e-08  7.26156110e+01  1.07156351e-08 
 7.43070458e+01  1.06771140e-08  7.43070458e+01  1.07126176e-08 
 7.60378793e+01  1.06741871e-08  7.60378793e+01  1.07096704e-08 
 7.78090290e+01  1.06713282e-08  7.78090290e+01  1.07067918e-08 
 7.96214341e+01  1.06685357e-08  7.96214341e+01  1.07039803e-08 
 8.14760556e+01  1.06658079e-08  8.14760556e+01  1.07012343e-08 
 8.33738767e+01  1.06631434e-08  8.33738767e+01  1.06985521e-08 
 8.53159038e+01  1.06605406e-08  8.53159038e+01  1.06959322e-08 
 8.73031664e+01  1.06579981e-08  8.73031664e+01  1.06933733e-08 
 8.93367184e+01  1.06555145e-08  8.93367184e+01  1.06908738e-08 
 9.14176379e+01  1.06530884e-08  9.14176379e+01  1.06884323e-08 
 9.35470283e+01  1.06507185e-08  9.35470283e+01  1.06860475e-08 
 9.57260185e+01  1.06484034e-08  9.57260185e+01  1.06837181e-08 
 9.79557639e+01  1.06461418e-08  9.79557639e+01  1.06814427e-08 
 1.00237447e+02  1.06439326e-08  1.00237447e+02  1.06792200e-08 
 1.02572277e+02  1.06417744e-08  1.02572277e+02  1.06770488e-08 
 1.04961492e+02  1.06396660e-08  1.04961492e+02  1.06749279e-08 
 1.07406359e+02  1.06376064e-08  1.07406359e+02  1.06728561e-08 
 1.09908175e+02  1.06355943e-08  1.09908175e+02  1.06708323e-08 
 1.12468265e+02  1.06336286e-08  1.12468265e+02  1.06688553e-08 
 1.15087987e+02  1.06317083e-08  1.15087987e+02  1.06669240e-08 
 1.17768731e+02  1.06298323e-08  1.17768731e+02  1.06650374e-08 
 1.20511917e+02  1.06279996e-08  1.20511917e+02  1.06631944e-08 
 1.23319000e+02  1.06262091e-08  1.23319000e+02  1.06613940e-08 
 1.26191469e+02  1.06244599e-08  1.26191469e+02  1.06596352e-08 
 1.29130846e+02  1.06227511e-08  1.29130846e+02  1.06579169e-08 
 1.32138690e+02  1.06210815e-08  1.32138690e+02  1.06562384e-08 
 1.35216595e+02  1.06194505e-08  1.35216595e+02  1.06545986e-08 
 1.38366194e+02  1.06178569e-08  1.38366194e+02  1.06529966e-08 
 1.41589157e+02  1.06163001e-08  1.41589157e+02  1.06514316e-08 
 1.44887192e+02  1.06147791e-08  1.44887192e+02  1.06499026e-08 
 1.48262048e+02  1.06132931e-08  1.48262048e+02  1.06484089e-08 
 1.51715515e+02  1.06118413e-08  1.51715515e+02  1.06469496e-08 
 1.55249423e+02  1.06104228e-08  1.55249423e+02  1.06455239e-08 
 1.58865647e+02  1.06090370e-08  1.58865647e+02  1.06441311e-08 
 1.62566103e+02  1.06076830e-08  1.62566103e+02  1.06427703e-08 
 1.66352754e+02  1.06063602e-08  1.66352754e+02  1.06414409e-08 
 1.70227608e+02  1.06050677e-08  1.70227608e+02  1.06401420e-08 
 1.74192718e+02  1.06038050e-08  1.74192718e+02  1.06388731e-08 
 1.78250188e+02  1.06025712e-08  1.78250188e+02  1.06376333e-08 
 1.82402168e+02  1.06013658e-08  1.82402168e+02  1.06364220e-08 
 1.86650860e+02  1.06001880e-08  1.86650860e+02  1.06352386e-08 
 1.90998517e+02  1.05990373e-08  1.90998517e+02  1.06340824e-08 
 1.95447444e+02  1.05979130e-08  1.95447444e+02  1.06329528e-08 
 2.00000000e+02  1.05968145e-08  2.00000000e+02  1.06318491e-08 
 2.04658598e+02  1.05957412e-08  2.04658598e+02  1.06307708e-08 
 2.09425710e+02  1.05946925e-08  2.09425710e+02  1.06297172e-08 
 2.14303861e+02  1.05936679e-08  2.14303861e+02  1.06286879e-08 
 2.19295639e+02  1.05926668e-08  2.19295639e+02  1.06276821e-08 
 2.24403691e+02  1.05916886e-08  2.24403691e+02  1.06266995e-08 
 2.29630724e+02  1.05907328e-08  2.29630724e+02  1.06257394e-08 
 2.34979511e+02  1.05897990e-08  2.34979511e+02  1.06248013e-08 
 2.40452887e+02  1.05888865e-08  2.40452887e+02  1.06238847e-08 
 2.46053754e+02  1.05879950e-08  2.46053754e+02  1.06229892e-08 
 2.51785082e+02  1.05871238e-08  2.51785082e+02  1.06221142e-08 
 2.57649910e+02  1.05862727e-08  2.57649910e+02  1.06212593e-08 
 2.63651348e+02  1.05854410e-08  2.63651348e+02  1.06204240e-08 
 2.69792577e+02  1.05846284e-08  2.69792577e+02  1.06196078e-08 
 2.76076853e+02  1.05838344e-08  2.76076853e+02  1.06188103e-08 
 2.82507509e+02  1.05830585e-08  2.82507509e+02  1.06180311e-08 
 2.89087954e+02  1.05823004e-08  2.89087954e+02  1.06172697e-08 
 2.95821678e+02  1.05815597e-08  2.95821678e+02  1.06165258e-08 
 3.02712250e+02  1.05808359e-08  3.02712250e+02  1.06157989e-08 
 3.09763324e+02  1.05801287e-08  3.09763324e+02  1.06150887e-08 
 3.16978638e+02  1.05794377e-08  3.16978638e+02  1.06143947e-08 
 3.24362019e+02  1.05787624e-08  3.24362019e+02  1.06137166e-08 
 3.31917381e+02  1.05781027e-08  3.31917381e+02  1.06130540e-08 
 3.39648730e+02  1.05774580e-08  3.39648730e+02  1.06124066e-08 
 3.47560166e+02  1.05768280e-08  3.47560166e+02  1.06117740e-08 
 3.55655882e+02  1.05762125e-08  3.55655882e+02  1.06111559e-08 
 3.63940172e+02  1.05756110e-08  3.63940172e+02  1.06105519e-08 
 3.72417427e+02  1.05750233e-08  3.72417427e+02  1.06099618e-08 
 3.81092144e+02  1.05744490e-08  3.81092144e+02  1.06093851e-08 
 3.89968920e+02  1.05738879e-08  3.89968920e+02  1.06088216e-08 
 3.99052463e+02  1.05733395e-08  3.99052463e+02  1.06082710e-08 
 4.08347589e+02  1.05728037e-08  4.08347589e+02  1.06077330e-08 
 4.17859226e+02  1.05722802e-08  4.17859226e+02  1.06072073e-08 
 4.27592418e+02  1.05717686e-08  4.27592418e+02  1.06066936e-08 
 4.37552325e+02  1.05712687e-08  4.37552325e+02  1.06061916e-08 
 4.47744228e+02  1.05707802e-08  4.47744228e+02  1.06057011e-08 
 4.58173531e+02  1.05703029e-08  4.58173531e+02  1.06052218e-08 
 4.68845763e+02  1.05698365e-08  4.68845763e+02  1.06047534e-08 
 4.79766584e+02  1.05693807e-08  4.79766584e+02  1.06042958e-08 
 4.90941783e+02  1.05689354e-08  4.90941783e+02  1.06038486e-08 
 5.02377286e+02  1.05685002e-08  5.02377286e+02  1.06034116e-08 
 5.14079157e+02  1.05680749e-08  5.14079157e+02  1.06029846e-08 
 5.26053598e+02  1.05676594e-08  5.26053598e+02  1.06025673e-08 
 5.38306961e+02  1.05672533e-08  5.38306961e+02  1.06021596e-08 
 5.50845741e+02  1.05668566e-08  5.50845741e+02  1.06017611e-08 
 5.63676586e+02  1.05664688e-08  5.63676586e+02  1.06013717e-08 
 5.76806301e+02  1.05660900e-08  5.76806301e+02  1.06009913e-08 
 5.90241845e+02  1.05657198e-08  5.90241845e+02  1.06006195e-08 
 6.03990344e+02  1.05653580e-08  6.03990344e+02  1.06002561e-08 
 6.18059087e+02  1.05650045e-08  6.18059087e+02  1.05999011e-08 
 6.32455532e+02  1.05646590e-08  6.32455532e+02  1.05995542e-08 
 6.47187314e+02  1.05643215e-08  6.47187314e+02  1.05992151e-08 
 6.62262243e+02  1.05639916e-08  6.62262243e+02  1.05988838e-08 
 6.77688312e+02  1.05636693e-08  6.77688312e+02  1.05985600e-08 
 6.93473701e+02  1.05633543e-08  6.93473701e+02  1.05982436e-08 
 7.09626778e+02  1.05630465e-08  7.09626778e+02  1.05979344e-08 
 7.26156110e+02  1.05627457e-08  7.26156110e+02  1.05976323e-08 
 7.43070458e+02  1.05624518e-08  7.43070458e+02  1.05973370e-08 
 7.60378793e+02  1.05621646e-08  7.60378793e+02  1.05970484e-08 
 7.78090290e+02  1.05618840e-08  7.78090290e+02  1.05967664e-08 
 7.96214341e+02  1.05616097e-08  7.96214341e+02  1.05964909e-08 
 8.14760556e+02  1.05613417e-08  8.14760556e+02  1.05962215e-08 
 8.33738767e+02  1.05610798e-08  8.33738767e+02  1.05959583e-08 
 8.53159038e+02  1.05608239e-08  8.53159038e+02  1.05957011e-08 
 8.73031664e+02  1.05605738e-08  8.73031664e+02  1.05954497e-08 
 8.93367184e+02  1.05603295e-08  8.93367184e+02  1.05952041e-08 
 9.14176379e+02  1.05600907e-08  9.14176379e+02  1.05949640e-08 
 9.35470283e+02  1.05598573e-08  9.35470283e+02  1.05947293e-08 
 9.57260185e+02  1.05596293e-08  9.57260185e+02  1.05945000e-08 
 9.79557639e+02  1.05594064e-08  9.79557639e+02  1.05942759e-08 
 1.00237447e+03  1.05591887e-08  1.00237447e+03  1.05940568e-08 
 1.02572277e+03  1.05589759e-08  1.02572277e+03  1.05938427e-08 
 1.04961492e+03  1.05587680e-08  1.04961492e+03  1.05936335e-08 
 1.07406359e+03  1.05585648e-08  1.07406359e+03  1.05934289e-08 
 1.09908175e+03  1.05583662e-08  1.09908175e+03  1.05932290e-08 
 1.12468265e+03  1.05581722e-08  1.12468265e+03  1.05930336e-08 
 1.15087987e+03  1.05579825e-08  1.15087987e+03  1.05928427e-08 
 1.17768731e+03  1.05577973e-08  1.17768731e+03  1.05926560e-08 
 1.20511917e+03  1.05576162e-08  1.20511917e+03  1.05924735e-08 
 1.23319000e+03  1.05574392e-08  1.23319000e+03  1.05922952e-08 
 1.26191469e+03  1.05572663e-08  1.26191469e+03  1.05921208e-08 
 1.29130846e+03  1.05570974e-08  1.29130846e+03  1.05919504e-08 
 1.32138690e+03  1.05569322e-08  1.32138690e+03  1.05917838e-08 
 1.35216595e+03  1.05567709e-08  1.35216595e+03  1.05916209e-08 
 1.38366194e+03  1.05566132e-08  1.38366194e+03  1.05914617e-08 
 1.41589157e+03  1.05564591e-08  1.41589157e+03  1.05913060e-08 
 1.44887192e+03  1.05563085e-08  1.44887192e+03  1.05911538e-08 
 1.48262048e+03  1.05561614e-08  1.48262048e+03  1.05910050e-08 
 1.51715515e+03  1.05560176e-08  1.51715515e+03  1.05908595e-08 
 1.55249423e+03  1.05558771e-08  1.55249423e+03  1.05907172e-08 
 1.58865647e+03  1.05557398e-08  1.58865647e+03  1.05905781e-08 
 1.62566103e+03  1.05556056e-08  1.62566103e+03  1.05904421e-08 
 1.66352754e+03  1.05554745e-08  1.66352754e+03  1.05903091e-08 
 1.70227608e+03  1.05553463e-08  1.70227608e+03  1.05901790e-08 
 1.74192718e+03  1.05552211e-08  1.74192718e+03  1.05900517e-08 
 1.78250188e+03  1.05550988e-08  1.78250188e+03  1.05899273e-08 
 1.82402168e+03  1.05549792e-08  1.82402168e+03  1.05898056e-08 
 1.86650860e+03  1.05548623e-08  1.86650860e+03  1.05896865e-08 
 1.90998517e+03  1.05547481e-08  1.90998517e+03  1.05895700e-08 
 1.95447444e+03  1.05546365e-08  1.95447444e+03  1.05894560e-08 
 2.00000000e+03  1.05545275e-08  2.00000000e+03  1.05893445e-08 
 2.04658598e+03  1.05544209e-08  2.04658598e+03  1.05892354e-08 
 2.09425710e+03  1.05543168e-08  2.09425710e+03  1.05891286e-08 
 2.14303861e+03  1.05542150e-08  2.14303861e+03  1.05890241e-08 
 2.19295639e+03  1.05541155e-08  2.19295639e+03  1.05889218e-08 
 2.24403691e+03  1.05540184e-08  2.24403691e+03  1.05888216e-08 
 2.29630724e+03  1.05539234e-08  2.29630724e+03  1.05887236e-08 
 2.34979511e+03  1.05538306e-08  2.34979511e+03  1.05886276e-08 
 2.40452887e+03  1.05537399e-08  2.40452887e+03  1.05885336e-08 
 2.46053754e+03  1.05536512e-08  2.46053754e+03  1.05884415e-08 
 2.51785082e+03  1.05535646e-08  2.51785082e+03  1.05883512e-08 
 2.57649910e+03  1.05534800e-08  2.57649910e+03  1.05882629e-08 
 2.63651348e+03  1.05533973e-08  2.63651348e+03  1.05881762e-08 
 2.69792577e+03  1.05533164e-08  2.69792577e+03  1.05880913e-08 
 2.76076853e+03  1.05532375e-08  2.76076853e+03  1.05880081e-08 
 2.82507509e+03  1.05531603e-08  2.82507509e+03  1.05879265e-08 
 2.89087954e+03  1.05530848e-08  2.89087954e+03  1.05878464e-08 
 2.95821678e+03  1.05530111e-08  2.95821678e+03  1.05877679e-08 
 3.02712250e+03  1.05529391e-08  3.02712250e+03  1.05876908e-08 
 3.09763324e+03  1.05528687e-08  3.09763324e+03  1.05876152e-08 
 3.16978638e+03  1.05527999e-08  3.16978638e+03  1.05875409e-08 
 3.24362019e+03  1.05527326e-08  3.24362019e+03  1.05874680e-08 
 3.31917381e+03  1.05526669e-08  3.31917381e+03  1.05873963e-08 
 3.39648730e+03  1.05526027e-08  3.39648730e+03  1.05873258e-08 
 3.47560166e+03  1.05525400e-08  3.47560166e+03  1.05872566e-08 
 3.55655882e+03  1.05524786e-08  3.55655882e+03  1.05871884e-08 
 3.63940172e+03  1.05524187e-08  3.63940172e+03  1.05871214e-08 
 3.72417427e+03  1.05523602e-08  3.72417427e+03  1.05870554e-08 
 3.81092144e+03  1.05523029e-08  3.81092144e+03  1.05869904e-08 
 3.89968920e+03  1.05522470e-08  3.89968920e+03  1.05869264e-08 
 3.99052463e+03  1.05521923e-08  3.99052463e+03  1.05868632e-08 
 4.08347589e+03  1.05521389e-08  4.08347589e+03  1.05868009e-08 
 4.17859226e+03  1.05520867e-08  4.17859226e+03  1.05867394e-08 
 4.27592418e+03  1.05520357e-08  4.27592418e+03  1.05866787e-08 
 4.37552325e+03  1.05519858e-08  4.37552325e+03  1.05866187e-08 
 4.47744228e+03  1.05519371e-08  4.47744228e+03  1.05865594e-08 
 4.58173531e+03  1.05518895e-08  4.58173531e+03  1.05865006e-08 
 4.68845763e+03  1.05518430e-08  4.68845763e+03  1.05864425e-08 
 4.79766584e+03  1.05517975e-08  4.79766584e+03  1.05863849e-08 
 4.90941783e+03  1.05517530e-08  4.90941783e+03  1.05863277e-08 
 5.02377286e+03  1.05517096e-08  5.02377286e+03  1.05862709e-08 
 5.14079157e+03  1.05516671e-08  5.14079157e+03  1.05862146e-08 
 5.26053598e+03  1.05516256e-08  5.26053598e+03  1.05861585e-08 
 5.38306961e+03  1.05515851e-08  5.38306961e+03  1.05861027e-08 
 5.50845741e+03  1.05515455e-08  5.50845741e+03  1.05860471e-08 
 5.63676586e+03  1.05515067e-08  5.63676586e+03  1.05859917e-08 
 5.76806301e+03  1.05514689e-08  5.76806301e+03  1.05859364e-08 
 5.90241845e+03  1.05514319e-08  5.90241845e+03  1.05858811e-08 
 6.03990344e+03  1.05513957e-08  6.03990344e+03  1.05858258e-08 
 6.18059087e+03  1.05513604e-08  6.18059087e+03  1.05857705e-08 
 6.32455532e+03  1.05513258e-08  6.32455532e+03  1.05857149e-08 
 6.47187314e+03  1.05512921e-08  6.47187314e+03  1.05856592e-08 
 6.62262243e+03  1.05512591e-08  6.62262243e+03  1.05856033e-08 
 6.77688312e+03  1.05512268e-08  6.77688312e+03  1.05855470e-08 
 6.93473701e+03  1.05511953e-08  6.93473701e+03  1.05854903e-08 
 7.09626778e+03  1.05511644e-08  7.09626778e+03  1.05854331e-08 
 7.26156110e+03  1.05511343e-08  7.26156110e+03  1.05853755e-08 
 7.43070458e+03  1.05511049e-08  7.43070458e+03  1.05853171e-08 
 7.60378793e+03  1.05510761e-08  7.60378793e+03  1.05852582e-08 
 7.78090290e+03  1.05510480e-08  7.78090290e+03  1.05851984e-08 
 7.96214341e+03  1.05510205e-08  7.96214341e+03  1.05851378e-08 
 8.14760556e+03  1.05509936e-08  8.14760556e+03  1.05850762e-08 
 8.33738767e+03  1.05509673e-08  8.33738767e+03  1.05850137e-08 
 8.53159038e+03  1.05509416e-08  8.53159038e+03  1.05849500e-08 
 8.73031664e+03  1.05509164e-08  8.73031664e+03  1.05848851e-08 
 8.93367184e+03  1.05508919e-08  8.93367184e+03  1.05848189e-08 
 9.14176379e+03  1.05508679e-08  9.14176379e+03  1.05847513e-08 
 9.35470283e+03  1.05508444e-08  9.35470283e+03  1.05846822e-08 
 9.57260185e+03  1.05508214e-08  9.57260185e+03  1.05846115e-08 
 9.79557639e+03  1.05507990e-08  9.79557639e+03  1.05845390e-08 
 1.00237447e+04  1.05507770e-08  1.00237447e+04  1.05844647e-08 
 1.02572277e+04  1.05507555e-08  1.02572277e+04  1.05843885e-08 
 1.04961492e+04  1.05507345e-08  1.04961492e+04  1.05843101e-08 
 1.07406359e+04  1.05507140e-08  1.07406359e+04  1.05842295e-08 
 1.09908175e+04  1.05506939e-08  1.09908175e+04  1.05841465e-08 
 1.12468265e+04  1.05506742e-08  1.12468265e+04  1.05840611e-08 
 1.15087987e+04  1.05506550e-08  1.15087987e+04  1.05839729e-08 
 1.17768731e+04  1.05506362e-08  1.17768731e+04  1.05838820e-08 
 1.20511917e+04  1.05506178e-08  1.20511917e+04  1.05837881e-08 
 1.23319000e+04  1.05505998e-08  1.23319000e+04  1.05836910e-08 
 1.26191469e+04  1.05505822e-08  1.26191469e+04  1.05835906e-08 
 1.29130846e+04  1.05505649e-08  1.29130846e+04  1.05834867e-08 
 1.32138690e+04  1.05505480e-08  1.32138690e+04  1.05833791e-08 
 1.35216595e+04  1.05505315e-08  1.35216595e+04  1.05832676e-08 
 1.38366194e+04  1.05505153e-08  1.38366194e+04  1.05831521e-08 
 1.41589157e+04  1.05504995e-08  1.41589157e+04  1.05830322e-08 
 1.44887192e+04  1.05504839e-08  1.44887192e+04  1.05829077e-08 
 1.48262048e+04  1.05504687e-08  1.48262048e+04  1.05827785e-08 
 1.51715515e+04  1.05504538e-08  1.51715515e+04  1.05826442e-08 
 1.55249423e+04  1.05504392e-08  1.55249423e+04  1.05825047e-08 
 1.58865647e+04  1.05504249e-08  1.58865647e+04  1.05823596e-08 
 1.62566103e+04  1.05504109e-08  1.62566103e+04  1.05822087e-08 
 1.66352754e+04  1.05503971e-08  1.66352754e+04  1.05820516e-08 
 1.70227608e+04  1.05503837e-08  1.70227608e+04  1.05818882e-08 
 1.74192718e+04  1.05503704e-08  1.74192718e+04  1.05817179e-08 
 1.78250188e+04  1.05503574e-08  1.78250188e+04  1.05815406e-08 
 1.82402168e+04  1.05503447e-08  1.82402168e+04  1.05813558e-08 
 1.86650860e+04  1.05503321e-08  1.86650860e+04  1.05811633e-08 
 1.90998517e+04  1.05503198e-08  1.90998517e+04  1.05809626e-08 
 1.95447444e+04  1.05503077e-08  1.95447444e+04  1.05807533e-08 
 2.00000000e+04  1.05502958e-08  2.00000000e+04  1.05805350e-08 
