 2.00000000e+01  5.92327774e-08  2.00000000e+01  6.04323921e-08 
 2.09425710e+01  5.80109702e-08  2.09425710e+01  5.91108966e-08 
 2.19295639e+01  5.68106982e-08  2.19295639e+01  5.78208501e-08 
 2.29630724e+01  5.56322742e-08  2.29630724e+01  5.65615540e-08 
 2.40452887e+01  5.44759271e-08  2.40452887e+01  5.53323265e-08 
 2.51785082e+01  5.33418111e-08  2.51785082e+01  5.41325022e-08 
 2.63651348e+01  5.22300133e-08  2.63651348e+01  5.29614317e-08 
 2.76076853e+01  5.11405617e-08  2.76076853e+01  5.18184809e-08 
 2.89087954e+01  5.00734320e-08  2.89087954e+01  5.07030311e-08 
 3.02712250e+01  4.90285535e-08  3.02712250e+01  4.96144781e-08 
 3.16978638e+01  4.80058151e-08  3.16978638e+01  4.85522323e-08 
 3.31917381e+01  4.70050702e-08  3.31917381e+01  4.75157180e-08 
 3.47560166e+01  4.60261414e-08  3.47560166e+01  4.65043732e-08 
 3.63940172e+01  4.50688245e-08  3.63940172e+01  4.55176489e-08 
 3.81092144e+01  4.41328924e-08  3.81092144e+01  4.45550096e-08 
 3.99052463e+01  4.32180985e-08  3.99052463e+01  4.36159320e-08 
 4.17859226e+01  4.23241794e-08  4.17859226e+01  4.26999053e-08 
 4.37552325e+01  4.14508579e-08  4.37552325e+01  4.18064305e-08 
 4.58173531e+01  4.05978449e-08  4.58173531e+01  4.09350205e-08 
 4.79766584e+01  3.97648422e-08  4.79766584e+01  4.00851994e-08 
 5.02377286e+01  3.89515438e-08  5.02377286e+01  3.92565024e-08 
 5.26053598e+01  3.81576379e-08  5.26053598e+01  3.84484754e-08 
 5.50845741e+01  3.73828079e-08  5.50845741e+01  3.76606749e-08 
 5.76806301e+01  3.66267346e-08  5.76806301e+01  3.68926676e-08 
 6.03990344e+01  3.58890961e-08  6.03990344e+01  3.61440300e-08 
 6.32455532e+01  3.51695699e-08  6.32455532e+01  3.54143484e-08 
 6.62262243e+01  3.44678332e-08  6.62262243e+01  3.47032182e-08 
 6.93473701e+01  3.37835637e-08  6.93473701e+01  3.40102442e-08 
 7.26156110e+01  3.31164403e-08  7.26156110e+01  3.33350399e-08 
 7.60378793e+01  3.24661437e-08  7.60378793e+01  3.26772275e-08 
 7.96214341e+01  3.18323568e-08  7.96214341e+01  3.20364375e-08 
 8.33738767e+01  3.12147653e-08  8.33738767e+01  3.14123084e-08 
 8.73031664e+01  3.06130577e-08  8.73031664e+01  3.08044867e-08 
 9.14176379e+01  3.00269257e-08  9.14176379e+01  3.02126265e-08 
 9.57260185e+01  2.94560648e-08  9.57260185e+01  2.96363892e-08 
 1.00237447e+02  2.89001739e-08  1.00237447e+02  2.90754434e-08 
 1.04961492e+02  2.83589559e-08  1.04961492e+02  2.85294647e-08 
 1.09908175e+02  2.78321175e-08  1.09908175e+02  2.79981353e-08 
 1.15087987e+02  2.73193694e-08  1.15087987e+02  2.74811439e-08 
 1.20511917e+02  2.68204264e-08  1.20511917e+02  2.69781856e-08 
 1.26191469e+02  2.63350076e-08  1.26191469e+02  2.64889615e-08 
 1.32138690e+02  2.58628359e-08  1.32138690e+02  2.60131786e-08 
 1.38366194e+02  2.54036384e-08  1.38366194e+02  2.55505494e-08 
 1.44887192e+02  2.49571463e-08  1.44887192e+02  2.51007921e-08 
 1.51715515e+02  2.45230947e-08  1.51715515e+02  2.46636302e-08 
 1.58865647e+02  2.41012229e-08  1.58865647e+02  2.42387920e-08 
 1.66352754e+02  2.36912739e-08  1.66352754e+02  2.38260110e-08 
 1.74192718e+02  2.32929946e-08  1.74192718e+02  2.34250255e-08 
 1.82402168e+02  2.29061358e-08  1.82402168e+02  2.30355782e-08 
 1.90998517e+02  2.25304519e-08  1.90998517e+02  2.26574163e-08 
 2.00000000e+02  2.21657009e-08  2.00000000e+02  2.22902913e-08 
 2.09425710e+02  2.18116445e-08  2.09425710e+02  2.19339588e-08 
 2.19295639e+02  2.14680476e-08  2.19295639e+02  2.15881785e-08 
 2.29630724e+02  2.11346789e-08  2.29630724e+02  2.12527138e-08 
 2.40452887e+02  2.08113099e-08  2.40452887e+02  2.09273318e-08 
 2.51785082e+02  2.04977159e-08  2.51785082e+02  2.06118035e-08 
 2.63651348e+02  2.01936749e-08  2.63651348e+02  2.03059031e-08 
 2.76076853e+02  1.98989682e-08  2.76076853e+02  2.00094082e-08 
 2.89087954e+02  1.96133802e-08  2.89087954e+02  1.97221000e-08 
 3.02712250e+02  1.93366981e-08  3.02712250e+02  1.94437627e-08 
 3.16978638e+02  1.90687122e-08  3.16978638e+02  1.91741835e-08 
 3.31917381e+02  1.88092154e-08  3.31917381e+02  1.89131529e-08 
 3.47560166e+02  1.85580036e-08  3.47560166e+02  1.86604643e-08 
 3.63940172e+02  1.83148756e-08  3.63940172e+02  1.84159140e-08 
 3.81092144e+02  1.80796327e-08  3.81092144e+02  1.81793013e-08 
 3.99052463e+02  1.78520790e-08  3.99052463e+02  1.79504281e-08 
 4.17859226e+02  1.76320212e-08  4.17859226e+02  1.77290994e-08 
 4.37552325e+02  1.74192689e-08  4.37552325e+02  1.75151229e-08 
 4.58173531e+02  1.72136342e-08  4.58173531e+02  1.73083088e-08 
 4.79766584e+02  1.70149319e-08  4.79766584e+02  1.71084703e-08 
 5.02377286e+02  1.68229792e-08  5.02377286e+02  1.69154233e-08 
 5.26053598e+02  1.66375964e-08  5.26053598e+02  1.67289864e-08 
 5.50845741e+02  1.64586060e-08  5.50845741e+02  1.65489807e-08 
 5.76806301e+02  1.62858336e-08  5.76806301e+02  1.63752304e-08 
 6.03990344e+02  1.61191070e-08  6.03990344e+02  1.62075621e-08 
 6.32455532e+02  1.59582570e-08  6.32455532e+02  1.60458053e-08 
 6.62262243e+02  1.58031170e-08  6.62262243e+02  1.58897922e-08 
 6.93473701e+02  1.56535233e-08  6.93473701e+02  1.57393578e-08 
 7.26156110e+02  1.55093146e-08  7.26156110e+02  1.55943399e-08 
 7.60378793e+02  1.53703326e-08  7.60378793e+02  1.54545790e-08 
 7.96214341e+02  1.52364217e-08  7.96214341e+02  1.53199185e-08 
 8.33738767e+02  1.51074293e-08  8.33738767e+02  1.51902047e-08 
 8.73031664e+02  1.49832054e-08  8.73031664e+02  1.50652866e-08 
 9.14176379e+02  1.48636029e-08  9.14176379e+02  1.49450164e-08 
 9.57260185e+02  1.47484777e-08  9.57260185e+02  1.48292487e-08 
 1.00237447e+03  1.46376885e-08  1.00237447e+03  1.47178416e-08 
 1.04961492e+03  1.45310968e-08  1.04961492e+03  1.46106556e-08 
 1.09908175e+03  1.44285673e-08  1.09908175e+03  1.45075545e-08 
 1.15087987e+03  1.43299675e-08  1.15087987e+03  1.44084050e-08 
 1.20511917e+03  1.42351677e-08  1.20511917e+03  1.43130768e-08 
 1.26191469e+03  1.41440414e-08  1.26191469e+03  1.42214423e-08 
 1.32138690e+03  1.40564649e-08  1.32138690e+03  1.41333773e-08 
 1.38366194e+03  1.39723175e-08  1.38366194e+03  1.40487602e-08 
 1.44887192e+03  1.38914816e-08  1.44887192e+03  1.39674726e-08 
 1.51715515e+03  1.38138424e-08  1.51715515e+03  1.38893991e-08 
 1.58865647e+03  1.37392879e-08  1.58865647e+03  1.38144271e-08 
 1.66352754e+03  1.36677094e-08  1.66352754e+03  1.37424470e-08 
 1.74192718e+03  1.35990008e-08  1.74192718e+03  1.36733522e-08 
 1.82402168e+03  1.35330590e-08  1.82402168e+03  1.36070390e-08 
 1.90998517e+03  1.34697838e-08  1.90998517e+03  1.35434064e-08 
 2.00000000e+03  1.34090779e-08  2.00000000e+03  1.34823565e-08 
 2.09425710e+03  1.33508466e-08  2.09425710e+03  1.34237940e-08 
 2.19295639e+03  1.32949982e-08  2.19295639e+03  1.33676267e-08 
 2.29630724e+03  1.32414437e-08  2.29630724e+03  1.33137647e-08 
 2.40452887e+03  1.31900967e-08  2.40452887e+03  1.32621214e-08 
 2.51785082e+03  1.31408735e-08  2.51785082e+03  1.32126123e-08 
 2.63651348e+03  1.30936932e-08  2.63651348e+03  1.31651560e-08 
 2.76076853e+03  1.30484773e-08  2.76076853e+03  1.31196733e-08 
 2.89087954e+03  1.30051499e-08  2.89087954e+03  1.30760878e-08 
 3.02712250e+03  1.29636376e-08  3.02712250e+03  1.30343255e-08 
 3.16978638e+03  1.29238694e-08  3.16978638e+03  1.29943149e-08 
 3.31917381e+03  1.28857768e-08  3.31917381e+03  1.29559868e-08 
 3.47560166e+03  1.28492934e-08  3.47560166e+03  1.29192743e-08 
 3.63940172e+03  1.28143553e-08  3.63940172e+03  1.28841129e-08 
 3.81092144e+03  1.27809009e-08  3.81092144e+03  1.28504403e-08 
 3.99052463e+03  1.27488704e-08  3.99052463e+03  1.28181963e-08 
 4.17859226e+03  1.27182066e-08  4.17859226e+03  1.27873229e-08 
 4.37552325e+03  1.26888540e-08  4.37552325e+03  1.27577639e-08 
 4.58173531e+03  1.26607593e-08  4.58173531e+03  1.27294654e-08 
 4.79766584e+03  1.26338711e-08  4.79766584e+03  1.27023754e-08 
 5.02377286e+03  1.26081399e-08  5.02377286e+03  1.26764435e-08 
 5.26053598e+03  1.25835180e-08  5.26053598e+03  1.26516214e-08 
 5.50845741e+03  1.25599597e-08  5.50845741e+03  1.26278624e-08 
 5.76806301e+03  1.25374207e-08  5.76806301e+03  1.26051216e-08 
 6.03990344e+03  1.25158586e-08  6.03990344e+03  1.25833556e-08 
 6.32455532e+03  1.24952327e-08  6.32455532e+03  1.25625227e-08 
 6.62262243e+03  1.24755037e-08  6.62262243e+03  1.25425828e-08 
 6.93473701e+03  1.24566340e-08  6.93473701e+03  1.25234969e-08 
 7.26156110e+03  1.24385873e-08  7.26156110e+03  1.25052279e-08 
 7.60378793e+03  1.24213288e-08  7.60378793e+03  1.24877396e-08 
 7.96214341e+03  1.24048252e-08  7.96214341e+03  1.24709974e-08 
 8.33738767e+03  1.23890444e-08  8.33738767e+03  1.24549679e-08 
 8.73031664e+03  1.23739556e-08  8.73031664e+03  1.24396185e-08 
 9.14176379e+03  1.23595292e-08  9.14176379e+03  1.24249183e-08 
 9.57260185e+03  1.23457370e-08  9.57260185e+03  1.24108371e-08 
 1.00237447e+04  1.23325517e-08  1.00237447e+04  1.23973457e-08 
 1.04961492e+04  1.23199472e-08  1.04961492e+04  1.23844161e-08 
 1.09908175e+04  1.23078986e-08  1.09908175e+04  1.23720208e-08 
 1.15087987e+04  1.22963819e-08  1.15087987e+04  1.23601335e-08 
 1.20511917e+04  1.22853740e-08  1.20511917e+04  1.23487284e-08 
 1.26191469e+04  1.22748530e-08  1.26191469e+04  1.23377807e-08 
 1.32138690e+04  1.22647977e-08  1.32138690e+04  1.23272660e-08 
 1.38366194e+04  1.22551879e-08  1.38366194e+04  1.23171607e-08 
 1.44887192e+04  1.22460042e-08  1.44887192e+04  1.23074414e-08 
 1.51715515e+04  1.22372280e-08  1.51715515e+04  1.22980857e-08 
 1.58865647e+04  1.22288415e-08  1.58865647e+04  1.22890710e-08 
 1.66352754e+04  1.22208278e-08  1.66352754e+04  1.22803756e-08 
 1.74192718e+04  1.22131703e-08  1.74192718e+04  1.22719777e-08 
 1.82402168e+04  1.22058535e-08  1.82402168e+04  1.22638559e-08 
 1.90998517e+04  1.21988625e-08  1.90998517e+04  1.22559888e-08 
 2.00000000e+04  1.21921828e-08  2.00000000e+04  1.22483551e-08 
