 2.00000000e+01  3.19765195e-08  2.00000000e+01  1.01838904e-08 
 2.09425710e+01  3.19076906e-08  2.09425710e+01  1.01616991e-08 
 2.19295639e+01  3.18418183e-08  2.19295639e+01  1.01404743e-08 
 2.29630724e+01  3.17787815e-08  2.29630724e+01  1.01201752e-08 
 2.40452887e+01  3.17184637e-08  2.40452887e+01  1.01007624e-08 
 2.51785082e+01  3.16607525e-08  2.51785082e+01  1.00821985e-08 
 2.63651348e+01  3.16055400e-08  2.63651348e+01  1.00644472e-08 
 2.76076853e+01  3.15527220e-08  2.76076853e+01  1.00474738e-08 
 2.89087954e+01  3.15021987e-08  2.89087954e+01  1.00312452e-08 
 3.02712250e+01  3.14538737e-08  3.02712250e+01  1.00157294e-08 
 3.16978638e+01  3.14076546e-08  3.16978638e+01  1.00008958e-08 
 3.31917381e+01  3.13634527e-08  3.31917381e+01  9.98671495e-09 
 3.47560166e+01  3.13211825e-08  3.47560166e+01  9.97315884e-09 
 3.63940172e+01  3.12807620e-08  3.63940172e+01  9.96020047e-09 
 3.81092144e+01  3.12421126e-08  3.81092144e+01  9.94781396e-09 
 3.99052463e+01  3.12051587e-08  3.99052463e+01  9.93597454e-09 
 4.17859226e+01  3.11698277e-08  4.17859226e+01  9.92465847e-09 
 4.37552325e+01  3.11360502e-08  4.37552325e+01  9.91384300e-09 
 4.58173531e+01  3.11037593e-08  4.58173531e+01  9.90350635e-09 
 4.79766584e+01  3.10728911e-08  4.79766584e+01  9.89362763e-09 
 5.02377286e+01  3.10433841e-08  5.02377286e+01  9.88418686e-09 
 5.26053598e+01  3.10151796e-08  5.26053598e+01  9.87516490e-09 
 5.50845741e+01  3.09882212e-08  5.50845741e+01  9.86654342e-09 
 5.76806301e+01  3.09624547e-08  5.76806301e+01  9.85830487e-09 
 6.03990344e+01  3.09378284e-08  6.03990344e+01  9.85043246e-09 
 6.32455532e+01  3.09142926e-08  6.32455532e+01  9.84291010e-09 
 6.62262243e+01  3.08917999e-08  6.62262243e+01  9.83572241e-09 
 6.93473701e+01  3.08703047e-08  6.93473701e+01  9.82885465e-09 
 7.26156110e+01  3.08497633e-08  7.26156110e+01  9.82229275e-09 
 7.60378793e+01  3.08301340e-08  7.60378793e+01  9.81602320e-09 
 7.96214341e+01  3.08113769e-08  7.96214341e+01  9.81003311e-09 
 8.33738767e+01  3.07934537e-08  8.33738767e+01  9.80431014e-09 
 8.73031664e+01  3.07763276e-08  8.73031664e+01  9.79884248e-09 
 9.14176379e+01  3.07599638e-08  9.14176379e+01  9.79361883e-09 
 9.57260185e+01  3.07443285e-08  9.57260185e+01  9.78862839e-09 
 1.00237447e+02  3.07293898e-08  1.00237447e+02  9.78386082e-09 
 1.04961492e+02  3.07151168e-08  1.04961492e+02  9.77930626e-09 
 1.09908175e+02  3.07014802e-08  1.09908175e+02  9.77495524e-09 
 1.15087987e+02  3.06884518e-08  1.15087987e+02  9.77079873e-09 
 1.20511917e+02  3.06760047e-08  1.20511917e+02  9.76682810e-09 
 1.26191469e+02  3.06641133e-08  1.26191469e+02  9.76303507e-09 
 1.32138690e+02  3.06527528e-08  1.32138690e+02  9.75941176e-09 
 1.38366194e+02  3.06418997e-08  1.38366194e+02  9.75595061e-09 
 1.44887192e+02  3.06315316e-08  1.44887192e+02  9.75264440e-09 
 1.51715515e+02  3.06216268e-08  1.51715515e+02  9.74948623e-09 
 1.58865647e+02  3.06121648e-08  1.58865647e+02  9.74646951e-09 
 1.66352754e+02  3.06031259e-08  1.66352754e+02  9.74358792e-09 
 1.74192718e+02  3.05944912e-08  1.74192718e+02  9.74083545e-09 
 1.82402168e+02  3.05862428e-08  1.82402168e+02  9.73820633e-09 
 1.90998517e+02  3.05783635e-08  1.90998517e+02  9.73569506e-09 
 2.00000000e+02  3.05708367e-08  2.00000000e+02  9.73329637e-09 
 2.09425710e+02  3.05636468e-08  2.09425710e+02  9.73100524e-09 
 2.19295639e+02  3.05567787e-08  2.19295639e+02  9.72881687e-09 
 2.29630724e+02  3.05502181e-08  2.29630724e+02  9.72672665e-09 
 2.40452887e+02  3.05439512e-08  2.40452887e+02  9.72473020e-09 
 2.51785082e+02  3.05379648e-08  2.51785082e+02  9.72282333e-09 
 2.63651348e+02  3.05322464e-08  2.63651348e+02  9.72100203e-09 
 2.76076853e+02  3.05267840e-08  2.76076853e+02  9.71926246e-09 
 2.89087954e+02  3.05215661e-08  2.89087954e+02  9.71760099e-09 
 3.02712250e+02  3.05165817e-08  3.02712250e+02  9.71601410e-09 
 3.16978638e+02  3.05118204e-08  3.16978638e+02  9.71449845e-09 
 3.31917381e+02  3.05072721e-08  3.31917381e+02  9.71305087e-09 
 3.47560166e+02  3.05029273e-08  3.47560166e+02  9.71166829e-09 
 3.63940172e+02  3.04987766e-08  3.63940172e+02  9.71034780e-09 
 3.81092144e+02  3.04948115e-08  3.81092144e+02  9.70908663e-09 
 3.99052463e+02  3.04910235e-08  3.99052463e+02  9.70788211e-09 
 4.17859226e+02  3.04874046e-08  4.17859226e+02  9.70673171e-09 
 4.37552325e+02  3.04839470e-08  4.37552325e+02  9.70563300e-09 
 4.58173531e+02  3.04806436e-08  4.58173531e+02  9.70458365e-09 
 4.79766584e+02  3.04774873e-08  4.79766584e+02  9.70358146e-09 
 5.02377286e+02  3.04744712e-08  5.02377286e+02  9.70262432e-09 
 5.26053598e+02  3.04715892e-08  5.26053598e+02  9.70171019e-09 
 5.50845741e+02  3.04688348e-08  5.50845741e+02  9.70083716e-09 
 5.76806301e+02  3.04662024e-08  5.76806301e+02  9.70000337e-09 
 6.03990344e+02  3.04636862e-08  6.03990344e+02  9.69920707e-09 
 6.32455532e+02  3.04612808e-08  6.32455532e+02  9.69844657e-09 
 6.62262243e+02  3.04589810e-08  6.62262243e+02  9.69772027e-09 
 6.93473701e+02  3.04567819e-08  6.93473701e+02  9.69702663e-09 
 7.26156110e+02  3.04546786e-08  7.26156110e+02  9.69636419e-09 
 7.60378793e+02  3.04526667e-08  7.60378793e+02  9.69573155e-09 
 7.96214341e+02  3.04507416e-08  7.96214341e+02  9.69512737e-09 
 8.33738767e+02  3.04488991e-08  8.33738767e+02  9.69455037e-09 
 8.73031664e+02  3.04471352e-08  8.73031664e+02  9.69399933e-09 
 9.14176379e+02  3.04454458e-08  9.14176379e+02  9.69347310e-09 
 9.57260185e+02  3.04438273e-08  9.57260185e+02  9.69297055e-09 
 1.00237447e+03  3.04422759e-08  1.00237447e+03  9.69249063e-09 
 1.04961492e+03  3.04407881e-08  1.04961492e+03  9.69203231e-09 
 1.09908175e+03  3.04393603e-08  1.09908175e+03  9.69159464e-09 
 1.15087987e+03  3.04379893e-08  1.15087987e+03  9.69117668e-09 
 1.20511917e+03  3.04366719e-08  1.20511917e+03  9.69077756e-09 
 1.26191469e+03  3.04354047e-08  1.26191469e+03  9.69039642e-09 
 1.32138690e+03  3.04341846e-08  1.32138690e+03  9.69003247e-09 
 1.38366194e+03  3.04330087e-08  1.38366194e+03  9.68968494e-09 
 1.44887192e+03  3.04318739e-08  1.44887192e+03  9.68935309e-09 
 1.51715515e+03  3.04307772e-08  1.51715515e+03  9.68903622e-09 
 1.58865647e+03  3.04297156e-08  1.58865647e+03  9.68873366e-09 
 1.66352754e+03  3.04286862e-08  1.66352754e+03  9.68844479e-09 
 1.74192718e+03  3.04276860e-08  1.74192718e+03  9.68816897e-09 
 1.82402168e+03  3.04267121e-08  1.82402168e+03  9.68790565e-09 
 1.90998517e+03  3.04257616e-08  1.90998517e+03  9.68765426e-09 
 2.00000000e+03  3.04248313e-08  2.00000000e+03  9.68741427e-09 
 2.09425710e+03  3.04239182e-08  2.09425710e+03  9.68718518e-09 
 2.19295639e+03  3.04230191e-08  2.19295639e+03  9.68696652e-09 
 2.29630724e+03  3.04221309e-08  2.29630724e+03  9.68675781e-09 
 2.40452887e+03  3.04212501e-08  2.40452887e+03  9.68655864e-09 
 2.51785082e+03  3.04203733e-08  2.51785082e+03  9.68636857e-09 
 2.63651348e+03  3.04194969e-08  2.63651348e+03  9.68618722e-09 
 2.76076853e+03  3.04186171e-08  2.76076853e+03  9.68601421e-09 
 2.89087954e+03  3.04177300e-08  2.89087954e+03  9.68584918e-09 
 3.02712250e+03  3.04168312e-08  3.02712250e+03  9.68569179e-09 
 3.16978638e+03  3.04159165e-08  3.16978638e+03  9.68554173e-09 
 3.31917381e+03  3.04149810e-08  3.31917381e+03  9.68539867e-09 
 3.47560166e+03  3.04140197e-08  3.47560166e+03  9.68526234e-09 
 3.63940172e+03  3.04130273e-08  3.63940172e+03  9.68513245e-09 
 3.81092144e+03  3.04119980e-08  3.81092144e+03  9.68500875e-09 
 3.99052463e+03  3.04109255e-08  3.99052463e+03  9.68489099e-09 
 4.17859226e+03  3.04098033e-08  4.17859226e+03  9.68477895e-09 
 4.37552325e+03  3.04086241e-08  4.37552325e+03  9.68467239e-09 
 4.58173531e+03  3.04073801e-08  4.58173531e+03  9.68457113e-09 
 4.79766584e+03  3.04060629e-08  4.79766584e+03  9.68447497e-09 
 5.02377286e+03  3.04046633e-08  5.02377286e+03  9.68438373e-09 
 5.26053598e+03  3.04031714e-08  5.26053598e+03  9.68429725e-09 
 5.50845741e+03  3.04015765e-08  5.50845741e+03  9.68421538e-09 
 5.76806301e+03  3.03998667e-08  5.76806301e+03  9.68413797e-09 
 6.03990344e+03  3.03980294e-08  6.03990344e+03  9.68406491e-09 
 6.32455532e+03  3.03960505e-08  6.32455532e+03  9.68399609e-09 
 6.62262243e+03  3.03939149e-08  6.62262243e+03  9.68393139e-09 
 6.93473701e+03  3.03916060e-08  6.93473701e+03  9.68387074e-09 
 7.26156110e+03  3.03891058e-08  7.26156110e+03  9.68381407e-09 
 7.60378793e+03  3.03863944e-08  7.60378793e+03  9.68376131e-09 
 7.96214341e+03  3.03834504e-08  7.96214341e+03  9.68371242e-09 
 8.33738767e+03  3.03802501e-08  8.33738767e+03  9.68366737e-09 
 8.73031664e+03  3.03767678e-08  8.73031664e+03  9.68362614e-09 
 9.14176379e+03  3.03729754e-08  9.14176379e+03  9.68358874e-09 
 9.57260185e+03  3.03688421e-08  9.57260185e+03  9.68355519e-09 
 1.00237447e+04  3.03643343e-08  1.00237447e+04  9.68352552e-09 
 1.04961492e+04  3.03594152e-08  1.04961492e+04  9.68349979e-09 
 1.09908175e+04  3.03540447e-08  1.09908175e+04  9.68347806e-09 
 1.15087987e+04  3.03481787e-08  1.15087987e+04  9.68346044e-09 
 1.20511917e+04  3.03417694e-08  1.20511917e+04  9.68344704e-09 
 1.26191469e+04  3.03347643e-08  1.26191469e+04  9.68343799e-09 
 1.32138690e+04  3.03271059e-08  1.32138690e+04  9.68343348e-09 
 1.38366194e+04  3.03187317e-08  1.38366194e+04  9.68343369e-09 
 1.44887192e+04  3.03095732e-08  1.44887192e+04  9.68343884e-09 
 1.51715515e+04  3.02995557e-08  1.51715515e+04  9.68344919e-09 
 1.58865647e+04  3.02885977e-08  1.58865647e+04  9.68346503e-09 
 1.66352754e+04  3.02766101e-08  1.66352754e+04  9.68348669e-09 
 1.74192718e+04  3.02634959e-08  1.74192718e+04  9.68351453e-09 
 1.82402168e+04  3.02491490e-08  1.82402168e+04  9.68354898e-09 
 1.90998517e+04  3.02334542e-08  1.90998517e+04  9.68359048e-09 
 2.00000000e+04  3.02162857e-08  2.00000000e+04  9.68363955e-09 
