 2.00000000e+01  8.05394796e+01 
 2.24403691e+01  8.10094686e+01 
 2.51785082e+01  8.14961918e+01 
 2.82507509e+01  8.19902712e+01 
 3.16978638e+01  8.24818631e+01 
 3.55655882e+01  8.29613043e+01 
 3.99052463e+01  8.34197399e+01 
 4.47744228e+01  8.38496669e+01 
 5.02377286e+01  8.42453347e+01 
 5.63676586e+01  8.46029597e+01 
 6.32455532e+01  8.49207393e+01 
 7.09626778e+01  8.51986821e+01 
 7.96214341e+01  8.54382987e+01 
 8.93367184e+01  8.56422173e+01 
 1.00237447e+02  8.58137856e+01 
 1.12468265e+02  8.59567099e+01 
 1.26191469e+02  8.60747626e+01 
 1.41589157e+02  8.61715691e+01 
 1.58865647e+02  8.62504702e+01 
 1.78250188e+02  8.63144481e+01 
 2.00000000e+02  8.63660994e+01 
 2.24403691e+02  8.64076419e+01 
 2.51785082e+02  8.64409399e+01 
 2.82507509e+02  8.64675414e+01 
 3.16978638e+02  8.64887175e+01 
 3.55655882e+02  8.65055026e+01 
 3.99052463e+02  8.65187308e+01 
 4.47744228e+02  8.65290687e+01 
 5.02377286e+02  8.65370423e+01 
 5.63676586e+02  8.65430611e+01 
 6.32455532e+02  8.65474359e+01 
 7.09626778e+02  8.65503936e+01 
 7.96214341e+02  8.65520879e+01 
 8.93367184e+02  8.65526071e+01 
 1.00237447e+03  8.65519777e+01 
 1.12468265e+03  8.65501662e+01 
 1.26191469e+03  8.65470768e+01 
 1.41589157e+03  8.65425470e+01 
 1.58865647e+03  8.65363387e+01 
 1.78250188e+03  8.65281270e+01 
 2.00000000e+03  8.65174833e+01 
 2.24403691e+03  8.65038547e+01 
 2.51785082e+03  8.64865377e+01 
 2.82507509e+03  8.64646448e+01 
 3.16978638e+03  8.64370649e+01 
 3.55655882e+03  8.64024147e+01 
 3.99052463e+03  8.63589826e+01 
 4.47744228e+03  8.63046635e+01 
 5.02377286e+03  8.62368864e+01 
 5.63676586e+03  8.61525370e+01 
 6.32455532e+03  8.60478798e+01 
 7.09626778e+03  8.59184879e+01 
 7.96214341e+03  8.57591898e+01 
 8.93367184e+03  8.55640494e+01 
 1.00237447e+04  8.53263933e+01 
 1.12468265e+04  8.50389051e+01 
 1.26191469e+04  8.46937956e+01 
 1.41589157e+04  8.42830557e+01 
 1.58865647e+04  8.37987776e+01 
 1.78250188e+04  8.32335210e+01 
 2.00000000e+04  8.25806845e+01 
 2.24403691e+04  8.18348421e+01 
 2.51785082e+04  8.09920154e+01 
 2.82507509e+04  8.00498653e+01 
 3.16978638e+04  7.90078077e+01 
 3.55655882e+04  7.78670607e+01 
 3.99052463e+04  7.66306287e+01 
 4.47744228e+04  7.53032190e+01 
 5.02377286e+04  7.38910826e+01 
 5.63676586e+04  7.24017749e+01 
 6.32455532e+04  7.08438512e+01 
 7.09626778e+04  6.92265237e+01 
 7.96214341e+04  6.75593170e+01 
 8.93367184e+04  6.58517570e+01 
 1.00237447e+05  6.41131103e+01 
 1.12468265e+05  6.23521781e+01 
 1.26191469e+05  6.05771309e+01 
 1.41589157e+05  5.87953623e+01 
 1.58865647e+05  5.70133425e+01 
 1.78250188e+05  5.52364580e+01 
 2.00000000e+05  5.34688470e+01 
