 1.00000000e+00  6.80536969e+01  1.00000000e+00  1.79451876e+02 
 1.02329299e+00  6.80535228e+01  1.02329299e+00  1.79441317e+02 
 1.04712855e+00  6.80533526e+01  1.04712855e+00  1.79430500e+02 
 1.07151931e+00  6.80531863e+01  1.07151931e+00  1.79419416e+02 
 1.09647820e+00  6.80530238e+01  1.09647820e+00  1.79408060e+02 
 1.12201845e+00  6.80528650e+01  1.12201845e+00  1.79396422e+02 
 1.14815362e+00  6.80527099e+01  1.14815362e+00  1.79384496e+02 
 1.17489755e+00  6.80525583e+01  1.17489755e+00  1.79372273e+02 
 1.20226443e+00  6.80524102e+01  1.20226443e+00  1.79359746e+02 
 1.23026877e+00  6.80522653e+01  1.23026877e+00  1.79346907e+02 
 1.25892541e+00  6.80521237e+01  1.25892541e+00  1.79333747e+02 
 1.28824955e+00  6.80519852e+01  1.28824955e+00  1.79320259e+02 
 1.31825674e+00  6.80518497e+01  1.31825674e+00  1.79306434e+02 
 1.34896288e+00  6.80517170e+01  1.34896288e+00  1.79292263e+02 
 1.38038426e+00  6.80515870e+01  1.38038426e+00  1.79277738e+02 
 1.41253754e+00  6.80514596e+01  1.41253754e+00  1.79262850e+02 
 1.44543977e+00  6.80513346e+01  1.44543977e+00  1.79247590e+02 
 1.47910839e+00  6.80512119e+01  1.47910839e+00  1.79231949e+02 
 1.51356125e+00  6.80510913e+01  1.51356125e+00  1.79215918e+02 
 1.54881662e+00  6.80509727e+01  1.54881662e+00  1.79199487e+02 
 1.58489319e+00  6.80508560e+01  1.58489319e+00  1.79182647e+02 
 1.62181010e+00  6.80507408e+01  1.62181010e+00  1.79165387e+02 
 1.65958691e+00  6.80506272e+01  1.65958691e+00  1.79147699e+02 
 1.69824365e+00  6.80505149e+01  1.69824365e+00  1.79129572e+02 
 1.73780083e+00  6.80504038e+01  1.73780083e+00  1.79110995e+02 
 1.77827941e+00  6.80502937e+01  1.77827941e+00  1.79091958e+02 
 1.81970086e+00  6.80501843e+01  1.81970086e+00  1.79072451e+02 
 1.86208714e+00  6.80500757e+01  1.86208714e+00  1.79052462e+02 
 1.90546072e+00  6.80499675e+01  1.90546072e+00  1.79031980e+02 
 1.94984460e+00  6.80498595e+01  1.94984460e+00  1.79010994e+02 
 1.99526231e+00  6.80497517e+01  1.99526231e+00  1.78989492e+02 
 2.04173794e+00  6.80496437e+01  2.04173794e+00  1.78967462e+02 
 2.08929613e+00  6.80495355e+01  2.08929613e+00  1.78944892e+02 
 2.13796209e+00  6.80494268e+01  2.13796209e+00  1.78921769e+02 
 2.18776162e+00  6.80493174e+01  2.18776162e+00  1.78898082e+02 
 2.23872114e+00  6.80492071e+01  2.23872114e+00  1.78873816e+02 
 2.29086765e+00  6.80490957e+01  2.29086765e+00  1.78848960e+02 
 2.34422882e+00  6.80489830e+01  2.34422882e+00  1.78823498e+02 
 2.39883292e+00  6.80488688e+01  2.39883292e+00  1.78797418e+02 
 2.45470892e+00  6.80487528e+01  2.45470892e+00  1.78770705e+02 
 2.51188643e+00  6.80486349e+01  2.51188643e+00  1.78743345e+02 
 2.57039578e+00  6.80485147e+01  2.57039578e+00  1.78715323e+02 
 2.63026799e+00  6.80483921e+01  2.63026799e+00  1.78686624e+02 
 2.69153480e+00  6.80482668e+01  2.69153480e+00  1.78657233e+02 
 2.75422870e+00  6.80481385e+01  2.75422870e+00  1.78627133e+02 
 2.81838293e+00  6.80480070e+01  2.81838293e+00  1.78596308e+02 
 2.88403150e+00  6.80478721e+01  2.88403150e+00  1.78564743e+02 
 2.95120923e+00  6.80477334e+01  2.95120923e+00  1.78532419e+02 
 3.01995172e+00  6.80475906e+01  3.01995172e+00  1.78499321e+02 
 3.09029543e+00  6.80474435e+01  3.09029543e+00  1.78465429e+02 
 3.16227766e+00  6.80472917e+01  3.16227766e+00  1.78430726e+02 
 3.23593657e+00  6.80471350e+01  3.23593657e+00  1.78395193e+02 
 3.31131121e+00  6.80469730e+01  3.31131121e+00  1.78358812e+02 
 3.38844156e+00  6.80468053e+01  3.38844156e+00  1.78321563e+02 
 3.46736850e+00  6.80466316e+01  3.46736850e+00  1.78283426e+02 
 3.54813389e+00  6.80464516e+01  3.54813389e+00  1.78244381e+02 
 3.63078055e+00  6.80462648e+01  3.63078055e+00  1.78204407e+02 
 3.71535229e+00  6.80460709e+01  3.71535229e+00  1.78163482e+02 
 3.80189396e+00  6.80458695e+01  3.80189396e+00  1.78121586e+02 
 3.89045145e+00  6.80456600e+01  3.89045145e+00  1.78078696e+02 
 3.98107171e+00  6.80454422e+01  3.98107171e+00  1.78034788e+02 
 4.07380278e+00  6.80452154e+01  4.07380278e+00  1.77989840e+02 
 4.16869383e+00  6.80449793e+01  4.16869383e+00  1.77943828e+02 
 4.26579519e+00  6.80447332e+01  4.26579519e+00  1.77896727e+02 
 4.36515832e+00  6.80444768e+01  4.36515832e+00  1.77848512e+02 
 4.46683592e+00  6.80442094e+01  4.46683592e+00  1.77799158e+02 
 4.57088190e+00  6.80439304e+01  4.57088190e+00  1.77748639e+02 
 4.67735141e+00  6.80436393e+01  4.67735141e+00  1.77696928e+02 
 4.78630092e+00  6.80433354e+01  4.78630092e+00  1.77643997e+02 
 4.89778819e+00  6.80430181e+01  4.89778819e+00  1.77589819e+02 
 5.01187234e+00  6.80426867e+01  5.01187234e+00  1.77534365e+02 
 5.12861384e+00  6.80423405e+01  5.12861384e+00  1.77477605e+02 
 5.24807460e+00  6.80419786e+01  5.24807460e+00  1.77419509e+02 
 5.37031796e+00  6.80416004e+01  5.37031796e+00  1.77360047e+02 
 5.49540874e+00  6.80412050e+01  5.49540874e+00  1.77299187e+02 
 5.62341325e+00  6.80407915e+01  5.62341325e+00  1.77236898e+02 
 5.75439937e+00  6.80403591e+01  5.75439937e+00  1.77173146e+02 
 5.88843655e+00  6.80399068e+01  5.88843655e+00  1.77107897e+02 
 6.02559586e+00  6.80394336e+01  6.02559586e+00  1.77041118e+02 
 6.16595002e+00  6.80389384e+01  6.16595002e+00  1.76972773e+02 
 6.30957344e+00  6.80384203e+01  6.30957344e+00  1.76902825e+02 
 6.45654229e+00  6.80378780e+01  6.45654229e+00  1.76831239e+02 
 6.60693448e+00  6.80373104e+01  6.60693448e+00  1.76757976e+02 
 6.76082975e+00  6.80367162e+01  6.76082975e+00  1.76682999e+02 
 6.91830971e+00  6.80360941e+01  6.91830971e+00  1.76606266e+02 
 7.07945784e+00  6.80354428e+01  7.07945784e+00  1.76527739e+02 
 7.24435960e+00  6.80347608e+01  7.24435960e+00  1.76447377e+02 
 7.41310241e+00  6.80340466e+01  7.41310241e+00  1.76365136e+02 
 7.58577575e+00  6.80332986e+01  7.58577575e+00  1.76280974e+02 
 7.76247117e+00  6.80325153e+01  7.76247117e+00  1.76194846e+02 
 7.94328235e+00  6.80316947e+01  7.94328235e+00  1.76106709e+02 
 8.12830516e+00  6.80308352e+01  8.12830516e+00  1.76016515e+02 
 8.31763771e+00  6.80299349e+01  8.31763771e+00  1.75924218e+02 
 8.51138038e+00  6.80289916e+01  8.51138038e+00  1.75829770e+02 
 8.70963590e+00  6.80280034e+01  8.70963590e+00  1.75733121e+02 
 8.91250938e+00  6.80269680e+01  8.91250938e+00  1.75634222e+02 
 9.12010839e+00  6.80258832e+01  9.12010839e+00  1.75533020e+02 
 9.33254301e+00  6.80247464e+01  9.33254301e+00  1.75429465e+02 
 9.54992586e+00  6.80235553e+01  9.54992586e+00  1.75323501e+02 
 9.77237221e+00  6.80223071e+01  9.77237221e+00  1.75215075e+02 
 1.00000000e+01  6.80209990e+01  1.00000000e+01  1.75104131e+02 
 1.02329299e+01  6.80196282e+01  1.02329299e+01  1.74990612e+02 
 1.04712855e+01  6.80181915e+01  1.04712855e+01  1.74874459e+02 
 1.07151931e+01  6.80166858e+01  1.07151931e+01  1.74755614e+02 
 1.09647820e+01  6.80151077e+01  1.09647820e+01  1.74634015e+02 
 1.12201845e+01  6.80134536e+01  1.12201845e+01  1.74509602e+02 
 1.14815362e+01  6.80117199e+01  1.14815362e+01  1.74382310e+02 
 1.17489755e+01  6.80099027e+01  1.17489755e+01  1.74252077e+02 
 1.20226443e+01  6.80079979e+01  1.20226443e+01  1.74118835e+02 
 1.23026877e+01  6.80060013e+01  1.23026877e+01  1.73982519e+02 
 1.25892541e+01  6.80039084e+01  1.25892541e+01  1.73843061e+02 
 1.28824955e+01  6.80017146e+01  1.28824955e+01  1.73700390e+02 
 1.31825674e+01  6.79994149e+01  1.31825674e+01  1.73554437e+02 
 1.34896288e+01  6.79970042e+01  1.34896288e+01  1.73405130e+02 
 1.38038426e+01  6.79944772e+01  1.38038426e+01  1.73252395e+02 
 1.41253754e+01  6.79918283e+01  1.41253754e+01  1.73096159e+02 
 1.44543977e+01  6.79890515e+01  1.44543977e+01  1.72936345e+02 
 1.47910839e+01  6.79861407e+01  1.47910839e+01  1.72772876e+02 
 1.51356125e+01  6.79830895e+01  1.51356125e+01  1.72605675e+02 
 1.54881662e+01  6.79798911e+01  1.54881662e+01  1.72434662e+02 
 1.58489319e+01  6.79765385e+01  1.58489319e+01  1.72259756e+02 
 1.62181010e+01  6.79730243e+01  1.62181010e+01  1.72080875e+02 
 1.65958691e+01  6.79693409e+01  1.65958691e+01  1.71897937e+02 
 1.69824365e+01  6.79654802e+01  1.69824365e+01  1.71710856e+02 
 1.73780083e+01  6.79614337e+01  1.73780083e+01  1.71519549e+02 
 1.77827941e+01  6.79571928e+01  1.77827941e+01  1.71323927e+02 
 1.81970086e+01  6.79527482e+01  1.81970086e+01  1.71123905e+02 
 1.86208714e+01  6.79480904e+01  1.86208714e+01  1.70919393e+02 
 1.90546072e+01  6.79432094e+01  1.90546072e+01  1.70710302e+02 
 1.94984460e+01  6.79380948e+01  1.94984460e+01  1.70496541e+02 
 1.99526231e+01  6.79327357e+01  1.99526231e+01  1.70278019e+02 
 2.04173794e+01  6.79271209e+01  2.04173794e+01  1.70054645e+02 
 2.08929613e+01  6.79212385e+01  2.08929613e+01  1.69826324e+02 
 2.13796209e+01  6.79150763e+01  2.13796209e+01  1.69592964e+02 
 2.18776162e+01  6.79086214e+01  2.18776162e+01  1.69354471e+02 
 2.23872114e+01  6.79018607e+01  2.23872114e+01  1.69110750e+02 
 2.29086765e+01  6.78947803e+01  2.29086765e+01  1.68861705e+02 
 2.34422882e+01  6.78873656e+01  2.34422882e+01  1.68607242e+02 
 2.39883292e+01  6.78796019e+01  2.39883292e+01  1.68347265e+02 
 2.45470892e+01  6.78714736e+01  2.45470892e+01  1.68081679e+02 
 2.51188643e+01  6.78629645e+01  2.51188643e+01  1.67810386e+02 
 2.57039578e+01  6.78540579e+01  2.57039578e+01  1.67533293e+02 
 2.63026799e+01  6.78447363e+01  2.63026799e+01  1.67250303e+02 
 2.69153480e+01  6.78349818e+01  2.69153480e+01  1.66961321e+02 
 2.75422870e+01  6.78247757e+01  2.75422870e+01  1.66666254e+02 
 2.81838293e+01  6.78140986e+01  2.81838293e+01  1.66365007e+02 
 2.88403150e+01  6.78029303e+01  2.88403150e+01  1.66057488e+02 
 2.95120923e+01  6.77912503e+01  2.95120923e+01  1.65743605e+02 
 3.01995172e+01  6.77790369e+01  3.01995172e+01  1.65423268e+02 
 3.09029543e+01  6.77662680e+01  3.09029543e+01  1.65096387e+02 
 3.16227766e+01  6.77529206e+01  3.16227766e+01  1.64762875e+02 
 3.23593657e+01  6.77389710e+01  3.23593657e+01  1.64422646e+02 
 3.31131121e+01  6.77243947e+01  3.31131121e+01  1.64075618e+02 
 3.38844156e+01  6.77091665e+01  3.38844156e+01  1.63721709e+02 
 3.46736850e+01  6.76932603e+01  3.46736850e+01  1.63360840e+02 
 3.54813389e+01  6.76766493e+01  3.54813389e+01  1.62992937e+02 
 3.63078055e+01  6.76593060e+01  3.63078055e+01  1.62617926e+02 
 3.71535229e+01  6.76412019e+01  3.71535229e+01  1.62235739e+02 
 3.80189396e+01  6.76223077e+01  3.80189396e+01  1.61846311e+02 
 3.89045145e+01  6.76025936e+01  3.89045145e+01  1.61449581e+02 
 3.98107171e+01  6.75820286e+01  3.98107171e+01  1.61045491e+02 
 4.07380278e+01  6.75605813e+01  4.07380278e+01  1.60633990e+02 
 4.16869383e+01  6.75382192e+01  4.16869383e+01  1.60215031e+02 
 4.26579519e+01  6.75149093e+01  4.26579519e+01  1.59788573e+02 
 4.36515832e+01  6.74906176e+01  4.36515832e+01  1.59354579e+02 
 4.46683592e+01  6.74653096e+01  4.46683592e+01  1.58913020e+02 
 4.57088190e+01  6.74389498e+01  4.57088190e+01  1.58463874e+02 
 4.67735141e+01  6.74115024e+01  4.67735141e+01  1.58007123e+02 
 4.78630092e+01  6.73829305e+01  4.78630092e+01  1.57542760e+02 
 4.89778819e+01  6.73531969e+01  4.89778819e+01  1.57070783e+02 
 5.01187234e+01  6.73222637e+01  5.01187234e+01  1.56591200e+02 
 5.12861384e+01  6.72900925e+01  5.12861384e+01  1.56104025e+02 
 5.24807460e+01  6.72566443e+01  5.24807460e+01  1.55609283e+02 
 5.37031796e+01  6.72218797e+01  5.37031796e+01  1.55107007e+02 
 5.49540874e+01  6.71857589e+01  5.49540874e+01  1.54597241e+02 
 5.62341325e+01  6.71482419e+01  5.62341325e+01  1.54080037e+02 
 5.75439937e+01  6.71092881e+01  5.75439937e+01  1.53555459e+02 
 5.88843655e+01  6.70688571e+01  5.88843655e+01  1.53023582e+02 
 6.02559586e+01  6.70269082e+01  6.02559586e+01  1.52484488e+02 
 6.16595002e+01  6.69834005e+01  6.16595002e+01  1.51938275e+02 
 6.30957344e+01  6.69382935e+01  6.30957344e+01  1.51385050e+02 
 6.45654229e+01  6.68915465e+01  6.45654229e+01  1.50824932e+02 
 6.60693448e+01  6.68431192e+01  6.60693448e+01  1.50258053e+02 
 6.76082975e+01  6.67929717e+01  6.76082975e+01  1.49684553e+02 
 6.91830971e+01  6.67410644e+01  6.91830971e+01  1.49104590e+02 
 7.07945784e+01  6.66873582e+01  7.07945784e+01  1.48518330e+02 
 7.24435960e+01  6.66318148e+01  7.24435960e+01  1.47925953e+02 
 7.41310241e+01  6.65743966e+01  7.41310241e+01  1.47327649e+02 
 7.58577575e+01  6.65150668e+01  7.58577575e+01  1.46723623e+02 
 7.76247117e+01  6.64537895e+01  7.76247117e+01  1.46114091e+02 
 7.94328235e+01  6.63905302e+01  7.94328235e+01  1.45499280e+02 
 8.12830516e+01  6.63252554e+01  8.12830516e+01  1.44879429e+02 
 8.31763771e+01  6.62579328e+01  8.31763771e+01  1.44254789e+02 
 8.51138038e+01  6.61885318e+01  8.51138038e+01  1.43625620e+02 
 8.70963590e+01  6.61170233e+01  8.70963590e+01  1.42992195e+02 
 8.91250938e+01  6.60433796e+01  8.91250938e+01  1.42354796e+02 
 9.12010839e+01  6.59675751e+01  9.12010839e+01  1.41713715e+02 
 9.33254301e+01  6.58895858e+01  9.33254301e+01  1.41069251e+02 
 9.54992586e+01  6.58093897e+01  9.54992586e+01  1.40421714e+02 
 9.77237221e+01  6.57269668e+01  9.77237221e+01  1.39771421e+02 
 1.00000000e+02  6.56422994e+01  1.00000000e+02  1.39118695e+02 
 1.02329299e+02  6.55553718e+01  1.02329299e+02  1.38463866e+02 
 1.04712855e+02  6.54661706e+01  1.04712855e+02  1.37807270e+02 
 1.07151931e+02  6.53746846e+01  1.07151931e+02  1.37149247e+02 
 1.09647820e+02  6.52809052e+01  1.09647820e+02  1.36490140e+02 
 1.12201845e+02  6.51848259e+01  1.12201845e+02  1.35830296e+02 
 1.14815362e+02  6.50864428e+01  1.14815362e+02  1.35170063e+02 
 1.17489755e+02  6.49857544e+01  1.17489755e+02  1.34509792e+02 
 1.20226443e+02  6.48827616e+01  1.20226443e+02  1.33849832e+02 
 1.23026877e+02  6.47774677e+01  1.23026877e+02  1.33190532e+02 
 1.25892541e+02  6.46698784e+01  1.25892541e+02  1.32532240e+02 
 1.28824955e+02  6.45600021e+01  1.28824955e+02  1.31875300e+02 
 1.31825674e+02  6.44478491e+01  1.31825674e+02  1.31220053e+02 
 1.34896288e+02  6.43334323e+01  1.34896288e+02  1.30566836e+02 
 1.38038426e+02  6.42167668e+01  1.38038426e+02  1.29915981e+02 
 1.41253754e+02  6.40978700e+01  1.41253754e+02  1.29267814e+02 
 1.44543977e+02  6.39767612e+01  1.44543977e+02  1.28622652e+02 
 1.47910839e+02  6.38534621e+01  1.47910839e+02  1.27980808e+02 
 1.51356125e+02  6.37279960e+01  1.51356125e+02  1.27342584e+02 
 1.54881662e+02  6.36003883e+01  1.54881662e+02  1.26708274e+02 
 1.58489319e+02  6.34706662e+01  1.58489319e+02  1.26078164e+02 
 1.62181010e+02  6.33388585e+01  1.62181010e+02  1.25452527e+02 
 1.65958691e+02  6.32049955e+01  1.65958691e+02  1.24831629e+02 
 1.69824365e+02  6.30691092e+01  1.69824365e+02  1.24215722e+02 
 1.73780083e+02  6.29312328e+01  1.73780083e+02  1.23605049e+02 
 1.77827941e+02  6.27914007e+01  1.77827941e+02  1.22999841e+02 
 1.81970086e+02  6.26496486e+01  1.81970086e+02  1.22400315e+02 
 1.86208714e+02  6.25060131e+01  1.86208714e+02  1.21806680e+02 
 1.90546072e+02  6.23605317e+01  1.90546072e+02  1.21219130e+02 
 1.94984460e+02  6.22132426e+01  1.94984460e+02  1.20637846e+02 
 1.99526231e+02  6.20641849e+01  1.99526231e+02  1.20063000e+02 
 2.04173794e+02  6.19133982e+01  2.04173794e+02  1.19494749e+02 
 2.08929613e+02  6.17609223e+01  2.08929613e+02  1.18933240e+02 
 2.13796209e+02  6.16067977e+01  2.13796209e+02  1.18378605e+02 
 2.18776162e+02  6.14510651e+01  2.18776162e+02  1.17830967e+02 
 2.23872114e+02  6.12937651e+01  2.23872114e+02  1.17290435e+02 
 2.29086765e+02  6.11349386e+01  2.29086765e+02  1.16757107e+02 
 2.34422882e+02  6.09746264e+01  2.34422882e+02  1.16231072e+02 
 2.39883292e+02  6.08128693e+01  2.39883292e+02  1.15712404e+02 
 2.45470892e+02  6.06497078e+01  2.45470892e+02  1.15201169e+02 
 2.51188643e+02  6.04851821e+01  2.51188643e+02  1.14697422e+02 
 2.57039578e+02  6.03193322e+01  2.57039578e+02  1.14201208e+02 
 2.63026799e+02  6.01521978e+01  2.63026799e+02  1.13712561e+02 
 2.69153480e+02  5.99838178e+01  2.69153480e+02  1.13231507e+02 
 2.75422870e+02  5.98142309e+01  2.75422870e+02  1.12758063e+02 
 2.81838293e+02  5.96434753e+01  2.81838293e+02  1.12292237e+02 
 2.88403150e+02  5.94715883e+01  2.88403150e+02  1.11834028e+02 
 2.95120923e+02  5.92986068e+01  2.95120923e+02  1.11383429e+02 
 3.01995172e+02  5.91245671e+01  3.01995172e+02  1.10940424e+02 
 3.09029543e+02  5.89495045e+01  3.09029543e+02  1.10504991e+02 
 3.16227766e+02  5.87734539e+01  3.16227766e+02  1.10077100e+02 
 3.23593657e+02  5.85964493e+01  3.23593657e+02  1.09656716e+02 
 3.31131121e+02  5.84185238e+01  3.31131121e+02  1.09243798e+02 
 3.38844156e+02  5.82397100e+01  3.38844156e+02  1.08838299e+02 
 3.46736850e+02  5.80600396e+01  3.46736850e+02  1.08440167e+02 
 3.54813389e+02  5.78795434e+01  3.54813389e+02  1.08049346e+02 
 3.63078055e+02  5.76982514e+01  3.63078055e+02  1.07665773e+02 
 3.71535229e+02  5.75161929e+01  3.71535229e+02  1.07289385e+02 
 3.80189396e+02  5.73333964e+01  3.80189396e+02  1.06920111e+02 
 3.89045145e+02  5.71498894e+01  3.89045145e+02  1.06557880e+02 
 3.98107171e+02  5.69656987e+01  3.98107171e+02  1.06202616e+02 
 4.07380278e+02  5.67808504e+01  4.07380278e+02  1.05854241e+02 
 4.16869383e+02  5.65953697e+01  4.16869383e+02  1.05512672e+02 
 4.26579519e+02  5.64092809e+01  4.26579519e+02  1.05177828e+02 
 4.36515832e+02  5.62226078e+01  4.36515832e+02  1.04849622e+02 
 4.46683592e+02  5.60353731e+01  4.46683592e+02  1.04527968e+02 
 4.57088190e+02  5.58475991e+01  4.57088190e+02  1.04212776e+02 
 4.67735141e+02  5.56593069e+01  4.67735141e+02  1.03903957e+02 
 4.78630092e+02  5.54705174e+01  4.78630092e+02  1.03601419e+02 
 4.89778819e+02  5.52812505e+01  4.89778819e+02  1.03305069e+02 
 5.01187234e+02  5.50915253e+01  5.01187234e+02  1.03014815e+02 
 5.12861384e+02  5.49013604e+01  5.12861384e+02  1.02730563e+02 
 5.24807460e+02  5.47107737e+01  5.24807460e+02  1.02452218e+02 
 5.37031796e+02  5.45197825e+01  5.37031796e+02  1.02179687e+02 
 5.49540874e+02  5.43284033e+01  5.49540874e+02  1.01912875e+02 
 5.62341325e+02  5.41366522e+01  5.62341325e+02  1.01651687e+02 
 5.75439937e+02  5.39445445e+01  5.75439937e+02  1.01396028e+02 
 5.88843655e+02  5.37520950e+01  5.88843655e+02  1.01145805e+02 
 6.02559586e+02  5.35593181e+01  6.02559586e+02  1.00900923e+02 
 6.16595002e+02  5.33662273e+01  6.16595002e+02  1.00661290e+02 
 6.30957344e+02  5.31728358e+01  6.30957344e+02  1.00426811e+02 
 6.45654229e+02  5.29791564e+01  6.45654229e+02  1.00197395e+02 
 6.60693448e+02  5.27852012e+01  6.60693448e+02  9.99729494e+01 
 6.76082975e+02  5.25909818e+01  6.76082975e+02  9.97533841e+01 
 6.91830971e+02  5.23965095e+01  6.91830971e+02  9.95386087e+01 
 7.07945784e+02  5.22017951e+01  7.07945784e+02  9.93285340e+01 
 7.24435960e+02  5.20068489e+01  7.24435960e+02  9.91230716e+01 
 7.41310241e+02  5.18116808e+01  7.41310241e+02  9.89221342e+01 
 7.58577575e+02  5.16163003e+01  7.58577575e+02  9.87256356e+01 
 7.76247117e+02  5.14207166e+01  7.76247117e+02  9.85334905e+01 
 7.94328235e+02  5.12249384e+01  7.94328235e+02  9.83456149e+01 
 8.12830516e+02  5.10289741e+01  8.12830516e+02  9.81619256e+01 
 8.31763771e+02  5.08328318e+01  8.31763771e+02  9.79823408e+01 
 8.51138038e+02  5.06365191e+01  8.51138038e+02  9.78067800e+01 
 8.70963590e+02  5.04400436e+01  8.70963590e+02  9.76351636e+01 
 8.91250938e+02  5.02434122e+01  8.91250938e+02  9.74674133e+01 
 9.12010839e+02  5.00466317e+01  9.12010839e+02  9.73034522e+01 
 9.33254301e+02  4.98497087e+01  9.33254301e+02  9.71432044e+01 
 9.54992586e+02  4.96526494e+01  9.54992586e+02  9.69865955e+01 
 9.77237221e+02  4.94554598e+01  9.77237221e+02  9.68335520e+01 
 1.00000000e+03  4.92581454e+01  1.00000000e+03  9.66840021e+01 
 1.02329299e+03  4.90607120e+01  1.02329299e+03  9.65378749e+01 
 1.04712855e+03  4.88631645e+01  1.04712855e+03  9.63951009e+01 
 1.07151931e+03  4.86655082e+01  1.07151931e+03  9.62556119e+01 
 1.09647820e+03  4.84677477e+01  1.09647820e+03  9.61193408e+01 
 1.12201845e+03  4.82698878e+01  1.12201845e+03  9.59862220e+01 
 1.14815362e+03  4.80719326e+01  1.14815362e+03  9.58561909e+01 
 1.17489755e+03  4.78738866e+01  1.17489755e+03  9.57291844e+01 
 1.20226443e+03  4.76757536e+01  1.20226443e+03  9.56051402e+01 
 1.23026877e+03  4.74775376e+01  1.23026877e+03  9.54839977e+01 
 1.25892541e+03  4.72792422e+01  1.25892541e+03  9.53656973e+01 
 1.28824955e+03  4.70808709e+01  1.28824955e+03  9.52501806e+01 
 1.31825674e+03  4.68824272e+01  1.31825674e+03  9.51373903e+01 
 1.34896288e+03  4.66839142e+01  1.34896288e+03  9.50272705e+01 
 1.38038426e+03  4.64853350e+01  1.38038426e+03  9.49197663e+01 
 1.41253754e+03  4.62866927e+01  1.41253754e+03  9.48148240e+01 
 1.44543977e+03  4.60879899e+01  1.44543977e+03  9.47123911e+01 
 1.47910839e+03  4.58892294e+01  1.47910839e+03  9.46124161e+01 
 1.51356125e+03  4.56904139e+01  1.51356125e+03  9.45148487e+01 
 1.54881662e+03  4.54915456e+01  1.54881662e+03  9.44196397e+01 
 1.58489319e+03  4.52926271e+01  1.58489319e+03  9.43267410e+01 
 1.62181010e+03  4.50936606e+01  1.62181010e+03  9.42361054e+01 
 1.65958691e+03  4.48946481e+01  1.65958691e+03  9.41476871e+01 
 1.69824365e+03  4.46955919e+01  1.69824365e+03  9.40614410e+01 
 1.73780083e+03  4.44964938e+01  1.73780083e+03  9.39773232e+01 
 1.77827941e+03  4.42973558e+01  1.77827941e+03  9.38952907e+01 
 1.81970086e+03  4.40981796e+01  1.81970086e+03  9.38153016e+01 
 1.86208714e+03  4.38989670e+01  1.86208714e+03  9.37373150e+01 
 1.90546072e+03  4.36997197e+01  1.90546072e+03  9.36612909e+01 
 1.94984460e+03  4.35004392e+01  1.94984460e+03  9.35871901e+01 
 1.99526231e+03  4.33011269e+01  1.99526231e+03  9.35149747e+01 
 2.04173794e+03  4.31017845e+01  2.04173794e+03  9.34446075e+01 
 2.08929613e+03  4.29024132e+01  2.08929613e+03  9.33760521e+01 
 2.13796209e+03  4.27030144e+01  2.13796209e+03  9.33092731e+01 
 2.18776162e+03  4.25035893e+01  2.18776162e+03  9.32442361e+01 
 2.23872114e+03  4.23041391e+01  2.23872114e+03  9.31809075e+01 
 2.29086765e+03  4.21046651e+01  2.29086765e+03  9.31192543e+01 
 2.34422882e+03  4.19051682e+01  2.34422882e+03  9.30592447e+01 
 2.39883292e+03  4.17056497e+01  2.39883292e+03  9.30008476e+01 
 2.45470892e+03  4.15061104e+01  2.45470892e+03  9.29440325e+01 
 2.51188643e+03  4.13065513e+01  2.51188643e+03  9.28887701e+01 
 2.57039578e+03  4.11069734e+01  2.57039578e+03  9.28350314e+01 
 2.63026799e+03  4.09073776e+01  2.63026799e+03  9.27827886e+01 
 2.69153480e+03  4.07077648e+01  2.69153480e+03  9.27320144e+01 
 2.75422870e+03  4.05081356e+01  2.75422870e+03  9.26826824e+01 
 2.81838293e+03  4.03084910e+01  2.81838293e+03  9.26347668e+01 
 2.88403150e+03  4.01088317e+01  2.88403150e+03  9.25882427e+01 
 2.95120923e+03  3.99091583e+01  2.95120923e+03  9.25430856e+01 
 3.01995172e+03  3.97094717e+01  3.01995172e+03  9.24992720e+01 
 3.09029543e+03  3.95097724e+01  3.09029543e+03  9.24567790e+01 
 3.16227766e+03  3.93100610e+01  3.16227766e+03  9.24155844e+01 
 3.23593657e+03  3.91103383e+01  3.23593657e+03  9.23756665e+01 
 3.31131121e+03  3.89106047e+01  3.31131121e+03  9.23370045e+01 
 3.38844156e+03  3.87108608e+01  3.38844156e+03  9.22995782e+01 
 3.46736850e+03  3.85111073e+01  3.46736850e+03  9.22633678e+01 
 3.54813389e+03  3.83113445e+01  3.54813389e+03  9.22283544e+01 
 3.63078055e+03  3.81115731e+01  3.63078055e+03  9.21945197e+01 
 3.71535229e+03  3.79117934e+01  3.71535229e+03  9.21618458e+01 
 3.80189396e+03  3.77120060e+01  3.80189396e+03  9.21303156e+01 
 3.89045145e+03  3.75122112e+01  3.89045145e+03  9.20999125e+01 
 3.98107171e+03  3.73124096e+01  3.98107171e+03  9.20706206e+01 
 4.07380278e+03  3.71126016e+01  4.07380278e+03  9.20424245e+01 
 4.16869383e+03  3.69127875e+01  4.16869383e+03  9.20153093e+01 
 4.26579519e+03  3.67129678e+01  4.26579519e+03  9.19892608e+01 
 4.36515832e+03  3.65131428e+01  4.36515832e+03  9.19642652e+01 
 4.46683592e+03  3.63133130e+01  4.46683592e+03  9.19403094e+01 
 4.57088190e+03  3.61134786e+01  4.57088190e+03  9.19173808e+01 
 4.67735141e+03  3.59136400e+01  4.67735141e+03  9.18954673e+01 
 4.78630092e+03  3.57137975e+01  4.78630092e+03  9.18745573e+01 
 4.89778819e+03  3.55139516e+01  4.89778819e+03  9.18546398e+01 
 5.01187234e+03  3.53141025e+01  5.01187234e+03  9.18357044e+01 
 5.12861384e+03  3.51142505e+01  5.12861384e+03  9.18177410e+01 
 5.24807460e+03  3.49143960e+01  5.24807460e+03  9.18007402e+01 
 5.37031796e+03  3.47145392e+01  5.37031796e+03  9.17846930e+01 
 5.49540874e+03  3.45146806e+01  5.49540874e+03  9.17695908e+01 
 5.62341325e+03  3.43148202e+01  5.62341325e+03  9.17554258e+01 
 5.75439937e+03  3.41149586e+01  5.75439937e+03  9.17421904e+01 
 5.88843655e+03  3.39150958e+01  5.88843655e+03  9.17298777e+01 
 6.02559586e+03  3.37152324e+01  6.02559586e+03  9.17184810e+01 
 6.16595002e+03  3.35153684e+01  6.16595002e+03  9.17079945e+01 
 6.30957344e+03  3.33155043e+01  6.30957344e+03  9.16984125e+01 
 6.45654229e+03  3.31156403e+01  6.45654229e+03  9.16897299e+01 
 6.60693448e+03  3.29157767e+01  6.60693448e+03  9.16819421e+01 
 6.76082975e+03  3.27159138e+01  6.76082975e+03  9.16750450e+01 
 6.91830971e+03  3.25160518e+01  6.91830971e+03  9.16690349e+01 
 7.07945784e+03  3.23161912e+01  7.07945784e+03  9.16639086e+01 
 7.24435960e+03  3.21163321e+01  7.24435960e+03  9.16596634e+01 
 7.41310241e+03  3.19164748e+01  7.41310241e+03  9.16562969e+01 
 7.58577575e+03  3.17166197e+01  7.58577575e+03  9.16538074e+01 
 7.76247117e+03  3.15167671e+01  7.76247117e+03  9.16521934e+01 
 7.94328235e+03  3.13169173e+01  7.94328235e+03  9.16514540e+01 
 8.12830516e+03  3.11170706e+01  8.12830516e+03  9.16515889e+01 
 8.31763771e+03  3.09172273e+01  8.31763771e+03  9.16525980e+01 
 8.51138038e+03  3.07173877e+01  8.51138038e+03  9.16544817e+01 
 8.70963590e+03  3.05175523e+01  8.70963590e+03  9.16572410e+01 
 8.91250938e+03  3.03177213e+01  8.91250938e+03  9.16608773e+01 
 9.12010839e+03  3.01178951e+01  9.12010839e+03  9.16653923e+01 
 9.33254301e+03  2.99180741e+01  9.33254301e+03  9.16707885e+01 
 9.54992586e+03  2.97182587e+01  9.54992586e+03  9.16770684e+01 
 9.77237221e+03  2.95184491e+01  9.77237221e+03  9.16842354e+01 
 1.00000000e+04  2.93186460e+01  1.00000000e+04  9.16922930e+01 
 1.02329299e+04  2.91188496e+01  1.02329299e+04  9.17012455e+01 
 1.04712855e+04  2.89190604e+01  1.04712855e+04  9.17110973e+01 
 1.07151931e+04  2.87192788e+01  1.07151931e+04  9.17218537e+01 
 1.09647820e+04  2.85195053e+01  1.09647820e+04  9.17335199e+01 
 1.12201845e+04  2.83197404e+01  1.12201845e+04  9.17461022e+01 
 1.14815362e+04  2.81199846e+01  1.14815362e+04  9.17596068e+01 
 1.17489755e+04  2.79202383e+01  1.17489755e+04  9.17740408e+01 
 1.20226443e+04  2.77205022e+01  1.20226443e+04  9.17894115e+01 
 1.23026877e+04  2.75207768e+01  1.23026877e+04  9.18057269e+01 
 1.25892541e+04  2.73210626e+01  1.25892541e+04  9.18229952e+01 
 1.28824955e+04  2.71213604e+01  1.28824955e+04  9.18412254e+01 
 1.31825674e+04  2.69216706e+01  1.31825674e+04  9.18604268e+01 
 1.34896288e+04  2.67219939e+01  1.34896288e+04  9.18806092e+01 
 1.38038426e+04  2.65223311e+01  1.38038426e+04  9.19017829e+01 
 1.41253754e+04  2.63226829e+01  1.41253754e+04  9.19239588e+01 
 1.44543977e+04  2.61230499e+01  1.44543977e+04  9.19471482e+01 
 1.47910839e+04  2.59234330e+01  1.47910839e+04  9.19713628e+01 
 1.51356125e+04  2.57238329e+01  1.51356125e+04  9.19966151e+01 
 1.54881662e+04  2.55242506e+01  1.54881662e+04  9.20229179e+01 
 1.58489319e+04  2.53246868e+01  1.58489319e+04  9.20502846e+01 
 1.62181010e+04  2.51251426e+01  1.62181010e+04  9.20787290e+01 
 1.65958691e+04  2.49256188e+01  1.65958691e+04  9.21082656e+01 
 1.69824365e+04  2.47261165e+01  1.69824365e+04  9.21389093e+01 
 1.73780083e+04  2.45266367e+01  1.73780083e+04  9.21706756e+01 
 1.77827941e+04  2.43271805e+01  1.77827941e+04  9.22035806e+01 
 1.81970086e+04  2.41277491e+01  1.81970086e+04  9.22376408e+01 
 1.86208714e+04  2.39283436e+01  1.86208714e+04  9.22728734e+01 
 1.90546072e+04  2.37289653e+01  1.90546072e+04  9.23092960e+01 
 1.94984460e+04  2.35296155e+01  1.94984460e+04  9.23469268e+01 
 1.99526231e+04  2.33302956e+01  1.99526231e+04  9.23857848e+01 
 2.04173794e+04  2.31310069e+01  2.04173794e+04  9.24258892e+01 
 2.08929613e+04  2.29317510e+01  2.08929613e+04  9.24672600e+01 
 2.13796209e+04  2.27325295e+01  2.13796209e+04  9.25099177e+01 
 2.18776162e+04  2.25333439e+01  2.18776162e+04  9.25538834e+01 
 2.23872114e+04  2.23341959e+01  2.23872114e+04  9.25991789e+01 
 2.29086765e+04  2.21350874e+01  2.29086765e+04  9.26458264e+01 
 2.34422882e+04  2.19360203e+01  2.34422882e+04  9.26938488e+01 
 2.39883292e+04  2.17369963e+01  2.39883292e+04  9.27432696e+01 
 2.45470892e+04  2.15380177e+01  2.45470892e+04  9.27941128e+01 
 2.51188643e+04  2.13390864e+01  2.51188643e+04  9.28464031e+01 
 2.57039578e+04  2.11402048e+01  2.57039578e+04  9.29001659e+01 
 2.63026799e+04  2.09413751e+01  2.63026799e+04  9.29554270e+01 
 2.69153480e+04  2.07425998e+01  2.69153480e+04  9.30122129e+01 
 2.75422870e+04  2.05438814e+01  2.75422870e+04  9.30705507e+01 
 2.81838293e+04  2.03452227e+01  2.81838293e+04  9.31304682e+01 
 2.88403150e+04  2.01466262e+01  2.88403150e+04  9.31919938e+01 
 2.95120923e+04  1.99480951e+01  2.95120923e+04  9.32551563e+01 
 3.01995172e+04  1.97496322e+01  3.01995172e+04  9.33199853e+01 
 3.09029543e+04  1.95512408e+01  3.09029543e+04  9.33865111e+01 
 3.16227766e+04  1.93529241e+01  3.16227766e+04  9.34547643e+01 
 3.23593657e+04  1.91546857e+01  3.23593657e+04  9.35247764e+01 
 3.31131121e+04  1.89565291e+01  3.31131121e+04  9.35965794e+01 
 3.38844156e+04  1.87584582e+01  3.38844156e+04  9.36702057e+01 
 3.46736850e+04  1.85604768e+01  3.46736850e+04  9.37456886e+01 
 3.54813389e+04  1.83625891e+01  3.54813389e+04  9.38230617e+01 
 3.63078055e+04  1.81647995e+01  3.63078055e+04  9.39023594e+01 
 3.71535229e+04  1.79671124e+01  3.71535229e+04  9.39836165e+01 
 3.80189396e+04  1.77695324e+01  3.80189396e+04  9.40668683e+01 
 3.89045145e+04  1.75720646e+01  3.89045145e+04  9.41521507e+01 
 3.98107171e+04  1.73747141e+01  3.98107171e+04  9.42395001e+01 
 4.07380278e+04  1.71774861e+01  4.07380278e+04  9.43289535e+01 
 4.16869383e+04  1.69803863e+01  4.16869383e+04  9.44205480e+01 
 4.26579519e+04  1.67834205e+01  4.26579519e+04  9.45143216e+01 
 4.36515832e+04  1.65865948e+01  4.36515832e+04  9.46103123e+01 
 4.46683592e+04  1.63899155e+01  4.46683592e+04  9.47085588e+01 
 4.57088190e+04  1.61933893e+01  4.57088190e+04  9.48091000e+01 
 4.67735141e+04  1.59970231e+01  4.67735141e+04  9.49119750e+01 
 4.78630092e+04  1.58008240e+01  4.78630092e+04  9.50172235e+01 
 4.89778819e+04  1.56047996e+01  4.89778819e+04  9.51248851e+01 
 5.01187234e+04  1.54089576e+01  5.01187234e+04  9.52349998e+01 
 5.12861384e+04  1.52133064e+01  5.12861384e+04  9.53476075e+01 
 5.24807460e+04  1.50178542e+01  5.24807460e+04  9.54627484e+01 
 5.37031796e+04  1.48226101e+01  5.37031796e+04  9.55804627e+01 
 5.49540874e+04  1.46275832e+01  5.49540874e+04  9.57007904e+01 
 5.62341325e+04  1.44327831e+01  5.62341325e+04  9.58237715e+01 
 5.75439937e+04  1.42382199e+01  5.75439937e+04  9.59494458e+01 
 5.88843655e+04  1.40439039e+01  5.88843655e+04  9.60778528e+01 
 6.02559586e+04  1.38498459e+01  6.02559586e+04  9.62090316e+01 
 6.16595002e+04  1.36560573e+01  6.16595002e+04  9.63430209e+01 
 6.30957344e+04  1.34625496e+01  6.30957344e+04  9.64798588e+01 
 6.45654229e+04  1.32693351e+01  6.45654229e+04  9.66195828e+01 
 6.60693448e+04  1.30764265e+01  6.60693448e+04  9.67622295e+01 
 6.76082975e+04  1.28838368e+01  6.76082975e+04  9.69078347e+01 
 6.91830971e+04  1.26915796e+01  6.91830971e+04  9.70564332e+01 
 7.07945784e+04  1.24996692e+01  7.07945784e+04  9.72080585e+01 
 7.24435960e+04  1.23081202e+01  7.24435960e+04  9.73627428e+01 
 7.41310241e+04  1.21169478e+01  7.41310241e+04  9.75205168e+01 
 7.58577575e+04  1.19261678e+01  7.58577575e+04  9.76814098e+01 
 7.76247117e+04  1.17357966e+01  7.76247117e+04  9.78454488e+01 
 7.94328235e+04  1.15458510e+01  7.94328235e+04  9.80126592e+01 
 8.12830516e+04  1.13563485e+01  8.12830516e+04  9.81830641e+01 
 8.31763771e+04  1.11673074e+01  8.31763771e+04  9.83566839e+01 
 8.51138038e+04  1.09787463e+01  8.51138038e+04  9.85335367e+01 
 8.70963590e+04  1.07906845e+01  8.70963590e+04  9.87136376e+01 
 8.91250938e+04  1.06031421e+01  8.91250938e+04  9.88969985e+01 
 9.12010839e+04  1.04161396e+01  9.12010839e+04  9.90836280e+01 
 9.33254301e+04  1.02296983e+01  9.33254301e+04  9.92735311e+01 
 9.54992586e+04  1.00438400e+01  9.54992586e+04  9.94667087e+01 
 9.77237221e+04  9.85858746e+00  9.77237221e+04  9.96631578e+01 
 1.00000000e+05  9.67396369e+00  1.00000000e+05  9.98628705e+01 
 1.02329299e+05  9.48999255e+00  1.02329299e+05  1.00065834e+02 
 1.04712855e+05  9.30669854e+00  1.04712855e+05  1.00272032e+02 
 1.07151931e+05  9.12410674e+00  1.07151931e+05  1.00481440e+02 
 1.09647820e+05  8.94224289e+00  1.09647820e+05  1.00694029e+02 
 1.12201845e+05  8.76113334e+00  1.12201845e+05  1.00909764e+02 
 1.14815362e+05  8.58080504e+00  1.14815362e+05  1.01128604e+02 
 1.17489755e+05  8.40128550e+00  1.17489755e+05  1.01350499e+02 
 1.20226443e+05  8.22260282e+00  1.20226443e+05  1.01575394e+02 
 1.23026877e+05  8.04478561e+00  1.23026877e+05  1.01803225e+02 
 1.25892541e+05  7.86786302e+00  1.25892541e+05  1.02033920e+02 
 1.28824955e+05  7.69186463e+00  1.28824955e+05  1.02267399e+02 
 1.31825674e+05  7.51682049e+00  1.31825674e+05  1.02503572e+02 
 1.34896288e+05  7.34276104e+00  1.34896288e+05  1.02742342e+02 
 1.38038426e+05  7.16971705e+00  1.38038426e+05  1.02983599e+02 
 1.41253754e+05  6.99771962e+00  1.41253754e+05  1.03227226e+02 
 1.44543977e+05  6.82680007e+00  1.44543977e+05  1.03473094e+02 
 1.47910839e+05  6.65698990e+00  1.47910839e+05  1.03721063e+02 
 1.51356125e+05  6.48832073e+00  1.51356125e+05  1.03970982e+02 
 1.54881662e+05  6.32082424e+00  1.54881662e+05  1.04222688e+02 
 1.58489319e+05  6.15453206e+00  1.58489319e+05  1.04476008e+02 
 1.62181010e+05  5.98947570e+00  1.62181010e+05  1.04730754e+02 
 1.65958691e+05  5.82568649e+00  1.65958691e+05  1.04986727e+02 
 1.69824365e+05  5.66319544e+00  1.69824365e+05  1.05243715e+02 
 1.73780083e+05  5.50203320e+00  1.73780083e+05  1.05501492e+02 
 1.77827941e+05  5.34222989e+00  1.77827941e+05  1.05759821e+02 
 1.81970086e+05  5.18381506e+00  1.81970086e+05  1.06018448e+02 
 1.86208714e+05  5.02681753e+00  1.86208714e+05  1.06277109e+02 
 1.90546072e+05  4.87126530e+00  1.90546072e+05  1.06535524e+02 
 1.94984460e+05  4.71718542e+00  1.94984460e+05  1.06793400e+02 
 1.99526231e+05  4.56460386e+00  1.99526231e+05  1.07050430e+02 
 2.04173794e+05  4.41354541e+00  2.04173794e+05  1.07306293e+02 
 2.08929613e+05  4.26403353e+00  2.08929613e+05  1.07560656e+02 
 2.13796209e+05  4.11609023e+00  2.13796209e+05  1.07813170e+02 
 2.18776162e+05  3.96973592e+00  2.18776162e+05  1.08063476e+02 
 2.23872114e+05  3.82498933e+00  2.23872114e+05  1.08311198e+02 
 2.29086765e+05  3.68186730e+00  2.29086765e+05  1.08555953e+02 
 2.34422882e+05  3.54038475e+00  2.34422882e+05  1.08797340e+02 
 2.39883292e+05  3.40055446e+00  2.39883292e+05  1.09034951e+02 
 2.45470892e+05  3.26238701e+00  2.45470892e+05  1.09268364e+02 
 2.51188643e+05  3.12589061e+00  2.51188643e+05  1.09497147e+02 
 2.57039578e+05  2.99107105e+00  2.57039578e+05  1.09720861e+02 
 2.63026799e+05  2.85793152e+00  2.63026799e+05  1.09939055e+02 
 2.69153480e+05  2.72647254e+00  2.69153480e+05  1.10151270e+02 
 2.75422870e+05  2.59669188e+00  2.75422870e+05  1.10357041e+02 
 2.81838293e+05  2.46858444e+00  2.81838293e+05  1.10555895e+02 
 2.88403150e+05  2.34214219e+00  2.88403150e+05  1.10747357e+02 
 2.95120923e+05  2.21735409e+00  2.95120923e+05  1.10930942e+02 
 3.01995172e+05  2.09420603e+00  3.01995172e+05  1.11106168e+02 
 3.09029543e+05  1.97268080e+00  3.09029543e+05  1.11272545e+02 
 3.16227766e+05  1.85275802e+00  3.16227766e+05  1.11429587e+02 
 3.23593657e+05  1.73441416e+00  3.23593657e+05  1.11576804e+02 
 3.31131121e+05  1.61762247e+00  3.31131121e+05  1.11713709e+02 
 3.38844156e+05  1.50235303e+00  3.38844156e+05  1.11839819e+02 
 3.46736850e+05  1.38857274e+00  3.46736850e+05  1.11954652e+02 
 3.54813389e+05  1.27624535e+00  3.54813389e+05  1.12057733e+02 
 3.63078055e+05  1.16533149e+00  3.63078055e+05  1.12148592e+02 
 3.71535229e+05  1.05578873e+00  3.71535229e+05  1.12226767e+02 
 3.80189396e+05  9.47571639e-01  3.80189396e+05  1.12291804e+02 
 3.89045145e+05  8.40631875e-01  3.89045145e+05  1.12343259e+02 
 3.98107171e+05  7.34918259e-01  3.98107171e+05  1.12380700e+02 
 4.07380278e+05  6.30376882e-01  4.07380278e+05  1.12403705e+02 
 4.16869383e+05  5.26951220e-01  4.16869383e+05  1.12411867e+02 
 4.26579519e+05  4.24582255e-01  4.26579519e+05  1.12404790e+02 
 4.36515832e+05  3.23208614e-01  4.36515832e+05  1.12382097e+02 
 4.46683592e+05  2.22766708e-01  4.46683592e+05  1.12343424e+02 
 4.57088190e+05  1.23190893e-01  4.57088190e+05  1.12288426e+02 
 4.67735141e+05  2.44136282e-02  4.67735141e+05  1.12216772e+02 
 4.78630092e+05 -7.36343510e-02  4.78630092e+05  1.12128154e+02 
 4.89778819e+05 -1.71023854e-01  4.89778819e+05  1.12022278e+02 
 5.01187234e+05 -2.67827051e-01  5.01187234e+05  1.11898874e+02 
 5.12861384e+05 -3.64117280e-01  5.12861384e+05  1.11757690e+02 
 5.24807460e+05 -4.59968851e-01  5.24807460e+05  1.11598494e+02 
 5.37031796e+05 -5.55456847e-01  5.37031796e+05  1.11421074e+02 
 5.49540874e+05 -6.50656916e-01  5.49540874e+05  1.11225242e+02 
 5.62341325e+05 -7.45645067e-01  5.62341325e+05  1.11010830e+02 
 5.75439937e+05 -8.40497456e-01  5.75439937e+05  1.10777689e+02 
 5.88843655e+05 -9.35290179e-01  5.88843655e+05  1.10525694e+02 
 6.02559586e+05 -1.03009906e+00  6.02559586e+05  1.10254740e+02 
 6.16595002e+05 -1.12499943e+00  6.16595002e+05  1.09964745e+02 
 6.30957344e+05 -1.22006594e+00  6.30957344e+05  1.09655646e+02 
 6.45654229e+05 -1.31537232e+00  6.45654229e+05  1.09327401e+02 
 6.60693448e+05 -1.41099120e+00  6.60693448e+05  1.08979988e+02 
 6.76082975e+05 -1.50699387e+00  6.76082975e+05  1.08613405e+02 
 6.91830971e+05 -1.60345015e+00  6.91830971e+05  1.08227670e+02 
 7.07945784e+05 -1.70042811e+00  7.07945784e+05  1.07822818e+02 
 7.24435960e+05 -1.79799393e+00  7.24435960e+05  1.07398902e+02 
 7.41310241e+05 -1.89621172e+00  7.41310241e+05  1.06955994e+02 
 7.58577575e+05 -1.99514333e+00  7.58577575e+05  1.06494180e+02 
 7.76247117e+05 -2.09484816e+00  7.76247117e+05  1.06013561e+02 
 7.94328235e+05 -2.19538305e+00  7.94328235e+05  1.05514254e+02 
 8.12830516e+05 -2.29680210e+00  8.12830516e+05  1.04996388e+02 
 8.31763771e+05 -2.39915652e+00  8.31763771e+05  1.04460105e+02 
 8.51138038e+05 -2.50249451e+00  8.51138038e+05  1.03905555e+02 
 8.70963590e+05 -2.60686115e+00  8.70963590e+05  1.03332902e+02 
 8.91250938e+05 -2.71229829e+00  8.91250938e+05  1.02742315e+02 
 9.12010839e+05 -2.81884444e+00  9.12010839e+05  1.02133970e+02 
 9.33254301e+05 -2.92653470e+00  9.33254301e+05  1.01508052e+02 
 9.54992586e+05 -3.03540069e+00  9.54992586e+05  1.00864746e+02 
 9.77237221e+05 -3.14547049e+00  9.77237221e+05  1.00204244e+02 
 1.00000000e+06 -3.25676859e+00  1.00000000e+06  9.95267354e+01 
 1.02329299e+06 -3.36931590e+00  1.02329299e+06  9.88324129e+01 
 1.04712855e+06 -3.48312967e+00  1.04712855e+06  9.81214662e+01 
 1.07151931e+06 -3.59822356e+00  1.07151931e+06  9.73940826e+01 
 1.09647820e+06 -3.71460760e+00  1.09647820e+06  9.66504451e+01 
 1.12201845e+06 -3.83228827e+00  1.12201845e+06  9.58907309e+01 
 1.14815362e+06 -3.95126849e+00  1.14815362e+06  9.51151102e+01 
 1.17489755e+06 -4.07154773e+00  1.17489755e+06  9.43237446e+01 
 1.20226443e+06 -4.19312204e+00  1.20226443e+06  9.35167860e+01 
 1.23026877e+06 -4.31598417e+00  1.23026877e+06  9.26943749e+01 
 1.25892541e+06 -4.44012367e+00  1.25892541e+06  9.18566395e+01 
 1.28824955e+06 -4.56552696e+00  1.28824955e+06  9.10036942e+01 
 1.31825674e+06 -4.69217754e+00  1.31825674e+06  9.01356385e+01 
 1.34896288e+06 -4.82005607e+00  1.34896288e+06  8.92525558e+01 
 1.38038426e+06 -4.94914057e+00  1.38038426e+06  8.83545123e+01 
 1.41253754e+06 -5.07940657e+00  1.41253754e+06  8.74415558e+01 
 1.44543977e+06 -5.21082731e+00  1.44543977e+06  8.65137149e+01 
 1.47910839e+06 -5.34337397e+00  1.47910839e+06  8.55709982e+01 
 1.51356125e+06 -5.47701587e+00  1.51356125e+06  8.46133930e+01 
 1.54881662e+06 -5.61172070e+00  1.54881662e+06  8.36408648e+01 
 1.58489319e+06 -5.74745483e+00  1.58489319e+06  8.26533566e+01 
 1.62181010e+06 -5.88418355e+00  1.62181010e+06  8.16507880e+01 
 1.65958691e+06 -6.02187139e+00  1.65958691e+06  8.06330552e+01 
 1.69824365e+06 -6.16048247e+00  1.69824365e+06  7.96000298e+01 
 1.73780083e+06 -6.29998081e+00  1.73780083e+06  7.85515593e+01 
 1.77827941e+06 -6.44033074e+00  1.77827941e+06  7.74874664e+01 
 1.81970086e+06 -6.58149730e+00  1.81970086e+06  7.64075494e+01 
 1.86208714e+06 -6.72344672e+00  1.86208714e+06  7.53115821e+01 
 1.90546072e+06 -6.86614683e+00  1.90546072e+06  7.41993143e+01 
 1.94984460e+06 -7.00956763e+00  1.94984460e+06  7.30704728e+01 
 1.99526231e+06 -7.15368182e+00  1.99526231e+06  7.19247623e+01 
 2.04173794e+06 -7.29846535e+00  2.04173794e+06  7.07618666e+01 
 2.08929613e+06 -7.44389811e+00  2.08929613e+06  6.95814511e+01 
 2.13796209e+06 -7.58996450e+00  2.13796209e+06  6.83831645e+01 
 2.18776162e+06 -7.73665417e+00  2.18776162e+06  6.71666426e+01 
 2.23872114e+06 -7.88396268e+00  2.23872114e+06  6.59315116e+01 
 2.29086765e+06 -8.03189224e+00  2.29086765e+06  6.46773930e+01 
 2.34422882e+06 -8.18045234e+00  2.34422882e+06  6.34039087e+01 
 2.39883292e+06 -8.32966051e+00  2.39883292e+06  6.21106883e+01 
 2.45470892e+06 -8.47954285e+00  2.45470892e+06  6.07973763e+01 
 2.51188643e+06 -8.63013462e+00  2.51188643e+06  5.94636411e+01 
 2.57039578e+06 -8.78148059e+00  2.57039578e+06  5.81091853e+01 
 2.63026799e+06 -8.93363529e+00  2.63026799e+06  5.67337572e+01 
 2.69153480e+06 -9.08666299e+00  2.69153480e+06  5.53371633e+01 
 2.75422870e+06 -9.24063739e+00  2.75422870e+06  5.39192821e+01 
 2.81838293e+06 -9.39564099e+00  2.81838293e+06  5.24800787e+01 
 2.88403150e+06 -9.55176402e+00  2.88403150e+06  5.10196199e+01 
 2.95120923e+06 -9.70910285e+00  2.95120923e+06  4.95380889e+01 
 3.01995172e+06 -9.86775798e+00  3.01995172e+06  4.80357997e+01 
 3.09029543e+06 -1.00278314e+01  3.09029543e+06  4.65132101e+01 
 3.16227766e+06 -1.01894234e+01  3.16227766e+06  4.49709312e+01 
 3.23593657e+06 -1.03526289e+01  3.23593657e+06  4.34097349e+01 
 3.31131121e+06 -1.05175334e+01  3.31131121e+06  4.18305556e+01 
 3.38844156e+06 -1.06842084e+01  3.38844156e+06  4.02344871e+01 
 3.46736850e+06 -1.08527069e+01  3.46736850e+06  3.86227725e+01 
 3.54813389e+06 -1.10230593e+01  3.54813389e+06  3.69967874e+01 
 3.63078055e+06 -1.11952689e+01  3.63078055e+06  3.53580161e+01 
 3.71535229e+06 -1.13693086e+01  3.71535229e+06  3.37080208e+01 
 3.80189396e+06 -1.15451188e+01  3.80189396e+06  3.20484043e+01 
 3.89045145e+06 -1.17226057e+01  3.89045145e+06  3.03807698e+01 
 3.98107171e+06 -1.19016418e+01  3.98107171e+06  2.87066765e+01 
 4.07380278e+06 -1.20820673e+01  4.07380278e+06  2.70275961e+01 
 4.16869383e+06 -1.22636934e+01  4.16869383e+06  2.53448716e+01 
 4.26579519e+06 -1.24463065e+01  4.26579519e+06  2.36596805e+01 
 4.36515832e+06 -1.26296740e+01  4.36515832e+06  2.19730059e+01 
 4.46683592e+06 -1.28135508e+01  4.46683592e+06  2.02856153e+01 
 4.57088190e+06 -1.29976857e+01  4.57088190e+06  1.85980500e+01 
 4.67735141e+06 -1.31818288e+01  4.67735141e+06  1.69106238e+01 
 4.78630092e+06 -1.33657379e+01  4.78630092e+06  1.52234318e+01 
 4.89778819e+06 -1.35491845e+01  4.89778819e+06  1.35363667e+01 
 5.01187234e+06 -1.37319586e+01  5.01187234e+06  1.18491429e+01 
 5.12861384e+06 -1.39138733e+01  5.12861384e+06  1.01613247e+01 
 5.24807460e+06 -1.40947669e+01  5.24807460e+06  8.47235767e+00 
 5.37031796e+06 -1.42745055e+01  5.37031796e+06  6.78160125e+00 
 5.49540874e+06 -1.44529829e+01  5.49540874e+06  5.08836041e+00 
 5.62341325e+06 -1.46301207e+01  5.62341325e+06  3.39191557e+00 
 5.75439937e+06 -1.48058674e+01  5.75439937e+06  1.69154935e+00 
 5.88843655e+06 -1.49801963e+01  5.88843655e+06 -1.34301836e-02 
 6.02559586e+06 -1.51531039e+01  6.02559586e+06 -1.72367028e+00 
 6.16595002e+06 -1.53246072e+01  6.16595002e+06 -3.43975830e+00 
 6.30957344e+06 -1.54947413e+01  6.30957344e+06 -5.16221030e+00 
 6.45654229e+06 -1.56635568e+01  6.45654229e+06 -6.89146319e+00 
 6.60693448e+06 -1.58311173e+01  6.60693448e+06 -8.62787003e+00 
 6.76082975e+06 -1.59974970e+01  6.76082975e+06 -1.03716979e+01 
 6.91830971e+06 -1.61627786e+01  6.91830971e+06 -1.21231283e+01 
 7.07945784e+06 -1.63270510e+01  7.07945784e+06 -1.38822585e+01 
 7.24435960e+06 -1.64904076e+01  7.24435960e+06 -1.56491056e+01 
 7.41310241e+06 -1.66529448e+01  7.41310241e+06 -1.74236102e+01 
 7.58577575e+06 -1.68147603e+01  7.58577575e+06 -1.92056416e+01 
 7.76247117e+06 -1.69759521e+01  7.76247117e+06 -2.09950035e+01 
 7.94328235e+06 -1.71366173e+01  7.94328235e+06 -2.27914392e+01 
 8.12830516e+06 -1.72968509e+01  8.12830516e+06 -2.45946378e+01 
 8.31763771e+06 -1.74567457e+01  8.31763771e+06 -2.64042397e+01 
 8.51138038e+06 -1.76163909e+01  8.51138038e+06 -2.82198425e+01 
 8.70963590e+06 -1.77758720e+01  8.70963590e+06 -3.00410062e+01 
 8.91250938e+06 -1.79352701e+01  8.91250938e+06 -3.18672584e+01 
 9.12010839e+06 -1.80946616e+01  9.12010839e+06 -3.36980994e+01 
 9.33254301e+06 -1.82541180e+01  9.33254301e+06 -3.55330070e+01 
 9.54992586e+06 -1.84137055e+01  9.54992586e+06 -3.73714404e+01 
 9.77237221e+06 -1.85734849e+01  9.77237221e+06 -3.92128449e+01 
 1.00000000e+07 -1.87335116e+01  1.00000000e+07 -4.10566552e+01 
 1.02329299e+07 -1.88938351e+01  1.02329299e+07 -4.29022992e+01 
 1.04712855e+07 -1.90544996e+01  1.04712855e+07 -4.47492012e+01 
 1.07151931e+07 -1.92155434e+01  1.07151931e+07 -4.65967846e+01 
 1.09647820e+07 -1.93769994e+01  1.09647820e+07 -4.84444749e+01 
 1.12201845e+07 -1.95388950e+01  1.12201845e+07 -5.02917018e+01 
 1.14815362e+07 -1.97012522e+01  1.14815362e+07 -5.21379014e+01 
 1.17489755e+07 -1.98640878e+01  1.17489755e+07 -5.39825181e+01 
 1.20226443e+07 -2.00274134e+01  1.20226443e+07 -5.58250059e+01 
 1.23026877e+07 -2.01912361e+01  1.23026877e+07 -5.76648301e+01 
 1.25892541e+07 -2.03555580e+01  1.25892541e+07 -5.95014679e+01 
 1.28824955e+07 -2.05203773e+01  1.28824955e+07 -6.13344092e+01 
 1.31825674e+07 -2.06856876e+01  1.31825674e+07 -6.31631576e+01 
 1.34896288e+07 -2.08514790e+01  1.34896288e+07 -6.49872299e+01 
 1.38038426e+07 -2.10177379e+01  1.38038426e+07 -6.68061568e+01 
 1.41253754e+07 -2.11844476e+01  1.41253754e+07 -6.86194820e+01 
 1.44543977e+07 -2.13515884e+01  1.44543977e+07 -7.04267626e+01 
 1.47910839e+07 -2.15191379e+01  1.47910839e+07 -7.22275676e+01 
 1.51356125e+07 -2.16870715e+01  1.51356125e+07 -7.40214777e+01 
 1.54881662e+07 -2.18553624e+01  1.54881662e+07 -7.58080841e+01 
 1.58489319e+07 -2.20239822e+01  1.58489319e+07 -7.75869871e+01 
 1.62181010e+07 -2.21929011e+01  1.62181010e+07 -7.93577952e+01 
 1.65958691e+07 -2.23620882e+01  1.65958691e+07 -8.11201236e+01 
 1.69824365e+07 -2.25315115e+01  1.69824365e+07 -8.28735923e+01 
 1.73780083e+07 -2.27011387e+01  1.73780083e+07 -8.46178249e+01 
 1.77827941e+07 -2.28709368e+01  1.77827941e+07 -8.63524468e+01 
 1.81970086e+07 -2.30408730e+01  1.81970086e+07 -8.80770836e+01 
 1.86208714e+07 -2.32109144e+01  1.86208714e+07 -8.97913593e+01 
 1.90546072e+07 -2.33810284e+01  1.90546072e+07 -9.14948943e+01 
 1.94984460e+07 -2.35511830e+01  1.94984460e+07 -9.31873042e+01 
 1.99526231e+07 -2.37213466e+01  1.99526231e+07 -9.48681979e+01 
 2.04173794e+07 -2.38914887e+01  2.04173794e+07 -9.65371757e+01 
 2.08929613e+07 -2.40615794e+01  2.08929613e+07 -9.81938284e+01 
 2.13796209e+07 -2.42315899e+01  2.13796209e+07 -9.98377349e+01 
 2.18776162e+07 -2.44014927e+01  2.18776162e+07 -1.01468462e+02 
 2.23872114e+07 -2.45712611e+01  2.23872114e+07 -1.03085562e+02 
 2.29086765e+07 -2.47408699e+01  2.29086765e+07 -1.04688571e+02 
 2.34422882e+07 -2.49102952e+01  2.34422882e+07 -1.06277012e+02 
 2.39883292e+07 -2.50795140e+01  2.39883292e+07 -1.07850387e+02 
 2.45470892e+07 -2.52485048e+01  2.45470892e+07 -1.09408182e+02 
 2.51188643e+07 -2.54172474e+01  2.51188643e+07 -1.10949865e+02 
 2.57039578e+07 -2.55857225e+01  2.57039578e+07 -1.12474885e+02 
 2.63026799e+07 -2.57539122e+01  2.63026799e+07 -1.13982669e+02 
 2.69153480e+07 -2.59217994e+01  2.69153480e+07 -1.15472627e+02 
 2.75422870e+07 -2.60893681e+01  2.75422870e+07 -1.16944149e+02 
 2.81838293e+07 -2.62566031e+01  2.81838293e+07 -1.18396604e+02 
 2.88403150e+07 -2.64234899e+01  2.88403150e+07 -1.19829343e+02 
 2.95120923e+07 -2.65900144e+01  2.95120923e+07 -1.21241698e+02 
 3.01995172e+07 -2.67561632e+01  3.01995172e+07 -1.22632980e+02 
 3.09029543e+07 -2.69219229e+01  3.09029543e+07 -1.24002485e+02 
 3.16227766e+07 -2.70872802e+01  3.16227766e+07 -1.25349489e+02 
 3.23593657e+07 -2.72522217e+01  3.23593657e+07 -1.26673252e+02 
 3.31131121e+07 -2.74167333e+01  3.31131121e+07 -1.27973020e+02 
 3.38844156e+07 -2.75808008e+01  3.38844156e+07 -1.29248021e+02 
 3.46736850e+07 -2.77444087e+01  3.46736850e+07 -1.30497470e+02 
 3.54813389e+07 -2.79075406e+01  3.54813389e+07 -1.31720570e+02 
 3.63078055e+07 -2.80701786e+01  3.63078055e+07 -1.32916511e+02 
 3.71535229e+07 -2.82323030e+01  3.71535229e+07 -1.34084472e+02 
 3.80189396e+07 -2.83938924e+01  3.80189396e+07 -1.35223622e+02 
 3.89045145e+07 -2.85549228e+01  3.89045145e+07 -1.36333124e+02 
 3.98107171e+07 -2.87153676e+01  3.98107171e+07 -1.37412131e+02 
 4.07380278e+07 -2.88751973e+01  4.07380278e+07 -1.38459791e+02 
 4.16869383e+07 -2.90343787e+01  4.16869383e+07 -1.39475248e+02 
 4.26579519e+07 -2.91928753e+01  4.26579519e+07 -1.40457642e+02 
 4.36515832e+07 -2.93506459e+01  4.36515832e+07 -1.41406112e+02 
 4.46683592e+07 -2.95076450e+01  4.46683592e+07 -1.42319796e+02 
 4.57088190e+07 -2.96638218e+01  4.57088190e+07 -1.43197834e+02 
 4.67735141e+07 -2.98191202e+01  4.67735141e+07 -1.44039369e+02 
 4.78630092e+07 -2.99734780e+01  4.78630092e+07 -1.44843550e+02 
 4.89778819e+07 -3.01268262e+01  4.89778819e+07 -1.45609531e+02 
 5.01187234e+07 -3.02790891e+01  5.01187234e+07 -1.46336478e+02 
 5.12861384e+07 -3.04301831e+01  5.12861384e+07 -1.47023568e+02 
 5.24807460e+07 -3.05800167e+01  5.24807460e+07 -1.47669993e+02 
 5.37031796e+07 -3.07284894e+01  5.37031796e+07 -1.48274965e+02 
 5.49540874e+07 -3.08754915e+01  5.49540874e+07 -1.48837715e+02 
 5.62341325e+07 -3.10209036e+01  5.62341325e+07 -1.49357504e+02 
 5.75439937e+07 -3.11645958e+01  5.75439937e+07 -1.49833622e+02 
 5.88843655e+07 -3.13064270e+01  5.88843655e+07 -1.50265396e+02 
 6.02559586e+07 -3.14462451e+01  6.02559586e+07 -1.50652195e+02 
 6.16595002e+07 -3.15838858e+01  6.16595002e+07 -1.50993439e+02 
 6.30957344e+07 -3.17191728e+01  6.30957344e+07 -1.51288602e+02 
 6.45654229e+07 -3.18519170e+01  6.45654229e+07 -1.51537225e+02 
 6.60693448e+07 -3.19819169e+01  6.60693448e+07 -1.51738923e+02 
 6.76082975e+07 -3.21089581e+01  6.76082975e+07 -1.51893393e+02 
 6.91830971e+07 -3.22328138e+01  6.91830971e+07 -1.52000428e+02 
 7.07945784e+07 -3.23532447e+01  7.07945784e+07 -1.52059925e+02 
 7.24435960e+07 -3.24700002e+01  7.24435960e+07 -1.52071899e+02 
 7.41310241e+07 -3.25828185e+01  7.41310241e+07 -1.52036494e+02 
 7.58577575e+07 -3.26914282e+01  7.58577575e+07 -1.51953993e+02 
 7.76247117e+07 -3.27955497e+01  7.76247117e+07 -1.51824836e+02 
 7.94328235e+07 -3.28948966e+01  7.94328235e+07 -1.51649623e+02 
 8.12830516e+07 -3.29891782e+01  8.12830516e+07 -1.51429133e+02 
 8.31763771e+07 -3.30781015e+01  8.31763771e+07 -1.51164328e+02 
 8.51138038e+07 -3.31613743e+01  8.51138038e+07 -1.50856365e+02 
 8.70963590e+07 -3.32387082e+01  8.70963590e+07 -1.50506598e+02 
 8.91250938e+07 -3.33098217e+01  8.91250938e+07 -1.50116584e+02 
 9.12010839e+07 -3.33744440e+01  9.12010839e+07 -1.49688084e+02 
 9.33254301e+07 -3.34323190e+01  9.33254301e+07 -1.49223058e+02 
 9.54992586e+07 -3.34832083e+01  9.54992586e+07 -1.48723660e+02 
 9.77237221e+07 -3.35268960e+01  9.77237221e+07 -1.48192225e+02 
 1.00000000e+08 -3.35631913e+01  1.00000000e+08 -1.47631260e+02 
