 1.00000000e+00  6.80537169e+01  1.00000000e+00  1.79451771e+02 
 1.02329299e+00  6.80535431e+01  1.02329299e+00  1.79441207e+02 
 1.04712855e+00  6.80533733e+01  1.04712855e+00  1.79430383e+02 
 1.07151931e+00  6.80532073e+01  1.07151931e+00  1.79419294e+02 
 1.09647820e+00  6.80530451e+01  1.09647820e+00  1.79407931e+02 
 1.12201845e+00  6.80528867e+01  1.12201845e+00  1.79396287e+02 
 1.14815362e+00  6.80527318e+01  1.14815362e+00  1.79384354e+02 
 1.17489755e+00  6.80525806e+01  1.17489755e+00  1.79372124e+02 
 1.20226443e+00  6.80524327e+01  1.20226443e+00  1.79359590e+02 
 1.23026877e+00  6.80522881e+01  1.23026877e+00  1.79346744e+02 
 1.25892541e+00  6.80521468e+01  1.25892541e+00  1.79333577e+02 
 1.28824955e+00  6.80520086e+01  1.28824955e+00  1.79320081e+02 
 1.31825674e+00  6.80518733e+01  1.31825674e+00  1.79306249e+02 
 1.34896288e+00  6.80517408e+01  1.34896288e+00  1.79292070e+02 
 1.38038426e+00  6.80516111e+01  1.38038426e+00  1.79277537e+02 
 1.41253754e+00  6.80514839e+01  1.41253754e+00  1.79262641e+02 
 1.44543977e+00  6.80513592e+01  1.44543977e+00  1.79247373e+02 
 1.47910839e+00  6.80512367e+01  1.47910839e+00  1.79231723e+02 
 1.51356125e+00  6.80511163e+01  1.51356125e+00  1.79215683e+02 
 1.54881662e+00  6.80509979e+01  1.54881662e+00  1.79199244e+02 
 1.58489319e+00  6.80508813e+01  1.58489319e+00  1.79182395e+02 
 1.62181010e+00  6.80507663e+01  1.62181010e+00  1.79165126e+02 
 1.65958691e+00  6.80506529e+01  1.65958691e+00  1.79147429e+02 
 1.69824365e+00  6.80505407e+01  1.69824365e+00  1.79129292e+02 
 1.73780083e+00  6.80504298e+01  1.73780083e+00  1.79110706e+02 
 1.77827941e+00  6.80503198e+01  1.77827941e+00  1.79091659e+02 
 1.81970086e+00  6.80502106e+01  1.81970086e+00  1.79072142e+02 
 1.86208714e+00  6.80501020e+01  1.86208714e+00  1.79052142e+02 
 1.90546072e+00  6.80499939e+01  1.90546072e+00  1.79031650e+02 
 1.94984460e+00  6.80498861e+01  1.94984460e+00  1.79010653e+02 
 1.99526231e+00  6.80497784e+01  1.99526231e+00  1.78989140e+02 
 2.04173794e+00  6.80496705e+01  2.04173794e+00  1.78967099e+02 
 2.08929613e+00  6.80495624e+01  2.08929613e+00  1.78944518e+02 
 2.13796209e+00  6.80494537e+01  2.13796209e+00  1.78921384e+02 
 2.18776162e+00  6.80493444e+01  2.18776162e+00  1.78897685e+02 
 2.23872114e+00  6.80492342e+01  2.23872114e+00  1.78873407e+02 
 2.29086765e+00  6.80491229e+01  2.29086765e+00  1.78848538e+02 
 2.34422882e+00  6.80490102e+01  2.34422882e+00  1.78823064e+02 
 2.39883292e+00  6.80488960e+01  2.39883292e+00  1.78796972e+02 
 2.45470892e+00  6.80487801e+01  2.45470892e+00  1.78770246e+02 
 2.51188643e+00  6.80486622e+01  2.51188643e+00  1.78742873e+02 
 2.57039578e+00  6.80485420e+01  2.57039578e+00  1.78714837e+02 
 2.63026799e+00  6.80484194e+01  2.63026799e+00  1.78686125e+02 
 2.69153480e+00  6.80482941e+01  2.69153480e+00  1.78656719e+02 
 2.75422870e+00  6.80481659e+01  2.75422870e+00  1.78626605e+02 
 2.81838293e+00  6.80480344e+01  2.81838293e+00  1.78595766e+02 
 2.88403150e+00  6.80478994e+01  2.88403150e+00  1.78564185e+02 
 2.95120923e+00  6.80477607e+01  2.95120923e+00  1.78531847e+02 
 3.01995172e+00  6.80476179e+01  3.01995172e+00  1.78498732e+02 
 3.09029543e+00  6.80474707e+01  3.09029543e+00  1.78464825e+02 
 3.16227766e+00  6.80473189e+01  3.16227766e+00  1.78430106e+02 
 3.23593657e+00  6.80471621e+01  3.23593657e+00  1.78394557e+02 
 3.31131121e+00  6.80470000e+01  3.31131121e+00  1.78358159e+02 
 3.38844156e+00  6.80468323e+01  3.38844156e+00  1.78320892e+02 
 3.46736850e+00  6.80466585e+01  3.46736850e+00  1.78282738e+02 
 3.54813389e+00  6.80464784e+01  3.54813389e+00  1.78243675e+02 
 3.63078055e+00  6.80462915e+01  3.63078055e+00  1.78203683e+02 
 3.71535229e+00  6.80460975e+01  3.71535229e+00  1.78162740e+02 
 3.80189396e+00  6.80458959e+01  3.80189396e+00  1.78120824e+02 
 3.89045145e+00  6.80456864e+01  3.89045145e+00  1.78077914e+02 
 3.98107171e+00  6.80454684e+01  3.98107171e+00  1.78033987e+02 
 4.07380278e+00  6.80452415e+01  4.07380278e+00  1.77989018e+02 
 4.16869383e+00  6.80450052e+01  4.16869383e+00  1.77942985e+02 
 4.26579519e+00  6.80447590e+01  4.26579519e+00  1.77895863e+02 
 4.36515832e+00  6.80445023e+01  4.36515832e+00  1.77847627e+02 
 4.46683592e+00  6.80442347e+01  4.46683592e+00  1.77798251e+02 
 4.57088190e+00  6.80439556e+01  4.57088190e+00  1.77747710e+02 
 4.67735141e+00  6.80436643e+01  4.67735141e+00  1.77695975e+02 
 4.78630092e+00  6.80433601e+01  4.78630092e+00  1.77643021e+02 
 4.89778819e+00  6.80430426e+01  4.89778819e+00  1.77588819e+02 
 5.01187234e+00  6.80427109e+01  5.01187234e+00  1.77533339e+02 
 5.12861384e+00  6.80423644e+01  5.12861384e+00  1.77476554e+02 
 5.24807460e+00  6.80420022e+01  5.24807460e+00  1.77418433e+02 
 5.37031796e+00  6.80416237e+01  5.37031796e+00  1.77358945e+02 
 5.49540874e+00  6.80412280e+01  5.49540874e+00  1.77298058e+02 
 5.62341325e+00  6.80408142e+01  5.62341325e+00  1.77235742e+02 
 5.75439937e+00  6.80403814e+01  5.75439937e+00  1.77171961e+02 
 5.88843655e+00  6.80399287e+01  5.88843655e+00  1.77106684e+02 
 6.02559586e+00  6.80394551e+01  6.02559586e+00  1.77039876e+02 
 6.16595002e+00  6.80389595e+01  6.16595002e+00  1.76971500e+02 
 6.30957344e+00  6.80384410e+01  6.30957344e+00  1.76901522e+02 
 6.45654229e+00  6.80378982e+01  6.45654229e+00  1.76829905e+02 
 6.60693448e+00  6.80373301e+01  6.60693448e+00  1.76756610e+02 
 6.76082975e+00  6.80367354e+01  6.76082975e+00  1.76681600e+02 
 6.91830971e+00  6.80361128e+01  6.91830971e+00  1.76604834e+02 
 7.07945784e+00  6.80354610e+01  7.07945784e+00  1.76526273e+02 
 7.24435960e+00  6.80347784e+01  7.24435960e+00  1.76445875e+02 
 7.41310241e+00  6.80340636e+01  7.41310241e+00  1.76363599e+02 
 7.58577575e+00  6.80333149e+01  7.58577575e+00  1.76279400e+02 
 7.76247117e+00  6.80325309e+01  7.76247117e+00  1.76193236e+02 
 7.94328235e+00  6.80317097e+01  7.94328235e+00  1.76105060e+02 
 8.12830516e+00  6.80308494e+01  8.12830516e+00  1.76014827e+02 
 8.31763771e+00  6.80299483e+01  8.31763771e+00  1.75922491e+02 
 8.51138038e+00  6.80290042e+01  8.51138038e+00  1.75828002e+02 
 8.70963590e+00  6.80280151e+01  8.70963590e+00  1.75731311e+02 
 8.91250938e+00  6.80269789e+01  8.91250938e+00  1.75632369e+02 
 9.12010839e+00  6.80258931e+01  9.12010839e+00  1.75531125e+02 
 9.33254301e+00  6.80247554e+01  9.33254301e+00  1.75427525e+02 
 9.54992586e+00  6.80235632e+01  9.54992586e+00  1.75321516e+02 
 9.77237221e+00  6.80223139e+01  9.77237221e+00  1.75213044e+02 
 1.00000000e+01  6.80210047e+01  1.00000000e+01  1.75102052e+02 
 1.02329299e+01  6.80196327e+01  1.02329299e+01  1.74988484e+02 
 1.04712855e+01  6.80181948e+01  1.04712855e+01  1.74872282e+02 
 1.07151931e+01  6.80166878e+01  1.07151931e+01  1.74753386e+02 
 1.09647820e+01  6.80151083e+01  1.09647820e+01  1.74631736e+02 
 1.12201845e+01  6.80134528e+01  1.12201845e+01  1.74507270e+02 
 1.14815362e+01  6.80117177e+01  1.14815362e+01  1.74379924e+02 
 1.17489755e+01  6.80098989e+01  1.17489755e+01  1.74249635e+02 
 1.20226443e+01  6.80079925e+01  1.20226443e+01  1.74116337e+02 
 1.23026877e+01  6.80059942e+01  1.23026877e+01  1.73979964e+02 
 1.25892541e+01  6.80038995e+01  1.25892541e+01  1.73840446e+02 
 1.28824955e+01  6.80017038e+01  1.28824955e+01  1.73697716e+02 
 1.31825674e+01  6.79994022e+01  1.31825674e+01  1.73551701e+02 
 1.34896288e+01  6.79969895e+01  1.34896288e+01  1.73402332e+02 
 1.38038426e+01  6.79944603e+01  1.38038426e+01  1.73249533e+02 
 1.41253754e+01  6.79918091e+01  1.41253754e+01  1.73093231e+02 
 1.44543977e+01  6.79890300e+01  1.44543977e+01  1.72933350e+02 
 1.47910839e+01  6.79861168e+01  1.47910839e+01  1.72769813e+02 
 1.51356125e+01  6.79830630e+01  1.51356125e+01  1.72602542e+02 
 1.54881662e+01  6.79798620e+01  1.54881662e+01  1.72431458e+02 
 1.58489319e+01  6.79765066e+01  1.58489319e+01  1.72256479e+02 
 1.62181010e+01  6.79729895e+01  1.62181010e+01  1.72077524e+02 
 1.65958691e+01  6.79693031e+01  1.65958691e+01  1.71894510e+02 
 1.69824365e+01  6.79654391e+01  1.69824365e+01  1.71707353e+02 
 1.73780083e+01  6.79613893e+01  1.73780083e+01  1.71515967e+02 
 1.77827941e+01  6.79571449e+01  1.77827941e+01  1.71320265e+02 
 1.81970086e+01  6.79526967e+01  1.81970086e+01  1.71120161e+02 
 1.86208714e+01  6.79480351e+01  1.86208714e+01  1.70915565e+02 
 1.90546072e+01  6.79431501e+01  1.90546072e+01  1.70706388e+02 
 1.94984460e+01  6.79380313e+01  1.94984460e+01  1.70492541e+02 
 1.99526231e+01  6.79326679e+01  1.99526231e+01  1.70273930e+02 
 2.04173794e+01  6.79270486e+01  2.04173794e+01  1.70050465e+02 
 2.08929613e+01  6.79211615e+01  2.08929613e+01  1.69822053e+02 
 2.13796209e+01  6.79149943e+01  2.13796209e+01  1.69588599e+02 
 2.18776162e+01  6.79085343e+01  2.18776162e+01  1.69350010e+02 
 2.23872114e+01  6.79017682e+01  2.23872114e+01  1.69106191e+02 
 2.29086765e+01  6.78946821e+01  2.29086765e+01  1.68857048e+02 
 2.34422882e+01  6.78872617e+01  2.34422882e+01  1.68602484e+02 
 2.39883292e+01  6.78794919e+01  2.39883292e+01  1.68342404e+02 
 2.45470892e+01  6.78713571e+01  2.45470892e+01  1.68076712e+02 
 2.51188643e+01  6.78628414e+01  2.51188643e+01  1.67805313e+02 
 2.57039578e+01  6.78539278e+01  2.57039578e+01  1.67528112e+02 
 2.63026799e+01  6.78445990e+01  2.63026799e+01  1.67245012e+02 
 2.69153480e+01  6.78348370e+01  2.69153480e+01  1.66955918e+02 
 2.75422870e+01  6.78246230e+01  2.75422870e+01  1.66660737e+02 
 2.81838293e+01  6.78139376e+01  2.81838293e+01  1.66359375e+02 
 2.88403150e+01  6.78027608e+01  2.88403150e+01  1.66051738e+02 
 2.95120923e+01  6.77910719e+01  2.95120923e+01  1.65737736e+02 
 3.01995172e+01  6.77788492e+01  3.01995172e+01  1.65417277e+02 
 3.09029543e+01  6.77660707e+01  3.09029543e+01  1.65090273e+02 
 3.16227766e+01  6.77527132e+01  3.16227766e+01  1.64756637e+02 
 3.23593657e+01  6.77387532e+01  3.23593657e+01  1.64416282e+02 
 3.31131121e+01  6.77241660e+01  3.31131121e+01  1.64069126e+02 
 3.38844156e+01  6.77089265e+01  3.38844156e+01  1.63715087e+02 
 3.46736850e+01  6.76930086e+01  3.46736850e+01  1.63354087e+02 
 3.54813389e+01  6.76763854e+01  3.54813389e+01  1.62986051e+02 
 3.63078055e+01  6.76590294e+01  3.63078055e+01  1.62610906e+02 
 3.71535229e+01  6.76409120e+01  3.71535229e+01  1.62228583e+02 
 3.80189396e+01  6.76220042e+01  3.80189396e+01  1.61839018e+02 
 3.89045145e+01  6.76022759e+01  3.89045145e+01  1.61442148e+02 
 3.98107171e+01  6.75816962e+01  3.98107171e+01  1.61037919e+02 
 4.07380278e+01  6.75602336e+01  4.07380278e+01  1.60626277e+02 
 4.16869383e+01  6.75378557e+01  4.16869383e+01  1.60207176e+02 
 4.26579519e+01  6.75145294e+01  4.26579519e+01  1.59780574e+02 
 4.36515832e+01  6.74902207e+01  4.36515832e+01  1.59346436e+02 
 4.46683592e+01  6.74648950e+01  4.46683592e+01  1.58904732e+02 
 4.57088190e+01  6.74385171e+01  4.57088190e+01  1.58455440e+02 
 4.67735141e+01  6.74110508e+01  4.67735141e+01  1.57998543e+02 
 4.78630092e+01  6.73824595e+01  4.78630092e+01  1.57534033e+02 
 4.89778819e+01  6.73527058e+01  4.89778819e+01  1.57061909e+02 
 5.01187234e+01  6.73217519e+01  5.01187234e+01  1.56582178e+02 
 5.12861384e+01  6.72895593e+01  5.12861384e+01  1.56094855e+02 
 5.24807460e+01  6.72560890e+01  5.24807460e+01  1.55599965e+02 
 5.37031796e+01  6.72213016e+01  5.37031796e+01  1.55097542e+02 
 5.49540874e+01  6.71851574e+01  5.49540874e+01  1.54587629e+02 
 5.62341325e+01  6.71476162e+01  5.62341325e+01  1.54070279e+02 
 5.75439937e+01  6.71086376e+01  5.75439937e+01  1.53545556e+02 
 5.88843655e+01  6.70681811e+01  5.88843655e+01  1.53013533e+02 
 6.02559586e+01  6.70262059e+01  6.02559586e+01  1.52474295e+02 
 6.16595002e+01  6.69826713e+01  6.16595002e+01  1.51927940e+02 
 6.30957344e+01  6.69375366e+01  6.30957344e+01  1.51374574e+02 
 6.45654229e+01  6.68907613e+01  6.45654229e+01  1.50814316e+02 
 6.60693448e+01  6.68423051e+01  6.60693448e+01  1.50247299e+02 
 6.76082975e+01  6.67921279e+01  6.76082975e+01  1.49673664e+02 
 6.91830971e+01  6.67401902e+01  6.91830971e+01  1.49093567e+02 
 7.07945784e+01  6.66864530e+01  7.07945784e+01  1.48507175e+02 
 7.24435960e+01  6.66308779e+01  7.24435960e+01  1.47914669e+02 
 7.41310241e+01  6.65734273e+01  7.41310241e+01  1.47316240e+02 
 7.58577575e+01  6.65140645e+01  7.58577575e+01  1.46712091e+02 
 7.76247117e+01  6.64527537e+01  7.76247117e+01  1.46102439e+02 
 7.94328235e+01  6.63894603e+01  7.94328235e+01  1.45487512e+02 
 8.12830516e+01  6.63241507e+01  8.12830516e+01  1.44867548e+02 
 8.31763771e+01  6.62567929e+01  8.31763771e+01  1.44242798e+02 
 8.51138038e+01  6.61873562e+01  8.51138038e+01  1.43613524e+02 
 8.70963590e+01  6.61158114e+01  8.70963590e+01  1.42979998e+02 
 8.91250938e+01  6.60421310e+01  8.91250938e+01  1.42342502e+02 
 9.12010839e+01  6.59662893e+01  9.12010839e+01  1.41701328e+02 
 9.33254301e+01  6.58882624e+01  9.33254301e+01  1.41056776e+02 
 9.54992586e+01  6.58080284e+01  9.54992586e+01  1.40409156e+02 
 9.77237221e+01  6.57255674e+01  9.77237221e+01  1.39758784e+02 
 1.00000000e+02  6.56408615e+01  1.00000000e+02  1.39105983e+02 
 1.02329299e+02  6.55538951e+01  1.02329299e+02  1.38451086e+02 
 1.04712855e+02  6.54646549e+01  1.04712855e+02  1.37794425e+02 
 1.07151931e+02  6.53731298e+01  1.07151931e+02  1.37136342e+02 
 1.09647820e+02  6.52793111e+01  1.09647820e+02  1.36477181e+02 
 1.12201845e+02  6.51831924e+01  1.12201845e+02  1.35817288e+02 
 1.14815362e+02  6.50847699e+01  1.14815362e+02  1.35157011e+02 
 1.17489755e+02  6.49840421e+01  1.17489755e+02  1.34496701e+02 
 1.20226443e+02  6.48810098e+01  1.20226443e+02  1.33836707e+02 
 1.23026877e+02  6.47756766e+01  1.23026877e+02  1.33177378e+02 
 1.25892541e+02  6.46680482e+01  1.25892541e+02  1.32519062e+02 
 1.28824955e+02  6.45581328e+01  1.28824955e+02  1.31862102e+02 
 1.31825674e+02  6.44459409e+01  1.31825674e+02  1.31206841e+02 
 1.34896288e+02  6.43314855e+01  1.34896288e+02  1.30553615e+02 
 1.38038426e+02  6.42147817e+01  1.38038426e+02  1.29902754e+02 
 1.41253754e+02  6.40958469e+01  1.41253754e+02  1.29254586e+02 
 1.44543977e+02  6.39747005e+01  1.44543977e+02  1.28609427e+02 
 1.47910839e+02  6.38513641e+01  1.47910839e+02  1.27967591e+02 
 1.51356125e+02  6.37258611e+01  1.51356125e+02  1.27329378e+02 
 1.54881662e+02  6.35982170e+01  1.54881662e+02  1.26695083e+02 
 1.58489319e+02  6.34684590e+01  1.58489319e+02  1.26064992e+02 
 1.62181010e+02  6.33366158e+01  1.62181010e+02  1.25439377e+02 
 1.65958691e+02  6.32027179e+01  1.65958691e+02  1.24818504e+02 
 1.69824365e+02  6.30667973e+01  1.69824365e+02  1.24202625e+02 
 1.73780083e+02  6.29288871e+01  1.73780083e+02  1.23591983e+02 
 1.77827941e+02  6.27890219e+01  1.77827941e+02  1.22986807e+02 
 1.81970086e+02  6.26472373e+01  1.81970086e+02  1.22387317e+02 
 1.86208714e+02  6.25035698e+01  1.86208714e+02  1.21793719e+02 
 1.90546072e+02  6.23580571e+01  1.90546072e+02  1.21206207e+02 
 1.94984460e+02  6.22107375e+01  1.94984460e+02  1.20624964e+02 
 1.99526231e+02  6.20616498e+01  1.99526231e+02  1.20050160e+02 
 2.04173794e+02  6.19108338e+01  2.04173794e+02  1.19481952e+02 
 2.08929613e+02  6.17583294e+01  2.08929613e+02  1.18920485e+02 
 2.13796209e+02  6.16041770e+01  2.13796209e+02  1.18365894e+02 
 2.18776162e+02  6.14484171e+01  2.18776162e+02  1.17818300e+02 
 2.23872114e+02  6.12910907e+01  2.23872114e+02  1.17277812e+02 
 2.29086765e+02  6.11322384e+01  2.29086765e+02  1.16744528e+02 
 2.34422882e+02  6.09719012e+01  2.34422882e+02  1.16218536e+02 
 2.39883292e+02  6.08101197e+01  2.39883292e+02  1.15699911e+02 
 2.45470892e+02  6.06469344e+01  2.45470892e+02  1.15188718e+02 
 2.51188643e+02  6.04823858e+01  2.51188643e+02  1.14685012e+02 
 2.57039578e+02  6.03165136e+01  2.57039578e+02  1.14188836e+02 
 2.63026799e+02  6.01493574e+01  2.63026799e+02  1.13700227e+02 
 2.69153480e+02  5.99809565e+01  2.69153480e+02  1.13219209e+02 
 2.75422870e+02  5.98113493e+01  2.75422870e+02  1.12745799e+02 
 2.81838293e+02  5.96405740e+01  2.81838293e+02  1.12280005e+02 
 2.88403150e+02  5.94686679e+01  2.88403150e+02  1.11821826e+02 
 2.95120923e+02  5.92956681e+01  2.95120923e+02  1.11371253e+02 
 3.01995172e+02  5.91216105e+01  3.01995172e+02  1.10928273e+02 
 3.09029543e+02  5.89465307e+01  3.09029543e+02  1.10492860e+02 
 3.16227766e+02  5.87704635e+01  3.16227766e+02  1.10064988e+02 
 3.23593657e+02  5.85934428e+01  3.23593657e+02  1.09644619e+02 
 3.31131121e+02  5.84155019e+01  3.31131121e+02  1.09231712e+02 
 3.38844156e+02  5.82366732e+01  3.38844156e+02  1.08826221e+02 
 3.46736850e+02  5.80569883e+01  3.46736850e+02  1.08428093e+02 
 3.54813389e+02  5.78764782e+01  3.54813389e+02  1.08037272e+02 
 3.63078055e+02  5.76951729e+01  3.63078055e+02  1.07653696e+02 
 3.71535229e+02  5.75131015e+01  3.71535229e+02  1.07277300e+02 
 3.80189396e+02  5.73302925e+01  3.80189396e+02  1.06908015e+02 
 3.89045145e+02  5.71467736e+01  3.89045145e+02  1.06545767e+02 
 3.98107171e+02  5.69625715e+01  3.98107171e+02  1.06190483e+02 
 4.07380278e+02  5.67777121e+01  4.07380278e+02  1.05842082e+02 
 4.16869383e+02  5.65922208e+01  4.16869383e+02  1.05500483e+02 
 4.26579519e+02  5.64061218e+01  4.26579519e+02  1.05165604e+02 
 4.36515832e+02  5.62194389e+01  4.36515832e+02  1.04837359e+02 
 4.46683592e+02  5.60321948e+01  4.46683592e+02  1.04515659e+02 
 4.57088190e+02  5.58444116e+01  4.57088190e+02  1.04200418e+02 
 4.67735141e+02  5.56561108e+01  4.67735141e+02  1.03891543e+02 
 4.78630092e+02  5.54673130e+01  4.78630092e+02  1.03588944e+02 
 4.89778819e+02  5.52780380e+01  4.89778819e+02  1.03292528e+02 
 5.01187234e+02  5.50883051e+01  5.01187234e+02  1.03002202e+02 
 5.12861384e+02  5.48981328e+01  5.12861384e+02  1.02717872e+02 
 5.24807460e+02  5.47075391e+01  5.24807460e+02  1.02439445e+02 
 5.37031796e+02  5.45165411e+01  5.37031796e+02  1.02166824e+02 
 5.49540874e+02  5.43251554e+01  5.49540874e+02  1.01899917e+02 
 5.62341325e+02  5.41333980e+01  5.62341325e+02  1.01638627e+02 
 5.75439937e+02  5.39412843e+01  5.75439937e+02  1.01382861e+02 
 5.88843655e+02  5.37488290e+01  5.88843655e+02  1.01132524e+02 
 6.02559586e+02  5.35560466e+01  6.02559586e+02  1.00887523e+02 
 6.16595002e+02  5.33629505e+01  6.16595002e+02  1.00647762e+02 
 6.30957344e+02  5.31695540e+01  6.30957344e+02  1.00413150e+02 
 6.45654229e+02  5.29758697e+01  6.45654229e+02  1.00183594e+02 
 6.60693448e+02  5.27819098e+01  6.60693448e+02  9.99590019e+01 
 6.76082975e+02  5.25876860e+01  6.76082975e+02  9.97392829e+01 
 6.91830971e+02  5.23932095e+01  6.91830971e+02  9.95243467e+01 
 7.07945784e+02  5.21984910e+01  7.07945784e+02  9.93141040e+01 
 7.24435960e+02  5.20035408e+01  7.24435960e+02  9.91084664e+01 
 7.41310241e+02  5.18083690e+01  7.41310241e+02  9.89073465e+01 
 7.58577575e+02  5.16129849e+01  7.58577575e+02  9.87106578e+01 
 7.76247117e+02  5.14173977e+01  7.76247117e+02  9.85183150e+01 
 7.94328235e+02  5.12216162e+01  7.94328235e+02  9.83302339e+01 
 8.12830516e+02  5.10256488e+01  8.12830516e+02  9.81463312e+01 
 8.31763771e+02  5.08295035e+01  8.31763771e+02  9.79665251e+01 
 8.51138038e+02  5.06331879e+01  8.51138038e+02  9.77907348e+01 
 8.70963590e+02  5.04367096e+01  8.70963590e+02  9.76188806e+01 
 8.91250938e+02  5.02400755e+01  8.91250938e+02  9.74508841e+01 
 9.12010839e+02  5.00432925e+01  9.12010839e+02  9.72866682e+01 
 9.33254301e+02  4.98463671e+01  9.33254301e+02  9.71261569e+01 
 9.54992586e+02  4.96493054e+01  9.54992586e+02  9.69692756e+01 
 9.77237221e+02  4.94521135e+01  9.77237221e+02  9.68159508e+01 
 1.00000000e+03  4.92547970e+01  1.00000000e+03  9.66661103e+01 
 1.02329299e+03  4.90573615e+01  1.02329299e+03  9.65196832e+01 
 1.04712855e+03  4.88598121e+01  1.04712855e+03  9.63765998e+01 
 1.07151931e+03  4.86621539e+01  1.07151931e+03  9.62367916e+01 
 1.09647820e+03  4.84643916e+01  1.09647820e+03  9.61001916e+01 
 1.12201845e+03  4.82665298e+01  1.12201845e+03  9.59667338e+01 
 1.14815362e+03  4.80685730e+01  1.14815362e+03  9.58363535e+01 
 1.17489755e+03  4.78705254e+01  1.17489755e+03  9.57089872e+01 
 1.20226443e+03  4.76723908e+01  1.20226443e+03  9.55845728e+01 
 1.23026877e+03  4.74741733e+01  1.23026877e+03  9.54630492e+01 
 1.25892541e+03  4.72758765e+01  1.25892541e+03  9.53443566e+01 
 1.28824955e+03  4.70775038e+01  1.28824955e+03  9.52284365e+01 
 1.31825674e+03  4.68790588e+01  1.31825674e+03  9.51152314e+01 
 1.34896288e+03  4.66805445e+01  1.34896288e+03  9.50046850e+01 
 1.38038426e+03  4.64819641e+01  1.38038426e+03  9.48967424e+01 
 1.41253754e+03  4.62833206e+01  1.41253754e+03  9.47913495e+01 
 1.44543977e+03  4.60846167e+01  1.44543977e+03  9.46884536e+01 
 1.47910839e+03  4.58858551e+01  1.47910839e+03  9.45880029e+01 
 1.51356125e+03  4.56870384e+01  1.51356125e+03  9.44899470e+01 
 1.54881662e+03  4.54881692e+01  1.54881662e+03  9.43942363e+01 
 1.58489319e+03  4.52892496e+01  1.58489319e+03  9.43008224e+01 
 1.62181010e+03  4.50902821e+01  1.62181010e+03  9.42096580e+01 
 1.65958691e+03  4.48912687e+01  1.65958691e+03  9.41206969e+01 
 1.69824365e+03  4.46922116e+01  1.69824365e+03  9.40338936e+01 
 1.73780083e+03  4.44931126e+01  1.73780083e+03  9.39492041e+01 
 1.77827941e+03  4.42939737e+01  1.77827941e+03  9.38665851e+01 
 1.81970086e+03  4.40947967e+01  1.81970086e+03  9.37859942e+01 
 1.86208714e+03  4.38955832e+01  1.86208714e+03  9.37073904e+01 
 1.90546072e+03  4.36963351e+01  1.90546072e+03  9.36307331e+01 
 1.94984460e+03  4.34970537e+01  1.94984460e+03  9.35559831e+01 
 1.99526231e+03  4.32977407e+01  1.99526231e+03  9.34831018e+01 
 2.04173794e+03  4.30983975e+01  2.04173794e+03  9.34120519e+01 
 2.08929613e+03  4.28990254e+01  2.08929613e+03  9.33427965e+01 
 2.13796209e+03  4.26996258e+01  2.13796209e+03  9.32753000e+01 
 2.18776162e+03  4.25002000e+01  2.18776162e+03  9.32095274e+01 
 2.23872114e+03  4.23007491e+01  2.23872114e+03  9.31454448e+01 
 2.29086765e+03  4.21012743e+01  2.29086765e+03  9.30830189e+01 
 2.34422882e+03  4.19017767e+01  2.34422882e+03  9.30222174e+01 
 2.39883292e+03  4.17022573e+01  2.39883292e+03  9.29630087e+01 
 2.45470892e+03  4.15027173e+01  2.45470892e+03  9.29053620e+01 
 2.51188643e+03  4.13031575e+01  2.51188643e+03  9.28492474e+01 
 2.57039578e+03  4.11035789e+01  2.57039578e+03  9.27946357e+01 
 2.63026799e+03  4.09039823e+01  2.63026799e+03  9.27414985e+01 
 2.69153480e+03  4.07043687e+01  2.69153480e+03  9.26898079e+01 
 2.75422870e+03  4.05047388e+01  2.75422870e+03  9.26395372e+01 
 2.81838293e+03  4.03050934e+01  2.81838293e+03  9.25906600e+01 
 2.88403150e+03  4.01054332e+01  2.88403150e+03  9.25431509e+01 
 2.95120923e+03  3.99057591e+01  2.95120923e+03  9.24969849e+01 
 3.01995172e+03  3.97060716e+01  3.01995172e+03  9.24521380e+01 
 3.09029543e+03  3.95063714e+01  3.09029543e+03  9.24085868e+01 
 3.16227766e+03  3.93066592e+01  3.16227766e+03  9.23663083e+01 
 3.23593657e+03  3.91069356e+01  3.23593657e+03  9.23252805e+01 
 3.31131121e+03  3.89072011e+01  3.31131121e+03  9.22854818e+01 
 3.38844156e+03  3.87074563e+01  3.38844156e+03  9.22468915e+01 
 3.46736850e+03  3.85077018e+01  3.46736850e+03  9.22094892e+01 
 3.54813389e+03  3.83079380e+01  3.54813389e+03  9.21732554e+01 
 3.63078055e+03  3.81081655e+01  3.63078055e+03  9.21381709e+01 
 3.71535229e+03  3.79083848e+01  3.71535229e+03  9.21042175e+01 
 3.80189396e+03  3.77085963e+01  3.80189396e+03  9.20713772e+01 
 3.89045145e+03  3.75088004e+01  3.89045145e+03  9.20396328e+01 
 3.98107171e+03  3.73089977e+01  3.98107171e+03  9.20089676e+01 
 4.07380278e+03  3.71091884e+01  4.07380278e+03  9.19793655e+01 
 4.16869383e+03  3.69093731e+01  4.16869383e+03  9.19508109e+01 
 4.26579519e+03  3.67095520e+01  4.26579519e+03  9.19232887e+01 
 4.36515832e+03  3.65097257e+01  4.36515832e+03  9.18967845e+01 
 4.46683592e+03  3.63098944e+01  4.46683592e+03  9.18712844e+01 
 4.57088190e+03  3.61100586e+01  4.57088190e+03  9.18467748e+01 
 4.67735141e+03  3.59102184e+01  4.67735141e+03  9.18232429e+01 
 4.78630092e+03  3.57103744e+01  4.78630092e+03  9.18006763e+01 
 4.89778819e+03  3.55105268e+01  4.89778819e+03  9.17790630e+01 
 5.01187234e+03  3.53106760e+01  5.01187234e+03  9.17583916e+01 
 5.12861384e+03  3.51108222e+01  5.12861384e+03  9.17386514e+01 
 5.24807460e+03  3.49109658e+01  5.24807460e+03  9.17198317e+01 
 5.37031796e+03  3.47111071e+01  5.37031796e+03  9.17019227e+01 
 5.49540874e+03  3.45112464e+01  5.49540874e+03  9.16849150e+01 
 5.62341325e+03  3.43113839e+01  5.62341325e+03  9.16687995e+01 
 5.75439937e+03  3.41115200e+01  5.75439937e+03  9.16535677e+01 
 5.88843655e+03  3.39116550e+01  5.88843655e+03  9.16392116e+01 
 6.02559586e+03  3.37117891e+01  6.02559586e+03  9.16257235e+01 
 6.16595002e+03  3.35119226e+01  6.16595002e+03  9.16130963e+01 
 6.30957344e+03  3.33120558e+01  6.30957344e+03  9.16013233e+01 
 6.45654229e+03  3.31121890e+01  6.45654229e+03  9.15903983e+01 
 6.60693448e+03  3.29123225e+01  6.60693448e+03  9.15803155e+01 
 6.76082975e+03  3.27124566e+01  6.76082975e+03  9.15710695e+01 
 6.91830971e+03  3.25125914e+01  6.91830971e+03  9.15626554e+01 
 7.07945784e+03  3.23127275e+01  7.07945784e+03  9.15550687e+01 
 7.24435960e+03  3.21128649e+01  7.24435960e+03  9.15483053e+01 
 7.41310241e+03  3.19130040e+01  7.41310241e+03  9.15423616e+01 
 7.58577575e+03  3.17131451e+01  7.58577575e+03  9.15372345e+01 
 7.76247117e+03  3.15132885e+01  7.76247117e+03  9.15329212e+01 
 7.94328235e+03  3.13134346e+01  7.94328235e+03  9.15294193e+01 
 8.12830516e+03  3.11135835e+01  8.12830516e+03  9.15267269e+01 
 8.31763771e+03  3.09137356e+01  8.31763771e+03  9.15248425e+01 
 8.51138038e+03  3.07138913e+01  8.51138038e+03  9.15237651e+01 
 8.70963590e+03  3.05140509e+01  8.70963590e+03  9.15234939e+01 
 8.91250938e+03  3.03142147e+01  8.91250938e+03  9.15240289e+01 
 9.12010839e+03  3.01143831e+01  9.12010839e+03  9.15253701e+01 
 9.33254301e+03  2.99145563e+01  9.33254301e+03  9.15275181e+01 
 9.54992586e+03  2.97147349e+01  9.54992586e+03  9.15304741e+01 
 9.77237221e+03  2.95149191e+01  9.77237221e+03  9.15342393e+01 
 1.00000000e+04  2.93151094e+01  1.00000000e+04  9.15388158e+01 
 1.02329299e+04  2.91153061e+01  1.02329299e+04  9.15442057e+01 
 1.04712855e+04  2.89155097e+01  1.04712855e+04  9.15504118e+01 
 1.07151931e+04  2.87157206e+01  1.07151931e+04  9.15574372e+01 
 1.09647820e+04  2.85159393e+01  1.09647820e+04  9.15652854e+01 
 1.12201845e+04  2.83161661e+01  1.12201845e+04  9.15739604e+01 
 1.14815362e+04  2.81164017e+01  1.14815362e+04  9.15834666e+01 
 1.17489755e+04  2.79166464e+01  1.17489755e+04  9.15938088e+01 
 1.20226443e+04  2.77169008e+01  1.20226443e+04  9.16049923e+01 
 1.23026877e+04  2.75171655e+01  1.23026877e+04  9.16170227e+01 
 1.25892541e+04  2.73174410e+01  1.25892541e+04  9.16299061e+01 
 1.28824955e+04  2.71177279e+01  1.28824955e+04  9.16436490e+01 
 1.31825674e+04  2.69180267e+01  1.31825674e+04  9.16582584e+01 
 1.34896288e+04  2.67183382e+01  1.34896288e+04  9.16737418e+01 
 1.38038426e+04  2.65186629e+01  1.38038426e+04  9.16901068e+01 
 1.41253754e+04  2.63190016e+01  1.41253754e+04  9.17073619e+01 
 1.44543977e+04  2.61193549e+01  1.44543977e+04  9.17255157e+01 
 1.47910839e+04  2.59197237e+01  1.47910839e+04  9.17445775e+01 
 1.51356125e+04  2.57201087e+01  1.51356125e+04  9.17645567e+01 
 1.54881662e+04  2.55205107e+01  1.54881662e+04  9.17854635e+01 
 1.58489319e+04  2.53209305e+01  1.58489319e+04  9.18073084e+01 
 1.62181010e+04  2.51213691e+01  1.62181010e+04  9.18301024e+01 
 1.65958691e+04  2.49218273e+01  1.65958691e+04  9.18538569e+01 
 1.69824365e+04  2.47223062e+01  1.69824365e+04  9.18785838e+01 
 1.73780083e+04  2.45228066e+01  1.73780083e+04  9.19042955e+01 
 1.77827941e+04  2.43233298e+01  1.77827941e+04  9.19310048e+01 
 1.81970086e+04  2.41238767e+01  1.81970086e+04  9.19587249e+01 
 1.86208714e+04  2.39244486e+01  1.86208714e+04  9.19874698e+01 
 1.90546072e+04  2.37250466e+01  1.90546072e+04  9.20172536e+01 
 1.94984460e+04  2.35256719e+01  1.94984460e+04  9.20480911e+01 
 1.99526231e+04  2.33263260e+01  1.99526231e+04  9.20799975e+01 
 2.04173794e+04  2.31270101e+01  2.04173794e+04  9.21129885e+01 
 2.08929613e+04  2.29277257e+01  2.08929613e+04  9.21470803e+01 
 2.13796209e+04  2.27284743e+01  2.13796209e+04  9.21822896e+01 
 2.18776162e+04  2.25292575e+01  2.18776162e+04  9.22186336e+01 
 2.23872114e+04  2.23300768e+01  2.23872114e+04  9.22561299e+01 
 2.29086765e+04  2.21309340e+01  2.29086765e+04  9.22947968e+01 
 2.34422882e+04  2.19318310e+01  2.34422882e+04  9.23346529e+01 
 2.39883292e+04  2.17327694e+01  2.39883292e+04  9.23757174e+01 
 2.45470892e+04  2.15337514e+01  2.45470892e+04  9.24180099e+01 
 2.51188643e+04  2.13347790e+01  2.51188643e+04  9.24615507e+01 
 2.57039578e+04  2.11358542e+01  2.57039578e+04  9.25063605e+01 
 2.63026799e+04  2.09369794e+01  2.63026799e+04  9.25524604e+01 
 2.69153480e+04  2.07381568e+01  2.69153480e+04  9.25998721e+01 
 2.75422870e+04  2.05393890e+01  2.75422870e+04  9.26486178e+01 
 2.81838293e+04  2.03406783e+01  2.81838293e+04  9.26987203e+01 
 2.88403150e+04  2.01420276e+01  2.88403150e+04  9.27502027e+01 
 2.95120923e+04  1.99434396e+01  2.95120923e+04  9.28030887e+01 
 3.01995172e+04  1.97449172e+01  3.01995172e+04  9.28574024e+01 
 3.09029543e+04  1.95464635e+01  3.09029543e+04  9.29131686e+01 
 3.16227766e+04  1.93480816e+01  3.16227766e+04  9.29704124e+01 
 3.23593657e+04  1.91497749e+01  3.23593657e+04  9.30291595e+01 
 3.31131121e+04  1.89515468e+01  3.31131121e+04  9.30894358e+01 
 3.38844156e+04  1.87534009e+01  3.38844156e+04  9.31512679e+01 
 3.46736850e+04  1.85553412e+01  3.46736850e+04  9.32146828e+01 
 3.54813389e+04  1.83573714e+01  3.54813389e+04  9.32797080e+01 
 3.63078055e+04  1.81594958e+01  3.63078055e+04  9.33463713e+01 
 3.71535229e+04  1.79617187e+01  3.71535229e+04  9.34147009e+01 
 3.80189396e+04  1.77640445e+01  3.80189396e+04  9.34847254e+01 
 3.89045145e+04  1.75664781e+01  3.89045145e+04  9.35564739e+01 
 3.98107171e+04  1.73690242e+01  3.98107171e+04  9.36299757e+01 
 4.07380278e+04  1.71716881e+01  4.07380278e+04  9.37052606e+01 
 4.16869383e+04  1.69744750e+01  4.16869383e+04  9.37823584e+01 
 4.26579519e+04  1.67773907e+01  4.26579519e+04  9.38612995e+01 
 4.36515832e+04  1.65804409e+01  4.36515832e+04  9.39421144e+01 
 4.46683592e+04  1.63836317e+01  4.46683592e+04  9.40248338e+01 
 4.57088190e+04  1.61869694e+01  4.57088190e+04  9.41094886e+01 
 4.67735141e+04  1.59904607e+01  4.67735141e+04  9.41961098e+01 
 4.78630092e+04  1.57941125e+01  4.78630092e+04  9.42847286e+01 
 4.89778819e+04  1.55979320e+01  4.89778819e+04  9.43753761e+01 
 5.01187234e+04  1.54019266e+01  5.01187234e+04  9.44680835e+01 
 5.12861384e+04  1.52061042e+01  5.12861384e+04  9.45628819e+01 
 5.24807460e+04  1.50104729e+01  5.24807460e+04  9.46598024e+01 
 5.37031796e+04  1.48150412e+01  5.37031796e+04  9.47588757e+01 
 5.49540874e+04  1.46198180e+01  5.49540874e+04  9.48601325e+01 
 5.62341325e+04  1.44248124e+01  5.62341325e+04  9.49636030e+01 
 5.75439937e+04  1.42300340e+01  5.75439937e+04  9.50693171e+01 
 5.88843655e+04  1.40354927e+01  5.88843655e+04  9.51773041e+01 
 6.02559586e+04  1.38411989e+01  6.02559586e+04  9.52875928e+01 
 6.16595002e+04  1.36471634e+01  6.16595002e+04  9.54002114e+01 
 6.30957344e+04  1.34533974e+01  6.30957344e+04  9.55151872e+01 
 6.45654229e+04  1.32599124e+01  6.45654229e+04  9.56325467e+01 
 6.60693448e+04  1.30667206e+01  6.60693448e+04  9.57523153e+01 
 6.76082975e+04  1.28738345e+01  6.76082975e+04  9.58745175e+01 
 6.91830971e+04  1.26812672e+01  6.91830971e+04  9.59991761e+01 
 7.07945784e+04  1.24890320e+01  7.07945784e+04  9.61263130e+01 
 7.24435960e+04  1.22971431e+01  7.24435960e+04  9.62559481e+01 
 7.41310241e+04  1.21056150e+01  7.41310241e+04  9.63880999e+01 
 7.58577575e+04  1.19144626e+01  7.58577575e+04  9.65227848e+01 
 7.76247117e+04  1.17237016e+01  7.76247117e+04  9.66600173e+01 
 7.94328235e+04  1.15333481e+01  7.94328235e+04  9.67998095e+01 
 8.12830516e+04  1.13434188e+01  8.12830516e+04  9.69421710e+01 
 8.31763771e+04  1.11539308e+01  8.31763771e+04  9.70871089e+01 
 8.51138038e+04  1.09649021e+01  8.51138038e+04  9.72346274e+01 
 8.70963590e+04  1.07763510e+01  8.70963590e+04  9.73847273e+01 
 8.91250938e+04  1.05882965e+01  8.91250938e+04  9.75374064e+01 
 9.12010839e+04  1.04007581e+01  9.12010839e+04  9.76926586e+01 
 9.33254301e+04  1.02137561e+01  9.33254301e+04  9.78504740e+01 
 9.54992586e+04  1.00273111e+01  9.54992586e+04  9.80108386e+01 
 9.77237221e+04  9.84144455e+00  9.77237221e+04  9.81737337e+01 
 1.00000000e+05  9.65617838e+00  1.00000000e+05  9.83391362e+01 
 1.02329299e+05  9.47153512e+00  1.02329299e+05  9.85070176e+01 
 1.04712855e+05  9.28753789e+00  1.04712855e+05  9.86773442e+01 
 1.07151931e+05  9.10421040e+00  1.07151931e+05  9.88500764e+01 
 1.09647820e+05  8.92157690e+00  1.09647820e+05  9.90251687e+01 
 1.12201845e+05  8.73966222e+00  1.12201845e+05  9.92025690e+01 
 1.14815362e+05  8.55849169e+00  1.14815362e+05  9.93822185e+01 
 1.17489755e+05  8.37809118e+00  1.17489755e+05  9.95640512e+01 
 1.20226443e+05  8.19848704e+00  1.20226443e+05  9.97479937e+01 
 1.23026877e+05  8.01970608e+00  1.23026877e+05  9.99339645e+01 
 1.25892541e+05  7.84177554e+00  1.25892541e+05  1.00121874e+02 
 1.28824955e+05  7.66472307e+00  1.28824955e+05  1.00311623e+02 
 1.31825674e+05  7.48857666e+00  1.31825674e+05  1.00503105e+02 
 1.34896288e+05  7.31336461e+00  1.34896288e+05  1.00696203e+02 
 1.38038426e+05  7.13911550e+00  1.38038426e+05  1.00890789e+02 
 1.41253754e+05  6.96585809e+00  1.41253754e+05  1.01086726e+02 
 1.44543977e+05  6.79362131e+00  1.44543977e+05  1.01283867e+02 
 1.47910839e+05  6.62243417e+00  1.47910839e+05  1.01482053e+02 
 1.51356125e+05  6.45232570e+00  1.51356125e+05  1.01681114e+02 
 1.54881662e+05  6.28332487e+00  1.54881662e+05  1.01880868e+02 
 1.58489319e+05  6.11546051e+00  1.58489319e+05  1.02081120e+02 
 1.62181010e+05  5.94876124e+00  1.62181010e+05  1.02281666e+02 
 1.65958691e+05  5.78325534e+00  1.65958691e+05  1.02482285e+02 
 1.69824365e+05  5.61897072e+00  1.69824365e+05  1.02682747e+02 
 1.73780083e+05  5.45593475e+00  1.73780083e+05  1.02882806e+02 
 1.77827941e+05  5.29417420e+00  1.77827941e+05  1.03082205e+02 
 1.81970086e+05  5.13371513e+00  1.81970086e+05  1.03280672e+02 
 1.86208714e+05  4.97458274e+00  1.86208714e+05  1.03477922e+02 
 1.90546072e+05  4.81680128e+00  1.90546072e+05  1.03673657e+02 
 1.94984460e+05  4.66039395e+00  1.94984460e+05  1.03867565e+02 
 1.99526231e+05  4.50538271e+00  1.99526231e+05  1.04059321e+02 
 2.04173794e+05  4.35178821e+00  2.04173794e+05  1.04248584e+02 
 2.08929613e+05  4.19962966e+00  2.08929613e+05  1.04435003e+02 
 2.13796209e+05  4.04892465e+00  2.13796209e+05  1.04618213e+02 
 2.18776162e+05  3.89968906e+00  2.18776162e+05  1.04797835e+02 
 2.23872114e+05  3.75193694e+00  2.23872114e+05  1.04973479e+02 
 2.29086765e+05  3.60568033e+00  2.29086765e+05  1.05144742e+02 
 2.34422882e+05  3.46092917e+00  2.34422882e+05  1.05311209e+02 
 2.39883292e+05  3.31769118e+00  2.39883292e+05  1.05472456e+02 
 2.45470892e+05  3.17597170e+00  2.45470892e+05  1.05628047e+02 
 2.51188643e+05  3.03577359e+00  2.51188643e+05  1.05777536e+02 
 2.57039578e+05  2.89709715e+00  2.57039578e+05  1.05920468e+02 
 2.63026799e+05  2.75993994e+00  2.63026799e+05  1.06056382e+02 
 2.69153480e+05  2.62429675e+00  2.69153480e+05  1.06184806e+02 
 2.75422870e+05  2.49015947e+00  2.75422870e+05  1.06305265e+02 
 2.81838293e+05  2.35751702e+00  2.81838293e+05  1.06417277e+02 
 2.88403150e+05  2.22635528e+00  2.88403150e+05  1.06520356e+02 
 2.95120923e+05  2.09665699e+00  2.95120923e+05  1.06614012e+02 
 3.01995172e+05  1.96840177e+00  3.01995172e+05  1.06697754e+02 
 3.09029543e+05  1.84156600e+00  3.09029543e+05  1.06771089e+02 
 3.16227766e+05  1.71612284e+00  3.16227766e+05  1.06833524e+02 
 3.23593657e+05  1.59204222e+00  3.23593657e+05  1.06884570e+02 
 3.31131121e+05  1.46929080e+00  3.31131121e+05  1.06923737e+02 
 3.38844156e+05  1.34783201e+00  3.38844156e+05  1.06950542e+02 
 3.46736850e+05  1.22762608e+00  3.46736850e+05  1.06964505e+02 
 3.54813389e+05  1.10863004e+00  3.54813389e+05  1.06965155e+02 
 3.63078055e+05  9.90797829e-01  3.63078055e+05  1.06952025e+02 
 3.71535229e+05  8.74080325e-01  3.71535229e+05  1.06924661e+02 
 3.80189396e+05  7.58425435e-01  3.80189396e+05  1.06882616e+02 
 3.89045145e+05  6.43778191e-01  3.89045145e+05  1.06825456e+02 
 3.98107171e+05  5.30080861e-01  3.98107171e+05  1.06752759e+02 
 4.07380278e+05  4.17273062e-01  4.07380278e+05  1.06664117e+02 
 4.16869383e+05  3.05291900e-01  4.16869383e+05  1.06559136e+02 
 4.26579519e+05  1.94072112e-01  4.26579519e+05  1.06437438e+02 
 4.36515832e+05  8.35462205e-02  4.36515832e+05  1.06298661e+02 
 4.46683592e+05 -2.63552993e-02  4.46683592e+05  1.06142461e+02 
 4.57088190e+05 -1.35703844e-01  4.57088190e+05  1.05968511e+02 
 4.67735141e+05 -2.44572500e-01  4.67735141e+05  1.05776505e+02 
 4.78630092e+05 -3.53035848e-01  4.78630092e+05  1.05566153e+02 
 4.89778819e+05 -4.61169770e-01  4.89778819e+05  1.05337190e+02 
 5.01187234e+05 -5.69051239e-01  5.01187234e+05  1.05089365e+02 
 5.12861384e+05 -6.76758115e-01  5.12861384e+05  1.04822454e+02 
 5.24807460e+05 -7.84368929e-01  5.24807460e+05  1.04536249e+02 
 5.37031796e+05 -8.91962669e-01  5.37031796e+05  1.04230566e+02 
 5.49540874e+05 -9.99618563e-01  5.49540874e+05  1.03905242e+02 
 5.62341325e+05 -1.10741586e+00  5.62341325e+05  1.03560133e+02 
 5.75439937e+05 -1.21543361e+00  5.75439937e+05  1.03195119e+02 
 5.88843655e+05 -1.32375046e+00  5.88843655e+05  1.02810099e+02 
 6.02559586e+05 -1.43244442e+00  6.02559586e+05  1.02404992e+02 
 6.16595002e+05 -1.54159268e+00  6.16595002e+05  1.01979738e+02 
 6.30957344e+05 -1.65127139e+00  6.30957344e+05  1.01534296e+02 
 6.45654229e+05 -1.76155546e+00  6.45654229e+05  1.01068644e+02 
 6.60693448e+05 -1.87251836e+00  6.60693448e+05  1.00582779e+02 
 6.76082975e+05 -1.98423198e+00  6.76082975e+05  1.00076712e+02 
 6.91830971e+05 -2.09676640e+00  6.91830971e+05  9.95504740e+01 
 7.07945784e+05 -2.21018977e+00  7.07945784e+05  9.90041102e+01 
 7.24435960e+05 -2.32456813e+00  7.24435960e+05  9.84376799e+01 
 7.41310241e+05 -2.43996527e+00  7.41310241e+05  9.78512559e+01 
 7.58577575e+05 -2.55644263e+00  7.58577575e+05  9.72449233e+01 
 7.76247117e+05 -2.67405913e+00  7.76247117e+05  9.66187778e+01 
 7.94328235e+05 -2.79287113e+00  7.94328235e+05  9.59729251e+01 
 8.12830516e+05 -2.91293231e+00  8.12830516e+05  9.53074790e+01 
 8.31763771e+05 -3.03429360e+00  8.31763771e+05  9.46225602e+01 
 8.51138038e+05 -3.15700313e+00  8.51138038e+05  9.39182954e+01 
 8.70963590e+05 -3.28110619e+00  8.70963590e+05  9.31948149e+01 
 8.91250938e+05 -3.40664521e+00  8.91250938e+05  9.24522524e+01 
 9.12010839e+05 -3.53365975e+00  9.12010839e+05  9.16907424e+01 
 9.33254301e+05 -3.66218651e+00  9.33254301e+05  9.09104197e+01 
 9.54992586e+05 -3.79225938e+00  9.54992586e+05  9.01114176e+01 
 9.77237221e+05 -3.92390943e+00  9.77237221e+05  8.92938664e+01 
 1.00000000e+06 -4.05716506e+00  1.00000000e+06  8.84578922e+01 
 1.02329299e+06 -4.19205200e+00  1.02329299e+06  8.76036157e+01 
 1.04712855e+06 -4.32859344e+00  1.04712855e+06  8.67311506e+01 
 1.07151931e+06 -4.46681016e+00  1.07151931e+06  8.58406027e+01 
 1.09647820e+06 -4.60672064e+00  1.09647820e+06  8.49320684e+01 
 1.12201845e+06 -4.74834121e+00  1.12201845e+06  8.40056338e+01 
 1.14815362e+06 -4.89168624e+00  1.14815362e+06  8.30613736e+01 
 1.17489755e+06 -5.03676828e+00  1.17489755e+06  8.20993499e+01 
 1.20226443e+06 -5.18359828e+00  1.20226443e+06  8.11196119e+01 
 1.23026877e+06 -5.33218584e+00  1.23026877e+06  8.01221945e+01 
 1.25892541e+06 -5.48253938e+00  1.25892541e+06  7.91071178e+01 
 1.28824955e+06 -5.63466644e+00  1.28824955e+06  7.80743866e+01 
 1.31825674e+06 -5.78857391e+00  1.31825674e+06  7.70239901e+01 
 1.34896288e+06 -5.94426835e+00  1.34896288e+06  7.59559010e+01 
 1.38038426e+06 -6.10175626e+00  1.38038426e+06  7.48700760e+01 
 1.41253754e+06 -6.26104442e+00  1.41253754e+06  7.37664551e+01 
 1.44543977e+06 -6.42214023e+00  1.44543977e+06  7.26449624e+01 
 1.47910839e+06 -6.58505207e+00  1.47910839e+06  7.15055058e+01 
 1.51356125e+06 -6.74978966e+00  1.51356125e+06  7.03479777e+01 
 1.54881662e+06 -6.91636449e+00  1.54881662e+06  6.91722562e+01 
 1.58489319e+06 -7.08479023e+00  1.58489319e+06  6.79782054e+01 
 1.62181010e+06 -7.25508317e+00  1.62181010e+06  6.67656771e+01 
 1.65958691e+06 -7.42726267e+00  1.65958691e+06  6.55345127e+01 
 1.69824365e+06 -7.60135170e+00  1.69824365e+06  6.42845445e+01 
 1.73780083e+06 -7.77737725e+00  1.73780083e+06  6.30155989e+01 
 1.77827941e+06 -7.95537092e+00  1.77827941e+06  6.17274989e+01 
 1.81970086e+06 -8.13536945e+00  1.81970086e+06  6.04200676e+01 
 1.86208714e+06 -8.31741518e+00  1.86208714e+06  5.90931326e+01 
 1.90546072e+06 -8.50155665e+00  1.90546072e+06  5.77465304e+01 
 1.94984460e+06 -8.68784909e+00  1.94984460e+06  5.63801123e+01 
 1.99526231e+06 -8.87635491e+00  1.99526231e+06  5.49937508e+01 
 2.04173794e+06 -9.06714412e+00  2.04173794e+06  5.35873467e+01 
 2.08929613e+06 -9.26029475e+00  2.08929613e+06  5.21608377e+01 
 2.13796209e+06 -9.45589306e+00  2.13796209e+06  5.07142080e+01 
 2.18776162e+06 -9.65403376e+00  2.18776162e+06  4.92474988e+01 
 2.23872114e+06 -9.85481993e+00  2.23872114e+06  4.77608198e+01 
 2.29086765e+06 -1.00583628e+01  2.29086765e+06  4.62543626e+01 
 2.34422882e+06 -1.02647814e+01  2.34422882e+06  4.47284142e+01 
 2.39883292e+06 -1.04742014e+01  2.39883292e+06  4.31833723e+01 
 2.45470892e+06 -1.06867542e+01  2.45470892e+06  4.16197606e+01 
 2.51188643e+06 -1.09025753e+01  2.51188643e+06  4.00382448e+01 
 2.57039578e+06 -1.11218021e+01  2.57039578e+06  3.84396482e+01 
 2.63026799e+06 -1.13445711e+01  2.63026799e+06  3.68249674e+01 
 2.69153480e+06 -1.15710147e+01  2.69153480e+06  3.51953853e+01 
 2.75422870e+06 -1.18012575e+01  2.75422870e+06  3.35522826e+01 
 2.81838293e+06 -1.20354114e+01  2.81838293e+06  3.18972458e+01 
 2.88403150e+06 -1.22735708e+01  2.88403150e+06  3.02320704e+01 
 2.95120923e+06 -1.25158074e+01  2.95120923e+06  2.85587590e+01 
 3.01995172e+06 -1.27621634e+01  3.01995172e+06  2.68795115e+01 
 3.09029543e+06 -1.30126466e+01  3.09029543e+06  2.51967086e+01 
 3.16227766e+06 -1.32672236e+01  3.16227766e+06  2.35128860e+01 
 3.23593657e+06 -1.35258152e+01  3.23593657e+06  2.18306993e+01 
 3.31131121e+06 -1.37882908e+01  3.31131121e+06  2.01528811e+01 
 3.38844156e+06 -1.40544657e+01  3.38844156e+06  1.84821880e+01 
 3.46736850e+06 -1.43240984e+01  3.46736850e+06  1.68213424e+01 
 3.54813389e+06 -1.45968904e+01  3.54813389e+06  1.51729681e+01 
 3.63078055e+06 -1.48724880e+01  3.63078055e+06  1.35395247e+01 
 3.71535229e+06 -1.51504862e+01  3.71535229e+06  1.19232418e+01 
 3.80189396e+06 -1.54304340e+01  3.80189396e+06  1.03260585e+01 
 3.89045145e+06 -1.57118432e+01  3.89045145e+06  8.74957067e+00 
 3.98107171e+06 -1.59941971e+01  3.98107171e+06  7.19498797e+00 
 4.07380278e+06 -1.62769618e+01  4.07380278e+06  5.66310590e+00 
 4.16869383e+06 -1.65595975e+01  4.16869383e+06  4.15429201e+00 
 4.26579519e+06 -1.68415702e+01  4.26579519e+06  2.66848837e+00 
 4.36515832e+06 -1.71223628e+01  4.36515832e+06  1.20522948e+00 
 4.46683592e+06 -1.74014853e+01  4.46683592e+06 -2.36325640e-01 
 4.57088190e+06 -1.76784839e+01  4.57088190e+06 -1.65734956e+00 
 4.67735141e+06 -1.79529473e+01  4.67735141e+06 -3.05929348e+00 
 4.78630092e+06 -1.82245123e+01  4.78630092e+06 -4.44382865e+00 
 4.89778819e+06 -1.84928666e+01  4.89778819e+06 -5.81278527e+00 
 5.01187234e+06 -1.87577497e+01  5.01187234e+06 -7.16809220e+00 
 5.12861384e+06 -1.90189521e+01  5.12861384e+06 -8.51171996e+00 
 5.24807460e+06 -1.92763134e+01  5.24807460e+06 -9.84562939e+00 
 5.37031796e+06 -1.95297185e+01  5.37031796e+06 -1.11717272e+01 
 5.49540874e+06 -1.97790932e+01  5.49540874e+06 -1.24918298e+01 
 5.62341325e+06 -2.00243997e+01  5.62341325e+06 -1.38076346e+01 
 5.75439937e+06 -2.02656313e+01  5.75439937e+06 -1.51207004e+01 
 5.88843655e+06 -2.05028069e+01  5.88843655e+06 -1.64324344e+01 
 6.02559586e+06 -2.07359667e+01  6.02559586e+06 -1.77440864e+01 
 6.16595002e+06 -2.09651668e+01  6.16595002e+06 -1.90567481e+01 
 6.30957344e+06 -2.11904759e+01  6.30957344e+06 -2.03713576e+01 
 6.45654229e+06 -2.14119707e+01  6.45654229e+06 -2.16887072e+01 
 6.60693448e+06 -2.16297336e+01  6.60693448e+06 -2.30094536e+01 
 6.76082975e+06 -2.18438494e+01  6.76082975e+06 -2.43341304e+01 
 6.91830971e+06 -2.20544039e+01  6.91830971e+06 -2.56631612e+01 
 7.07945784e+06 -2.22614814e+01  7.07945784e+06 -2.69968728e+01 
 7.24435960e+06 -2.24651641e+01  7.24435960e+06 -2.83355092e+01 
 7.41310241e+06 -2.26655313e+01  7.41310241e+06 -2.96792445e+01 
 7.58577575e+06 -2.28626583e+01  7.58577575e+06 -3.10281947e+01 
 7.76247117e+06 -2.30566164e+01  7.76247117e+06 -3.23824297e+01 
 7.94328235e+06 -2.32474730e+01  7.94328235e+06 -3.37419830e+01 
 8.12830516e+06 -2.34352914e+01  8.12830516e+06 -3.51068611e+01 
 8.31763771e+06 -2.36201311e+01  8.31763771e+06 -3.64770517e+01 
 8.51138038e+06 -2.38020481e+01  8.51138038e+06 -3.78525301e+01 
 8.70963590e+06 -2.39810955e+01  8.70963590e+06 -3.92332656e+01 
 8.91250938e+06 -2.41573236e+01  8.91250938e+06 -4.06192260e+01 
 9.12010839e+06 -2.43307807e+01  9.12010839e+06 -4.20103814e+01 
 9.33254301e+06 -2.45015131e+01  9.33254301e+06 -4.34067076e+01 
 9.54992586e+06 -2.46695663e+01  9.54992586e+06 -4.48081878e+01 
 9.77237221e+06 -2.48349848e+01  9.77237221e+06 -4.62148143e+01 
 1.00000000e+07 -2.49978128e+01  1.00000000e+07 -4.76265893e+01 
 1.02329299e+07 -2.51580948e+01  1.02329299e+07 -4.90435248e+01 
 1.04712855e+07 -2.53158759e+01  1.04712855e+07 -5.04656428e+01 
 1.07151931e+07 -2.54712019e+01  1.07151931e+07 -5.18929739e+01 
 1.09647820e+07 -2.56241200e+01  1.09647820e+07 -5.33255563e+01 
 1.12201845e+07 -2.57746791e+01  1.12201845e+07 -5.47634345e+01 
 1.14815362e+07 -2.59229299e+01  1.14815362e+07 -5.62066566e+01 
 1.17489755e+07 -2.60689253e+01  1.17489755e+07 -5.76552729e+01 
 1.20226443e+07 -2.62127203e+01  1.20226443e+07 -5.91093331e+01 
 1.23026877e+07 -2.63543728e+01  1.23026877e+07 -6.05688834e+01 
 1.25892541e+07 -2.64939431e+01  1.25892541e+07 -6.20339644e+01 
 1.28824955e+07 -2.66314944e+01  1.28824955e+07 -6.35046073e+01 
 1.31825674e+07 -2.67670929e+01  1.31825674e+07 -6.49808318e+01 
 1.34896288e+07 -2.69008076e+01  1.34896288e+07 -6.64626421e+01 
 1.38038426e+07 -2.70327106e+01  1.38038426e+07 -6.79500245e+01 
 1.41253754e+07 -2.71628768e+01  1.41253754e+07 -6.94429437e+01 
 1.44543977e+07 -2.72913843e+01  1.44543977e+07 -7.09413401e+01 
 1.47910839e+07 -2.74183139e+01  1.47910839e+07 -7.24451264e+01 
 1.51356125e+07 -2.75437495e+01  1.51356125e+07 -7.39541846e+01 
 1.54881662e+07 -2.76677774e+01  1.54881662e+07 -7.54683631e+01 
 1.58489319e+07 -2.77904868e+01  1.58489319e+07 -7.69874736e+01 
 1.62181010e+07 -2.79119690e+01  1.62181010e+07 -7.85112888e+01 
 1.65958691e+07 -2.80323179e+01  1.65958691e+07 -8.00395392e+01 
 1.69824365e+07 -2.81516292e+01  1.69824365e+07 -8.15719110e+01 
 1.73780083e+07 -2.82700004e+01  1.73780083e+07 -8.31080438e+01 
 1.77827941e+07 -2.83875307e+01  1.77827941e+07 -8.46475281e+01 
 1.81970086e+07 -2.85043205e+01  1.81970086e+07 -8.61899040e+01 
 1.86208714e+07 -2.86204712e+01  1.86208714e+07 -8.77346589e+01 
 1.90546072e+07 -2.87360849e+01  1.90546072e+07 -8.92812267e+01 
 1.94984460e+07 -2.88512638e+01  1.94984460e+07 -9.08289858e+01 
 1.99526231e+07 -2.89661103e+01  1.99526231e+07 -9.23772590e+01 
 2.04173794e+07 -2.90807262e+01  2.04173794e+07 -9.39253120e+01 
 2.08929613e+07 -2.91952124e+01  2.08929613e+07 -9.54723538e+01 
 2.13796209e+07 -2.93096688e+01  2.13796209e+07 -9.70175360e+01 
 2.18776162e+07 -2.94241933e+01  2.18776162e+07 -9.85599532e+01 
 2.23872114e+07 -2.95388816e+01  2.23872114e+07 -1.00098644e+02 
 2.29086765e+07 -2.96538271e+01  2.29086765e+07 -1.01632590e+02 
 2.34422882e+07 -2.97691198e+01  2.34422882e+07 -1.03160721e+02 
 2.39883292e+07 -2.98848461e+01  2.39883292e+07 -1.04681910e+02 
 2.45470892e+07 -3.00010885e+01  2.45470892e+07 -1.06194982e+02 
 2.51188643e+07 -3.01179246e+01  2.51188643e+07 -1.07698711e+02 
 2.57039578e+07 -3.02354272e+01  2.57039578e+07 -1.09191826e+02 
 2.63026799e+07 -3.03536633e+01  2.63026799e+07 -1.10673009e+02 
 2.69153480e+07 -3.04726940e+01  2.69153480e+07 -1.12140904e+02 
 2.75422870e+07 -3.05925735e+01  2.75422870e+07 -1.13594117e+02 
 2.81838293e+07 -3.07133493e+01  2.81838293e+07 -1.15031217e+02 
 2.88403150e+07 -3.08350612e+01  2.88403150e+07 -1.16450746e+02 
 2.95120923e+07 -3.09577412e+01  2.95120923e+07 -1.17851219e+02 
 3.01995172e+07 -3.10814129e+01  3.01995172e+07 -1.19231128e+02 
 3.09029543e+07 -3.12060913e+01  3.09029543e+07 -1.20588950e+02 
 3.16227766e+07 -3.13317821e+01  3.16227766e+07 -1.21923147e+02 
 3.23593657e+07 -3.14584820e+01  3.23593657e+07 -1.23232174e+02 
 3.31131121e+07 -3.15861778e+01  3.31131121e+07 -1.24514484e+02 
 3.38844156e+07 -3.17148467e+01  3.38844156e+07 -1.25768530e+02 
 3.46736850e+07 -3.18444557e+01  3.46736850e+07 -1.26992773e+02 
 3.54813389e+07 -3.19749617e+01  3.54813389e+07 -1.28185686e+02 
 3.63078055e+07 -3.21063115e+01  3.63078055e+07 -1.29345757e+02 
 3.71535229e+07 -3.22384414e+01  3.71535229e+07 -1.30471496e+02 
 3.80189396e+07 -3.23712776e+01  3.80189396e+07 -1.31561438e+02 
 3.89045145e+07 -3.25047359e+01  3.89045145e+07 -1.32614147e+02 
 3.98107171e+07 -3.26387221e+01  3.98107171e+07 -1.33628220e+02 
 4.07380278e+07 -3.27731315e+01  4.07380278e+07 -1.34602292e+02 
 4.16869383e+07 -3.29078496e+01  4.16869383e+07 -1.35535038e+02 
 4.26579519e+07 -3.30427521e+01  4.26579519e+07 -1.36425175e+02 
 4.36515832e+07 -3.31777045e+01  4.36515832e+07 -1.37271464e+02 
 4.46683592e+07 -3.33125626e+01  4.46683592e+07 -1.38072715e+02 
 4.57088190e+07 -3.34471725e+01  4.57088190e+07 -1.38827787e+02 
 4.67735141e+07 -3.35813702e+01  4.67735141e+07 -1.39535590e+02 
 4.78630092e+07 -3.37149820e+01  4.78630092e+07 -1.40195085e+02 
 4.89778819e+07 -3.38478239e+01  4.89778819e+07 -1.40805286e+02 
 5.01187234e+07 -3.39797015e+01  5.01187234e+07 -1.41365264e+02 
 5.12861384e+07 -3.41104097e+01  5.12861384e+07 -1.41874146e+02 
 5.24807460e+07 -3.42397320e+01  5.24807460e+07 -1.42331116e+02 
 5.37031796e+07 -3.43674401e+01  5.37031796e+07 -1.42735424e+02 
 5.49540874e+07 -3.44932934e+01  5.49540874e+07 -1.43086382e+02 
 5.62341325e+07 -3.46170378e+01  5.62341325e+07 -1.43383376e+02 
 5.75439937e+07 -3.47384056e+01  5.75439937e+07 -1.43625869e+02 
 5.88843655e+07 -3.48571142e+01  5.88843655e+07 -1.43813409e+02 
 6.02559586e+07 -3.49728658e+01  6.02559586e+07 -1.43945642e+02 
 6.16595002e+07 -3.50853463e+01  6.16595002e+07 -1.44022322e+02 
 6.30957344e+07 -3.51942256e+01  6.30957344e+07 -1.44043327e+02 
 6.45654229e+07 -3.52991569e+01  6.45654229e+07 -1.44008673e+02 
 6.60693448e+07 -3.53997771e+01  6.60693448e+07 -1.43918539e+02 
 6.76082975e+07 -3.54957078e+01  6.76082975e+07 -1.43773280e+02 
 6.91830971e+07 -3.55865558e+01  6.91830971e+07 -1.43573454e+02 
 7.07945784e+07 -3.56719158e+01  7.07945784e+07 -1.43319846e+02 
 7.24435960e+07 -3.57513724e+01  7.24435960e+07 -1.43013489e+02 
 7.41310241e+07 -3.58245040e+01  7.41310241e+07 -1.42655687e+02 
 7.58577575e+07 -3.58908867e+01  7.58577575e+07 -1.42248038e+02 
 7.76247117e+07 -3.59500997e+01  7.76247117e+07 -1.41792448e+02 
 7.94328235e+07 -3.60017307e+01  7.94328235e+07 -1.41291150e+02 
 8.12830516e+07 -3.60453833e+01  8.12830516e+07 -1.40746706e+02 
 8.31763771e+07 -3.60806836e+01  8.31763771e+07 -1.40162011e+02 
 8.51138038e+07 -3.61072878e+01  8.51138038e+07 -1.39540286e+02 
 8.70963590e+07 -3.61248902e+01  8.70963590e+07 -1.38885058e+02 
 8.91250938e+07 -3.61332307e+01  8.91250938e+07 -1.38200136e+02 
 9.12010839e+07 -3.61321015e+01  9.12010839e+07 -1.37489576e+02 
 9.33254301e+07 -3.61213537e+01  9.33254301e+07 -1.36757634e+02 
 9.54992586e+07 -3.61009026e+01  9.54992586e+07 -1.36008716e+02 
 9.77237221e+07 -3.60707307e+01  9.77237221e+07 -1.35247313e+02 
 1.00000000e+08 -3.60308908e+01  1.00000000e+08 -1.34477943e+02 
