 1.00000000e+00  7.87657744e+01  1.00000000e+00  1.79167186e+02 
 1.02329299e+00  7.87651593e+01  1.02329299e+00  1.79148976e+02 
 1.04712855e+00  7.87645199e+01  1.04712855e+00  1.79130417e+02 
 1.07151931e+00  7.87638556e+01  1.07151931e+00  1.79111505e+02 
 1.09647820e+00  7.87631656e+01  1.09647820e+00  1.79092237e+02 
 1.12201845e+00  7.87624491e+01  1.12201845e+00  1.79072610e+02 
 1.14815362e+00  7.87617055e+01  1.14815362e+00  1.79052619e+02 
 1.17489755e+00  7.87609338e+01  1.17489755e+00  1.79032261e+02 
 1.20226443e+00  7.87601335e+01  1.20226443e+00  1.79011534e+02 
 1.23026877e+00  7.87593037e+01  1.23026877e+00  1.78990433e+02 
 1.25892541e+00  7.87584438e+01  1.25892541e+00  1.78968958e+02 
 1.28824955e+00  7.87575530e+01  1.28824955e+00  1.78947103e+02 
 1.31825674e+00  7.87566306e+01  1.31825674e+00  1.78924868e+02 
 1.34896288e+00  7.87556759e+01  1.34896288e+00  1.78902250e+02 
 1.38038426e+00  7.87546883e+01  1.38038426e+00  1.78879246e+02 
 1.41253754e+00  7.87536671e+01  1.41253754e+00  1.78855854e+02 
 1.44543977e+00  7.87526117e+01  1.44543977e+00  1.78832072e+02 
 1.47910839e+00  7.87515216e+01  1.47910839e+00  1.78807898e+02 
 1.51356125e+00  7.87503962e+01  1.51356125e+00  1.78783332e+02 
 1.54881662e+00  7.87492349e+01  1.54881662e+00  1.78758370e+02 
 1.58489319e+00  7.87480374e+01  1.58489319e+00  1.78733012e+02 
 1.62181010e+00  7.87468032e+01  1.62181010e+00  1.78707255e+02 
 1.65958691e+00  7.87455320e+01  1.65958691e+00  1.78681100e+02 
 1.69824365e+00  7.87442234e+01  1.69824365e+00  1.78654544e+02 
 1.73780083e+00  7.87428772e+01  1.73780083e+00  1.78627587e+02 
 1.77827941e+00  7.87414933e+01  1.77827941e+00  1.78600226e+02 
 1.81970086e+00  7.87400716e+01  1.81970086e+00  1.78572461e+02 
 1.86208714e+00  7.87386119e+01  1.86208714e+00  1.78544291e+02 
 1.90546072e+00  7.87371144e+01  1.90546072e+00  1.78515714e+02 
 1.94984460e+00  7.87355791e+01  1.94984460e+00  1.78486729e+02 
 1.99526231e+00  7.87340063e+01  1.99526231e+00  1.78457333e+02 
 2.04173794e+00  7.87323962e+01  2.04173794e+00  1.78427526e+02 
 2.08929613e+00  7.87307493e+01  2.08929613e+00  1.78397305e+02 
 2.13796209e+00  7.87290660e+01  2.13796209e+00  1.78366667e+02 
 2.18776162e+00  7.87273468e+01  2.18776162e+00  1.78335610e+02 
 2.23872114e+00  7.87255924e+01  2.23872114e+00  1.78304131e+02 
 2.29086765e+00  7.87238036e+01  2.29086765e+00  1.78272227e+02 
 2.34422882e+00  7.87219811e+01  2.34422882e+00  1.78239892e+02 
 2.39883292e+00  7.87201260e+01  2.39883292e+00  1.78207123e+02 
 2.45470892e+00  7.87182392e+01  2.45470892e+00  1.78173914e+02 
 2.51188643e+00  7.87163218e+01  2.51188643e+00  1.78140259e+02 
 2.57039578e+00  7.87143751e+01  2.57039578e+00  1.78106152e+02 
 2.63026799e+00  7.87124003e+01  2.63026799e+00  1.78071585e+02 
 2.69153480e+00  7.87103988e+01  2.69153480e+00  1.78036550e+02 
 2.75422870e+00  7.87083719e+01  2.75422870e+00  1.78001037e+02 
 2.81838293e+00  7.87063213e+01  2.81838293e+00  1.77965037e+02 
 2.88403150e+00  7.87042484e+01  2.88403150e+00  1.77928538e+02 
 2.95120923e+00  7.87021549e+01  2.95120923e+00  1.77891529e+02 
 3.01995172e+00  7.87000425e+01  3.01995172e+00  1.77853995e+02 
 3.09029543e+00  7.86979128e+01  3.09029543e+00  1.77815922e+02 
 3.16227766e+00  7.86957675e+01  3.16227766e+00  1.77777295e+02 
 3.23593657e+00  7.86936086e+01  3.23593657e+00  1.77738097e+02 
 3.31131121e+00  7.86914376e+01  3.31131121e+00  1.77698310e+02 
 3.38844156e+00  7.86892565e+01  3.38844156e+00  1.77657914e+02 
 3.46736850e+00  7.86870669e+01  3.46736850e+00  1.77616888e+02 
 3.54813389e+00  7.86848707e+01  3.54813389e+00  1.77575211e+02 
 3.63078055e+00  7.86826695e+01  3.63078055e+00  1.77532860e+02 
 3.71535229e+00  7.86804651e+01  3.71535229e+00  1.77489810e+02 
 3.80189396e+00  7.86782591e+01  3.80189396e+00  1.77446034e+02 
 3.89045145e+00  7.86760532e+01  3.89045145e+00  1.77401506e+02 
 3.98107171e+00  7.86738488e+01  3.98107171e+00  1.77356198e+02 
 4.07380278e+00  7.86716474e+01  4.07380278e+00  1.77310079e+02 
 4.16869383e+00  7.86694505e+01  4.16869383e+00  1.77263118e+02 
 4.26579519e+00  7.86672592e+01  4.26579519e+00  1.77215283e+02 
 4.36515832e+00  7.86650749e+01  4.36515832e+00  1.77166540e+02 
 4.46683592e+00  7.86628986e+01  4.46683592e+00  1.77116856e+02 
 4.57088190e+00  7.86607312e+01  4.57088190e+00  1.77066193e+02 
 4.67735141e+00  7.86585737e+01  4.67735141e+00  1.77014514e+02 
 4.78630092e+00  7.86564268e+01  4.78630092e+00  1.76961782e+02 
 4.89778819e+00  7.86542911e+01  4.89778819e+00  1.76907958e+02 
 5.01187234e+00  7.86521671e+01  5.01187234e+00  1.76853000e+02 
 5.12861384e+00  7.86500552e+01  5.12861384e+00  1.76796869e+02 
 5.24807460e+00  7.86479556e+01  5.24807460e+00  1.76739520e+02 
 5.37031796e+00  7.86458682e+01  5.37031796e+00  1.76680912e+02 
 5.49540874e+00  7.86437932e+01  5.49540874e+00  1.76621000e+02 
 5.62341325e+00  7.86417302e+01  5.62341325e+00  1.76559740e+02 
 5.75439937e+00  7.86396789e+01  5.75439937e+00  1.76497085e+02 
 5.88843655e+00  7.86376388e+01  5.88843655e+00  1.76432989e+02 
 6.02559586e+00  7.86356093e+01  6.02559586e+00  1.76367404e+02 
 6.16595002e+00  7.86335895e+01  6.16595002e+00  1.76300283e+02 
 6.30957344e+00  7.86315785e+01  6.30957344e+00  1.76231576e+02 
 6.45654229e+00  7.86295752e+01  6.45654229e+00  1.76161234e+02 
 6.60693448e+00  7.86275784e+01  6.60693448e+00  1.76089207e+02 
 6.76082975e+00  7.86255867e+01  6.76082975e+00  1.76015443e+02 
 6.91830971e+00  7.86235986e+01  6.91830971e+00  1.75939891e+02 
 7.07945784e+00  7.86216124e+01  7.07945784e+00  1.75862498e+02 
 7.24435960e+00  7.86196264e+01  7.24435960e+00  1.75783212e+02 
 7.41310241e+00  7.86176385e+01  7.41310241e+00  1.75701978e+02 
 7.58577575e+00  7.86156467e+01  7.58577575e+00  1.75618742e+02 
 7.76247117e+00  7.86136488e+01  7.76247117e+00  1.75533449e+02 
 7.94328235e+00  7.86116423e+01  7.94328235e+00  1.75446043e+02 
 8.12830516e+00  7.86096249e+01  8.12830516e+00  1.75356467e+02 
 8.31763771e+00  7.86075938e+01  8.31763771e+00  1.75264664e+02 
 8.51138038e+00  7.86055463e+01  8.51138038e+00  1.75170576e+02 
 8.70963590e+00  7.86034793e+01  8.70963590e+00  1.75074145e+02 
 8.91250938e+00  7.86013899e+01  8.91250938e+00  1.74975310e+02 
 9.12010839e+00  7.85992749e+01  9.12010839e+00  1.74874011e+02 
 9.33254301e+00  7.85971308e+01  9.33254301e+00  1.74770187e+02 
 9.54992586e+00  7.85949541e+01  9.54992586e+00  1.74663777e+02 
 9.77237221e+00  7.85927412e+01  9.77237221e+00  1.74554717e+02 
 1.00000000e+01  7.85904882e+01  1.00000000e+01  1.74442943e+02 
 1.02329299e+01  7.85881911e+01  1.02329299e+01  1.74328391e+02 
 1.04712855e+01  7.85858458e+01  1.04712855e+01  1.74210996e+02 
 1.07151931e+01  7.85834479e+01  1.07151931e+01  1.74090691e+02 
 1.09647820e+01  7.85809930e+01  1.09647820e+01  1.73967409e+02 
 1.12201845e+01  7.85784762e+01  1.12201845e+01  1.73841080e+02 
 1.14815362e+01  7.85758929e+01  1.14815362e+01  1.73711637e+02 
 1.17489755e+01  7.85732378e+01  1.17489755e+01  1.73579008e+02 
 1.20226443e+01  7.85705057e+01  1.20226443e+01  1.73443122e+02 
 1.23026877e+01  7.85676911e+01  1.23026877e+01  1.73303907e+02 
 1.25892541e+01  7.85647883e+01  1.25892541e+01  1.73161289e+02 
 1.28824955e+01  7.85617914e+01  1.28824955e+01  1.73015193e+02 
 1.31825674e+01  7.85586941e+01  1.31825674e+01  1.72865545e+02 
 1.34896288e+01  7.85554901e+01  1.34896288e+01  1.72712266e+02 
 1.38038426e+01  7.85521727e+01  1.38038426e+01  1.72555279e+02 
 1.41253754e+01  7.85487349e+01  1.41253754e+01  1.72394506e+02 
 1.44543977e+01  7.85451695e+01  1.44543977e+01  1.72229866e+02 
 1.47910839e+01  7.85414690e+01  1.47910839e+01  1.72061279e+02 
 1.51356125e+01  7.85376255e+01  1.51356125e+01  1.71888661e+02 
 1.54881662e+01  7.85336310e+01  1.54881662e+01  1.71711930e+02 
 1.58489319e+01  7.85294769e+01  1.58489319e+01  1.71531001e+02 
 1.62181010e+01  7.85251544e+01  1.62181010e+01  1.71345789e+02 
 1.65958691e+01  7.85206544e+01  1.65958691e+01  1.71156208e+02 
 1.69824365e+01  7.85159673e+01  1.69824365e+01  1.70962169e+02 
 1.73780083e+01  7.85110833e+01  1.73780083e+01  1.70763586e+02 
 1.77827941e+01  7.85059920e+01  1.77827941e+01  1.70560368e+02 
 1.81970086e+01  7.85006826e+01  1.81970086e+01  1.70352426e+02 
 1.86208714e+01  7.84951441e+01  1.86208714e+01  1.70139669e+02 
 1.90546072e+01  7.84893649e+01  1.90546072e+01  1.69922004e+02 
 1.94984460e+01  7.84833328e+01  1.94984460e+01  1.69699340e+02 
 1.99526231e+01  7.84770354e+01  1.99526231e+01  1.69471583e+02 
 2.04173794e+01  7.84704596e+01  2.04173794e+01  1.69238639e+02 
 2.08929613e+01  7.84635919e+01  2.08929613e+01  1.69000415e+02 
 2.13796209e+01  7.84564183e+01  2.13796209e+01  1.68756816e+02 
 2.18776162e+01  7.84489242e+01  2.18776162e+01  1.68507747e+02 
 2.23872114e+01  7.84410944e+01  2.23872114e+01  1.68253112e+02 
 2.29086765e+01  7.84329132e+01  2.29086765e+01  1.67992817e+02 
 2.34422882e+01  7.84243643e+01  2.34422882e+01  1.67726766e+02 
 2.39883292e+01  7.84154309e+01  2.39883292e+01  1.67454864e+02 
 2.45470892e+01  7.84060953e+01  2.45470892e+01  1.67177016e+02 
 2.51188643e+01  7.83963395e+01  2.51188643e+01  1.66893128e+02 
 2.57039578e+01  7.83861446e+01  2.57039578e+01  1.66603105e+02 
 2.63026799e+01  7.83754911e+01  2.63026799e+01  1.66306854e+02 
 2.69153480e+01  7.83643589e+01  2.69153480e+01  1.66004283e+02 
 2.75422870e+01  7.83527271e+01  2.75422870e+01  1.65695300e+02 
 2.81838293e+01  7.83405742e+01  2.81838293e+01  1.65379815e+02 
 2.88403150e+01  7.83278779e+01  2.88403150e+01  1.65057739e+02 
 2.95120923e+01  7.83146151e+01  2.95120923e+01  1.64728985e+02 
 3.01995172e+01  7.83007622e+01  3.01995172e+01  1.64393467e+02 
 3.09029543e+01  7.82862945e+01  3.09029543e+01  1.64051103e+02 
 3.16227766e+01  7.82711867e+01  3.16227766e+01  1.63701810e+02 
 3.23593657e+01  7.82554129e+01  3.23593657e+01  1.63345512e+02 
 3.31131121e+01  7.82389461e+01  3.31131121e+01  1.62982132e+02 
 3.38844156e+01  7.82217588e+01  3.38844156e+01  1.62611598e+02 
 3.46736850e+01  7.82038225e+01  3.46736850e+01  1.62233840e+02 
 3.54813389e+01  7.81851079e+01  3.54813389e+01  1.61848794e+02 
 3.63078055e+01  7.81655852e+01  3.63078055e+01  1.61456398e+02 
 3.71535229e+01  7.81452234e+01  3.71535229e+01  1.61056594e+02 
 3.80189396e+01  7.81239911e+01  3.80189396e+01  1.60649332e+02 
 3.89045145e+01  7.81018558e+01  3.89045145e+01  1.60234562e+02 
 3.98107171e+01  7.80787845e+01  3.98107171e+01  1.59812243e+02 
 4.07380278e+01  7.80547432e+01  4.07380278e+01  1.59382339e+02 
 4.16869383e+01  7.80296975e+01  4.16869383e+01  1.58944819e+02 
 4.26579519e+01  7.80036119e+01  4.26579519e+01  1.58499660e+02 
 4.36515832e+01  7.79764504e+01  4.36515832e+01  1.58046844e+02 
 4.46683592e+01  7.79481764e+01  4.46683592e+01  1.57586362e+02 
 4.57088190e+01  7.79187526e+01  4.57088190e+01  1.57118212e+02 
 4.67735141e+01  7.78881412e+01  4.67735141e+01  1.56642399e+02 
 4.78630092e+01  7.78563035e+01  4.78630092e+01  1.56158938e+02 
 4.89778819e+01  7.78232008e+01  4.89778819e+01  1.55667851e+02 
 5.01187234e+01  7.77887936e+01  5.01187234e+01  1.55169170e+02 
 5.12861384e+01  7.77530421e+01  5.12861384e+01  1.54662938e+02 
 5.24807460e+01  7.77159061e+01  5.24807460e+01  1.54149204e+02 
 5.37031796e+01  7.76773453e+01  5.37031796e+01  1.53628032e+02 
 5.49540874e+01  7.76373189e+01  5.49540874e+01  1.53099492e+02 
 5.62341325e+01  7.75957863e+01  5.62341325e+01  1.52563667e+02 
 5.75439937e+01  7.75527065e+01  5.75439937e+01  1.52020653e+02 
 5.88843655e+01  7.75080389e+01  5.88843655e+01  1.51470553e+02 
 6.02559586e+01  7.74617426e+01  6.02559586e+01  1.50913484e+02 
 6.16595002e+01  7.74137773e+01  6.16595002e+01  1.50349576e+02 
 6.30957344e+01  7.73641028e+01  6.30957344e+01  1.49778969e+02 
 6.45654229e+01  7.73126794e+01  6.45654229e+01  1.49201815e+02 
 6.60693448e+01  7.72594677e+01  6.60693448e+01  1.48618279e+02 
 6.76082975e+01  7.72044293e+01  6.76082975e+01  1.48028539e+02 
 6.91830971e+01  7.71475261e+01  6.91830971e+01  1.47432784e+02 
 7.07945784e+01  7.70887212e+01  7.07945784e+01  1.46831214e+02 
 7.24435960e+01  7.70279785e+01  7.24435960e+01  1.46224043e+02 
 7.41310241e+01  7.69652629e+01  7.41310241e+01  1.45611496e+02 
 7.58577575e+01  7.69005406e+01  7.58577575e+01  1.44993810e+02 
 7.76247117e+01  7.68337790e+01  7.76247117e+01  1.44371233e+02 
 7.94328235e+01  7.67649471e+01  7.94328235e+01  1.43744024e+02 
 8.12830516e+01  7.66940152e+01  8.12830516e+01  1.43112454e+02 
 8.31763771e+01  7.66209552e+01  8.31763771e+01  1.42476801e+02 
 8.51138038e+01  7.65457410e+01  8.51138038e+01  1.41837355e+02 
 8.70963590e+01  7.64683481e+01  8.70963590e+01  1.41194416e+02 
 8.91250938e+01  7.63887539e+01  8.91250938e+01  1.40548291e+02 
 9.12010839e+01  7.63069380e+01  9.12010839e+01  1.39899295e+02 
 9.33254301e+01  7.62228819e+01  9.33254301e+01  1.39247750e+02 
 9.54992586e+01  7.61365694e+01  9.54992586e+01  1.38593986e+02 
 9.77237221e+01  7.60479865e+01  9.77237221e+01  1.37938336e+02 
 1.00000000e+02  7.59571214e+01  1.00000000e+02  1.37281140e+02 
 1.02329299e+02  7.58639647e+01  1.02329299e+02  1.36622741e+02 
 1.04712855e+02  7.57685095e+01  1.04712855e+02  1.35963486e+02 
 1.07151931e+02  7.56707510e+01  1.07151931e+02  1.35303724e+02 
 1.09647820e+02  7.55706872e+01  1.09647820e+02  1.34643803e+02 
 1.12201845e+02  7.54683183e+01  1.12201845e+02  1.33984075e+02 
 1.14815362e+02  7.53636470e+01  1.14815362e+02  1.33324888e+02 
 1.17489755e+02  7.52566783e+01  1.17489755e+02  1.32666592e+02 
 1.20226443e+02  7.51474199e+01  1.20226443e+02  1.32009531e+02 
 1.23026877e+02  7.50358816e+01  1.23026877e+02  1.31354049e+02 
 1.25892541e+02  7.49220757e+01  1.25892541e+02  1.30700484e+02 
 1.28824955e+02  7.48060166e+01  1.28824955e+02  1.30049168e+02 
 1.31825674e+02  7.46877212e+01  1.31825674e+02  1.29400430e+02 
 1.34896288e+02  7.45672082e+01  1.34896288e+02  1.28754590e+02 
 1.38038426e+02  7.44444986e+01  1.38038426e+02  1.28111962e+02 
 1.41253754e+02  7.43196154e+01  1.41253754e+02  1.27472851e+02 
 1.44543977e+02  7.41925835e+01  1.44543977e+02  1.26837554e+02 
 1.47910839e+02  7.40634296e+01  1.47910839e+02  1.26206358e+02 
 1.51356125e+02  7.39321820e+01  1.51356125e+02  1.25579542e+02 
 1.54881662e+02  7.37988707e+01  1.54881662e+02  1.24957371e+02 
 1.58489319e+02  7.36635272e+01  1.58489319e+02  1.24340103e+02 
 1.62181010e+02  7.35261844e+01  1.62181010e+02  1.23727982e+02 
 1.65958691e+02  7.33868765e+01  1.65958691e+02  1.23121244e+02 
 1.69824365e+02  7.32456387e+01  1.69824365e+02  1.22520109e+02 
 1.73780083e+02  7.31025075e+01  1.73780083e+02  1.21924787e+02 
 1.77827941e+02  7.29575201e+01  1.77827941e+02  1.21335478e+02 
 1.81970086e+02  7.28107146e+01  1.81970086e+02  1.20752365e+02 
 1.86208714e+02  7.26621298e+01  1.86208714e+02  1.20175624e+02 
 1.90546072e+02  7.25118052e+01  1.90546072e+02  1.19605415e+02 
 1.94984460e+02  7.23597806e+01  1.94984460e+02  1.19041886e+02 
 1.99526231e+02  7.22060964e+01  1.99526231e+02  1.18485176e+02 
 2.04173794e+02  7.20507930e+01  2.04173794e+02  1.17935408e+02 
 2.08929613e+02  7.18939113e+01  2.08929613e+02  1.17392696e+02 
 2.13796209e+02  7.17354920e+01  2.13796209e+02  1.16857140e+02 
 2.18776162e+02  7.15755760e+01  2.18776162e+02  1.16328832e+02 
 2.23872114e+02  7.14142041e+01  2.23872114e+02  1.15807849e+02 
 2.29086765e+02  7.12514168e+01  2.29086765e+02  1.15294259e+02 
 2.34422882e+02  7.10872545e+01  2.34422882e+02  1.14788121e+02 
 2.39883292e+02  7.09217573e+01  2.39883292e+02  1.14289481e+02 
 2.45470892e+02  7.07549648e+01  2.45470892e+02  1.13798376e+02 
 2.51188643e+02  7.05869163e+01  2.51188643e+02  1.13314834e+02 
 2.57039578e+02  7.04176506e+01  2.57039578e+02  1.12838875e+02 
 2.63026799e+02  7.02472058e+01  2.63026799e+02  1.12370508e+02 
 2.69153480e+02  7.00756197e+01  2.69153480e+02  1.11909735e+02 
 2.75422870e+02  6.99029292e+01  2.75422870e+02  1.11456550e+02 
 2.81838293e+02  6.97291707e+01  2.81838293e+02  1.11010939e+02 
 2.88403150e+02  6.95543798e+01  2.88403150e+02  1.10572880e+02 
 2.95120923e+02  6.93785917e+01  2.95120923e+02  1.10142347e+02 
 3.01995172e+02  6.92018404e+01  3.01995172e+02  1.09719306e+02 
 3.09029543e+02  6.90241594e+01  3.09029543e+02  1.09303715e+02 
 3.16227766e+02  6.88455814e+01  3.16227766e+02  1.08895529e+02 
 3.23593657e+02  6.86661383e+01  3.23593657e+02  1.08494699e+02 
 3.31131121e+02  6.84858611e+01  3.31131121e+02  1.08101166e+02 
 3.38844156e+02  6.83047801e+01  3.38844156e+02  1.07714872e+02 
 3.46736850e+02  6.81229249e+01  3.46736850e+02  1.07335752e+02 
 3.54813389e+02  6.79403240e+01  3.54813389e+02  1.06963737e+02 
 3.63078055e+02  6.77570053e+01  3.63078055e+02  1.06598755e+02 
 3.71535229e+02  6.75729957e+01  3.71535229e+02  1.06240731e+02 
 3.80189396e+02  6.73883216e+01  3.80189396e+02  1.05889586e+02 
 3.89045145e+02  6.72030084e+01  3.89045145e+02  1.05545241e+02 
 3.98107171e+02  6.70170806e+01  3.98107171e+02  1.05207611e+02 
 4.07380278e+02  6.68305621e+01  4.07380278e+02  1.04876612e+02 
 4.16869383e+02  6.66434759e+01  4.16869383e+02  1.04552155e+02 
 4.26579519e+02  6.64558445e+01  4.26579519e+02  1.04234152e+02 
 4.36515832e+02  6.62676894e+01  4.36515832e+02  1.03922513e+02 
 4.46683592e+02  6.60790313e+01  4.46683592e+02  1.03617145e+02 
 4.57088190e+02  6.58898905e+01  4.57088190e+02  1.03317957e+02 
 4.67735141e+02  6.57002863e+01  4.67735141e+02  1.03024854e+02 
 4.78630092e+02  6.55102375e+01  4.78630092e+02  1.02737743e+02 
 4.89778819e+02  6.53197621e+01  4.89778819e+02  1.02456529e+02 
 5.01187234e+02  6.51288776e+01  5.01187234e+02  1.02181116e+02 
 5.12861384e+02  6.49376007e+01  5.12861384e+02  1.01911409e+02 
 5.24807460e+02  6.47459476e+01  5.24807460e+02  1.01647314e+02 
 5.37031796e+02  6.45539338e+01  5.37031796e+02  1.01388734e+02 
 5.49540874e+02  6.43615742e+01  5.49540874e+02  1.01135575e+02 
 5.62341325e+02  6.41688834e+01  5.62341325e+02  1.00887742e+02 
 5.75439937e+02  6.39758751e+01  5.75439937e+02  1.00645141e+02 
 5.88843655e+02  6.37825626e+01  5.88843655e+02  1.00407676e+02 
 6.02559586e+02  6.35889587e+01  6.02559586e+02  1.00175256e+02 
 6.16595002e+02  6.33950758e+01  6.16595002e+02  9.99477876e+01 
 6.30957344e+02  6.32009256e+01  6.30957344e+02  9.97251781e+01 
 6.45654229e+02  6.30065195e+01  6.45654229e+02  9.95073367e+01 
 6.60693448e+02  6.28118683e+01  6.60693448e+02  9.92941729e+01 
 6.76082975e+02  6.26169826e+01  6.76082975e+02  9.90855972e+01 
 6.91830971e+02  6.24218723e+01  6.91830971e+02  9.88815209e+01 
 7.07945784e+02  6.22265470e+01  7.07945784e+02  9.86818566e+01 
 7.24435960e+02  6.20310161e+01  7.24435960e+02  9.84865177e+01 
 7.41310241e+02  6.18352883e+01  7.41310241e+02  9.82954185e+01 
 7.58577575e+02  6.16393722e+01  7.58577575e+02  9.81084748e+01 
 7.76247117e+02  6.14432758e+01  7.76247117e+02  9.79256033e+01 
 7.94328235e+02  6.12470070e+01  7.94328235e+02  9.77467217e+01 
 8.12830516e+02  6.10505733e+01  8.12830516e+02  9.75717492e+01 
 8.31763771e+02  6.08539818e+01  8.31763771e+02  9.74006058e+01 
 8.51138038e+02  6.06572394e+01  8.51138038e+02  9.72332131e+01 
 8.70963590e+02  6.04603527e+01  8.70963590e+02  9.70694935e+01 
 8.91250938e+02  6.02633279e+01  8.91250938e+02  9.69093709e+01 
 9.12010839e+02  6.00661711e+01  9.12010839e+02  9.67527704e+01 
 9.33254301e+02  5.98688881e+01  9.33254301e+02  9.65996181e+01 
 9.54992586e+02  5.96714844e+01  9.54992586e+02  9.64498417e+01 
 9.77237221e+02  5.94739653e+01  9.77237221e+02  9.63033696e+01 
 1.00000000e+03  5.92763359e+01  1.00000000e+03  9.61601320e+01 
 1.02329299e+03  5.90786010e+01  1.02329299e+03  9.60200598e+01 
 1.04712855e+03  5.88807652e+01  1.04712855e+03  9.58830856e+01 
 1.07151931e+03  5.86828330e+01  1.07151931e+03  9.57491428e+01 
 1.09647820e+03  5.84848087e+01  1.09647820e+03  9.56181663e+01 
 1.12201845e+03  5.82866963e+01  1.12201845e+03  9.54900920e+01 
 1.14815362e+03  5.80884997e+01  1.14815362e+03  9.53648570e+01 
 1.17489755e+03  5.78902227e+01  1.17489755e+03  9.52423997e+01 
 1.20226443e+03  5.76918687e+01  1.20226443e+03  9.51226596e+01 
 1.23026877e+03  5.74934412e+01  1.23026877e+03  9.50055773e+01 
 1.25892541e+03  5.72949435e+01  1.25892541e+03  9.48910946e+01 
 1.28824955e+03  5.70963787e+01  1.28824955e+03  9.47791543e+01 
 1.31825674e+03  5.68977497e+01  1.31825674e+03  9.46697006e+01 
 1.34896288e+03  5.66990594e+01  1.34896288e+03  9.45626785e+01 
 1.38038426e+03  5.65003106e+01  1.38038426e+03  9.44580341e+01 
 1.41253754e+03  5.63015057e+01  1.41253754e+03  9.43557149e+01 
 1.44543977e+03  5.61026474e+01  1.44543977e+03  9.42556690e+01 
 1.47910839e+03  5.59037380e+01  1.47910839e+03  9.41578458e+01 
 1.51356125e+03  5.57047797e+01  1.51356125e+03  9.40621957e+01 
 1.54881662e+03  5.55057748e+01  1.54881662e+03  9.39686701e+01 
 1.58489319e+03  5.53067254e+01  1.58489319e+03  9.38772212e+01 
 1.62181010e+03  5.51076333e+01  1.62181010e+03  9.37878026e+01 
 1.65958691e+03  5.49085006e+01  1.65958691e+03  9.37003683e+01 
 1.69824365e+03  5.47093289e+01  1.69824365e+03  9.36148738e+01 
 1.73780083e+03  5.45101202e+01  1.73780083e+03  9.35312750e+01 
 1.77827941e+03  5.43108760e+01  1.77827941e+03  9.34495292e+01 
 1.81970086e+03  5.41115978e+01  1.81970086e+03  9.33695941e+01 
 1.86208714e+03  5.39122874e+01  1.86208714e+03  9.32914288e+01 
 1.90546072e+03  5.37129459e+01  1.90546072e+03  9.32149927e+01 
 1.94984460e+03  5.35135750e+01  1.94984460e+03  9.31402465e+01 
 1.99526231e+03  5.33141758e+01  1.99526231e+03  9.30671516e+01 
 2.04173794e+03  5.31147496e+01  2.04173794e+03  9.29956700e+01 
 2.08929613e+03  5.29152977e+01  2.08929613e+03  9.29257647e+01 
 2.13796209e+03  5.27158212e+01  2.13796209e+03  9.28573995e+01 
 2.18776162e+03  5.25163212e+01  2.18776162e+03  9.27905388e+01 
 2.23872114e+03  5.23167987e+01  2.23872114e+03  9.27251480e+01 
 2.29086765e+03  5.21172548e+01  2.29086765e+03  9.26611930e+01 
 2.34422882e+03  5.19176905e+01  2.34422882e+03  9.25986404e+01 
 2.39883292e+03  5.17181065e+01  2.39883292e+03  9.25374577e+01 
 2.45470892e+03  5.15185039e+01  2.45470892e+03  9.24776130e+01 
 2.51188643e+03  5.13188834e+01  2.51188643e+03  9.24190750e+01 
 2.57039578e+03  5.11192459e+01  2.57039578e+03  9.23618132e+01 
 2.63026799e+03  5.09195921e+01  2.63026799e+03  9.23057977e+01 
 2.69153480e+03  5.07199228e+01  2.69153480e+03  9.22509990e+01 
 2.75422870e+03  5.05202386e+01  2.75422870e+03  9.21973886e+01 
 2.81838293e+03  5.03205402e+01  2.81838293e+03  9.21449384e+01 
 2.88403150e+03  5.01208282e+01  2.88403150e+03  9.20936209e+01 
 2.95120923e+03  4.99211033e+01  2.95120923e+03  9.20434092e+01 
 3.01995172e+03  4.97213661e+01  3.01995172e+03  9.19942769e+01 
 3.09029543e+03  4.95216170e+01  3.09029543e+03  9.19461983e+01 
 3.16227766e+03  4.93218567e+01  3.16227766e+03  9.18991482e+01 
 3.23593657e+03  4.91220856e+01  3.23593657e+03  9.18531017e+01 
 3.31131121e+03  4.89223042e+01  3.31131121e+03  9.18080348e+01 
 3.38844156e+03  4.87225130e+01  3.38844156e+03  9.17639236e+01 
 3.46736850e+03  4.85227124e+01  3.46736850e+03  9.17207451e+01 
 3.54813389e+03  4.83229029e+01  3.54813389e+03  9.16784765e+01 
 3.63078055e+03  4.81230848e+01  3.63078055e+03  9.16370955e+01 
 3.71535229e+03  4.79232585e+01  3.71535229e+03  9.15965805e+01 
 3.80189396e+03  4.77234244e+01  3.80189396e+03  9.15569099e+01 
 3.89045145e+03  4.75235829e+01  3.89045145e+03  9.15180630e+01 
 3.98107171e+03  4.73237342e+01  3.98107171e+03  9.14800192e+01 
 4.07380278e+03  4.71238788e+01  4.07380278e+03  9.14427585e+01 
 4.16869383e+03  4.69240168e+01  4.16869383e+03  9.14062613e+01 
 4.26579519e+03  4.67241487e+01  4.26579519e+03  9.13705082e+01 
 4.36515832e+03  4.65242746e+01  4.36515832e+03  9.13354806e+01 
 4.46683592e+03  4.63243949e+01  4.46683592e+03  9.13011597e+01 
 4.57088190e+03  4.61245098e+01  4.57088190e+03  9.12675276e+01 
 4.67735141e+03  4.59246195e+01  4.67735141e+03  9.12345665e+01 
 4.78630092e+03  4.57247243e+01  4.78630092e+03  9.12022590e+01 
 4.89778819e+03  4.55248244e+01  4.89778819e+03  9.11705880e+01 
 5.01187234e+03  4.53249200e+01  5.01187234e+03  9.11395368e+01 
 5.12861384e+03  4.51250113e+01  5.12861384e+03  9.11090890e+01 
 5.24807460e+03  4.49250986e+01  5.24807460e+03  9.10792284e+01 
 5.37031796e+03  4.47251819e+01  5.37031796e+03  9.10499394e+01 
 5.49540874e+03  4.45252615e+01  5.49540874e+03  9.10212064e+01 
 5.62341325e+03  4.43253375e+01  5.62341325e+03  9.09930142e+01 
 5.75439937e+03  4.41254101e+01  5.75439937e+03  9.09653480e+01 
 5.88843655e+03  4.39254795e+01  5.88843655e+03  9.09381931e+01 
 6.02559586e+03  4.37255458e+01  6.02559586e+03  9.09115351e+01 
 6.16595002e+03  4.35256091e+01  6.16595002e+03  9.08853600e+01 
 6.30957344e+03  4.33256696e+01  6.30957344e+03  9.08596538e+01 
 6.45654229e+03  4.31257273e+01  6.45654229e+03  9.08344031e+01 
 6.60693448e+03  4.29257826e+01  6.60693448e+03  9.08095944e+01 
 6.76082975e+03  4.27258353e+01  6.76082975e+03  9.07852146e+01 
 6.91830971e+03  4.25258857e+01  6.91830971e+03  9.07612508e+01 
 7.07945784e+03  4.23259339e+01  7.07945784e+03  9.07376903e+01 
 7.24435960e+03  4.21259799e+01  7.24435960e+03  9.07145206e+01 
 7.41310241e+03  4.19260239e+01  7.41310241e+03  9.06917296e+01 
 7.58577575e+03  4.17260659e+01  7.58577575e+03  9.06693050e+01 
 7.76247117e+03  4.15261061e+01  7.76247117e+03  9.06472351e+01 
 7.94328235e+03  4.13261444e+01  7.94328235e+03  9.06255082e+01 
 8.12830516e+03  4.11261812e+01  8.12830516e+03  9.06041127e+01 
 8.31763771e+03  4.09262162e+01  8.31763771e+03  9.05830374e+01 
 8.51138038e+03  4.07262498e+01  8.51138038e+03  9.05622710e+01 
 8.70963590e+03  4.05262819e+01  8.70963590e+03  9.05418025e+01 
 8.91250938e+03  4.03263125e+01  8.91250938e+03  9.05216212e+01 
 9.12010839e+03  4.01263419e+01  9.12010839e+03  9.05017163e+01 
 9.33254301e+03  3.99263700e+01  9.33254301e+03  9.04820773e+01 
 9.54992586e+03  3.97263968e+01  9.54992586e+03  9.04626938e+01 
 9.77237221e+03  3.95264225e+01  9.77237221e+03  9.04435556e+01 
 1.00000000e+04  3.93264471e+01  1.00000000e+04  9.04246524e+01 
 1.02329299e+04  3.91264706e+01  1.02329299e+04  9.04059742e+01 
 1.04712855e+04  3.89264932e+01  1.04712855e+04  9.03875113e+01 
 1.07151931e+04  3.87265148e+01  1.07151931e+04  9.03692537e+01 
 1.09647820e+04  3.85265355e+01  1.09647820e+04  9.03511918e+01 
 1.12201845e+04  3.83265553e+01  1.12201845e+04  9.03333161e+01 
 1.14815362e+04  3.81265743e+01  1.14815362e+04  9.03156170e+01 
 1.17489755e+04  3.79265925e+01  1.17489755e+04  9.02980853e+01 
 1.20226443e+04  3.77266100e+01  1.20226443e+04  9.02807115e+01 
 1.23026877e+04  3.75266267e+01  1.23026877e+04  9.02634866e+01 
 1.25892541e+04  3.73266428e+01  1.25892541e+04  9.02464013e+01 
 1.28824955e+04  3.71266583e+01  1.28824955e+04  9.02294466e+01 
 1.31825674e+04  3.69266731e+01  1.31825674e+04  9.02126136e+01 
 1.34896288e+04  3.67266874e+01  1.34896288e+04  9.01958933e+01 
 1.38038426e+04  3.65267012e+01  1.38038426e+04  9.01792768e+01 
 1.41253754e+04  3.63267144e+01  1.41253754e+04  9.01627554e+01 
 1.44543977e+04  3.61267272e+01  1.44543977e+04  9.01463202e+01 
 1.47910839e+04  3.59267395e+01  1.47910839e+04  9.01299627e+01 
 1.51356125e+04  3.57267513e+01  1.51356125e+04  9.01136741e+01 
 1.54881662e+04  3.55267628e+01  1.54881662e+04  9.00974457e+01 
 1.58489319e+04  3.53267739e+01  1.58489319e+04  9.00812690e+01 
 1.62181010e+04  3.51267846e+01  1.62181010e+04  9.00651355e+01 
 1.65958691e+04  3.49267950e+01  1.65958691e+04  9.00490365e+01 
 1.69824365e+04  3.47268050e+01  1.69824365e+04  9.00329635e+01 
 1.73780083e+04  3.45268148e+01  1.73780083e+04  9.00169081e+01 
 1.77827941e+04  3.43268243e+01  1.77827941e+04  9.00008616e+01 
 1.81970086e+04  3.41268336e+01  1.81970086e+04  8.99848157e+01 
 1.86208714e+04  3.39268426e+01  1.86208714e+04  8.99687617e+01 
 1.90546072e+04  3.37268515e+01  1.90546072e+04  8.99526913e+01 
 1.94984460e+04  3.35268601e+01  1.94984460e+04  8.99365958e+01 
 1.99526231e+04  3.33268685e+01  1.99526231e+04  8.99204668e+01 
 2.04173794e+04  3.31268768e+01  2.04173794e+04  8.99042957e+01 
 2.08929613e+04  3.29268850e+01  2.08929613e+04  8.98880740e+01 
 2.13796209e+04  3.27268930e+01  2.13796209e+04  8.98717930e+01 
 2.18776162e+04  3.25269010e+01  2.18776162e+04  8.98554441e+01 
 2.23872114e+04  3.23269088e+01  2.23872114e+04  8.98390187e+01 
 2.29086765e+04  3.21269166e+01  2.29086765e+04  8.98225081e+01 
 2.34422882e+04  3.19269243e+01  2.34422882e+04  8.98059034e+01 
 2.39883292e+04  3.17269320e+01  2.39883292e+04  8.97891960e+01 
 2.45470892e+04  3.15269397e+01  2.45470892e+04  8.97723770e+01 
 2.51188643e+04  3.13269474e+01  2.51188643e+04  8.97554375e+01 
 2.57039578e+04  3.11269550e+01  2.57039578e+04  8.97383685e+01 
 2.63026799e+04  3.09269628e+01  2.63026799e+04  8.97211609e+01 
 2.69153480e+04  3.07269705e+01  2.69153480e+04  8.97038057e+01 
 2.75422870e+04  3.05269783e+01  2.75422870e+04  8.96862937e+01 
 2.81838293e+04  3.03269862e+01  2.81838293e+04  8.96686156e+01 
 2.88403150e+04  3.01269943e+01  2.88403150e+04  8.96507620e+01 
 2.95120923e+04  2.99270024e+01  2.95120923e+04  8.96327235e+01 
 3.01995172e+04  2.97270106e+01  3.01995172e+04  8.96144906e+01 
 3.09029543e+04  2.95270190e+01  3.09029543e+04  8.95960536e+01 
 3.16227766e+04  2.93270276e+01  3.16227766e+04  8.95774027e+01 
 3.23593657e+04  2.91270364e+01  3.23593657e+04  8.95585282e+01 
 3.31131121e+04  2.89270453e+01  3.31131121e+04  8.95394199e+01 
 3.38844156e+04  2.87270545e+01  3.38844156e+04  8.95200679e+01 
 3.46736850e+04  2.85270640e+01  3.46736850e+04  8.95004618e+01 
 3.54813389e+04  2.83270737e+01  3.54813389e+04  8.94805913e+01 
 3.63078055e+04  2.81270837e+01  3.63078055e+04  8.94604460e+01 
 3.71535229e+04  2.79270940e+01  3.71535229e+04  8.94400151e+01 
 3.80189396e+04  2.77271047e+01  3.80189396e+04  8.94192878e+01 
 3.89045145e+04  2.75271157e+01  3.89045145e+04  8.93982533e+01 
 3.98107171e+04  2.73271271e+01  3.98107171e+04  8.93769004e+01 
 4.07380278e+04  2.71271389e+01  4.07380278e+04  8.93552178e+01 
 4.16869383e+04  2.69271512e+01  4.16869383e+04  8.93331942e+01 
 4.26579519e+04  2.67271639e+01  4.26579519e+04  8.93108177e+01 
 4.36515832e+04  2.65271771e+01  4.36515832e+04  8.92880767e+01 
 4.46683592e+04  2.63271908e+01  4.46683592e+04  8.92649592e+01 
 4.57088190e+04  2.61272052e+01  4.57088190e+04  8.92414529e+01 
 4.67735141e+04  2.59272201e+01  4.67735141e+04  8.92175455e+01 
 4.78630092e+04  2.57272356e+01  4.78630092e+04  8.91932244e+01 
 4.89778819e+04  2.55272518e+01  4.89778819e+04  8.91684767e+01 
 5.01187234e+04  2.53272687e+01  5.01187234e+04  8.91432894e+01 
 5.12861384e+04  2.51272863e+01  5.12861384e+04  8.91176492e+01 
 5.24807460e+04  2.49273047e+01  5.24807460e+04  8.90915426e+01 
 5.37031796e+04  2.47273240e+01  5.37031796e+04  8.90649560e+01 
 5.49540874e+04  2.45273441e+01  5.49540874e+04  8.90378752e+01 
 5.62341325e+04  2.43273652e+01  5.62341325e+04  8.90102862e+01 
 5.75439937e+04  2.41273872e+01  5.75439937e+04  8.89821742e+01 
 5.88843655e+04  2.39274103e+01  5.88843655e+04  8.89535246e+01 
 6.02559586e+04  2.37274344e+01  6.02559586e+04  8.89243223e+01 
 6.16595002e+04  2.35274597e+01  6.16595002e+04  8.88945520e+01 
 6.30957344e+04  2.33274862e+01  6.30957344e+04  8.88641981e+01 
 6.45654229e+04  2.31275140e+01  6.45654229e+04  8.88332445e+01 
 6.60693448e+04  2.29275431e+01  6.60693448e+04  8.88016751e+01 
 6.76082975e+04  2.27275737e+01  6.76082975e+04  8.87694734e+01 
 6.91830971e+04  2.25276058e+01  6.91830971e+04  8.87366223e+01 
 7.07945784e+04  2.23276394e+01  7.07945784e+04  8.87031048e+01 
 7.24435960e+04  2.21276747e+01  7.24435960e+04  8.86689033e+01 
 7.41310241e+04  2.19277118e+01  7.41310241e+04  8.86339998e+01 
 7.58577575e+04  2.17277507e+01  7.58577575e+04  8.85983761e+01 
 7.76247117e+04  2.15277916e+01  7.76247117e+04  8.85620136e+01 
 7.94328235e+04  2.13278346e+01  7.94328235e+04  8.85248932e+01 
 8.12830516e+04  2.11278798e+01  8.12830516e+04  8.84869957e+01 
 8.31763771e+04  2.09279272e+01  8.31763771e+04  8.84483011e+01 
 8.51138038e+04  2.07279772e+01  8.51138038e+04  8.84087893e+01 
 8.70963590e+04  2.05280297e+01  8.70963590e+04  8.83684397e+01 
 8.91250938e+04  2.03280849e+01  8.91250938e+04  8.83272312e+01 
 9.12010839e+04  2.01281430e+01  9.12010839e+04  8.82851424e+01 
 9.33254301e+04  1.99282041e+01  9.33254301e+04  8.82421514e+01 
 9.54992586e+04  1.97282684e+01  9.54992586e+04  8.81982357e+01 
 9.77237221e+04  1.95283361e+01  9.77237221e+04  8.81533726e+01 
 1.00000000e+05  1.93284074e+01  1.00000000e+05  8.81075387e+01 
 1.02329299e+05  1.91284825e+01  1.02329299e+05  8.80607102e+01 
 1.04712855e+05  1.89285616e+01  1.04712855e+05  8.80128627e+01 
 1.07151931e+05  1.87286450e+01  1.07151931e+05  8.79639714e+01 
 1.09647820e+05  1.85287328e+01  1.09647820e+05  8.79140110e+01 
 1.12201845e+05  1.83288254e+01  1.12201845e+05  8.78629555e+01 
 1.14815362e+05  1.81289229e+01  1.14815362e+05  8.78107785e+01 
 1.17489755e+05  1.79290258e+01  1.17489755e+05  8.77574529e+01 
 1.20226443e+05  1.77291343e+01  1.20226443e+05  8.77029511e+01 
 1.23026877e+05  1.75292487e+01  1.23026877e+05  8.76472449e+01 
 1.25892541e+05  1.73293694e+01  1.25892541e+05  8.75903055e+01 
 1.28824955e+05  1.71294967e+01  1.28824955e+05  8.75321033e+01 
 1.31825674e+05  1.69296311e+01  1.31825674e+05  8.74726083e+01 
 1.34896288e+05  1.67297730e+01  1.34896288e+05  8.74117896e+01 
 1.38038426e+05  1.65299227e+01  1.38038426e+05  8.73496160e+01 
 1.41253754e+05  1.63300807e+01  1.41253754e+05  8.72860551e+01 
 1.44543977e+05  1.61302476e+01  1.44543977e+05  8.72210741e+01 
 1.47910839e+05  1.59304238e+01  1.47910839e+05  8.71546395e+01 
 1.51356125e+05  1.57306100e+01  1.51356125e+05  8.70867168e+01 
 1.54881662e+05  1.55308066e+01  1.54881662e+05  8.70172710e+01 
 1.58489319e+05  1.53310143e+01  1.58489319e+05  8.69462662e+01 
 1.62181010e+05  1.51312337e+01  1.62181010e+05  8.68736656e+01 
 1.65958691e+05  1.49314655e+01  1.65958691e+05  8.67994316e+01 
 1.69824365e+05  1.47317105e+01  1.69824365e+05  8.67235258e+01 
 1.73780083e+05  1.45319694e+01  1.73780083e+05  8.66459090e+01 
 1.77827941e+05  1.43322430e+01  1.77827941e+05  8.65665408e+01 
 1.81970086e+05  1.41325321e+01  1.81970086e+05  8.64853802e+01 
 1.86208714e+05  1.39328377e+01  1.86208714e+05  8.64023850e+01 
 1.90546072e+05  1.37331607e+01  1.90546072e+05  8.63175121e+01 
 1.94984460e+05  1.35335021e+01  1.94984460e+05  8.62307174e+01 
 1.99526231e+05  1.33338629e+01  1.99526231e+05  8.61419557e+01 
 2.04173794e+05  1.31342443e+01  2.04173794e+05  8.60511809e+01 
 2.08929613e+05  1.29346473e+01  2.08929613e+05  8.59583456e+01 
 2.13796209e+05  1.27350733e+01  2.13796209e+05  8.58634014e+01 
 2.18776162e+05  1.25355235e+01  2.18776162e+05  8.57662985e+01 
 2.23872114e+05  1.23359993e+01  2.23872114e+05  8.56669863e+01 
 2.29086765e+05  1.21365021e+01  2.29086765e+05  8.55654126e+01 
 2.34422882e+05  1.19370333e+01  2.34422882e+05  8.54615241e+01 
 2.39883292e+05  1.17375945e+01  2.39883292e+05  8.53552662e+01 
 2.45470892e+05  1.15381874e+01  2.45470892e+05  8.52465830e+01 
 2.51188643e+05  1.13388137e+01  2.51188643e+05  8.51354171e+01 
 2.57039578e+05  1.11394752e+01  2.57039578e+05  8.50217099e+01 
 2.63026799e+05  1.09401737e+01  2.63026799e+05  8.49054010e+01 
 2.69153480e+05  1.07409112e+01  2.69153480e+05  8.47864289e+01 
 2.75422870e+05  1.05416899e+01  2.75422870e+05  8.46647303e+01 
 2.81838293e+05  1.03425117e+01  2.81838293e+05  8.45402405e+01 
 2.88403150e+05  1.01433791e+01  2.88403150e+05  8.44128931e+01 
 2.95120923e+05  9.94429438e+00  2.95120923e+05  8.42826200e+01 
 3.01995172e+05  9.74525997e+00  3.01995172e+05  8.41493516e+01 
 3.09029543e+05  9.54627846e+00  3.09029543e+05  8.40130164e+01 
 3.16227766e+05  9.34735254e+00  3.16227766e+05  8.38735411e+01 
 3.23593657e+05  9.14848503e+00  3.23593657e+05  8.37308506e+01 
 3.31131121e+05  8.94967886e+00  3.31131121e+05  8.35848681e+01 
 3.38844156e+05  8.75093710e+00  3.38844156e+05  8.34355145e+01 
 3.46736850e+05  8.55226294e+00  3.46736850e+05  8.32827091e+01 
 3.54813389e+05  8.35365972e+00  3.54813389e+05  8.31263691e+01 
 3.63078055e+05  8.15513093e+00  3.63078055e+05  8.29664093e+01 
 3.71535229e+05  7.95668020e+00  3.71535229e+05  8.28027429e+01 
 3.80189396e+05  7.75831133e+00  3.80189396e+05  8.26352805e+01 
 3.89045145e+05  7.56002828e+00  3.89045145e+05  8.24639306e+01 
 3.98107171e+05  7.36183518e+00  3.98107171e+05  8.22885995e+01 
 4.07380278e+05  7.16373636e+00  4.07380278e+05  8.21091910e+01 
 4.16869383e+05  6.96573631e+00  4.16869383e+05  8.19256066e+01 
 4.26579519e+05  6.76783975e+00  4.26579519e+05  8.17377453e+01 
 4.36515832e+05  6.57005157e+00  4.36515832e+05  8.15455035e+01 
 4.46683592e+05  6.37237690e+00  4.46683592e+05  8.13487751e+01 
 4.57088190e+05  6.17482111e+00  4.57088190e+05  8.11474512e+01 
 4.67735141e+05  5.97738977e+00  4.67735141e+05  8.09414203e+01 
 4.78630092e+05  5.78008873e+00  4.78630092e+05  8.07305680e+01 
 4.89778819e+05  5.58292408e+00  4.89778819e+05  8.05147770e+01 
 5.01187234e+05  5.38590220e+00  5.01187234e+05  8.02939269e+01 
 5.12861384e+05  5.18902975e+00  5.12861384e+05  8.00678945e+01 
 5.24807460e+05  4.99231367e+00  5.24807460e+05  7.98365533e+01 
 5.37031796e+05  4.79576124e+00  5.37031796e+05  7.95997734e+01 
 5.49540874e+05  4.59938006e+00  5.49540874e+05  7.93574218e+01 
 5.62341325e+05  4.40317806e+00  5.62341325e+05  7.91093619e+01 
 5.75439937e+05  4.20716356e+00  5.75439937e+05  7.88554535e+01 
 5.88843655e+05  4.01134522e+00  5.88843655e+05  7.85955530e+01 
 6.02559586e+05  3.81573214e+00  6.02559586e+05  7.83295128e+01 
 6.16595002e+05  3.62033378e+00  6.16595002e+05  7.80571812e+01 
 6.30957344e+05  3.42516009e+00  6.30957344e+05  7.77784029e+01 
 6.45654229e+05  3.23022143e+00  6.45654229e+05  7.74930181e+01 
 6.60693448e+05  3.03552867e+00  6.60693448e+05  7.72008626e+01 
 6.76082975e+05  2.84109314e+00  6.76082975e+05  7.69017681e+01 
 6.91830971e+05  2.64692672e+00  6.91830971e+05  7.65955613e+01 
 7.07945784e+05  2.45304184e+00  7.07945784e+05  7.62820642e+01 
 7.24435960e+05  2.25945146e+00  7.24435960e+05  7.59610938e+01 
 7.41310241e+05  2.06616918e+00  7.41310241e+05  7.56324619e+01 
 7.58577575e+05  1.87320919e+00  7.58577575e+05  7.52959750e+01 
 7.76247117e+05  1.68058636e+00  7.76247117e+05  7.49514337e+01 
 7.94328235e+05  1.48831621e+00  7.94328235e+05  7.45986332e+01 
 8.12830516e+05  1.29641499e+00  8.12830516e+05  7.42373621e+01 
 8.31763771e+05  1.10489968e+00  8.31763771e+05  7.38674031e+01 
 8.51138038e+05  9.13788036e-01  8.51138038e+05  7.34885320e+01 
 8.70963590e+05  7.23098628e-01  8.70963590e+05  7.31005178e+01 
 8.91250938e+05  5.32850859e-01  8.91250938e+05  7.27031221e+01 
 9.12010839e+05  3.43065008e-01  9.12010839e+05  7.22960991e+01 
 9.33254301e+05  1.53762268e-01  9.33254301e+05  7.18791948e+01 
 9.54992586e+05 -3.50352164e-02  9.54992586e+05  7.14521472e+01 
 9.77237221e+05 -2.23304316e-01  9.77237221e+05  7.10146852e+01 
 1.00000000e+06 -4.11020873e-01  1.00000000e+06  7.05665286e+01 
 1.02329299e+06 -5.98159665e-01  1.02329299e+06  7.01073875e+01 
 1.04712855e+06 -7.84694363e-01  1.04712855e+06  6.96369618e+01 
 1.07151931e+06 -9.70597490e-01  1.07151931e+06  6.91549404e+01 
 1.09647820e+06 -1.15584039e+00  1.09647820e+06  6.86610009e+01 
 1.12201845e+06 -1.34039316e+00  1.12201845e+06  6.81548089e+01 
 1.14815362e+06 -1.52422467e+00  1.14815362e+06  6.76360169e+01 
 1.17489755e+06 -1.70730245e+00  1.17489755e+06  6.71042641e+01 
 1.20226443e+06 -1.88959271e+00  1.20226443e+06  6.65591748e+01 
 1.23026877e+06 -2.07106027e+00  1.23026877e+06  6.60003583e+01 
 1.25892541e+06 -2.25166858e+00  1.25892541e+06  6.54274074e+01 
 1.28824955e+06 -2.43137961e+00  1.28824955e+06  6.48398970e+01 
 1.31825674e+06 -2.61015392e+00  1.31825674e+06  6.42373838e+01 
 1.34896288e+06 -2.78795057e+00  1.34896288e+06  6.36194042e+01 
 1.38038426e+06 -2.96472717e+00  1.38038426e+06  6.29854730e+01 
 1.41253754e+06 -3.14043985e+00  1.41253754e+06  6.23350821e+01 
 1.44543977e+06 -3.31504328e+00  1.44543977e+06  6.16676988e+01 
 1.47910839e+06 -3.48849070e+00  1.47910839e+06  6.09827634e+01 
 1.51356125e+06 -3.66073399e+00  1.51356125e+06  6.02796878e+01 
 1.54881662e+06 -3.83172370e+00  1.54881662e+06  5.95578531e+01 
 1.58489319e+06 -4.00140920e+00  1.58489319e+06  5.88166068e+01 
 1.62181010e+06 -4.16973877e+00  1.62181010e+06  5.80552609e+01 
 1.65958691e+06 -4.33665976e+00  1.65958691e+06  5.72730882e+01 
 1.69824365e+06 -4.50211885e+00  1.69824365e+06  5.64693199e+01 
 1.73780083e+06 -4.66606227e+00  1.73780083e+06  5.56431420e+01 
 1.77827941e+06 -4.82843613e+00  1.77827941e+06  5.47936914e+01 
 1.81970086e+06 -4.98918687e+00  1.81970086e+06  5.39200527e+01 
 1.86208714e+06 -5.14826168e+00  1.86208714e+06  5.30212534e+01 
 1.90546072e+06 -5.30560916e+00  1.90546072e+06  5.20962600e+01 
 1.94984460e+06 -5.46117999e+00  1.94984460e+06  5.11439733e+01 
 1.99526231e+06 -5.61492780e+00  1.99526231e+06  5.01632233e+01 
 2.04173794e+06 -5.76681015e+00  2.04173794e+06  4.91527650e+01 
 2.08929613e+06 -5.91678978e+00  2.08929613e+06  4.81112729e+01 
 2.13796209e+06 -6.06483596e+00  2.13796209e+06  4.70373365e+01 
 2.18776162e+06 -6.21092617e+00  2.18776162e+06  4.59294555e+01 
 2.23872114e+06 -6.35504799e+00  2.23872114e+06  4.47860360e+01 
 2.29086765e+06 -6.49720128e+00  2.29086765e+06  4.36053867e+01 
 2.34422882e+06 -6.63740075e+00  2.34422882e+06  4.23857172e+01 
 2.39883292e+06 -6.77567878e+00  2.39883292e+06  4.11251366e+01 
 2.45470892e+06 -6.91208869e+00  2.45470892e+06  3.98216551e+01 
 2.51188643e+06 -7.04670831e+00  2.51188643e+06  3.84731876e+01 
 2.57039578e+06 -7.17964391e+00  2.57039578e+06  3.70775613e+01 
 2.63026799e+06 -7.31103454e+00  2.63026799e+06  3.56325266e+01 
 2.69153480e+06 -7.44105652e+00  2.69153480e+06  3.41357740e+01 
 2.75422870e+06 -7.56992817e+00  2.75422870e+06  3.25849566e+01 
 2.81838293e+06 -7.69791456e+00  2.81838293e+06  3.09777198e+01 
 2.88403150e+06 -7.82533206e+00  2.88403150e+06  2.93117387e+01 
 2.95120923e+06 -7.95255247e+00  2.95120923e+06  2.75847652e+01 
 3.01995172e+06 -8.08000639e+00  3.01995172e+06  2.57946830e+01 
 3.09029543e+06 -8.20818546e+00  3.09029543e+06  2.39395735e+01 
 3.16227766e+06 -8.33764301e+00  3.16227766e+06  2.20177890e+01 
 3.23593657e+06 -8.46899268e+00  3.23593657e+06  2.00280340e+01 
 3.31131121e+06 -8.60290446e+00  3.31131121e+06  1.79694509e+01 
 3.38844156e+06 -8.74009791e+00  3.38844156e+06  1.58417077e+01 
 3.46736850e+06 -8.88133209e+00  3.46736850e+06  1.36450807e+01 
 3.54813389e+06 -9.02739220e+00  3.54813389e+06  1.13805299e+01 
 3.63078055e+06 -9.17907302e+00  3.63078055e+06  9.04975752e+00 
 3.71535229e+06 -9.33715963e+00  3.71535229e+06  6.65524523e+00 
 3.80189396e+06 -9.50240618e+00  3.80189396e+06  4.20026308e+00 
 3.89045145e+06 -9.67551385e+00  3.89045145e+06  1.68884640e+00 
 3.98107171e+06 -9.85710931e+00  3.98107171e+06 -8.74262037e-01 
 4.07380278e+06 -1.00477252e+01  4.07380278e+06 -3.48370369e+00 
 4.16869383e+06 -1.02477840e+01  4.16869383e+06 -6.13362589e+00 
 4.26579519e+06 -1.04575868e+01  4.26579519e+06 -8.81782647e+00 
 4.36515832e+06 -1.06773071e+01  4.36515832e+06 -1.15299119e+01 
 4.46683592e+06 -1.09069914e+01  4.46683592e+06 -1.42634580e+01 
 4.57088190e+06 -1.11465641e+01  4.57088190e+06 -1.70121626e+01 
 4.67735141e+06 -1.13958387e+01  4.67735141e+06 -1.97699795e+01 
 4.78630092e+06 -1.16545322e+01  4.78630092e+06 -2.25312276e+01 
 4.89778819e+06 -1.19222812e+01  4.89778819e+06 -2.52906695e+01 
 5.01187234e+06 -1.21986607e+01  5.01187234e+06 -2.80435592e+01 
 5.12861384e+06 -1.24832006e+01  5.12861384e+06 -3.07856600e+01 
 5.24807460e+06 -1.27754022e+01  5.24807460e+06 -3.35132375e+01 
 5.37031796e+06 -1.30747520e+01  5.37031796e+06 -3.62230327e+01 
 5.49540874e+06 -1.33807325e+01  5.49540874e+06 -3.89122204e+01 
 5.62341325e+06 -1.36928310e+01  5.62341325e+06 -4.15783617e+01 
 5.75439937e+06 -1.40105452e+01  5.75439937e+06 -4.42193526e+01 
 5.88843655e+06 -1.43333866e+01  5.88843655e+06 -4.68333747e+01 
 6.02559586e+06 -1.46608825e+01  6.02559586e+06 -4.94188513e+01 
 6.16595002e+06 -1.49925761e+01  6.16595002e+06 -5.19744097e+01 
 6.30957344e+06 -1.53280258e+01  6.30957344e+06 -5.44988502e+01 
 6.45654229e+06 -1.56668041e+01  6.45654229e+06 -5.69911238e+01 
 6.60693448e+06 -1.60084962e+01  6.60693448e+06 -5.94503150e+01 
 6.76082975e+06 -1.63526987e+01  6.76082975e+06 -6.18756313e+01 
 6.91830971e+06 -1.66990185e+01  6.91830971e+06 -6.42663965e+01 
 7.07945784e+06 -1.70470717e+01  7.07945784e+06 -6.66220472e+01 
 7.24435960e+06 -1.73964836e+01  7.24435960e+06 -6.89421316e+01 
 7.41310241e+06 -1.77468882e+01  7.41310241e+06 -7.12263090e+01 
 7.58577575e+06 -1.80979285e+01  7.58577575e+06 -7.34743500e+01 
 7.76247117e+06 -1.84492568e+01  7.76247117e+06 -7.56861353e+01 
 7.94328235e+06 -1.88005355e+01  7.94328235e+06 -7.78616553e+01 
 8.12830516e+06 -1.91514379e+01  8.12830516e+06 -8.00010069e+01 
 8.31763771e+06 -1.95016485e+01  8.31763771e+06 -8.21043908e+01 
 8.51138038e+06 -1.98508644e+01  8.51138038e+06 -8.41721067e+01 
 8.70963590e+06 -2.01987955e+01  8.70963590e+06 -8.62045478e+01 
 8.91250938e+06 -2.05451656e+01  8.91250938e+06 -8.82021941e+01 
 9.12010839e+06 -2.08897128e+01  9.12010839e+06 -9.01656060e+01 
 9.33254301e+06 -2.12321897e+01  9.33254301e+06 -9.20954158e+01 
 9.54992586e+06 -2.15723642e+01  9.54992586e+06 -9.39923202e+01 
 9.77237221e+06 -2.19100193e+01  9.77237221e+06 -9.58570723e+01 
 1.00000000e+07 -2.22449533e+01  1.00000000e+07 -9.76904729e+01 
 1.02329299e+07 -2.25769799e+01  1.02329299e+07 -9.94933626e+01 
 1.04712855e+07 -2.29059279e+01  1.04712855e+07 -1.01266614e+02 
 1.07151931e+07 -2.32316410e+01  1.07151931e+07 -1.03011125e+02 
 1.09647820e+07 -2.35539776e+01  1.09647820e+07 -1.04727810e+02 
 1.12201845e+07 -2.38728103e+01  1.12201845e+07 -1.06417593e+02 
 1.14815362e+07 -2.41880254e+01  1.14815362e+07 -1.08081404e+02 
 1.17489755e+07 -2.44995229e+01  1.17489755e+07 -1.09720168e+02 
 1.20226443e+07 -2.48072156e+01  1.20226443e+07 -1.11334807e+02 
 1.23026877e+07 -2.51110284e+01  1.23026877e+07 -1.12926227e+02 
 1.25892541e+07 -2.54108984e+01  1.25892541e+07 -1.14495317e+02 
 1.28824955e+07 -2.57067741e+01  1.28824955e+07 -1.16042948e+02 
 1.31825674e+07 -2.59986145e+01  1.31825674e+07 -1.17569963e+02 
 1.34896288e+07 -2.62863892e+01  1.34896288e+07 -1.19077177e+02 
 1.38038426e+07 -2.65700774e+01  1.38038426e+07 -1.20565375e+02 
 1.41253754e+07 -2.68496679e+01  1.41253754e+07 -1.22035306e+02 
 1.44543977e+07 -2.71251579e+01  1.44543977e+07 -1.23487685e+02 
 1.47910839e+07 -2.73965534e+01  1.47910839e+07 -1.24923186e+02 
 1.51356125e+07 -2.76638679e+01  1.51356125e+07 -1.26342445e+02 
 1.54881662e+07 -2.79271225e+01  1.54881662e+07 -1.27746055e+02 
 1.58489319e+07 -2.81863455e+01  1.58489319e+07 -1.29134564e+02 
 1.62181010e+07 -2.84415714e+01  1.62181010e+07 -1.30508480e+02 
 1.65958691e+07 -2.86928413e+01  1.65958691e+07 -1.31868264e+02 
 1.69824365e+07 -2.89402019e+01  1.69824365e+07 -1.33214330e+02 
 1.73780083e+07 -2.91837054e+01  1.73780083e+07 -1.34547049e+02 
 1.77827941e+07 -2.94234090e+01  1.77827941e+07 -1.35866744e+02 
 1.81970086e+07 -2.96593746e+01  1.81970086e+07 -1.37173693e+02 
 1.86208714e+07 -2.98916686e+01  1.86208714e+07 -1.38468126e+02 
 1.90546072e+07 -3.01203612e+01  1.90546072e+07 -1.39750231e+02 
 1.94984460e+07 -3.03455263e+01  1.94984460e+07 -1.41020145e+02 
 1.99526231e+07 -3.05672413e+01  1.99526231e+07 -1.42277966e+02 
 2.04173794e+07 -3.07855862e+01  2.04173794e+07 -1.43523745e+02 
 2.08929613e+07 -3.10006439e+01  2.08929613e+07 -1.44757489e+02 
 2.13796209e+07 -3.12124995e+01  2.13796209e+07 -1.45979165e+02 
 2.18776162e+07 -3.14212399e+01  2.18776162e+07 -1.47188695e+02 
 2.23872114e+07 -3.16269539e+01  2.23872114e+07 -1.48385966e+02 
 2.29086765e+07 -3.18297313e+01  2.29086765e+07 -1.49570820e+02 
 2.34422882e+07 -3.20296627e+01  2.34422882e+07 -1.50743066e+02 
 2.39883292e+07 -3.22268394e+01  2.39883292e+07 -1.51902474e+02 
 2.45470892e+07 -3.24213529e+01  2.45470892e+07 -1.53048779e+02 
 2.51188643e+07 -3.26132944e+01  2.51188643e+07 -1.54181685e+02 
 2.57039578e+07 -3.28027546e+01  2.57039578e+07 -1.55300860e+02 
 2.63026799e+07 -3.29898233e+01  2.63026799e+07 -1.56405946e+02 
 2.69153480e+07 -3.31745888e+01  2.69153480e+07 -1.57496553e+02 
 2.75422870e+07 -3.33571379e+01  2.75422870e+07 -1.58572266e+02 
 2.81838293e+07 -3.35375555e+01  2.81838293e+07 -1.59632644e+02 
 2.88403150e+07 -3.37159238e+01  2.88403150e+07 -1.60677223e+02 
 2.95120923e+07 -3.38923224e+01  2.95120923e+07 -1.61705518e+02 
 3.01995172e+07 -3.40668275e+01  3.01995172e+07 -1.62717023e+02 
 3.09029543e+07 -3.42395120e+01  3.09029543e+07 -1.63711217e+02 
 3.16227766e+07 -3.44104448e+01  3.16227766e+07 -1.64687561e+02 
 3.23593657e+07 -3.45796904e+01  3.23593657e+07 -1.65645504e+02 
 3.31131121e+07 -3.47473088e+01  3.31131121e+07 -1.66584482e+02 
 3.38844156e+07 -3.49133549e+01  3.38844156e+07 -1.67503923e+02 
 3.46736850e+07 -3.50778784e+01  3.46736850e+07 -1.68403249e+02 
 3.54813389e+07 -3.52409232e+01  3.54813389e+07 -1.69281876e+02 
 3.63078055e+07 -3.54025270e+01  3.63078055e+07 -1.70139216e+02 
 3.71535229e+07 -3.55627215e+01  3.71535229e+07 -1.70974685e+02 
 3.80189396e+07 -3.57215315e+01  3.80189396e+07 -1.71787699e+02 
 3.89045145e+07 -3.58789750e+01  3.89045145e+07 -1.72577681e+02 
 3.98107171e+07 -3.60350628e+01  3.98107171e+07 -1.73344059e+02 
 4.07380278e+07 -3.61897980e+01  4.07380278e+07 -1.74086275e+02 
 4.16869383e+07 -3.63431764e+01  4.16869383e+07 -1.74803784e+02 
 4.26579519e+07 -3.64951856e+01  4.26579519e+07 -1.75496058e+02 
 4.36515832e+07 -3.66458050e+01  4.36515832e+07 -1.76162589e+02 
 4.46683592e+07 -3.67950062e+01  4.46683592e+07 -1.76802892e+02 
 4.57088190e+07 -3.69427519e+01  4.57088190e+07 -1.77416511e+02 
 4.67735141e+07 -3.70889966e+01  4.67735141e+07 -1.78003021e+02 
 4.78630092e+07 -3.72336864e+01  4.78630092e+07 -1.78562029e+02 
 4.89778819e+07 -3.73767587e+01  4.89778819e+07 -1.79093184e+02 
 5.01187234e+07 -3.75181426e+01  5.01187234e+07 -1.79596178e+02 
 5.12861384e+07 -3.76577587e+01  5.12861384e+07  1.79929251e+02 
 5.24807460e+07 -3.77955197e+01  5.24807460e+07  1.79483311e+02 
 5.37031796e+07 -3.79313302e+01  5.37031796e+07  1.79066155e+02 
 5.49540874e+07 -3.80650873e+01  5.49540874e+07  1.78677873e+02 
 5.62341325e+07 -3.81966809e+01  5.62341325e+07  1.78318489e+02 
 5.75439937e+07 -3.83259944e+01  5.75439937e+07  1.77987955e+02 
 5.88843655e+07 -3.84529049e+01  5.88843655e+07  1.77686148e+02 
 6.02559586e+07 -3.85772844e+01  6.02559586e+07  1.77412863e+02 
 6.16595002e+07 -3.86990002e+01  6.16595002e+07  1.77167812e+02 
 6.30957344e+07 -3.88179160e+01  6.30957344e+07  1.76950614e+02 
 6.45654229e+07 -3.89338930e+01  6.45654229e+07  1.76760799e+02 
 6.60693448e+07 -3.90467908e+01  6.60693448e+07  1.76597797e+02 
 6.76082975e+07 -3.91564690e+01  6.76082975e+07  1.76460941e+02 
 6.91830971e+07 -3.92627881e+01  6.91830971e+07  1.76349462e+02 
 7.07945784e+07 -3.93656116e+01  7.07945784e+07  1.76262489e+02 
 7.24435960e+07 -3.94648066e+01  7.24435960e+07  1.76199048e+02 
 7.41310241e+07 -3.95602462e+01  7.41310241e+07  1.76158067e+02 
 7.58577575e+07 -3.96518109e+01  7.58577575e+07  1.76138370e+02 
 7.76247117e+07 -3.97393898e+01  7.76247117e+07  1.76138689e+02 
 7.94328235e+07 -3.98228829e+01  7.94328235e+07  1.76157663e+02 
 8.12830516e+07 -3.99022021e+01  8.12830516e+07  1.76193850e+02 
 8.31763771e+07 -3.99772731e+01  8.31763771e+07  1.76245727e+02 
 8.51138038e+07 -4.00480366e+01  8.51138038e+07  1.76311704e+02 
 8.70963590e+07 -4.01144494e+01  8.70963590e+07  1.76390136e+02 
 8.91250938e+07 -4.01764859e+01  8.91250938e+07  1.76479326e+02 
 9.12010839e+07 -4.02341388e+01  9.12010839e+07  1.76577548e+02 
 9.33254301e+07 -4.02874194e+01  9.33254301e+07  1.76683051e+02 
 9.54992586e+07 -4.03363587e+01  9.54992586e+07  1.76794079e+02 
 9.77237221e+07 -4.03810069e+01  9.77237221e+07  1.76908880e+02 
 1.00000000e+08 -4.04214338e+01  1.00000000e+08  1.77025724e+02 
