 2.00000000e+01  7.86584388e+01 
 2.24403691e+01  7.86222303e+01 
 2.51785082e+01  7.85766789e+01 
 2.82507509e+01  7.85196955e+01 
 3.16978638e+01  7.84487629e+01 
 3.55655882e+01  7.83608917e+01 
 3.99052463e+01  7.82525914e+01 
 4.47744228e+01  7.81198677e+01 
 5.02377286e+01  7.79582600e+01 
 5.63676586e+01  7.77629368e+01 
 6.32455532e+01  7.75288580e+01 
 7.09626778e+01  7.72510116e+01 
 7.96214341e+01  7.69247189e+01 
 8.93367184e+01  7.65459763e+01 
 1.00237447e+02  7.61117961e+01 
 1.12468265e+02  7.56204877e+01 
 1.26191469e+02  7.50718261e+01 
 1.41589157e+02  7.44670764e+01 
 1.58865647e+02  7.38088652e+01 
 1.78250188e+02  7.31009287e+01 
 2.00000000e+02  7.23477852e+01 
 2.24403691e+02  7.15543864e+01 
 2.51785082e+02  7.07257999e+01 
 2.82507509e+02  6.98669500e+01 
 3.16978638e+02  6.89824333e+01 
 3.55655882e+02  6.80764049e+01 
 3.99052463e+02  6.71525260e+01 
 4.47744228e+02  6.62139570e+01 
 5.02377286e+02  6.52633808e+01 
 5.63676586e+02  6.43030449e+01 
 6.32455532e+02  6.33348123e+01 
 7.09626778e+02  6.23602138e+01 
 7.96214341e+02  6.13804988e+01 
 8.93367184e+02  6.03966812e+01 
 1.00237447e+03  5.94095808e+01 
 1.12468265e+03  5.84198574e+01 
 1.26191469e+03  5.74280414e+01 
 1.41589157e+03  5.64345576e+01 
 1.58865647e+03  5.54397463e+01 
 1.78250188e+03  5.44438794e+01 
 2.00000000e+03  5.34471742e+01 
 2.24403691e+03  5.24498044e+01 
 2.51785082e+03  5.14519091e+01 
 2.82507509e+03  5.04535995e+01 
 3.16978638e+03  4.94549653e+01 
 3.55655882e+03  4.84560790e+01 
 3.99052463e+03  4.74569997e+01 
 4.47744228e+03  4.64577762e+01 
 5.02377286e+03  4.54584499e+01 
 5.63676586e+03  4.44590566e+01 
 6.32455532e+03  4.34596285e+01 
 7.09626778e+03  4.24601961e+01 
 7.96214341e+03  4.14607896e+01 
 8.93367184e+03  4.04614404e+01 
 1.00237447e+04  3.94621832e+01 
 1.12468265e+04  3.84630573e+01 
 1.26191469e+04  3.74641091e+01 
 1.41589157e+04  3.64653942e+01 
 1.58865647e+04  3.54669804e+01 
 1.78250188e+04  3.44689513e+01 
 2.00000000e+04  3.34714105e+01 
 2.24403691e+04  3.24744864e+01 
 2.51785082e+04  3.14783394e+01 
 2.82507509e+04  3.04831688e+01 
 3.16978638e+04  2.94892226e+01 
 3.55655882e+04  2.84968090e+01 
 3.99052463e+04  2.75063094e+01 
 4.47744228e+04  2.65181945e+01 
 5.02377286e+04  2.55330421e+01 
 5.63676586e+04  2.45515568e+01 
 6.32455532e+04  2.35745910e+01 
 7.09626778e+04  2.26031656e+01 
 7.96214341e+04  2.16384860e+01 
 8.93367184e+04  2.06819524e+01 
 1.00237447e+05  1.97351549e+01 
 1.12468265e+05  1.87998482e+01 
 1.26191469e+05  1.78778947e+01 
 1.41589157e+05  1.69711685e+01 
 1.58865647e+05  1.60814132e+01 
 1.78250188e+05  1.52100555e+01 
 2.00000000e+05  1.43579897e+01 
