 2.00000000e+01  9.00011601e-09  2.00000000e+01  9.01005162e-09 
 2.09425710e+01  8.97237463e-09  2.09425710e+01  8.98204023e-09 
 2.19295639e+01  8.94593418e-09  2.19295639e+01  8.95535358e-09 
 2.29630724e+01  8.92073210e-09  2.29630724e+01  8.92992694e-09 
 2.40452887e+01  8.89670892e-09  2.40452887e+01  8.90569886e-09 
 2.51785082e+01  8.87380812e-09  2.51785082e+01  8.88261104e-09 
 2.63651348e+01  8.85197598e-09  2.63651348e+01  8.86060813e-09 
 2.76076853e+01  8.83116142e-09  2.76076853e+01  8.83963757e-09 
 2.89087954e+01  8.81131587e-09  2.89087954e+01  8.81964947e-09 
 3.02712250e+01  8.79239317e-09  3.02712250e+01  8.80059647e-09 
 3.16978638e+01  8.77434942e-09  3.16978638e+01  8.78243356e-09 
 3.31917381e+01  8.75714287e-09  3.31917381e+01  8.76511801e-09 
 3.47560166e+01  8.74073383e-09  3.47560166e+01  8.74860921e-09 
 3.63940172e+01  8.72508454e-09  3.63940172e+01  8.73286859e-09 
 3.81092144e+01  8.71015908e-09  3.81092144e+01  8.71785950e-09 
 3.99052463e+01  8.69592329e-09  3.99052463e+01  8.70354709e-09 
 4.17859226e+01  8.68234467e-09  4.17859226e+01  8.68989824e-09 
 4.37552325e+01  8.66939230e-09  4.37552325e+01  8.67688148e-09 
 4.58173531e+01  8.65703675e-09  4.58173531e+01  8.66446687e-09 
 4.79766584e+01  8.64525001e-09  4.79766584e+01  8.65262594e-09 
 5.02377286e+01  8.63400544e-09  5.02377286e+01  8.64133163e-09 
 5.26053598e+01  8.62327767e-09  5.26053598e+01  8.63055817e-09 
 5.50845741e+01  8.61304255e-09  5.50845741e+01  8.62028109e-09 
 5.76806301e+01  8.60327709e-09  5.76806301e+01  8.61047705e-09 
 6.03990344e+01  8.59395940e-09  6.03990344e+01  8.60112390e-09 
 6.32455532e+01  8.58506864e-09  6.32455532e+01  8.59220052e-09 
 6.62262243e+01  8.57658496e-09  6.62262243e+01  8.58368682e-09 
 6.93473701e+01  8.56848946e-09  6.93473701e+01  8.57556368e-09 
 7.26156110e+01  8.56076413e-09  7.26156110e+01  8.56781289e-09 
 7.60378793e+01  8.55339182e-09  7.60378793e+01  8.56041712e-09 
 7.96214341e+01  8.54635619e-09  7.96214341e+01  8.55335987e-09 
 8.33738767e+01  8.53964168e-09  8.33738767e+01  8.54662541e-09 
 8.73031664e+01  8.53323346e-09  8.73031664e+01  8.54019878e-09 
 9.14176379e+01  8.52711739e-09  9.14176379e+01  8.53406572e-09 
 9.57260185e+01  8.52128001e-09  9.57260185e+01  8.52821264e-09 
 1.00237447e+02  8.51570848e-09  1.00237447e+02  8.52262661e-09 
 1.04961492e+02  8.51039057e-09  1.04961492e+02  8.51729529e-09 
 1.09908175e+02  8.50531462e-09  1.09908175e+02  8.51220694e-09 
 1.15087987e+02  8.50046952e-09  1.15087987e+02  8.50735035e-09 
 1.20511917e+02  8.49584467e-09  1.20511917e+02  8.50271487e-09 
 1.26191469e+02  8.49142998e-09  1.26191469e+02  8.49829032e-09 
 1.32138690e+02  8.48721580e-09  1.32138690e+02  8.49406701e-09 
 1.38366194e+02  8.48319297e-09  1.38366194e+02  8.49003570e-09 
 1.44887192e+02  8.47935271e-09  1.44887192e+02  8.48618759e-09 
 1.51715515e+02  8.47568670e-09  1.51715515e+02  8.48251426e-09 
 1.58865647e+02  8.47218695e-09  1.58865647e+02  8.47900773e-09 
 1.66352754e+02  8.46884588e-09  1.66352754e+02  8.47566035e-09 
 1.74192718e+02  8.46565625e-09  1.74192718e+02  8.47246485e-09 
 1.82402168e+02  8.46261115e-09  1.82402168e+02  8.46941427e-09 
 1.90998517e+02  8.45970398e-09  1.90998517e+02  8.46650201e-09 
 2.00000000e+02  8.45692847e-09  2.00000000e+02  8.46372175e-09 
 2.09425710e+02  8.45427861e-09  2.09425710e+02  8.46106747e-09 
 2.19295639e+02  8.45174870e-09  2.19295639e+02  8.45853341e-09 
 2.29630724e+02  8.44933326e-09  2.29630724e+02  8.45611411e-09 
 2.40452887e+02  8.44702710e-09  2.40452887e+02  8.45380433e-09 
 2.51785082e+02  8.44482524e-09  2.51785082e+02  8.45159909e-09 
 2.63651348e+02  8.44272295e-09  2.63651348e+02  8.44949363e-09 
 2.76076853e+02  8.44071571e-09  2.76076853e+02  8.44748341e-09 
 2.89087954e+02  8.43879919e-09  2.89087954e+02  8.44556410e-09 
 3.02712250e+02  8.43696929e-09  3.02712250e+02  8.44373157e-09 
 3.16978638e+02  8.43522207e-09  3.16978638e+02  8.44198188e-09 
 3.31917381e+02  8.43355378e-09  3.31917381e+02  8.44031127e-09 
 3.47560166e+02  8.43196084e-09  3.47560166e+02  8.43871613e-09 
 3.63940172e+02  8.43043984e-09  3.63940172e+02  8.43719306e-09 
 3.81092144e+02  8.42898752e-09  3.81092144e+02  8.43573877e-09 
 3.99052463e+02  8.42760076e-09  3.99052463e+02  8.43435015e-09 
 4.17859226e+02  8.42627660e-09  4.17859226e+02  8.43302422e-09 
 4.37552325e+02  8.42501220e-09  4.37552325e+02  8.43175814e-09 
 4.58173531e+02  8.42380486e-09  4.58173531e+02  8.43054918e-09 
 4.79766584e+02  8.42265199e-09  4.79766584e+02  8.42939477e-09 
 5.02377286e+02  8.42155113e-09  5.02377286e+02  8.42829244e-09 
 5.26053598e+02  8.42049992e-09  5.26053598e+02  8.42723981e-09 
 5.50845741e+02  8.41949612e-09  5.50845741e+02  8.42623463e-09 
 5.76806301e+02  8.41853759e-09  5.76806301e+02  8.42527477e-09 
 6.03990344e+02  8.41762228e-09  6.03990344e+02  8.42435815e-09 
 6.32455532e+02  8.41674822e-09  6.32455532e+02  8.42348283e-09 
 6.62262243e+02  8.41591357e-09  6.62262243e+02  8.42264693e-09 
 6.93473701e+02  8.41511653e-09  6.93473701e+02  8.42184866e-09 
 7.26156110e+02  8.41435541e-09  7.26156110e+02  8.42108631e-09 
 7.60378793e+02  8.41362857e-09  7.60378793e+02  8.42035825e-09 
 7.96214341e+02  8.41293448e-09  7.96214341e+02  8.41966294e-09 
 8.33738767e+02  8.41227164e-09  8.33738767e+02  8.41899887e-09 
 8.73031664e+02  8.41163865e-09  8.73031664e+02  8.41836462e-09 
 9.14176379e+02  8.41103416e-09  9.14176379e+02  8.41775885e-09 
 9.57260185e+02  8.41045687e-09  9.57260185e+02  8.41718026e-09 
 1.00237447e+03  8.40990556e-09  1.00237447e+03  8.41662759e-09 
 1.04961492e+03  8.40937905e-09  1.04961492e+03  8.41609968e-09 
 1.09908175e+03  8.40887622e-09  1.09908175e+03  8.41559539e-09 
 1.15087987e+03  8.40839598e-09  1.15087987e+03  8.41511363e-09 
 1.20511917e+03  8.40793733e-09  1.20511917e+03  8.41465337e-09 
 1.26191469e+03  8.40749928e-09  1.26191469e+03  8.41421361e-09 
 1.32138690e+03  8.40708089e-09  1.32138690e+03  8.41379343e-09 
 1.38366194e+03  8.40668128e-09  1.38366194e+03  8.41339189e-09 
 1.44887192e+03  8.40629958e-09  1.44887192e+03  8.41300815e-09 
 1.51715515e+03  8.40593499e-09  1.51715515e+03  8.41264136e-09 
 1.58865647e+03  8.40558671e-09  1.58865647e+03  8.41229073e-09 
 1.66352754e+03  8.40525402e-09  1.66352754e+03  8.41195550e-09 
 1.74192718e+03  8.40493619e-09  1.74192718e+03  8.41163493e-09 
 1.82402168e+03  8.40463254e-09  1.82402168e+03  8.41132832e-09 
 1.90998517e+03  8.40434242e-09  1.90998517e+03  8.41103500e-09 
 2.00000000e+03  8.40406521e-09  2.00000000e+03  8.41075431e-09 
 2.09425710e+03  8.40380030e-09  2.09425710e+03  8.41048563e-09 
 2.19295639e+03  8.40354714e-09  2.19295639e+03  8.41022836e-09 
 2.29630724e+03  8.40330517e-09  2.29630724e+03  8.40998192e-09 
 2.40452887e+03  8.40307386e-09  2.40452887e+03  8.40974574e-09 
 2.51785082e+03  8.40285272e-09  2.51785082e+03  8.40951929e-09 
 2.63651348e+03  8.40264126e-09  2.63651348e+03  8.40930203e-09 
 2.76076853e+03  8.40243901e-09  2.76076853e+03  8.40909346e-09 
 2.89087954e+03  8.40224554e-09  2.89087954e+03  8.40889308e-09 
 3.02712250e+03  8.40206042e-09  3.02712250e+03  8.40870040e-09 
 3.16978638e+03  8.40188324e-09  3.16978638e+03  8.40851495e-09 
 3.31917381e+03  8.40171359e-09  3.31917381e+03  8.40833627e-09 
 3.47560166e+03  8.40155110e-09  3.47560166e+03  8.40816389e-09 
 3.63940172e+03  8.40139540e-09  3.63940172e+03  8.40799737e-09 
 3.81092144e+03  8.40124613e-09  3.81092144e+03  8.40783625e-09 
 3.99052463e+03  8.40110295e-09  3.99052463e+03  8.40768010e-09 
 4.17859226e+03  8.40096552e-09  4.17859226e+03  8.40752846e-09 
 4.37552325e+03  8.40083351e-09  4.37552325e+03  8.40738090e-09 
 4.58173531e+03  8.40070662e-09  4.58173531e+03  8.40723696e-09 
 4.79766584e+03  8.40058452e-09  4.79766584e+03  8.40709619e-09 
 5.02377286e+03  8.40046692e-09  5.02377286e+03  8.40695812e-09 
 5.26053598e+03  8.40035350e-09  5.26053598e+03  8.40682229e-09 
 5.50845741e+03  8.40024399e-09  5.50845741e+03  8.40668821e-09 
 5.76806301e+03  8.40013809e-09  5.76806301e+03  8.40655538e-09 
 6.03990344e+03  8.40003550e-09  6.03990344e+03  8.40642329e-09 
 6.32455532e+03  8.39993595e-09  6.32455532e+03  8.40629139e-09 
 6.62262243e+03  8.39983913e-09  6.62262243e+03  8.40615912e-09 
 6.93473701e+03  8.39974476e-09  6.93473701e+03  8.40602590e-09 
 7.26156110e+03  8.39965255e-09  7.26156110e+03  8.40589110e-09 
 7.60378793e+03  8.39956219e-09  7.60378793e+03  8.40575406e-09 
 7.96214341e+03  8.39947338e-09  7.96214341e+03  8.40561409e-09 
 8.33738767e+03  8.39938582e-09  8.33738767e+03  8.40547043e-09 
 8.73031664e+03  8.39929917e-09  8.73031664e+03  8.40532231e-09 
 9.14176379e+03  8.39921312e-09  9.14176379e+03  8.40516886e-09 
 9.57260185e+03  8.39912730e-09  9.57260185e+03  8.40500918e-09 
 1.00237447e+04  8.39904138e-09  1.00237447e+04  8.40484227e-09 
 1.04961492e+04  8.39895496e-09  1.04961492e+04  8.40466710e-09 
 1.09908175e+04  8.39886765e-09  1.09908175e+04  8.40448251e-09 
 1.15087987e+04  8.39877904e-09  1.15087987e+04  8.40428726e-09 
 1.20511917e+04  8.39868868e-09  1.20511917e+04  8.40408003e-09 
 1.26191469e+04  8.39859611e-09  1.26191469e+04  8.40385935e-09 
 1.32138690e+04  8.39850082e-09  1.32138690e+04  8.40362366e-09 
 1.38366194e+04  8.39840228e-09  1.38366194e+04  8.40337125e-09 
 1.44887192e+04  8.39829992e-09  1.44887192e+04  8.40310025e-09 
 1.51715515e+04  8.39819313e-09  1.51715515e+04  8.40280865e-09 
 1.58865647e+04  8.39808124e-09  1.58865647e+04  8.40249424e-09 
 1.66352754e+04  8.39796354e-09  1.66352754e+04  8.40215463e-09 
 1.74192718e+04  8.39783927e-09  1.74192718e+04  8.40178722e-09 
 1.82402168e+04  8.39770760e-09  1.82402168e+04  8.40138914e-09 
 1.90998517e+04  8.39756765e-09  1.90998517e+04  8.40095732e-09 
 2.00000000e+04  8.39741843e-09  2.00000000e+04  8.40048838e-09 
