 2.00000000e+01  3.19165393e-08  2.00000000e+01  1.01630973e-08 
 2.09425710e+01  3.18475535e-08  2.09425710e+01  1.01408600e-08 
 2.19295639e+01  3.17815304e-08  2.19295639e+01  1.01195910e-08 
 2.29630724e+01  3.17183488e-08  2.29630724e+01  1.00992493e-08 
 2.40452887e+01  3.16578917e-08  2.40452887e+01  1.00797956e-08 
 2.51785082e+01  3.16000469e-08  2.51785082e+01  1.00611923e-08 
 2.63651348e+01  3.15447060e-08  2.63651348e+01  1.00434031e-08 
 2.76076853e+01  3.14917648e-08  2.76076853e+01  1.00263934e-08 
 2.89087954e+01  3.14411232e-08  2.89087954e+01  1.00101298e-08 
 3.02712250e+01  3.13926847e-08  3.02712250e+01  9.99458044e-09 
 3.16978638e+01  3.13463567e-08  3.16978638e+01  9.97971457e-09 
 3.31917381e+01  3.13020503e-08  3.31917381e+01  9.96550283e-09 
 3.47560166e+01  3.12596800e-08  3.47560166e+01  9.95191704e-09 
 3.63940172e+01  3.12191635e-08  3.63940172e+01  9.93893017e-09 
 3.81092144e+01  3.11804220e-08  3.81092144e+01  9.92651634e-09 
 3.99052463e+01  3.11433799e-08  3.99052463e+01  9.91465073e-09 
 4.17859226e+01  3.11079644e-08  4.17859226e+01  9.90330955e-09 
 4.37552325e+01  3.10741060e-08  4.37552325e+01  9.89247002e-09 
 4.58173531e+01  3.10417376e-08  4.58173531e+01  9.88211031e-09 
 4.79766584e+01  3.10107952e-08  4.79766584e+01  9.87220952e-09 
 5.02377286e+01  3.09812172e-08  5.02377286e+01  9.86274761e-09 
 5.26053598e+01  3.09529448e-08  5.26053598e+01  9.85370541e-09 
 5.50845741e+01  3.09259213e-08  5.50845741e+01  9.84506456e-09 
 5.76806301e+01  3.09000926e-08  5.76806301e+01  9.83680747e-09 
 6.03990344e+01  3.08754068e-08  6.03990344e+01  9.82891732e-09 
 6.32455532e+01  3.08518142e-08  6.32455532e+01  9.82137800e-09 
 6.62262243e+01  3.08292671e-08  6.62262243e+01  9.81417409e-09 
 6.93473701e+01  3.08077199e-08  6.93473701e+01  9.80729082e-09 
 7.26156110e+01  3.07871288e-08  7.26156110e+01  9.80071409e-09 
 7.60378793e+01  3.07674521e-08  7.60378793e+01  9.79443036e-09 
 7.96214341e+01  3.07486496e-08  7.96214341e+01  9.78842672e-09 
 8.33738767e+01  3.07306831e-08  8.33738767e+01  9.78269080e-09 
 8.73031664e+01  3.07135157e-08  8.73031664e+01  9.77721076e-09 
 9.14176379e+01  3.06971123e-08  9.14176379e+01  9.77197529e-09 
 9.57260185e+01  3.06814393e-08  9.57260185e+01  9.76697355e-09 
 1.00237447e+02  3.06664646e-08  1.00237447e+02  9.76219519e-09 
 1.04961492e+02  3.06521572e-08  1.04961492e+02  9.75763031e-09 
 1.09908175e+02  3.06384878e-08  1.09908175e+02  9.75326944e-09 
 1.15087987e+02  3.06254281e-08  1.15087987e+02  9.74910352e-09 
 1.20511917e+02  3.06129512e-08  1.20511917e+02  9.74512390e-09 
 1.26191469e+02  3.06010312e-08  1.26191469e+02  9.74132229e-09 
 1.32138690e+02  3.05896436e-08  1.32138690e+02  9.73769077e-09 
 1.38366194e+02  3.05787647e-08  1.38366194e+02  9.73422179e-09 
 1.44887192e+02  3.05683719e-08  1.44887192e+02  9.73090809e-09 
 1.51715515e+02  3.05584437e-08  1.51715515e+02  9.72774278e-09 
 1.58865647e+02  3.05489593e-08  1.58865647e+02  9.72471923e-09 
 1.66352754e+02  3.05398992e-08  1.66352754e+02  9.72183113e-09 
 1.74192718e+02  3.05312444e-08  1.74192718e+02  9.71907243e-09 
 1.82402168e+02  3.05229768e-08  1.82402168e+02  9.71643736e-09 
 1.90998517e+02  3.05150793e-08  1.90998517e+02  9.71392041e-09 
 2.00000000e+02  3.05075353e-08  2.00000000e+02  9.71151630e-09 
 2.09425710e+02  3.05003290e-08  2.09425710e+02  9.70921999e-09 
 2.19295639e+02  3.04934455e-08  2.19295639e+02  9.70702666e-09 
 2.29630724e+02  3.04868703e-08  2.29630724e+02  9.70493171e-09 
 2.40452887e+02  3.04805896e-08  2.40452887e+02  9.70293075e-09 
 2.51785082e+02  3.04745903e-08  2.51785082e+02  9.70101956e-09 
 2.63651348e+02  3.04688598e-08  2.63651348e+02  9.69919414e-09 
 2.76076853e+02  3.04633861e-08  2.76076853e+02  9.69745064e-09 
 2.89087954e+02  3.04581576e-08  2.89087954e+02  9.69578540e-09 
 3.02712250e+02  3.04531635e-08  3.02712250e+02  9.69419491e-09 
 3.16978638e+02  3.04483932e-08  3.16978638e+02  9.69267583e-09 
 3.31917381e+02  3.04438366e-08  3.31917381e+02  9.69122496e-09 
 3.47560166e+02  3.04394842e-08  3.47560166e+02  9.68983924e-09 
 3.63940172e+02  3.04353269e-08  3.63940172e+02  9.68851576e-09 
 3.81092144e+02  3.04313557e-08  3.81092144e+02  9.68725172e-09 
 3.99052463e+02  3.04275625e-08  3.99052463e+02  9.68604446e-09 
 4.17859226e+02  3.04239392e-08  4.17859226e+02  9.68489143e-09 
 4.37552325e+02  3.04204781e-08  4.37552325e+02  9.68379021e-09 
 4.58173531e+02  3.04171719e-08  4.58173531e+02  9.68273846e-09 
 4.79766584e+02  3.04140136e-08  4.79766584e+02  9.68173397e-09 
 5.02377286e+02  3.04109966e-08  5.02377286e+02  9.68077462e-09 
 5.26053598e+02  3.04081144e-08  5.26053598e+02  9.67985839e-09 
 5.50845741e+02  3.04053610e-08  5.50845741e+02  9.67898333e-09 
 5.76806301e+02  3.04027305e-08  5.76806301e+02  9.67814760e-09 
 6.03990344e+02  3.04002172e-08  6.03990344e+02  9.67734944e-09 
 6.32455532e+02  3.03978160e-08  6.32455532e+02  9.67658715e-09 
 6.62262243e+02  3.03955215e-08  6.62262243e+02  9.67585914e-09 
 6.93473701e+02  3.03933291e-08  6.93473701e+02  9.67516385e-09 
 7.26156110e+02  3.03912338e-08  7.26156110e+02  9.67449982e-09 
 7.60378793e+02  3.03892314e-08  7.60378793e+02  9.67386564e-09 
 7.96214341e+02  3.03873174e-08  7.96214341e+02  9.67325998e-09 
 8.33738767e+02  3.03854878e-08  8.33738767e+02  9.67268156e-09 
 8.73031664e+02  3.03837385e-08  8.73031664e+02  9.67212914e-09 
 9.14176379e+02  3.03820659e-08  9.14176379e+02  9.67160156e-09 
 9.57260185e+02  3.03804662e-08  9.57260185e+02  9.67109771e-09 
 1.00237447e+03  3.03789360e-08  1.00237447e+03  9.67061652e-09 
 1.04961492e+03  3.03774720e-08  1.04961492e+03  9.67015696e-09 
 1.09908175e+03  3.03760708e-08  1.09908175e+03  9.66971808e-09 
 1.15087987e+03  3.03747295e-08  1.15087987e+03  9.66929893e-09 
 1.20511917e+03  3.03734449e-08  1.20511917e+03  9.66889863e-09 
 1.26191469e+03  3.03722142e-08  1.26191469e+03  9.66851634e-09 
 1.32138690e+03  3.03710346e-08  1.32138690e+03  9.66815124e-09 
 1.38366194e+03  3.03699035e-08  1.38366194e+03  9.66780257e-09 
 1.44887192e+03  3.03688181e-08  1.44887192e+03  9.66746957e-09 
 1.51715515e+03  3.03677759e-08  1.51715515e+03  9.66715156e-09 
 1.58865647e+03  3.03667744e-08  1.58865647e+03  9.66684785e-09 
 1.66352754e+03  3.03658113e-08  1.66352754e+03  9.66655780e-09 
 1.74192718e+03  3.03648842e-08  1.74192718e+03  9.66628079e-09 
 1.82402168e+03  3.03639906e-08  1.82402168e+03  9.66601625e-09 
 1.90998517e+03  3.03631284e-08  1.90998517e+03  9.66576360e-09 
 2.00000000e+03  3.03622952e-08  2.00000000e+03  9.66552232e-09 
 2.09425710e+03  3.03614889e-08  2.09425710e+03  9.66529189e-09 
 2.19295639e+03  3.03607072e-08  2.19295639e+03  9.66507182e-09 
 2.29630724e+03  3.03599478e-08  2.29630724e+03  9.66486165e-09 
 2.40452887e+03  3.03592085e-08  2.40452887e+03  9.66466094e-09 
 2.51785082e+03  3.03584871e-08  2.51785082e+03  9.66446925e-09 
 2.63651348e+03  3.03577812e-08  2.63651348e+03  9.66428617e-09 
 2.76076853e+03  3.03570886e-08  2.76076853e+03  9.66411133e-09 
 2.89087954e+03  3.03564069e-08  2.89087954e+03  9.66394436e-09 
 3.02712250e+03  3.03557335e-08  3.02712250e+03  9.66378488e-09 
 3.16978638e+03  3.03550661e-08  3.16978638e+03  9.66363258e-09 
 3.31917381e+03  3.03544019e-08  3.31917381e+03  9.66348712e-09 
 3.47560166e+03  3.03537382e-08  3.47560166e+03  9.66334820e-09 
 3.63940172e+03  3.03530722e-08  3.63940172e+03  9.66321552e-09 
 3.81092144e+03  3.03524009e-08  3.81092144e+03  9.66308880e-09 
 3.99052463e+03  3.03517212e-08  3.99052463e+03  9.66296777e-09 
 4.17859226e+03  3.03510296e-08  4.17859226e+03  9.66285217e-09 
 4.37552325e+03  3.03503226e-08  4.37552325e+03  9.66274176e-09 
 4.58173531e+03  3.03495965e-08  4.58173531e+03  9.66263630e-09 
 4.79766584e+03  3.03488472e-08  4.79766584e+03  9.66253558e-09 
 5.02377286e+03  3.03480702e-08  5.02377286e+03  9.66243936e-09 
 5.26053598e+03  3.03472611e-08  5.26053598e+03  9.66234746e-09 
 5.50845741e+03  3.03464147e-08  5.50845741e+03  9.66225967e-09 
 5.76806301e+03  3.03455256e-08  5.76806301e+03  9.66217580e-09 
 6.03990344e+03  3.03445880e-08  6.03990344e+03  9.66209569e-09 
 6.32455532e+03  3.03435955e-08  6.32455532e+03  9.66201914e-09 
 6.62262243e+03  3.03425412e-08  6.62262243e+03  9.66194602e-09 
 6.93473701e+03  3.03414177e-08  6.93473701e+03  9.66187614e-09 
 7.26156110e+03  3.03402168e-08  7.26156110e+03  9.66180938e-09 
 7.60378793e+03  3.03389298e-08  7.60378793e+03  9.66174557e-09 
 7.96214341e+03  3.03375469e-08  7.96214341e+03  9.66168459e-09 
 8.33738767e+03  3.03360578e-08  8.33738767e+03  9.66162630e-09 
 8.73031664e+03  3.03344509e-08  8.73031664e+03  9.66157058e-09 
 9.14176379e+03  3.03327138e-08  9.14176379e+03  9.66151731e-09 
 9.57260185e+03  3.03308329e-08  9.57260185e+03  9.66146637e-09 
 1.00237447e+04  3.03287933e-08  1.00237447e+04  9.66141764e-09 
 1.04961492e+04  3.03265788e-08  1.04961492e+04  9.66137103e-09 
 1.09908175e+04  3.03241716e-08  1.09908175e+04  9.66132643e-09 
 1.15087987e+04  3.03215523e-08  1.15087987e+04  9.66128374e-09 
 1.20511917e+04  3.03186998e-08  1.20511917e+04  9.66124286e-09 
 1.26191469e+04  3.03155907e-08  1.26191469e+04  9.66120370e-09 
 1.32138690e+04  3.03121999e-08  1.32138690e+04  9.66116618e-09 
 1.38366194e+04  3.03084994e-08  1.38366194e+04  9.66113021e-09 
 1.44887192e+04  3.03044591e-08  1.44887192e+04  9.66109570e-09 
 1.51715515e+04  3.03000457e-08  1.51715515e+04  9.66106258e-09 
 1.58865647e+04  3.02952229e-08  1.58865647e+04  9.66103077e-09 
 1.66352754e+04  3.02899512e-08  1.66352754e+04  9.66100018e-09 
 1.74192718e+04  3.02841871e-08  1.74192718e+04  9.66097075e-09 
 1.82402168e+04  3.02778832e-08  1.82402168e+04  9.66094240e-09 
 1.90998517e+04  3.02709877e-08  1.90998517e+04  9.66091506e-09 
 2.00000000e+04  3.02634440e-08  2.00000000e+04  9.66088865e-09 
