 2.00000000e+01  8.26039605e+01 
 2.24403691e+01  8.25852215e+01 
 2.51785082e+01  8.25614054e+01 
 2.82507509e+01  8.25313391e+01 
 3.16978638e+01  8.24935696e+01 
 3.55655882e+01  8.24463165e+01 
 3.99052463e+01  8.23874192e+01 
 4.47744228e+01  8.23142878e+01 
 5.02377286e+01  8.22238586e+01 
 5.63676586e+01  8.21125667e+01 
 6.32455532e+01  8.19763483e+01 
 7.09626778e+01  8.18106835e+01 
 7.96214341e+01  8.16106986e+01 
 8.93367184e+01  8.13713384e+01 
 1.00237447e+02  8.10876119e+01 
 1.12468265e+02  8.07549031e+01 
 1.26191469e+02  8.03693156e+01 
 1.41589157e+02  7.99280093e+01 
 1.58865647e+02  7.94294692e+01 
 1.78250188e+02  7.88736583e+01 
 2.00000000e+02  7.82620215e+01 
 2.24403691e+02  7.75973398e+01 
 2.51785082e+02  7.68834660e+01 
 2.82507509e+02  7.61249908e+01 
 3.16978638e+02  7.53268970e+01 
 3.55655882e+02  7.44942465e+01 
 3.99052463e+02  7.36319310e+01 
 4.47744228e+02  7.27444962e+01 
 5.02377286e+02  7.18360371e+01 
 5.63676586e+02  7.09101517e+01 
 6.32455532e+02  6.99699384e+01 
 7.09626778e+02  6.90180231e+01 
 7.96214341e+02  6.80566023e+01 
 8.93367184e+02  6.70874942e+01 
 1.00237447e+03  6.61121918e+01 
 1.12468265e+03  6.51319126e+01 
 1.26191469e+03  6.41476441e+01 
 1.41589157e+03  6.31601842e+01 
 1.58865647e+03  6.21701754e+01 
 1.78250188e+03  6.11781335e+01 
 2.00000000e+03  6.01844722e+01 
 2.24403691e+03  5.91895224e+01 
 2.51785082e+03  5.81935490e+01 
 2.82507509e+03  5.71967638e+01 
 3.16978638e+03  5.61993365e+01 
 3.55655882e+03  5.52014029e+01 
 3.99052463e+03  5.42030724e+01 
 4.47744228e+03  5.32044335e+01 
 5.02377286e+03  5.22055585e+01 
 5.63676586e+03  5.12065071e+01 
 6.32455532e+03  5.02073297e+01 
 7.09626778e+03  4.92080700e+01 
 7.96214341e+03  4.82087673e+01 
 8.93367184e+03  4.72094588e+01 
 1.00237447e+04  4.62101811e+01 
 1.12468265e+04  4.52109727e+01 
 1.26191469e+04  4.42118754e+01 
 1.41589157e+04  4.32129372e+01 
 1.58865647e+04  4.22142140e+01 
 1.78250188e+04  4.12157732e+01 
 2.00000000e+04  4.02176968e+01 
 2.24403691e+04  3.92200855e+01 
 2.51785082e+04  3.82230639e+01 
 2.82507509e+04  3.72267862e+01 
 3.16978638e+04  3.62314440e+01 
 3.55655882e+04  3.52372748e+01 
 3.99052463e+04  3.42445726e+01 
 4.47744228e+04  3.32536999e+01 
 5.02377286e+04  3.22651020e+01 
 5.63676586e+04  3.12793225e+01 
 6.32455532e+04  3.02970199e+01 
 7.09626778e+04  2.93189836e+01 
 7.96214341e+04  2.83461478e+01 
 8.93367184e+04  2.73796000e+01 
 1.00237447e+05  2.64205782e+01 
 1.12468265e+05  2.54704515e+01 
 1.26191469e+05  2.45306759e+01 
 1.41589157e+05  2.36027165e+01 
 1.58865647e+05  2.26879287e+01 
 1.78250188e+05  2.17873990e+01 
 2.00000000e+05  2.09017496e+01 
