-1.40000000e+01 -1.41900116e+01 -1.40000000e+01  1.39878918e+01 -1.40000000e+01  1.34116635e+01 -1.40000000e+01 -1.48666202e+01 -1.40000000e+01 -1.48666206e+01 
-1.39500000e+01 -1.41900117e+01 -1.39500000e+01  1.39549651e+01 -1.39500000e+01  1.34116633e+01 -1.39500000e+01 -1.48666198e+01 -1.39500000e+01 -1.48666206e+01 
-1.39000000e+01 -1.41900117e+01 -1.39000000e+01  1.39587910e+01 -1.39000000e+01  1.34116633e+01 -1.39000000e+01 -1.48666198e+01 -1.39000000e+01 -1.48666206e+01 
-1.38500000e+01 -1.41900117e+01 -1.38500000e+01  1.39662595e+01 -1.38500000e+01  1.34116633e+01 -1.38500000e+01 -1.48666198e+01 -1.38500000e+01 -1.48666206e+01 
-1.38000000e+01 -1.41900117e+01 -1.38000000e+01  1.39655002e+01 -1.38000000e+01  1.34116633e+01 -1.38000000e+01 -1.48666198e+01 -1.38000000e+01 -1.48666206e+01 
-1.37500000e+01 -1.41900117e+01 -1.37500000e+01  1.39665272e+01 -1.37500000e+01  1.34116633e+01 -1.37500000e+01 -1.48666198e+01 -1.37500000e+01 -1.48666206e+01 
-1.37000000e+01 -1.41900117e+01 -1.37000000e+01  1.39665990e+01 -1.37000000e+01  1.34116633e+01 -1.37000000e+01 -1.48666198e+01 -1.37000000e+01 -1.48666206e+01 
-1.36500000e+01 -1.41900117e+01 -1.36500000e+01  1.39666384e+01 -1.36500000e+01  1.34116633e+01 -1.36500000e+01 -1.48666198e+01 -1.36500000e+01 -1.48666206e+01 
-1.36000000e+01 -1.41900117e+01 -1.36000000e+01  1.39666660e+01 -1.36000000e+01  1.34116633e+01 -1.36000000e+01 -1.48666198e+01 -1.36000000e+01 -1.48666206e+01 
-1.35500000e+01 -1.41900117e+01 -1.35500000e+01  1.39666880e+01 -1.35500000e+01  1.34116633e+01 -1.35500000e+01 -1.48666198e+01 -1.35500000e+01 -1.48666206e+01 
-1.35000000e+01 -1.41900117e+01 -1.35000000e+01  1.39667137e+01 -1.35000000e+01  1.34116633e+01 -1.35000000e+01 -1.48666198e+01 -1.35000000e+01 -1.48666206e+01 
-1.34500000e+01 -1.41900117e+01 -1.34500000e+01  1.39667420e+01 -1.34500000e+01  1.34116633e+01 -1.34500000e+01 -1.48666198e+01 -1.34500000e+01 -1.48666206e+01 
-1.34000000e+01 -1.41900117e+01 -1.34000000e+01  1.39667619e+01 -1.34000000e+01  1.34116633e+01 -1.34000000e+01 -1.48666198e+01 -1.34000000e+01 -1.48666206e+01 
-1.33500000e+01 -1.41900117e+01 -1.33500000e+01  1.39667934e+01 -1.33500000e+01  1.34116633e+01 -1.33500000e+01 -1.48666198e+01 -1.33500000e+01 -1.48666206e+01 
-1.33000000e+01 -1.41900117e+01 -1.33000000e+01  1.39668156e+01 -1.33000000e+01  1.34116633e+01 -1.33000000e+01 -1.48666198e+01 -1.33000000e+01 -1.48666206e+01 
-1.32500000e+01 -1.41900117e+01 -1.32500000e+01  1.39668444e+01 -1.32500000e+01  1.34116633e+01 -1.32500000e+01 -1.48666198e+01 -1.32500000e+01 -1.48666206e+01 
-1.32000000e+01 -1.41900117e+01 -1.32000000e+01  1.39668674e+01 -1.32000000e+01  1.34116633e+01 -1.32000000e+01 -1.48666198e+01 -1.32000000e+01 -1.48666206e+01 
-1.31500000e+01 -1.41900117e+01 -1.31500000e+01  1.39668945e+01 -1.31500000e+01  1.34116633e+01 -1.31500000e+01 -1.48666198e+01 -1.31500000e+01 -1.48666206e+01 
-1.31000000e+01 -1.41900117e+01 -1.31000000e+01  1.39669185e+01 -1.31000000e+01  1.34116633e+01 -1.31000000e+01 -1.48666198e+01 -1.31000000e+01 -1.48666206e+01 
-1.30500000e+01 -1.41900117e+01 -1.30500000e+01  1.39669396e+01 -1.30500000e+01  1.34116633e+01 -1.30500000e+01 -1.48666198e+01 -1.30500000e+01 -1.48666206e+01 
-1.30000000e+01 -1.41900117e+01 -1.30000000e+01  1.39669675e+01 -1.30000000e+01  1.34116633e+01 -1.30000000e+01 -1.48666198e+01 -1.30000000e+01 -1.48666206e+01 
-1.29500000e+01 -1.41900117e+01 -1.29500000e+01  1.39669928e+01 -1.29500000e+01  1.34116633e+01 -1.29500000e+01 -1.48666198e+01 -1.29500000e+01 -1.48666206e+01 
-1.29000000e+01 -1.41900117e+01 -1.29000000e+01  1.39670248e+01 -1.29000000e+01  1.34116633e+01 -1.29000000e+01 -1.48666198e+01 -1.29000000e+01 -1.48666206e+01 
-1.28500000e+01 -1.41900117e+01 -1.28500000e+01  1.39670458e+01 -1.28500000e+01  1.34116633e+01 -1.28500000e+01 -1.48666198e+01 -1.28500000e+01 -1.48666206e+01 
-1.28000000e+01 -1.41900117e+01 -1.28000000e+01  1.39670712e+01 -1.28000000e+01  1.34116633e+01 -1.28000000e+01 -1.48666198e+01 -1.28000000e+01 -1.48666206e+01 
-1.27500000e+01 -1.41900117e+01 -1.27500000e+01  1.39670975e+01 -1.27500000e+01  1.34116633e+01 -1.27500000e+01 -1.48666198e+01 -1.27500000e+01 -1.48666206e+01 
-1.27000000e+01 -1.41900117e+01 -1.27000000e+01  1.39671236e+01 -1.27000000e+01  1.34116633e+01 -1.27000000e+01 -1.48666198e+01 -1.27000000e+01 -1.48666206e+01 
-1.26500000e+01 -1.41900117e+01 -1.26500000e+01  1.39671498e+01 -1.26500000e+01  1.34116633e+01 -1.26500000e+01 -1.48666198e+01 -1.26500000e+01 -1.48666206e+01 
-1.26000000e+01 -1.41900117e+01 -1.26000000e+01  1.39671774e+01 -1.26000000e+01  1.34116633e+01 -1.26000000e+01 -1.48666198e+01 -1.26000000e+01 -1.48666206e+01 
-1.25500000e+01 -1.41900117e+01 -1.25500000e+01  1.39672024e+01 -1.25500000e+01  1.34116633e+01 -1.25500000e+01 -1.48666198e+01 -1.25500000e+01 -1.48666206e+01 
-1.25000000e+01 -1.41900117e+01 -1.25000000e+01  1.39672213e+01 -1.25000000e+01  1.34116633e+01 -1.25000000e+01 -1.48666198e+01 -1.25000000e+01 -1.48666206e+01 
-1.24500000e+01 -1.41900117e+01 -1.24500000e+01  1.39672495e+01 -1.24500000e+01  1.34116633e+01 -1.24500000e+01 -1.48666198e+01 -1.24500000e+01 -1.48666206e+01 
-1.24000000e+01 -1.41900117e+01 -1.24000000e+01  1.39672830e+01 -1.24000000e+01  1.34116633e+01 -1.24000000e+01 -1.48666198e+01 -1.24000000e+01 -1.48666206e+01 
-1.23500000e+01 -1.41900117e+01 -1.23500000e+01  1.39673061e+01 -1.23500000e+01  1.34116633e+01 -1.23500000e+01 -1.48666198e+01 -1.23500000e+01 -1.48666206e+01 
-1.23000000e+01 -1.41900117e+01 -1.23000000e+01  1.39673307e+01 -1.23000000e+01  1.34116633e+01 -1.23000000e+01 -1.48666198e+01 -1.23000000e+01 -1.48666206e+01 
-1.22500000e+01 -1.41900117e+01 -1.22500000e+01  1.39673513e+01 -1.22500000e+01  1.34116633e+01 -1.22500000e+01 -1.48666198e+01 -1.22500000e+01 -1.48666206e+01 
-1.22000000e+01 -1.41900117e+01 -1.22000000e+01  1.39673835e+01 -1.22000000e+01  1.34116633e+01 -1.22000000e+01 -1.48666198e+01 -1.22000000e+01 -1.48666206e+01 
-1.21500000e+01 -1.41900117e+01 -1.21500000e+01  1.39674098e+01 -1.21500000e+01  1.34116633e+01 -1.21500000e+01 -1.48666198e+01 -1.21500000e+01 -1.48666206e+01 
-1.21000000e+01 -1.41900117e+01 -1.21000000e+01  1.39674347e+01 -1.21000000e+01  1.34116633e+01 -1.21000000e+01 -1.48666198e+01 -1.21000000e+01 -1.48666206e+01 
-1.20500000e+01 -1.41900117e+01 -1.20500000e+01  1.39674613e+01 -1.20500000e+01  1.34116633e+01 -1.20500000e+01 -1.48666198e+01 -1.20500000e+01 -1.48666206e+01 
-1.20000000e+01 -1.41900117e+01 -1.20000000e+01  1.39674857e+01 -1.20000000e+01  1.34116633e+01 -1.20000000e+01 -1.48666198e+01 -1.20000000e+01 -1.48666206e+01 
-1.19500000e+01 -1.41900117e+01 -1.19500000e+01  1.39675081e+01 -1.19500000e+01  1.34116633e+01 -1.19500000e+01 -1.48666198e+01 -1.19500000e+01 -1.48666206e+01 
-1.19000000e+01 -1.41900117e+01 -1.19000000e+01  1.39675364e+01 -1.19000000e+01  1.34116633e+01 -1.19000000e+01 -1.48666198e+01 -1.19000000e+01 -1.48666206e+01 
-1.18500000e+01 -1.41900117e+01 -1.18500000e+01  1.39675671e+01 -1.18500000e+01  1.34116633e+01 -1.18500000e+01 -1.48666198e+01 -1.18500000e+01 -1.48666206e+01 
-1.18000000e+01 -1.41900117e+01 -1.18000000e+01  1.39675902e+01 -1.18000000e+01  1.34116633e+01 -1.18000000e+01 -1.48666198e+01 -1.18000000e+01 -1.48666206e+01 
-1.17500000e+01 -1.41900117e+01 -1.17500000e+01  1.39676162e+01 -1.17500000e+01  1.34116633e+01 -1.17500000e+01 -1.48666198e+01 -1.17500000e+01 -1.48666206e+01 
-1.17000000e+01 -1.41900117e+01 -1.17000000e+01  1.39676375e+01 -1.17000000e+01  1.34116633e+01 -1.17000000e+01 -1.48666198e+01 -1.17000000e+01 -1.48666206e+01 
-1.16500000e+01 -1.41900117e+01 -1.16500000e+01  1.39676663e+01 -1.16500000e+01  1.34116633e+01 -1.16500000e+01 -1.48666198e+01 -1.16500000e+01 -1.48666206e+01 
-1.16000000e+01 -1.41900117e+01 -1.16000000e+01  1.39676982e+01 -1.16000000e+01  1.34116633e+01 -1.16000000e+01 -1.48666198e+01 -1.16000000e+01 -1.48666206e+01 
-1.15500000e+01 -1.41900117e+01 -1.15500000e+01  1.39677223e+01 -1.15500000e+01  1.34116633e+01 -1.15500000e+01 -1.48666198e+01 -1.15500000e+01 -1.48666206e+01 
-1.15000000e+01 -1.41900117e+01 -1.15000000e+01  1.39677476e+01 -1.15000000e+01  1.34116633e+01 -1.15000000e+01 -1.48666198e+01 -1.15000000e+01 -1.48666206e+01 
-1.14500000e+01 -1.41900117e+01 -1.14500000e+01  1.39677735e+01 -1.14500000e+01  1.34116633e+01 -1.14500000e+01 -1.48666198e+01 -1.14500000e+01 -1.48666206e+01 
-1.14000000e+01 -1.41900117e+01 -1.14000000e+01  1.39677986e+01 -1.14000000e+01  1.34116633e+01 -1.14000000e+01 -1.48666198e+01 -1.14000000e+01 -1.48666206e+01 
-1.13500000e+01 -1.41900117e+01 -1.13500000e+01  1.39678225e+01 -1.13500000e+01  1.34116633e+01 -1.13500000e+01 -1.48666198e+01 -1.13500000e+01 -1.48666206e+01 
-1.13000000e+01 -1.41900117e+01 -1.13000000e+01  1.39678529e+01 -1.13000000e+01  1.34116633e+01 -1.13000000e+01 -1.48666198e+01 -1.13000000e+01 -1.48666206e+01 
-1.12500000e+01 -1.41900117e+01 -1.12500000e+01  1.39678788e+01 -1.12500000e+01  1.34116633e+01 -1.12500000e+01 -1.48666198e+01 -1.12500000e+01 -1.48666206e+01 
-1.12000000e+01 -1.41900117e+01 -1.12000000e+01  1.39679059e+01 -1.12000000e+01  1.34116633e+01 -1.12000000e+01 -1.48666198e+01 -1.12000000e+01 -1.48666206e+01 
-1.11500000e+01 -1.41900117e+01 -1.11500000e+01  1.39679326e+01 -1.11500000e+01  1.34116633e+01 -1.11500000e+01 -1.48666198e+01 -1.11500000e+01 -1.48666206e+01 
-1.11000000e+01 -1.41900117e+01 -1.11000000e+01  1.39679556e+01 -1.11000000e+01  1.34116633e+01 -1.11000000e+01 -1.48666198e+01 -1.11000000e+01 -1.48666206e+01 
-1.10500000e+01 -1.41900117e+01 -1.10500000e+01  1.39679802e+01 -1.10500000e+01  1.34116633e+01 -1.10500000e+01 -1.48666198e+01 -1.10500000e+01 -1.48666206e+01 
-1.10000000e+01 -1.41900117e+01 -1.10000000e+01  1.39680126e+01 -1.10000000e+01  1.34116633e+01 -1.10000000e+01 -1.48666198e+01 -1.10000000e+01 -1.48666206e+01 
-1.09500000e+01 -1.41900117e+01 -1.09500000e+01  1.39680400e+01 -1.09500000e+01  1.34116633e+01 -1.09500000e+01 -1.48666198e+01 -1.09500000e+01 -1.48666206e+01 
-1.09000000e+01 -1.41900117e+01 -1.09000000e+01  1.39680653e+01 -1.09000000e+01  1.34116633e+01 -1.09000000e+01 -1.48666198e+01 -1.09000000e+01 -1.48666206e+01 
-1.08500000e+01 -1.41900117e+01 -1.08500000e+01  1.39680901e+01 -1.08500000e+01  1.34116633e+01 -1.08500000e+01 -1.48666198e+01 -1.08500000e+01 -1.48666206e+01 
-1.08000000e+01 -1.41900117e+01 -1.08000000e+01  1.39681141e+01 -1.08000000e+01  1.34116633e+01 -1.08000000e+01 -1.48666198e+01 -1.08000000e+01 -1.48666206e+01 
-1.07500000e+01 -1.41900117e+01 -1.07500000e+01  1.39681463e+01 -1.07500000e+01  1.34116633e+01 -1.07500000e+01 -1.48666198e+01 -1.07500000e+01 -1.48666206e+01 
-1.07000000e+01 -1.41900117e+01 -1.07000000e+01  1.39681695e+01 -1.07000000e+01  1.34116633e+01 -1.07000000e+01 -1.48666198e+01 -1.07000000e+01 -1.48666206e+01 
-1.06500000e+01 -1.41900117e+01 -1.06500000e+01  1.39681982e+01 -1.06500000e+01  1.34116633e+01 -1.06500000e+01 -1.48666198e+01 -1.06500000e+01 -1.48666206e+01 
-1.06000000e+01 -1.41900117e+01 -1.06000000e+01  1.39682264e+01 -1.06000000e+01  1.34116633e+01 -1.06000000e+01 -1.48666198e+01 -1.06000000e+01 -1.48666206e+01 
-1.05500000e+01 -1.41900117e+01 -1.05500000e+01  1.39682523e+01 -1.05500000e+01  1.34116633e+01 -1.05500000e+01 -1.48666198e+01 -1.05500000e+01 -1.48666206e+01 
-1.05000000e+01 -1.41900117e+01 -1.05000000e+01  1.39682788e+01 -1.05000000e+01  1.34116633e+01 -1.05000000e+01 -1.48666198e+01 -1.05000000e+01 -1.48666206e+01 
-1.04500000e+01 -1.41900117e+01 -1.04500000e+01  1.39683107e+01 -1.04500000e+01  1.34116633e+01 -1.04500000e+01 -1.48666198e+01 -1.04500000e+01 -1.48666206e+01 
-1.04000000e+01 -1.41900117e+01 -1.04000000e+01  1.39683293e+01 -1.04000000e+01  1.34116633e+01 -1.04000000e+01 -1.48666198e+01 -1.04000000e+01 -1.48666206e+01 
-1.03500000e+01 -1.41900117e+01 -1.03500000e+01  1.39683575e+01 -1.03500000e+01  1.34116633e+01 -1.03500000e+01 -1.48666198e+01 -1.03500000e+01 -1.48666206e+01 
-1.03000000e+01 -1.41900117e+01 -1.03000000e+01  1.39683847e+01 -1.03000000e+01  1.34116633e+01 -1.03000000e+01 -1.48666198e+01 -1.03000000e+01 -1.48666206e+01 
-1.02500000e+01 -1.41900117e+01 -1.02500000e+01  1.39684142e+01 -1.02500000e+01  1.34116633e+01 -1.02500000e+01 -1.48666198e+01 -1.02500000e+01 -1.48666206e+01 
-1.02000000e+01 -1.41900117e+01 -1.02000000e+01  1.39684429e+01 -1.02000000e+01  1.34116633e+01 -1.02000000e+01 -1.48666198e+01 -1.02000000e+01 -1.48666206e+01 
-1.01500000e+01 -1.41900117e+01 -1.01500000e+01  1.39684699e+01 -1.01500000e+01  1.34116633e+01 -1.01500000e+01 -1.48666198e+01 -1.01500000e+01 -1.48666206e+01 
-1.01000000e+01 -1.41900117e+01 -1.01000000e+01  1.39684942e+01 -1.01000000e+01  1.34116633e+01 -1.01000000e+01 -1.48666198e+01 -1.01000000e+01 -1.48666206e+01 
-1.00500000e+01 -1.41900117e+01 -1.00500000e+01  1.39685229e+01 -1.00500000e+01  1.34116633e+01 -1.00500000e+01 -1.48666198e+01 -1.00500000e+01 -1.48666206e+01 
-1.00000000e+01 -1.41900117e+01 -1.00000000e+01  1.39685475e+01 -1.00000000e+01  1.34116633e+01 -1.00000000e+01 -1.48666198e+01 -1.00000000e+01 -1.48666206e+01 
-9.95000000e+00 -1.41900117e+01 -9.95000000e+00  1.39685733e+01 -9.95000000e+00  1.34116633e+01 -9.95000000e+00 -1.48666198e+01 -9.95000000e+00 -1.48666206e+01 
-9.90000000e+00 -1.41900117e+01 -9.90000000e+00  1.39686045e+01 -9.90000000e+00  1.34116633e+01 -9.90000000e+00 -1.48666198e+01 -9.90000000e+00 -1.48666206e+01 
-9.85000000e+00 -1.41900117e+01 -9.85000000e+00  1.39686338e+01 -9.85000000e+00  1.34116633e+01 -9.85000000e+00 -1.48666198e+01 -9.85000000e+00 -1.48666206e+01 
-9.80000000e+00 -1.41900117e+01 -9.80000000e+00  1.39686575e+01 -9.80000000e+00  1.34116633e+01 -9.80000000e+00 -1.48666198e+01 -9.80000000e+00 -1.48666206e+01 
-9.75000000e+00 -1.41900117e+01 -9.75000000e+00  1.39686819e+01 -9.75000000e+00  1.34116633e+01 -9.75000000e+00 -1.48666198e+01 -9.75000000e+00 -1.48666206e+01 
-9.70000000e+00 -1.41900117e+01 -9.70000000e+00  1.39687115e+01 -9.70000000e+00  1.34116633e+01 -9.70000000e+00 -1.48666198e+01 -9.70000000e+00 -1.48666206e+01 
-9.65000000e+00 -1.41900117e+01 -9.65000000e+00  1.39687416e+01 -9.65000000e+00  1.34116633e+01 -9.65000000e+00 -1.48666198e+01 -9.65000000e+00 -1.48666206e+01 
-9.60000000e+00 -1.41900117e+01 -9.60000000e+00  1.39687678e+01 -9.60000000e+00  1.34116633e+01 -9.60000000e+00 -1.48666198e+01 -9.60000000e+00 -1.48666206e+01 
-9.55000000e+00 -1.41900117e+01 -9.55000000e+00  1.39687953e+01 -9.55000000e+00  1.34116633e+01 -9.55000000e+00 -1.48666198e+01 -9.55000000e+00 -1.48666206e+01 
-9.50000000e+00 -1.41900117e+01 -9.50000000e+00  1.39688214e+01 -9.50000000e+00  1.34116633e+01 -9.50000000e+00 -1.48666198e+01 -9.50000000e+00 -1.48666206e+01 
-9.45000000e+00 -1.41900117e+01 -9.45000000e+00  1.39688470e+01 -9.45000000e+00  1.34116633e+01 -9.45000000e+00 -1.48666198e+01 -9.45000000e+00 -1.48666206e+01 
-9.40000000e+00 -1.41900117e+01 -9.40000000e+00  1.39688745e+01 -9.40000000e+00  1.34116633e+01 -9.40000000e+00 -1.48666198e+01 -9.40000000e+00 -1.48666206e+01 
-9.35000000e+00 -1.41900117e+01 -9.35000000e+00  1.39689075e+01 -9.35000000e+00  1.34116633e+01 -9.35000000e+00 -1.48666198e+01 -9.35000000e+00 -1.48666206e+01 
-9.30000000e+00 -1.41900117e+01 -9.30000000e+00  1.39689287e+01 -9.30000000e+00  1.34116633e+01 -9.30000000e+00 -1.48666198e+01 -9.30000000e+00 -1.48666206e+01 
-9.25000000e+00 -1.41900117e+01 -9.25000000e+00  1.39689601e+01 -9.25000000e+00  1.34116633e+01 -9.25000000e+00 -1.48666198e+01 -9.25000000e+00 -1.48666206e+01 
-9.20000000e+00 -1.41900117e+01 -9.20000000e+00  1.39689872e+01 -9.20000000e+00  1.34116633e+01 -9.20000000e+00 -1.48666198e+01 -9.20000000e+00 -1.48666206e+01 
-9.15000000e+00 -1.41900117e+01 -9.15000000e+00  1.39690148e+01 -9.15000000e+00  1.34116633e+01 -9.15000000e+00 -1.48666198e+01 -9.15000000e+00 -1.48666206e+01 
-9.10000000e+00 -1.41900117e+01 -9.10000000e+00  1.39690446e+01 -9.10000000e+00  1.34116633e+01 -9.10000000e+00 -1.48666198e+01 -9.10000000e+00 -1.48666206e+01 
-9.05000000e+00 -1.41900117e+01 -9.05000000e+00  1.39690672e+01 -9.05000000e+00  1.34116633e+01 -9.05000000e+00 -1.48666198e+01 -9.05000000e+00 -1.48666206e+01 
-9.00000000e+00 -1.41900117e+01 -9.00000000e+00  1.39690991e+01 -9.00000000e+00  1.34116633e+01 -9.00000000e+00 -1.48666198e+01 -9.00000000e+00 -1.48666206e+01 
-8.95000000e+00 -1.41900117e+01 -8.95000000e+00  1.39691210e+01 -8.95000000e+00  1.34116633e+01 -8.95000000e+00 -1.48666198e+01 -8.95000000e+00 -1.48666206e+01 
-8.90000000e+00 -1.41900117e+01 -8.90000000e+00  1.39691516e+01 -8.90000000e+00  1.34116633e+01 -8.90000000e+00 -1.48666198e+01 -8.90000000e+00 -1.48666206e+01 
-8.85000000e+00 -1.41900117e+01 -8.85000000e+00  1.39691796e+01 -8.85000000e+00  1.34116633e+01 -8.85000000e+00 -1.48666198e+01 -8.85000000e+00 -1.48666206e+01 
-8.80000000e+00 -1.41900117e+01 -8.80000000e+00  1.39692059e+01 -8.80000000e+00  1.34116633e+01 -8.80000000e+00 -1.48666198e+01 -8.80000000e+00 -1.48666206e+01 
-8.75000000e+00 -1.41900117e+01 -8.75000000e+00  1.39692381e+01 -8.75000000e+00  1.34116633e+01 -8.75000000e+00 -1.48666198e+01 -8.75000000e+00 -1.48666206e+01 
-8.70000000e+00 -1.41900117e+01 -8.70000000e+00  1.39692631e+01 -8.70000000e+00  1.34116633e+01 -8.70000000e+00 -1.48666198e+01 -8.70000000e+00 -1.48666206e+01 
-8.65000000e+00 -1.41900117e+01 -8.65000000e+00  1.39692870e+01 -8.65000000e+00  1.34116633e+01 -8.65000000e+00 -1.48666198e+01 -8.65000000e+00 -1.48666206e+01 
-8.60000000e+00 -1.41900117e+01 -8.60000000e+00  1.39693162e+01 -8.60000000e+00  1.34116633e+01 -8.60000000e+00 -1.48666198e+01 -8.60000000e+00 -1.48666206e+01 
-8.55000000e+00 -1.41900117e+01 -8.55000000e+00  1.39693485e+01 -8.55000000e+00  1.34116633e+01 -8.55000000e+00 -1.48666198e+01 -8.55000000e+00 -1.48666206e+01 
-8.50000000e+00 -1.41900117e+01 -8.50000000e+00  1.39693740e+01 -8.50000000e+00  1.34116633e+01 -8.50000000e+00 -1.48666198e+01 -8.50000000e+00 -1.48666206e+01 
-8.45000000e+00 -1.41900117e+01 -8.45000000e+00  1.39694040e+01 -8.45000000e+00  1.34116633e+01 -8.45000000e+00 -1.48666198e+01 -8.45000000e+00 -1.48666206e+01 
-8.40000000e+00 -1.41900117e+01 -8.40000000e+00  1.39694316e+01 -8.40000000e+00  1.34116633e+01 -8.40000000e+00 -1.48666198e+01 -8.40000000e+00 -1.48666206e+01 
-8.35000000e+00 -1.41900117e+01 -8.35000000e+00  1.39694599e+01 -8.35000000e+00  1.34116633e+01 -8.35000000e+00 -1.48666198e+01 -8.35000000e+00 -1.48666206e+01 
-8.30000000e+00 -1.41900117e+01 -8.30000000e+00  1.39694841e+01 -8.30000000e+00  1.34116633e+01 -8.30000000e+00 -1.48666198e+01 -8.30000000e+00 -1.48666206e+01 
-8.25000000e+00 -1.41900117e+01 -8.25000000e+00  1.39695181e+01 -8.25000000e+00  1.34116633e+01 -8.25000000e+00 -1.48666198e+01 -8.25000000e+00 -1.48666206e+01 
-8.20000000e+00 -1.41900117e+01 -8.20000000e+00  1.39695473e+01 -8.20000000e+00  1.34116633e+01 -8.20000000e+00 -1.48666198e+01 -8.20000000e+00 -1.48666206e+01 
-8.15000000e+00 -1.41900117e+01 -8.15000000e+00  1.39695719e+01 -8.15000000e+00  1.34116633e+01 -8.15000000e+00 -1.48666198e+01 -8.15000000e+00 -1.48666206e+01 
-8.10000000e+00 -1.41900117e+01 -8.10000000e+00  1.39696024e+01 -8.10000000e+00  1.34116633e+01 -8.10000000e+00 -1.48666198e+01 -8.10000000e+00 -1.48666206e+01 
-8.05000000e+00 -1.41900117e+01 -8.05000000e+00  1.39696244e+01 -8.05000000e+00  1.34116633e+01 -8.05000000e+00 -1.48666198e+01 -8.05000000e+00 -1.48666206e+01 
-8.00000000e+00 -1.41900117e+01 -8.00000000e+00  1.39696605e+01 -8.00000000e+00  1.34116633e+01 -8.00000000e+00 -1.48666198e+01 -8.00000000e+00 -1.48666206e+01 
-7.95000000e+00 -1.41900117e+01 -7.95000000e+00  1.39696891e+01 -7.95000000e+00  1.34116633e+01 -7.95000000e+00 -1.48666198e+01 -7.95000000e+00 -1.48666206e+01 
-7.90000000e+00 -1.41900117e+01 -7.90000000e+00  1.39697156e+01 -7.90000000e+00  1.34116633e+01 -7.90000000e+00 -1.48666198e+01 -7.90000000e+00 -1.48666206e+01 
-7.85000000e+00 -1.41900117e+01 -7.85000000e+00  1.39697432e+01 -7.85000000e+00  1.34116633e+01 -7.85000000e+00 -1.48666198e+01 -7.85000000e+00 -1.48666206e+01 
-7.80000000e+00 -1.41900117e+01 -7.80000000e+00  1.39697690e+01 -7.80000000e+00  1.34116633e+01 -7.80000000e+00 -1.48666198e+01 -7.80000000e+00 -1.48666206e+01 
-7.75000000e+00 -1.41900117e+01 -7.75000000e+00  1.39697965e+01 -7.75000000e+00  1.34116633e+01 -7.75000000e+00 -1.48666198e+01 -7.75000000e+00 -1.48666206e+01 
-7.70000000e+00 -1.41900117e+01 -7.70000000e+00  1.39698274e+01 -7.70000000e+00  1.34116633e+01 -7.70000000e+00 -1.48666198e+01 -7.70000000e+00 -1.48666206e+01 
-7.65000000e+00 -1.41900117e+01 -7.65000000e+00  1.39698548e+01 -7.65000000e+00  1.34116633e+01 -7.65000000e+00 -1.48666198e+01 -7.65000000e+00 -1.48666206e+01 
-7.60000000e+00 -1.41900117e+01 -7.60000000e+00  1.39698881e+01 -7.60000000e+00  1.34116633e+01 -7.60000000e+00 -1.48666198e+01 -7.60000000e+00 -1.48666206e+01 
-7.55000000e+00 -1.41900117e+01 -7.55000000e+00  1.39699087e+01 -7.55000000e+00  1.34116633e+01 -7.55000000e+00 -1.48666198e+01 -7.55000000e+00 -1.48666206e+01 
-7.50000000e+00 -1.41900117e+01 -7.50000000e+00  1.39699410e+01 -7.50000000e+00  1.34116633e+01 -7.50000000e+00 -1.48666198e+01 -7.50000000e+00 -1.48666206e+01 
-7.45000000e+00 -1.41900117e+01 -7.45000000e+00  1.39699737e+01 -7.45000000e+00  1.34116633e+01 -7.45000000e+00 -1.48666198e+01 -7.45000000e+00 -1.48666206e+01 
-7.40000000e+00 -1.41900117e+01 -7.40000000e+00  1.39699986e+01 -7.40000000e+00  1.34116633e+01 -7.40000000e+00 -1.48666198e+01 -7.40000000e+00 -1.48666206e+01 
-7.35000000e+00 -1.41900117e+01 -7.35000000e+00  1.39700276e+01 -7.35000000e+00  1.34116633e+01 -7.35000000e+00 -1.48666198e+01 -7.35000000e+00 -1.48666206e+01 
-7.30000000e+00 -1.41900117e+01 -7.30000000e+00  1.39700555e+01 -7.30000000e+00  1.34116633e+01 -7.30000000e+00 -1.48666198e+01 -7.30000000e+00 -1.48666206e+01 
-7.25000000e+00 -1.41900117e+01 -7.25000000e+00  1.39700825e+01 -7.25000000e+00  1.34116633e+01 -7.25000000e+00 -1.48666198e+01 -7.25000000e+00 -1.48666206e+01 
-7.20000000e+00 -1.41900117e+01 -7.20000000e+00  1.39701117e+01 -7.20000000e+00  1.34116633e+01 -7.20000000e+00 -1.48666198e+01 -7.20000000e+00 -1.48666206e+01 
-7.15000000e+00 -1.41900117e+01 -7.15000000e+00  1.39701464e+01 -7.15000000e+00  1.34116633e+01 -7.15000000e+00 -1.48666198e+01 -7.15000000e+00 -1.48666206e+01 
-7.10000000e+00 -1.41900117e+01 -7.10000000e+00  1.39701707e+01 -7.10000000e+00  1.34116633e+01 -7.10000000e+00 -1.48666198e+01 -7.10000000e+00 -1.48666206e+01 
-7.05000000e+00 -1.41900117e+01 -7.05000000e+00  1.39701990e+01 -7.05000000e+00  1.34116633e+01 -7.05000000e+00 -1.48666198e+01 -7.05000000e+00 -1.48666206e+01 
-7.00000000e+00 -1.41900117e+01 -7.00000000e+00  1.39702260e+01 -7.00000000e+00  1.34116633e+01 -7.00000000e+00 -1.48666198e+01 -7.00000000e+00 -1.48666206e+01 
-6.95000000e+00 -1.41900117e+01 -6.95000000e+00  1.39702550e+01 -6.95000000e+00  1.34116633e+01 -6.95000000e+00 -1.48666198e+01 -6.95000000e+00 -1.48666206e+01 
-6.90000000e+00 -1.41900117e+01 -6.90000000e+00  1.39702932e+01 -6.90000000e+00  1.34116633e+01 -6.90000000e+00 -1.48666198e+01 -6.90000000e+00 -1.48666206e+01 
-6.85000000e+00 -1.41900117e+01 -6.85000000e+00  1.39703178e+01 -6.85000000e+00  1.34116633e+01 -6.85000000e+00 -1.48666198e+01 -6.85000000e+00 -1.48666206e+01 
-6.80000000e+00 -1.41900117e+01 -6.80000000e+00  1.39703458e+01 -6.80000000e+00  1.34116633e+01 -6.80000000e+00 -1.48666198e+01 -6.80000000e+00 -1.48666206e+01 
-6.75000000e+00 -1.41900117e+01 -6.75000000e+00  1.39703756e+01 -6.75000000e+00  1.34116633e+01 -6.75000000e+00 -1.48666198e+01 -6.75000000e+00 -1.48666206e+01 
-6.70000000e+00 -1.41900117e+01 -6.70000000e+00  1.39704000e+01 -6.70000000e+00  1.34116633e+01 -6.70000000e+00 -1.48666198e+01 -6.70000000e+00 -1.48666206e+01 
-6.65000000e+00 -1.41900117e+01 -6.65000000e+00  1.39704306e+01 -6.65000000e+00  1.34116633e+01 -6.65000000e+00 -1.48666198e+01 -6.65000000e+00 -1.48666206e+01 
-6.60000000e+00 -1.41900117e+01 -6.60000000e+00  1.39704648e+01 -6.60000000e+00  1.34116633e+01 -6.60000000e+00 -1.48666198e+01 -6.60000000e+00 -1.48666206e+01 
-6.55000000e+00 -1.41900117e+01 -6.55000000e+00  1.39704914e+01 -6.55000000e+00  1.34116633e+01 -6.55000000e+00 -1.48666198e+01 -6.55000000e+00 -1.48666206e+01 
-6.50000000e+00 -1.41900117e+01 -6.50000000e+00  1.39705213e+01 -6.50000000e+00  1.34116633e+01 -6.50000000e+00 -1.48666198e+01 -6.50000000e+00 -1.48666206e+01 
-6.45000000e+00 -1.41900117e+01 -6.45000000e+00  1.39705490e+01 -6.45000000e+00  1.34116633e+01 -6.45000000e+00 -1.48666198e+01 -6.45000000e+00 -1.48666206e+01 
-6.40000000e+00 -1.41900117e+01 -6.40000000e+00  1.39705758e+01 -6.40000000e+00  1.34116633e+01 -6.40000000e+00 -1.48666198e+01 -6.40000000e+00 -1.48666206e+01 
-6.35000000e+00 -1.41900117e+01 -6.35000000e+00  1.39706116e+01 -6.35000000e+00  1.34116633e+01 -6.35000000e+00 -1.48666198e+01 -6.35000000e+00 -1.48666206e+01 
-6.30000000e+00 -1.41900117e+01 -6.30000000e+00  1.39706398e+01 -6.30000000e+00  1.34116633e+01 -6.30000000e+00 -1.48666198e+01 -6.30000000e+00 -1.48666206e+01 
-6.25000000e+00 -1.41900117e+01 -6.25000000e+00  1.39706678e+01 -6.25000000e+00  1.34116633e+01 -6.25000000e+00 -1.48666198e+01 -6.25000000e+00 -1.48666206e+01 
-6.20000000e+00 -1.41900117e+01 -6.20000000e+00  1.39706946e+01 -6.20000000e+00  1.34116633e+01 -6.20000000e+00 -1.48666198e+01 -6.20000000e+00 -1.48666206e+01 
-6.15000000e+00 -1.41900117e+01 -6.15000000e+00  1.39707284e+01 -6.15000000e+00  1.34116633e+01 -6.15000000e+00 -1.48666198e+01 -6.15000000e+00 -1.48666206e+01 
-6.10000000e+00 -1.41900117e+01 -6.10000000e+00  1.39707493e+01 -6.10000000e+00  1.34116633e+01 -6.10000000e+00 -1.48666198e+01 -6.10000000e+00 -1.48666206e+01 
-6.05000000e+00 -1.41900117e+01 -6.05000000e+00  1.39707868e+01 -6.05000000e+00  1.34116633e+01 -6.05000000e+00 -1.48666198e+01 -6.05000000e+00 -1.48666206e+01 
-6.00000000e+00 -1.41900117e+01 -6.00000000e+00  1.39708108e+01 -6.00000000e+00  1.34116633e+01 -6.00000000e+00 -1.48666198e+01 -6.00000000e+00 -1.48666206e+01 
-5.95000000e+00 -1.41900117e+01 -5.95000000e+00  1.39708432e+01 -5.95000000e+00  1.34116633e+01 -5.95000000e+00 -1.48666198e+01 -5.95000000e+00 -1.48666206e+01 
-5.90000000e+00 -1.41900117e+01 -5.90000000e+00  1.39708704e+01 -5.90000000e+00  1.34116633e+01 -5.90000000e+00 -1.48666198e+01 -5.90000000e+00 -1.48666206e+01 
-5.85000000e+00 -1.41900117e+01 -5.85000000e+00  1.39709039e+01 -5.85000000e+00  1.34116633e+01 -5.85000000e+00 -1.48666198e+01 -5.85000000e+00 -1.48666206e+01 
-5.80000000e+00 -1.41900117e+01 -5.80000000e+00  1.39709318e+01 -5.80000000e+00  1.34116633e+01 -5.80000000e+00 -1.48666198e+01 -5.80000000e+00 -1.48666206e+01 
-5.75000000e+00 -1.41900117e+01 -5.75000000e+00  1.39709596e+01 -5.75000000e+00  1.34116633e+01 -5.75000000e+00 -1.48666198e+01 -5.75000000e+00 -1.48666206e+01 
-5.70000000e+00 -1.41900117e+01 -5.70000000e+00  1.39709906e+01 -5.70000000e+00  1.34116633e+01 -5.70000000e+00 -1.48666198e+01 -5.70000000e+00 -1.48666206e+01 
-5.65000000e+00 -1.41900117e+01 -5.65000000e+00  1.39710231e+01 -5.65000000e+00  1.34116633e+01 -5.65000000e+00 -1.48666198e+01 -5.65000000e+00 -1.48666206e+01 
-5.60000000e+00 -1.41900117e+01 -5.60000000e+00  1.39710475e+01 -5.60000000e+00  1.34116633e+01 -5.60000000e+00 -1.48666198e+01 -5.60000000e+00 -1.48666206e+01 
-5.55000000e+00 -1.41900117e+01 -5.55000000e+00  1.39710757e+01 -5.55000000e+00  1.34116633e+01 -5.55000000e+00 -1.48666198e+01 -5.55000000e+00 -1.48666206e+01 
-5.50000000e+00 -1.41900117e+01 -5.50000000e+00  1.39711116e+01 -5.50000000e+00  1.34116633e+01 -5.50000000e+00 -1.48666198e+01 -5.50000000e+00 -1.48666206e+01 
-5.45000000e+00 -1.41900117e+01 -5.45000000e+00  1.39711450e+01 -5.45000000e+00  1.34116633e+01 -5.45000000e+00 -1.48666198e+01 -5.45000000e+00 -1.48666206e+01 
-5.40000000e+00 -1.41900117e+01 -5.40000000e+00  1.39711703e+01 -5.40000000e+00  1.34116633e+01 -5.40000000e+00 -1.48666198e+01 -5.40000000e+00 -1.48666206e+01 
-5.35000000e+00 -1.41900117e+01 -5.35000000e+00  1.37708903e+01 -5.35000000e+00  1.34116394e+01 -5.35000000e+00 -1.48666198e+01 -5.35000000e+00 -1.48666206e+01 
-5.30000000e+00 -1.41900117e+01 -5.30000000e+00  1.36517727e+01 -5.30000000e+00  1.34096654e+01 -5.30000000e+00 -1.48666198e+01 -5.30000000e+00 -1.48666206e+01 
-5.25000000e+00 -1.41900117e+01 -5.25000000e+00  1.36132094e+01 -5.25000000e+00  1.34051650e+01 -5.25000000e+00 -1.48666198e+01 -5.25000000e+00 -1.48666206e+01 
-5.20000000e+00 -1.41900117e+01 -5.20000000e+00  1.35854635e+01 -5.20000000e+00  1.33987465e+01 -5.20000000e+00 -1.48666198e+01 -5.20000000e+00 -1.48666206e+01 
-5.15000000e+00 -1.41900117e+01 -5.15000000e+00  1.35638434e+01 -5.15000000e+00  1.33907720e+01 -5.15000000e+00 -1.48666197e+01 -5.15000000e+00 -1.48666206e+01 
-5.10000000e+00 -1.41900116e+01 -5.10000000e+00  1.35406450e+01 -5.10000000e+00  1.33814994e+01 -5.10000000e+00 -1.48666197e+01 -5.10000000e+00 -1.48666205e+01 
-5.05000000e+00 -1.41900116e+01 -5.05000000e+00  1.35155658e+01 -5.05000000e+00  1.33711078e+01 -5.05000000e+00 -1.48666196e+01 -5.05000000e+00 -1.48666205e+01 
-5.00000000e+00 -1.41900116e+01 -5.00000000e+00  1.34901420e+01 -5.00000000e+00  1.33597320e+01 -5.00000000e+00 -1.48666195e+01 -5.00000000e+00 -1.48666205e+01 
-4.95000000e+00 -1.41900116e+01 -4.95000000e+00  1.34642904e+01 -4.95000000e+00  1.33474711e+01 -4.95000000e+00 -1.48666193e+01 -4.95000000e+00 -1.48666204e+01 
-4.90000000e+00 -1.41900115e+01 -4.90000000e+00  1.34378859e+01 -4.90000000e+00  1.33344012e+01 -4.90000000e+00 -1.48666190e+01 -4.90000000e+00 -1.48666204e+01 
-4.85000000e+00 -1.41900115e+01 -4.85000000e+00  1.34108904e+01 -4.85000000e+00  1.33205809e+01 -4.85000000e+00 -1.48666185e+01 -4.85000000e+00 -1.48666204e+01 
-4.80000000e+00 -1.41900114e+01 -4.80000000e+00  1.33832933e+01 -4.80000000e+00  1.33060561e+01 -4.80000000e+00 -1.48666177e+01 -4.80000000e+00 -1.48666203e+01 
-4.75000000e+00 -1.41900114e+01 -4.75000000e+00  1.33550926e+01 -4.75000000e+00  1.32908624e+01 -4.75000000e+00 -1.48666162e+01 -4.75000000e+00 -1.48666203e+01 
-4.70000000e+00 -1.41900113e+01 -4.70000000e+00  1.33262915e+01 -4.70000000e+00  1.32750272e+01 -4.70000000e+00 -1.48666132e+01 -4.70000000e+00 -1.48666202e+01 
-4.65000000e+00 -1.41900111e+01 -4.65000000e+00  1.32968949e+01 -4.65000000e+00  1.32585713e+01 -4.65000000e+00 -1.48666067e+01 -4.65000000e+00 -1.48666200e+01 
-4.60000000e+00 -1.41900107e+01 -4.60000000e+00  1.32669077e+01 -4.60000000e+00  1.32415100e+01 -4.60000000e+00 -1.48665894e+01 -4.60000000e+00 -1.48666195e+01 
-4.55000000e+00 -1.41900090e+01 -4.55000000e+00  1.32363342e+01 -4.55000000e+00  1.32238544e+01 -4.55000000e+00 -1.48665185e+01 -4.55000000e+00 -1.48666178e+01 
-4.50000000e+00 -1.41346538e+01 -4.50000000e+00  1.32286978e+01 -4.50000000e+00  1.32245661e+01 -4.50000000e+00 -1.36541500e+01 -4.50000000e+00 -1.48377096e+01 
-4.45000000e+00 -1.39769780e+01 -4.45000000e+00  1.31935158e+01 -4.45000000e+00  1.31893518e+01 -4.45000000e+00 -1.33089264e+01 -4.45000000e+00 -1.48229681e+01 
-4.40000000e+00 -1.38191145e+01 -4.40000000e+00  1.31975215e+01 -4.40000000e+00  1.31932209e+01 -4.40000000e+00 -1.30435081e+01 -4.40000000e+00 -1.47658387e+01 
-4.35000000e+00 -1.36600334e+01 -4.35000000e+00  1.32381069e+01 -4.35000000e+00  1.32334501e+01 -4.35000000e+00 -1.28298699e+01 -4.35000000e+00 -1.46571865e+01 
-4.30000000e+00 -1.35007360e+01 -4.30000000e+00  1.32762545e+01 -4.30000000e+00  1.32711976e+01 -4.30000000e+00 -1.26330871e+01 -4.30000000e+00 -1.45320298e+01 
-4.25000000e+00 -1.33444511e+01 -4.25000000e+00  1.32968313e+01 -4.25000000e+00  1.32917071e+01 -4.25000000e+00 -1.24444236e+01 -4.25000000e+00 -1.44050778e+01 
-4.20000000e+00 -1.31913101e+01 -4.20000000e+00  1.32857902e+01 -4.20000000e+00  1.32810140e+01 -4.20000000e+00 -1.22694761e+01 -4.20000000e+00 -1.42709858e+01 
-4.15000000e+00 -1.30352127e+01 -4.15000000e+00  1.32418164e+01 -4.15000000e+00  1.32371790e+01 -4.15000000e+00 -1.21084633e+01 -4.15000000e+00 -1.41172465e+01 
-4.10000000e+00 -1.28778377e+01 -4.10000000e+00  1.31932218e+01 -4.10000000e+00  1.31886046e+01 -4.10000000e+00 -1.19490847e+01 -4.10000000e+00 -1.39593479e+01 
-4.05000000e+00 -1.27205242e+01 -4.05000000e+00  1.31437041e+01 -4.05000000e+00  1.31391161e+01 -4.05000000e+00 -1.17901284e+01 -4.05000000e+00 -1.38011714e+01 
-4.00000000e+00 -1.25631798e+01 -4.00000000e+00  1.30944937e+01 -4.00000000e+00  1.30899307e+01 -4.00000000e+00 -1.16310512e+01 -4.00000000e+00 -1.36430663e+01 
-3.95000000e+00 -1.24057975e+01 -3.95000000e+00  1.30452369e+01 -3.95000000e+00  1.30406952e+01 -3.95000000e+00 -1.14719781e+01 -3.95000000e+00 -1.34848947e+01 
-3.90000000e+00 -1.22484106e+01 -3.90000000e+00  1.29959366e+01 -3.90000000e+00  1.29914158e+01 -3.90000000e+00 -1.13129347e+01 -3.90000000e+00 -1.33266981e+01 
-3.85000000e+00 -1.20910126e+01 -3.85000000e+00  1.29465861e+01 -3.85000000e+00  1.29420853e+01 -3.85000000e+00 -1.11539167e+01 -3.85000000e+00 -1.31684665e+01 
-3.80000000e+00 -1.19336024e+01 -3.80000000e+00  1.28971832e+01 -3.80000000e+00  1.28927011e+01 -3.80000000e+00 -1.09949250e+01 -3.80000000e+00 -1.30101965e+01 
-3.75000000e+00 -1.17761790e+01 -3.75000000e+00  1.28477250e+01 -3.75000000e+00  1.28432605e+01 -3.75000000e+00 -1.08359609e+01 -3.75000000e+00 -1.28518846e+01 
-3.70000000e+00 -1.16187412e+01 -3.70000000e+00  1.27982074e+01 -3.70000000e+00  1.27937592e+01 -3.70000000e+00 -1.06770263e+01 -3.70000000e+00 -1.26935259e+01 
-3.65000000e+00 -1.14612873e+01 -3.65000000e+00  1.27486244e+01 -3.65000000e+00  1.27441909e+01 -3.65000000e+00 -1.05181239e+01 -3.65000000e+00 -1.25351139e+01 
-3.60000000e+00 -1.13038147e+01 -3.60000000e+00  1.26989661e+01 -3.60000000e+00  1.26945457e+01 -3.60000000e+00 -1.03592579e+01 -3.60000000e+00 -1.23766389e+01 
-3.55000000e+00 -1.11463197e+01 -3.55000000e+00  1.26492167e+01 -3.55000000e+00  1.26448072e+01 -3.55000000e+00 -1.02004352e+01 -3.55000000e+00 -1.22180862e+01 
-3.50000000e+00 -1.09887985e+01 -3.50000000e+00  1.25993561e+01 -3.50000000e+00  1.25949552e+01 -3.50000000e+00 -1.00416642e+01 -3.50000000e+00 -1.20594396e+01 
-3.45000000e+00 -1.08312702e+01 -3.45000000e+00  1.25494603e+01 -3.45000000e+00  1.25450673e+01 -3.45000000e+00 -9.88291490e+00 -3.45000000e+00 -1.19007667e+01 
-3.40000000e+00 -1.06737427e+01 -3.40000000e+00  1.24995739e+01 -3.40000000e+00  1.24951889e+01 -3.40000000e+00 -9.72416587e+00 -3.40000000e+00 -1.17421038e+01 
-3.35000000e+00 -1.05162133e+01 -3.35000000e+00  1.24496873e+01 -3.35000000e+00  1.24453100e+01 -3.35000000e+00 -9.56542034e+00 -3.35000000e+00 -1.15834425e+01 
-3.30000000e+00 -1.03586833e+01 -3.30000000e+00  1.23998007e+01 -3.30000000e+00  1.23954311e+01 -3.30000000e+00 -9.40667948e+00 -3.30000000e+00 -1.14247836e+01 
-3.25000000e+00 -1.02011526e+01 -3.25000000e+00  1.23499141e+01 -3.25000000e+00  1.23455521e+01 -3.25000000e+00 -9.24794297e+00 -3.25000000e+00 -1.12661271e+01 
-3.20000000e+00 -1.00436211e+01 -3.20000000e+00  1.23000274e+01 -3.20000000e+00  1.22956729e+01 -3.20000000e+00 -9.08921066e+00 -3.20000000e+00 -1.11074728e+01 
-3.15000000e+00 -9.88608906e+00 -3.15000000e+00  1.22501406e+01 -3.15000000e+00  1.22457936e+01 -3.15000000e+00 -8.93048241e+00 -3.15000000e+00 -1.09488207e+01 
-3.10000000e+00 -9.72855634e+00 -3.10000000e+00  1.22002538e+01 -3.10000000e+00  1.21959143e+01 -3.10000000e+00 -8.77175809e+00 -3.10000000e+00 -1.07901707e+01 
-3.05000000e+00 -9.57102303e+00 -3.05000000e+00  1.21503670e+01 -3.05000000e+00  1.21460348e+01 -3.05000000e+00 -8.61303758e+00 -3.05000000e+00 -1.06315228e+01 
-3.00000000e+00 -9.41348915e+00 -3.00000000e+00  1.21004802e+01 -3.00000000e+00  1.20961553e+01 -3.00000000e+00 -8.45432076e+00 -3.00000000e+00 -1.04728770e+01 
-2.95000000e+00 -9.25595472e+00 -2.95000000e+00  1.20505933e+01 -2.95000000e+00  1.20462756e+01 -2.95000000e+00 -8.29560751e+00 -2.95000000e+00 -1.03142331e+01 
-2.90000000e+00 -9.09841978e+00 -2.90000000e+00  1.20007064e+01 -2.90000000e+00  1.19963959e+01 -2.90000000e+00 -8.13689772e+00 -2.90000000e+00 -1.01555911e+01 
-2.85000000e+00 -8.94088434e+00 -2.85000000e+00  1.19508195e+01 -2.85000000e+00  1.19465161e+01 -2.85000000e+00 -7.97819130e+00 -2.85000000e+00 -9.99695104e+00 
-2.80000000e+00 -8.78334843e+00 -2.80000000e+00  1.19009326e+01 -2.80000000e+00  1.18966363e+01 -2.80000000e+00 -7.81948814e+00 -2.80000000e+00 -9.83831281e+00 
-2.75000000e+00 -8.62581207e+00 -2.75000000e+00  1.18510456e+01 -2.75000000e+00  1.18467563e+01 -2.75000000e+00 -7.66078814e+00 -2.75000000e+00 -9.67967638e+00 
-2.70000000e+00 -8.46827529e+00 -2.70000000e+00  1.18011586e+01 -2.70000000e+00  1.17968764e+01 -2.70000000e+00 -7.50209122e+00 -2.70000000e+00 -9.52104171e+00 
-2.65000000e+00 -8.31073810e+00 -2.65000000e+00  1.17512717e+01 -2.65000000e+00  1.17469963e+01 -2.65000000e+00 -7.34339728e+00 -2.65000000e+00 -9.36240874e+00 
-2.60000000e+00 -8.15320053e+00 -2.60000000e+00  1.17013847e+01 -2.60000000e+00  1.16971162e+01 -2.60000000e+00 -7.18470624e+00 -2.60000000e+00 -9.20377745e+00 
-2.55000000e+00 -7.99566258e+00 -2.55000000e+00  1.16514977e+01 -2.55000000e+00  1.16472361e+01 -2.55000000e+00 -7.02601802e+00 -2.55000000e+00 -9.04514780e+00 
-2.50000000e+00 -7.83812428e+00 -2.50000000e+00  1.16016107e+01 -2.50000000e+00  1.15973559e+01 -2.50000000e+00 -6.86733254e+00 -2.50000000e+00 -8.88651974e+00 
-2.45000000e+00 -7.68058565e+00 -2.45000000e+00  1.15517237e+01 -2.45000000e+00  1.15474757e+01 -2.45000000e+00 -6.70864972e+00 -2.45000000e+00 -8.72789325e+00 
-2.40000000e+00 -7.52304669e+00 -2.40000000e+00  1.15018366e+01 -2.40000000e+00  1.14975955e+01 -2.40000000e+00 -6.54996949e+00 -2.40000000e+00 -8.56926828e+00 
-2.35000000e+00 -7.36550743e+00 -2.35000000e+00  1.14519496e+01 -2.35000000e+00  1.14477152e+01 -2.35000000e+00 -6.39129179e+00 -2.35000000e+00 -8.41064480e+00 
-2.30000000e+00 -7.20796788e+00 -2.30000000e+00  1.14020626e+01 -2.30000000e+00  1.13978349e+01 -2.30000000e+00 -6.23261653e+00 -2.30000000e+00 -8.25202277e+00 
-2.25000000e+00 -7.05042806e+00 -2.25000000e+00  1.13521756e+01 -2.25000000e+00  1.13479545e+01 -2.25000000e+00 -6.07394366e+00 -2.25000000e+00 -8.09340217e+00 
-2.20000000e+00 -6.89288797e+00 -2.20000000e+00  1.13022886e+01 -2.20000000e+00  1.12980741e+01 -2.20000000e+00 -5.91527311e+00 -2.20000000e+00 -7.93478296e+00 
-2.15000000e+00 -6.73534763e+00 -2.15000000e+00  1.12524015e+01 -2.15000000e+00  1.12481937e+01 -2.15000000e+00 -5.75660483e+00 -2.15000000e+00 -7.77616511e+00 
-2.10000000e+00 -6.57780705e+00 -2.10000000e+00  1.12025145e+01 -2.10000000e+00  1.11983133e+01 -2.10000000e+00 -5.59793875e+00 -2.10000000e+00 -7.61754858e+00 
-2.05000000e+00 -6.42026624e+00 -2.05000000e+00  1.11526275e+01 -2.05000000e+00  1.11484329e+01 -2.05000000e+00 -5.43927481e+00 -2.05000000e+00 -7.45893336e+00 
-2.00000000e+00 -6.26272522e+00 -2.00000000e+00  1.11027405e+01 -2.00000000e+00  1.10985524e+01 -2.00000000e+00 -5.28061297e+00 -2.00000000e+00 -7.30031941e+00 
-1.95000000e+00 -6.10518400e+00 -1.95000000e+00  1.10528535e+01 -1.95000000e+00  1.10486720e+01 -1.95000000e+00 -5.12195316e+00 -1.95000000e+00 -7.14170670e+00 
-1.90000000e+00 -5.94764258e+00 -1.90000000e+00  1.10029666e+01 -1.90000000e+00  1.09987915e+01 -1.90000000e+00 -4.96329535e+00 -1.90000000e+00 -6.98309520e+00 
-1.85000000e+00 -5.79010097e+00 -1.85000000e+00  1.09530796e+01 -1.85000000e+00  1.09489110e+01 -1.85000000e+00 -4.80463946e+00 -1.85000000e+00 -6.82448490e+00 
-1.80000000e+00 -5.63255919e+00 -1.80000000e+00  1.09031927e+01 -1.80000000e+00  1.08990305e+01 -1.80000000e+00 -4.64598547e+00 -1.80000000e+00 -6.66587575e+00 
-1.75000000e+00 -5.47501725e+00 -1.75000000e+00  1.08533057e+01 -1.75000000e+00  1.08491500e+01 -1.75000000e+00 -4.48733331e+00 -1.75000000e+00 -6.50726774e+00 
-1.70000000e+00 -5.31747515e+00 -1.70000000e+00  1.08034188e+01 -1.70000000e+00  1.07992695e+01 -1.70000000e+00 -4.32868296e+00 -1.70000000e+00 -6.34866084e+00 
-1.65000000e+00 -5.15993290e+00 -1.65000000e+00  1.07535319e+01 -1.65000000e+00  1.07493890e+01 -1.65000000e+00 -4.17003435e+00 -1.65000000e+00 -6.19005503e+00 
-1.60000000e+00 -5.00239052e+00 -1.60000000e+00  1.07036450e+01 -1.60000000e+00  1.06995085e+01 -1.60000000e+00 -4.01138745e+00 -1.60000000e+00 -6.03145028e+00 
-1.55000000e+00 -4.84484800e+00 -1.55000000e+00  1.06537581e+01 -1.55000000e+00  1.06496280e+01 -1.55000000e+00 -3.85274222e+00 -1.55000000e+00 -5.87284657e+00 
-1.50000000e+00 -4.68730536e+00 -1.50000000e+00  1.06038712e+01 -1.50000000e+00  1.05997476e+01 -1.50000000e+00 -3.69409862e+00 -1.50000000e+00 -5.71424388e+00 
-1.45000000e+00 -4.52976260e+00 -1.45000000e+00  1.05539844e+01 -1.45000000e+00  1.05498671e+01 -1.45000000e+00 -3.53545660e+00 -1.45000000e+00 -5.55564218e+00 
-1.40000000e+00 -4.37221974e+00 -1.40000000e+00  1.05040976e+01 -1.40000000e+00  1.04999866e+01 -1.40000000e+00 -3.37681613e+00 -1.40000000e+00 -5.39704145e+00 
-1.35000000e+00 -4.21467677e+00 -1.35000000e+00  1.04542107e+01 -1.35000000e+00  1.04501061e+01 -1.35000000e+00 -3.21817718e+00 -1.35000000e+00 -5.23844167e+00 
-1.30000000e+00 -4.05713371e+00 -1.30000000e+00  1.04043240e+01 -1.30000000e+00  1.04002257e+01 -1.30000000e+00 -3.05953970e+00 -1.30000000e+00 -5.07984282e+00 
-1.25000000e+00 -3.89959056e+00 -1.25000000e+00  1.03544372e+01 -1.25000000e+00  1.03503452e+01 -1.25000000e+00 -2.90090366e+00 -1.25000000e+00 -4.92124488e+00 
-1.20000000e+00 -3.74204733e+00 -1.20000000e+00  1.03045505e+01 -1.20000000e+00  1.03004648e+01 -1.20000000e+00 -2.74226903e+00 -1.20000000e+00 -4.76264783e+00 
-1.15000000e+00 -3.58450402e+00 -1.15000000e+00  1.02546637e+01 -1.15000000e+00  1.02505844e+01 -1.15000000e+00 -2.58363577e+00 -1.15000000e+00 -4.60405165e+00 
-1.10000000e+00 -3.42696065e+00 -1.10000000e+00  1.02047770e+01 -1.10000000e+00  1.02007040e+01 -1.10000000e+00 -2.42500386e+00 -1.10000000e+00 -4.44545632e+00 
-1.05000000e+00 -3.26941721e+00 -1.05000000e+00  1.01548904e+01 -1.05000000e+00  1.01508236e+01 -1.05000000e+00 -2.26637326e+00 -1.05000000e+00 -4.28686182e+00 
-1.00000000e+00 -3.11187372e+00 -1.00000000e+00  1.01050037e+01 -1.00000000e+00  1.01009432e+01 -1.00000000e+00 -2.10774393e+00 -1.00000000e+00 -4.12826813e+00 
-9.50000000e-01 -2.95433017e+00 -9.50000000e-01  1.00551171e+01 -9.50000000e-01  1.00510628e+01 -9.50000000e-01 -1.94911585e+00 -9.50000000e-01 -3.96967524e+00 
-9.00000000e-01 -2.79678658e+00 -9.00000000e-01  1.00052305e+01 -9.00000000e-01  1.00011825e+01 -9.00000000e-01 -1.79048900e+00 -9.00000000e-01 -3.81108312e+00 
-8.50000000e-01 -2.63924295e+00 -8.50000000e-01  9.95534391e+00 -8.50000000e-01  9.95130220e+00 -8.50000000e-01 -1.63186333e+00 -8.50000000e-01 -3.65249176e+00 
-8.00000000e-01 -2.48169928e+00 -8.00000000e-01  9.90545736e+00 -8.00000000e-01  9.90142191e+00 -8.00000000e-01 -1.47323883e+00 -8.00000000e-01 -3.49390115e+00 
-7.50000000e-01 -2.32415558e+00 -7.50000000e-01  9.85557085e+00 -7.50000000e-01  9.85154165e+00 -7.50000000e-01 -1.31461547e+00 -7.50000000e-01 -3.33531125e+00 
-7.00000000e-01 -2.16661186e+00 -7.00000000e-01  9.80568435e+00 -7.00000000e-01  9.80166141e+00 -7.00000000e-01 -1.15599321e+00 -7.00000000e-01 -3.17672207e+00 
-6.50000000e-01 -2.00906811e+00 -6.50000000e-01  9.75579789e+00 -6.50000000e-01  9.75178120e+00 -6.50000000e-01 -9.97372045e-01 -6.50000000e-01 -3.01813358e+00 
-6.00000000e-01 -1.85152435e+00 -6.00000000e-01  9.70591146e+00 -6.00000000e-01  9.70190101e+00 -6.00000000e-01 -8.38751934e-01 -6.00000000e-01 -2.85954576e+00 
-5.50000000e-01 -1.69398058e+00 -5.50000000e-01  9.65602506e+00 -5.50000000e-01  9.65202085e+00 -5.50000000e-01 -6.80132857e-01 -5.50000000e-01 -2.70095860e+00 
-5.00000000e-01 -1.53643680e+00 -5.00000000e-01  9.60613868e+00 -5.00000000e-01  9.60214072e+00 -5.00000000e-01 -5.21514789e-01 -5.00000000e-01 -2.54237209e+00 
-4.50000000e-01 -1.37889302e+00 -4.50000000e-01  9.55625234e+00 -4.50000000e-01  9.55226062e+00 -4.50000000e-01 -3.62897708e-01 -4.50000000e-01 -2.38378620e+00 
-4.00000000e-01 -1.22134925e+00 -4.00000000e-01  9.50636603e+00 -4.00000000e-01  9.50238055e+00 -4.00000000e-01 -2.04281589e-01 -4.00000000e-01 -2.22520093e+00 
-3.50000000e-01 -1.06380548e+00 -3.50000000e-01  9.45647975e+00 -3.50000000e-01  9.45250051e+00 -3.50000000e-01 -4.56664107e-02 -3.50000000e-01 -2.06661626e+00 
-3.00000000e-01 -9.06261717e-01 -3.00000000e-01  9.40659350e+00 -3.00000000e-01  9.40262050e+00 -3.00000000e-01  1.12947850e-01 -3.00000000e-01 -1.90803218e+00 
-2.50000000e-01 -7.48717973e-01 -2.50000000e-01  9.35670728e+00 -2.50000000e-01  9.35274053e+00 -2.50000000e-01  2.71561215e-01 -2.50000000e-01 -1.74944866e+00 
-2.00000000e-01 -5.91174248e-01 -2.00000000e-01  9.30682110e+00 -2.00000000e-01  9.30286059e+00 -2.00000000e-01  4.30173705e-01 -2.00000000e-01 -1.59086570e+00 
-1.50000000e-01 -4.33630546e-01 -1.50000000e-01  9.25693495e+00 -1.50000000e-01  9.25298068e+00 -1.50000000e-01  5.88785341e-01 -1.50000000e-01 -1.43228328e+00 
-1.00000000e-01 -2.76086872e-01 -1.00000000e-01  9.20704883e+00 -1.00000000e-01  9.20310081e+00 -1.00000000e-01  7.47396145e-01 -1.00000000e-01 -1.27370139e+00 
-5.00000000e-02 -1.18543229e-01 -5.00000000e-02  9.15716275e+00 -5.00000000e-02  9.15322098e+00 -5.00000000e-02  9.06006135e-01 -5.00000000e-02 -1.11512001e+00 
 6.44900799e-14  3.90003787e-02  6.44900799e-14  9.10727670e+00  6.44900799e-14  9.10334119e+00  6.44900799e-14  1.06461533e+00  6.44900799e-14 -9.56539137e-01 
 5.00000000e-02  1.96543948e-01  5.00000000e-02  9.05739069e+00  5.00000000e-02  9.05346143e+00  5.00000000e-02  1.22322376e+00  5.00000000e-02 -7.97958751e-01 
 1.00000000e-01  3.54087474e-01  1.00000000e-01  9.00750471e+00  1.00000000e-01  9.00358171e+00  1.00000000e-01  1.38183142e+00  1.00000000e-01 -6.39378840e-01 
 1.50000000e-01  5.11630954e-01  1.50000000e-01  8.95761877e+00  1.50000000e-01  8.95370203e+00  1.50000000e-01  1.54043836e+00  1.50000000e-01 -4.80799391e-01 
 2.00000000e-01  6.69174384e-01  2.00000000e-01  8.90773286e+00  2.00000000e-01  8.90382240e+00  2.00000000e-01  1.69904457e+00  2.00000000e-01 -3.22220391e-01 
 2.50000000e-01  8.26717760e-01  2.50000000e-01  8.85784699e+00  2.50000000e-01  8.85394280e+00  2.50000000e-01  1.85765009e+00  2.50000000e-01 -1.63641829e-01 
 3.00000000e-01  9.84261079e-01  3.00000000e-01  8.80796116e+00  3.00000000e-01  8.80406325e+00  3.00000000e-01  2.01625492e+00  3.00000000e-01 -5.06369162e-03 
 3.50000000e-01  1.14180434e+00  3.50000000e-01  8.75807537e+00  3.50000000e-01  8.75418374e+00  3.50000000e-01  2.17485909e+00  3.50000000e-01  1.53514033e-01 
 4.00000000e-01  1.29934753e+00  4.00000000e-01  8.70818961e+00  4.00000000e-01  8.70430427e+00  4.00000000e-01  2.33346261e+00  4.00000000e-01  3.12091358e-01 
 4.50000000e-01  1.45689066e+00  4.50000000e-01  8.65830389e+00  4.50000000e-01  8.65442485e+00  4.50000000e-01  2.49206551e+00  4.50000000e-01  4.70668295e-01 
 5.00000000e-01  1.61443371e+00  5.00000000e-01  8.60841821e+00  5.00000000e-01  8.60454547e+00  5.00000000e-01  2.65066778e+00  5.00000000e-01  6.29244855e-01 
 5.50000000e-01  1.77197669e+00  5.50000000e-01  8.55853257e+00  5.50000000e-01  8.55466614e+00  5.50000000e-01  2.80926947e+00  5.50000000e-01  7.87821050e-01 
 6.00000000e-01  1.92951959e+00  6.00000000e-01  8.50864697e+00  6.00000000e-01  8.50478685e+00  6.00000000e-01  2.96787057e+00  6.00000000e-01  9.46396892e-01 
 6.50000000e-01  2.08706241e+00  6.50000000e-01  8.45876141e+00  6.50000000e-01  8.45490761e+00  6.50000000e-01  3.12647110e+00  6.50000000e-01  1.10497239e+00 
 7.00000000e-01  2.24460514e+00  7.00000000e-01  8.40887589e+00  7.00000000e-01  8.40502842e+00  7.00000000e-01  3.28507109e+00  7.00000000e-01  1.26354756e+00 
 7.50000000e-01  2.40214779e+00  7.50000000e-01  8.35899041e+00  7.50000000e-01  8.35514928e+00  7.50000000e-01  3.44367055e+00  7.50000000e-01  1.42212241e+00 
 8.00000000e-01  2.55969034e+00  8.00000000e-01  8.30910497e+00  8.00000000e-01  8.30527019e+00  8.00000000e-01  3.60226948e+00  8.00000000e-01  1.58069696e+00 
 8.50000000e-01  2.71723280e+00  8.50000000e-01  8.25921957e+00  8.50000000e-01  8.25539115e+00  8.50000000e-01  3.76086791e+00  8.50000000e-01  1.73927120e+00 
 9.00000000e-01  2.87477515e+00  9.00000000e-01  8.20933421e+00  9.00000000e-01  8.20551216e+00  9.00000000e-01  3.91946586e+00  9.00000000e-01  1.89784516e+00 
 9.50000000e-01  3.03231741e+00  9.50000000e-01  8.15944890e+00  9.50000000e-01  8.15563322e+00  9.50000000e-01  4.07806333e+00  9.50000000e-01  2.05641885e+00 
 1.00000000e+00  3.18985956e+00  1.00000000e+00  8.10956363e+00  1.00000000e+00  8.10575434e+00  1.00000000e+00  4.23666034e+00  1.00000000e+00  2.21499227e+00 
 1.05000000e+00  3.34740160e+00  1.05000000e+00  8.05967840e+00  1.05000000e+00  8.05587550e+00  1.05000000e+00  4.39525690e+00  1.05000000e+00  2.37356544e+00 
 1.10000000e+00  3.50494353e+00  1.10000000e+00  8.00979321e+00  1.10000000e+00  8.00599672e+00  1.10000000e+00  4.55385304e+00  1.10000000e+00  2.53213837e+00 
 1.15000000e+00  3.66248535e+00  1.15000000e+00  7.95990807e+00  1.15000000e+00  7.95611800e+00  1.15000000e+00  4.71244876e+00  1.15000000e+00  2.69071106e+00 
 1.20000000e+00  3.82002704e+00  1.20000000e+00  7.91002297e+00  1.20000000e+00  7.90623933e+00  1.20000000e+00  4.87104408e+00  1.20000000e+00  2.84928354e+00 
 1.25000000e+00  3.97756861e+00  1.25000000e+00  7.86013791e+00  1.25000000e+00  7.85636072e+00  1.25000000e+00  5.02963900e+00  1.25000000e+00  3.00785580e+00 
 1.30000000e+00  4.13511006e+00  1.30000000e+00  7.81025290e+00  1.30000000e+00  7.80648216e+00  1.30000000e+00  5.18823356e+00  1.30000000e+00  3.16642786e+00 
 1.35000000e+00  4.29265138e+00  1.35000000e+00  7.76036794e+00  1.35000000e+00  7.75660366e+00  1.35000000e+00  5.34682775e+00  1.35000000e+00  3.32499973e+00 
 1.40000000e+00  4.45019256e+00  1.40000000e+00  7.71048302e+00  1.40000000e+00  7.70672522e+00  1.40000000e+00  5.50542159e+00  1.40000000e+00  3.48357143e+00 
 1.45000000e+00  4.60773361e+00  1.45000000e+00  7.66059815e+00  1.45000000e+00  7.65684684e+00  1.45000000e+00  5.66401510e+00  1.45000000e+00  3.64214295e+00 
 1.50000000e+00  4.76527452e+00  1.50000000e+00  7.61071332e+00  1.50000000e+00  7.60696852e+00  1.50000000e+00  5.82260828e+00  1.50000000e+00  3.80071431e+00 
 1.55000000e+00  4.92281528e+00  1.55000000e+00  7.56082854e+00  1.55000000e+00  7.55709025e+00  1.55000000e+00  5.98120116e+00  1.55000000e+00  3.95928553e+00 
 1.60000000e+00  5.08035590e+00  1.60000000e+00  7.51094381e+00  1.60000000e+00  7.50721205e+00  1.60000000e+00  6.13979374e+00  1.60000000e+00  4.11785660e+00 
 1.65000000e+00  5.23789637e+00  1.65000000e+00  7.46105912e+00  1.65000000e+00  7.45733391e+00  1.65000000e+00  6.29838604e+00  1.65000000e+00  4.27642755e+00 
 1.70000000e+00  5.39543669e+00  1.70000000e+00  7.41117448e+00  1.70000000e+00  7.40745584e+00  1.70000000e+00  6.45697806e+00  1.70000000e+00  4.43499838e+00 
 1.75000000e+00  5.55297685e+00  1.75000000e+00  7.36128989e+00  1.75000000e+00  7.35757782e+00  1.75000000e+00  6.61556983e+00  1.75000000e+00  4.59356910e+00 
 1.80000000e+00  5.71051684e+00  1.80000000e+00  7.31140535e+00  1.80000000e+00  7.30769987e+00  1.80000000e+00  6.77416136e+00  1.80000000e+00  4.75213972e+00 
 1.85000000e+00  5.86805668e+00  1.85000000e+00  7.26152086e+00  1.85000000e+00  7.25782199e+00  1.85000000e+00  6.93275265e+00  1.85000000e+00  4.91071025e+00 
 1.90000000e+00  6.02559634e+00  1.90000000e+00  7.21163641e+00  1.90000000e+00  7.20794417e+00  1.90000000e+00  7.09134371e+00  1.90000000e+00  5.06928071e+00 
 1.95000000e+00  6.18313584e+00  1.95000000e+00  7.16175202e+00  1.95000000e+00  7.15806642e+00  1.95000000e+00  7.24993458e+00  1.95000000e+00  5.22785109e+00 
 2.00000000e+00  6.34067515e+00  2.00000000e+00  7.11186768e+00  2.00000000e+00  7.10818873e+00  2.00000000e+00  7.40852524e+00  2.00000000e+00  5.38642142e+00 
 2.05000000e+00  6.49821429e+00  2.05000000e+00  7.06198338e+00  2.05000000e+00  7.05831112e+00  2.05000000e+00  7.56711572e+00  2.05000000e+00  5.54499169e+00 
 2.10000000e+00  6.65575325e+00  2.10000000e+00  7.01209914e+00  2.10000000e+00  7.00843357e+00  2.10000000e+00  7.72570603e+00  2.10000000e+00  5.70356193e+00 
 2.15000000e+00  6.81329202e+00  2.15000000e+00  6.96221495e+00  2.15000000e+00  6.95855609e+00  2.15000000e+00  7.88429618e+00  2.15000000e+00  5.86213214e+00 
 2.20000000e+00  6.97083060e+00  2.20000000e+00  6.91233081e+00  2.20000000e+00  6.90867868e+00  2.20000000e+00  8.04288619e+00  2.20000000e+00  6.02070233e+00 
 2.25000000e+00  7.12836898e+00  2.25000000e+00  6.86244673e+00  2.25000000e+00  6.85880135e+00  2.25000000e+00  8.20147605e+00  2.25000000e+00  6.17927252e+00 
 2.30000000e+00  7.28590717e+00  2.30000000e+00  6.81256270e+00  2.30000000e+00  6.80892408e+00  2.30000000e+00  8.36006580e+00  2.30000000e+00  6.33784270e+00 
 2.35000000e+00  7.44344515e+00  2.35000000e+00  6.76267872e+00  2.35000000e+00  6.75904689e+00  2.35000000e+00  8.51865543e+00  2.35000000e+00  6.49641290e+00 
 2.40000000e+00  7.60098292e+00  2.40000000e+00  6.71279479e+00  2.40000000e+00  6.70916977e+00  2.40000000e+00  8.67724496e+00  2.40000000e+00  6.65498311e+00 
 2.45000000e+00  7.75852049e+00  2.45000000e+00  6.66291092e+00  2.45000000e+00  6.65929273e+00  2.45000000e+00  8.83583441e+00  2.45000000e+00  6.81355336e+00 
 2.50000000e+00  7.91605784e+00  2.50000000e+00  6.61302710e+00  2.50000000e+00  6.60941576e+00  2.50000000e+00  8.99442378e+00  2.50000000e+00  6.97212365e+00 
 2.55000000e+00  8.07359497e+00  2.55000000e+00  6.56314334e+00  2.55000000e+00  6.55953887e+00  2.55000000e+00  9.15301308e+00  2.55000000e+00  7.13069399e+00 
 2.60000000e+00  8.23113187e+00  2.60000000e+00  6.51325963e+00  2.60000000e+00  6.50966206e+00  2.60000000e+00  9.31160234e+00  2.60000000e+00  7.28926439e+00 
 2.65000000e+00  8.38866855e+00  2.65000000e+00  6.46337598e+00  2.65000000e+00  6.45978532e+00  2.65000000e+00  9.47019155e+00  2.65000000e+00  7.44783486e+00 
 2.70000000e+00  8.54620500e+00  2.70000000e+00  6.41349239e+00  2.70000000e+00  6.40990867e+00  2.70000000e+00  9.62878074e+00  2.70000000e+00  7.60640541e+00 
 2.75000000e+00  8.70374120e+00  2.75000000e+00  6.36360885e+00  2.75000000e+00  6.36003209e+00  2.75000000e+00  9.78736991e+00  2.75000000e+00  7.76497606e+00 
 2.80000000e+00  8.86127717e+00  2.80000000e+00  6.31372537e+00  2.80000000e+00  6.31015560e+00  2.80000000e+00  9.94595907e+00  2.80000000e+00  7.92354681e+00 
 2.85000000e+00  9.01881289e+00  2.85000000e+00  6.26384195e+00  2.85000000e+00  6.26027919e+00  2.85000000e+00  1.01045482e+01  2.85000000e+00  8.08211767e+00 
 2.90000000e+00  9.17634836e+00  2.90000000e+00  6.21395859e+00  2.90000000e+00  6.21040286e+00  2.90000000e+00  1.02631374e+01  2.90000000e+00  8.24068865e+00 
 2.95000000e+00  9.33388357e+00  2.95000000e+00  6.16407529e+00  2.95000000e+00  6.16052661e+00  2.95000000e+00  1.04217267e+01  2.95000000e+00  8.39925977e+00 
 3.00000000e+00  9.49141852e+00  3.00000000e+00  6.11419204e+00  3.00000000e+00  6.11065045e+00  3.00000000e+00  1.05803159e+01  3.00000000e+00  8.55783103e+00 
 3.05000000e+00  9.64895320e+00  3.05000000e+00  6.06430886e+00  3.05000000e+00  6.06077438e+00  3.05000000e+00  1.07389052e+01  3.05000000e+00  8.71640244e+00 
 3.10000000e+00  9.80648762e+00  3.10000000e+00  6.01442574e+00  3.10000000e+00  6.01089840e+00  3.10000000e+00  1.08974946e+01  3.10000000e+00  8.87497402e+00 
 3.15000000e+00  9.96402175e+00  3.15000000e+00  5.96454268e+00  3.15000000e+00  5.96102250e+00  3.15000000e+00  1.10560841e+01  3.15000000e+00  9.03354578e+00 
 3.20000000e+00  1.01215556e+01  3.20000000e+00  5.91465968e+00  3.20000000e+00  5.91114669e+00  3.20000000e+00  1.12146737e+01  3.20000000e+00  9.19211772e+00 
 3.25000000e+00  1.02790892e+01  3.25000000e+00  5.86477674e+00  3.25000000e+00  5.86127098e+00  3.25000000e+00  1.13732633e+01  3.25000000e+00  9.35068986e+00 
 3.30000000e+00  1.04366224e+01  3.30000000e+00  5.81489387e+00  3.30000000e+00  5.81139535e+00  3.30000000e+00  1.15318531e+01  3.30000000e+00  9.50926220e+00 
 3.35000000e+00  1.05941554e+01  3.35000000e+00  5.76501106e+00  3.35000000e+00  5.76151982e+00  3.35000000e+00  1.16904430e+01  3.35000000e+00  9.66783477e+00 
 3.40000000e+00  1.07516881e+01  3.40000000e+00  5.71512832e+00  3.40000000e+00  5.71164439e+00  3.40000000e+00  1.18490331e+01  3.40000000e+00  9.82640757e+00 
 3.45000000e+00  1.09092205e+01  3.45000000e+00  5.66524564e+00  3.45000000e+00  5.66176905e+00  3.45000000e+00  1.20076233e+01  3.45000000e+00  9.98498060e+00 
 3.50000000e+00  1.10667525e+01  3.50000000e+00  5.61536302e+00  3.50000000e+00  5.61189380e+00  3.50000000e+00  1.21662136e+01  3.50000000e+00  1.01435539e+01 
 3.55000000e+00  1.12242842e+01  3.55000000e+00  5.56548048e+00  3.55000000e+00  5.56201866e+00  3.55000000e+00  1.23248042e+01  3.55000000e+00  1.03021274e+01 
 3.60000000e+00  1.13818156e+01  3.60000000e+00  5.51559800e+00  3.60000000e+00  5.51214361e+00  3.60000000e+00  1.24833949e+01  3.60000000e+00  1.04607013e+01 
 3.65000000e+00  1.15393467e+01  3.65000000e+00  5.46571558e+00  3.65000000e+00  5.46226866e+00  3.65000000e+00  1.26419858e+01  3.65000000e+00  1.06192754e+01 
 3.70000000e+00  1.16968774e+01  3.70000000e+00  5.41583324e+00  3.70000000e+00  5.41239382e+00  3.70000000e+00  1.28005770e+01  3.70000000e+00  1.07778498e+01 
 3.75000000e+00  1.18544078e+01  3.75000000e+00  5.36595097e+00  3.75000000e+00  5.36251908e+00  3.75000000e+00  1.29591684e+01  3.75000000e+00  1.09364245e+01 
 3.80000000e+00  1.20119378e+01  3.80000000e+00  5.31606876e+00  3.80000000e+00  5.31264445e+00  3.80000000e+00  1.31177600e+01  3.80000000e+00  1.10949996e+01 
 3.85000000e+00  1.21694674e+01  3.85000000e+00  5.26618663e+00  3.85000000e+00  5.26276992e+00  3.85000000e+00  1.32763519e+01  3.85000000e+00  1.12535750e+01 
 3.90000000e+00  1.23269967e+01  3.90000000e+00  5.21630457e+00  3.90000000e+00  5.21289550e+00  3.90000000e+00  1.34349440e+01  3.90000000e+00  1.14121507e+01 
 3.95000000e+00  1.24845232e+01  3.95000000e+00  5.16642284e+00  3.95000000e+00  5.16302169e+00  3.95000000e+00  1.35935340e+01  3.95000000e+00  1.15707243e+01 
 4.00000000e+00  1.26418188e+01  4.00000000e+00  5.11656614e+00  4.00000000e+00  5.11319614e+00  4.00000000e+00  1.37518923e+01  4.00000000e+00  1.17290663e+01 
 4.05000000e+00  1.27885569e+01  4.05000000e+00  5.06785273e+00  4.05000000e+00  5.06557575e+00  4.05000000e+00  1.38996224e+01  4.05000000e+00  1.18767813e+01 
 4.10000000e+00  1.28895395e+01  4.10000000e+00  5.02407508e+00  4.10000000e+00  5.02749295e+00  4.10000000e+00  1.40012879e+01  4.10000000e+00  1.19784365e+01 
 4.15000000e+00  1.29530696e+01  4.15000000e+00  4.98427677e+00  4.15000000e+00  4.99715527e+00  4.15000000e+00  1.40652479e+01  4.15000000e+00  1.20423899e+01 
 4.20000000e+00  1.29898783e+01  4.20000000e+00  4.94723388e+00  4.20000000e+00  4.97225773e+00  4.20000000e+00  1.41023057e+01  4.20000000e+00  1.20794439e+01 
 4.25000000e+00  1.30018587e+01  4.25000000e+00  4.91265798e+00  4.25000000e+00  4.95231738e+00  4.25000000e+00  1.41143673e+01  4.25000000e+00  1.20915041e+01 
 4.30000000e+00  1.30015987e+01  4.30000000e+00  4.87915903e+00  4.30000000e+00  4.93467290e+00  4.30000000e+00  1.41141055e+01  4.30000000e+00  1.20912424e+01 
 4.35000000e+00  1.30018207e+01  4.35000000e+00  4.84539637e+00  4.35000000e+00  4.91670055e+00  4.35000000e+00  1.41143291e+01  4.35000000e+00  1.20914658e+01 
 4.40000000e+00  1.30011810e+01  4.40000000e+00  4.81150686e+00  4.40000000e+00  4.89866781e+00  4.40000000e+00  1.41136851e+01  4.40000000e+00  1.20908219e+01 
 4.45000000e+00  1.29990375e+01  4.45000000e+00  4.77755028e+00  4.45000000e+00  4.88069392e+00  4.45000000e+00  1.41115272e+01  4.45000000e+00  1.20886640e+01 
 4.50000000e+00  1.29958255e+01  4.50000000e+00  4.74347786e+00  4.50000000e+00  4.86268142e+00  4.50000000e+00  1.41082935e+01  4.50000000e+00  1.20854306e+01 
 4.55000000e+00  1.29918648e+01  4.55000000e+00  4.70925394e+00  4.55000000e+00  4.84455757e+00  4.55000000e+00  1.41043060e+01  4.55000000e+00  1.20814435e+01 
 4.60000000e+00  1.29873477e+01  4.60000000e+00  4.67485626e+00  4.60000000e+00  4.82627583e+00  4.60000000e+00  1.40997584e+01  4.60000000e+00  1.20768962e+01 
 4.65000000e+00  1.29824081e+01  4.65000000e+00  4.64026863e+00  4.65000000e+00  4.80780150e+00  4.65000000e+00  1.40947853e+01  4.65000000e+00  1.20719236e+01 
 4.70000000e+00  1.29771441e+01  4.70000000e+00  4.60547835e+00  4.70000000e+00  4.78910693e+00  4.70000000e+00  1.40894858e+01  4.70000000e+00  1.20666245e+01 
 4.75000000e+00  1.29716303e+01  4.75000000e+00  4.57047492e+00  4.75000000e+00  4.77016904e+00  4.75000000e+00  1.40839347e+01  4.75000000e+00  1.20610738e+01 
 4.80000000e+00  1.29659244e+01  4.80000000e+00  4.53524914e+00  4.80000000e+00  4.75096766e+00  4.80000000e+00  1.40781902e+01  4.80000000e+00  1.20553299e+01 
 4.85000000e+00  1.29600727e+01  4.85000000e+00  4.49979252e+00  4.85000000e+00  4.73148450e+00  4.85000000e+00  1.40722990e+01  4.85000000e+00  1.20494392e+01 
 4.90000000e+00  1.29541134e+01  4.90000000e+00  4.46409686e+00  4.90000000e+00  4.71170241e+00  4.90000000e+00  1.40662994e+01  4.90000000e+00  1.20434401e+01 
 4.95000000e+00  1.29480784e+01  4.95000000e+00  4.42815397e+00  4.95000000e+00  4.69160487e+00  4.95000000e+00  1.40602236e+01  4.95000000e+00  1.20373648e+01 
 5.00000000e+00  1.29419953e+01  5.00000000e+00  4.39195536e+00  5.00000000e+00  4.67117562e+00  5.00000000e+00  1.40540994e+01  5.00000000e+00  1.20312411e+01 
 5.05000000e+00  1.29358884e+01  5.05000000e+00  4.35549208e+00  5.05000000e+00  4.65039843e+00  5.05000000e+00  1.40479513e+01  5.05000000e+00  1.20250935e+01 
 5.10000000e+00  1.29297798e+01  5.10000000e+00  4.31875450e+00  5.10000000e+00  4.62925685e+00  5.10000000e+00  1.40418013e+01  5.10000000e+00  1.20189441e+01 
 5.15000000e+00  1.29236896e+01  5.15000000e+00  4.28173211e+00  5.15000000e+00  4.60773413e+00  5.15000000e+00  1.40356700e+01  5.15000000e+00  1.20128133e+01 
 5.20000000e+00  1.29176370e+01  5.20000000e+00  4.24441333e+00  5.20000000e+00  4.58581308e+00  5.20000000e+00  1.40295765e+01  5.20000000e+00  1.20067203e+01 
 5.25000000e+00  1.29116406e+01  5.25000000e+00  4.20678527e+00  5.25000000e+00  4.56347613e+00  5.25000000e+00  1.40235396e+01  5.25000000e+00  1.20006839e+01 
 5.30000000e+00  1.29057185e+01  5.30000000e+00  4.16883352e+00  5.30000000e+00  4.54070532e+00  5.30000000e+00  1.40175774e+01  5.30000000e+00  1.19947222e+01 
 5.35000000e+00  1.28998889e+01  5.35000000e+00  4.13054179e+00  5.35000000e+00  4.51748253e+00  5.35000000e+00  1.40117085e+01  5.35000000e+00  1.19888538e+01 
 5.40000000e+00  1.28941707e+01  5.40000000e+00  4.09189164e+00  5.40000000e+00  4.49378982e+00  5.40000000e+00  1.40059516e+01  5.40000000e+00  1.19830974e+01 
 5.45000000e+00  1.28885834e+01  5.45000000e+00  4.05286200e+00  5.45000000e+00  4.46961001e+00  5.45000000e+00  1.40003266e+01  5.45000000e+00  1.19774728e+01 
 5.50000000e+00  1.28831477e+01  5.50000000e+00  4.01342867e+00  5.50000000e+00  4.44492775e+00  5.50000000e+00  1.39948542e+01  5.50000000e+00  1.19720009e+01 
 5.55000000e+00  1.28778861e+01  5.55000000e+00  3.97356366e+00  5.55000000e+00  4.41973126e+00  5.55000000e+00  1.39895570e+01  5.55000000e+00  1.19667042e+01 
 5.60000000e+00  1.28728232e+01  5.60000000e+00  3.93323435e+00  5.60000000e+00  4.39401523e+00  5.60000000e+00  1.39844600e+01  5.60000000e+00  1.19616075e+01 
 5.65000000e+00  1.28679864e+01  5.65000000e+00  3.89240238e+00  5.65000000e+00  4.36778584e+00  5.65000000e+00  1.39795905e+01  5.65000000e+00  1.19567384e+01 
 5.70000000e+00  1.28634068e+01  5.70000000e+00  3.85102226e+00  5.70000000e+00  4.34106956e+00  5.70000000e+00  1.39749800e+01  5.70000000e+00  1.19521282e+01 
 5.75000000e+00  1.28591202e+01  5.75000000e+00  3.80903939e+00  5.75000000e+00  4.31392920e+00  5.75000000e+00  1.39706644e+01  5.75000000e+00  1.19478130e+01 
 5.80000000e+00  1.28551687e+01  5.80000000e+00  3.76638739e+00  5.80000000e+00  4.28649491e+00  5.80000000e+00  1.39666863e+01  5.80000000e+00  1.19438351e+01 
 5.85000000e+00  1.28516030e+01  5.85000000e+00  3.72298439e+00  5.85000000e+00  4.25902785e+00  5.85000000e+00  1.39630965e+01  5.85000000e+00  1.19402456e+01 
 5.90000000e+00  1.28484857e+01  5.90000000e+00  3.67872750e+00  5.90000000e+00  4.23206431e+00  5.90000000e+00  1.39599581e+01  5.90000000e+00  1.19371074e+01 
 5.95000000e+00  1.28458973e+01  5.95000000e+00  3.63348460e+00  5.95000000e+00  4.20678483e+00  5.95000000e+00  1.39573524e+01  5.95000000e+00  1.19345018e+01 
 6.00000000e+00  1.28439473e+01  6.00000000e+00  3.58707951e+00  6.00000000e+00  4.18728159e+00  6.00000000e+00  1.39553892e+01  6.00000000e+00  1.19325387e+01 
 6.05000000e+00  1.28427841e+01  6.05000000e+00  3.53927748e+00  6.05000000e+00  4.18691793e+00  6.05000000e+00  1.39542183e+01  6.05000000e+00  1.19313677e+01 
 6.10000000e+00  1.28425459e+01  6.10000000e+00  3.48985446e+00  6.10000000e+00  4.42219615e+00  6.10000000e+00  1.39539785e+01  6.10000000e+00  1.19311278e+01 
 6.15000000e+00  1.28425430e+01  6.15000000e+00  3.44001050e+00  6.15000000e+00  4.37346312e+00  6.15000000e+00  1.39539757e+01  6.15000000e+00  1.19311249e+01 
 6.20000000e+00  1.28425402e+01  6.20000000e+00  3.39016659e+00  6.20000000e+00  4.32818772e+00  6.20000000e+00  1.39539729e+01  6.20000000e+00  1.19311219e+01 
 6.25000000e+00  1.28425374e+01  6.25000000e+00  3.34032272e+00  6.25000000e+00  4.27821872e+00  6.25000000e+00  1.39539701e+01  6.25000000e+00  1.19311190e+01 
 6.30000000e+00  1.28425345e+01  6.30000000e+00  3.29047891e+00  6.30000000e+00  4.22874777e+00  6.30000000e+00  1.39539673e+01  6.30000000e+00  1.19311160e+01 
 6.35000000e+00  1.28425317e+01  6.35000000e+00  3.24063514e+00  6.35000000e+00  4.17891307e+00  6.35000000e+00  1.39539645e+01  6.35000000e+00  1.19311131e+01 
 6.40000000e+00  1.28425288e+01  6.40000000e+00  3.19079141e+00  6.40000000e+00  4.12907526e+00  6.40000000e+00  1.39539618e+01  6.40000000e+00  1.19311102e+01 
 6.45000000e+00  1.28425260e+01  6.45000000e+00  3.14094774e+00  6.45000000e+00  4.07923690e+00  6.45000000e+00  1.39539590e+01  6.45000000e+00  1.19311072e+01 
 6.50000000e+00  1.28425231e+01  6.50000000e+00  3.09110411e+00  6.50000000e+00  4.02940389e+00  6.50000000e+00  1.39539562e+01  6.50000000e+00  1.19311043e+01 
 6.55000000e+00  1.28425203e+01  6.55000000e+00  3.04126054e+00  6.55000000e+00  3.97955687e+00  6.55000000e+00  1.39539534e+01  6.55000000e+00  1.19311013e+01 
 6.60000000e+00  1.28425174e+01  6.60000000e+00  2.99141701e+00  6.60000000e+00  3.92972379e+00  6.60000000e+00  1.39539506e+01  6.60000000e+00  1.19310984e+01 
 6.65000000e+00  1.28425146e+01  6.65000000e+00  2.94157352e+00  6.65000000e+00  3.87988062e+00  6.65000000e+00  1.39539478e+01  6.65000000e+00  1.19310955e+01 
 6.70000000e+00  1.28425118e+01  6.70000000e+00  2.89173009e+00  6.70000000e+00  3.83003877e+00  6.70000000e+00  1.39539451e+01  6.70000000e+00  1.19310925e+01 
 6.75000000e+00  1.28425089e+01  6.75000000e+00  2.84188670e+00  6.75000000e+00  3.78020352e+00  6.75000000e+00  1.39539423e+01  6.75000000e+00  1.19310896e+01 
 6.80000000e+00  1.28425061e+01  6.80000000e+00  2.79204336e+00  6.80000000e+00  3.73036285e+00  6.80000000e+00  1.39539395e+01  6.80000000e+00  1.19310867e+01 
 6.85000000e+00  1.28425033e+01  6.85000000e+00  2.74220007e+00  6.85000000e+00  3.68052577e+00  6.85000000e+00  1.39539367e+01  6.85000000e+00  1.19310837e+01 
 6.90000000e+00  1.28425004e+01  6.90000000e+00  2.69235683e+00  6.90000000e+00  3.63068442e+00  6.90000000e+00  1.39539339e+01  6.90000000e+00  1.19310808e+01 
 6.95000000e+00  1.28424976e+01  6.95000000e+00  2.64251363e+00  6.95000000e+00  3.58084135e+00  6.95000000e+00  1.39539311e+01  6.95000000e+00  1.19310779e+01 
 7.00000000e+00  1.28424947e+01  7.00000000e+00  2.59267049e+00  7.00000000e+00  3.53101049e+00  7.00000000e+00  1.39539284e+01  7.00000000e+00  1.19310749e+01 
 7.05000000e+00  1.28424919e+01  7.05000000e+00  2.54282739e+00  7.05000000e+00  3.48116549e+00  7.05000000e+00  1.39539256e+01  7.05000000e+00  1.19310720e+01 
 7.10000000e+00  1.28424891e+01  7.10000000e+00  2.49298434e+00  7.10000000e+00  3.43132448e+00  7.10000000e+00  1.39539228e+01  7.10000000e+00  1.19310691e+01 
 7.15000000e+00  1.28424862e+01  7.15000000e+00  2.44314133e+00  7.15000000e+00  3.38148757e+00  7.15000000e+00  1.39539200e+01  7.15000000e+00  1.19310661e+01 
 7.20000000e+00  1.28424834e+01  7.20000000e+00  2.39329838e+00  7.20000000e+00  3.33164752e+00  7.20000000e+00  1.39539173e+01  7.20000000e+00  1.19310632e+01 
 7.25000000e+00  1.28424806e+01  7.25000000e+00  2.34345547e+00  7.25000000e+00  3.28181167e+00  7.25000000e+00  1.39539145e+01  7.25000000e+00  1.19310603e+01 
 7.30000000e+00  1.28424777e+01  7.30000000e+00  2.29361261e+00  7.30000000e+00  3.23197652e+00  7.30000000e+00  1.39539117e+01  7.30000000e+00  1.19310574e+01 
 7.35000000e+00  1.28424749e+01  7.35000000e+00  2.24376980e+00  7.35000000e+00  3.18213612e+00  7.35000000e+00  1.39539089e+01  7.35000000e+00  1.19310544e+01 
 7.40000000e+00  1.28424721e+01  7.40000000e+00  2.19392704e+00  7.40000000e+00  3.13229902e+00  7.40000000e+00  1.39539062e+01  7.40000000e+00  1.19310515e+01 
 7.45000000e+00  1.28424692e+01  7.45000000e+00  2.14408433e+00  7.45000000e+00  3.08245477e+00  7.45000000e+00  1.39539034e+01  7.45000000e+00  1.19310486e+01 
 7.50000000e+00  1.28424664e+01  7.50000000e+00  2.09424166e+00  7.50000000e+00  3.03261877e+00  7.50000000e+00  1.39539006e+01  7.50000000e+00  1.19310456e+01 
 7.55000000e+00  1.28424636e+01  7.55000000e+00  2.04439905e+00  7.55000000e+00  2.98278151e+00  7.55000000e+00  1.39538978e+01  7.55000000e+00  1.19310427e+01 
 7.60000000e+00  1.28424608e+01  7.60000000e+00  1.99455648e+00  7.60000000e+00  2.93294534e+00  7.60000000e+00  1.39538951e+01  7.60000000e+00  1.19310398e+01 
 7.65000000e+00  1.28424579e+01  7.65000000e+00  1.94471396e+00  7.65000000e+00  2.88309889e+00  7.65000000e+00  1.39538923e+01  7.65000000e+00  1.19310369e+01 
 7.70000000e+00  1.28424551e+01  7.70000000e+00  1.89487149e+00  7.70000000e+00  2.83326552e+00  7.70000000e+00  1.39538895e+01  7.70000000e+00  1.19310340e+01 
 7.75000000e+00  1.28424523e+01  7.75000000e+00  1.84502906e+00  7.75000000e+00  2.78342573e+00  7.75000000e+00  1.39538868e+01  7.75000000e+00  1.19310310e+01 
 7.80000000e+00  1.28424494e+01  7.80000000e+00  1.79518669e+00  7.80000000e+00  2.73358783e+00  7.80000000e+00  1.39538840e+01  7.80000000e+00  1.19310281e+01 
 7.85000000e+00  1.28424466e+01  7.85000000e+00  1.74534436e+00  7.85000000e+00  2.68375212e+00  7.85000000e+00  1.39538812e+01  7.85000000e+00  1.19310252e+01 
 7.90000000e+00  1.28424438e+01  7.90000000e+00  1.69550208e+00  7.90000000e+00  2.63390873e+00  7.90000000e+00  1.39538784e+01  7.90000000e+00  1.19310223e+01 
 7.95000000e+00  1.28424410e+01  7.95000000e+00  1.64565985e+00  7.95000000e+00  2.58407336e+00  7.95000000e+00  1.39538757e+01  7.95000000e+00  1.19310193e+01 
 8.00000000e+00  1.28424382e+01  8.00000000e+00  1.59591935e+00  8.00000000e+00  2.53433750e+00  8.00000000e+00  1.39538729e+01  8.00000000e+00  1.19310164e+01 
 8.05000000e+00  1.28424354e+01  8.05000000e+00  1.54754534e+00  8.05000000e+00  2.48597002e+00  8.05000000e+00  1.39538702e+01  8.05000000e+00  1.19310136e+01 
 8.10000000e+00  1.28424328e+01  8.10000000e+00  1.50090962e+00  8.10000000e+00  2.43933376e+00  8.10000000e+00  1.39538676e+01  8.10000000e+00  1.19310109e+01 
 8.15000000e+00  1.28424302e+01  8.15000000e+00  1.45599984e+00  8.15000000e+00  2.39442812e+00  8.15000000e+00  1.39538652e+01  8.15000000e+00  1.19310082e+01 
 8.20000000e+00  1.28424278e+01  8.20000000e+00  1.41279821e+00  8.20000000e+00  2.35122399e+00  8.20000000e+00  1.39538628e+01  8.20000000e+00  1.19310057e+01 
 8.25000000e+00  1.28424255e+01  8.25000000e+00  1.37128082e+00  8.25000000e+00  2.30971706e+00  8.25000000e+00  1.39538605e+01  8.25000000e+00  1.19310033e+01 
 8.30000000e+00  1.28424232e+01  8.30000000e+00  1.33141752e+00  8.30000000e+00  2.26985351e+00  8.30000000e+00  1.39538583e+01  8.30000000e+00  1.19310010e+01 
 8.35000000e+00  1.28424211e+01  8.35000000e+00  1.29317619e+00  8.35000000e+00  2.23161654e+00  8.35000000e+00  1.39538562e+01  8.35000000e+00  1.19309988e+01 
 8.40000000e+00  1.28424191e+01  8.40000000e+00  1.25651754e+00  8.40000000e+00  2.19496545e+00  8.40000000e+00  1.39538543e+01  8.40000000e+00  1.19309967e+01 
 8.45000000e+00  1.28424173e+01  8.45000000e+00  1.22139951e+00  8.45000000e+00  2.15985096e+00  8.45000000e+00  1.39538525e+01  8.45000000e+00  1.19309948e+01 
 8.50000000e+00  1.28424157e+01  8.50000000e+00  1.18777686e+00  8.50000000e+00  2.12623047e+00  8.50000000e+00  1.39538509e+01  8.50000000e+00  1.19309932e+01 
 8.55000000e+00  1.28424145e+01  8.55000000e+00  1.15560174e+00  8.55000000e+00  2.09405261e+00  8.55000000e+00  1.39538498e+01  8.55000000e+00  1.19309920e+01 
 8.60000000e+00  1.28424142e+01  8.60000000e+00  1.12482403e+00  8.60000000e+00  2.06328246e+00  8.60000000e+00  1.39538495e+01  8.60000000e+00  1.19309916e+01 
 8.65000000e+00  1.28424158e+01  8.65000000e+00  1.09539145e+00  8.65000000e+00  2.03384804e+00  8.65000000e+00  1.39538512e+01  8.65000000e+00  1.19309932e+01 
 8.70000000e+00  1.28424223e+01  8.70000000e+00  1.06724876e+00  8.70000000e+00  2.00570696e+00  8.70000000e+00  1.39538577e+01  8.70000000e+00  1.19309996e+01 
 8.75000000e+00  1.28424409e+01  8.75000000e+00  1.04033460e+00  8.75000000e+00  1.97878990e+00  8.75000000e+00  1.39538765e+01  8.75000000e+00  1.19310184e+01 
 8.80000000e+00  1.28424921e+01  8.80000000e+00  1.01457203e+00  8.80000000e+00  1.95302508e+00  8.80000000e+00  1.39539281e+01  8.80000000e+00  1.19310698e+01 
 8.85000000e+00  1.28426318e+01  8.85000000e+00  9.89838289e-01  8.85000000e+00  1.92828082e+00  8.85000000e+00  1.39540688e+01  8.85000000e+00  1.19312105e+01 
 8.90000000e+00  1.28430073e+01  8.90000000e+00  9.65896357e-01  8.90000000e+00  1.90430643e+00  8.90000000e+00  1.39544469e+01  8.90000000e+00  1.19315884e+01 
 8.95000000e+00  1.28439472e+01  8.95000000e+00  9.42273579e-01  8.95000000e+00  1.88059010e+00  8.95000000e+00  1.39553932e+01  8.95000000e+00  1.19325346e+01 
 9.00000000e+00  1.28459558e+01  9.00000000e+00  9.18255263e-01  9.00000000e+00  1.85636923e+00  9.00000000e+00  1.39574154e+01  9.00000000e+00  1.19345565e+01 
 9.05000000e+00  1.28493772e+01  9.05000000e+00  8.93295338e-01  9.05000000e+00  1.83107374e+00  9.05000000e+00  1.39608600e+01  9.05000000e+00  1.19380006e+01 
 9.10000000e+00  1.28541412e+01  9.10000000e+00  8.67362439e-01  9.10000000e+00  1.80465401e+00  9.10000000e+00  1.39656562e+01  9.10000000e+00  1.19427963e+01 
 9.15000000e+00  1.28599514e+01  9.15000000e+00  8.40730754e-01  9.15000000e+00  1.77742052e+00  9.15000000e+00  1.39715057e+01  9.15000000e+00  1.19486452e+01 
 9.20000000e+00  1.28665246e+01  9.20000000e+00  8.13684466e-01  9.20000000e+00  1.74967340e+00  9.20000000e+00  1.39781235e+01  9.20000000e+00  1.19552622e+01 
 9.25000000e+00  1.28736563e+01  9.25000000e+00  7.86428432e-01  9.25000000e+00  1.72164164e+00  9.25000000e+00  1.39853035e+01  9.25000000e+00  1.19624413e+01 
 9.30000000e+00  1.28812019e+01  9.30000000e+00  7.59104732e-01  9.30000000e+00  1.69346117e+00  9.30000000e+00  1.39929001e+01  9.30000000e+00  1.19700371e+01 
 9.35000000e+00  1.28890778e+01  9.35000000e+00  7.31782512e-01  9.35000000e+00  1.66522021e+00  9.35000000e+00  1.40008294e+01  9.35000000e+00  1.19779655e+01 
 9.40000000e+00  1.28972074e+01  9.40000000e+00  7.04530407e-01  9.40000000e+00  1.63698309e+00  9.40000000e+00  1.40090140e+01  9.40000000e+00  1.19861492e+01 
 9.45000000e+00  1.29055384e+01  9.45000000e+00  6.77387556e-01  9.45000000e+00  1.60878253e+00  9.45000000e+00  1.40174014e+01  9.45000000e+00  1.19945356e+01 
 9.50000000e+00  1.29140299e+01  9.50000000e+00  6.50380051e-01  9.50000000e+00  1.58064958e+00  9.50000000e+00  1.40259504e+01  9.50000000e+00  1.20030837e+01 
 9.55000000e+00  1.29226474e+01  9.55000000e+00  6.23526749e-01  9.55000000e+00  1.55259877e+00  9.55000000e+00  1.40346262e+01  9.55000000e+00  1.20117585e+01 
 9.60000000e+00  1.29313599e+01  9.60000000e+00  5.96841601e-01  9.60000000e+00  1.52463645e+00  9.60000000e+00  1.40433978e+01  9.60000000e+00  1.20205291e+01 
 9.65000000e+00  1.29401386e+01  9.65000000e+00  5.70335351e-01  9.65000000e+00  1.49677457e+00  9.65000000e+00  1.40522359e+01  9.65000000e+00  1.20293662e+01 
 9.70000000e+00  1.29489547e+01  9.70000000e+00  5.44016741e-01  9.70000000e+00  1.46900427e+00  9.70000000e+00  1.40611118e+01  9.70000000e+00  1.20382411e+01 
 9.75000000e+00  1.29577786e+01  9.75000000e+00  5.17893420e-01  9.75000000e+00  1.44133205e+00  9.75000000e+00  1.40699954e+01  9.75000000e+00  1.20471237e+01 
 9.80000000e+00  1.29665781e+01  9.80000000e+00  4.91972686e-01  9.80000000e+00  1.41374174e+00  9.80000000e+00  1.40788545e+01  9.80000000e+00  1.20559818e+01 
 9.85000000e+00  1.29753170e+01  9.85000000e+00  4.66262206e-01  9.85000000e+00  1.38624441e+00  9.85000000e+00  1.40876525e+01  9.85000000e+00  1.20647789e+01 
 9.90000000e+00  1.29839530e+01  9.90000000e+00  4.40770885e-01  9.90000000e+00  1.35881398e+00  9.90000000e+00  1.40963470e+01  9.90000000e+00  1.20734724e+01 
 9.95000000e+00  1.29924355e+01  9.95000000e+00  4.15510213e-01  9.95000000e+00  1.33145972e+00  9.95000000e+00  1.41048870e+01  9.95000000e+00  1.20820115e+01 
 1.00000000e+01  1.30007023e+01  1.00000000e+01  3.90496767e-01  1.00000000e+01  1.30414729e+00  1.00000000e+01  1.41132098e+01  1.00000000e+01  1.20903333e+01 
 1.00500000e+01  1.30086747e+01  1.00500000e+01  3.65757450e-01  1.00500000e+01  1.27688287e+00  1.00500000e+01  1.41212362e+01  1.00500000e+01  1.20983588e+01 
 1.01000000e+01  1.30162512e+01  1.01000000e+01  3.41340919e-01  1.01000000e+01  1.24966411e+00  1.01000000e+01  1.41288640e+01  1.01000000e+01  1.21059857e+01 
 1.01500000e+01  1.30232956e+01  1.01500000e+01  3.17342390e-01  1.01500000e+01  1.22251950e+00  1.01500000e+01  1.41359562e+01  1.01500000e+01  1.21130771e+01 
 1.02000000e+01  1.30296124e+01  1.02000000e+01  2.93953642e-01  1.02000000e+01  1.19551561e+00  1.02000000e+01  1.41423158e+01  1.02000000e+01  1.21194360e+01 
 1.02500000e+01  1.30348758e+01  1.02500000e+01  2.71544978e-01  1.02500000e+01  1.16884281e+00  1.02500000e+01  1.41476148e+01  1.02500000e+01  1.21247344e+01 
 1.03000000e+01  1.30384176e+01  1.03000000e+01  2.50734654e-01  1.03000000e+01  1.14276970e+00  1.03000000e+01  1.41511807e+01  1.03000000e+01  1.21282998e+01 
 1.03500000e+01  1.30384675e+01  1.03500000e+01  2.32350795e-01  1.03500000e+01  1.11745358e+00  1.03500000e+01  1.41512310e+01  1.03500000e+01  1.21283500e+01 
 1.04000000e+01  1.30305287e+01  1.04000000e+01  2.17004545e-01  1.04000000e+01  1.09247678e+00  1.04000000e+01  1.41432384e+01  1.04000000e+01  1.21203582e+01 
 1.04500000e+01  1.29976616e+01  1.04500000e+01  2.05088868e-01  1.04500000e+01  1.06614169e+00  1.04500000e+01  1.41101489e+01  1.04500000e+01  1.20872718e+01 
 1.05000000e+01  1.28246627e+01  1.05000000e+01  1.97038852e-01  1.05000000e+01  1.03490420e+00  1.05000000e+01  1.39359797e+01  1.05000000e+01  1.19131200e+01 
 1.05500000e+01 -1.41776829e+01  1.05500000e+01  6.73207301e-02  1.05500000e+01  1.80035616e-01  1.05500000e+01 -1.48540832e+01  1.05500000e+01 -1.48540843e+01 
 1.06000000e+01 -1.41899906e+01  1.06000000e+01  6.73249900e-02  1.06000000e+01  1.32085036e-01  1.06000000e+01 -1.48665984e+01  1.06000000e+01 -1.48665991e+01 
 1.06500000e+01 -1.41776831e+01  1.06500000e+01  6.73231785e-02  1.06500000e+01  8.19936835e-02  1.06500000e+01 -1.48540837e+01  1.06500000e+01 -1.48540844e+01 
 1.07000000e+01 -1.41916077e+01  1.07000000e+01  6.73278477e-02  1.07000000e+01  3.21067630e-02  1.07000000e+01 -1.48682427e+01  1.07000000e+01 -1.48682434e+01 
 1.07500000e+01 -1.41916076e+01  1.07500000e+01  6.73290805e-02  1.07500000e+01 -1.78882593e-02  1.07500000e+01 -1.48682426e+01  1.07500000e+01 -1.48682433e+01 
 1.08000000e+01 -1.41776826e+01  1.08000000e+01  6.73268905e-02  1.08000000e+01 -6.79026707e-02  1.08000000e+01 -1.48540832e+01  1.08000000e+01 -1.48540840e+01 
 1.08500000e+01 -1.41776826e+01  1.08500000e+01  6.73281156e-02  1.08500000e+01 -1.17891057e-01  1.08500000e+01 -1.48540833e+01  1.08500000e+01 -1.48540840e+01 
 1.09000000e+01 -1.41916074e+01  1.09000000e+01  6.73327777e-02  1.09000000e+01 -1.67865923e-01  1.09000000e+01 -1.48682423e+01  1.09000000e+01 -1.48682430e+01 
 1.09500000e+01 -1.41776827e+01  1.09500000e+01  6.73305680e-02  1.09500000e+01 -2.17876379e-01  1.09500000e+01 -1.48540833e+01  1.09500000e+01 -1.48540840e+01 
 1.10000000e+01 -1.41776824e+01  1.10000000e+01  6.73318116e-02  1.10000000e+01 -2.67869856e-01  1.10000000e+01 -1.48540831e+01  1.10000000e+01 -1.48540838e+01 
 1.10500000e+01 -1.41916072e+01  1.10500000e+01  6.73364730e-02  1.10500000e+01 -3.17847896e-01  1.10500000e+01 -1.48682422e+01  1.10500000e+01 -1.48682429e+01 
 1.11000000e+01 -1.41776825e+01  1.11000000e+01  6.73342627e-02  1.11000000e+01 -3.67852408e-01  1.11000000e+01 -1.48540831e+01  1.11000000e+01 -1.48540838e+01 
 1.11500000e+01 -1.41776822e+01  1.11500000e+01  6.73355056e-02  1.11500000e+01 -4.17846036e-01  1.11500000e+01 -1.48540828e+01  1.11500000e+01 -1.48540836e+01 
 1.12000000e+01 -1.41916070e+01  1.12000000e+01  6.73401664e-02  1.12000000e+01 -4.67823679e-01  1.12000000e+01 -1.48682419e+01  1.12000000e+01 -1.48682427e+01 
 1.12500000e+01 -1.41776823e+01  1.12500000e+01  6.73379554e-02  1.12500000e+01 -5.17835532e-01  1.12500000e+01 -1.48540828e+01  1.12500000e+01 -1.48540836e+01 
 1.13000000e+01 -1.41776820e+01  1.13000000e+01  6.73391977e-02  1.13000000e+01 -5.67826369e-01  1.13000000e+01 -1.48540826e+01  1.13000000e+01 -1.48540833e+01 
 1.13500000e+01 -1.41916068e+01  1.13500000e+01  6.73438579e-02  1.13500000e+01 -6.17804928e-01  1.13500000e+01 -1.48682417e+01  1.13500000e+01 -1.48682424e+01 
 1.14000000e+01 -1.41776821e+01  1.14000000e+01  6.73416463e-02  1.14000000e+01 -6.67817331e-01  1.14000000e+01 -1.48540826e+01  1.14000000e+01 -1.48540834e+01 
 1.14500000e+01 -1.41776818e+01  1.14500000e+01  6.73428879e-02  1.14500000e+01 -7.17805924e-01  1.14500000e+01 -1.48540824e+01  1.14500000e+01 -1.48540831e+01 
 1.15000000e+01 -1.41916065e+01  1.15000000e+01  6.73475475e-02  1.15000000e+01 -7.67780954e-01  1.15000000e+01 -1.48682415e+01  1.15000000e+01 -1.48682422e+01 
 1.15500000e+01 -1.41776819e+01  1.15500000e+01  6.73453352e-02  1.15500000e+01 -8.17792597e-01  1.15500000e+01 -1.48540824e+01  1.15500000e+01 -1.48540831e+01 
 1.16000000e+01 -1.41776816e+01  1.16000000e+01  6.73465762e-02  1.16000000e+01 -8.67782871e-01  1.16000000e+01 -1.48540822e+01  1.16000000e+01 -1.48540829e+01 
 1.16500000e+01 -1.41916063e+01  1.16500000e+01  6.73512351e-02  1.16500000e+01 -9.17760703e-01  1.16500000e+01 -1.48682413e+01  1.16500000e+01 -1.48682420e+01 
 1.17000000e+01 -1.41776817e+01  1.17000000e+01  6.73490222e-02  1.17000000e+01 -9.67771741e-01  1.17000000e+01 -1.48540822e+01  1.17000000e+01 -1.48540829e+01 
 1.17500000e+01 -1.41776813e+01  1.17500000e+01  6.73502626e-02  1.17500000e+01 -1.01776236e+00  1.17500000e+01 -1.48540819e+01  1.17500000e+01 -1.48540827e+01 
 1.18000000e+01 -1.41916061e+01  1.18000000e+01  6.73549208e-02  1.18000000e+01 -1.06773665e+00  1.18000000e+01 -1.48682410e+01  1.18000000e+01 -1.48682418e+01 
 1.18500000e+01 -1.41776814e+01  1.18500000e+01  6.73527074e-02  1.18500000e+01 -1.11775058e+00  1.18500000e+01 -1.48540820e+01  1.18500000e+01 -1.48540827e+01 
 1.19000000e+01 -1.41776811e+01  1.19000000e+01  6.73539471e-02  1.19000000e+01 -1.16773939e+00  1.19000000e+01 -1.48540817e+01  1.19000000e+01 -1.48540824e+01 
 1.19500000e+01 -1.41916059e+01  1.19500000e+01  6.73586047e-02  1.19500000e+01 -1.21772225e+00  1.19500000e+01 -1.48682408e+01  1.19500000e+01 -1.48682415e+01 
 1.20000000e+01 -1.41776812e+01  1.20000000e+01  6.73563906e-02  1.20000000e+01 -1.26772923e+00  1.20000000e+01 -1.48540817e+01  1.20000000e+01 -1.48540825e+01 
 1.20500000e+01 -1.41776809e+01  1.20500000e+01  6.73576297e-02  1.20500000e+01 -1.31771920e+00  1.20500000e+01 -1.48540815e+01  1.20500000e+01 -1.48540822e+01 
 1.21000000e+01 -1.41916057e+01  1.21000000e+01  6.73622866e-02  1.21000000e+01 -1.36769609e+00  1.21000000e+01 -1.48682406e+01  1.21000000e+01 -1.48682413e+01 
 1.21500000e+01 -1.41776810e+01  1.21500000e+01  6.73600719e-02  1.21500000e+01 -1.41770478e+00  1.21500000e+01 -1.48540815e+01  1.21500000e+01 -1.48540822e+01 
 1.22000000e+01 -1.41776807e+01  1.22000000e+01  6.73613104e-02  1.22000000e+01 -1.46769910e+00  1.22000000e+01 -1.48540813e+01  1.22000000e+01 -1.48540820e+01 
 1.22500000e+01 -1.41916054e+01  1.22500000e+01  6.73659666e-02  1.22500000e+01 -1.51767598e+00  1.22500000e+01 -1.48682404e+01  1.22500000e+01 -1.48682411e+01 
 1.23000000e+01 -1.41776808e+01  1.23000000e+01  6.73637513e-02  1.23000000e+01 -1.56768770e+00  1.23000000e+01 -1.48540813e+01  1.23000000e+01 -1.48540820e+01 
 1.23500000e+01 -1.41776805e+01  1.23500000e+01  6.73649891e-02  1.23500000e+01 -1.61767662e+00  1.23500000e+01 -1.48540811e+01  1.23500000e+01 -1.48540818e+01 
 1.24000000e+01 -1.41916052e+01  1.24000000e+01  6.73696447e-02  1.24000000e+01 -1.66765387e+00  1.24000000e+01 -1.48682402e+01  1.24000000e+01 -1.48682409e+01 
 1.24500000e+01 -1.41776806e+01  1.24500000e+01  6.73674288e-02  1.24500000e+01 -1.71766651e+00  1.24500000e+01 -1.48540811e+01  1.24500000e+01 -1.48540818e+01 
 1.25000000e+01 -1.41776802e+01  1.25000000e+01  6.73686660e-02  1.25000000e+01 -1.76765675e+00  1.25000000e+01 -1.48540808e+01  1.25000000e+01 -1.48540816e+01 
 1.25500000e+01 -1.41916050e+01  1.25500000e+01  6.73733210e-02  1.25500000e+01 -1.81763506e+00  1.25500000e+01 -1.48682399e+01  1.25500000e+01 -1.48682407e+01 
 1.26000000e+01 -1.41776804e+01  1.26000000e+01  6.73711044e-02  1.26000000e+01 -1.86764500e+00  1.26000000e+01 -1.48540809e+01  1.26000000e+01 -1.48540816e+01 
 1.26500000e+01 -1.41776800e+01  1.26500000e+01  6.73723410e-02  1.26500000e+01 -1.91763896e+00  1.26500000e+01 -1.48540806e+01  1.26500000e+01 -1.48540813e+01 
 1.27000000e+01 -1.41916048e+01  1.27000000e+01  6.73769953e-02  1.27000000e+01 -1.96761112e+00  1.27000000e+01 -1.48682397e+01  1.27000000e+01 -1.48682404e+01 
 1.27500000e+01 -1.41776801e+01  1.27500000e+01  6.73747781e-02  1.27500000e+01 -2.01762340e+00  1.27500000e+01 -1.48540806e+01  1.27500000e+01 -1.48540814e+01 
 1.28000000e+01 -1.41776798e+01  1.28000000e+01  6.73760140e-02  1.28000000e+01 -2.06761525e+00  1.28000000e+01 -1.48540804e+01  1.28000000e+01 -1.48540811e+01 
 1.28500000e+01 -1.41916046e+01  1.28500000e+01  6.73806677e-02  1.28500000e+01 -2.11758717e+00  1.28500000e+01 -1.48682395e+01  1.28500000e+01 -1.48682402e+01 
 1.29000000e+01 -1.41776799e+01  1.29000000e+01  6.73784499e-02  1.29000000e+01 -2.16760250e+00  1.29000000e+01 -1.48540804e+01  1.29000000e+01 -1.48540811e+01 
 1.29500000e+01 -1.41776796e+01  1.29500000e+01  6.73796852e-02  1.29500000e+01 -2.21758934e+00  1.29500000e+01 -1.48540802e+01  1.29500000e+01 -1.48540809e+01 
 1.30000000e+01 -1.41916044e+01  1.30000000e+01  6.73843383e-02  1.30000000e+01 -2.26757001e+00  1.30000000e+01 -1.48682393e+01  1.30000000e+01 -1.48682400e+01 
 1.30500000e+01 -1.41776797e+01  1.30500000e+01  6.73821198e-02  1.30500000e+01 -2.31757977e+00  1.30500000e+01 -1.48540802e+01  1.30500000e+01 -1.48540809e+01 
 1.31000000e+01 -1.41776794e+01  1.31000000e+01  6.73833545e-02  1.31000000e+01 -2.36756933e+00  1.31000000e+01 -1.48540800e+01  1.31000000e+01 -1.48540807e+01 
 1.31500000e+01 -1.41916041e+01  1.31500000e+01  6.73880069e-02  1.31500000e+01 -2.41754450e+00  1.31500000e+01 -1.48682391e+01  1.31500000e+01 -1.48682398e+01 
 1.32000000e+01 -1.41776795e+01  1.32000000e+01  6.73857879e-02  1.32000000e+01 -2.46755831e+00  1.32000000e+01 -1.48540800e+01  1.32000000e+01 -1.48540807e+01 
 1.32500000e+01 -1.41776792e+01  1.32500000e+01  6.73870219e-02  1.32500000e+01 -2.51754809e+00  1.32500000e+01 -1.48540797e+01  1.32500000e+01 -1.48540805e+01 
 1.33000000e+01 -1.41916039e+01  1.33000000e+01  6.73916737e-02  1.33000000e+01 -2.56752823e+00  1.33000000e+01 -1.48682388e+01  1.33000000e+01 -1.48682396e+01 
 1.33500000e+01 -1.41776793e+01  1.33500000e+01  6.73894540e-02  1.33500000e+01 -2.61753503e+00  1.33500000e+01 -1.48540798e+01  1.33500000e+01 -1.48540805e+01 
 1.34000000e+01 -1.41776790e+01  1.34000000e+01  6.73906874e-02  1.34000000e+01 -2.66753250e+00  1.34000000e+01 -1.48540795e+01  1.34000000e+01 -1.48540802e+01 
 1.34500000e+01 -1.41916037e+01  1.34500000e+01  6.73953385e-02  1.34500000e+01 -2.71750381e+00  1.34500000e+01 -1.48682386e+01  1.34500000e+01 -1.48682393e+01 
 1.35000000e+01 -1.41776791e+01  1.35000000e+01  6.73931182e-02  1.35000000e+01 -2.76751536e+00  1.35000000e+01 -1.48540795e+01  1.35000000e+01 -1.48540803e+01 
 1.35500000e+01 -1.41776787e+01  1.35500000e+01  6.73943511e-02  1.35500000e+01 -2.81751029e+00  1.35500000e+01 -1.48540793e+01  1.35500000e+01 -1.48540800e+01 
 1.36000000e+01 -1.41916035e+01  1.36000000e+01  6.73990015e-02  1.36000000e+01 -2.86747920e+00  1.36000000e+01 -1.48682384e+01  1.36000000e+01 -1.48682391e+01 
 1.36500000e+01 -1.41776788e+01  1.36500000e+01  6.73967806e-02  1.36500000e+01 -2.91749263e+00  1.36500000e+01 -1.48540793e+01  1.36500000e+01 -1.48540801e+01 
 1.37000000e+01 -1.41776785e+01  1.37000000e+01  6.73980128e-02  1.37000000e+01 -2.96748836e+00  1.37000000e+01 -1.48540791e+01  1.37000000e+01 -1.48540798e+01 
 1.37500000e+01 -1.41916033e+01  1.37500000e+01  6.74026626e-02  1.37500000e+01 -3.01746425e+00  1.37500000e+01 -1.48682382e+01  1.37500000e+01 -1.48682389e+01 
 1.38000000e+01 -1.41776786e+01  1.38000000e+01  6.74004411e-02  1.38000000e+01 -3.06747330e+00  1.38000000e+01 -1.48540791e+01  1.38000000e+01 -1.48540798e+01 
 1.38500000e+01 -1.41776783e+01  1.38500000e+01  6.74016727e-02  1.38500000e+01 -3.11746508e+00  1.38500000e+01 -1.48540789e+01  1.38500000e+01 -1.48540796e+01 
 1.39000000e+01 -1.41916031e+01  1.39000000e+01  6.74063219e-02  1.39000000e+01 -3.16743892e+00  1.39000000e+01 -1.48682380e+01  1.39000000e+01 -1.48682387e+01 
 1.39500000e+01 -1.41776784e+01  1.39500000e+01  6.74040997e-02  1.39500000e+01 -3.21745150e+00  1.39500000e+01 -1.48540789e+01  1.39500000e+01 -1.48540796e+01 
 1.40000000e+01 -1.41776781e+01  1.40000000e+01  6.74053306e-02  1.40000000e+01 -3.26744180e+00  1.40000000e+01 -1.48540786e+01  1.40000000e+01 -1.48540794e+01 
