 2.00000000e+01  1.17797081e-08  2.00000000e+01  1.18222005e-08 
 2.04658598e+01  1.17525867e-08  2.04658598e+01  1.17948205e-08 
 2.09425710e+01  1.17260464e-08  2.09425710e+01  1.17680317e-08 
 2.14303861e+01  1.17000756e-08  2.14303861e+01  1.17418220e-08 
 2.19295639e+01  1.16746626e-08  2.19295639e+01  1.17161792e-08 
 2.24403691e+01  1.16497961e-08  2.24403691e+01  1.16910918e-08 
 2.29630724e+01  1.16254650e-08  2.29630724e+01  1.16665480e-08 
 2.34979511e+01  1.16016582e-08  2.34979511e+01  1.16425367e-08 
 2.40452887e+01  1.15783650e-08  2.40452887e+01  1.16190467e-08 
 2.46053754e+01  1.15555749e-08  2.46053754e+01  1.15960672e-08 
 2.51785082e+01  1.15332775e-08  2.51785082e+01  1.15735874e-08 
 2.57649910e+01  1.15114627e-08  2.57649910e+01  1.15515970e-08 
 2.63651348e+01  1.14901205e-08  2.63651348e+01  1.15300856e-08 
 2.69792577e+01  1.14692411e-08  2.69792577e+01  1.15090433e-08 
 2.76076853e+01  1.14488149e-08  2.76076853e+01  1.14884601e-08 
 2.82507509e+01  1.14288324e-08  2.82507509e+01  1.14683264e-08 
 2.89087954e+01  1.14092846e-08  2.89087954e+01  1.14486328e-08 
 2.95821678e+01  1.13901622e-08  2.95821678e+01  1.14293699e-08 
 3.02712250e+01  1.13714565e-08  3.02712250e+01  1.14105286e-08 
 3.09763324e+01  1.13531587e-08  3.09763324e+01  1.13921001e-08 
 3.16978638e+01  1.13352602e-08  3.16978638e+01  1.13740755e-08 
 3.24362019e+01  1.13177527e-08  3.24362019e+01  1.13564464e-08 
 3.31917381e+01  1.13006279e-08  3.31917381e+01  1.13392042e-08 
 3.39648730e+01  1.12838778e-08  3.39648730e+01  1.13223409e-08 
 3.47560166e+01  1.12674945e-08  3.47560166e+01  1.13058483e-08 
 3.55655882e+01  1.12514703e-08  3.55655882e+01  1.12897185e-08 
 3.63940172e+01  1.12357975e-08  3.63940172e+01  1.12739438e-08 
 3.72417427e+01  1.12204687e-08  3.72417427e+01  1.12585165e-08 
 3.81092144e+01  1.12054766e-08  3.81092144e+01  1.12434294e-08 
 3.89968920e+01  1.11908141e-08  3.89968920e+01  1.12286750e-08 
 3.99052463e+01  1.11764741e-08  3.99052463e+01  1.12142462e-08 
 4.08347589e+01  1.11624497e-08  4.08347589e+01  1.12001361e-08 
 4.17859226e+01  1.11487344e-08  4.17859226e+01  1.11863378e-08 
 4.27592418e+01  1.11353213e-08  4.27592418e+01  1.11728446e-08 
 4.37552325e+01  1.11222041e-08  4.37552325e+01  1.11596499e-08 
 4.47744228e+01  1.11093765e-08  4.47744228e+01  1.11467472e-08 
 4.58173531e+01  1.10968322e-08  4.58173531e+01  1.11341304e-08 
 4.68845763e+01  1.10845651e-08  4.68845763e+01  1.11217932e-08 
 4.79766584e+01  1.10725693e-08  4.79766584e+01  1.11097295e-08 
 4.90941783e+01  1.10608390e-08  4.90941783e+01  1.10979335e-08 
 5.02377286e+01  1.10493684e-08  5.02377286e+01  1.10863993e-08 
 5.14079157e+01  1.10381519e-08  5.14079157e+01  1.10751212e-08 
 5.26053598e+01  1.10271840e-08  5.26053598e+01  1.10640938e-08 
 5.38306961e+01  1.10164595e-08  5.38306961e+01  1.10533115e-08 
 5.50845741e+01  1.10059729e-08  5.50845741e+01  1.10427690e-08 
 5.63676586e+01  1.09957191e-08  5.63676586e+01  1.10324611e-08 
 5.76806301e+01  1.09856932e-08  5.76806301e+01  1.10223827e-08 
 5.90241845e+01  1.09758901e-08  5.90241845e+01  1.10125288e-08 
 6.03990344e+01  1.09663050e-08  6.03990344e+01  1.10028944e-08 
 6.18059087e+01  1.09569332e-08  6.18059087e+01  1.09934749e-08 
 6.32455532e+01  1.09477699e-08  6.32455532e+01  1.09842654e-08 
 6.47187314e+01  1.09388108e-08  6.47187314e+01  1.09752614e-08 
 6.62262243e+01  1.09300513e-08  6.62262243e+01  1.09664584e-08 
 6.77688312e+01  1.09214871e-08  6.77688312e+01  1.09578520e-08 
 6.93473701e+01  1.09131138e-08  6.93473701e+01  1.09494378e-08 
 7.09626778e+01  1.09049274e-08  7.09626778e+01  1.09412117e-08 
 7.26156110e+01  1.08969237e-08  7.26156110e+01  1.09331695e-08 
 7.43070458e+01  1.08890987e-08  7.43070458e+01  1.09253072e-08 
 7.60378793e+01  1.08814486e-08  7.60378793e+01  1.09176208e-08 
 7.78090290e+01  1.08739694e-08  7.78090290e+01  1.09101064e-08 
 7.96214341e+01  1.08666574e-08  7.96214341e+01  1.09027603e-08 
 8.14760556e+01  1.08595090e-08  8.14760556e+01  1.08955788e-08 
 8.33738767e+01  1.08525205e-08  8.33738767e+01  1.08885581e-08 
 8.53159038e+01  1.08456885e-08  8.53159038e+01  1.08816948e-08 
 8.73031664e+01  1.08390094e-08  8.73031664e+01  1.08749854e-08 
 8.93367184e+01  1.08324800e-08  8.93367184e+01  1.08684265e-08 
 9.14176379e+01  1.08260968e-08  9.14176379e+01  1.08620147e-08 
 9.35470283e+01  1.08198568e-08  9.35470283e+01  1.08557468e-08 
 9.57260185e+01  1.08137566e-08  9.57260185e+01  1.08496197e-08 
 9.79557639e+01  1.08077933e-08  9.79557639e+01  1.08436301e-08 
 1.00237447e+02  1.08019638e-08  1.00237447e+02  1.08377751e-08 
 1.02572277e+02  1.07962651e-08  1.02572277e+02  1.08320516e-08 
 1.04961492e+02  1.07906944e-08  1.04961492e+02  1.08264568e-08 
 1.07406359e+02  1.07852488e-08  1.07406359e+02  1.08209878e-08 
 1.09908175e+02  1.07799255e-08  1.09908175e+02  1.08156417e-08 
 1.12468265e+02  1.07747218e-08  1.12468265e+02  1.08104159e-08 
 1.15087987e+02  1.07696351e-08  1.15087987e+02  1.08053077e-08 
 1.17768731e+02  1.07646628e-08  1.17768731e+02  1.08003144e-08 
 1.20511917e+02  1.07598023e-08  1.20511917e+02  1.07954335e-08 
 1.23319000e+02  1.07550511e-08  1.23319000e+02  1.07906626e-08 
 1.26191469e+02  1.07504069e-08  1.26191469e+02  1.07859991e-08 
 1.29130846e+02  1.07458671e-08  1.29130846e+02  1.07814406e-08 
 1.32138690e+02  1.07414296e-08  1.32138690e+02  1.07769849e-08 
 1.35216595e+02  1.07370920e-08  1.35216595e+02  1.07726295e-08 
 1.38366194e+02  1.07328522e-08  1.38366194e+02  1.07683724e-08 
 1.41589157e+02  1.07287078e-08  1.41589157e+02  1.07642112e-08 
 1.44887192e+02  1.07246568e-08  1.44887192e+02  1.07601439e-08 
 1.48262048e+02  1.07206972e-08  1.48262048e+02  1.07561683e-08 
 1.51715515e+02  1.07168268e-08  1.51715515e+02  1.07522824e-08 
 1.55249423e+02  1.07130436e-08  1.55249423e+02  1.07484842e-08 
 1.58865647e+02  1.07093458e-08  1.58865647e+02  1.07447717e-08 
 1.62566103e+02  1.07057315e-08  1.62566103e+02  1.07411431e-08 
 1.66352754e+02  1.07021986e-08  1.66352754e+02  1.07375963e-08 
 1.70227608e+02  1.06987455e-08  1.70227608e+02  1.07341296e-08 
 1.74192718e+02  1.06953704e-08  1.74192718e+02  1.07307413e-08 
 1.78250188e+02  1.06920714e-08  1.78250188e+02  1.07274295e-08 
 1.82402168e+02  1.06888469e-08  1.82402168e+02  1.07241925e-08 
 1.86650860e+02  1.06856953e-08  1.86650860e+02  1.07210286e-08 
 1.90998517e+02  1.06826148e-08  1.90998517e+02  1.07179363e-08 
 1.95447444e+02  1.06796040e-08  1.95447444e+02  1.07149138e-08 
 2.00000000e+02  1.06766611e-08  2.00000000e+02  1.07119597e-08 
 2.04658598e+02  1.06737848e-08  2.04658598e+02  1.07090724e-08 
 2.09425710e+02  1.06709735e-08  2.09425710e+02  1.07062504e-08 
 2.14303861e+02  1.06682257e-08  2.14303861e+02  1.07034922e-08 
 2.19295639e+02  1.06655401e-08  2.19295639e+02  1.07007964e-08 
 2.24403691e+02  1.06629152e-08  2.24403691e+02  1.06981616e-08 
 2.29630724e+02  1.06603497e-08  2.29630724e+02  1.06955864e-08 
 2.34979511e+02  1.06578422e-08  2.34979511e+02  1.06930694e-08 
 2.40452887e+02  1.06553914e-08  2.40452887e+02  1.06906095e-08 
 2.46053754e+02  1.06529961e-08  2.46053754e+02  1.06882052e-08 
 2.51785082e+02  1.06506550e-08  2.51785082e+02  1.06858554e-08 
 2.57649910e+02  1.06483669e-08  2.57649910e+02  1.06835587e-08 
 2.63651348e+02  1.06461306e-08  2.63651348e+02  1.06813141e-08 
 2.69792577e+02  1.06439449e-08  2.69792577e+02  1.06791203e-08 
 2.76076853e+02  1.06418086e-08  2.76076853e+02  1.06769762e-08 
 2.82507509e+02  1.06397208e-08  2.82507509e+02  1.06748806e-08 
 2.89087954e+02  1.06376802e-08  2.89087954e+02  1.06728325e-08 
 2.95821678e+02  1.06356859e-08  2.95821678e+02  1.06708308e-08 
 3.02712250e+02  1.06337367e-08  3.02712250e+02  1.06688745e-08 
 3.09763324e+02  1.06318317e-08  3.09763324e+02  1.06669625e-08 
 3.16978638e+02  1.06299698e-08  3.16978638e+02  1.06650939e-08 
 3.24362019e+02  1.06281502e-08  3.24362019e+02  1.06632675e-08 
 3.31917381e+02  1.06263718e-08  3.31917381e+02  1.06614826e-08 
 3.39648730e+02  1.06246336e-08  3.39648730e+02  1.06597382e-08 
 3.47560166e+02  1.06229349e-08  3.47560166e+02  1.06580333e-08 
 3.55655882e+02  1.06212747e-08  3.55655882e+02  1.06563670e-08 
 3.63940172e+02  1.06196521e-08  3.63940172e+02  1.06547385e-08 
 3.72417427e+02  1.06180663e-08  3.72417427e+02  1.06531470e-08 
 3.81092144e+02  1.06165165e-08  3.81092144e+02  1.06515915e-08 
 3.89968920e+02  1.06150018e-08  3.89968920e+02  1.06500713e-08 
 3.99052463e+02  1.06135214e-08  3.99052463e+02  1.06485856e-08 
 4.08347589e+02  1.06120747e-08  4.08347589e+02  1.06471336e-08 
 4.17859226e+02  1.06106607e-08  4.17859226e+02  1.06457146e-08 
 4.27592418e+02  1.06092788e-08  4.27592418e+02  1.06443277e-08 
 4.37552325e+02  1.06079283e-08  4.37552325e+02  1.06429723e-08 
 4.47744228e+02  1.06066084e-08  4.47744228e+02  1.06416476e-08 
 4.58173531e+02  1.06053184e-08  4.58173531e+02  1.06403530e-08 
 4.68845763e+02  1.06040578e-08  4.68845763e+02  1.06390878e-08 
 4.79766584e+02  1.06028257e-08  4.79766584e+02  1.06378513e-08 
 4.90941783e+02  1.06016216e-08  4.90941783e+02  1.06366428e-08 
 5.02377286e+02  1.06004448e-08  5.02377286e+02  1.06354618e-08 
 5.14079157e+02  1.05992947e-08  5.14079157e+02  1.06343075e-08 
 5.26053598e+02  1.05981708e-08  5.26053598e+02  1.06331795e-08 
 5.38306961e+02  1.05970723e-08  5.38306961e+02  1.06320770e-08 
 5.50845741e+02  1.05959988e-08  5.50845741e+02  1.06309996e-08 
 5.63676586e+02  1.05949497e-08  5.63676586e+02  1.06299466e-08 
 5.76806301e+02  1.05939243e-08  5.76806301e+02  1.06289176e-08 
 5.90241845e+02  1.05929223e-08  5.90241845e+02  1.06279119e-08 
 6.03990344e+02  1.05919430e-08  6.03990344e+02  1.06269290e-08 
 6.18059087e+02  1.05909860e-08  6.18059087e+02  1.06259684e-08 
 6.32455532e+02  1.05900506e-08  6.32455532e+02  1.06250296e-08 
 6.47187314e+02  1.05891366e-08  6.47187314e+02  1.06241122e-08 
 6.62262243e+02  1.05882432e-08  6.62262243e+02  1.06232155e-08 
 6.77688312e+02  1.05873702e-08  6.77688312e+02  1.06223393e-08 
 6.93473701e+02  1.05865170e-08  6.93473701e+02  1.06214829e-08 
 7.09626778e+02  1.05856832e-08  7.09626778e+02  1.06206459e-08 
 7.26156110e+02  1.05848683e-08  7.26156110e+02  1.06198279e-08 
 7.43070458e+02  1.05840720e-08  7.43070458e+02  1.06190286e-08 
 7.60378793e+02  1.05832937e-08  7.60378793e+02  1.06182473e-08 
 7.78090290e+02  1.05825331e-08  7.78090290e+02  1.06174838e-08 
 7.96214341e+02  1.05817898e-08  7.96214341e+02  1.06167376e-08 
 8.14760556e+02  1.05810634e-08  8.14760556e+02  1.06160083e-08 
 8.33738767e+02  1.05803534e-08  8.33738767e+02  1.06152956e-08 
 8.53159038e+02  1.05796597e-08  8.53159038e+02  1.06145991e-08 
 8.73031664e+02  1.05789816e-08  8.73031664e+02  1.06139183e-08 
 8.93367184e+02  1.05783190e-08  8.93367184e+02  1.06132530e-08 
 9.14176379e+02  1.05776715e-08  9.14176379e+02  1.06126028e-08 
 9.35470283e+02  1.05770386e-08  9.35470283e+02  1.06119674e-08 
 9.57260185e+02  1.05764202e-08  9.57260185e+02  1.06113463e-08 
 9.79557639e+02  1.05758158e-08  9.79557639e+02  1.06107394e-08 
 1.00237447e+03  1.05752251e-08  1.00237447e+03  1.06101462e-08 
 1.02572277e+03  1.05746479e-08  1.02572277e+03  1.06095664e-08 
 1.04961492e+03  1.05740838e-08  1.04961492e+03  1.06089998e-08 
 1.07406359e+03  1.05735325e-08  1.07406359e+03  1.06084461e-08 
 1.09908175e+03  1.05729937e-08  1.09908175e+03  1.06079048e-08 
 1.12468265e+03  1.05724672e-08  1.12468265e+03  1.06073759e-08 
 1.15087987e+03  1.05719527e-08  1.15087987e+03  1.06068589e-08 
 1.17768731e+03  1.05714498e-08  1.17768731e+03  1.06063536e-08 
 1.20511917e+03  1.05709584e-08  1.20511917e+03  1.06058598e-08 
 1.23319000e+03  1.05704781e-08  1.23319000e+03  1.06053771e-08 
 1.26191469e+03  1.05700088e-08  1.26191469e+03  1.06049054e-08 
 1.29130846e+03  1.05695502e-08  1.29130846e+03  1.06044443e-08 
 1.32138690e+03  1.05691019e-08  1.32138690e+03  1.06039936e-08 
 1.35216595e+03  1.05686639e-08  1.35216595e+03  1.06035532e-08 
 1.38366194e+03  1.05682358e-08  1.38366194e+03  1.06031227e-08 
 1.41589157e+03  1.05678175e-08  1.41589157e+03  1.06027019e-08 
 1.44887192e+03  1.05674087e-08  1.44887192e+03  1.06022906e-08 
 1.48262048e+03  1.05670091e-08  1.48262048e+03  1.06018885e-08 
 1.51715515e+03  1.05666187e-08  1.51715515e+03  1.06014956e-08 
 1.55249423e+03  1.05662371e-08  1.55249423e+03  1.06011114e-08 
 1.58865647e+03  1.05658642e-08  1.58865647e+03  1.06007360e-08 
 1.62566103e+03  1.05654998e-08  1.62566103e+03  1.06003690e-08 
 1.66352754e+03  1.05651437e-08  1.66352754e+03  1.06000102e-08 
 1.70227608e+03  1.05647957e-08  1.70227608e+03  1.05996595e-08 
 1.74192718e+03  1.05644556e-08  1.74192718e+03  1.05993167e-08 
 1.78250188e+03  1.05641232e-08  1.78250188e+03  1.05989815e-08 
 1.82402168e+03  1.05637984e-08  1.82402168e+03  1.05986539e-08 
 1.86650860e+03  1.05634809e-08  1.86650860e+03  1.05983336e-08 
 1.90998517e+03  1.05631707e-08  1.90998517e+03  1.05980204e-08 
 1.95447444e+03  1.05628676e-08  1.95447444e+03  1.05977142e-08 
 2.00000000e+03  1.05625713e-08  2.00000000e+03  1.05974149e-08 
 2.04658598e+03  1.05622818e-08  2.04658598e+03  1.05971222e-08 
 2.09425710e+03  1.05619989e-08  2.09425710e+03  1.05968360e-08 
 2.14303861e+03  1.05617224e-08  2.14303861e+03  1.05965562e-08 
 2.19295639e+03  1.05614522e-08  2.19295639e+03  1.05962826e-08 
 2.24403691e+03  1.05611881e-08  2.24403691e+03  1.05960150e-08 
 2.29630724e+03  1.05609300e-08  2.29630724e+03  1.05957533e-08 
 2.34979511e+03  1.05606779e-08  2.34979511e+03  1.05954974e-08 
 2.40452887e+03  1.05604314e-08  2.40452887e+03  1.05952471e-08 
 2.46053754e+03  1.05601906e-08  2.46053754e+03  1.05950023e-08 
 2.51785082e+03  1.05599552e-08  2.51785082e+03  1.05947629e-08 
 2.57649910e+03  1.05597252e-08  2.57649910e+03  1.05945286e-08 
 2.63651348e+03  1.05595004e-08  2.63651348e+03  1.05942995e-08 
 2.69792577e+03  1.05592807e-08  2.69792577e+03  1.05940753e-08 
 2.76076853e+03  1.05590660e-08  2.76076853e+03  1.05938559e-08 
 2.82507509e+03  1.05588563e-08  2.82507509e+03  1.05936412e-08 
 2.89087954e+03  1.05586512e-08  2.89087954e+03  1.05934312e-08 
 2.95821678e+03  1.05584509e-08  2.95821678e+03  1.05932256e-08 
 3.02712250e+03  1.05582551e-08  3.02712250e+03  1.05930244e-08 
 3.09763324e+03  1.05580637e-08  3.09763324e+03  1.05928274e-08 
 3.16978638e+03  1.05578768e-08  3.16978638e+03  1.05926345e-08 
 3.24362019e+03  1.05576940e-08  3.24362019e+03  1.05924457e-08 
 3.31917381e+03  1.05575154e-08  3.31917381e+03  1.05922607e-08 
 3.39648730e+03  1.05573409e-08  3.39648730e+03  1.05920796e-08 
 3.47560166e+03  1.05571704e-08  3.47560166e+03  1.05919022e-08 
 3.55655882e+03  1.05570037e-08  3.55655882e+03  1.05917284e-08 
 3.63940172e+03  1.05568408e-08  3.63940172e+03  1.05915580e-08 
 3.72417427e+03  1.05566816e-08  3.72417427e+03  1.05913911e-08 
 3.81092144e+03  1.05565261e-08  3.81092144e+03  1.05912274e-08 
 3.89968920e+03  1.05563741e-08  3.89968920e+03  1.05910670e-08 
 3.99052463e+03  1.05562255e-08  3.99052463e+03  1.05909096e-08 
 4.08347589e+03  1.05560803e-08  4.08347589e+03  1.05907553e-08 
 4.17859226e+03  1.05559384e-08  4.17859226e+03  1.05906038e-08 
 4.27592418e+03  1.05557998e-08  4.27592418e+03  1.05904551e-08 
 4.37552325e+03  1.05556643e-08  4.37552325e+03  1.05903092e-08 
 4.47744228e+03  1.05555318e-08  4.47744228e+03  1.05901659e-08 
 4.58173531e+03  1.05554024e-08  4.58173531e+03  1.05900251e-08 
 4.68845763e+03  1.05552760e-08  4.68845763e+03  1.05898867e-08 
 4.79766584e+03  1.05551524e-08  4.79766584e+03  1.05897507e-08 
 4.90941783e+03  1.05550316e-08  4.90941783e+03  1.05896170e-08 
 5.02377286e+03  1.05549135e-08  5.02377286e+03  1.05894854e-08 
 5.14079157e+03  1.05547982e-08  5.14079157e+03  1.05893559e-08 
 5.26053598e+03  1.05546854e-08  5.26053598e+03  1.05892283e-08 
 5.38306961e+03  1.05545753e-08  5.38306961e+03  1.05891027e-08 
 5.50845741e+03  1.05544676e-08  5.50845741e+03  1.05889788e-08 
 5.63676586e+03  1.05543624e-08  5.63676586e+03  1.05888567e-08 
 5.76806301e+03  1.05542595e-08  5.76806301e+03  1.05887362e-08 
 5.90241845e+03  1.05541590e-08  5.90241845e+03  1.05886172e-08 
 6.03990344e+03  1.05540608e-08  6.03990344e+03  1.05884996e-08 
 6.18059087e+03  1.05539648e-08  6.18059087e+03  1.05883834e-08 
 6.32455532e+03  1.05538710e-08  6.32455532e+03  1.05882684e-08 
 6.47187314e+03  1.05537793e-08  6.47187314e+03  1.05881546e-08 
 6.62262243e+03  1.05536897e-08  6.62262243e+03  1.05880418e-08 
 6.77688312e+03  1.05536021e-08  6.77688312e+03  1.05879301e-08 
 6.93473701e+03  1.05535166e-08  6.93473701e+03  1.05878191e-08 
 7.09626778e+03  1.05534329e-08  7.09626778e+03  1.05877090e-08 
 7.26156110e+03  1.05533512e-08  7.26156110e+03  1.05875995e-08 
 7.43070458e+03  1.05532713e-08  7.43070458e+03  1.05874906e-08 
 7.60378793e+03  1.05531932e-08  7.60378793e+03  1.05873821e-08 
 7.78090290e+03  1.05531169e-08  7.78090290e+03  1.05872740e-08 
 7.96214341e+03  1.05530423e-08  7.96214341e+03  1.05871662e-08 
 8.14760556e+03  1.05529694e-08  8.14760556e+03  1.05870584e-08 
 8.33738767e+03  1.05528981e-08  8.33738767e+03  1.05869508e-08 
 8.53159038e+03  1.05528285e-08  8.53159038e+03  1.05868430e-08 
 8.73031664e+03  1.05527604e-08  8.73031664e+03  1.05867350e-08 
 8.93367184e+03  1.05526939e-08  8.93367184e+03  1.05866267e-08 
 9.14176379e+03  1.05526289e-08  9.14176379e+03  1.05865180e-08 
 9.35470283e+03  1.05525653e-08  9.35470283e+03  1.05864087e-08 
 9.57260185e+03  1.05525032e-08  9.57260185e+03  1.05862986e-08 
 9.79557639e+03  1.05524425e-08  9.79557639e+03  1.05861878e-08 
 1.00237447e+04  1.05523831e-08  1.00237447e+04  1.05860760e-08 
 1.02572277e+04  1.05523251e-08  1.02572277e+04  1.05859630e-08 
 1.04961492e+04  1.05522684e-08  1.04961492e+04  1.05858488e-08 
 1.07406359e+04  1.05522129e-08  1.07406359e+04  1.05857332e-08 
 1.09908175e+04  1.05521587e-08  1.09908175e+04  1.05856160e-08 
 1.12468265e+04  1.05521057e-08  1.12468265e+04  1.05854971e-08 
 1.15087987e+04  1.05520539e-08  1.15087987e+04  1.05853763e-08 
 1.17768731e+04  1.05520033e-08  1.17768731e+04  1.05852534e-08 
 1.20511917e+04  1.05519538e-08  1.20511917e+04  1.05851282e-08 
 1.23319000e+04  1.05519053e-08  1.23319000e+04  1.05850006e-08 
 1.26191469e+04  1.05518580e-08  1.26191469e+04  1.05848704e-08 
 1.29130846e+04  1.05518117e-08  1.29130846e+04  1.05847374e-08 
 1.32138690e+04  1.05517665e-08  1.32138690e+04  1.05846014e-08 
 1.35216595e+04  1.05517222e-08  1.35216595e+04  1.05844621e-08 
 1.38366194e+04  1.05516789e-08  1.38366194e+04  1.05843193e-08 
 1.41589157e+04  1.05516366e-08  1.41589157e+04  1.05841728e-08 
 1.44887192e+04  1.05515952e-08  1.44887192e+04  1.05840224e-08 
 1.48262048e+04  1.05515547e-08  1.48262048e+04  1.05838678e-08 
 1.51715515e+04  1.05515151e-08  1.51715515e+04  1.05837087e-08 
 1.55249423e+04  1.05514764e-08  1.55249423e+04  1.05835450e-08 
 1.58865647e+04  1.05514385e-08  1.58865647e+04  1.05833762e-08 
 1.62566103e+04  1.05514014e-08  1.62566103e+04  1.05832021e-08 
 1.66352754e+04  1.05513651e-08  1.66352754e+04  1.05830225e-08 
 1.70227608e+04  1.05513296e-08  1.70227608e+04  1.05828369e-08 
 1.74192718e+04  1.05512948e-08  1.74192718e+04  1.05826450e-08 
 1.78250188e+04  1.05512608e-08  1.78250188e+04  1.05824466e-08 
 1.82402168e+04  1.05512275e-08  1.82402168e+04  1.05822412e-08 
 1.86650860e+04  1.05511948e-08  1.86650860e+04  1.05820285e-08 
 1.90998517e+04  1.05511629e-08  1.90998517e+04  1.05818081e-08 
 1.95447444e+04  1.05511316e-08  1.95447444e+04  1.05815795e-08 
 2.00000000e+04  1.05511010e-08  2.00000000e+04  1.05813424e-08 
