 2.00000000e+01  3.21342150e-08  2.00000000e+01  1.02333899e-08 
 2.09425710e+01  3.20657201e-08  2.09425710e+01  1.02113047e-08 
 2.19295639e+01  3.20001680e-08  2.19295639e+01  1.01901816e-08 
 2.29630724e+01  3.19374383e-08  2.29630724e+01  1.01699800e-08 
 2.40452887e+01  3.18774148e-08  2.40452887e+01  1.01506608e-08 
 2.51785082e+01  3.18199857e-08  2.51785082e+01  1.01321865e-08 
 2.63651348e+01  3.17650434e-08  2.63651348e+01  1.01145211e-08 
 2.76076853e+01  3.17124844e-08  2.76076853e+01  1.00976301e-08 
 2.89087954e+01  3.16622091e-08  2.89087954e+01  1.00814803e-08 
 3.02712250e+01  3.16141217e-08  3.02712250e+01  1.00660401e-08 
 3.16978638e+01  3.15681302e-08  3.16978638e+01  1.00512788e-08 
 3.31917381e+01  3.15241461e-08  3.31917381e+01  1.00371673e-08 
 3.47560166e+01  3.14820846e-08  3.47560166e+01  1.00236776e-08 
 3.63940172e+01  3.14418639e-08  3.63940172e+01  1.00107828e-08 
 3.81092144e+01  3.14034059e-08  3.81092144e+01  9.99845714e-09 
 3.99052463e+01  3.13666351e-08  3.99052463e+01  9.98667602e-09 
 4.17859226e+01  3.13314796e-08  4.17859226e+01  9.97541578e-09 
 4.37552325e+01  3.12978699e-08  4.37552325e+01  9.96465378e-09 
 4.58173531e+01  3.12657398e-08  4.58173531e+01  9.95436832e-09 
 4.79766584e+01  3.12350255e-08  4.79766584e+01  9.94453862e-09 
 5.02377286e+01  3.12056660e-08  5.02377286e+01  9.93514480e-09 
 5.26053598e+01  3.11776025e-08  5.26053598e+01  9.92616779e-09 
 5.50845741e+01  3.11507791e-08  5.50845741e+01  9.91758936e-09 
 5.76806301e+01  3.11251420e-08  5.76806301e+01  9.90939203e-09 
 6.03990344e+01  3.11006394e-08  6.03990344e+01  9.90155908e-09 
 6.32455532e+01  3.10772222e-08  6.32455532e+01  9.89407452e-09 
 6.62262243e+01  3.10548429e-08  6.62262243e+01  9.88692301e-09 
 6.93473701e+01  3.10334562e-08  6.93473701e+01  9.88008990e-09 
 7.26156110e+01  3.10130188e-08  7.26156110e+01  9.87356117e-09 
 7.60378793e+01  3.09934890e-08  7.60378793e+01  9.86732338e-09 
 7.96214341e+01  3.09748271e-08  7.96214341e+01  9.86136370e-09 
 8.33738767e+01  3.09569951e-08  8.33738767e+01  9.85566983e-09 
 8.73031664e+01  3.09399563e-08  8.73031664e+01  9.85023003e-09 
 9.14176379e+01  3.09236760e-08  9.14176379e+01  9.84503305e-09 
 9.57260185e+01  3.09081207e-08  9.57260185e+01  9.84006813e-09 
 1.00237447e+02  3.08932584e-08  1.00237447e+02  9.83532500e-09 
 1.04961492e+02  3.08790587e-08  1.04961492e+02  9.83079382e-09 
 1.09908175e+02  3.08654921e-08  1.09908175e+02  9.82646517e-09 
 1.15087987e+02  3.08525308e-08  1.15087987e+02  9.82233008e-09 
 1.20511917e+02  3.08401480e-08  1.20511917e+02  9.81837993e-09 
 1.26191469e+02  3.08283180e-08  1.26191469e+02  9.81460651e-09 
 1.32138690e+02  3.08170163e-08  1.32138690e+02  9.81100195e-09 
 1.38366194e+02  3.08062196e-08  1.38366194e+02  9.80755874e-09 
 1.44887192e+02  3.07959053e-08  1.44887192e+02  9.80426969e-09 
 1.51715515e+02  3.07860522e-08  1.51715515e+02  9.80112794e-09 
 1.58865647e+02  3.07766396e-08  1.58865647e+02  9.79812692e-09 
 1.66352754e+02  3.07676480e-08  1.66352754e+02  9.79526035e-09 
 1.74192718e+02  3.07590587e-08  1.74192718e+02  9.79252224e-09 
 1.82402168e+02  3.07508538e-08  1.82402168e+02  9.78990686e-09 
 1.90998517e+02  3.07430161e-08  1.90998517e+02  9.78740872e-09 
 2.00000000e+02  3.07355292e-08  2.00000000e+02  9.78502260e-09 
 2.09425710e+02  3.07283776e-08  2.09425710e+02  9.78274348e-09 
 2.19295639e+02  3.07215462e-08  2.19295639e+02  9.78056658e-09 
 2.29630724e+02  3.07150208e-08  2.29630724e+02  9.77848734e-09 
 2.40452887e+02  3.07087877e-08  2.40452887e+02  9.77650138e-09 
 2.51785082e+02  3.07028339e-08  2.51785082e+02  9.77460454e-09 
 2.63651348e+02  3.06971467e-08  2.63651348e+02  9.77279283e-09 
 2.76076853e+02  3.06917144e-08  2.76076853e+02  9.77106244e-09 
 2.89087954e+02  3.06865255e-08  2.89087954e+02  9.76940972e-09 
 3.02712250e+02  3.06815690e-08  3.02712250e+02  9.76783120e-09 
 3.16978638e+02  3.06768347e-08  3.16978638e+02  9.76632356e-09 
 3.31917381e+02  3.06723124e-08  3.31917381e+02  9.76488362e-09 
 3.47560166e+02  3.06679927e-08  3.47560166e+02  9.76350835e-09 
 3.63940172e+02  3.06638666e-08  3.63940172e+02  9.76219485e-09 
 3.81092144e+02  3.06599252e-08  3.81092144e+02  9.76094035e-09 
 3.99052463e+02  3.06561602e-08  3.99052463e+02  9.75974221e-09 
 4.17859226e+02  3.06525639e-08  4.17859226e+02  9.75859790e-09 
 4.37552325e+02  3.06491284e-08  4.37552325e+02  9.75750501e-09 
 4.58173531e+02  3.06458466e-08  4.58173531e+02  9.75646122e-09 
 4.79766584e+02  3.06427115e-08  4.79766584e+02  9.75546434e-09 
 5.02377286e+02  3.06397164e-08  5.02377286e+02  9.75451227e-09 
 5.26053598e+02  3.06368551e-08  5.26053598e+02  9.75360299e-09 
 5.50845741e+02  3.06341215e-08  5.50845741e+02  9.75273458e-09 
 5.76806301e+02  3.06315096e-08  5.76806301e+02  9.75190521e-09 
 6.03990344e+02  3.06290141e-08  6.03990344e+02  9.75111312e-09 
 6.32455532e+02  3.06266294e-08  6.32455532e+02  9.75035665e-09 
 6.62262243e+02  3.06243507e-08  6.62262243e+02  9.74963420e-09 
 6.93473701e+02  3.06221729e-08  6.93473701e+02  9.74894423e-09 
 7.26156110e+02  3.06200915e-08  7.26156110e+02  9.74828530e-09 
 7.60378793e+02  3.06181019e-08  7.60378793e+02  9.74765599e-09 
 7.96214341e+02  3.06161998e-08  7.96214341e+02  9.74705500e-09 
 8.33738767e+02  3.06143812e-08  8.33738767e+02  9.74648104e-09 
 8.73031664e+02  3.06126420e-08  8.73031664e+02  9.74593291e-09 
 9.14176379e+02  3.06109786e-08  9.14176379e+02  9.74540943e-09 
 9.57260185e+02  3.06093872e-08  9.57260185e+02  9.74490952e-09 
 1.00237447e+03  3.06078644e-08  1.00237447e+03  9.74443210e-09 
 1.04961492e+03  3.06064068e-08  1.04961492e+03  9.74397617e-09 
 1.09908175e+03  3.06050112e-08  1.09908175e+03  9.74354077e-09 
 1.15087987e+03  3.06036744e-08  1.15087987e+03  9.74312498e-09 
 1.20511917e+03  3.06023933e-08  1.20511917e+03  9.74272791e-09 
 1.26191469e+03  3.06011652e-08  1.26191469e+03  9.74234872e-09 
 1.32138690e+03  3.05999871e-08  1.32138690e+03  9.74198662e-09 
 1.38366194e+03  3.05988563e-08  1.38366194e+03  9.74164084e-09 
 1.44887192e+03  3.05977701e-08  1.44887192e+03  9.74131065e-09 
 1.51715515e+03  3.05967259e-08  1.51715515e+03  9.74099535e-09 
 1.58865647e+03  3.05957212e-08  1.58865647e+03  9.74069428e-09 
 1.66352754e+03  3.05947535e-08  1.66352754e+03  9.74040680e-09 
 1.74192718e+03  3.05938203e-08  1.74192718e+03  9.74013229e-09 
 1.82402168e+03  3.05929191e-08  1.82402168e+03  9.73987020e-09 
 1.90998517e+03  3.05920477e-08  1.90998517e+03  9.73961995e-09 
 2.00000000e+03  3.05912036e-08  2.00000000e+03  9.73938103e-09 
 2.09425710e+03  3.05903844e-08  2.09425710e+03  9.73915293e-09 
 2.19295639e+03  3.05895878e-08  2.19295639e+03  9.73893517e-09 
 2.29630724e+03  3.05888113e-08  2.29630724e+03  9.73872730e-09 
 2.40452887e+03  3.05880527e-08  2.40452887e+03  9.73852887e-09 
 2.51785082e+03  3.05873093e-08  2.51785082e+03  9.73833947e-09 
 2.63651348e+03  3.05865787e-08  2.63651348e+03  9.73815872e-09 
 2.76076853e+03  3.05858583e-08  2.76076853e+03  9.73798621e-09 
 2.89087954e+03  3.05851455e-08  2.89087954e+03  9.73782161e-09 
 3.02712250e+03  3.05844376e-08  3.02712250e+03  9.73766457e-09 
 3.16978638e+03  3.05837317e-08  3.16978638e+03  9.73751475e-09 
 3.31917381e+03  3.05830248e-08  3.31917381e+03  9.73737186e-09 
 3.47560166e+03  3.05823138e-08  3.47560166e+03  9.73723560e-09 
 3.63940172e+03  3.05815955e-08  3.63940172e+03  9.73710568e-09 
 3.81092144e+03  3.05808664e-08  3.81092144e+03  9.73698185e-09 
 3.99052463e+03  3.05801228e-08  3.99052463e+03  9.73686386e-09 
 4.17859226e+03  3.05793608e-08  4.17859226e+03  9.73675146e-09 
 4.37552325e+03  3.05785762e-08  4.37552325e+03  9.73664443e-09 
 4.58173531e+03  3.05777646e-08  4.58173531e+03  9.73654256e-09 
 4.79766584e+03  3.05769212e-08  4.79766584e+03  9.73644565e-09 
 5.02377286e+03  3.05760408e-08  5.02377286e+03  9.73635352e-09 
 5.26053598e+03  3.05751180e-08  5.26053598e+03  9.73626599e-09 
 5.50845741e+03  3.05741465e-08  5.50845741e+03  9.73618290e-09 
 5.76806301e+03  3.05731201e-08  5.76806301e+03  9.73610409e-09 
 6.03990344e+03  3.05720316e-08  6.03990344e+03  9.73602943e-09 
 6.32455532e+03  3.05708734e-08  6.32455532e+03  9.73595878e-09 
 6.62262243e+03  3.05696373e-08  6.62262243e+03  9.73589203e-09 
 6.93473701e+03  3.05683142e-08  6.93473701e+03  9.73582908e-09 
 7.26156110e+03  3.05668942e-08  7.26156110e+03  9.73576982e-09 
 7.60378793e+03  3.05653668e-08  7.60378793e+03  9.73571418e-09 
 7.96214341e+03  3.05637202e-08  7.96214341e+03  9.73566208e-09 
 8.33738767e+03  3.05619418e-08  8.33738767e+03  9.73561347e-09 
 8.73031664e+03  3.05600176e-08  8.73031664e+03  9.73556830e-09 
 9.14176379e+03  3.05579326e-08  9.14176379e+03  9.73552653e-09 
 9.57260185e+03  3.05556701e-08  9.57260185e+03  9.73548815e-09 
 1.00237447e+04  3.05532122e-08  1.00237447e+04  9.73545314e-09 
 1.04961492e+04  3.05505390e-08  1.04961492e+04  9.73542152e-09 
 1.09908175e+04  3.05476290e-08  1.09908175e+04  9.73539330e-09 
 1.15087987e+04  3.05444586e-08  1.15087987e+04  9.73536852e-09 
 1.20511917e+04  3.05410019e-08  1.20511917e+04  9.73534725e-09 
 1.26191469e+04  3.05372309e-08  1.26191469e+04  9.73532954e-09 
 1.32138690e+04  3.05331145e-08  1.32138690e+04  9.73531550e-09 
 1.38366194e+04  3.05286190e-08  1.38366194e+04  9.73530523e-09 
 1.44887192e+04  3.05237077e-08  1.44887192e+04  9.73529887e-09 
 1.51715515e+04  3.05183400e-08  1.51715515e+04  9.73529658e-09 
 1.58865647e+04  3.05124720e-08  1.58865647e+04  9.73529853e-09 
 1.66352754e+04  3.05060554e-08  1.66352754e+04  9.73530493e-09 
 1.74192718e+04  3.04990375e-08  1.74192718e+04  9.73531603e-09 
 1.82402168e+04  3.04913607e-08  1.82402168e+04  9.73533209e-09 
 1.90998517e+04  3.04829621e-08  1.90998517e+04  9.73535341e-09 
 2.00000000e+04  3.04737730e-08  2.00000000e+04  9.73538034e-09 
