 2.00000000e+01  7.14033928e+01 
 2.24403691e+01  7.17816394e+01 
 2.51785082e+01  7.22154077e+01 
 2.82507509e+01  7.27063626e+01 
 3.16978638e+01  7.32547055e+01 
 3.55655882e+01  7.38591502e+01 
 3.99052463e+01  7.45170496e+01 
 4.47744228e+01  7.52246473e+01 
 5.02377286e+01  7.59774042e+01 
 5.63676586e+01  7.67703454e+01 
 6.32455532e+01  7.75983769e+01 
 7.09626778e+01  7.84565435e+01 
 7.96214341e+01  7.93402114e+01 
 8.93367184e+01  8.02451794e+01 
 1.00237447e+02  8.11677295e+01 
 1.12468265e+02  8.21046305e+01 
 1.26191469e+02  8.30531106e+01 
 1.41589157e+02  8.40108108e+01 
 1.58865647e+02  8.49757287e+01 
 1.78250188e+02  8.59461580e+01 
 2.00000000e+02  8.69206290e+01 
 2.24403691e+02  8.78978514e+01 
 2.51785082e+02  8.88766591e+01 
 2.82507509e+02  8.98559576e+01 
 3.16978638e+02  9.08346732e+01 
 3.55655882e+02  9.18117016e+01 
 3.99052463e+02  9.27858550e+01 
 4.47744228e+02  9.37558065e+01 
 5.02377286e+02  9.47200295e+01 
 5.63676586e+02  9.56767310e+01 
 6.32455532e+02  9.66237791e+01 
 7.09626778e+02  9.75586221e+01 
 7.96214341e+02  9.84782040e+01 
 8.93367184e+02  9.93788768e+01 
 1.00237447e+03  1.00256317e+02 
 1.12468265e+03  1.01105453e+02 
 1.26191469e+03  1.01920425e+02 
 1.41589157e+03  1.02694577e+02 
 1.58865647e+03  1.03420516e+02 
 1.78250188e+03  1.04090250e+02 
 2.00000000e+03  1.04695401e+02 
 2.24403691e+03  1.05227518e+02 
 2.51785082e+03  1.05678445e+02 
 2.82507509e+03  1.06040731e+02 
 3.16978638e+03  1.06308027e+02 
 3.55655882e+03  1.06475442e+02 
 3.99052463e+03  1.06539805e+02 
 4.47744228e+03  1.06499841e+02 
 5.02377286e+03  1.06356231e+02 
 5.63676586e+03  1.06111569e+02 
 6.32455532e+03  1.05770216e+02 
 7.09626778e+03  1.05338049e+02 
 7.96214341e+03  1.04822118e+02 
 8.93367184e+03  1.04230249e+02 
 1.00237447e+04  1.03570627e+02 
 1.12468265e+04  1.02851393e+02 
 1.26191469e+04  1.02080311e+02 
 1.41589157e+04  1.01264502e+02 
 1.58865647e+04  1.00410273e+02 
 1.78250188e+04  9.95230105e+01 
 2.00000000e+04  9.86071416e+01 
 2.24403691e+04  9.76661320e+01 
 2.51785082e+04  9.67025068e+01 
 2.82507509e+04  9.57178825e+01 
 3.16978638e+04  9.47129962e+01 
 3.55655882e+04  9.36877309e+01 
 3.99052463e+04  9.26411333e+01 
 4.47744228e+04  9.15714291e+01 
 5.02377286e+04  9.04760434e+01 
 5.63676586e+04  8.93516387e+01 
 6.32455532e+04  8.81941844e+01 
 7.09626778e+04  8.69990779e+01 
 7.96214341e+04  8.57613295e+01 
 8.93367184e+04  8.44758232e+01 
 1.00237447e+05  8.31376483e+01 
 1.12468265e+05  8.17424827e+01 
 1.26191469e+05  8.02869878e+01 
 1.41589157e+05  7.87691648e+01 
 1.58865647e+05  7.71886187e+01 
 1.78250188e+05  7.55466890e+01 
 2.00000000e+05  7.38464296e+01 
