 2.00000000e+01  9.31031914e-09  2.00000000e+01  9.32418143e-09 
 2.09425710e+01  9.28351993e-09  2.09425710e+01  9.29709462e-09 
 2.19295639e+01  9.25798202e-09  2.19295639e+01  9.27129408e-09 
 2.29630724e+01  9.23364440e-09  2.29630724e+01  9.24671651e-09 
 2.40452887e+01  9.21044908e-09  2.40452887e+01  9.22330189e-09 
 2.51785082e+01  9.18834097e-09  2.51785082e+01  9.20099327e-09 
 2.63651348e+01  9.16726774e-09  2.63651348e+01  9.17973663e-09 
 2.76076853e+01  9.14717965e-09  2.76076853e+01  9.15948071e-09 
 2.89087954e+01  9.12802945e-09  2.89087954e+01  9.14017686e-09 
 3.02712250e+01  9.10977221e-09  3.02712250e+01  9.12177891e-09 
 3.16978638e+01  9.09236526e-09  3.16978638e+01  9.10424304e-09 
 3.31917381e+01  9.07576801e-09  3.31917381e+01  9.08752762e-09 
 3.47560166e+01  9.05994190e-09  3.47560166e+01  9.07159315e-09 
 3.63940172e+01  9.04485025e-09  3.63940172e+01  9.05640211e-09 
 3.81092144e+01  9.03045820e-09  3.81092144e+01  9.04191883e-09 
 3.99052463e+01  9.01673260e-09  3.99052463e+01  9.02810946e-09 
 4.17859226e+01  9.00364191e-09  4.17859226e+01  9.01494183e-09 
 4.37552325e+01  8.99115614e-09  4.37552325e+01  9.00238536e-09 
 4.58173531e+01  8.97924676e-09  4.58173531e+01  8.99041097e-09 
 4.79766584e+01  8.96788664e-09  4.79766584e+01  8.97899106e-09 
 5.02377286e+01  8.95704996e-09  5.02377286e+01  8.96809935e-09 
 5.26053598e+01  8.94671213e-09  5.26053598e+01  8.95771087e-09 
 5.50845741e+01  8.93684979e-09  5.50845741e+01  8.94780187e-09 
 5.76806301e+01  8.92744067e-09  5.76806301e+01  8.93834976e-09 
 6.03990344e+01  8.91846360e-09  6.03990344e+01  8.92933305e-09 
 6.32455532e+01  8.90989840e-09  6.32455532e+01  8.92073129e-09 
 6.62262243e+01  8.90172588e-09  6.62262243e+01  8.91252503e-09 
 6.93473701e+01  8.89392776e-09  6.93473701e+01  8.90469576e-09 
 7.26156110e+01  8.88648664e-09  7.26156110e+01  8.89722585e-09 
 7.60378793e+01  8.87938593e-09  7.60378793e+01  8.89009854e-09 
 7.96214341e+01  8.87260984e-09  7.96214341e+01  8.88329786e-09 
 8.33738767e+01  8.86614334e-09  8.33738767e+01  8.87680860e-09 
 8.73031664e+01  8.85997211e-09  8.73031664e+01  8.87061630e-09 
 9.14176379e+01  8.85408248e-09  9.14176379e+01  8.86470716e-09 
 9.57260185e+01  8.84846146e-09  9.57260185e+01  8.85906806e-09 
 1.00237447e+02  8.84309665e-09  1.00237447e+02  8.85368649e-09 
 1.04961492e+02  8.83797626e-09  1.04961492e+02  8.84855053e-09 
 1.09908175e+02  8.83308902e-09  1.09908175e+02  8.84364885e-09 
 1.15087987e+02  8.82842420e-09  1.15087987e+02  8.83897063e-09 
 1.20511917e+02  8.82397160e-09  1.20511917e+02  8.83450556e-09 
 1.26191469e+02  8.81972145e-09  1.26191469e+02  8.83024383e-09 
 1.32138690e+02  8.81566447e-09  1.32138690e+02  8.82617607e-09 
 1.38366194e+02  8.81179181e-09  1.38366194e+02  8.82229338e-09 
 1.44887192e+02  8.80809502e-09  1.44887192e+02  8.81858724e-09 
 1.51715515e+02  8.80456605e-09  1.51715515e+02  8.81504956e-09 
 1.58865647e+02  8.80119723e-09  1.58865647e+02  8.81167260e-09 
 1.66352754e+02  8.79798122e-09  1.66352754e+02  8.80844901e-09 
 1.74192718e+02  8.79491105e-09  1.74192718e+02  8.80537176e-09 
 1.82402168e+02  8.79198006e-09  1.82402168e+02  8.80243416e-09 
 1.90998517e+02  8.78918191e-09  1.90998517e+02  8.79962982e-09 
 2.00000000e+02  8.78651052e-09  2.00000000e+02  8.79695264e-09 
 2.09425710e+02  8.78396013e-09  2.09425710e+02  8.79439683e-09 
 2.19295639e+02  8.78152522e-09  2.19295639e+02  8.79195684e-09 
 2.29630724e+02  8.77920054e-09  2.29630724e+02  8.78962740e-09 
 2.40452887e+02  8.77698106e-09  2.40452887e+02  8.78740345e-09 
 2.51785082e+02  8.77486201e-09  2.51785082e+02  8.78528020e-09 
 2.63651348e+02  8.77283881e-09  2.63651348e+02  8.78325306e-09 
 2.76076853e+02  8.77090712e-09  2.76076853e+02  8.78131766e-09 
 2.89087954e+02  8.76906277e-09  2.89087954e+02  8.77946981e-09 
 3.02712250e+02  8.76730179e-09  3.02712250e+02  8.77770554e-09 
 3.16978638e+02  8.76562041e-09  3.16978638e+02  8.77602106e-09 
 3.31917381e+02  8.76401502e-09  3.31917381e+02  8.77441272e-09 
 3.47560166e+02  8.76248215e-09  3.47560166e+02  8.77287709e-09 
 3.63940172e+02  8.76101854e-09  3.63940172e+02  8.77141084e-09 
 3.81092144e+02  8.75962103e-09  3.81092144e+02  8.77001084e-09 
 3.99052463e+02  8.75828664e-09  3.99052463e+02  8.76867408e-09 
 4.17859226e+02  8.75701250e-09  4.17859226e+02  8.76739769e-09 
 4.37552325e+02  8.75579588e-09  4.37552325e+02  8.76617892e-09 
 4.58173531e+02  8.75463419e-09  4.58173531e+02  8.76501518e-09 
 4.79766584e+02  8.75352493e-09  4.79766584e+02  8.76390395e-09 
 5.02377286e+02  8.75246574e-09  5.02377286e+02  8.76284287e-09 
 5.26053598e+02  8.75145434e-09  5.26053598e+02  8.76182966e-09 
 5.50845741e+02  8.75048858e-09  5.50845741e+02  8.76086215e-09 
 5.76806301e+02  8.74956639e-09  5.76806301e+02  8.75993827e-09 
 6.03990344e+02  8.74868581e-09  6.03990344e+02  8.75905604e-09 
 6.32455532e+02  8.74784494e-09  6.32455532e+02  8.75821357e-09 
 6.62262243e+02  8.74704201e-09  6.62262243e+02  8.75740907e-09 
 6.93473701e+02  8.74627530e-09  6.93473701e+02  8.75664081e-09 
 7.26156110e+02  8.74554316e-09  7.26156110e+02  8.75590715e-09 
 7.60378793e+02  8.74484404e-09  7.60378793e+02  8.75520651e-09 
 7.96214341e+02  8.74417645e-09  7.96214341e+02  8.75453741e-09 
 8.33738767e+02  8.74353896e-09  8.33738767e+02  8.75389841e-09 
 8.73031664e+02  8.74293023e-09  8.73031664e+02  8.75328815e-09 
 9.14176379e+02  8.74234894e-09  9.14176379e+02  8.75270532e-09 
 9.57260185e+02  8.74179386e-09  9.57260185e+02  8.75214867e-09 
 1.00237447e+03  8.74126382e-09  1.00237447e+03  8.75161701e-09 
 1.04961492e+03  8.74075767e-09  1.04961492e+03  8.75110921e-09 
 1.09908175e+03  8.74027436e-09  1.09908175e+03  8.75062417e-09 
 1.15087987e+03  8.73981284e-09  1.15087987e+03  8.75016087e-09 
 1.20511917e+03  8.73937213e-09  1.20511917e+03  8.74971829e-09 
 1.26191469e+03  8.73895131e-09  1.26191469e+03  8.74929551e-09 
 1.32138690e+03  8.73854946e-09  1.32138690e+03  8.74889160e-09 
 1.38366194e+03  8.73816575e-09  1.38366194e+03  8.74850570e-09 
 1.44887192e+03  8.73779936e-09  1.44887192e+03  8.74813698e-09 
 1.51715515e+03  8.73744950e-09  1.51715515e+03  8.74778464e-09 
 1.58865647e+03  8.73711544e-09  1.58865647e+03  8.74744793e-09 
 1.66352754e+03  8.73679646e-09  1.66352754e+03  8.74712611e-09 
 1.74192718e+03  8.73649189e-09  1.74192718e+03  8.74681849e-09 
 1.82402168e+03  8.73620109e-09  1.82402168e+03  8.74652440e-09 
 1.90998517e+03  8.73592344e-09  1.90998517e+03  8.74624319e-09 
 2.00000000e+03  8.73565835e-09  2.00000000e+03  8.74597425e-09 
 2.09425710e+03  8.73540526e-09  2.09425710e+03  8.74571698e-09 
 2.19295639e+03  8.73516363e-09  2.19295639e+03  8.74547083e-09 
 2.29630724e+03  8.73493296e-09  2.29630724e+03  8.74523524e-09 
 2.40452887e+03  8.73471276e-09  2.40452887e+03  8.74500969e-09 
 2.51785082e+03  8.73450256e-09  2.51785082e+03  8.74479367e-09 
 2.63651348e+03  8.73430192e-09  2.63651348e+03  8.74458669e-09 
 2.76076853e+03  8.73411043e-09  2.76076853e+03  8.74438827e-09 
 2.89087954e+03  8.73392768e-09  2.89087954e+03  8.74419796e-09 
 3.02712250e+03  8.73375328e-09  3.02712250e+03  8.74401531e-09 
 3.16978638e+03  8.73358688e-09  3.16978638e+03  8.74383989e-09 
 3.31917381e+03  8.73342812e-09  3.31917381e+03  8.74367128e-09 
 3.47560166e+03  8.73327668e-09  3.47560166e+03  8.74350906e-09 
 3.63940172e+03  8.73313225e-09  3.63940172e+03  8.74335283e-09 
 3.81092144e+03  8.73299452e-09  3.81092144e+03  8.74320220e-09 
 3.99052463e+03  8.73286321e-09  3.99052463e+03  8.74305678e-09 
 4.17859226e+03  8.73273806e-09  4.17859226e+03  8.74291617e-09 
 4.37552325e+03  8.73261882e-09  4.37552325e+03  8.74277999e-09 
 4.58173531e+03  8.73250523e-09  4.58173531e+03  8.74264787e-09 
 4.79766584e+03  8.73239708e-09  4.79766584e+03  8.74251942e-09 
 5.02377286e+03  8.73229416e-09  5.02377286e+03  8.74239425e-09 
 5.26053598e+03  8.73219625e-09  5.26053598e+03  8.74227197e-09 
 5.50845741e+03  8.73210318e-09  5.50845741e+03  8.74215220e-09 
 5.76806301e+03  8.73201477e-09  5.76806301e+03  8.74203453e-09 
 6.03990344e+03  8.73193085e-09  6.03990344e+03  8.74191854e-09 
 6.32455532e+03  8.73185126e-09  6.32455532e+03  8.74180382e-09 
 6.62262243e+03  8.73177588e-09  6.62262243e+03  8.74168993e-09 
 6.93473701e+03  8.73170456e-09  6.93473701e+03  8.74157641e-09 
 7.26156110e+03  8.73163720e-09  7.26156110e+03  8.74146279e-09 
 7.60378793e+03  8.73157368e-09  7.60378793e+03  8.74134857e-09 
 7.96214341e+03  8.73151392e-09  7.96214341e+03  8.74123323e-09 
 8.33738767e+03  8.73145782e-09  8.33738767e+03  8.74111622e-09 
 8.73031664e+03  8.73140533e-09  8.73031664e+03  8.74099696e-09 
 9.14176379e+03  8.73135637e-09  9.14176379e+03  8.74087482e-09 
 9.57260185e+03  8.73131092e-09  9.57260185e+03  8.74074915e-09 
 1.00237447e+04  8.73126893e-09  1.00237447e+04  8.74061923e-09 
 1.04961492e+04  8.73123039e-09  1.04961492e+04  8.74048432e-09 
 1.09908175e+04  8.73119530e-09  1.09908175e+04  8.74034359e-09 
 1.15087987e+04  8.73116367e-09  1.15087987e+04  8.74019617e-09 
 1.20511917e+04  8.73113554e-09  1.20511917e+04  8.74004113e-09 
 1.26191469e+04  8.73111093e-09  1.26191469e+04  8.73987744e-09 
 1.32138690e+04  8.73108993e-09  1.32138690e+04  8.73970399e-09 
 1.38366194e+04  8.73107262e-09  1.38366194e+04  8.73951960e-09 
 1.44887192e+04  8.73105909e-09  1.44887192e+04  8.73932299e-09 
 1.51715515e+04  8.73104949e-09  1.51715515e+04  8.73911273e-09 
 1.58865647e+04  8.73104396e-09  1.58865647e+04  8.73888733e-09 
 1.66352754e+04  8.73104268e-09  1.66352754e+04  8.73864512e-09 
 1.74192718e+04  8.73104587e-09  1.74192718e+04  8.73838432e-09 
 1.82402168e+04  8.73105376e-09  1.82402168e+04  8.73810298e-09 
 1.90998517e+04  8.73106664e-09  1.90998517e+04  8.73779899e-09 
 2.00000000e+04  8.73108481e-09  2.00000000e+04  8.73747004e-09 
