 2.00000000e+01  8.51052602e+01 
 2.24403691e+01  8.49449375e+01 
 2.51785082e+01  8.47508835e+01 
 2.82507509e+01  8.45180850e+01 
 3.16978638e+01  8.42415470e+01 
 3.55655882e+01  8.39165955e+01 
 3.99052463e+01  8.35392214e+01 
 4.47744228e+01  8.31064218e+01 
 5.02377286e+01  8.26164835e+01 
 5.63676586e+01  8.20691556e+01 
 6.32455532e+01  8.14656768e+01 
 7.09626778e+01  8.08086505e+01 
 7.96214341e+01  8.01017958e+01 
 8.93367184e+01  7.93496197e+01 
 1.00237447e+02  7.85570708e+01 
 1.12468265e+02  7.77292184e+01 
 1.26191469e+02  7.68709937e+01 
 1.41589157e+02  7.59870026e+01 
 1.58865647e+02  7.50814116e+01 
 1.78250188e+02  7.41578933e+01 
 2.00000000e+02  7.32196191e+01 
 2.24403691e+02  7.22692825e+01 
 2.51785082e+02  7.13091401e+01 
 2.82507509e+02  7.03410627e+01 
 3.16978638e+02  6.93665879e+01 
 3.55655882e+02  6.83869706e+01 
 3.99052463e+02  6.74032295e+01 
 4.47744228e+02  6.64161877e+01 
 5.02377286e+02  6.54265082e+01 
 5.63676586e+02  6.44347234e+01 
 6.32455532e+02  6.34412597e+01 
 7.09626778e+02  6.24464584e+01 
 7.96214341e+02  6.14505917e+01 
 8.93367184e+02  6.04538772e+01 
 1.00237447e+03  5.94564880e+01 
 1.12468265e+03  5.84585620e+01 
 1.26191469e+03  5.74602090e+01 
 1.41589157e+03  5.64615162e+01 
 1.58865647e+03  5.54625529e+01 
 1.78250188e+03  5.44633742e+01 
 2.00000000e+03  5.34640238e+01 
 2.24403691e+03  5.24645361e+01 
 2.51785082e+03  5.14649383e+01 
 2.82507509e+03  5.04652520e+01 
 3.16978638e+03  4.94654936e+01 
 3.55655882e+03  4.84656762e+01 
 3.99052463e+03  4.74658095e+01 
 4.47744228e+03  4.64659004e+01 
 5.02377286e+03  4.54659540e+01 
 5.63676586e+03  4.44659729e+01 
 6.32455532e+03  4.34659583e+01 
 7.09626778e+03  4.24659094e+01 
 7.96214341e+03  4.14658235e+01 
 8.93367184e+03  4.04656962e+01 
 1.00237447e+04  3.94655207e+01 
 1.12468265e+04  3.84652878e+01 
 1.26191469e+04  3.74649851e+01 
 1.41589157e+04  3.64645968e+01 
 1.58865647e+04  3.54641025e+01 
 1.78250188e+04  3.44634764e+01 
 2.00000000e+04  3.34626859e+01 
 2.24403691e+04  3.24616902e+01 
 2.51785082e+04  3.14604382e+01 
 2.82507509e+04  3.04588663e+01 
 3.16978638e+04  2.94568958e+01 
 3.55655882e+04  2.84544295e+01 
 3.99052463e+04  2.74513481e+01 
 4.47744228e+04  2.64475065e+01 
 5.02377286e+04  2.54427297e+01 
 5.63676586e+04  2.44368093e+01 
 6.32455532e+04  2.34295012e+01 
 7.09626778e+04  2.24205254e+01 
 7.96214341e+04  2.14095709e+01 
 8.93367184e+04  2.03963065e+01 
 1.00237447e+05  1.93804026e+01 
 1.12468265e+05  1.83615678e+01 
 1.26191469e+05  1.73396035e+01 
 1.41589157e+05  1.63144824e+01 
 1.58865647e+05  1.52864492e+01 
 1.78250188e+05  1.42561416e+01 
 2.00000000e+05  1.32247194e+01 
