 2.00000000e+01  8.20592075e+01 
 2.24403691e+01  8.18988686e+01 
 2.51785082e+01  8.17047961e+01 
 2.82507509e+01  8.14719765e+01 
 3.16978638e+01  8.11954150e+01 
 3.55655882e+01  8.08704373e+01 
 3.99052463e+01  8.04930356e+01 
 4.47744228e+01  8.00602071e+01 
 5.02377286e+01  7.95702393e+01 
 5.63676586e+01  7.90228822e+01 
 6.32455532e+01  7.84193751e+01 
 7.09626778e+01  7.77623224e+01 
 7.96214341e+01  7.70554433e+01 
 8.93367184e+01  7.63032454e+01 
 1.00237447e+02  7.55106771e+01 
 1.12468265e+02  7.46828081e+01 
 1.26191469e+02  7.38245692e+01 
 1.41589157e+02  7.29405662e+01 
 1.58865647e+02  7.20349653e+01 
 1.78250188e+02  7.11114390e+01 
 2.00000000e+02  7.01731584e+01 
 2.24403691e+02  6.92228166e+01 
 2.51785082e+02  6.82626703e+01 
 2.82507509e+02  6.72945900e+01 
 3.16978638e+02  6.63201132e+01 
 3.55655882e+02  6.53404947e+01 
 3.99052463e+02  6.43567532e+01 
 4.47744228e+02  6.33697118e+01 
 5.02377286e+02  6.23800334e+01 
 5.63676586e+02  6.13882506e+01 
 6.32455532e+02  6.03947898e+01 
 7.09626778e+02  5.93999925e+01 
 7.96214341e+02  5.84041313e+01 
 8.93367184e+02  5.74074237e+01 
 1.00237447e+03  5.64100435e+01 
 1.12468265e+03  5.54121289e+01 
 1.26191469e+03  5.44137904e+01 
 1.41589157e+03  5.34151160e+01 
 1.58865647e+03  5.24161760e+01 
 1.78250188e+03  5.14170266e+01 
 2.00000000e+03  5.04177130e+01 
 2.24403691e+03  4.94182718e+01 
 2.51785082e+03  4.84187326e+01 
 2.82507509e+03  4.74191200e+01 
 3.16978638e+03  4.64194546e+01 
 3.55655882e+03  4.54197541e+01 
 3.99052463e+03  4.44200345e+01 
 4.47744228e+03  4.34203107e+01 
 5.02377286e+03  4.24205975e+01 
 5.63676586e+03  4.14209100e+01 
 6.32455532e+03  4.04212650e+01 
 7.09626778e+03  3.94216813e+01 
 7.96214341e+03  3.84221809e+01 
 8.93367184e+03  3.74227905e+01 
 1.00237447e+04  3.64235424e+01 
 1.12468265e+04  3.54244765e+01 
 1.26191469e+04  3.44256421e+01 
 1.41589157e+04  3.34271010e+01 
 1.58865647e+04  3.24289300e+01 
 1.78250188e+04  3.14312254e+01 
 2.00000000e+04  3.04341076e+01 
 2.24403691e+04  2.94377272e+01 
 2.51785082e+04  2.84422724e+01 
 2.82507509e+04  2.74479779e+01 
 3.16978638e+04  2.64551364e+01 
 3.55655882e+04  2.54641110e+01 
 3.99052463e+04  2.44753516e+01 
 4.47744228e+04  2.34894127e+01 
 5.02377286e+04  2.25069743e+01 
 5.63676586e+04  2.15288645e+01 
 6.32455532e+04  2.05560831e+01 
 7.09626778e+04  1.95898238e+01 
 7.96214341e+04  1.86314919e+01 
 8.93367184e+04  1.76827126e+01 
 1.00237447e+05  1.67453220e+01 
 1.12468265e+05  1.58213324e+01 
 1.26191469e+05  1.49128615e+01 
 1.41589157e+05  1.40220165e+01 
 1.58865647e+05  1.31507285e+01 
 1.78250188e+05  1.23005410e+01 
 2.00000000e+05  1.14723741e+01 
