 2.00000000e+01  8.37982610e+01 
 2.24403691e+01  8.42695130e+01 
 2.51785082e+01  8.47567743e+01 
 2.82507509e+01  8.52507157e+01 
 3.16978638e+01  8.57415519e+01 
 3.55655882e+01  8.62196921e+01 
 3.99052463e+01  8.66763693e+01 
 4.47744228e+01  8.71041810e+01 
 5.02377286e+01  8.74974839e+01 
 5.63676586e+01  8.78526008e+01 
 6.32455532e+01  8.81678251e+01 
 7.09626778e+01  8.84432436e+01 
 7.96214341e+01  8.86804223e+01 
 8.93367184e+01  8.88820193e+01 
 1.00237447e+02  8.90513873e+01 
 1.12468265e+02  8.91922154e+01 
 1.26191469e+02  8.93082389e+01 
 1.41589157e+02  8.94030297e+01 
 1.58865647e+02  8.94798599e+01 
 1.78250188e+02  8.95416280e+01 
 2.00000000e+02  8.95908319e+01 
 2.24403691e+02  8.96295715e+01 
 2.51785082e+02  8.96595712e+01 
 2.82507509e+02  8.96822099e+01 
 3.16978638e+02  8.96985538e+01 
 3.55655882e+02  8.97093858e+01 
 3.99052463e+02  8.97152306e+01 
 4.47744228e+02  8.97163719e+01 
 5.02377286e+02  8.97128617e+01 
 5.63676586e+02  8.97045216e+01 
 6.32455532e+02  8.96909351e+01 
 7.09626778e+02  8.96714309e+01 
 7.96214341e+02  8.96450573e+01 
 8.93367184e+02  8.96105492e+01 
 1.00237447e+03  8.95662875e+01 
 1.12468265e+03  8.95102537e+01 
 1.26191469e+03  8.94399844e+01 
 1.41589157e+03  8.93525303e+01 
 1.58865647e+03  8.92444300e+01 
 1.78250188e+03  8.91117096e+01 
 2.00000000e+03  8.89499229e+01 
 2.24403691e+03  8.87542475e+01 
 2.51785082e+03  8.85196500e+01 
 2.82507509e+03  8.82411243e+01 
 3.16978638e+03  8.79139965e+01 
 3.55655882e+03  8.75342679e+01 
 3.99052463e+03  8.70989549e+01 
 4.47744228e+03  8.66063675e+01 
 5.02377286e+03  8.60562765e+01 
 5.63676586e+03  8.54499330e+01 
 6.32455532e+03  8.47899370e+01 
 7.09626778e+03  8.40799814e+01 
 7.96214341e+03  8.33245206e+01 
 8.93367184e+03  8.25284189e+01 
 1.00237447e+04  8.16966282e+01 
 1.12468265e+04  8.08339239e+01 
 1.26191469e+04  7.99447142e+01 
 1.41589157e+04  7.90329180e+01 
 1.58865647e+04  7.81019015e+01 
 1.78250188e+04  7.71544572e+01 
 2.00000000e+04  7.61928101e+01 
 2.24403691e+04  7.52186386e+01 
 2.51785082e+04  7.42330985e+01 
 2.82507509e+04  7.32368443e+01 
 3.16978638e+04  7.22300423e+01 
 3.55655882e+04  7.12123732e+01 
 3.99052463e+04  7.01830236e+01 
 4.47744228e+04  6.91406666e+01 
 5.02377286e+04  6.80834350e+01 
 5.63676586e+04  6.70088921e+01 
 6.32455532e+04  6.59140072e+01 
 7.09626778e+04  6.47951478e+01 
 7.96214341e+04  6.36481037e+01 
 8.93367184e+04  6.24681594e+01 
 1.00237447e+05  6.12502363e+01 
 1.12468265e+05  5.99891177e+01 
 1.26191469e+05  5.86797673e+01 
 1.41589157e+05  5.73177294e+01 
 1.58865647e+05  5.58995843e+01 
 1.78250188e+05  5.44234049e+01 
 2.00000000e+05  5.28891501e+01 
