 2.00000000e+01  9.00304536e-09  2.00000000e+01  9.01323739e-09 
 2.09425710e+01  8.97530356e-09  2.09425710e+01  8.98522470e-09 
 2.19295639e+01  8.94886267e-09  2.19295639e+01  8.95853679e-09 
 2.29630724e+01  8.92366014e-09  2.29630724e+01  8.93310892e-09 
 2.40452887e+01  8.89963650e-09  2.40452887e+01  8.90887965e-09 
 2.51785082e+01  8.87673525e-09  2.51785082e+01  8.88579067e-09 
 2.63651348e+01  8.85490266e-09  2.63651348e+01  8.86378663e-09 
 2.76076853e+01  8.83408763e-09  2.76076853e+01  8.84281498e-09 
 2.89087954e+01  8.81424163e-09  2.89087954e+01  8.82282582e-09 
 3.02712250e+01  8.79531848e-09  3.02712250e+01  8.80377179e-09 
 3.16978638e+01  8.77727429e-09  3.16978638e+01  8.78560789e-09 
 3.31917381e+01  8.76006730e-09  3.31917381e+01  8.76829138e-09 
 3.47560166e+01  8.74365783e-09  3.47560166e+01  8.75178166e-09 
 3.63940172e+01  8.72800811e-09  3.63940172e+01  8.73604015e-09 
 3.81092144e+01  8.71308223e-09  3.81092144e+01  8.72103019e-09 
 3.99052463e+01  8.69884603e-09  3.99052463e+01  8.70671694e-09 
 4.17859226e+01  8.68526702e-09  4.17859226e+01  8.69306729e-09 
 4.37552325e+01  8.67231425e-09  4.37552325e+01  8.68004976e-09 
 4.58173531e+01  8.65995832e-09  4.58173531e+01  8.66763440e-09 
 4.79766584e+01  8.64817122e-09  4.79766584e+01  8.65579275e-09 
 5.02377286e+01  8.63692629e-09  5.02377286e+01  8.64449775e-09 
 5.26053598e+01  8.62619817e-09  5.26053598e+01  8.63372363e-09 
 5.50845741e+01  8.61596271e-09  5.50845741e+01  8.62344590e-09 
 5.76806301e+01  8.60619692e-09  5.76806301e+01  8.61364126e-09 
 6.03990344e+01  8.59687892e-09  6.03990344e+01  8.60428751e-09 
 6.32455532e+01  8.58798785e-09  6.32455532e+01  8.59536356e-09 
 6.62262243e+01  8.57950387e-09  6.62262243e+01  8.58684932e-09 
 6.93473701e+01  8.57140808e-09  6.93473701e+01  8.57872565e-09 
 7.26156110e+01  8.56368247e-09  7.26156110e+01  8.57097436e-09 
 7.60378793e+01  8.55630990e-09  7.60378793e+01  8.56357812e-09 
 7.96214341e+01  8.54927401e-09  7.96214341e+01  8.55652040e-09 
 8.33738767e+01  8.54255926e-09  8.33738767e+01  8.54978550e-09 
 8.73031664e+01  8.53615079e-09  8.73031664e+01  8.54335845e-09 
 9.14176379e+01  8.53003449e-09  9.14176379e+01  8.53722498e-09 
 9.57260185e+01  8.52419689e-09  9.57260185e+01  8.53137151e-09 
 1.00237447e+02  8.51862515e-09  1.00237447e+02  8.52578511e-09 
 1.04961492e+02  8.51330703e-09  1.04961492e+02  8.52045343e-09 
 1.09908175e+02  8.50823089e-09  1.09908175e+02  8.51536473e-09 
 1.15087987e+02  8.50338560e-09  1.15087987e+02  8.51050782e-09 
 1.20511917e+02  8.49876057e-09  1.20511917e+02  8.50587202e-09 
 1.26191469e+02  8.49434570e-09  1.26191469e+02  8.50144717e-09 
 1.32138690e+02  8.49013136e-09  1.32138690e+02  8.49722357e-09 
 1.38366194e+02  8.48610836e-09  1.38366194e+02  8.49319199e-09 
 1.44887192e+02  8.48226795e-09  1.44887192e+02  8.48934360e-09 
 1.51715515e+02  8.47860178e-09  1.51715515e+02  8.48567002e-09 
 1.58865647e+02  8.47510189e-09  1.58865647e+02  8.48216325e-09 
 1.66352754e+02  8.47176068e-09  1.66352754e+02  8.47881563e-09 
 1.74192718e+02  8.46857092e-09  1.74192718e+02  8.47561990e-09 
 1.82402168e+02  8.46552568e-09  1.82402168e+02  8.47256911e-09 
 1.90998517e+02  8.46261839e-09  1.90998517e+02  8.46965665e-09 
 2.00000000e+02  8.45984276e-09  2.00000000e+02  8.46687619e-09 
 2.09425710e+02  8.45719279e-09  2.09425710e+02  8.46422171e-09 
 2.19295639e+02  8.45466276e-09  2.19295639e+02  8.46168747e-09 
 2.29630724e+02  8.45224722e-09  2.29630724e+02  8.45926799e-09 
 2.40452887e+02  8.44994095e-09  2.40452887e+02  8.45695804e-09 
 2.51785082e+02  8.44773899e-09  2.51785082e+02  8.45475263e-09 
 2.63651348e+02  8.44563660e-09  2.63651348e+02  8.45264701e-09 
 2.76076853e+02  8.44362926e-09  2.76076853e+02  8.45063664e-09 
 2.89087954e+02  8.44171265e-09  2.89087954e+02  8.44871719e-09 
 3.02712250e+02  8.43988266e-09  3.02712250e+02  8.44688452e-09 
 3.16978638e+02  8.43813535e-09  3.16978638e+02  8.44513469e-09 
 3.31917381e+02  8.43646697e-09  3.31917381e+02  8.44346393e-09 
 3.47560166e+02  8.43487394e-09  3.47560166e+02  8.44186867e-09 
 3.63940172e+02  8.43335286e-09  3.63940172e+02  8.44034546e-09 
 3.81092144e+02  8.43190045e-09  3.81092144e+02  8.43889105e-09 
 3.99052463e+02  8.43051360e-09  3.99052463e+02  8.43750230e-09 
 4.17859226e+02  8.42918935e-09  4.17859226e+02  8.43617625e-09 
 4.37552325e+02  8.42792487e-09  4.37552325e+02  8.43491004e-09 
 4.58173531e+02  8.42671744e-09  4.58173531e+02  8.43370097e-09 
 4.79766584e+02  8.42556448e-09  4.79766584e+02  8.43254644e-09 
 5.02377286e+02  8.42446353e-09  5.02377286e+02  8.43144398e-09 
 5.26053598e+02  8.42341223e-09  5.26053598e+02  8.43039123e-09 
 5.50845741e+02  8.42240834e-09  5.50845741e+02  8.42938593e-09 
 5.76806301e+02  8.42144970e-09  5.76806301e+02  8.42842594e-09 
 6.03990344e+02  8.42053429e-09  6.03990344e+02  8.42750920e-09 
 6.32455532e+02  8.41966013e-09  6.32455532e+02  8.42663375e-09 
 6.62262243e+02  8.41882536e-09  6.62262243e+02  8.42579771e-09 
 6.93473701e+02  8.41802820e-09  6.93473701e+02  8.42499930e-09 
 7.26156110e+02  8.41726695e-09  7.26156110e+02  8.42423680e-09 
 7.60378793e+02  8.41653999e-09  7.60378793e+02  8.42350860e-09 
 7.96214341e+02  8.41584575e-09  7.96214341e+02  8.42281312e-09 
 8.33738767e+02  8.41518277e-09  8.33738767e+02  8.42214889e-09 
 8.73031664e+02  8.41454962e-09  8.73031664e+02  8.42151447e-09 
 9.14176379e+02  8.41394495e-09  9.14176379e+02  8.42090851e-09 
 9.57260185e+02  8.41336748e-09  9.57260185e+02  8.42032972e-09 
 1.00237447e+03  8.41281597e-09  1.00237447e+03  8.41977684e-09 
 1.04961492e+03  8.41228924e-09  1.04961492e+03  8.41924870e-09 
 1.09908175e+03  8.41178618e-09  1.09908175e+03  8.41874416e-09 
 1.15087987e+03  8.41130569e-09  1.15087987e+03  8.41826214e-09 
 1.20511917e+03  8.41084677e-09  1.20511917e+03  8.41780160e-09 
 1.26191469e+03  8.41040842e-09  1.26191469e+03  8.41736154e-09 
 1.32138690e+03  8.40998971e-09  1.32138690e+03  8.41694103e-09 
 1.38366194e+03  8.40958974e-09  1.38366194e+03  8.41653914e-09 
 1.44887192e+03  8.40920766e-09  1.44887192e+03  8.41615500e-09 
 1.51715515e+03  8.40884265e-09  1.51715515e+03  8.41578779e-09 
 1.58865647e+03  8.40849392e-09  1.58865647e+03  8.41543671e-09 
 1.66352754e+03  8.40816072e-09  1.66352754e+03  8.41510098e-09 
 1.74192718e+03  8.40784235e-09  1.74192718e+03  8.41477986e-09 
 1.82402168e+03  8.40753810e-09  1.82402168e+03  8.41447266e-09 
 1.90998517e+03  8.40724733e-09  1.90998517e+03  8.41417869e-09 
 2.00000000e+03  8.40696941e-09  2.00000000e+03  8.41389729e-09 
 2.09425710e+03  8.40670373e-09  2.09425710e+03  8.41362784e-09 
 2.19295639e+03  8.40644971e-09  2.19295639e+03  8.41336973e-09 
 2.29630724e+03  8.40620681e-09  2.29630724e+03  8.41312236e-09 
 2.40452887e+03  8.40597448e-09  2.40452887e+03  8.41288518e-09 
 2.51785082e+03  8.40575222e-09  2.51785082e+03  8.41265762e-09 
 2.63651348e+03  8.40553953e-09  2.63651348e+03  8.41243915e-09 
 2.76076853e+03  8.40533595e-09  2.76076853e+03  8.41222926e-09 
 2.89087954e+03  8.40514101e-09  2.89087954e+03  8.41202743e-09 
 3.02712250e+03  8.40495428e-09  3.02712250e+03  8.41183316e-09 
 3.16978638e+03  8.40477532e-09  3.16978638e+03  8.41164597e-09 
 3.31917381e+03  8.40460374e-09  3.31917381e+03  8.41146538e-09 
 3.47560166e+03  8.40443913e-09  3.47560166e+03  8.41129092e-09 
 3.63940172e+03  8.40428111e-09  3.63940172e+03  8.41112211e-09 
 3.81092144e+03  8.40412929e-09  3.81092144e+03  8.41095848e-09 
 3.99052463e+03  8.40398332e-09  3.99052463e+03  8.41079958e-09 
 4.17859226e+03  8.40384283e-09  4.17859226e+03  8.41064494e-09 
 4.37552325e+03  8.40370747e-09  4.37552325e+03  8.41049407e-09 
 4.58173531e+03  8.40357689e-09  4.58173531e+03  8.41034651e-09 
 4.79766584e+03  8.40345076e-09  4.79766584e+03  8.41020178e-09 
 5.02377286e+03  8.40332874e-09  5.02377286e+03  8.41005936e-09 
 5.26053598e+03  8.40321048e-09  5.26053598e+03  8.40991877e-09 
 5.50845741e+03  8.40309565e-09  5.50845741e+03  8.40977947e-09 
 5.76806301e+03  8.40298392e-09  5.76806301e+03  8.40964091e-09 
 6.03990344e+03  8.40287495e-09  6.03990344e+03  8.40950254e-09 
 6.32455532e+03  8.40276839e-09  6.32455532e+03  8.40936376e-09 
 6.62262243e+03  8.40266389e-09  6.62262243e+03  8.40922395e-09 
 6.93473701e+03  8.40256110e-09  6.93473701e+03  8.40908245e-09 
 7.26156110e+03  8.40245965e-09  7.26156110e+03  8.40893858e-09 
 7.60378793e+03  8.40235916e-09  7.60378793e+03  8.40879160e-09 
 7.96214341e+03  8.40225925e-09  7.96214341e+03  8.40864072e-09 
 8.33738767e+03  8.40215951e-09  8.33738767e+03  8.40848511e-09 
 8.73031664e+03  8.40205951e-09  8.73031664e+03  8.40832387e-09 
 9.14176379e+03  8.40195882e-09  9.14176379e+03  8.40815605e-09 
 9.57260185e+03  8.40185695e-09  9.57260185e+03  8.40798061e-09 
 1.00237447e+04  8.40175341e-09  1.00237447e+04  8.40779643e-09 
 1.04961492e+04  8.40164768e-09  1.04961492e+04  8.40760230e-09 
 1.09908175e+04  8.40153920e-09  1.09908175e+04  8.40739693e-09 
 1.15087987e+04  8.40142737e-09  1.15087987e+04  8.40717891e-09 
 1.20511917e+04  8.40131154e-09  1.20511917e+04  8.40694670e-09 
 1.26191469e+04  8.40119104e-09  1.26191469e+04  8.40669863e-09 
 1.32138690e+04  8.40106512e-09  1.32138690e+04  8.40643291e-09 
 1.38366194e+04  8.40093298e-09  1.38366194e+04  8.40614756e-09 
 1.44887192e+04  8.40079377e-09  1.44887192e+04  8.40584046e-09 
 1.51715515e+04  8.40064655e-09  1.51715515e+04  8.40550926e-09 
 1.58865647e+04  8.40049033e-09  1.58865647e+04  8.40515143e-09 
 1.66352754e+04  8.40032400e-09  1.66352754e+04  8.40476421e-09 
 1.74192718e+04  8.40014639e-09  1.74192718e+04  8.40434458e-09 
 1.82402168e+04  8.39995620e-09  1.82402168e+04  8.40388926e-09 
 1.90998517e+04  8.39975205e-09  1.90998517e+04  8.40339466e-09 
 2.00000000e+04  8.39953240e-09  2.00000000e+04  8.40285687e-09 
