 1.00000000e+01  4.18655252e-08  1.00000000e+01  1.27132734e-10  1.00000000e+01  9.56208688e-09  1.00000000e+01  9.30501868e-09  1.00000000e+01  6.94572026e-09  1.00000000e+01  1.35824806e-08  1.00000000e+01  1.92688088e-08  1.00000000e+01  2.23255355e-10  1.00000000e+01  3.25331423e-11  1.00000000e+01  2.44660781e-10  1.00000000e+01  1.65040265e-10  1.00000000e+01  1.12774223e-08  1.00000000e+01  1.12820388e-08  1.00000000e+01  8.87187750e-09  1.00000000e+01  9.01319403e-09  1.00000000e+01  4.97515061e-09  1.00000000e+01  2.01940812e-08 
 1.25892541e+01  3.97994714e-08  1.25892541e+01  1.17609214e-10  1.25892541e+01  8.62662072e-09  1.25892541e+01  8.39470332e-09  1.25892541e+01  6.87579358e-09  1.25892541e+01  1.26184324e-08  1.25892541e+01  1.73834373e-08  1.25892541e+01  1.98920776e-10  1.25892541e+01  2.93558893e-11  1.25892541e+01  2.20721606e-10  1.25892541e+01  1.48884251e-10  1.25892541e+01  1.03561364e-08  1.25892541e+01  1.03611689e-08  1.25892541e+01  8.87583730e-09  1.25892541e+01  9.01721690e-09  1.25892541e+01  4.97737115e-09  1.25892541e+01  2.02030945e-08 
 1.58489319e+01  3.80751265e-08  1.58489319e+01  1.09739225e-10  1.58489319e+01  7.80209086e-09  1.58489319e+01  7.59233971e-09  1.58489319e+01  6.81915031e-09  1.58489319e+01  1.17944260e-08  1.58489319e+01  1.57216187e-08  1.58489319e+01  1.76770974e-10  1.58489319e+01  2.65567708e-11  1.58489319e+01  1.99621314e-10  1.58489319e+01  1.34643368e-10  1.58489319e+01  9.55925415e-09  1.58489319e+01  9.56470970e-09  1.58489319e+01  8.87833892e-09  1.58489319e+01  9.01975837e-09  1.58489319e+01  4.97877397e-09  1.58489319e+01  2.02087888e-08 
 1.99526231e+01  3.66459275e-08  1.99526231e+01  1.03219950e-10  1.99526231e+01  7.07793660e-09  1.99526231e+01  6.88765238e-09  1.99526231e+01  6.77346169e-09  1.99526231e+01  1.10951340e-08  1.99526231e+01  1.42620719e-08  1.99526231e+01  1.56696906e-10  1.99526231e+01  2.41001746e-11  1.99526231e+01  1.81090112e-10  1.99526231e+01  1.22135598e-10  1.99526231e+01  8.87429820e-09  1.99526231e+01  8.88017727e-09  1.99526231e+01  8.87991891e-09  1.99526231e+01  9.02136353e-09  1.99526231e+01  4.97965995e-09  1.99526231e+01  2.02123853e-08 
 2.51188643e+01  3.54687976e-08  2.51188643e+01  9.76790896e-11  2.51188643e+01  6.44438321e-09  2.51188643e+01  6.27113019e-09  2.51188643e+01  6.73673018e-09  2.51188643e+01  1.05058585e-08  2.51188643e+01  1.29851004e-08  2.51188643e+01  1.38754123e-10  2.51188643e+01  2.19532432e-11  2.51188643e+01  1.64878148e-10  2.51188643e+01  1.11192386e-10  2.51188643e+01  8.28935749e-09  2.51188643e+01  8.29565304e-09  2.51188643e+01  8.88091675e-09  2.51188643e+01  9.02237725e-09  2.51188643e+01  4.98021947e-09  2.51188643e+01  2.02146567e-08 
 3.16227766e+01  3.45047434e-08  3.16227766e+01  9.27530060e-11  3.16227766e+01  5.89244925e-09  3.16227766e+01  5.73403348e-09  3.16227766e+01  6.70727527e-09  3.16227766e+01  1.00127099e-08  3.16227766e+01  1.18726060e-08  3.16227766e+01  1.23105567e-10  3.16227766e+01  2.00859857e-11  3.16227766e+01  1.50755616e-10  3.16227766e+01  1.01658724e-10  3.16227766e+01  7.79314907e-09  3.16227766e+01  7.79984652e-09  3.16227766e+01  8.88154694e-09  3.16227766e+01  9.02301749e-09  3.16227766e+01  4.98057282e-09  3.16227766e+01  2.02160913e-08 
 3.98107171e+01  3.37191307e-08  3.98107171e+01  8.81827307e-11  3.98107171e+01  5.41389206e-09  3.98107171e+01  5.26834127e-09  3.98107171e+01  6.68370265e-09  3.98107171e+01  9.60273963e-09  3.98107171e+01  1.09079800e-08  3.98107171e+01  1.09885618e-10  3.98107171e+01  1.84712536e-11  3.98107171e+01  1.38511421e-10  3.98107171e+01  9.33922398e-11  3.98107171e+01  7.37504865e-09  3.98107171e+01  7.38212644e-09  3.98107171e+01  8.88194494e-09  3.98107171e+01  9.02342183e-09  3.98107171e+01  4.98079596e-09  3.98107171e+01  2.02169974e-08 
 5.01187234e+01  3.30817113e-08  5.01187234e+01  8.38596236e-11  5.01187234e+01  5.00112714e-09  5.01187234e+01  4.86667290e-09  5.01187234e+01  6.66486712e-09  5.01187234e+01  9.26404543e-09  5.01187234e+01  1.00759404e-08  5.01187234e+01  9.90691654e-11  5.01187234e+01  1.70846919e-11  5.01187234e+01  1.27951232e-10  5.01187234e+01  8.62618937e-11  5.01187234e+01  7.02512041e-09  5.01187234e+01  7.03255113e-09  5.01187234e+01  8.88219625e-09  5.01187234e+01  9.02367714e-09  5.01187234e+01  4.98093685e-09  5.01187234e+01  2.02175696e-08 
 6.30957344e+01  3.25664607e-08  6.30957344e+01  7.97952255e-11  6.30957344e+01  4.64714367e-09  6.30957344e+01  4.52220592e-09  6.30957344e+01  6.64983526e-09  6.30957344e+01  8.98584789e-09  6.30957344e+01  9.36236198e-09  6.30957344e+01  9.04386201e-11  6.30957344e+01  1.59047460e-11  6.30957344e+01  1.18895415e-10  6.30957344e+01  8.01465738e-11  6.30957344e+01  6.73415552e-09  6.30957344e+01  6.74190751e-09  6.30957344e+01  8.88235483e-09  6.30957344e+01  9.02383825e-09  6.30957344e+01  4.98102575e-09  6.30957344e+01  2.02179306e-08 
 7.94328235e+01  3.21512819e-08  7.94328235e+01  7.60534808e-11  7.94328235e+01  4.34543063e-09  7.94328235e+01  4.22860425e-09  7.94328235e+01  6.63785053e-09  7.94328235e+01  8.75853241e-09  7.94328235e+01  8.75412676e-09  7.94328235e+01  8.36521326e-11  7.94328235e+01  1.49128352e-11  7.94328235e+01  1.11177189e-10  7.94328235e+01  7.49338473e-11  7.94328235e+01  6.49371491e-09  7.94328235e+01  6.50175400e-09  7.94328235e+01  8.88245477e-09  7.94328235e+01  9.02393977e-09  7.94328235e+01  4.98108177e-09  7.94328235e+01  2.02181582e-08 
 1.00000000e+02  3.18176268e-08  1.00000000e+02  7.26947860e-11  1.00000000e+02  4.08992229e-09  1.00000000e+02  3.97996518e-09  1.00000000e+02  6.62830251e-09  1.00000000e+02  8.57365180e-09  1.00000000e+02  8.23901428e-09  1.00000000e+02  7.83413365e-11  1.00000000e+02  1.40938228e-11  1.00000000e+02  1.04641232e-10  1.00000000e+02  7.05190156e-11  1.00000000e+02  6.29616615e-09  1.00000000e+02  6.30445749e-09  1.00000000e+02  8.88251754e-09  1.00000000e+02  9.02400354e-09  1.00000000e+02  4.98111694e-09  1.00000000e+02  2.02183011e-08 
 1.25892541e+02  3.15500781e-08  1.25892541e+02  6.97504735e-11  1.25892541e+02  3.87496662e-09  1.25892541e+02  3.77078859e-09  1.25892541e+02  6.62070022e-09  1.25892541e+02  8.42389076e-09  1.25892541e+02  7.80563749e-09  1.25892541e+02  7.41783151e-11  1.25892541e+02  1.34369234e-11  1.25892541e+02  9.91428717e-11  1.25892541e+02  6.68045558e-11  1.25892541e+02  6.13470428e-09  1.25892541e+02  6.14321379e-09  1.25892541e+02  8.88255665e-09  1.25892541e+02  9.02404328e-09  1.25892541e+02  4.98113885e-09  1.25892541e+02  2.02183902e-08 
 1.58489319e+02  3.13359269e-08  1.58489319e+02  6.72204870e-11  1.58489319e+02  3.69531524e-09  1.58489319e+02  3.59596717e-09  1.58489319e+02  6.61464983e-09  1.58489319e+02  8.30299790e-09  1.58489319e+02  7.44342218e-09  1.58489319e+02  7.09000082e-11  1.58489319e+02  1.29371939e-11  1.58489319e+02  9.45478105e-11  1.58489319e+02  6.36999337e-11  1.58489319e+02  6.00334970e-09  1.58489319e+02  6.01204533e-09  1.58489319e+02  8.88258053e-09  1.58489319e+02  9.02406753e-09  1.58489319e+02  4.98115221e-09  1.58489319e+02  2.02184445e-08 
 1.99526231e+02  3.11647693e-08  1.99526231e+02  6.50812976e-11  1.99526231e+02  3.54612945e-09  1.99526231e+02  3.45079228e-09  1.99526231e+02  6.60983600e-09  1.99526231e+02  8.20569438e-09  1.99526231e+02  7.14261893e-09  1.99526231e+02  6.83057007e-11  1.99526231e+02  1.25977569e-11  1.99526231e+02  9.07322799e-11  1.99526231e+02  6.11217018e-11  1.99526231e+02  5.89692179e-09  1.99526231e+02  5.90577428e-09  1.99526231e+02  8.88259431e-09  1.99526231e+02  9.02408154e-09  1.99526231e+02  4.98115990e-09  1.99526231e+02  2.02184759e-08 
 2.51188643e+02  3.10281364e-08  2.51188643e+02  6.32955331e-11  2.51188643e+02  3.42299411e-09  2.51188643e+02  3.33096749e-09  2.51188643e+02  6.60600652e-09  2.51188643e+02  8.12756896e-09  2.51188643e+02  6.89433117e-09  2.51188643e+02  6.62446016e-11  2.51188643e+02  1.24328597e-11  2.51188643e+02  8.75833997e-11  2.51188643e+02  5.89937428e-11  2.51188643e+02  5.81099088e-09  2.51188643e+02  5.81997420e-09  2.51188643e+02  8.88260099e-09  2.51188643e+02  9.02408832e-09  2.51188643e+02  4.98116358e-09  2.51188643e+02  2.02184911e-08 
 3.16227766e+02  3.09191665e-08  3.16227766e+02  6.18197999e-11  3.16227766e+02  3.32193123e-09  3.16227766e+02  3.23262173e-09  3.16227766e+02  6.60295987e-09  3.16227766e+02  8.06496835e-09  3.16227766e+02  6.69054230e-09  3.16227766e+02  6.46029185e-11  3.16227766e+02  1.24717069e-11  3.16227766e+02  8.49995366e-11  3.16227766e+02  5.72475161e-11  3.16227766e+02  5.74181417e-09  3.16227766e+02  5.75090563e-09  3.16227766e+02  8.88260198e-09  3.16227766e+02  9.02408933e-09  3.16227766e+02  4.98116405e-09  3.16227766e+02  2.02184934e-08 
 3.98107171e+02  3.08323203e-08  3.98107171e+02  6.06099935e-11  3.98107171e+02  3.23940602e-09  3.98107171e+02  3.15231526e-09  3.98107171e+02  6.60053493e-09  3.98107171e+02  8.01488971e-09  3.98107171e+02  6.52412832e-09  3.98107171e+02  6.32936420e-11  3.98107171e+02  1.27626387e-11  3.98107171e+02  8.28904893e-11  3.98107171e+02  5.58221913e-11  3.98107171e+02  5.68626205e-09  3.98107171e+02  5.69544225e-09  3.98107171e+02  8.88259752e-09  3.98107171e+02  9.02408480e-09  3.98107171e+02  4.98116139e-09  3.98107171e+02  2.02184832e-08 
 5.01187234e+02  3.07631390e-08  5.01187234e+02  5.96244696e-11  5.01187234e+02  3.17232187e-09  5.01187234e+02  3.08703471e-09  5.01187234e+02  6.59860263e-09  5.01187234e+02  7.97488022e-09  5.01187234e+02  6.38884762e-09  5.01187234e+02  6.22492961e-11  5.01187234e+02  1.33767209e-11  5.01187234e+02  8.11774042e-11  5.01187234e+02  5.46646052e-11  5.01187234e+02  5.64174104e-09  5.01187234e+02  5.65099360e-09  5.01187234e+02  8.88258663e-09  5.01187234e+02  9.02407373e-09  5.01187234e+02  4.98115505e-09  5.01187234e+02  2.02184584e-08 
 6.30957344e+02  3.07080397e-08  6.30957344e+02  5.88256819e-11  6.30957344e+02  3.11800300e-09  6.30957344e+02  3.03417624e-09  6.30957344e+02  6.59705918e-09  6.30957344e+02  7.94294622e-09  6.30957344e+02  6.27930640e-09  6.30957344e+02  6.14169891e-11  6.30957344e+02  1.44095908e-11  6.30957344e+02  7.97924086e-11  6.30957344e+02  5.37290335e-11  6.30957344e+02  5.60611800e-09  6.30957344e+02  5.61542926e-09  6.30957344e+02  8.88256696e-09  6.30957344e+02  9.02405375e-09  6.30957344e+02  4.98114365e-09  6.30957344e+02  2.02184137e-08 
 7.94328235e+02  3.06641454e-08  7.94328235e+02  5.81808162e-11  7.94328235e+02  3.07416653e-09  7.94328235e+02  2.99151834e-09  7.94328235e+02  6.59582025e-09  7.94328235e+02  7.91747334e-09  7.94328235e+02  6.19090244e-09  7.94328235e+02  6.07550468e-11  7.94328235e+02  1.59811767e-11  7.94328235e+02  7.86780179e-11  7.94328235e+02  5.29768178e-11  7.94328235e+02  5.57764898e-09  7.94328235e+02  5.58700766e-09  7.94328235e+02  8.88253427e-09  7.94328235e+02  9.02402054e-09  7.94328235e+02  4.98112473e-09  7.94328235e+02  2.02183392e-08 
 1.00000000e+03  3.06291440e-08  1.00000000e+03  5.76618162e-11  1.00000000e+03  3.03888668e-09  1.00000000e+03  2.95718701e-09  1.00000000e+03  6.59481608e-09  1.00000000e+03  7.89715740e-09  1.00000000e+03  6.11975314e-09  1.00000000e+03  6.02307005e-11  1.00000000e+03  1.82348049e-11  1.00000000e+03  7.77864144e-11  1.00000000e+03  5.23759187e-11  1.00000000e+03  5.55491479e-09  1.00000000e+03  5.56431164e-09  1.00000000e+03  8.88248150e-09  1.00000000e+03  9.02396693e-09  1.00000000e+03  4.98109420e-09  1.00000000e+03  2.02182191e-08 
 1.25892541e+03  3.06011700e-08  1.25892541e+03  5.72450686e-11  1.25892541e+03  3.01055455e-09  1.25892541e+03  2.92961661e-09  1.25892541e+03  6.59398693e-09  1.25892541e+03  7.88094536e-09  1.25892541e+03  6.06261456e-09  1.25892541e+03  5.98185054e-11  1.25892541e+03  2.13387746e-11  1.25892541e+03  7.70787267e-11  1.25892541e+03  5.19004885e-11  1.25892541e+03  5.53676387e-09  1.25892541e+03  5.54619133e-09  1.25892541e+03  8.88239726e-09  1.25892541e+03  9.02388135e-09  1.25892541e+03  4.98104548e-09  1.25892541e+03  2.02180273e-08 
 1.58489319e+03  3.05787045e-08  1.58489319e+03  5.69109176e-11  1.58489319e+03  2.98783634e-09  1.58489319e+03  2.90750920e-09  1.58489319e+03  6.59327855e-09  1.58489319e+03  7.86798499e-09  1.58489319e+03  6.01679728e-09  1.58489319e+03  5.94993141e-11  1.58489319e+03  2.54929176e-11  1.58489319e+03  7.65244490e-11  1.58489319e+03  5.15305709e-11  1.58489319e+03  5.52226242e-09  1.58489319e+03  5.53171435e-09  1.58489319e+03  8.88226338e-09  1.58489319e+03  9.02374534e-09  1.58489319e+03  4.98096806e-09  1.58489319e+03  2.02177225e-08 
 1.99526231e+03  3.05604886e-08  1.99526231e+03  5.66431147e-11  1.99526231e+03  2.96963231e-09  1.99526231e+03  2.88979459e-09  1.99526231e+03  6.59263711e-09  1.99526231e+03  7.85758169e-09  1.99526231e+03  5.98008374e-09  1.99526231e+03  5.92597500e-11  1.99526231e+03  3.09404803e-11  1.99526231e+03  7.61011622e-11  1.99526231e+03  5.12520538e-11  1.99526231e+03  5.51065112e-09  1.99526231e+03  5.52012254e-09  1.99526231e+03  8.88205097e-09  1.99526231e+03  9.02352954e-09  1.99526231e+03  4.98084523e-09  1.99526231e+03  2.02172389e-08 
 2.51188643e+03  3.05454422e-08  2.51188643e+03  5.64282603e-11  2.51188643e+03  2.95503776e-09  2.51188643e+03  2.87559242e-09  2.51188643e+03  6.59200286e-09  2.51188643e+03  7.84916044e-09  2.51188643e+03  5.95064963e-09  2.51188643e+03  5.90922096e-11  2.51188643e+03  3.79841513e-11  2.51188643e+03  7.57947521e-11  2.51188643e+03  5.10570367e-11  2.51188643e+03  5.50130716e-09  2.51188643e+03  5.51079400e-09  2.51188643e+03  8.88171419e-09  2.51188643e+03  9.02318740e-09  2.51188643e+03  4.98065048e-09  2.51188643e+03  2.02164722e-08 
 3.16227766e+03  3.05325829e-08  3.16227766e+03  5.62552619e-11  3.16227766e+03  2.94330669e-09  3.16227766e+03  2.86417675e-09  3.16227766e+03  6.59130145e-09  3.16227766e+03  7.84223055e-09  3.16227766e+03  5.92699060e-09  3.16227766e+03  5.89955165e-11  3.16227766e+03  4.70052521e-11  3.16227766e+03  7.56003872e-11  3.16227766e+03  5.09448324e-11  3.16227766e+03  5.49370994e-09  3.16227766e+03  5.50320885e-09  3.16227766e+03  8.88118042e-09  3.16227766e+03  9.02264513e-09  3.16227766e+03  4.98034182e-09  3.16227766e+03  2.02152570e-08 
 3.98107171e+03  3.05209350e-08  3.98107171e+03  5.61148119e-11  3.98107171e+03  2.93381761e-09  3.98107171e+03  2.85494278e-09  3.98107171e+03  6.59043127e-09  3.98107171e+03  7.83635049e-09  3.98107171e+03  5.90785342e-09  3.98107171e+03  5.89764592e-11  3.98107171e+03  5.84861322e-11  3.98107171e+03  7.55246285e-11  3.98107171e+03  5.09239148e-11  3.98107171e+03  5.48740833e-09  3.98107171e+03  5.49691651e-09  3.98107171e+03  8.88033460e-09  3.98107171e+03  9.02178583e-09  3.98107171e+03  4.97985272e-09  3.98107171e+03  2.02133314e-08 
 5.01187234e+03  3.05094152e-08  5.01187234e+03  5.59988680e-11  5.01187234e+03  2.92604062e-09  5.01187234e+03  2.84737486e-09  5.01187234e+03  6.58924420e-09  5.01187234e+03  7.83108880e-09  5.01187234e+03  5.89216955e-09  5.01187234e+03  5.90525793e-11  5.01187234e+03  7.30366487e-11  5.01187234e+03  7.55892089e-11  5.01187234e+03  5.10152602e-11  5.01187234e+03  5.48198664e-09  5.01187234e+03  5.49150161e-09  5.01187234e+03  8.87899454e-09  5.01187234e+03  9.02042442e-09  5.01187234e+03  4.97907781e-09  5.01187234e+03  2.02102806e-08 
 6.30957344e+03  3.04966757e-08  6.30957344e+03  5.59001043e-11  6.30957344e+03  2.91950367e-09  6.30957344e+03  2.84101363e-09  6.30957344e+03  6.58751607e-09  6.30957344e+03  7.82597586e-09  6.30957344e+03  5.87898724e-09  6.30957344e+03  5.92567591e-11  6.30957344e+03  9.14259572e-11  6.30957344e+03  7.58372403e-11  6.30957344e+03  5.12576922e-11  6.30957344e+03  5.47702534e-09  6.30957344e+03  5.48654481e-09  6.30957344e+03  8.87687196e-09  6.30957344e+03  9.01826802e-09  6.30957344e+03  4.97785038e-09  6.30957344e+03  2.02054483e-08 
 7.94328235e+03  3.04808770e-08  7.94328235e+03  5.58112759e-11  7.94328235e+03  2.91375502e-09  7.94328235e+03  2.83541950e-09  7.94328235e+03  6.58490056e-09  7.94328235e+03  7.82043871e-09  7.94328235e+03  5.86739580e-09  7.94328235e+03  5.96443448e-11  7.94328235e+03  1.14620770e-10  7.94328235e+03  7.63428412e-11  7.94328235e+03  5.17159847e-11  7.94328235e+03  5.47205103e-09  7.94328235e+03  5.48157262e-09  7.94328235e+03  8.87351109e-09  7.94328235e+03  9.01485361e-09  7.94328235e+03  4.97590689e-09  7.94328235e+03  2.01977969e-08 
 1.00000000e+04  3.04593466e-08  1.00000000e+04  5.57244174e-11  1.00000000e+04  2.90831745e-09  1.00000000e+04  2.83012806e-09  1.00000000e+04  6.58085738e-09  1.00000000e+04  7.81370745e-09  1.00000000e+04  5.85643333e-09  1.00000000e+04  6.03036548e-11  1.00000000e+04  1.43830742e-10  1.00000000e+04  7.72252912e-11  1.00000000e+04  5.24924556e-11  1.00000000e+04  5.46646729e-09  1.00000000e+04  5.47598826e-09  1.00000000e+04  8.86819257e-09  1.00000000e+04  9.00945035e-09  1.00000000e+04  4.97283128e-09  1.00000000e+04  2.01856886e-08 
 1.25892541e+04  3.04280582e-08  1.25892541e+04  5.56297511e-11  1.25892541e+04  2.90262751e-09  1.25892541e+04  2.82459100e-09  1.25892541e+04  6.57454078e-09  1.25892541e+04  7.80467622e-09  1.25892541e+04  5.84496439e-09  1.25892541e+04  6.13705249e-11  1.25892541e+04  1.80560460e-10  1.25892541e+04  7.86684777e-11  1.25892541e+04  5.37422712e-11  1.25892541e+04  5.45945455e-09  1.25892541e+04  5.46897140e-09  1.25892541e+04  8.85978353e-09  1.25892541e+04  9.00090734e-09  1.25892541e+04  4.96796837e-09  1.25892541e+04  2.01665444e-08 
 1.58489319e+04  3.03808399e-08  1.58489319e+04  5.55141338e-11  1.58489319e+04  2.89595058e-09  1.58489319e+04  2.81809343e-09  1.58489319e+04  6.56462788e-09  1.58489319e+04  7.79169426e-09  1.58489319e+04  5.83150880e-09  1.58489319e+04  6.30465480e-11  1.58489319e+04  2.26664887e-10  1.58489319e+04  8.09449405e-11  1.58489319e+04  5.56911629e-11  1.58489319e+04  5.44982158e-09  1.58489319e+04  5.45932941e-09  1.58489319e+04  8.84650672e-09  1.58489319e+04  8.98741901e-09  1.58489319e+04  4.96029016e-09  1.58489319e+04  2.01363181e-08 
 1.99526231e+04  3.03081802e-08  1.99526231e+04  5.53588024e-11  1.99526231e+04  2.88725889e-09  1.99526231e+04  2.80963518e-09  1.99526231e+04  6.54905880e-09  1.99526231e+04  7.77225329e-09  1.99526231e+04  5.81399596e-09  1.99526231e+04  6.56182023e-11  1.99526231e+04  2.84399779e-10  1.99526231e+04  8.44404019e-11  1.99526231e+04  5.86512860e-11  1.99526231e+04  5.43578500e-09  1.99526231e+04  5.44527666e-09  1.99526231e+04  8.82559051e-09  1.99526231e+04  8.96616957e-09  1.99526231e+04  4.94819322e-09  1.99526231e+04  2.00886998e-08 
