 2.00000000e+01  1.10579066e-08  2.00000000e+01  1.10980938e-08 
 2.04658598e+01  1.10465360e-08  2.04658598e+01  1.10865308e-08 
 2.09425710e+01  1.10354402e-08  2.09425710e+01  1.10752506e-08 
 2.14303861e+01  1.10246124e-08  2.14303861e+01  1.10642461e-08 
 2.19295639e+01  1.10140457e-08  2.19295639e+01  1.10535102e-08 
 2.24403691e+01  1.10037337e-08  2.24403691e+01  1.10430360e-08 
 2.29630724e+01  1.09936699e-08  2.29630724e+01  1.10328167e-08 
 2.34979511e+01  1.09838482e-08  2.34979511e+01  1.10228460e-08 
 2.40452887e+01  1.09742625e-08  2.40452887e+01  1.10131174e-08 
 2.46053754e+01  1.09649069e-08  2.46053754e+01  1.10036249e-08 
 2.51785082e+01  1.09557757e-08  2.51785082e+01  1.09943624e-08 
 2.57649910e+01  1.09468633e-08  2.57649910e+01  1.09853240e-08 
 2.63651348e+01  1.09381643e-08  2.63651348e+01  1.09765042e-08 
 2.69792577e+01  1.09296733e-08  2.69792577e+01  1.09678973e-08 
 2.76076853e+01  1.09213853e-08  2.76076853e+01  1.09594981e-08 
 2.82507509e+01  1.09132951e-08  2.82507509e+01  1.09513013e-08 
 2.89087954e+01  1.09053980e-08  2.89087954e+01  1.09433018e-08 
 2.95821678e+01  1.08976891e-08  2.95821678e+01  1.09354946e-08 
 3.02712250e+01  1.08901637e-08  3.02712250e+01  1.09278750e-08 
 3.09763324e+01  1.08828175e-08  3.09763324e+01  1.09204383e-08 
 3.16978638e+01  1.08756459e-08  3.16978638e+01  1.09131798e-08 
 3.24362019e+01  1.08686447e-08  3.24362019e+01  1.09060951e-08 
 3.31917381e+01  1.08618097e-08  3.31917381e+01  1.08991800e-08 
 3.39648730e+01  1.08551368e-08  3.39648730e+01  1.08924301e-08 
 3.47560166e+01  1.08486221e-08  3.47560166e+01  1.08858415e-08 
 3.55655882e+01  1.08422617e-08  3.55655882e+01  1.08794100e-08 
 3.63940172e+01  1.08360517e-08  3.63940172e+01  1.08731318e-08 
 3.72417427e+01  1.08299887e-08  3.72417427e+01  1.08670032e-08 
 3.81092144e+01  1.08240689e-08  3.81092144e+01  1.08610204e-08 
 3.89968920e+01  1.08182889e-08  3.89968920e+01  1.08551798e-08 
 3.99052463e+01  1.08126453e-08  3.99052463e+01  1.08494779e-08 
 4.08347589e+01  1.08071347e-08  4.08347589e+01  1.08439114e-08 
 4.17859226e+01  1.08017541e-08  4.17859226e+01  1.08384769e-08 
 4.27592418e+01  1.07965001e-08  4.27592418e+01  1.08331711e-08 
 4.37552325e+01  1.07913698e-08  4.37552325e+01  1.08279910e-08 
 4.47744228e+01  1.07863601e-08  4.47744228e+01  1.08229334e-08 
 4.58173531e+01  1.07814682e-08  4.58173531e+01  1.08179954e-08 
 4.68845763e+01  1.07766911e-08  4.68845763e+01  1.08131740e-08 
 4.79766584e+01  1.07720262e-08  4.79766584e+01  1.08084664e-08 
 4.90941783e+01  1.07674708e-08  4.90941783e+01  1.08038699e-08 
 5.02377286e+01  1.07630221e-08  5.02377286e+01  1.07993816e-08 
 5.14079157e+01  1.07586777e-08  5.14079157e+01  1.07949991e-08 
 5.26053598e+01  1.07544350e-08  5.26053598e+01  1.07907198e-08 
 5.38306961e+01  1.07502916e-08  5.38306961e+01  1.07865411e-08 
 5.50845741e+01  1.07462451e-08  5.50845741e+01  1.07824606e-08 
 5.63676586e+01  1.07422933e-08  5.63676586e+01  1.07784760e-08 
 5.76806301e+01  1.07384337e-08  5.76806301e+01  1.07745849e-08 
 5.90241845e+01  1.07346643e-08  5.90241845e+01  1.07707851e-08 
 6.03990344e+01  1.07309829e-08  6.03990344e+01  1.07670743e-08 
 6.18059087e+01  1.07273874e-08  6.18059087e+01  1.07634506e-08 
 6.32455532e+01  1.07238757e-08  6.32455532e+01  1.07599116e-08 
 6.47187314e+01  1.07204458e-08  6.47187314e+01  1.07564555e-08 
 6.62262243e+01  1.07170959e-08  6.62262243e+01  1.07530803e-08 
 6.77688312e+01  1.07138239e-08  6.77688312e+01  1.07497839e-08 
 6.93473701e+01  1.07106281e-08  6.93473701e+01  1.07465646e-08 
 7.09626778e+01  1.07075067e-08  7.09626778e+01  1.07434204e-08 
 7.26156110e+01  1.07044578e-08  7.26156110e+01  1.07403496e-08 
 7.43070458e+01  1.07014798e-08  7.43070458e+01  1.07373504e-08 
 7.60378793e+01  1.06985709e-08  7.60378793e+01  1.07344212e-08 
 7.78090290e+01  1.06957296e-08  7.78090290e+01  1.07315602e-08 
 7.96214341e+01  1.06929543e-08  7.96214341e+01  1.07287659e-08 
 8.14760556e+01  1.06902433e-08  8.14760556e+01  1.07260366e-08 
 8.33738767e+01  1.06875953e-08  8.33738767e+01  1.07233708e-08 
 8.53159038e+01  1.06850086e-08  8.53159038e+01  1.07207670e-08 
 8.73031664e+01  1.06824819e-08  8.73031664e+01  1.07182237e-08 
 8.93367184e+01  1.06800137e-08  8.93367184e+01  1.07157396e-08 
 9.14176379e+01  1.06776026e-08  9.14176379e+01  1.07133131e-08 
 9.35470283e+01  1.06752474e-08  9.35470283e+01  1.07109430e-08 
 9.57260185e+01  1.06729467e-08  9.57260185e+01  1.07086279e-08 
 9.79557639e+01  1.06706992e-08  9.79557639e+01  1.07063664e-08 
 1.00237447e+02  1.06685037e-08  1.00237447e+02  1.07041575e-08 
 1.02572277e+02  1.06663589e-08  1.02572277e+02  1.07019997e-08 
 1.04961492e+02  1.06642637e-08  1.04961492e+02  1.06998919e-08 
 1.07406359e+02  1.06622169e-08  1.07406359e+02  1.06978329e-08 
 1.09908175e+02  1.06602174e-08  1.09908175e+02  1.06958216e-08 
 1.12468265e+02  1.06582640e-08  1.12468265e+02  1.06938569e-08 
 1.15087987e+02  1.06563557e-08  1.15087987e+02  1.06919376e-08 
 1.17768731e+02  1.06544915e-08  1.17768731e+02  1.06900627e-08 
 1.20511917e+02  1.06526702e-08  1.20511917e+02  1.06882311e-08 
 1.23319000e+02  1.06508910e-08  1.23319000e+02  1.06864419e-08 
 1.26191469e+02  1.06491527e-08  1.26191469e+02  1.06846940e-08 
 1.29130846e+02  1.06474546e-08  1.29130846e+02  1.06829865e-08 
 1.32138690e+02  1.06457955e-08  1.32138690e+02  1.06813184e-08 
 1.35216595e+02  1.06441747e-08  1.35216595e+02  1.06796888e-08 
 1.38366194e+02  1.06425912e-08  1.38366194e+02  1.06780968e-08 
 1.41589157e+02  1.06410442e-08  1.41589157e+02  1.06765415e-08 
 1.44887192e+02  1.06395328e-08  1.44887192e+02  1.06750221e-08 
 1.48262048e+02  1.06380561e-08  1.48262048e+02  1.06735378e-08 
 1.51715515e+02  1.06366134e-08  1.51715515e+02  1.06720876e-08 
 1.55249423e+02  1.06352039e-08  1.55249423e+02  1.06706709e-08 
 1.58865647e+02  1.06338269e-08  1.58865647e+02  1.06692868e-08 
 1.62566103e+02  1.06324814e-08  1.62566103e+02  1.06679345e-08 
 1.66352754e+02  1.06311670e-08  1.66352754e+02  1.06666134e-08 
 1.70227608e+02  1.06298827e-08  1.70227608e+02  1.06653227e-08 
 1.74192718e+02  1.06286279e-08  1.74192718e+02  1.06640617e-08 
 1.78250188e+02  1.06274020e-08  1.78250188e+02  1.06628298e-08 
 1.82402168e+02  1.06262042e-08  1.82402168e+02  1.06616261e-08 
 1.86650860e+02  1.06250339e-08  1.86650860e+02  1.06604502e-08 
 1.90998517e+02  1.06238904e-08  1.90998517e+02  1.06593012e-08 
 1.95447444e+02  1.06227733e-08  1.95447444e+02  1.06581787e-08 
 2.00000000e+02  1.06216817e-08  2.00000000e+02  1.06570820e-08 
 2.04658598e+02  1.06206152e-08  2.04658598e+02  1.06560105e-08 
 2.09425710e+02  1.06195732e-08  2.09425710e+02  1.06549635e-08 
 2.14303861e+02  1.06185551e-08  2.14303861e+02  1.06539407e-08 
 2.19295639e+02  1.06175603e-08  2.19295639e+02  1.06529413e-08 
 2.24403691e+02  1.06165884e-08  2.24403691e+02  1.06519648e-08 
 2.29630724e+02  1.06156387e-08  2.29630724e+02  1.06510108e-08 
 2.34979511e+02  1.06147108e-08  2.34979511e+02  1.06500787e-08 
 2.40452887e+02  1.06138041e-08  2.40452887e+02  1.06491679e-08 
 2.46053754e+02  1.06129183e-08  2.46053754e+02  1.06482781e-08 
 2.51785082e+02  1.06120527e-08  2.51785082e+02  1.06474086e-08 
 2.57649910e+02  1.06112070e-08  2.57649910e+02  1.06465591e-08 
 2.63651348e+02  1.06103806e-08  2.63651348e+02  1.06457291e-08 
 2.69792577e+02  1.06095731e-08  2.69792577e+02  1.06449180e-08 
 2.76076853e+02  1.06087842e-08  2.76076853e+02  1.06441256e-08 
 2.82507509e+02  1.06080133e-08  2.82507509e+02  1.06433514e-08 
 2.89087954e+02  1.06072601e-08  2.89087954e+02  1.06425948e-08 
 2.95821678e+02  1.06065241e-08  2.95821678e+02  1.06418556e-08 
 3.02712250e+02  1.06058049e-08  3.02712250e+02  1.06411334e-08 
 3.09763324e+02  1.06051022e-08  3.09763324e+02  1.06404276e-08 
 3.16978638e+02  1.06044156e-08  3.16978638e+02  1.06397381e-08 
 3.24362019e+02  1.06037447e-08  3.24362019e+02  1.06390643e-08 
 3.31917381e+02  1.06030891e-08  3.31917381e+02  1.06384059e-08 
 3.39648730e+02  1.06024485e-08  3.39648730e+02  1.06377627e-08 
 3.47560166e+02  1.06018226e-08  3.47560166e+02  1.06371341e-08 
 3.55655882e+02  1.06012110e-08  3.55655882e+02  1.06365199e-08 
 3.63940172e+02  1.06006134e-08  3.63940172e+02  1.06359198e-08 
 3.72417427e+02  1.06000295e-08  3.72417427e+02  1.06353334e-08 
 3.81092144e+02  1.05994589e-08  3.81092144e+02  1.06347604e-08 
 3.89968920e+02  1.05989013e-08  3.89968920e+02  1.06342005e-08 
 3.99052463e+02  1.05983565e-08  3.99052463e+02  1.06336534e-08 
 4.08347589e+02  1.05978241e-08  4.08347589e+02  1.06331188e-08 
 4.17859226e+02  1.05973039e-08  4.17859226e+02  1.06325964e-08 
 4.27592418e+02  1.05967956e-08  4.27592418e+02  1.06320860e-08 
 4.37552325e+02  1.05962989e-08  4.37552325e+02  1.06315872e-08 
 4.47744228e+02  1.05958136e-08  4.47744228e+02  1.06310999e-08 
 4.58173531e+02  1.05953393e-08  4.58173531e+02  1.06306236e-08 
 4.68845763e+02  1.05948759e-08  4.68845763e+02  1.06301583e-08 
 4.79766584e+02  1.05944231e-08  4.79766584e+02  1.06297035e-08 
 4.90941783e+02  1.05939806e-08  4.90941783e+02  1.06292592e-08 
 5.02377286e+02  1.05935482e-08  5.02377286e+02  1.06288250e-08 
 5.14079157e+02  1.05931257e-08  5.14079157e+02  1.06284007e-08 
 5.26053598e+02  1.05927128e-08  5.26053598e+02  1.06279861e-08 
 5.38306961e+02  1.05923094e-08  5.38306961e+02  1.06275810e-08 
 5.50845741e+02  1.05919152e-08  5.50845741e+02  1.06271851e-08 
 5.63676586e+02  1.05915299e-08  5.63676586e+02  1.06267982e-08 
 5.76806301e+02  1.05911535e-08  5.76806301e+02  1.06264202e-08 
 5.90241845e+02  1.05907857e-08  5.90241845e+02  1.06260507e-08 
 6.03990344e+02  1.05904262e-08  6.03990344e+02  1.06256897e-08 
 6.18059087e+02  1.05900750e-08  6.18059087e+02  1.06253370e-08 
 6.32455532e+02  1.05897318e-08  6.32455532e+02  1.06249922e-08 
 6.47187314e+02  1.05893964e-08  6.47187314e+02  1.06246554e-08 
 6.62262243e+02  1.05890686e-08  6.62262243e+02  1.06243262e-08 
 6.77688312e+02  1.05887484e-08  6.77688312e+02  1.06240045e-08 
 6.93473701e+02  1.05884354e-08  6.93473701e+02  1.06236901e-08 
 7.09626778e+02  1.05881296e-08  7.09626778e+02  1.06233829e-08 
 7.26156110e+02  1.05878308e-08  7.26156110e+02  1.06230827e-08 
 7.43070458e+02  1.05875388e-08  7.43070458e+02  1.06227893e-08 
 7.60378793e+02  1.05872534e-08  7.60378793e+02  1.06225026e-08 
 7.78090290e+02  1.05869746e-08  7.78090290e+02  1.06222224e-08 
 7.96214341e+02  1.05867021e-08  7.96214341e+02  1.06219486e-08 
 8.14760556e+02  1.05864358e-08  8.14760556e+02  1.06216810e-08 
 8.33738767e+02  1.05861756e-08  8.33738767e+02  1.06214195e-08 
 8.53159038e+02  1.05859214e-08  8.53159038e+02  1.06211639e-08 
 8.73031664e+02  1.05856729e-08  8.73031664e+02  1.06209141e-08 
 8.93367184e+02  1.05854301e-08  8.93367184e+02  1.06206700e-08 
 9.14176379e+02  1.05851929e-08  9.14176379e+02  1.06204315e-08 
 9.35470283e+02  1.05849610e-08  9.35470283e+02  1.06201983e-08 
 9.57260185e+02  1.05847345e-08  9.57260185e+02  1.06199705e-08 
 9.79557639e+02  1.05845131e-08  9.79557639e+02  1.06197478e-08 
 1.00237447e+03  1.05842967e-08  1.00237447e+03  1.06195301e-08 
 1.02572277e+03  1.05840853e-08  1.02572277e+03  1.06193174e-08 
 1.04961492e+03  1.05838787e-08  1.04961492e+03  1.06191095e-08 
 1.07406359e+03  1.05836768e-08  1.07406359e+03  1.06189063e-08 
 1.09908175e+03  1.05834795e-08  1.09908175e+03  1.06187076e-08 
 1.12468265e+03  1.05832868e-08  1.12468265e+03  1.06185135e-08 
 1.15087987e+03  1.05830984e-08  1.15087987e+03  1.06183237e-08 
 1.17768731e+03  1.05829143e-08  1.17768731e+03  1.06181383e-08 
 1.20511917e+03  1.05827344e-08  1.20511917e+03  1.06179570e-08 
 1.23319000e+03  1.05825586e-08  1.23319000e+03  1.06177797e-08 
 1.26191469e+03  1.05823868e-08  1.26191469e+03  1.06176065e-08 
 1.29130846e+03  1.05822189e-08  1.29130846e+03  1.06174372e-08 
 1.32138690e+03  1.05820549e-08  1.32138690e+03  1.06172716e-08 
 1.35216595e+03  1.05818946e-08  1.35216595e+03  1.06171098e-08 
 1.38366194e+03  1.05817379e-08  1.38366194e+03  1.06169516e-08 
 1.41589157e+03  1.05815848e-08  1.41589157e+03  1.06167969e-08 
 1.44887192e+03  1.05814352e-08  1.44887192e+03  1.06166457e-08 
 1.48262048e+03  1.05812891e-08  1.48262048e+03  1.06164978e-08 
 1.51715515e+03  1.05811462e-08  1.51715515e+03  1.06163532e-08 
 1.55249423e+03  1.05810066e-08  1.55249423e+03  1.06162119e-08 
 1.58865647e+03  1.05808702e-08  1.58865647e+03  1.06160737e-08 
 1.62566103e+03  1.05807369e-08  1.62566103e+03  1.06159385e-08 
 1.66352754e+03  1.05806066e-08  1.66352754e+03  1.06158063e-08 
 1.70227608e+03  1.05804793e-08  1.70227608e+03  1.06156770e-08 
 1.74192718e+03  1.05803549e-08  1.74192718e+03  1.06155506e-08 
 1.78250188e+03  1.05802333e-08  1.78250188e+03  1.06154269e-08 
 1.82402168e+03  1.05801145e-08  1.82402168e+03  1.06153060e-08 
 1.86650860e+03  1.05799984e-08  1.86650860e+03  1.06151877e-08 
 1.90998517e+03  1.05798850e-08  1.90998517e+03  1.06150719e-08 
 1.95447444e+03  1.05797741e-08  1.95447444e+03  1.06149586e-08 
 2.00000000e+03  1.05796658e-08  2.00000000e+03  1.06148478e-08 
 2.04658598e+03  1.05795599e-08  2.04658598e+03  1.06147394e-08 
 2.09425710e+03  1.05794565e-08  2.09425710e+03  1.06146333e-08 
 2.14303861e+03  1.05793554e-08  2.14303861e+03  1.06145294e-08 
 2.19295639e+03  1.05792566e-08  2.19295639e+03  1.06144278e-08 
 2.24403691e+03  1.05791601e-08  2.24403691e+03  1.06143282e-08 
 2.29630724e+03  1.05790657e-08  2.29630724e+03  1.06142308e-08 
 2.34979511e+03  1.05789735e-08  2.34979511e+03  1.06141354e-08 
 2.40452887e+03  1.05788834e-08  2.40452887e+03  1.06140419e-08 
 2.46053754e+03  1.05787954e-08  2.46053754e+03  1.06139504e-08 
 2.51785082e+03  1.05787094e-08  2.51785082e+03  1.06138607e-08 
 2.57649910e+03  1.05786253e-08  2.57649910e+03  1.06137729e-08 
 2.63651348e+03  1.05785431e-08  2.63651348e+03  1.06136868e-08 
 2.69792577e+03  1.05784629e-08  2.69792577e+03  1.06136024e-08 
 2.76076853e+03  1.05783844e-08  2.76076853e+03  1.06135197e-08 
 2.82507509e+03  1.05783077e-08  2.82507509e+03  1.06134385e-08 
 2.89087954e+03  1.05782328e-08  2.89087954e+03  1.06133590e-08 
 2.95821678e+03  1.05781596e-08  2.95821678e+03  1.06132809e-08 
 3.02712250e+03  1.05780880e-08  3.02712250e+03  1.06132043e-08 
 3.09763324e+03  1.05780181e-08  3.09763324e+03  1.06131291e-08 
 3.16978638e+03  1.05779498e-08  3.16978638e+03  1.06130553e-08 
 3.24362019e+03  1.05778831e-08  3.24362019e+03  1.06129827e-08 
 3.31917381e+03  1.05778178e-08  3.31917381e+03  1.06129115e-08 
 3.39648730e+03  1.05777541e-08  3.39648730e+03  1.06128414e-08 
 3.47560166e+03  1.05776918e-08  3.47560166e+03  1.06127726e-08 
 3.55655882e+03  1.05776309e-08  3.55655882e+03  1.06127048e-08 
 3.63940172e+03  1.05775714e-08  3.63940172e+03  1.06126382e-08 
 3.72417427e+03  1.05775132e-08  3.72417427e+03  1.06125725e-08 
 3.81092144e+03  1.05774564e-08  3.81092144e+03  1.06125079e-08 
 3.89968920e+03  1.05774009e-08  3.89968920e+03  1.06124442e-08 
 3.99052463e+03  1.05773467e-08  3.99052463e+03  1.06123814e-08 
 4.08347589e+03  1.05772936e-08  4.08347589e+03  1.06123194e-08 
 4.17859226e+03  1.05772418e-08  4.17859226e+03  1.06122582e-08 
 4.27592418e+03  1.05771912e-08  4.27592418e+03  1.06121978e-08 
 4.37552325e+03  1.05771417e-08  4.37552325e+03  1.06121381e-08 
 4.47744228e+03  1.05770934e-08  4.47744228e+03  1.06120791e-08 
 4.58173531e+03  1.05770462e-08  4.58173531e+03  1.06120206e-08 
 4.68845763e+03  1.05770000e-08  4.68845763e+03  1.06119628e-08 
 4.79766584e+03  1.05769549e-08  4.79766584e+03  1.06119054e-08 
 4.90941783e+03  1.05769108e-08  4.90941783e+03  1.06118485e-08 
 5.02377286e+03  1.05768677e-08  5.02377286e+03  1.06117920e-08 
 5.14079157e+03  1.05768257e-08  5.14079157e+03  1.06117359e-08 
 5.26053598e+03  1.05767845e-08  5.26053598e+03  1.06116801e-08 
 5.38306961e+03  1.05767443e-08  5.38306961e+03  1.06116245e-08 
 5.50845741e+03  1.05767051e-08  5.50845741e+03  1.06115692e-08 
 5.63676586e+03  1.05766667e-08  5.63676586e+03  1.06115140e-08 
 5.76806301e+03  1.05766292e-08  5.76806301e+03  1.06114588e-08 
 5.90241845e+03  1.05765926e-08  5.90241845e+03  1.06114038e-08 
 6.03990344e+03  1.05765568e-08  6.03990344e+03  1.06113487e-08 
 6.18059087e+03  1.05765218e-08  6.18059087e+03  1.06112935e-08 
 6.32455532e+03  1.05764876e-08  6.32455532e+03  1.06112382e-08 
 6.47187314e+03  1.05764542e-08  6.47187314e+03  1.06111827e-08 
 6.62262243e+03  1.05764216e-08  6.62262243e+03  1.06111269e-08 
 6.77688312e+03  1.05763897e-08  6.77688312e+03  1.06110707e-08 
 6.93473701e+03  1.05763585e-08  6.93473701e+03  1.06110142e-08 
 7.09626778e+03  1.05763281e-08  7.09626778e+03  1.06109572e-08 
 7.26156110e+03  1.05762983e-08  7.26156110e+03  1.06108997e-08 
 7.43070458e+03  1.05762693e-08  7.43070458e+03  1.06108415e-08 
 7.60378793e+03  1.05762409e-08  7.60378793e+03  1.06107826e-08 
 7.78090290e+03  1.05762131e-08  7.78090290e+03  1.06107230e-08 
 7.96214341e+03  1.05761860e-08  7.96214341e+03  1.06106625e-08 
 8.14760556e+03  1.05761595e-08  8.14760556e+03  1.06106011e-08 
 8.33738767e+03  1.05761336e-08  8.33738767e+03  1.06105386e-08 
 8.53159038e+03  1.05761084e-08  8.53159038e+03  1.06104750e-08 
 8.73031664e+03  1.05760837e-08  8.73031664e+03  1.06104102e-08 
 8.93367184e+03  1.05760595e-08  8.93367184e+03  1.06103441e-08 
 9.14176379e+03  1.05760360e-08  9.14176379e+03  1.06102766e-08 
 9.35470283e+03  1.05760129e-08  9.35470283e+03  1.06102076e-08 
 9.57260185e+03  1.05759904e-08  9.57260185e+03  1.06101369e-08 
 9.79557639e+03  1.05759685e-08  9.79557639e+03  1.06100645e-08 
 1.00237447e+04  1.05759470e-08  1.00237447e+04  1.06099902e-08 
 1.02572277e+04  1.05759260e-08  1.02572277e+04  1.06099140e-08 
 1.04961492e+04  1.05759056e-08  1.04961492e+04  1.06098357e-08 
 1.07406359e+04  1.05758856e-08  1.07406359e+04  1.06097551e-08 
 1.09908175e+04  1.05758660e-08  1.09908175e+04  1.06096722e-08 
 1.12468265e+04  1.05758469e-08  1.12468265e+04  1.06095867e-08 
 1.15087987e+04  1.05758283e-08  1.15087987e+04  1.06094986e-08 
 1.17768731e+04  1.05758101e-08  1.17768731e+04  1.06094076e-08 
 1.20511917e+04  1.05757923e-08  1.20511917e+04  1.06093137e-08 
 1.23319000e+04  1.05757749e-08  1.23319000e+04  1.06092166e-08 
 1.26191469e+04  1.05757580e-08  1.26191469e+04  1.06091162e-08 
 1.29130846e+04  1.05757414e-08  1.29130846e+04  1.06090122e-08 
 1.32138690e+04  1.05757253e-08  1.32138690e+04  1.06089046e-08 
 1.35216595e+04  1.05757095e-08  1.35216595e+04  1.06087931e-08 
 1.38366194e+04  1.05756941e-08  1.38366194e+04  1.06086774e-08 
 1.41589157e+04  1.05756790e-08  1.41589157e+04  1.06085574e-08 
 1.44887192e+04  1.05756644e-08  1.44887192e+04  1.06084329e-08 
 1.48262048e+04  1.05756500e-08  1.48262048e+04  1.06083036e-08 
 1.51715515e+04  1.05756360e-08  1.51715515e+04  1.06081692e-08 
 1.55249423e+04  1.05756224e-08  1.55249423e+04  1.06080295e-08 
 1.58865647e+04  1.05756090e-08  1.58865647e+04  1.06078843e-08 
 1.62566103e+04  1.05755960e-08  1.62566103e+04  1.06077332e-08 
 1.66352754e+04  1.05755833e-08  1.66352754e+04  1.06075760e-08 
 1.70227608e+04  1.05755710e-08  1.70227608e+04  1.06074123e-08 
 1.74192718e+04  1.05755589e-08  1.74192718e+04  1.06072419e-08 
 1.78250188e+04  1.05755471e-08  1.78250188e+04  1.06070644e-08 
 1.82402168e+04  1.05755356e-08  1.82402168e+04  1.06068794e-08 
 1.86650860e+04  1.05755244e-08  1.86650860e+04  1.06066866e-08 
 1.90998517e+04  1.05755134e-08  1.90998517e+04  1.06064856e-08 
 1.95447444e+04  1.05755027e-08  1.95447444e+04  1.06062761e-08 
 2.00000000e+04  1.05754923e-08  2.00000000e+04  1.06060575e-08 
