 2.00000000e+01  7.36585445e+01 
 2.24403691e+01  7.41314797e+01 
 2.51785082e+01  7.46213498e+01 
 2.82507509e+01  7.51188112e+01 
 3.16978638e+01  7.56140290e+01 
 3.55655882e+01  7.60973202e+01 
 3.99052463e+01  7.65597820e+01 
 4.47744228e+01  7.69938389e+01 
 5.02377286e+01  7.73936506e+01 
 5.63676586e+01  7.77553361e+01 
 6.32455532e+01  7.80770000e+01 
 7.09626778e+01  7.83585711e+01 
 7.96214341e+01  7.86015018e+01 
 8.93367184e+01  7.88083848e+01 
 1.00237447e+02  7.89825554e+01 
 1.12468265e+02  7.91277263e+01 
 1.26191469e+02  7.92476909e+01 
 1.41589157e+02  7.93461046e+01 
 1.58865647e+02  7.94263427e+01 
 1.78250188e+02  7.94914234e+01 
 2.00000000e+02  7.95439779e+01 
 2.24403691e+02  7.95862559e+01 
 2.51785082e+02  7.96201502e+01 
 2.82507509e+02  7.96472334e+01 
 3.16978638e+02  7.96687977e+01 
 3.55655882e+02  7.96858952e+01 
 3.99052463e+02  7.96993749e+01 
 4.47744228e+02  7.97099151e+01 
 5.02377286e+02  7.97180524e+01 
 5.63676586e+02  7.97242040e+01 
 6.32455532e+02  7.97286877e+01 
 7.09626778e+02  7.97317358e+01 
 7.96214341e+02  7.97335071e+01 
 8.93367184e+02  7.97340934e+01 
 1.00237447e+03  7.97335251e+01 
 1.12468265e+03  7.97317718e+01 
 1.26191469e+03  7.97287408e+01 
 1.41589157e+03  7.97242726e+01 
 1.58865647e+03  7.97181326e+01 
 1.78250188e+03  7.97099992e+01 
 2.00000000e+03  7.96994482e+01 
 2.24403691e+03  7.96859318e+01 
 2.51785082e+03  7.96687521e+01 
 2.82507509e+03  7.96470293e+01 
 3.16978638e+03  7.96196611e+01 
 3.55655882e+03  7.95852759e+01 
 3.99052463e+03  7.95421762e+01 
 4.47744228e+03  7.94882749e+01 
 5.02377286e+03  7.94210235e+01 
 5.63676586e+03  7.93373361e+01 
 6.32455532e+03  7.92335134e+01 
 7.09626778e+03  7.91051739e+01 
 7.96214341e+03  7.89472038e+01 
 8.93367184e+03  7.87537395e+01 
 1.00237447e+04  7.85181999e+01 
 1.12468265e+04  7.82333845e+01 
 1.26191469e+04  7.78916507e+01 
 1.41589157e+04  7.74851729e+01 
 1.58865647e+04  7.70062738e+01 
 1.78250188e+04  7.64478005e+01 
 2.00000000e+04  7.58035090e+01 
 2.24403691e+04  7.50684160e+01 
 2.51785082e+04  7.42390894e+01 
 2.82507509e+04  7.33138622e+01 
 3.16978638e+04  7.22929729e+01 
 3.55655882e+04  7.11786419e+01 
 3.99052463e+04  6.99750867e+01 
 4.47744228e+04  6.86884700e+01 
 5.02377286e+04  6.73267683e+01 
 5.63676586e+04  6.58995534e+01 
 6.32455532e+04  6.44176900e+01 
 7.09626778e+04  6.28929701e+01 
 7.96214341e+04  6.13377097e+01 
 8.93367184e+04  5.97643293e+01 
 1.00237447e+05  5.81849336e+01 
 1.12468265e+05  5.66108935e+01 
 1.26191469e+05  5.50524359e+01 
 1.41589157e+05  5.35182523e+01 
 1.58865647e+05  5.20151522e+01 
 1.78250188e+05  5.05477994e+01 
 2.00000000e+05  4.91185709e+01 
