 2.00000000e+01  1.69337816e+03  2.00000000e+01  3.17481429e-02 
 2.24403691e+01  1.50938462e+03  2.24403691e+01  3.17482684e-02 
 2.51785082e+01  1.34541587e+03  2.51785082e+01  3.17485219e-02 
 2.82507509e+01  1.19929725e+03  2.82507509e+01  3.17489648e-02 
 3.16978638e+01  1.06909064e+03  3.16978638e+01  3.17496656e-02 
 3.55655882e+01  9.53068800e+02  3.55655882e+01  3.17507023e-02 
 3.99052463e+01  8.49692576e+02  3.99052463e+01  3.17521653e-02 
 4.47744228e+01  7.57590472e+02  4.47744228e+01  3.17541622e-02 
 5.02377286e+01  6.75540504e+02  5.02377286e+01  3.17568233e-02 
 5.63676586e+01  6.02453997e+02  5.63676586e+01  3.17603090e-02 
 6.32455532e+01  5.37361149e+02  6.32455532e+01  3.17648189e-02 
 7.09626778e+01  4.79398165e+02  7.09626778e+01  3.17706032e-02 
 7.96214341e+01  4.27795790e+02  7.96214341e+01  3.17779769e-02 
 8.93367184e+01  3.81869083e+02  8.93367184e+01  3.17873365e-02 
 1.00237447e+02  3.41008313e+02  1.00237447e+02  3.17991823e-02 
 1.12468265e+02  3.04670824e+02  1.12468265e+02  3.18141444e-02 
 1.26191469e+02  2.72373788e+02  1.26191469e+02  3.18330161e-02 
 1.41589157e+02  2.43687730e+02  1.41589157e+02  3.18567957e-02 
 1.58865647e+02  2.18230727e+02  1.58865647e+02  3.18867375e-02 
 1.78250188e+02  1.95663214e+02  1.78250188e+02  3.19244165e-02 
 2.00000000e+02  1.75683301e+02  2.00000000e+02  3.19718083e-02 
 2.24403691e+02  1.58022548e+02  2.24403691e+02  3.20313871e-02 
 2.51785082e+02  1.42442107e+02  2.51785082e+02  3.21062479e-02 
 2.82507509e+02  1.28729202e+02  2.82507509e+02  3.22002547e-02 
 3.16978638e+02  1.16693875e+02  3.16978638e+02  3.23182215e-02 
 3.55655882e+02  1.06165982e+02  3.55655882e+02  3.24661297e-02 
 3.99052463e+02  9.69924082e+01  3.99052463e+02  3.26513875e-02 
 4.47744228e+02  8.90345256e+01  4.47744228e+02  3.28831331e-02 
 5.02377286e+02  8.21659218e+01  5.02377286e+02  3.31725844e-02 
 5.63676586e+02  7.62704517e+01  5.63676586e+02  3.35334319e-02 
 6.32455532e+02  7.12406772e+01  6.32455532e+02  3.39822654e-02 
 7.09626778e+02  6.69767435e+01  7.09626778e+02  3.45390217e-02 
 7.96214341e+02  6.33857006e+01  7.96214341e+02  3.52274266e-02 
 8.93367184e+02  6.03812280e+01  8.93367184e+02  3.60754021e-02 
 1.00237447e+03  5.78836636e+01  1.00237447e+03  3.71154002e-02 
 1.12468265e+03  5.58202004e+01  1.12468265e+03  3.83846308e-02 
 1.26191469e+03  5.41251040e+01  1.26191469e+03  3.99251591e-02 
 1.41589157e+03  5.27398341e+01  1.41589157e+03  4.17838757e-02 
 1.58865647e+03  5.16129916e+01  1.58865647e+03  4.40123714e-02 
 1.78250188e+03  5.07000716e+01  1.78250188e+03  4.66667851e-02 
 2.00000000e+03  4.99630370e+01  2.00000000e+03  4.98077165e-02 
 2.24403691e+03  4.93697612e+01  2.24403691e+03  5.35003020e-02 
 2.51785082e+03  4.88933913e+01  2.51785082e+03  5.78145337e-02 
 2.82507509e+03  4.85116835e+01  2.82507509e+03  6.28258703e-02 
 3.16978638e+03  4.82063535e+01  3.16978638e+03  6.86161472e-02 
 3.55655882e+03  4.79624678e+01  3.55655882e+03  7.52747647e-02 
 3.99052463e+03  4.77678954e+01  3.99052463e+03  8.29001121e-02 
 4.47744228e+03  4.76128251e+01  4.47744228e+03  9.16011875e-02 
 5.02377286e+03  4.74893516e+01  5.02377286e+03  1.01499380e-01 
 5.63676586e+03  4.73911246e+01  5.63676586e+03  1.12730398e-01 
 6.32455532e+03  4.73130566e+01  6.32455532e+03  1.25446344e-01 
 7.09626778e+03  4.72510815e+01  7.09626778e+03  1.39817944e-01 
 7.96214341e+03  4.72019565e+01  7.96214341e+03  1.56036956e-01 
 8.93367184e+03  4.71631023e+01  8.93367184e+03  1.74318790e-01 
 1.00237447e+04  4.71324728e+01  1.00237447e+04  1.94905345e-01 
 1.12468265e+04  4.71084514e+01  1.12468265e+04  2.18068130e-01 
 1.26191469e+04  4.70897677e+01  1.26191469e+04  2.44111646e-01 
 1.41589157e+04  4.70754321e+01  1.41589157e+04  2.73377088e-01 
 1.58865647e+04  4.70646840e+01  1.58865647e+04  3.06246344e-01 
 1.78250188e+04  4.70569517e+01  1.78250188e+04  3.43146301e-01 
 2.00000000e+04  4.70518226e+01  2.00000000e+04  3.84553416e-01 
 2.24403691e+04  4.70490207e+01  2.24403691e+04  4.30998500e-01 
 2.51785082e+04  4.70483914e+01  2.51785082e+04  4.83071593e-01 
 2.82507509e+04  4.70498924e+01  2.82507509e+04  5.41426777e-01 
 3.16978638e+04  4.70535889e+01  3.16978638e+04  6.06786670e-01 
 3.55655882e+04  4.70596550e+01  3.55655882e+04  6.79946231e-01 
 3.99052463e+04  4.70683777e+01  3.99052463e+04  7.61775382e-01 
 4.47744228e+04  4.70801651e+01  4.47744228e+04  8.53219781e-01 
 5.02377286e+04  4.70955575e+01  5.02377286e+04  9.55298866e-01 
 5.63676586e+04  4.71152392e+01  5.63676586e+04  1.06910013e+00 
 6.32455532e+04  4.71400506e+01  6.32455532e+04  1.19576841e+00 
 7.09626778e+04  4.71709958e+01  7.09626778e+04  1.33648904e+00 
 7.96214341e+04  4.72092443e+01  7.96214341e+04  1.49246378e+00 
 8.93367184e+04  4.72561183e+01  8.93367184e+04  1.66487958e+00 
 1.00237447e+05  4.73130625e+01  1.00237447e+05  1.85487119e+00 
 1.12468265e+05  4.73815883e+01  1.12468265e+05  2.06348166e+00 
 1.26191469e+05  4.74631891e+01  1.26191469e+05  2.29162793e+00 
 1.41589157e+05  4.75592286e+01  1.41589157e+05  2.54008320e+00 
 1.58865647e+05  4.76708130e+01  1.58865647e+05  2.80949183e+00 
 1.78250188e+05  4.77986701e+01  1.78250188e+05  3.10043448e+00 
 2.00000000e+05  4.79430726e+01  2.00000000e+05  3.41355796e+00 
