 2.00000000e+01  7.06860843e+01 
 2.24403691e+01  7.10559827e+01 
 2.51785082e+01  7.14806081e+01 
 2.82507509e+01  7.19616613e+01 
 3.16978638e+01  7.24993591e+01 
 3.55655882e+01  7.30923840e+01 
 3.99052463e+01  7.37379836e+01 
 4.47744228e+01  7.44321963e+01 
 5.02377286e+01  7.51701569e+01 
 5.63676586e+01  7.59464238e+01 
 6.32455532e+01  7.67552788e+01 
 7.09626778e+01  7.75909644e+01 
 7.96214341e+01  7.84478418e+01 
 8.93367184e+01  7.93204721e+01 
 1.00237447e+02  8.02036282e+01 
 1.12468265e+02  8.10922551e+01 
 1.26191469e+02  8.19813939e+01 
 1.41589157e+02  8.28660878e+01 
 1.58865647e+02  8.37412842e+01 
 1.78250188e+02  8.46017494e+01 
 2.00000000e+02  8.54420128e+01 
 2.24403691e+02  8.62563556e+01 
 2.51785082e+02  8.70388622e+01 
 2.82507509e+02  8.77835444e+01 
 3.16978638e+02  8.84845436e+01 
 3.55655882e+02  8.91363984e+01 
 3.99052463e+02  8.97343506e+01 
 4.47744228e+02  9.02746400e+01 
 5.02377286e+02  9.07547341e+01 
 5.63676586e+02  9.11734375e+01 
 6.32455532e+02  9.15308504e+01 
 7.09626778e+02  9.18281727e+01 
 7.96214341e+02  9.20673846e+01 
 8.93367184e+02  9.22508555e+01 
 1.00237447e+03  9.23809396e+01 
 1.12468265e+03  9.24596112e+01 
 1.26191469e+03  9.24881767e+01 
 1.41589157e+03  9.24670866e+01 
 1.58865647e+03  9.23958577e+01 
 1.78250188e+03  9.22731083e+01 
 2.00000000e+03  9.20967056e+01 
 2.24403691e+03  9.18640140e+01 
 2.51785082e+03  9.15722264e+01 
 2.82507509e+03  9.12187424e+01 
 3.16978638e+03  9.08015438e+01 
 3.55655882e+03  9.03195097e+01 
 3.99052463e+03  8.97726126e+01 
 4.47744228e+03  8.91619595e+01 
 5.02377286e+03  8.84896709e+01 
 5.63676586e+03  8.77586208e+01 
 6.32455532e+03  8.69720891e+01 
 7.09626778e+03  8.61333836e+01 
 7.96214341e+03  8.52454828e+01 
 8.93367184e+03  8.43107405e+01 
 1.00237447e+04  8.33306726e+01 
 1.12468265e+04  8.23058362e+01 
 1.26191469e+04  8.12358055e+01 
 1.41589157e+04  8.01192441e+01 
 1.58865647e+04  7.89540745e+01 
 1.78250188e+04  7.77377393e+01 
 2.00000000e+04  7.64675456e+01 
 2.24403691e+04  7.51410629e+01 
 2.51785082e+04  7.37565364e+01 
 2.82507509e+04  7.23132598e+01 
 3.16978638e+04  7.08118517e+01 
 3.55655882e+04  6.92543933e+01 
 3.99052463e+04  6.76444106e+01 
 4.47744228e+04  6.59867183e+01 
 5.02377286e+04  6.42871661e+01 
 5.63676586e+04  6.25523434e+01 
 6.32455532e+04  6.07892914e+01 
 7.09626778e+04  5.90052560e+01 
 7.96214341e+04  5.72074961e+01 
 8.93367184e+04  5.54031385e+01 
 1.00237447e+05  5.35990617e+01 
 1.12468265e+05  5.18017800e+01 
 1.26191469e+05  5.00173035e+01 
 1.41589157e+05  4.82509578e+01 
 1.58865647e+05  4.65071624e+01 
 1.78250188e+05  4.47891896e+01 
 2.00000000e+05  4.30989497e+01 
