 2.00000000e+01  2.60765391e-08  2.00000000e+01  8.28722057e-09 
 2.09425710e+01  2.59917284e-08  2.09425710e+01  8.26004725e-09 
 2.19295639e+01  2.59104877e-08  2.19295639e+01  8.23402912e-09 
 2.29630724e+01  2.58326763e-08  2.29630724e+01  8.20911957e-09 
 2.40452887e+01  2.57581584e-08  2.40452887e+01  8.18527367e-09 
 2.51785082e+01  2.56868030e-08  2.51785082e+01  8.16244814e-09 
 2.63651348e+01  2.56184833e-08  2.63651348e+01  8.14060131e-09 
 2.76076853e+01  2.55530773e-08  2.76076853e+01  8.11969304e-09 
 2.89087954e+01  2.54904670e-08  2.89087954e+01  8.09968471e-09 
 3.02712250e+01  2.54305390e-08  3.02712250e+01  8.08053915e-09 
 3.16978638e+01  2.53731838e-08  3.16978638e+01  8.06222060e-09 
 3.31917381e+01  2.53182958e-08  3.31917381e+01  8.04469469e-09 
 3.47560166e+01  2.52657737e-08  3.47560166e+01  8.02792836e-09 
 3.63940172e+01  2.52155196e-08  3.63940172e+01  8.01188981e-09 
 3.81092144e+01  2.51674395e-08  3.81092144e+01  7.99654852e-09 
 3.99052463e+01  2.51214430e-08  3.99052463e+01  7.98187513e-09 
 4.17859226e+01  2.50774429e-08  4.17859226e+01  7.96784147e-09 
 4.37552325e+01  2.50353558e-08  4.37552325e+01  7.95442046e-09 
 4.58173531e+01  2.49951011e-08  4.58173531e+01  7.94158612e-09 
 4.79766584e+01  2.49566016e-08  4.79766584e+01  7.92931350e-09 
 5.02377286e+01  2.49197832e-08  5.02377286e+01  7.91757864e-09 
 5.26053598e+01  2.48845745e-08  5.26053598e+01  7.90635859e-09 
 5.50845741e+01  2.48509071e-08  5.50845741e+01  7.89563129e-09 
 5.76806301e+01  2.48187154e-08  5.76806301e+01  7.88537559e-09 
 6.03990344e+01  2.47879363e-08  6.03990344e+01  7.87557123e-09 
 6.32455532e+01  2.47585093e-08  6.32455532e+01  7.86619876e-09 
 6.62262243e+01  2.47303764e-08  6.62262243e+01  7.85723953e-09 
 6.93473701e+01  2.47034820e-08  6.93473701e+01  7.84867568e-09 
 7.26156110e+01  2.46777726e-08  7.26156110e+01  7.84049009e-09 
 7.60378793e+01  2.46531971e-08  7.60378793e+01  7.83266633e-09 
 7.96214341e+01  2.46297065e-08  7.96214341e+01  7.82518870e-09 
 8.33738767e+01  2.46072537e-08  8.33738767e+01  7.81804212e-09 
 8.73031664e+01  2.45857938e-08  8.73031664e+01  7.81121216e-09 
 9.14176379e+01  2.45652834e-08  9.14176379e+01  7.80468501e-09 
 9.57260185e+01  2.45456813e-08  9.57260185e+01  7.79844743e-09 
 1.00237447e+02  2.45269479e-08  1.00237447e+02  7.79248676e-09 
 1.04961492e+02  2.45090452e-08  1.04961492e+02  7.78679085e-09 
 1.09908175e+02  2.44919369e-08  1.09908175e+02  7.78134809e-09 
 1.15087987e+02  2.44755881e-08  1.15087987e+02  7.77614738e-09 
 1.20511917e+02  2.44599657e-08  1.20511917e+02  7.77117806e-09 
 1.26191469e+02  2.44450376e-08  1.26191469e+02  7.76642995e-09 
 1.32138690e+02  2.44307734e-08  1.32138690e+02  7.76189331e-09 
 1.38366194e+02  2.44171438e-08  1.38366194e+02  7.75755881e-09 
 1.44887192e+02  2.44041210e-08  1.44887192e+02  7.75341754e-09 
 1.51715515e+02  2.43916780e-08  1.51715515e+02  7.74946096e-09 
 1.58865647e+02  2.43797894e-08  1.58865647e+02  7.74568090e-09 
 1.66352754e+02  2.43684306e-08  1.66352754e+02  7.74206955e-09 
 1.74192718e+02  2.43575782e-08  1.74192718e+02  7.73861945e-09 
 1.82402168e+02  2.43472097e-08  1.82402168e+02  7.73532345e-09 
 1.90998517e+02  2.43373038e-08  1.90998517e+02  7.73217472e-09 
 2.00000000e+02  2.43278398e-08  2.00000000e+02  7.72916672e-09 
 2.09425710e+02  2.43187981e-08  2.09425710e+02  7.72629321e-09 
 2.19295639e+02  2.43101600e-08  2.19295639e+02  7.72354821e-09 
 2.29630724e+02  2.43019076e-08  2.29630724e+02  7.72092602e-09 
 2.40452887e+02  2.42940235e-08  2.40452887e+02  7.71842116e-09 
 2.51785082e+02  2.42864915e-08  2.51785082e+02  7.71602842e-09 
 2.63651348e+02  2.42792957e-08  2.63651348e+02  7.71374282e-09 
 2.76076853e+02  2.42724212e-08  2.76076853e+02  7.71155957e-09 
 2.89087954e+02  2.42658535e-08  2.89087954e+02  7.70947411e-09 
 3.02712250e+02  2.42595790e-08  3.02712250e+02  7.70748210e-09 
 3.16978638e+02  2.42535845e-08  3.16978638e+02  7.70557936e-09 
 3.31917381e+02  2.42478574e-08  3.31917381e+02  7.70376191e-09 
 3.47560166e+02  2.42423856e-08  3.47560166e+02  7.70202595e-09 
 3.63940172e+02  2.42371576e-08  3.63940172e+02  7.70036783e-09 
 3.81092144e+02  2.42321625e-08  3.81092144e+02  7.69878409e-09 
 3.99052463e+02  2.42273897e-08  3.99052463e+02  7.69727139e-09 
 4.17859226e+02  2.42228291e-08  4.17859226e+02  7.69582658e-09 
 4.37552325e+02  2.42184711e-08  4.37552325e+02  7.69444661e-09 
 4.58173531e+02  2.42143063e-08  4.58173531e+02  7.69312858e-09 
 4.79766584e+02  2.42103260e-08  4.79766584e+02  7.69186974e-09 
 5.02377286e+02  2.42065217e-08  5.02377286e+02  7.69066743e-09 
 5.26053598e+02  2.42028853e-08  5.26053598e+02  7.68951912e-09 
 5.50845741e+02  2.41994089e-08  5.50845741e+02  7.68842241e-09 
 5.76806301e+02  2.41960851e-08  5.76806301e+02  7.68737498e-09 
 6.03990344e+02  2.41929067e-08  6.03990344e+02  7.68637464e-09 
 6.32455532e+02  2.41898669e-08  6.32455532e+02  7.68541927e-09 
 6.62262243e+02  2.41869591e-08  6.62262243e+02  7.68450688e-09 
 6.93473701e+02  2.41841768e-08  6.93473701e+02  7.68363553e-09 
 7.26156110e+02  2.41815141e-08  7.26156110e+02  7.68280339e-09 
 7.60378793e+02  2.41789650e-08  7.60378793e+02  7.68200872e-09 
 7.96214341e+02  2.41765238e-08  7.96214341e+02  7.68124984e-09 
 8.33738767e+02  2.41741852e-08  8.33738767e+02  7.68052515e-09 
 8.73031664e+02  2.41719437e-08  8.73031664e+02  7.67983313e-09 
 9.14176379e+02  2.41697942e-08  9.14176379e+02  7.67917233e-09 
 9.57260185e+02  2.41677319e-08  9.57260185e+02  7.67854135e-09 
 1.00237447e+03  2.41657519e-08  1.00237447e+03  7.67793887e-09 
 1.04961492e+03  2.41638495e-08  1.04961492e+03  7.67736362e-09 
 1.09908175e+03  2.41620201e-08  1.09908175e+03  7.67681440e-09 
 1.15087987e+03  2.41602592e-08  1.15087987e+03  7.67629005e-09 
 1.20511917e+03  2.41585625e-08  1.20511917e+03  7.67578947e-09 
 1.26191469e+03  2.41569256e-08  1.26191469e+03  7.67531162e-09 
 1.32138690e+03  2.41553442e-08  1.32138690e+03  7.67485550e-09 
 1.38366194e+03  2.41538141e-08  1.38366194e+03  7.67442015e-09 
 1.44887192e+03  2.41523311e-08  1.44887192e+03  7.67400467e-09 
 1.51715515e+03  2.41508911e-08  1.51715515e+03  7.67360819e-09 
 1.58865647e+03  2.41494897e-08  1.58865647e+03  7.67322989e-09 
 1.66352754e+03  2.41481227e-08  1.66352754e+03  7.67286899e-09 
 1.74192718e+03  2.41467858e-08  1.74192718e+03  7.67252474e-09 
 1.82402168e+03  2.41454747e-08  1.82402168e+03  7.67219644e-09 
 1.90998517e+03  2.41441848e-08  1.90998517e+03  7.67188340e-09 
 2.00000000e+03  2.41429117e-08  2.00000000e+03  7.67158501e-09 
 2.09425710e+03  2.41416505e-08  2.09425710e+03  7.67130064e-09 
 2.19295639e+03  2.41403963e-08  2.19295639e+03  7.67102974e-09 
 2.29630724e+03  2.41391441e-08  2.29630724e+03  7.67077175e-09 
 2.40452887e+03  2.41378886e-08  2.40452887e+03  7.67052618e-09 
 2.51785082e+03  2.41366240e-08  2.51785082e+03  7.67029253e-09 
 2.63651348e+03  2.41353446e-08  2.63651348e+03  7.67007036e-09 
 2.76076853e+03  2.41340440e-08  2.76076853e+03  7.66985924e-09 
 2.89087954e+03  2.41327157e-08  2.89087954e+03  7.66965879e-09 
 3.02712250e+03  2.41313525e-08  3.02712250e+03  7.66946863e-09 
 3.16978638e+03  2.41299471e-08  3.16978638e+03  7.66928842e-09 
 3.31917381e+03  2.41284912e-08  3.31917381e+03  7.66911786e-09 
 3.47560166e+03  2.41269762e-08  3.47560166e+03  7.66895665e-09 
 3.63940172e+03  2.41253928e-08  3.63940172e+03  7.66880454e-09 
 3.81092144e+03  2.41237309e-08  3.81092144e+03  7.66866129e-09 
 3.99052463e+03  2.41219796e-08  3.99052463e+03  7.66852670e-09 
 4.17859226e+03  2.41201272e-08  4.17859226e+03  7.66840061e-09 
 4.37552325e+03  2.41181610e-08  4.37552325e+03  7.66828285e-09 
 4.58173531e+03  2.41160670e-08  4.58173531e+03  7.66817331e-09 
 4.79766584e+03  2.41138304e-08  4.79766584e+03  7.66807190e-09 
 5.02377286e+03  2.41114347e-08  5.02377286e+03  7.66797858e-09 
 5.26053598e+03  2.41088623e-08  5.26053598e+03  7.66789330e-09 
 5.50845741e+03  2.41060937e-08  5.50845741e+03  7.66781609e-09 
 5.76806301e+03  2.41031078e-08  5.76806301e+03  7.66774698e-09 
 6.03990344e+03  2.40998818e-08  6.03990344e+03  7.66768606e-09 
 6.32455532e+03  2.40963905e-08  6.32455532e+03  7.66763346e-09 
 6.62262243e+03  2.40926066e-08  6.62262243e+03  7.66758932e-09 
 6.93473701e+03  2.40885003e-08  6.93473701e+03  7.66755387e-09 
 7.26156110e+03  2.40840390e-08  7.26156110e+03  7.66752736e-09 
 7.60378793e+03  2.40791871e-08  7.60378793e+03  7.66751008e-09 
 7.96214341e+03  2.40739060e-08  7.96214341e+03  7.66750242e-09 
 8.33738767e+03  2.40681531e-08  8.33738767e+03  7.66750477e-09 
 8.73031664e+03  2.40618823e-08  8.73031664e+03  7.66751763e-09 
 9.14176379e+03  2.40550431e-08  9.14176379e+03  7.66754155e-09 
 9.57260185e+03  2.40475804e-08  9.57260185e+03  7.66757715e-09 
 1.00237447e+04  2.40394341e-08  1.00237447e+04  7.66762513e-09 
 1.04961492e+04  2.40305386e-08  1.04961492e+04  7.66768629e-09 
 1.09908175e+04  2.40208223e-08  1.09908175e+04  7.66776152e-09 
 1.15087987e+04  2.40102072e-08  1.15087987e+04  7.66785180e-09 
 1.20511917e+04  2.39986084e-08  1.20511917e+04  7.66795823e-09 
 1.26191469e+04  2.39859333e-08  1.26191469e+04  7.66808203e-09 
 1.32138690e+04  2.39720809e-08  1.32138690e+04  7.66822457e-09 
 1.38366194e+04  2.39569417e-08  1.38366194e+04  7.66838734e-09 
 1.44887192e+04  2.39403963e-08  1.44887192e+04  7.66857200e-09 
 1.51715515e+04  2.39223151e-08  1.51715515e+04  7.66878038e-09 
 1.58865647e+04  2.39025572e-08  1.58865647e+04  7.66901450e-09 
 1.66352754e+04  2.38809701e-08  1.66352754e+04  7.66927658e-09 
 1.74192718e+04  2.38573882e-08  1.74192718e+04  7.66956909e-09 
 1.82402168e+04  2.38316323e-08  1.82402168e+04  7.66989472e-09 
 1.90998517e+04  2.38035089e-08  1.90998517e+04  7.67025644e-09 
 2.00000000e+04  2.37728087e-08  2.00000000e+04  7.67065751e-09 
