 1.00000000e+01  3.07980702e-08  1.00000000e+01  4.58623454e-11  1.00000000e+01  9.56208582e-09  1.00000000e+01  9.30501973e-09  1.00000000e+01  6.58321936e-09  1.00000000e+01  7.80904952e-09  1.00000000e+01  5.83001139e-09  1.00000000e+01  7.39046594e-11  1.00000000e+01  9.90099336e-12  1.00000000e+01  7.40939274e-11  1.00000000e+01  4.98736521e-11  1.00000000e+01  1.12774222e-08  1.00000000e+01  1.12820388e-08  1.00000000e+01  8.87187750e-09  1.00000000e+01  9.01319402e-09  1.00000000e+01  4.97515061e-09  1.00000000e+01  8.39239656e-09 
 1.25892541e+01  2.95799886e-08  1.25892541e+01  4.65785904e-11  1.25892541e+01  8.62661975e-09  1.25892541e+01  8.39470427e-09  1.25892541e+01  6.58615766e-09  1.25892541e+01  7.81253494e-09  1.25892541e+01  5.83261351e-09  1.25892541e+01  7.30043782e-11  1.25892541e+01  9.90608153e-12  1.25892541e+01  7.41253498e-11  1.25892541e+01  4.98948083e-11  1.25892541e+01  1.03561364e-08  1.25892541e+01  1.03611689e-08  1.25892541e+01  8.87583730e-09  1.25892541e+01  9.01721690e-09  1.25892541e+01  4.97737115e-09  1.25892541e+01  8.39614238e-09 
 1.58489319e+01  2.85746379e-08  1.58489319e+01  4.75091411e-11  1.58489319e+01  7.80208999e-09  1.58489319e+01  7.59234056e-09  1.58489319e+01  6.58801394e-09  1.58489319e+01  7.81473687e-09  1.58489319e+01  5.83425740e-09  1.58489319e+01  7.17539198e-11  1.58489319e+01  9.90996450e-12  1.58489319e+01  7.41444116e-11  1.58489319e+01  4.99076462e-11  1.58489319e+01  9.55925413e-09  1.58489319e+01  9.56470970e-09  1.58489319e+01  8.87833892e-09  1.58489319e+01  9.01975836e-09  1.58489319e+01  4.97877397e-09  1.58489319e+01  8.39850885e-09 
 1.99526231e+01  2.77498799e-08  1.99526231e+01  4.86395310e-11  1.99526231e+01  7.07793580e-09  1.99526231e+01  6.88765316e-09  1.99526231e+01  6.58918634e-09  1.99526231e+01  7.81612758e-09  1.99526231e+01  5.83529567e-09  1.99526231e+01  7.01463625e-11  1.99526231e+01  9.91346707e-12  1.99526231e+01  7.41557723e-11  1.99526231e+01  4.99153023e-11  1.99526231e+01  8.87429819e-09  1.99526231e+01  8.88017727e-09  1.99526231e+01  8.87991891e-09  1.99526231e+01  9.02136352e-09  1.99526231e+01  4.97965995e-09  1.99526231e+01  8.40000351e-09 
 2.51188643e+01  2.70768531e-08  2.51188643e+01  4.98976619e-11  2.51188643e+01  6.44438249e-09  2.51188643e+01  6.27113090e-09  2.51188643e+01  6.58992677e-09  2.51188643e+01  7.81700588e-09  2.51188643e+01  5.83595138e-09  2.51188643e+01  6.82533671e-11  2.51188643e+01  9.91729169e-12  2.51188643e+01  7.41624476e-11  2.51188643e+01  4.99198062e-11  2.51188643e+01  8.28935747e-09  2.51188643e+01  8.29565304e-09  2.51188643e+01  8.88091674e-09  2.51188643e+01  9.02237725e-09  2.51188643e+01  4.98021947e-09  2.51188643e+01  8.40094748e-09 
 3.16227766e+01  2.65301610e-08  3.16227766e+01  5.11655073e-11  3.16227766e+01  5.89244859e-09  3.16227766e+01  5.73403413e-09  3.16227766e+01  6.59039439e-09  3.16227766e+01  7.81756058e-09  3.16227766e+01  5.83636550e-09  3.16227766e+01  6.62333118e-11  3.16227766e+01  9.92216265e-12  3.16227766e+01  7.41663478e-11  3.16227766e+01  4.99224431e-11  3.16227766e+01  7.79314906e-09  3.16227766e+01  7.79984652e-09  3.16227766e+01  8.88154694e-09  3.16227766e+01  9.02301748e-09  3.16227766e+01  4.98057282e-09  3.16227766e+01  8.40154368e-09 
 3.98107171e+01  2.60878338e-08  3.98107171e+01  5.23201993e-11  3.98107171e+01  5.41389145e-09  3.98107171e+01  5.26834187e-09  3.98107171e+01  6.59068972e-09  3.98107171e+01  7.81791090e-09  3.98107171e+01  5.83662704e-09  3.98107171e+01  6.42890191e-11  3.98107171e+01  9.92900045e-12  3.98107171e+01  7.41686396e-11  3.98107171e+01  4.99239979e-11  3.98107171e+01  7.37504863e-09  3.98107171e+01  7.38212644e-09  3.98107171e+01  8.88194494e-09  3.98107171e+01  9.02342182e-09  3.98107171e+01  4.98079596e-09  3.98107171e+01  8.40192024e-09 
 5.01187234e+01  2.57311398e-08  5.01187234e+01  5.32783023e-11  5.01187234e+01  5.00112658e-09  5.01187234e+01  4.86667345e-09  5.01187234e+01  6.59087620e-09  5.01187234e+01  7.81813210e-09  5.01187234e+01  5.83679218e-09  5.01187234e+01  6.25941178e-11  5.01187234e+01  9.93915130e-12  5.01187234e+01  7.41700103e-11  5.01187234e+01  4.99249331e-11  5.01187234e+01  7.02512039e-09  5.01187234e+01  7.03255113e-09  5.01187234e+01  8.88219624e-09  5.01187234e+01  9.02367713e-09  5.01187234e+01  4.98093685e-09  5.01187234e+01  8.40215802e-09 
 6.30957344e+01  2.54443041e-08  6.30957344e+01  5.40134264e-11  6.30957344e+01  4.64714315e-09  6.30957344e+01  4.52220643e-09  6.30957344e+01  6.59099387e-09  6.30957344e+01  7.81827169e-09  6.30957344e+01  5.83689639e-09  6.30957344e+01  6.12396354e-11  6.30957344e+01  9.95469714e-12  6.30957344e+01  7.41708568e-11  6.30957344e+01  4.99255166e-11  6.30957344e+01  6.73415551e-09  6.30957344e+01  6.74190751e-09  6.30957344e+01  8.88235483e-09  6.30957344e+01  9.02383824e-09  6.30957344e+01  4.98102575e-09  6.30957344e+01  8.40230807e-09 
 7.94328235e+01  2.52141803e-08  7.94328235e+01  5.45441634e-11  7.94328235e+01  4.34543014e-09  7.94328235e+01  4.22860473e-09  7.94328235e+01  6.59106803e-09  7.94328235e+01  7.81835965e-09  7.94328235e+01  5.83696206e-09  7.94328235e+01  6.02306913e-11  7.94328235e+01  9.97889797e-12  7.94328235e+01  7.41714104e-11  7.94328235e+01  4.99259059e-11  7.94328235e+01  6.49371489e-09  7.94328235e+01  6.50175400e-09  7.94328235e+01  8.88245476e-09  7.94328235e+01  9.02393976e-09  7.94328235e+01  4.98108176e-09  7.94328235e+01  8.40240264e-09 
 1.00000000e+02  2.50299084e-08  1.00000000e+02  5.49106780e-11  1.00000000e+02  4.08992183e-09  1.00000000e+02  3.97996563e-09  1.00000000e+02  6.59111460e-09  1.00000000e+02  7.81841490e-09  1.00000000e+02  5.83700331e-09  1.00000000e+02  5.95179970e-11  1.00000000e+02  1.00168569e-11  1.00000000e+02  7.41718123e-11  1.00000000e+02  4.99261990e-11  1.00000000e+02  6.29616614e-09  1.00000000e+02  6.30445748e-09  1.00000000e+02  8.88251753e-09  1.00000000e+02  9.02400353e-09  1.00000000e+02  4.98111694e-09  1.00000000e+02  8.40246203e-09 
 1.25892541e+02  2.48825832e-08  1.25892541e+02  5.51560605e-11  1.25892541e+02  3.87496618e-09  1.25892541e+02  3.77078902e-09  1.25892541e+02  6.59114362e-09  1.25892541e+02  7.81844932e-09  1.25892541e+02  5.83702901e-09  1.25892541e+02  5.90333440e-11  1.25892541e+02  1.00765348e-11  1.25892541e+02  7.41721588e-11  1.25892541e+02  4.99264653e-11  1.25892541e+02  6.13470426e-09  1.25892541e+02  6.14321379e-09  1.25892541e+02  8.88255664e-09  1.25892541e+02  9.02404326e-09  1.25892541e+02  4.98113885e-09  1.25892541e+02  8.40249904e-09 
 1.58489319e+02  2.47649461e-08  1.58489319e+02  5.53169460e-11  1.58489319e+02  3.69531483e-09  1.58489319e+02  3.59596758e-09  1.58489319e+02  6.59116134e-09  1.58489319e+02  7.81847034e-09  1.58489319e+02  5.83704470e-09  1.58489319e+02  5.87123029e-11  1.58489319e+02  1.01702742e-11  1.58489319e+02  7.41725286e-11  1.58489319e+02  4.99267647e-11  1.58489319e+02  6.00334968e-09  1.58489319e+02  6.01204532e-09  1.58489319e+02  8.88258051e-09  1.58489319e+02  9.02406752e-09  1.58489319e+02  4.98115220e-09  1.58489319e+02  8.40252164e-09 
 1.99526231e+02  2.46711101e-08  1.99526231e+02  5.54209848e-11  1.99526231e+02  3.54612904e-09  1.99526231e+02  3.45079267e-09  1.99526231e+02  6.59117157e-09  1.99526231e+02  7.81848247e-09  1.99526231e+02  5.83705376e-09  1.99526231e+02  5.85034075e-11  1.99526231e+02  1.03170149e-11  1.99526231e+02  7.41730032e-11  1.99526231e+02  4.99271629e-11  1.99526231e+02  5.89692177e-09  1.99526231e+02  5.90577427e-09  1.99526231e+02  8.88259429e-09  1.99526231e+02  9.02408152e-09  1.99526231e+02  4.98115989e-09  1.99526231e+02  8.40253468e-09 
 2.51188643e+02  2.45963199e-08  2.51188643e+02  5.54876580e-11  2.51188643e+02  3.42299372e-09  2.51188643e+02  3.33096786e-09  2.51188643e+02  6.59117651e-09  2.51188643e+02  7.81848833e-09  2.51188643e+02  5.83705814e-09  2.51188643e+02  5.83691852e-11  2.51188643e+02  1.05453493e-11  2.51188643e+02  7.41736856e-11  2.51188643e+02  4.99277463e-11  2.51188643e+02  5.81099086e-09  2.51188643e+02  5.81997419e-09  2.51188643e+02  8.88260096e-09  2.51188643e+02  9.02408829e-09  2.51188643e+02  4.98116357e-09  2.51188643e+02  8.40254099e-09 
 3.16227766e+02  2.45367462e-08  3.16227766e+02  5.55301300e-11  3.16227766e+02  3.32193084e-09  3.16227766e+02  3.23262209e-09  3.16227766e+02  6.59117724e-09  3.16227766e+02  7.81848920e-09  3.16227766e+02  5.83705878e-09  3.16227766e+02  5.82838373e-11  3.16227766e+02  1.08974063e-11  3.16227766e+02  7.41747234e-11  3.16227766e+02  4.99286409e-11  3.16227766e+02  5.74181413e-09  3.16227766e+02  5.75090561e-09  3.16227766e+02  8.88260194e-09  3.16227766e+02  9.02408929e-09  3.16227766e+02  4.98116403e-09  3.16227766e+02  8.40254192e-09 
 3.98107171e+02  2.44893130e-08  3.98107171e+02  5.55570691e-11  3.98107171e+02  3.23940563e-09  3.98107171e+02  3.15231560e-09  3.98107171e+02  6.59117391e-09  3.98107171e+02  7.81848525e-09  3.98107171e+02  5.83705583e-09  3.98107171e+02  5.82302421e-11  3.98107171e+02  1.14331734e-11  3.98107171e+02  7.41763406e-11  3.98107171e+02  4.99300398e-11  3.98107171e+02  5.68626200e-09  3.98107171e+02  5.69544221e-09  3.98107171e+02  8.88259746e-09  3.98107171e+02  9.02408474e-09  3.98107171e+02  4.98116136e-09  3.98107171e+02  8.40253768e-09 
 5.01187234e+02  2.44515535e-08  5.01187234e+02  5.55740884e-11  5.01187234e+02  3.17232148e-09  5.01187234e+02  3.08703503e-09  5.01187234e+02  6.59116581e-09  5.01187234e+02  7.81847564e-09  5.01187234e+02  5.83704866e-09  5.01187234e+02  5.81973582e-11  5.01187234e+02  1.22343256e-11  5.01187234e+02  7.41788864e-11  5.01187234e+02  4.99322450e-11  5.01187234e+02  5.64174097e-09  5.01187234e+02  5.65099355e-09  5.01187234e+02  8.88258653e-09  5.01187234e+02  9.02407364e-09  5.01187234e+02  4.98115500e-09  5.01187234e+02  8.40252734e-09 
 6.30957344e+02  2.44214910e-08  6.30957344e+02  5.55847805e-11  6.30957344e+02  3.11800260e-09  6.30957344e+02  3.03417654e-09  6.30957344e+02  6.59115118e-09  6.30957344e+02  7.81845828e-09  6.30957344e+02  5.83703570e-09  6.30957344e+02  5.81782999e-11  6.30957344e+02  1.34063378e-11  6.30957344e+02  7.41829101e-11  6.30957344e+02  4.99357323e-11  6.30957344e+02  5.60611790e-09  6.30957344e+02  5.61542917e-09  6.30957344e+02  8.88256681e-09  6.30957344e+02  9.02405360e-09  6.30957344e+02  4.98114357e-09  6.30957344e+02  8.40250869e-09 
 7.94328235e+02  2.43975405e-08  7.94328235e+02  5.55914209e-11  7.94328235e+02  3.07416611e-09  7.94328235e+02  2.99151861e-09  7.94328235e+02  6.59112686e-09  7.94328235e+02  7.81842944e-09  7.94328235e+02  5.83701416e-09  7.94328235e+02  5.81690385e-11  7.94328235e+02  1.50783648e-11  7.94328235e+02  7.41892799e-11  7.94328235e+02  4.99412541e-11  7.94328235e+02  5.57764883e-09  7.94328235e+02  5.58700752e-09  7.94328235e+02  8.88253404e-09  7.94328235e+02  9.02402031e-09  7.94328235e+02  4.98112460e-09  7.94328235e+02  8.40247768e-09 
 1.00000000e+03  2.43784281e-08  1.00000000e+03  5.55954300e-11  1.00000000e+03  3.03888622e-09  1.00000000e+03  2.95718723e-09  1.00000000e+03  6.59108761e-09  1.00000000e+03  7.81838288e-09  1.00000000e+03  5.83697939e-09  1.00000000e+03  5.81676083e-11  1.00000000e+03  1.74022855e-11  1.00000000e+03  7.41993696e-11  1.00000000e+03  4.99500012e-11  1.00000000e+03  5.55491456e-09  1.00000000e+03  5.56431143e-09  1.00000000e+03  8.88248114e-09  1.00000000e+03  9.02396657e-09  1.00000000e+03  4.98109401e-09  1.00000000e+03  8.40242764e-09 
 1.25892541e+03  2.43631227e-08  1.25892541e+03  5.55976679e-11  1.25892541e+03  3.01055403e-09  1.25892541e+03  2.92961676e-09  1.25892541e+03  6.59102495e-09  1.25892541e+03  7.81830857e-09  1.25892541e+03  5.83692390e-09  1.25892541e+03  5.81737126e-11  1.25892541e+03  2.05540118e-11  1.25892541e+03  7.42153547e-11  1.25892541e+03  4.99638589e-11  1.25892541e+03  5.53676351e-09  1.25892541e+03  5.54619099e-09  1.25892541e+03  8.88239670e-09  1.25892541e+03  9.02388079e-09  1.25892541e+03  4.98104518e-09  1.25892541e+03  8.40234775e-09 
 1.58489319e+03  2.43507787e-08  1.58489319e+03  5.55986157e-11  1.58489319e+03  2.98783571e-09  1.58489319e+03  2.90750924e-09  1.58489319e+03  6.59092537e-09  1.58489319e+03  7.81819045e-09  1.58489319e+03  5.83683570e-09  1.58489319e+03  5.81886699e-11  1.58489319e+03  2.47397534e-11  1.58489319e+03  7.42406794e-11  1.58489319e+03  4.99858118e-11  1.58489319e+03  5.52226185e-09  1.58489319e+03  5.53171382e-09  1.58489319e+03  8.88226250e-09  1.58489319e+03  9.02374444e-09  1.58489319e+03  4.98096758e-09  1.58489319e+03  8.40222078e-09 
 1.99526231e+03  2.43406841e-08  1.99526231e+03  5.55984772e-11  1.99526231e+03  2.96963151e-09  1.99526231e+03  2.88979447e-09  1.99526231e+03  6.59076737e-09  1.99526231e+03  7.81800305e-09  1.99526231e+03  5.83669577e-09  1.99526231e+03  5.82157005e-11  1.99526231e+03  3.02077575e-11  1.99526231e+03  7.42807945e-11  1.99526231e+03  5.00205817e-11  1.99526231e+03  5.51065022e-09  1.99526231e+03  5.52012169e-09  1.99526231e+03  8.88204958e-09  1.99526231e+03  9.02352813e-09  1.99526231e+03  4.98084446e-09  1.99526231e+03  8.40201933e-09 
 2.51188643e+03  2.43322112e-08  2.51188643e+03  5.55972223e-11  2.51188643e+03  2.95503669e-09  2.51188643e+03  2.87559204e-09  2.51188643e+03  6.59051687e-09  2.51188643e+03  7.81770593e-09  2.51188643e+03  5.83647392e-09  2.51188643e+03  5.82606129e-11  2.51188643e+03  3.72644044e-11  2.51188643e+03  7.43443199e-11  2.51188643e+03  5.00756319e-11  2.51188643e+03  5.50130575e-09  2.51188643e+03  5.51079265e-09  2.51188643e+03  8.88171199e-09  2.51188643e+03  9.02318516e-09  2.51188643e+03  4.98064927e-09  2.51188643e+03  8.40169993e-09 
 3.16227766e+03  2.43247633e-08  3.16227766e+03  5.55945804e-11  3.16227766e+03  2.94330520e-09  3.16227766e+03  2.86417595e-09  3.16227766e+03  6.59011985e-09  3.16227766e+03  7.81723502e-09  3.16227766e+03  5.83612229e-09  3.16227766e+03  5.83330348e-11  3.16227766e+03  4.62936110e-11  3.16227766e+03  7.44448700e-11  3.16227766e+03  5.01627401e-11  3.16227766e+03  5.49370772e-09  3.16227766e+03  5.50320673e-09  3.16227766e+03  8.88117694e-09  3.16227766e+03  9.02264159e-09  3.16227766e+03  4.98033991e-09  3.16227766e+03  8.40119372e-09 
 3.98107171e+03  2.43177118e-08  3.98107171e+03  5.55899821e-11  3.98107171e+03  2.93381545e-09  3.98107171e+03  2.85494133e-09  3.98107171e+03  6.58949072e-09  3.98107171e+03  7.81648880e-09  3.98107171e+03  5.83556509e-09  3.98107171e+03  5.84484309e-11  3.98107171e+03  5.77794853e-11  3.98107171e+03  7.46039048e-11  3.98107171e+03  5.03004471e-11  3.98107171e+03  5.48740482e-09  3.98107171e+03  5.49691314e-09  3.98107171e+03  8.88032909e-09  3.98107171e+03  9.02178023e-09  3.98107171e+03  4.97984968e-09  3.98107171e+03  8.40039156e-09 
 5.01187234e+03  2.43103131e-08  5.01187234e+03  5.55824371e-11  5.01187234e+03  2.92603739e-09  5.01187234e+03  2.84737239e-09  5.01187234e+03  6.58849397e-09  5.01187234e+03  7.81530654e-09  5.01187234e+03  5.83468230e-09  5.01187234e+03  5.86312912e-11  5.01187234e+03  7.23330447e-11  5.01187234e+03  7.48551442e-11  5.01187234e+03  5.05178264e-11  5.01187234e+03  5.48198108e-09  5.01187234e+03  5.49149628e-09  5.01187234e+03  8.87898582e-09  5.01187234e+03  9.02041555e-09  5.01187234e+03  4.97907299e-09  5.01187234e+03  8.39912067e-09 
 6.30957344e+03  2.43015906e-08  6.30957344e+03  5.55703224e-11  6.30957344e+03  2.91949876e-09  6.30957344e+03  2.84100953e-09  6.30957344e+03  6.58691517e-09  6.30957344e+03  7.81343390e-09  6.30957344e+03  5.83328401e-09  6.30957344e+03  5.89200476e-11  6.30957344e+03  9.07241959e-11  6.30957344e+03  7.52513104e-11  6.30957344e+03  5.08601905e-11  6.30957344e+03  5.47701656e-09  6.30957344e+03  5.48653637e-09  6.30957344e+03  8.87685813e-09  6.30957344e+03  9.01825398e-09  6.30957344e+03  4.97784276e-09  6.30957344e+03  8.39710766e-09 
 7.94328235e+03  2.42901586e-08  7.94328235e+03  5.55510376e-11  7.94328235e+03  2.91374745e-09  7.94328235e+03  2.83541284e-09  7.94328235e+03  6.58441533e-09  7.94328235e+03  7.81046882e-09  7.94328235e+03  5.83106999e-09  7.94328235e+03  5.93744659e-11  7.94328235e+03  1.13920126e-10  7.94328235e+03  7.58742003e-11  7.94328235e+03  5.13974954e-11  7.94328235e+03  5.47203714e-09  7.94328235e+03  5.48155926e-09  7.94328235e+03  8.87348921e-09  7.94328235e+03  9.01483138e-09  7.94328235e+03  4.97589481e-09  7.94328235e+03  8.39392029e-09 
 1.00000000e+04  2.42739560e-08  1.00000000e+04  5.55204558e-11  1.00000000e+04  2.90830568e-09  1.00000000e+04  2.83011734e-09  1.00000000e+04  6.58045938e-09  1.00000000e+04  7.80577662e-09  1.00000000e+04  5.82756635e-09  1.00000000e+04  6.00863739e-11  1.00000000e+04  1.43130777e-10  1.00000000e+04  7.68492079e-11  1.00000000e+04  5.22361827e-11  1.00000000e+04  5.46644533e-09  1.00000000e+04  5.47596714e-09  1.00000000e+04  8.86815795e-09  1.00000000e+04  9.00941519e-09  1.00000000e+04  4.97281217e-09  1.00000000e+04  8.38887634e-09 
 1.25892541e+04  2.42498363e-08  1.25892541e+04  5.54720658e-11  1.25892541e+04  2.90260911e-09  1.25892541e+04  2.82457388e-09  1.25892541e+04  6.57420472e-09  1.25892541e+04  7.79835788e-09  1.25892541e+04  5.82202681e-09  1.25892541e+04  6.11943851e-11  1.25892541e+04  1.79860872e-10  1.25892541e+04  7.83650704e-11  1.25892541e+04  5.35346886e-11  1.25892541e+04  5.45941986e-09  1.25892541e+04  5.46893803e-09  1.25892541e+04  8.85972882e-09  1.25892541e+04  9.00085176e-09  1.25892541e+04  4.96793817e-09  1.25892541e+04  8.38090146e-09 
 1.58489319e+04  2.42129423e-08  1.58489319e+04  5.53956473e-11  1.58489319e+04  2.89592175e-09  1.58489319e+04  2.81806625e-09  1.58489319e+04  6.56432947e-09  1.58489319e+04  7.78664473e-09  1.58489319e+04  5.81328064e-09  1.58489319e+04  6.29022835e-11  1.58489319e+04  2.25965362e-10  1.58489319e+04  8.06981585e-11  1.58489319e+04  5.55213294e-11  1.58489319e+04  5.44976684e-09  1.58489319e+04  5.45927677e-09  1.58489319e+04  8.84642038e-09  1.58489319e+04  8.98733130e-09  1.58489319e+04  4.96024250e-09  1.58489319e+04  8.36831023e-09 
 1.99526231e+04  2.41557619e-08  1.99526231e+04  5.52752638e-11  1.99526231e+04  2.88721372e-09  1.99526231e+04  2.80959223e-09  1.99526231e+04  6.54877225e-09  1.99526231e+04  7.76819212e-09  1.99526231e+04  5.79950214e-09  1.99526231e+04  6.54982686e-11  1.99526231e+04  2.83699763e-10  1.99526231e+04  8.42372043e-11  1.99526231e+04  5.85102983e-11  1.99526231e+04  5.43569883e-09  1.99526231e+04  5.44519379e-09  1.99526231e+04  8.82545460e-09  1.99526231e+04  8.96603149e-09  1.99526231e+04  4.94811820e-09  1.99526231e+04  8.34847430e-09 
