 2.00000000e+01  9.00199638e-09  2.00000000e+01  9.01218593e-09 
 2.04658598e+01  8.98796272e-09  2.04658598e+01  8.99801372e-09 
 2.09425710e+01  8.97426228e-09  2.09425710e+01  8.98418098e-09 
 2.14303861e+01  8.96088694e-09  2.14303861e+01  8.97067932e-09 
 2.19295639e+01  8.94782879e-09  2.19295639e+01  8.95750052e-09 
 2.24403691e+01  8.93508012e-09  2.24403691e+01  8.94463661e-09 
 2.29630724e+01  8.92263338e-09  2.29630724e+01  8.93207981e-09 
 2.34979511e+01  8.91048126e-09  2.34979511e+01  8.91982254e-09 
 2.40452887e+01  8.89861660e-09  2.40452887e+01  8.90785742e-09 
 2.46053754e+01  8.88703242e-09  2.46053754e+01  8.89617726e-09 
 2.51785082e+01  8.87572193e-09  2.51785082e+01  8.88477505e-09 
 2.57649910e+01  8.86467850e-09  2.57649910e+01  8.87364397e-09 
 2.63651348e+01  8.85389566e-09  2.63651348e+01  8.86277736e-09 
 2.69792577e+01  8.84336711e-09  2.69792577e+01  8.85216875e-09 
 2.76076853e+01  8.83308671e-09  2.76076853e+01  8.84181181e-09 
 2.82507509e+01  8.82304847e-09  2.82507509e+01  8.83170040e-09 
 2.89087954e+01  8.81324655e-09  2.89087954e+01  8.82182852e-09 
 2.95821678e+01  8.80367524e-09  2.95821678e+01  8.81219032e-09 
 3.02712250e+01  8.79432900e-09  3.02712250e+01  8.80278011e-09 
 3.09763324e+01  8.78520240e-09  3.09763324e+01  8.79359234e-09 
 3.16978638e+01  8.77629018e-09  3.16978638e+01  8.78462161e-09 
 3.24362019e+01  8.76758717e-09  3.24362019e+01  8.77586263e-09 
 3.31917381e+01  8.75908835e-09  3.31917381e+01  8.76731027e-09 
 3.39648730e+01  8.75078883e-09  3.39648730e+01  8.75895953e-09 
 3.47560166e+01  8.74268383e-09  3.47560166e+01  8.75080552e-09 
 3.55655882e+01  8.73476868e-09  3.55655882e+01  8.74284348e-09 
 3.63940172e+01  8.72703885e-09  3.63940172e+01  8.73506877e-09 
 3.72417427e+01  8.71948991e-09  3.72417427e+01  8.72747687e-09 
 3.81092144e+01  8.71211753e-09  3.81092144e+01  8.72006338e-09 
 3.89968920e+01  8.70491750e-09  3.89968920e+01  8.71282399e-09 
 3.99052463e+01  8.69788570e-09  3.99052463e+01  8.70575451e-09 
 4.08347589e+01  8.69101813e-09  4.08347589e+01  8.69885087e-09 
 4.17859226e+01  8.68431087e-09  4.17859226e+01  8.69210906e-09 
 4.27592418e+01  8.67776010e-09  4.27592418e+01  8.68552522e-09 
 4.37552325e+01  8.67136212e-09  4.37552325e+01  8.67909555e-09 
 4.47744228e+01  8.66511327e-09  4.47744228e+01  8.67281636e-09 
 4.58173531e+01  8.65901003e-09  4.58173531e+01  8.66668405e-09 
 4.68845763e+01  8.65304893e-09  4.68845763e+01  8.66069510e-09 
 4.79766584e+01  8.64722661e-09  4.79766584e+01  8.65484610e-09 
 4.90941783e+01  8.64153977e-09  4.90941783e+01  8.64913369e-09 
 5.02377286e+01  8.63598521e-09  5.02377286e+01  8.64355463e-09 
 5.14079157e+01  8.63055979e-09  5.14079157e+01  8.63810573e-09 
 5.26053598e+01  8.62526047e-09  5.26053598e+01  8.63278390e-09 
 5.38306961e+01  8.62008426e-09  5.38306961e+01  8.62758611e-09 
 5.50845741e+01  8.61502825e-09  5.50845741e+01  8.62250942e-09 
 5.63676586e+01  8.61008960e-09  5.63676586e+01  8.61755094e-09 
 5.76806301e+01  8.60526556e-09  5.76806301e+01  8.61270788e-09 
 5.90241845e+01  8.60055341e-09  5.90241845e+01  8.60797750e-09 
 6.03990344e+01  8.59595052e-09  6.03990344e+01  8.60335711e-09 
 6.18059087e+01  8.59145432e-09  6.18059087e+01  8.59884413e-09 
 6.32455532e+01  8.58706230e-09  6.32455532e+01  8.59443601e-09 
 6.47187314e+01  8.58277200e-09  6.47187314e+01  8.59013027e-09 
 6.62262243e+01  8.57858104e-09  6.62262243e+01  8.58592450e-09 
 6.77688312e+01  8.57448708e-09  6.77688312e+01  8.58181632e-09 
 6.93473701e+01  8.57048785e-09  6.93473701e+01  8.57780344e-09 
 7.09626778e+01  8.56658113e-09  7.09626778e+01  8.57388362e-09 
 7.26156110e+01  8.56276474e-09  7.26156110e+01  8.57005465e-09 
 7.43070458e+01  8.55903656e-09  7.43070458e+01  8.56631441e-09 
 7.60378793e+01  8.55539455e-09  7.60378793e+01  8.56266079e-09 
 7.78090290e+01  8.55183666e-09  7.78090290e+01  8.55909178e-09 
 7.96214341e+01  8.54836094e-09  7.96214341e+01  8.55560537e-09 
 8.14760556e+01  8.54496547e-09  8.14760556e+01  8.55219963e-09 
 8.33738767e+01  8.54164837e-09  8.33738767e+01  8.54887266e-09 
 8.53159038e+01  8.53840781e-09  8.53159038e+01  8.54562262e-09 
 8.73031664e+01  8.53524200e-09  8.73031664e+01  8.54244770e-09 
 8.93367184e+01  8.53214919e-09  8.93367184e+01  8.53934615e-09 
 9.14176379e+01  8.52912769e-09  9.14176379e+01  8.53631624e-09 
 9.35470283e+01  8.52617584e-09  9.35470283e+01  8.53335630e-09 
 9.57260185e+01  8.52329200e-09  9.57260185e+01  8.53046469e-09 
 9.79557639e+01  8.52047460e-09  9.79557639e+01  8.52763981e-09 
 1.00237447e+02  8.51772209e-09  1.00237447e+02  8.52488011e-09 
 1.02572277e+02  8.51503296e-09  1.02572277e+02  8.52218407e-09 
 1.04961492e+02  8.51240573e-09  1.04961492e+02  8.51955019e-09 
 1.07406359e+02  8.50983896e-09  1.07406359e+02  8.51697703e-09 
 1.09908175e+02  8.50733125e-09  1.09908175e+02  8.51446317e-09 
 1.12468265e+02  8.50488124e-09  1.12468265e+02  8.51200723e-09 
 1.15087987e+02  8.50248757e-09  1.15087987e+02  8.50960787e-09 
 1.17768731e+02  8.50014893e-09  1.17768731e+02  8.50726375e-09 
 1.20511917e+02  8.49786407e-09  1.20511917e+02  8.50497360e-09 
 1.23319000e+02  8.49563171e-09  1.23319000e+02  8.50273617e-09 
 1.26191469e+02  8.49345066e-09  1.26191469e+02  8.50055022e-09 
 1.29130846e+02  8.49131971e-09  1.29130846e+02  8.49841456e-09 
 1.32138690e+02  8.48923771e-09  1.32138690e+02  8.49632803e-09 
 1.35216595e+02  8.48720353e-09  1.35216595e+02  8.49428947e-09 
 1.38366194e+02  8.48521605e-09  1.38366194e+02  8.49229778e-09 
 1.41589157e+02  8.48327420e-09  1.41589157e+02  8.49035187e-09 
 1.44887192e+02  8.48137693e-09  1.44887192e+02  8.48845068e-09 
 1.48262048e+02  8.47952319e-09  1.48262048e+02  8.48659318e-09 
 1.51715515e+02  8.47771198e-09  1.51715515e+02  8.48477834e-09 
 1.55249423e+02  8.47594233e-09  1.55249423e+02  8.48300518e-09 
 1.58865647e+02  8.47421326e-09  1.58865647e+02  8.48127273e-09 
 1.62566103e+02  8.47252385e-09  1.62566103e+02  8.47958006e-09 
 1.66352754e+02  8.47087317e-09  1.66352754e+02  8.47792624e-09 
 1.70227608e+02  8.46926034e-09  1.70227608e+02  8.47631038e-09 
 1.74192718e+02  8.46768448e-09  1.74192718e+02  8.47473159e-09 
 1.78250188e+02  8.46614473e-09  1.78250188e+02  8.47318902e-09 
 1.82402168e+02  8.46464026e-09  1.82402168e+02  8.47168183e-09 
 1.86650860e+02  8.46317027e-09  1.86650860e+02  8.47020921e-09 
 1.90998517e+02  8.46173395e-09  1.90998517e+02  8.46877035e-09 
 1.95447444e+02  8.46033053e-09  1.95447444e+02  8.46736448e-09 
 2.00000000e+02  8.45895926e-09  2.00000000e+02  8.46599083e-09 
 2.04658598e+02  8.45761938e-09  2.04658598e+02  8.46464867e-09 
 2.09425710e+02  8.45631018e-09  2.09425710e+02  8.46333726e-09 
 2.14303861e+02  8.45503095e-09  2.14303861e+02  8.46205589e-09 
 2.19295639e+02  8.45378100e-09  2.19295639e+02  8.46080388e-09 
 2.24403691e+02  8.45255967e-09  2.24403691e+02  8.45958055e-09 
 2.29630724e+02  8.45136628e-09  2.29630724e+02  8.45838523e-09 
 2.34979511e+02  8.45020019e-09  2.34979511e+02  8.45721728e-09 
 2.40452887e+02  8.44906079e-09  2.40452887e+02  8.45607607e-09 
 2.46053754e+02  8.44794745e-09  2.46053754e+02  8.45496098e-09 
 2.51785082e+02  8.44685958e-09  2.51785082e+02  8.45387142e-09 
 2.57649910e+02  8.44579659e-09  2.57649910e+02  8.45280680e-09 
 2.63651348e+02  8.44475791e-09  2.63651348e+02  8.45176653e-09 
 2.69792577e+02  8.44374298e-09  2.69792577e+02  8.45075007e-09 
 2.76076853e+02  8.44275125e-09  2.76076853e+02  8.44975686e-09 
 2.82507509e+02  8.44178220e-09  2.82507509e+02  8.44878637e-09 
 2.89087954e+02  8.44083530e-09  2.89087954e+02  8.44783807e-09 
 2.95821678e+02  8.43991004e-09  2.95821678e+02  8.44691146e-09 
 3.02712250e+02  8.43900593e-09  3.02712250e+02  8.44600604e-09 
 3.09763324e+02  8.43812248e-09  3.09763324e+02  8.44512132e-09 
 3.16978638e+02  8.43725922e-09  3.16978638e+02  8.44425683e-09 
 3.24362019e+02  8.43641568e-09  3.24362019e+02  8.44341209e-09 
 3.31917381e+02  8.43559141e-09  3.31917381e+02  8.44258667e-09 
 3.39648730e+02  8.43478598e-09  3.39648730e+02  8.44178010e-09 
 3.47560166e+02  8.43399894e-09  3.47560166e+02  8.44099197e-09 
 3.55655882e+02  8.43322988e-09  3.55655882e+02  8.44022184e-09 
 3.63940172e+02  8.43247838e-09  3.63940172e+02  8.43946931e-09 
 3.72417427e+02  8.43174404e-09  3.72417427e+02  8.43873397e-09 
 3.81092144e+02  8.43102647e-09  3.81092144e+02  8.43801543e-09 
 3.89968920e+02  8.43032529e-09  3.89968920e+02  8.43731329e-09 
 3.99052463e+02  8.42964011e-09  3.99052463e+02  8.43662719e-09 
 4.08347589e+02  8.42897058e-09  4.08347589e+02  8.43595676e-09 
 4.17859226e+02  8.42831633e-09  4.17859226e+02  8.43530163e-09 
 4.27592418e+02  8.42767701e-09  4.27592418e+02  8.43466146e-09 
 4.37552325e+02  8.42705229e-09  4.37552325e+02  8.43403590e-09 
 4.47744228e+02  8.42644182e-09  4.47744228e+02  8.43342462e-09 
 4.58173531e+02  8.42584529e-09  4.58173531e+02  8.43282729e-09 
 4.68845763e+02  8.42526236e-09  4.68845763e+02  8.43224359e-09 
 4.79766584e+02  8.42469274e-09  4.79766584e+02  8.43167321e-09 
 4.90941783e+02  8.42413611e-09  4.90941783e+02  8.43111584e-09 
 5.02377286e+02  8.42359218e-09  5.02377286e+02  8.43057118e-09 
 5.14079157e+02  8.42306066e-09  5.14079157e+02  8.43003895e-09 
 5.26053598e+02  8.42254127e-09  5.26053598e+02  8.42951886e-09 
 5.38306961e+02  8.42203372e-09  5.38306961e+02  8.42901062e-09 
 5.50845741e+02  8.42153774e-09  5.50845741e+02  8.42851398e-09 
 5.63676586e+02  8.42105308e-09  5.63676586e+02  8.42802865e-09 
 5.76806301e+02  8.42057947e-09  5.76806301e+02  8.42755439e-09 
 5.90241845e+02  8.42011665e-09  5.90241845e+02  8.42709094e-09 
 6.03990344e+02  8.41966439e-09  6.03990344e+02  8.42663805e-09 
 6.18059087e+02  8.41922244e-09  6.18059087e+02  8.42619548e-09 
 6.32455532e+02  8.41879057e-09  6.32455532e+02  8.42576299e-09 
 6.47187314e+02  8.41836853e-09  6.47187314e+02  8.42534036e-09 
 6.62262243e+02  8.41795612e-09  6.62262243e+02  8.42492735e-09 
 6.77688312e+02  8.41755311e-09  6.77688312e+02  8.42452374e-09 
 6.93473701e+02  8.41715928e-09  6.93473701e+02  8.42412932e-09 
 7.09626778e+02  8.41677442e-09  7.09626778e+02  8.42374388e-09 
 7.26156110e+02  8.41639833e-09  7.26156110e+02  8.42336722e-09 
 7.43070458e+02  8.41603081e-09  7.43070458e+02  8.42299912e-09 
 7.60378793e+02  8.41567166e-09  7.60378793e+02  8.42263940e-09 
 7.78090290e+02  8.41532069e-09  7.78090290e+02  8.42228786e-09 
 7.96214341e+02  8.41497772e-09  7.96214341e+02  8.42194431e-09 
 8.14760556e+02  8.41464255e-09  8.14760556e+02  8.42160858e-09 
 8.33738767e+02  8.41431502e-09  8.33738767e+02  8.42128047e-09 
 8.53159038e+02  8.41399494e-09  8.53159038e+02  8.42095982e-09 
 8.73031664e+02  8.41368215e-09  8.73031664e+02  8.42064645e-09 
 8.93367184e+02  8.41337648e-09  8.93367184e+02  8.42034020e-09 
 9.14176379e+02  8.41307777e-09  9.14176379e+02  8.42004091e-09 
 9.35470283e+02  8.41278585e-09  9.35470283e+02  8.41974840e-09 
 9.57260185e+02  8.41250057e-09  9.57260185e+02  8.41946253e-09 
 9.79557639e+02  8.41222178e-09  9.79557639e+02  8.41918314e-09 
 1.00237447e+03  8.41194933e-09  1.00237447e+03  8.41891009e-09 
 1.02572277e+03  8.41168308e-09  1.02572277e+03  8.41864322e-09 
 1.04961492e+03  8.41142288e-09  1.04961492e+03  8.41838239e-09 
 1.07406359e+03  8.41116860e-09  1.07406359e+03  8.41812747e-09 
 1.09908175e+03  8.41092009e-09  1.09908175e+03  8.41787832e-09 
 1.12468265e+03  8.41067723e-09  1.12468265e+03  8.41763480e-09 
 1.15087987e+03  8.41043988e-09  1.15087987e+03  8.41739678e-09 
 1.17768731e+03  8.41020793e-09  1.17768731e+03  8.41716414e-09 
 1.20511917e+03  8.40998124e-09  1.20511917e+03  8.41693674e-09 
 1.23319000e+03  8.40975969e-09  1.23319000e+03  8.41671448e-09 
 1.26191469e+03  8.40954318e-09  1.26191469e+03  8.41649722e-09 
 1.29130846e+03  8.40933157e-09  1.29130846e+03  8.41628486e-09 
 1.32138690e+03  8.40912476e-09  1.32138690e+03  8.41607727e-09 
 1.35216595e+03  8.40892264e-09  1.35216595e+03  8.41587434e-09 
 1.38366194e+03  8.40872509e-09  1.38366194e+03  8.41567598e-09 
 1.41589157e+03  8.40853202e-09  1.41589157e+03  8.41548206e-09 
 1.44887192e+03  8.40834332e-09  1.44887192e+03  8.41529248e-09 
 1.48262048e+03  8.40815889e-09  1.48262048e+03  8.41510715e-09 
 1.51715515e+03  8.40797863e-09  1.51715515e+03  8.41492595e-09 
 1.55249423e+03  8.40780245e-09  1.55249423e+03  8.41474880e-09 
 1.58865647e+03  8.40763024e-09  1.58865647e+03  8.41457559e-09 
 1.62566103e+03  8.40746192e-09  1.62566103e+03  8.41440624e-09 
 1.66352754e+03  8.40729740e-09  1.66352754e+03  8.41424064e-09 
 1.70227608e+03  8.40713658e-09  1.70227608e+03  8.41407872e-09 
 1.74192718e+03  8.40697939e-09  1.74192718e+03  8.41392037e-09 
 1.78250188e+03  8.40682574e-09  1.78250188e+03  8.41376552e-09 
 1.82402168e+03  8.40667554e-09  1.82402168e+03  8.41361408e-09 
 1.86650860e+03  8.40652871e-09  1.86650860e+03  8.41346596e-09 
 1.90998517e+03  8.40638518e-09  1.90998517e+03  8.41332109e-09 
 1.95447444e+03  8.40624487e-09  1.95447444e+03  8.41317937e-09 
 2.00000000e+03  8.40610770e-09  2.00000000e+03  8.41304075e-09 
 2.04658598e+03  8.40597359e-09  2.04658598e+03  8.41290513e-09 
 2.09425710e+03  8.40584249e-09  2.09425710e+03  8.41277245e-09 
 2.14303861e+03  8.40571430e-09  2.14303861e+03  8.41264262e-09 
 2.19295639e+03  8.40558897e-09  2.19295639e+03  8.41251558e-09 
 2.24403691e+03  8.40546643e-09  2.24403691e+03  8.41239125e-09 
 2.29630724e+03  8.40534660e-09  2.29630724e+03  8.41226957e-09 
 2.34979511e+03  8.40522943e-09  2.34979511e+03  8.41215046e-09 
 2.40452887e+03  8.40511485e-09  2.40452887e+03  8.41203386e-09 
 2.46053754e+03  8.40500280e-09  2.46053754e+03  8.41191969e-09 
 2.51785082e+03  8.40489321e-09  2.51785082e+03  8.41180791e-09 
 2.57649910e+03  8.40478603e-09  2.57649910e+03  8.41169842e-09 
 2.63651348e+03  8.40468119e-09  2.63651348e+03  8.41159119e-09 
 2.69792577e+03  8.40457865e-09  2.69792577e+03  8.41148613e-09 
 2.76076853e+03  8.40447833e-09  2.76076853e+03  8.41138320e-09 
 2.82507509e+03  8.40438020e-09  2.82507509e+03  8.41128233e-09 
 2.89087954e+03  8.40428418e-09  2.89087954e+03  8.41118345e-09 
 2.95821678e+03  8.40419023e-09  2.95821678e+03  8.41108652e-09 
 3.02712250e+03  8.40409830e-09  3.02712250e+03  8.41099146e-09 
 3.09763324e+03  8.40400833e-09  3.09763324e+03  8.41089823e-09 
 3.16978638e+03  8.40392027e-09  3.16978638e+03  8.41080676e-09 
 3.24362019e+03  8.40383408e-09  3.24362019e+03  8.41071700e-09 
 3.31917381e+03  8.40374969e-09  3.31917381e+03  8.41062888e-09 
 3.39648730e+03  8.40366708e-09  3.39648730e+03  8.41054237e-09 
 3.47560166e+03  8.40358618e-09  3.47560166e+03  8.41045739e-09 
 3.55655882e+03  8.40350695e-09  3.55655882e+03  8.41037389e-09 
 3.63940172e+03  8.40342935e-09  3.63940172e+03  8.41029183e-09 
 3.72417427e+03  8.40335332e-09  3.72417427e+03  8.41021114e-09 
 3.81092144e+03  8.40327883e-09  3.81092144e+03  8.41013176e-09 
 3.89968920e+03  8.40320583e-09  3.89968920e+03  8.41005365e-09 
 3.99052463e+03  8.40313428e-09  3.99052463e+03  8.40997675e-09 
 4.08347589e+03  8.40306413e-09  4.08347589e+03  8.40990101e-09 
 4.17859226e+03  8.40299534e-09  4.17859226e+03  8.40982637e-09 
 4.27592418e+03  8.40292786e-09  4.27592418e+03  8.40975277e-09 
 4.37552325e+03  8.40286167e-09  4.37552325e+03  8.40968017e-09 
 4.47744228e+03  8.40279671e-09  4.47744228e+03  8.40960850e-09 
 4.58173531e+03  8.40273294e-09  4.58173531e+03  8.40953772e-09 
 4.68845763e+03  8.40267033e-09  4.68845763e+03  8.40946776e-09 
 4.79766584e+03  8.40260883e-09  4.79766584e+03  8.40939858e-09 
 4.90941783e+03  8.40254841e-09  4.90941783e+03  8.40933011e-09 
 5.02377286e+03  8.40248902e-09  5.02377286e+03  8.40926230e-09 
 5.14079157e+03  8.40243062e-09  5.14079157e+03  8.40919509e-09 
 5.26053598e+03  8.40237318e-09  5.26053598e+03  8.40912842e-09 
 5.38306961e+03  8.40231665e-09  5.38306961e+03  8.40906224e-09 
 5.50845741e+03  8.40226100e-09  5.50845741e+03  8.40899648e-09 
 5.63676586e+03  8.40220619e-09  5.63676586e+03  8.40893108e-09 
 5.76806301e+03  8.40215217e-09  5.76806301e+03  8.40886599e-09 
 5.90241845e+03  8.40209891e-09  5.90241845e+03  8.40880113e-09 
 6.03990344e+03  8.40204637e-09  6.03990344e+03  8.40873645e-09 
 6.18059087e+03  8.40199450e-09  6.18059087e+03  8.40867189e-09 
 6.32455532e+03  8.40194328e-09  6.32455532e+03  8.40860736e-09 
 6.47187314e+03  8.40189265e-09  6.47187314e+03  8.40854281e-09 
 6.62262243e+03  8.40184258e-09  6.62262243e+03  8.40847817e-09 
 6.77688312e+03  8.40179303e-09  6.77688312e+03  8.40841336e-09 
 6.93473701e+03  8.40174396e-09  6.93473701e+03  8.40834831e-09 
 7.09626778e+03  8.40169532e-09  7.09626778e+03  8.40828295e-09 
 7.26156110e+03  8.40164708e-09  7.26156110e+03  8.40821720e-09 
 7.43070458e+03  8.40159918e-09  7.43070458e+03  8.40815098e-09 
 7.60378793e+03  8.40155159e-09  7.60378793e+03  8.40808420e-09 
 7.78090290e+03  8.40150427e-09  7.78090290e+03  8.40801679e-09 
 7.96214341e+03  8.40145716e-09  7.96214341e+03  8.40794865e-09 
 8.14760556e+03  8.40141023e-09  8.14760556e+03  8.40787971e-09 
 8.33738767e+03  8.40136343e-09  8.33738767e+03  8.40780985e-09 
 8.53159038e+03  8.40131670e-09  8.53159038e+03  8.40773900e-09 
 8.73031664e+03  8.40127001e-09  8.73031664e+03  8.40766705e-09 
 8.93367184e+03  8.40122330e-09  8.93367184e+03  8.40759389e-09 
 9.14176379e+03  8.40117652e-09  9.14176379e+03  8.40751943e-09 
 9.35470283e+03  8.40112962e-09  9.35470283e+03  8.40744354e-09 
 9.57260185e+03  8.40108255e-09  9.57260185e+03  8.40736613e-09 
 9.79557639e+03  8.40103525e-09  9.79557639e+03  8.40728707e-09 
 1.00237447e+04  8.40098767e-09  1.00237447e+04  8.40720623e-09 
 1.02572277e+04  8.40093975e-09  1.02572277e+04  8.40712350e-09 
 1.04961492e+04  8.40089144e-09  1.04961492e+04  8.40703873e-09 
 1.07406359e+04  8.40084266e-09  1.07406359e+04  8.40695180e-09 
 1.09908175e+04  8.40079335e-09  1.09908175e+04  8.40686256e-09 
 1.12468265e+04  8.40074346e-09  1.12468265e+04  8.40677086e-09 
 1.15087987e+04  8.40069292e-09  1.15087987e+04  8.40667654e-09 
 1.17768731e+04  8.40064165e-09  1.17768731e+04  8.40657945e-09 
 1.20511917e+04  8.40058959e-09  1.20511917e+04  8.40647942e-09 
 1.23319000e+04  8.40053665e-09  1.23319000e+04  8.40637628e-09 
 1.26191469e+04  8.40048277e-09  1.26191469e+04  8.40626984e-09 
 1.29130846e+04  8.40042787e-09  1.29130846e+04  8.40615991e-09 
 1.32138690e+04  8.40037185e-09  1.32138690e+04  8.40604631e-09 
 1.35216595e+04  8.40031465e-09  1.35216595e+04  8.40592882e-09 
 1.38366194e+04  8.40025616e-09  1.38366194e+04  8.40580723e-09 
 1.41589157e+04  8.40019630e-09  1.41589157e+04  8.40568131e-09 
 1.44887192e+04  8.40013497e-09  1.44887192e+04  8.40555085e-09 
 1.48262048e+04  8.40007207e-09  1.48262048e+04  8.40541558e-09 
 1.51715515e+04  8.40000750e-09  1.51715515e+04  8.40527527e-09 
 1.55249423e+04  8.39994115e-09  1.55249423e+04  8.40512965e-09 
 1.58865647e+04  8.39987292e-09  1.58865647e+04  8.40497844e-09 
 1.62566103e+04  8.39980267e-09  1.62566103e+04  8.40482136e-09 
 1.66352754e+04  8.39973030e-09  1.66352754e+04  8.40465810e-09 
 1.70227608e+04  8.39965568e-09  1.70227608e+04  8.40448836e-09 
 1.74192718e+04  8.39957867e-09  1.74192718e+04  8.40431182e-09 
 1.78250188e+04  8.39949914e-09  1.78250188e+04  8.40412812e-09 
 1.82402168e+04  8.39941695e-09  1.82402168e+04  8.40393691e-09 
 1.86650860e+04  8.39933195e-09  1.86650860e+04  8.40373784e-09 
 1.90998517e+04  8.39924398e-09  1.90998517e+04  8.40353050e-09 
 1.95447444e+04  8.39915289e-09  1.95447444e+04  8.40331450e-09 
 2.00000000e+04  8.39905850e-09  2.00000000e+04  8.40308942e-09 
