 2.00000000e+01  6.10638285e+01 
 2.24403691e+01  6.14410821e+01 
 2.51785082e+01  6.18735291e+01 
 2.82507509e+01  6.23627631e+01 
 3.16978638e+01  6.29088947e+01 
 3.55655882e+01  6.35105216e+01 
 3.99052463e+01  6.41648497e+01 
 4.47744228e+01  6.48679360e+01 
 5.02377286e+01  6.56150064e+01 
 5.63676586e+01  6.64007898e+01 
 6.32455532e+01  6.72198215e+01 
 7.09626778e+01  6.80666820e+01 
 7.96214341e+01  6.89361585e+01 
 8.93367184e+01  6.98233303e+01 
 1.00237447e+02  7.07235876e+01 
 1.12468265e+02  7.16325996e+01 
 1.26191469e+02  7.25462455e+01 
 1.41589157e+02  7.34605228e+01 
 1.58865647e+02  7.43714429e+01 
 1.78250188e+02  7.52749251e+01 
 2.00000000e+02  7.61666976e+01 
 2.24403691e+02  7.70422176e+01 
 2.51785082e+02  7.78966211e+01 
 2.82507509e+02  7.87247181e+01 
 3.16978638e+02  7.95210470e+01 
 3.55655882e+02  8.02800019e+01 
 3.99052463e+02  8.09960358e+01 
 4.47744228e+02  8.16639342e+01 
 5.02377286e+02  8.22791319e+01 
 5.63676586e+02  8.28380295e+01 
 6.32455532e+02  8.33382551e+01 
 7.09626778e+02  8.37788150e+01 
 7.96214341e+02  8.41600974e+01 
 8.93367184e+02  8.44837201e+01 
 1.00237447e+03  8.47522461e+01 
 1.12468265e+03  8.49688147e+01 
 1.26191469e+03  8.51367434e+01 
 1.41589157e+03  8.52591527e+01 
 1.58865647e+03  8.53386465e+01 
 1.78250188e+03  8.53770690e+01 
 2.00000000e+03  8.53753431e+01 
 2.24403691e+03  8.53333893e+01 
 2.51785082e+03  8.52501222e+01 
 2.82507509e+03  8.51235271e+01 
 3.16978638e+03  8.49508146e+01 
 3.55655882e+03  8.47286572e+01 
 3.99052463e+03  8.44534993e+01 
 4.47744228e+03  8.41219218e+01 
 5.02377286e+03  8.37310254e+01 
 5.63676586e+03  8.32787806e+01 
 6.32455532e+03  8.27642890e+01 
 7.09626778e+03  8.21879060e+01 
 7.96214341e+03  8.15512038e+01 
 8.93367184e+03  8.08567808e+01 
 1.00237447e+04  8.01079556e+01 
 1.12468265e+04  7.93084004e+01 
 1.26191469e+04  7.84617694e+01 
 1.41589157e+04  7.75713676e+01 
 1.58865647e+04  7.66398882e+01 
 1.78250188e+04  7.56692311e+01 
 2.00000000e+04  7.46604076e+01 
 2.24403691e+04  7.36135276e+01 
 2.51785082e+04  7.25278718e+01 
 2.82507509e+04  7.14020489e+01 
 3.16978638e+04  7.02342401e+01 
 3.55655882e+04  6.90225291e+01 
 3.99052463e+04  6.77653031e+01 
 4.47744228e+04  6.64616943e+01 
 5.02377286e+04  6.51120144e+01 
 5.63676586e+04  6.37181196e+01 
 6.32455532e+04  6.22836462e+01 
 7.09626778e+04  6.08140683e+01 
 7.96214341e+04  5.93165590e+01 
 8.93367184e+04  5.77996647e+01 
 1.00237447e+05  5.62728281e+01 
 1.12468265e+05  5.47458093e+01 
 1.26191469e+05  5.32280600e+01 
 1.41589157e+05  5.17281066e+01 
 1.58865647e+05  5.02529973e+01 
 1.78250188e+05  4.88078671e+01 
 2.00000000e+05  4.73956627e+01 
