 2.00000000e+01  1.27058261e-08  2.00000000e+01  8.96125459e-09 
 2.09425710e+01  1.26686316e-08  2.09425710e+01  8.93478359e-09 
 2.19295639e+01  1.26330937e-08  2.19295639e+01  8.90950322e-09 
 2.29630724e+01  1.25991396e-08  2.29630724e+01  8.88535995e-09 
 2.40452887e+01  1.25666994e-08  2.40452887e+01  8.86230265e-09 
 2.51785082e+01  1.25357063e-08  2.51785082e+01  8.84028249e-09 
 2.63651348e+01  1.25060963e-08  2.63651348e+01  8.81925285e-09 
 2.76076853e+01  1.24778084e-08  2.76076853e+01  8.79916917e-09 
 2.89087954e+01  1.24507840e-08  2.89087954e+01  8.77998894e-09 
 3.02712250e+01  1.24249671e-08  3.02712250e+01  8.76167152e-09 
 3.16978638e+01  1.24003042e-08  3.16978638e+01  8.74417813e-09 
 3.31917381e+01  1.23767441e-08  3.31917381e+01  8.72747171e-09 
 3.47560166e+01  1.23542378e-08  3.47560166e+01  8.71151687e-09 
 3.63940172e+01  1.23327385e-08  3.63940172e+01  8.69627983e-09 
 3.81092144e+01  1.23122014e-08  3.81092144e+01  8.68172830e-09 
 3.99052463e+01  1.22925838e-08  3.99052463e+01  8.66783147e-09 
 4.17859226e+01  1.22738447e-08  4.17859226e+01  8.65455989e-09 
 4.37552325e+01  1.22559450e-08  4.37552325e+01  8.64188544e-09 
 4.58173531e+01  1.22388472e-08  4.58173531e+01  8.62978127e-09 
 4.79766584e+01  1.22225157e-08  4.79766584e+01  8.61822174e-09 
 5.02377286e+01  1.22069162e-08  5.02377286e+01  8.60718234e-09 
 5.26053598e+01  1.21920160e-08  5.26053598e+01  8.59663970e-09 
 5.50845741e+01  1.21777841e-08  5.50845741e+01  8.58657145e-09 
 5.76806301e+01  1.21641904e-08  5.76806301e+01  8.57695627e-09 
 6.03990344e+01  1.21512065e-08  6.03990344e+01  8.56777378e-09 
 6.32455532e+01  1.21388052e-08  6.32455532e+01  8.55900451e-09 
 6.62262243e+01  1.21269603e-08  6.62262243e+01  8.55062986e-09 
 6.93473701e+01  1.21156471e-08  6.93473701e+01  8.54263210e-09 
 7.26156110e+01  1.21048416e-08  7.26156110e+01  8.53499426e-09 
 7.60378793e+01  1.20945212e-08  7.60378793e+01  8.52770015e-09 
 7.96214341e+01  1.20846642e-08  7.96214341e+01  8.52073430e-09 
 8.33738767e+01  1.20752498e-08  8.33738767e+01  8.51408195e-09 
 8.73031664e+01  1.20662582e-08  8.73031664e+01  8.50772899e-09 
 9.14176379e+01  1.20576704e-08  9.14176379e+01  8.50166194e-09 
 9.57260185e+01  1.20494684e-08  9.57260185e+01  8.49586794e-09 
 1.00237447e+02  1.20416348e-08  1.00237447e+02  8.49033470e-09 
 1.04961492e+02  1.20341531e-08  1.04961492e+02  8.48505050e-09 
 1.09908175e+02  1.20270076e-08  1.09908175e+02  8.48000412e-09 
 1.15087987e+02  1.20201832e-08  1.15087987e+02  8.47518485e-09 
 1.20511917e+02  1.20136654e-08  1.20511917e+02  8.47058249e-09 
 1.26191469e+02  1.20074405e-08  1.26191469e+02  8.46618726e-09 
 1.32138690e+02  1.20014954e-08  1.32138690e+02  8.46198985e-09 
 1.38366194e+02  1.19958175e-08  1.38366194e+02  8.45798135e-09 
 1.44887192e+02  1.19903949e-08  1.44887192e+02  8.45415326e-09 
 1.51715515e+02  1.19852159e-08  1.51715515e+02  8.45049747e-09 
 1.58865647e+02  1.19802698e-08  1.58865647e+02  8.44700621e-09 
 1.66352754e+02  1.19755460e-08  1.66352754e+02  8.44367208e-09 
 1.74192718e+02  1.19710346e-08  1.74192718e+02  8.44048801e-09 
 1.82402168e+02  1.19667261e-08  1.82402168e+02  8.43744725e-09 
 1.90998517e+02  1.19626112e-08  1.90998517e+02  8.43454334e-09 
 2.00000000e+02  1.19586813e-08  2.00000000e+02  8.43177014e-09 
 2.09425710e+02  1.19549282e-08  2.09425710e+02  8.42912174e-09 
 2.19295639e+02  1.19513437e-08  2.19295639e+02  8.42659254e-09 
 2.29630724e+02  1.19479205e-08  2.29630724e+02  8.42417718e-09 
 2.40452887e+02  1.19446512e-08  2.40452887e+02  8.42187052e-09 
 2.51785082e+02  1.19415288e-08  2.51785082e+02  8.41966768e-09 
 2.63651348e+02  1.19385469e-08  2.63651348e+02  8.41756398e-09 
 2.76076853e+02  1.19356991e-08  2.76076853e+02  8.41555496e-09 
 2.89087954e+02  1.19329792e-08  2.89087954e+02  8.41363635e-09 
 3.02712250e+02  1.19303817e-08  3.02712250e+02  8.41180410e-09 
 3.16978638e+02  1.19279010e-08  3.16978638e+02  8.41005431e-09 
 3.31917381e+02  1.19255318e-08  3.31917381e+02  8.40838327e-09 
 3.47560166e+02  1.19232690e-08  3.47560166e+02  8.40678744e-09 
 3.63940172e+02  1.19211080e-08  3.63940172e+02  8.40526343e-09 
 3.81092144e+02  1.19190442e-08  3.81092144e+02  8.40380800e-09 
 3.99052463e+02  1.19170730e-08  3.99052463e+02  8.40241808e-09 
 4.17859226e+02  1.19151905e-08  4.17859226e+02  8.40109071e-09 
 4.37552325e+02  1.19133925e-08  4.37552325e+02  8.39982307e-09 
 4.58173531e+02  1.19116753e-08  4.58173531e+02  8.39861248e-09 
 4.79766584e+02  1.19100352e-08  4.79766584e+02  8.39745637e-09 
 5.02377286e+02  1.19084688e-08  5.02377286e+02  8.39635229e-09 
 5.26053598e+02  1.19069727e-08  5.26053598e+02  8.39529788e-09 
 5.50845741e+02  1.19055437e-08  5.50845741e+02  8.39429093e-09 
 5.76806301e+02  1.19041788e-08  5.76806301e+02  8.39332929e-09 
 6.03990344e+02  1.19028751e-08  6.03990344e+02  8.39241091e-09 
 6.32455532e+02  1.19016298e-08  6.32455532e+02  8.39153386e-09 
 6.62262243e+02  1.19004403e-08  6.62262243e+02  8.39069627e-09 
 6.93473701e+02  1.18993040e-08  6.93473701e+02  8.38989636e-09 
 7.26156110e+02  1.18982185e-08  7.26156110e+02  8.38913244e-09 
 7.60378793e+02  1.18971816e-08  7.60378793e+02  8.38840288e-09 
 7.96214341e+02  1.18961909e-08  7.96214341e+02  8.38770614e-09 
 8.33738767e+02  1.18952444e-08  8.33738767e+02  8.38704073e-09 
 8.73031664e+02  1.18943400e-08  8.73031664e+02  8.38640525e-09 
 9.14176379e+02  1.18934758e-08  9.14176379e+02  8.38579835e-09 
 9.57260185e+02  1.18926500e-08  9.57260185e+02  8.38521873e-09 
 1.00237447e+03  1.18918607e-08  1.00237447e+03  8.38466517e-09 
 1.04961492e+03  1.18911063e-08  1.04961492e+03  8.38413649e-09 
 1.09908175e+03  1.18903851e-08  1.09908175e+03  8.38363156e-09 
 1.15087987e+03  1.18896956e-08  1.15087987e+03  8.38314933e-09 
 1.20511917e+03  1.18890362e-08  1.20511917e+03  8.38268875e-09 
 1.26191469e+03  1.18884056e-08  1.26191469e+03  8.38224885e-09 
 1.32138690e+03  1.18878023e-08  1.32138690e+03  8.38182870e-09 
 1.38366194e+03  1.18872250e-08  1.38366194e+03  8.38142739e-09 
 1.44887192e+03  1.18866724e-08  1.44887192e+03  8.38104409e-09 
 1.51715515e+03  1.18861433e-08  1.51715515e+03  8.38067797e-09 
 1.58865647e+03  1.18856366e-08  1.58865647e+03  8.38032824e-09 
 1.66352754e+03  1.18851509e-08  1.66352754e+03  8.37999417e-09 
 1.74192718e+03  1.18846854e-08  1.74192718e+03  8.37967505e-09 
 1.82402168e+03  1.18842388e-08  1.82402168e+03  8.37937018e-09 
 1.90998517e+03  1.18838101e-08  1.90998517e+03  8.37907893e-09 
 2.00000000e+03  1.18833983e-08  2.00000000e+03  8.37880066e-09 
 2.09425710e+03  1.18830025e-08  2.09425710e+03  8.37853478e-09 
 2.19295639e+03  1.18826215e-08  2.19295639e+03  8.37828071e-09 
 2.29630724e+03  1.18822546e-08  2.29630724e+03  8.37803792e-09 
 2.40452887e+03  1.18819008e-08  2.40452887e+03  8.37780588e-09 
 2.51785082e+03  1.18815591e-08  2.51785082e+03  8.37758409e-09 
 2.63651348e+03  1.18812286e-08  2.63651348e+03  8.37737207e-09 
 2.76076853e+03  1.18809085e-08  2.76076853e+03  8.37716936e-09 
 2.89087954e+03  1.18805978e-08  2.89087954e+03  8.37697551e-09 
 3.02712250e+03  1.18802956e-08  3.02712250e+03  8.37679010e-09 
 3.16978638e+03  1.18800010e-08  3.16978638e+03  8.37661273e-09 
 3.31917381e+03  1.18797131e-08  3.31917381e+03  8.37644301e-09 
 3.47560166e+03  1.18794309e-08  3.47560166e+03  8.37628055e-09 
 3.63940172e+03  1.18791536e-08  3.63940172e+03  8.37612500e-09 
 3.81092144e+03  1.18788801e-08  3.81092144e+03  8.37597600e-09 
 3.99052463e+03  1.18786094e-08  3.99052463e+03  8.37583322e-09 
 4.17859226e+03  1.18783405e-08  4.17859226e+03  8.37569633e-09 
 4.37552325e+03  1.18780722e-08  4.37552325e+03  8.37556501e-09 
 4.58173531e+03  1.18778036e-08  4.58173531e+03  8.37543896e-09 
 4.79766584e+03  1.18775333e-08  4.79766584e+03  8.37531787e-09 
 5.02377286e+03  1.18772601e-08  5.02377286e+03  8.37520146e-09 
 5.26053598e+03  1.18769827e-08  5.26053598e+03  8.37508943e-09 
 5.50845741e+03  1.18766998e-08  5.50845741e+03  8.37498152e-09 
 5.76806301e+03  1.18764097e-08  5.76806301e+03  8.37487744e-09 
 6.03990344e+03  1.18761110e-08  6.03990344e+03  8.37477692e-09 
 6.32455532e+03  1.18758019e-08  6.32455532e+03  8.37467970e-09 
 6.62262243e+03  1.18754806e-08  6.62262243e+03  8.37458551e-09 
 6.93473701e+03  1.18751451e-08  6.93473701e+03  8.37449408e-09 
 7.26156110e+03  1.18747934e-08  7.26156110e+03  8.37440515e-09 
 7.60378793e+03  1.18744230e-08  7.60378793e+03  8.37431844e-09 
 7.96214341e+03  1.18740316e-08  7.96214341e+03  8.37423369e-09 
 8.33738767e+03  1.18736164e-08  8.33738767e+03  8.37415063e-09 
 8.73031664e+03  1.18731746e-08  8.73031664e+03  8.37406896e-09 
 9.14176379e+03  1.18727030e-08  9.14176379e+03  8.37398840e-09 
 9.57260185e+03  1.18721981e-08  9.57260185e+03  8.37390866e-09 
 1.00237447e+04  1.18716563e-08  1.00237447e+04  8.37382943e-09 
 1.04961492e+04  1.18710733e-08  1.04961492e+04  8.37375039e-09 
 1.09908175e+04  1.18704449e-08  1.09908175e+04  8.37367121e-09 
 1.15087987e+04  1.18697661e-08  1.15087987e+04  8.37359153e-09 
 1.20511917e+04  1.18690316e-08  1.20511917e+04  8.37351099e-09 
 1.26191469e+04  1.18682358e-08  1.26191469e+04  8.37342921e-09 
 1.32138690e+04  1.18673722e-08  1.32138690e+04  8.37334576e-09 
 1.38366194e+04  1.18664341e-08  1.38366194e+04  8.37326022e-09 
 1.44887192e+04  1.18654139e-08  1.44887192e+04  8.37317211e-09 
 1.51715515e+04  1.18643034e-08  1.51715515e+04  8.37308094e-09 
 1.58865647e+04  1.18630936e-08  1.58865647e+04  8.37298617e-09 
 1.66352754e+04  1.18617748e-08  1.66352754e+04  8.37288723e-09 
 1.74192718e+04  1.18603362e-08  1.74192718e+04  8.37278350e-09 
 1.82402168e+04  1.18587661e-08  1.82402168e+04  8.37267432e-09 
 1.90998517e+04  1.18570518e-08  1.90998517e+04  8.37255895e-09 
 2.00000000e+04  1.18551793e-08  2.00000000e+04  8.37243663e-09 
