 1.00000000e-01 -1.69459071e+01  1.00000000e-01  8.31316451e+01 
 1.01157945e-01 -1.68473536e+01  1.01157945e-01  8.30528861e+01 
 1.02329299e-01 -1.67488333e+01  1.02329299e-01  8.29732420e+01 
 1.03514217e-01 -1.66503469e+01  1.03514217e-01  8.28927034e+01 
 1.04712855e-01 -1.65518952e+01  1.04712855e-01  8.28112609e+01 
 1.05925373e-01 -1.64534791e+01  1.05925373e-01  8.27289051e+01 
 1.07151931e-01 -1.63550992e+01  1.07151931e-01  8.26456263e+01 
 1.08392691e-01 -1.62567564e+01  1.08392691e-01  8.25614150e+01 
 1.09647820e-01 -1.61584516e+01  1.09647820e-01  8.24762615e+01 
 1.10917482e-01 -1.60601856e+01  1.10917482e-01  8.23901559e+01 
 1.12201845e-01 -1.59619593e+01  1.12201845e-01  8.23030884e+01 
 1.13501082e-01 -1.58637735e+01  1.13501082e-01  8.22150491e+01 
 1.14815362e-01 -1.57656292e+01  1.14815362e-01  8.21260280e+01 
 1.16144861e-01 -1.56675273e+01  1.16144861e-01  8.20360150e+01 
 1.17489755e-01 -1.55694688e+01  1.17489755e-01  8.19449999e+01 
 1.18850223e-01 -1.54714545e+01  1.18850223e-01  8.18529726e+01 
 1.20226443e-01 -1.53734856e+01  1.20226443e-01  8.17599226e+01 
 1.21618600e-01 -1.52755631e+01  1.21618600e-01  8.16658397e+01 
 1.23026877e-01 -1.51776879e+01  1.23026877e-01  8.15707134e+01 
 1.24451461e-01 -1.50798611e+01  1.24451461e-01  8.14745332e+01 
 1.25892541e-01 -1.49820838e+01  1.25892541e-01  8.13772885e+01 
 1.27350308e-01 -1.48843571e+01  1.27350308e-01  8.12789687e+01 
 1.28824955e-01 -1.47866821e+01  1.28824955e-01  8.11795630e+01 
 1.30316678e-01 -1.46890600e+01  1.30316678e-01  8.10790607e+01 
 1.31825674e-01 -1.45914919e+01  1.31825674e-01  8.09774508e+01 
 1.33352143e-01 -1.44939791e+01  1.33352143e-01  8.08747227e+01 
 1.34896288e-01 -1.43965227e+01  1.34896288e-01  8.07708651e+01 
 1.36458314e-01 -1.42991240e+01  1.36458314e-01  8.06658671e+01 
 1.38038426e-01 -1.42017843e+01  1.38038426e-01  8.05597177e+01 
 1.39636836e-01 -1.41045049e+01  1.39636836e-01  8.04524055e+01 
 1.41253754e-01 -1.40072871e+01  1.41253754e-01  8.03439196e+01 
 1.42889396e-01 -1.39101323e+01  1.42889396e-01  8.02342484e+01 
 1.44543977e-01 -1.38130418e+01  1.44543977e-01  8.01233809e+01 
 1.46217717e-01 -1.37160171e+01  1.46217717e-01  8.00113055e+01 
 1.47910839e-01 -1.36190595e+01  1.47910839e-01  7.98980108e+01 
 1.49623566e-01 -1.35221706e+01  1.49623566e-01  7.97834854e+01 
 1.51356125e-01 -1.34253519e+01  1.51356125e-01  7.96677178e+01 
 1.53108746e-01 -1.33286049e+01  1.53108746e-01  7.95506964e+01 
 1.54881662e-01 -1.32319311e+01  1.54881662e-01  7.94324095e+01 
 1.56675107e-01 -1.31353322e+01  1.56675107e-01  7.93128456e+01 
 1.58489319e-01 -1.30388097e+01  1.58489319e-01  7.91919929e+01 
 1.60324539e-01 -1.29423654e+01  1.60324539e-01  7.90698398e+01 
 1.62181010e-01 -1.28460008e+01  1.62181010e-01  7.89463745e+01 
 1.64058977e-01 -1.27497178e+01  1.64058977e-01  7.88215852e+01 
 1.65958691e-01 -1.26535181e+01  1.65958691e-01  7.86954601e+01 
 1.67880402e-01 -1.25574035e+01  1.67880402e-01  7.85679873e+01 
 1.69824365e-01 -1.24613758e+01  1.69824365e-01  7.84391552e+01 
 1.71790839e-01 -1.23654368e+01  1.71790839e-01  7.83089516e+01 
 1.73780083e-01 -1.22695885e+01  1.73780083e-01  7.81773649e+01 
 1.75792361e-01 -1.21738328e+01  1.75792361e-01  7.80443831e+01 
 1.77827941e-01 -1.20781717e+01  1.77827941e-01  7.79099942e+01 
 1.79887092e-01 -1.19826072e+01  1.79887092e-01  7.77741865e+01 
 1.81970086e-01 -1.18871413e+01  1.81970086e-01  7.76369480e+01 
 1.84077200e-01 -1.17917761e+01  1.84077200e-01  7.74982668e+01 
 1.86208714e-01 -1.16965137e+01  1.86208714e-01  7.73581311e+01 
 1.88364909e-01 -1.16013564e+01  1.88364909e-01  7.72165289e+01 
 1.90546072e-01 -1.15063063e+01  1.90546072e-01  7.70734485e+01 
 1.92752491e-01 -1.14113656e+01  1.92752491e-01  7.69288779e+01 
 1.94984460e-01 -1.13165367e+01  1.94984460e-01  7.67828055e+01 
 1.97242274e-01 -1.12218219e+01  1.97242274e-01  7.66352193e+01 
 1.99526231e-01 -1.11272236e+01  1.99526231e-01  7.64861078e+01 
 2.01836636e-01 -1.10327441e+01  2.01836636e-01  7.63354592e+01 
 2.04173794e-01 -1.09383859e+01  2.04173794e-01  7.61832619e+01 
 2.06538016e-01 -1.08441516e+01  2.06538016e-01  7.60295043e+01 
 2.08929613e-01 -1.07500437e+01  2.08929613e-01  7.58741748e+01 
 2.11348904e-01 -1.06560648e+01  2.11348904e-01  7.57172621e+01 
 2.13796209e-01 -1.05622174e+01  2.13796209e-01  7.55587548e+01 
 2.16271852e-01 -1.04685044e+01  2.16271852e-01  7.53986415e+01 
 2.18776162e-01 -1.03749284e+01  2.18776162e-01  7.52369110e+01 
 2.21309471e-01 -1.02814923e+01  2.21309471e-01  7.50735521e+01 
 2.23872114e-01 -1.01881987e+01  2.23872114e-01  7.49085540e+01 
 2.26464431e-01 -1.00950507e+01  2.26464431e-01  7.47419056e+01 
 2.29086765e-01 -1.00020511e+01  2.29086765e-01  7.45735962e+01 
 2.31739465e-01 -9.90920291e+00  2.31739465e-01  7.44036149e+01 
 2.34422882e-01 -9.81650912e+00  2.34422882e-01  7.42319514e+01 
 2.37137371e-01 -9.72397282e+00  2.37137371e-01  7.40585951e+01 
 2.39883292e-01 -9.63159712e+00  2.39883292e-01  7.38835358e+01 
 2.42661010e-01 -9.53938517e+00  2.42661010e-01  7.37067634e+01 
 2.45470892e-01 -9.44734020e+00  2.45470892e-01  7.35282678e+01 
 2.48313311e-01 -9.35546548e+00  2.48313311e-01  7.33480393e+01 
 2.51188643e-01 -9.26376430e+00  2.51188643e-01  7.31660683e+01 
 2.54097271e-01 -9.17224005e+00  2.54097271e-01  7.29823453e+01 
 2.57039578e-01 -9.08089613e+00  2.57039578e-01  7.27968611e+01 
 2.60015956e-01 -8.98973601e+00  2.60015956e-01  7.26096066e+01 
 2.63026799e-01 -8.89876322e+00  2.63026799e-01  7.24205731e+01 
 2.66072506e-01 -8.80798131e+00  2.66072506e-01  7.22297519e+01 
 2.69153480e-01 -8.71739390e+00  2.69153480e-01  7.20371347e+01 
 2.72270131e-01 -8.62700467e+00  2.72270131e-01  7.18427134e+01 
 2.75422870e-01 -8.53681734e+00  2.75422870e-01  7.16464800e+01 
 2.78612117e-01 -8.44683567e+00  2.78612117e-01  7.14484271e+01 
 2.81838293e-01 -8.35706349e+00  2.81838293e-01  7.12485473e+01 
 2.85101827e-01 -8.26750468e+00  2.85101827e-01  7.10468336e+01 
 2.88403150e-01 -8.17816314e+00  2.88403150e-01  7.08432791e+01 
 2.91742701e-01 -8.08904286e+00  2.91742701e-01  7.06378776e+01 
 2.95120923e-01 -8.00014786e+00  2.95120923e-01  7.04306229e+01 
 2.98538262e-01 -7.91148221e+00  2.98538262e-01  7.02215092e+01 
 3.01995172e-01 -7.82305003e+00  3.01995172e-01  7.00105311e+01 
 3.05492111e-01 -7.73485549e+00  3.05492111e-01  6.97976835e+01 
 3.09029543e-01 -7.64690280e+00  3.09029543e-01  6.95829617e+01 
 3.12607937e-01 -7.55919623e+00  3.12607937e-01  6.93663614e+01 
 3.16227766e-01 -7.47174010e+00  3.16227766e-01  6.91478786e+01 
 3.19889511e-01 -7.38453874e+00  3.19889511e-01  6.89275097e+01 
 3.23593657e-01 -7.29759658e+00  3.23593657e-01  6.87052518e+01 
 3.27340695e-01 -7.21091806e+00  3.27340695e-01  6.84811019e+01 
 3.31131121e-01 -7.12450766e+00  3.31131121e-01  6.82550580e+01 
 3.34965439e-01 -7.03836992e+00  3.34965439e-01  6.80271181e+01 
 3.38844156e-01 -6.95250942e+00  3.38844156e-01  6.77972810e+01 
 3.42767787e-01 -6.86693078e+00  3.42767787e-01  6.75655456e+01 
 3.46736850e-01 -6.78163864e+00  3.46736850e-01  6.73319118e+01 
 3.50751874e-01 -6.69663770e+00  3.50751874e-01  6.70963795e+01 
 3.54813389e-01 -6.61193270e+00  3.54813389e-01  6.68589494e+01 
 3.58921935e-01 -6.52752841e+00  3.58921935e-01  6.66196226e+01 
 3.63078055e-01 -6.44342961e+00  3.63078055e-01  6.63784009e+01 
 3.67282300e-01 -6.35964116e+00  3.67282300e-01  6.61352864e+01 
 3.71535229e-01 -6.27616791e+00  3.71535229e-01  6.58902820e+01 
 3.75837404e-01 -6.19301477e+00  3.75837404e-01  6.56433910e+01 
 3.80189396e-01 -6.11018665e+00  3.80189396e-01  6.53946174e+01 
 3.84591782e-01 -6.02768850e+00  3.84591782e-01  6.51439656e+01 
 3.89045145e-01 -5.94552532e+00  3.89045145e-01  6.48914410e+01 
 3.93550075e-01 -5.86370208e+00  3.93550075e-01  6.46370492e+01 
 3.98107171e-01 -5.78222381e+00  3.98107171e-01  6.43807966e+01 
 4.02717034e-01 -5.70109555e+00  4.02717034e-01  6.41226903e+01 
 4.07380278e-01 -5.62032235e+00  4.07380278e-01  6.38627380e+01 
 4.12097519e-01 -5.53990927e+00  4.12097519e-01  6.36009480e+01 
 4.16869383e-01 -5.45986141e+00  4.16869383e-01  6.33373294e+01 
 4.21696503e-01 -5.38018383e+00  4.21696503e-01  6.30718919e+01 
 4.26579519e-01 -5.30088165e+00  4.26579519e-01  6.28046458e+01 
 4.31519077e-01 -5.22195996e+00  4.31519077e-01  6.25356022e+01 
 4.36515832e-01 -5.14342385e+00  4.36515832e-01  6.22647730e+01 
 4.41570447e-01 -5.06527844e+00  4.41570447e-01  6.19921706e+01 
 4.46683592e-01 -4.98752882e+00  4.46683592e-01  6.17178083e+01 
 4.51855944e-01 -4.91018008e+00  4.51855944e-01  6.14417001e+01 
 4.57088190e-01 -4.83323729e+00  4.57088190e-01  6.11638606e+01 
 4.62381021e-01 -4.75670553e+00  4.62381021e-01  6.08843054e+01 
 4.67735141e-01 -4.68058985e+00  4.67735141e-01  6.06030505e+01 
 4.73151259e-01 -4.60489529e+00  4.73151259e-01  6.03201129e+01 
 4.78630092e-01 -4.52962685e+00  4.78630092e-01  6.00355103e+01 
 4.84172368e-01 -4.45478952e+00  4.84172368e-01  5.97492612e+01 
 4.89778819e-01 -4.38038827e+00  4.89778819e-01  5.94613848e+01 
 4.95450191e-01 -4.30642802e+00  4.95450191e-01  5.91719011e+01 
 5.01187234e-01 -4.23291366e+00  5.01187234e-01  5.88808308e+01 
 5.06990708e-01 -4.15985004e+00  5.06990708e-01  5.85881954e+01 
 5.12861384e-01 -4.08724199e+00  5.12861384e-01  5.82940172e+01 
 5.18800039e-01 -4.01509427e+00  5.18800039e-01  5.79983193e+01 
 5.24807460e-01 -3.94341159e+00  5.24807460e-01  5.77011254e+01 
 5.30884444e-01 -3.87219862e+00  5.30884444e-01  5.74024603e+01 
 5.37031796e-01 -3.80145998e+00  5.37031796e-01  5.71023490e+01 
 5.43250331e-01 -3.73120021e+00  5.43250331e-01  5.68008179e+01 
 5.49540874e-01 -3.66142381e+00  5.49540874e-01  5.64978937e+01 
 5.55904257e-01 -3.59213519e+00  5.55904257e-01  5.61936040e+01 
 5.62341325e-01 -3.52333871e+00  5.62341325e-01  5.58879771e+01 
 5.68852931e-01 -3.45503865e+00  5.68852931e-01  5.55810421e+01 
 5.75439937e-01 -3.38723920e+00  5.75439937e-01  5.52728288e+01 
 5.82103218e-01 -3.31994449e+00  5.82103218e-01  5.49633676e+01 
 5.88843655e-01 -3.25315855e+00  5.88843655e-01  5.46526899e+01 
 5.95662144e-01 -3.18688534e+00  5.95662144e-01  5.43408274e+01 
 6.02559586e-01 -3.12112870e+00  6.02559586e-01  5.40278127e+01 
 6.09536897e-01 -3.05589240e+00  6.09536897e-01  5.37136791e+01 
 6.16595002e-01 -2.99118010e+00  6.16595002e-01  5.33984606e+01 
 6.23734835e-01 -2.92699537e+00  6.23734835e-01  5.30821915e+01 
 6.30957344e-01 -2.86334166e+00  6.30957344e-01  5.27649072e+01 
 6.38263486e-01 -2.80022233e+00  6.38263486e-01  5.24466434e+01 
 6.45654229e-01 -2.73764060e+00  6.45654229e-01  5.21274364e+01 
 6.53130553e-01 -2.67559961e+00  6.53130553e-01  5.18073233e+01 
 6.60693448e-01 -2.61410235e+00  6.60693448e-01  5.14863415e+01 
 6.68343918e-01 -2.55315172e+00  6.68343918e-01  5.11645290e+01 
 6.76082975e-01 -2.49275049e+00  6.76082975e-01  5.08419245e+01 
 6.83911647e-01 -2.43290127e+00  6.83911647e-01  5.05185669e+01 
 6.91830971e-01 -2.37360660e+00  6.91830971e-01  5.01944959e+01 
 6.99841996e-01 -2.31486884e+00  6.99841996e-01  4.98697513e+01 
 7.07945784e-01 -2.25669024e+00  7.07945784e-01  4.95443737e+01 
 7.16143410e-01 -2.19907292e+00  7.16143410e-01  4.92184038e+01 
 7.24435960e-01 -2.14201883e+00  7.24435960e-01  4.88918828e+01 
 7.32824533e-01 -2.08552982e+00  7.32824533e-01  4.85648523e+01 
 7.41310241e-01 -2.02960758e+00  7.41310241e-01  4.82373542e+01 
 7.49894209e-01 -1.97425365e+00  7.49894209e-01  4.79094306e+01 
 7.58577575e-01 -1.91946944e+00  7.58577575e-01  4.75811240e+01 
 7.67361489e-01 -1.86525620e+00  7.67361489e-01  4.72524771e+01 
 7.76247117e-01 -1.81161505e+00  7.76247117e-01  4.69235329e+01 
 7.85235635e-01 -1.75854693e+00  7.85235635e-01  4.65943346e+01 
 7.94328235e-01 -1.70605267e+00  7.94328235e-01  4.62649253e+01 
 8.03526122e-01 -1.65413292e+00  8.03526122e-01  4.59353486e+01 
 8.12830516e-01 -1.60278819e+00  8.12830516e-01  4.56056479e+01 
 8.22242650e-01 -1.55201884e+00  8.22242650e-01  4.52758671e+01 
 8.31763771e-01 -1.50182507e+00  8.31763771e-01  4.49460496e+01 
 8.41395142e-01 -1.45220693e+00  8.41395142e-01  4.46162393e+01 
 8.51138038e-01 -1.40316431e+00  8.51138038e-01  4.42864798e+01 
 8.60993752e-01 -1.35469698e+00  8.60993752e-01  4.39568148e+01 
 8.70963590e-01 -1.30680452e+00  8.70963590e-01  4.36272879e+01 
 8.81048873e-01 -1.25948637e+00  8.81048873e-01  4.32979427e+01 
 8.91250938e-01 -1.21274182e+00  8.91250938e-01  4.29688225e+01 
 9.01571138e-01 -1.16657002e+00  9.01571138e-01  4.26399707e+01 
 9.12010839e-01 -1.12096995e+00  9.12010839e-01  4.23114301e+01 
 9.22571427e-01 -1.07594047e+00  9.22571427e-01  4.19832439e+01 
 9.33254301e-01 -1.03148026e+00  9.33254301e-01  4.16554545e+01 
 9.44060876e-01 -9.87587871e-01  9.44060876e-01  4.13281043e+01 
 9.54992586e-01 -9.44261714e-01  9.54992586e-01  4.10012355e+01 
 9.66050879e-01 -9.01500049e-01  9.66050879e-01  4.06748898e+01 
 9.77237221e-01 -8.59300997e-01  9.77237221e-01  4.03491087e+01 
 9.88553095e-01 -8.17662542e-01  9.88553095e-01  4.00239332e+01 
 1.00000000e+00 -7.76582528e-01  1.00000000e+00  3.96994040e+01 
 1.01157945e+00 -7.36058667e-01  1.01157945e+00  3.93755614e+01 
 1.02329299e+00 -6.96088537e-01  1.02329299e+00  3.90524453e+01 
 1.03514217e+00 -6.56669587e-01  1.03514217e+00  3.87300950e+01 
 1.04712855e+00 -6.17799137e-01  1.04712855e+00  3.84085494e+01 
 1.05925373e+00 -5.79474383e-01  1.05925373e+00  3.80878469e+01 
 1.07151931e+00 -5.41692401e-01  1.07151931e+00  3.77680254e+01 
 1.08392691e+00 -5.04450144e-01  1.08392691e+00  3.74491221e+01 
 1.09647820e+00 -4.67744450e-01  1.09647820e+00  3.71311740e+01 
 1.10917482e+00 -4.31572046e-01  1.10917482e+00  3.68142171e+01 
 1.12201845e+00 -3.95929547e-01  1.12201845e+00  3.64982870e+01 
 1.13501082e+00 -3.60813459e-01  1.13501082e+00  3.61834187e+01 
 1.14815362e+00 -3.26220189e-01  1.14815362e+00  3.58696466e+01 
 1.16144861e+00 -2.92146039e-01  1.16144861e+00  3.55570043e+01 
 1.17489755e+00 -2.58587217e-01  1.17489755e+00  3.52455248e+01 
 1.18850223e+00 -2.25539835e-01  1.18850223e+00  3.49352406e+01 
 1.20226443e+00 -1.92999918e-01  1.20226443e+00  3.46261832e+01 
 1.21618600e+00 -1.60963400e-01  1.21618600e+00  3.43183837e+01 
 1.23026877e+00 -1.29426135e-01  1.23026877e+00  3.40118723e+01 
 1.24451461e+00 -9.83838971e-02  1.24451461e+00  3.37066786e+01 
 1.25892541e+00 -6.78323825e-02  1.25892541e+00  3.34028313e+01 
 1.27350308e+00 -3.77672165e-02  1.27350308e+00  3.31003586e+01 
 1.28824955e+00 -8.18395474e-03  1.28824955e+00  3.27992879e+01 
 1.30316678e+00  2.09219122e-02  1.30316678e+00  3.24996456e+01 
 1.31825674e+00  4.95549556e-02  1.31825674e+00  3.22014577e+01 
 1.33352143e+00  7.77198049e-02  1.33352143e+00  3.19047493e+01 
 1.34896288e+00  1.05421144e-01  1.34896288e+00  3.16095446e+01 
 1.36458314e+00  1.32663708e-01  1.36458314e+00  3.13158673e+01 
 1.38038426e+00  1.59452281e-01  1.38038426e+00  3.10237401e+01 
 1.39636836e+00  1.85791687e-01  1.39636836e+00  3.07331851e+01 
 1.41253754e+00  2.11686796e-01  1.41253754e+00  3.04442235e+01 
 1.42889396e+00  2.37142511e-01  1.42889396e+00  3.01568758e+01 
 1.44543977e+00  2.62163770e-01  1.44543977e+00  2.98711618e+01 
 1.46217717e+00  2.86755543e-01  1.46217717e+00  2.95871004e+01 
 1.47910839e+00  3.10922826e-01  1.47910839e+00  2.93047098e+01 
 1.49623566e+00  3.34670637e-01  1.49623566e+00  2.90240075e+01 
 1.51356125e+00  3.58004018e-01  1.51356125e+00  2.87450102e+01 
 1.53108746e+00  3.80928026e-01  1.53108746e+00  2.84677338e+01 
 1.54881662e+00  4.03447734e-01  1.54881662e+00  2.81921935e+01 
 1.56675107e+00  4.25568226e-01  1.56675107e+00  2.79184038e+01 
 1.58489319e+00  4.47294595e-01  1.58489319e+00  2.76463784e+01 
 1.60324539e+00  4.68631938e-01  1.60324539e+00  2.73761302e+01 
 1.62181010e+00  4.89585358e-01  1.62181010e+00  2.71076716e+01 
 1.64058977e+00  5.10159954e-01  1.64058977e+00  2.68410142e+01 
 1.65958691e+00  5.30360825e-01  1.65958691e+00  2.65761688e+01 
 1.67880402e+00  5.50193066e-01  1.67880402e+00  2.63131455e+01 
 1.69824365e+00  5.69661760e-01  1.69824365e+00  2.60519539e+01 
 1.71790839e+00  5.88771985e-01  1.71790839e+00  2.57926027e+01 
 1.73780083e+00  6.07528803e-01  1.73780083e+00  2.55351001e+01 
 1.75792361e+00  6.25937262e-01  1.75792361e+00  2.52794536e+01 
 1.77827941e+00  6.44002394e-01  1.77827941e+00  2.50256700e+01 
 1.79887092e+00  6.61729210e-01  1.79887092e+00  2.47737554e+01 
 1.81970086e+00  6.79122701e-01  1.81970086e+00  2.45237155e+01 
 1.84077200e+00  6.96187836e-01  1.84077200e+00  2.42755553e+01 
 1.86208714e+00  7.12929555e-01  1.86208714e+00  2.40292790e+01 
 1.88364909e+00  7.29352776e-01  1.88364909e+00  2.37848904e+01 
 1.90546072e+00  7.45462384e-01  1.90546072e+00  2.35423927e+01 
 1.92752491e+00  7.61263236e-01  1.92752491e+00  2.33017886e+01 
 1.94984460e+00  7.76760156e-01  1.94984460e+00  2.30630800e+01 
 1.97242274e+00  7.91957936e-01  1.97242274e+00  2.28262684e+01 
 1.99526231e+00  8.06861331e-01  1.99526231e+00  2.25913549e+01 
 2.01836636e+00  8.21475061e-01  2.01836636e+00  2.23583399e+01 
 2.04173794e+00  8.35803808e-01  2.04173794e+00  2.21272234e+01 
 2.06538016e+00  8.49852215e-01  2.06538016e+00  2.18980048e+01 
 2.08929613e+00  8.63624885e-01  2.08929613e+00  2.16706830e+01 
 2.11348904e+00  8.77126380e-01  2.11348904e+00  2.14452566e+01 
 2.13796209e+00  8.90361220e-01  2.13796209e+00  2.12217235e+01 
 2.16271852e+00  9.03333881e-01  2.16271852e+00  2.10000815e+01 
 2.18776162e+00  9.16048796e-01  2.18776162e+00  2.07803276e+01 
 2.21309471e+00  9.28510352e-01  2.21309471e+00  2.05624586e+01 
 2.23872114e+00  9.40722892e-01  2.23872114e+00  2.03464709e+01 
 2.26464431e+00  9.52690711e-01  2.26464431e+00  2.01323602e+01 
 2.29086765e+00  9.64418058e-01  2.29086765e+00  1.99201222e+01 
 2.31739465e+00  9.75909134e-01  2.31739465e+00  1.97097521e+01 
 2.34422882e+00  9.87168093e-01  2.34422882e+00  1.95012446e+01 
 2.37137371e+00  9.98199038e-01  2.37137371e+00  1.92945942e+01 
 2.39883292e+00  1.00900602e+00  2.39883292e+00  1.90897950e+01 
 2.42661010e+00  1.01959306e+00  2.42661010e+00  1.88868408e+01 
 2.45470892e+00  1.02996410e+00  2.45470892e+00  1.86857251e+01 
 2.48313311e+00  1.04012305e+00  2.48313311e+00  1.84864411e+01 
 2.51188643e+00  1.05007376e+00  2.51188643e+00  1.82889815e+01 
 2.54097271e+00  1.05982004e+00  2.54097271e+00  1.80933391e+01 
 2.57039578e+00  1.06936565e+00  2.57039578e+00  1.78995061e+01 
 2.60015956e+00  1.07871429e+00  2.60015956e+00  1.77074746e+01 
 2.63026799e+00  1.08786962e+00  2.63026799e+00  1.75172363e+01 
 2.66072506e+00  1.09683522e+00  2.66072506e+00  1.73287829e+01 
 2.69153480e+00  1.10561466e+00  2.69153480e+00  1.71421057e+01 
 2.72270131e+00  1.11421144e+00  2.72270131e+00  1.69571957e+01 
 2.75422870e+00  1.12262901e+00  2.75422870e+00  1.67740440e+01 
 2.78612117e+00  1.13087076e+00  2.78612117e+00  1.65926411e+01 
 2.81838293e+00  1.13894004e+00  2.81838293e+00  1.64129776e+01 
 2.85101827e+00  1.14684016e+00  2.85101827e+00  1.62350438e+01 
 2.88403150e+00  1.15457435e+00  2.88403150e+00  1.60588299e+01 
 2.91742701e+00  1.16214583e+00  2.91742701e+00  1.58843258e+01 
 2.95120923e+00  1.16955773e+00  2.95120923e+00  1.57115213e+01 
 2.98538262e+00  1.17681316e+00  2.98538262e+00  1.55404062e+01 
 3.01995172e+00  1.18391516e+00  3.01995172e+00  1.53709698e+01 
 3.05492111e+00  1.19086674e+00  3.05492111e+00  1.52032018e+01 
 3.09029543e+00  1.19767085e+00  3.09029543e+00  1.50370912e+01 
 3.12607937e+00  1.20433040e+00  3.12607937e+00  1.48726274e+01 
 3.16227766e+00  1.21084823e+00  3.16227766e+00  1.47097992e+01 
 3.19889511e+00  1.21722717e+00  3.19889511e+00  1.45485957e+01 
 3.23593657e+00  1.22346997e+00  3.23593657e+00  1.43890056e+01 
 3.27340695e+00  1.22957935e+00  3.27340695e+00  1.42310178e+01 
 3.31131121e+00  1.23555797e+00  3.31131121e+00  1.40746209e+01 
 3.34965439e+00  1.24140847e+00  3.34965439e+00  1.39198035e+01 
 3.38844156e+00  1.24713342e+00  3.38844156e+00  1.37665542e+01 
 3.42767787e+00  1.25273535e+00  3.42767787e+00  1.36148613e+01 
 3.46736850e+00  1.25821676e+00  3.46736850e+00  1.34647133e+01 
 3.50751874e+00  1.26358009e+00  3.50751874e+00  1.33160985e+01 
 3.54813389e+00  1.26882774e+00  3.54813389e+00  1.31690052e+01 
 3.58921935e+00  1.27396208e+00  3.58921935e+00  1.30234218e+01 
 3.63078055e+00  1.27898541e+00  3.63078055e+00  1.28793363e+01 
 3.67282300e+00  1.28390002e+00  3.67282300e+00  1.27367371e+01 
 3.71535229e+00  1.28870813e+00  3.71535229e+00  1.25956122e+01 
 3.75837404e+00  1.29341195e+00  3.75837404e+00  1.24559498e+01 
 3.80189396e+00  1.29801363e+00  3.80189396e+00  1.23177381e+01 
 3.84591782e+00  1.30251527e+00  3.84591782e+00  1.21809651e+01 
 3.89045145e+00  1.30691896e+00  3.89045145e+00  1.20456190e+01 
 3.93550075e+00  1.31122672e+00  3.93550075e+00  1.19116879e+01 
 3.98107171e+00  1.31544056e+00  3.98107171e+00  1.17791598e+01 
 4.02717034e+00  1.31956244e+00  4.02717034e+00  1.16480229e+01 
 4.07380278e+00  1.32359427e+00  4.07380278e+00  1.15182652e+01 
 4.12097519e+00  1.32753794e+00  4.12097519e+00  1.13898750e+01 
 4.16869383e+00  1.33139532e+00  4.16869383e+00  1.12628403e+01 
 4.21696503e+00  1.33516819e+00  4.21696503e+00  1.11371494e+01 
 4.26579519e+00  1.33885836e+00  4.26579519e+00  1.10127903e+01 
 4.31519077e+00  1.34246756e+00  4.31519077e+00  1.08897513e+01 
 4.36515832e+00  1.34599751e+00  4.36515832e+00  1.07680206e+01 
 4.41570447e+00  1.34944988e+00  4.41570447e+00  1.06475865e+01 
 4.46683592e+00  1.35282631e+00  4.46683592e+00  1.05284373e+01 
 4.51855944e+00  1.35612843e+00  4.51855944e+00  1.04105613e+01 
 4.57088190e+00  1.35935781e+00  4.57088190e+00  1.02939468e+01 
 4.62381021e+00  1.36251600e+00  4.62381021e+00  1.01785823e+01 
 4.67735141e+00  1.36560453e+00  4.67735141e+00  1.00644563e+01 
 4.73151259e+00  1.36862487e+00  4.73151259e+00  9.95155718e+00 
 4.78630092e+00  1.37157849e+00  4.78630092e+00  9.83987352e+00 
 4.84172368e+00  1.37446683e+00  4.84172368e+00  9.72939392e+00 
 4.89778819e+00  1.37729127e+00  4.89778819e+00  9.62010701e+00 
 4.95450191e+00  1.38005320e+00  4.95450191e+00  9.51200150e+00 
 5.01187234e+00  1.38275395e+00  5.01187234e+00  9.40506614e+00 
 5.06990708e+00  1.38539486e+00  5.06990708e+00  9.29928972e+00 
 5.12861384e+00  1.38797720e+00  5.12861384e+00  9.19466111e+00 
 5.18800039e+00  1.39050224e+00  5.18800039e+00  9.09116924e+00 
 5.24807460e+00  1.39297123e+00  5.24807460e+00  8.98880309e+00 
 5.30884444e+00  1.39538537e+00  5.30884444e+00  8.88755171e+00 
 5.37031796e+00  1.39774586e+00  5.37031796e+00  8.78740419e+00 
 5.43250331e+00  1.40005386e+00  5.43250331e+00  8.68834972e+00 
 5.49540874e+00  1.40231050e+00  5.49540874e+00  8.59037754e+00 
 5.55904257e+00  1.40451691e+00  5.55904257e+00  8.49347695e+00 
 5.62341325e+00  1.40667419e+00  5.62341325e+00  8.39763732e+00 
 5.68852931e+00  1.40878339e+00  5.68852931e+00  8.30284809e+00 
 5.75439937e+00  1.41084557e+00  5.75439937e+00  8.20909879e+00 
 5.82103218e+00  1.41286176e+00  5.82103218e+00  8.11637898e+00 
 5.88843655e+00  1.41483295e+00  5.88843655e+00  8.02467832e+00 
 5.95662144e+00  1.41676015e+00  5.95662144e+00  7.93398654e+00 
 6.02559586e+00  1.41864430e+00  6.02559586e+00  7.84429342e+00 
 6.09536897e+00  1.42048635e+00  6.09536897e+00  7.75558885e+00 
 6.16595002e+00  1.42228723e+00  6.16595002e+00  7.66786277e+00 
 6.23734835e+00  1.42404784e+00  6.23734835e+00  7.58110518e+00 
 6.30957344e+00  1.42576906e+00  6.30957344e+00  7.49530619e+00 
 6.38263486e+00  1.42745176e+00  6.38263486e+00  7.41045596e+00 
 6.45654229e+00  1.42909679e+00  6.45654229e+00  7.32654472e+00 
 6.53130553e+00  1.43070497e+00  6.53130553e+00  7.24356281e+00 
 6.60693448e+00  1.43227713e+00  6.60693448e+00  7.16150061e+00 
 6.68343918e+00  1.43381404e+00  6.68343918e+00  7.08034859e+00 
 6.76082975e+00  1.43531650e+00  6.76082975e+00  7.00009730e+00 
 6.83911647e+00  1.43678527e+00  6.83911647e+00  6.92073735e+00 
 6.91830971e+00  1.43822107e+00  6.91830971e+00  6.84225946e+00 
 6.99841996e+00  1.43962466e+00  6.99841996e+00  6.76465438e+00 
 7.07945784e+00  1.44099673e+00  7.07945784e+00  6.68791299e+00 
 7.16143410e+00  1.44233799e+00  7.16143410e+00  6.61202619e+00 
 7.24435960e+00  1.44364913e+00  7.24435960e+00  6.53698501e+00 
 7.32824533e+00  1.44493079e+00  7.32824533e+00  6.46278052e+00 
 7.41310241e+00  1.44618365e+00  7.41310241e+00  6.38940389e+00 
 7.49894209e+00  1.44740835e+00  7.49894209e+00  6.31684635e+00 
 7.58577575e+00  1.44860549e+00  7.58577575e+00  6.24509921e+00 
 7.67361489e+00  1.44977571e+00  7.67361489e+00  6.17415386e+00 
 7.76247117e+00  1.45091959e+00  7.76247117e+00  6.10400177e+00 
 7.85235635e+00  1.45203773e+00  7.85235635e+00  6.03463449e+00 
 7.94328235e+00  1.45313070e+00  7.94328235e+00  5.96604363e+00 
 8.03526122e+00  1.45419905e+00  8.03526122e+00  5.89822088e+00 
 8.12830516e+00  1.45524334e+00  8.12830516e+00  5.83115802e+00 
 8.22242650e+00  1.45626410e+00  8.22242650e+00  5.76484689e+00 
 8.31763771e+00  1.45726185e+00  8.31763771e+00  5.69927942e+00 
 8.41395142e+00  1.45823712e+00  8.41395142e+00  5.63444759e+00 
 8.51138038e+00  1.45919040e+00  8.51138038e+00  5.57034349e+00 
 8.60993752e+00  1.46012218e+00  8.60993752e+00  5.50695924e+00 
 8.70963590e+00  1.46103295e+00  8.70963590e+00  5.44428708e+00 
 8.81048873e+00  1.46192316e+00  8.81048873e+00  5.38231930e+00 
 8.91250938e+00  1.46279330e+00  8.91250938e+00  5.32104825e+00 
 9.01571138e+00  1.46364379e+00  9.01571138e+00  5.26046639e+00 
 9.12010839e+00  1.46447509e+00  9.12010839e+00  5.20056622e+00 
 9.22571427e+00  1.46528761e+00  9.22571427e+00  5.14134032e+00 
 9.33254301e+00  1.46608179e+00  9.33254301e+00  5.08278136e+00 
 9.44060876e+00  1.46685804e+00  9.44060876e+00  5.02488206e+00 
 9.54992586e+00  1.46761674e+00  9.54992586e+00  4.96763521e+00 
 9.66050879e+00  1.46835831e+00  9.66050879e+00  4.91103369e+00 
 9.77237221e+00  1.46908312e+00  9.77237221e+00  4.85507043e+00 
 9.88553095e+00  1.46979154e+00  9.88553095e+00  4.79973845e+00 
 1.00000000e+01  1.47048396e+00  1.00000000e+01  4.74503083e+00 
 1.01157945e+01  1.47116072e+00  1.01157945e+01  4.69094070e+00 
 1.02329299e+01  1.47182217e+00  1.02329299e+01  4.63746129e+00 
 1.03514217e+01  1.47246867e+00  1.03514217e+01  4.58458588e+00 
 1.04712855e+01  1.47310055e+00  1.04712855e+01  4.53230782e+00 
 1.05925373e+01  1.47371813e+00  1.05925373e+01  4.48062054e+00 
 1.07151931e+01  1.47432174e+00  1.07151931e+01  4.42951750e+00 
 1.08392691e+01  1.47491169e+00  1.08392691e+01  4.37899228e+00 
 1.09647820e+01  1.47548829e+00  1.09647820e+01  4.32903848e+00 
 1.10917482e+01  1.47605184e+00  1.10917482e+01  4.27964979e+00 
 1.12201845e+01  1.47660263e+00  1.12201845e+01  4.23081995e+00 
 1.13501082e+01  1.47714095e+00  1.13501082e+01  4.18254277e+00 
 1.14815362e+01  1.47766709e+00  1.14815362e+01  4.13481213e+00 
 1.16144861e+01  1.47818131e+00  1.16144861e+01  4.08762198e+00 
 1.17489755e+01  1.47868388e+00  1.17489755e+01  4.04096630e+00 
 1.18850223e+01  1.47917508e+00  1.18850223e+01  3.99483916e+00 
 1.20226443e+01  1.47965514e+00  1.20226443e+01  3.94923469e+00 
 1.21618600e+01  1.48012433e+00  1.21618600e+01  3.90414707e+00 
 1.23026877e+01  1.48058289e+00  1.23026877e+01  3.85957055e+00 
 1.24451461e+01  1.48103106e+00  1.24451461e+01  3.81549944e+00 
 1.25892541e+01  1.48146907e+00  1.25892541e+01  3.77192810e+00 
 1.27350308e+01  1.48189715e+00  1.27350308e+01  3.72885097e+00 
 1.28824955e+01  1.48231553e+00  1.28824955e+01  3.68626251e+00 
 1.30316678e+01  1.48272443e+00  1.30316678e+01  3.64415729e+00 
 1.31825674e+01  1.48312406e+00  1.31825674e+01  3.60252989e+00 
 1.33352143e+01  1.48351463e+00  1.33352143e+01  3.56137498e+00 
 1.34896288e+01  1.48389634e+00  1.34896288e+01  3.52068727e+00 
 1.36458314e+01  1.48426939e+00  1.36458314e+01  3.48046154e+00 
 1.38038426e+01  1.48463399e+00  1.38038426e+01  3.44069260e+00 
 1.39636836e+01  1.48499032e+00  1.39636836e+01  3.40137534e+00 
 1.41253754e+01  1.48533856e+00  1.41253754e+01  3.36250469e+00 
 1.42889396e+01  1.48567890e+00  1.42889396e+01  3.32407566e+00 
 1.44543977e+01  1.48601153e+00  1.44543977e+01  3.28608328e+00 
 1.46217717e+01  1.48633661e+00  1.46217717e+01  3.24852264e+00 
 1.47910839e+01  1.48665431e+00  1.47910839e+01  3.21138891e+00 
 1.49623566e+01  1.48696480e+00  1.49623566e+01  3.17467728e+00 
 1.51356125e+01  1.48726825e+00  1.51356125e+01  3.13838300e+00 
 1.53108746e+01  1.48756482e+00  1.53108746e+01  3.10250139e+00 
 1.54881662e+01  1.48785465e+00  1.54881662e+01  3.06702780e+00 
 1.56675107e+01  1.48813790e+00  1.56675107e+01  3.03195763e+00 
 1.58489319e+01  1.48841473e+00  1.58489319e+01  2.99728634e+00 
 1.60324539e+01  1.48868527e+00  1.60324539e+01  2.96300944e+00 
 1.62181010e+01  1.48894967e+00  1.62181010e+01  2.92912248e+00 
 1.64058977e+01  1.48920807e+00  1.64058977e+01  2.89562107e+00 
 1.65958691e+01  1.48946060e+00  1.65958691e+01  2.86250085e+00 
 1.67880402e+01  1.48970740e+00  1.67880402e+01  2.82975753e+00 
 1.69824365e+01  1.48994859e+00  1.69824365e+01  2.79738685e+00 
 1.71790839e+01  1.49018431e+00  1.71790839e+01  2.76538460e+00 
 1.73780083e+01  1.49041468e+00  1.73780083e+01  2.73374661e+00 
 1.75792361e+01  1.49063981e+00  1.75792361e+01  2.70246878e+00 
 1.77827941e+01  1.49085983e+00  1.77827941e+01  2.67154704e+00 
 1.79887092e+01  1.49107486e+00  1.79887092e+01  2.64097734e+00 
 1.81970086e+01  1.49128500e+00  1.81970086e+01  2.61075572e+00 
 1.84077200e+01  1.49149037e+00  1.84077200e+01  2.58087823e+00 
 1.86208714e+01  1.49169107e+00  1.86208714e+01  2.55134098e+00 
 1.88364909e+01  1.49188722e+00  1.88364909e+01  2.52214012e+00 
 1.90546072e+01  1.49207891e+00  1.90546072e+01  2.49327183e+00 
 1.92752491e+01  1.49226625e+00  1.92752491e+01  2.46473234e+00 
 1.94984460e+01  1.49244933e+00  1.94984460e+01  2.43651794e+00 
 1.97242274e+01  1.49262825e+00  1.97242274e+01  2.40862494e+00 
 1.99526231e+01  1.49280310e+00  1.99526231e+01  2.38104968e+00 
 2.01836636e+01  1.49297399e+00  2.01836636e+01  2.35378858e+00 
 2.04173794e+01  1.49314099e+00  2.04173794e+01  2.32683805e+00 
 2.06538016e+01  1.49330419e+00  2.06538016e+01  2.30019459e+00 
 2.08929613e+01  1.49346369e+00  2.08929613e+01  2.27385469e+00 
 2.11348904e+01  1.49361956e+00  2.11348904e+01  2.24781493e+00 
 2.13796209e+01  1.49377190e+00  2.13796209e+01  2.22207188e+00 
 2.16271852e+01  1.49392077e+00  2.16271852e+01  2.19662218e+00 
 2.18776162e+01  1.49406625e+00  2.18776162e+01  2.17146249e+00 
 2.21309471e+01  1.49420843e+00  2.21309471e+01  2.14658951e+00 
 2.23872114e+01  1.49434738e+00  2.23872114e+01  2.12200000e+00 
 2.26464431e+01  1.49448318e+00  2.26464431e+01  2.09769072e+00 
 2.29086765e+01  1.49461588e+00  2.29086765e+01  2.07365848e+00 
 2.31739465e+01  1.49474557e+00  2.31739465e+01  2.04990015e+00 
 2.34422882e+01  1.49487231e+00  2.34422882e+01  2.02641259e+00 
 2.37137371e+01  1.49499618e+00  2.37137371e+01  2.00319272e+00 
 2.39883292e+01  1.49511722e+00  2.39883292e+01  1.98023751e+00 
 2.42661010e+01  1.49523552e+00  2.42661010e+01  1.95754394e+00 
 2.45470892e+01  1.49535112e+00  2.45470892e+01  1.93510902e+00 
 2.48313311e+01  1.49546410e+00  2.48313311e+01  1.91292981e+00 
 2.51188643e+01  1.49557451e+00  2.51188643e+01  1.89100339e+00 
 2.54097271e+01  1.49568241e+00  2.54097271e+01  1.86932690e+00 
 2.57039578e+01  1.49578786e+00  2.57039578e+01  1.84789747e+00 
 2.60015956e+01  1.49589091e+00  2.60015956e+01  1.82671229e+00 
 2.63026799e+01  1.49599162e+00  2.63026799e+01  1.80576858e+00 
 2.66072506e+01  1.49609003e+00  2.66072506e+01  1.78506358e+00 
 2.69153480e+01  1.49618621e+00  2.69153480e+01  1.76459458e+00 
 2.72270131e+01  1.49628021e+00  2.72270131e+01  1.74435887e+00 
 2.75422870e+01  1.49637207e+00  2.75422870e+01  1.72435379e+00 
 2.78612117e+01  1.49646183e+00  2.78612117e+01  1.70457672e+00 
 2.81838293e+01  1.49654956e+00  2.81838293e+01  1.68502504e+00 
 2.85101827e+01  1.49663530e+00  2.85101827e+01  1.66569620e+00 
 2.88403150e+01  1.49671908e+00  2.88403150e+01  1.64658764e+00 
 2.91742701e+01  1.49680096e+00  2.91742701e+01  1.62769684e+00 
 2.95120923e+01  1.49688098e+00  2.95120923e+01  1.60902132e+00 
 2.98538262e+01  1.49695917e+00  2.98538262e+01  1.59055863e+00 
 3.01995172e+01  1.49703559e+00  3.01995172e+01  1.57230632e+00 
 3.05492111e+01  1.49711027e+00  3.05492111e+01  1.55426199e+00 
 3.09029543e+01  1.49718326e+00  3.09029543e+01  1.53642327e+00 
 3.12607937e+01  1.49725458e+00  3.12607937e+01  1.51878780e+00 
 3.16227766e+01  1.49732429e+00  3.16227766e+01  1.50135327e+00 
 3.19889511e+01  1.49739240e+00  3.19889511e+01  1.48411736e+00 
 3.23593657e+01  1.49745897e+00  3.23593657e+01  1.46707782e+00 
 3.27340695e+01  1.49752403e+00  3.27340695e+01  1.45023239e+00 
 3.31131121e+01  1.49758760e+00  3.31131121e+01  1.43357885e+00 
 3.34965439e+01  1.49764973e+00  3.34965439e+01  1.41711501e+00 
 3.38844156e+01  1.49771045e+00  3.38844156e+01  1.40083869e+00 
 3.42767787e+01  1.49776979e+00  3.42767787e+01  1.38474776e+00 
 3.46736850e+01  1.49782777e+00  3.46736850e+01  1.36884007e+00 
 3.50751874e+01  1.49788444e+00  3.50751874e+01  1.35311355e+00 
 3.54813389e+01  1.49793982e+00  3.54813389e+01  1.33756610e+00 
 3.58921935e+01  1.49799394e+00  3.58921935e+01  1.32219569e+00 
 3.63078055e+01  1.49804683e+00  3.63078055e+01  1.30700027e+00 
 3.67282300e+01  1.49809851e+00  3.67282300e+01  1.29197786e+00 
 3.71535229e+01  1.49814902e+00  3.71535229e+01  1.27712645e+00 
 3.75837404e+01  1.49819839e+00  3.75837404e+01  1.26244410e+00 
 3.80189396e+01  1.49824663e+00  3.80189396e+01  1.24792886e+00 
 3.84591782e+01  1.49829377e+00  3.84591782e+01  1.23357882e+00 
 3.89045145e+01  1.49833984e+00  3.89045145e+01  1.21939208e+00 
 3.93550075e+01  1.49838486e+00  3.93550075e+01  1.20536676e+00 
 3.98107171e+01  1.49842886e+00  3.98107171e+01  1.19150103e+00 
 4.02717034e+01  1.49847186e+00  4.02717034e+01  1.17779304e+00 
 4.07380278e+01  1.49851387e+00  4.07380278e+01  1.16424098e+00 
 4.12097519e+01  1.49855494e+00  4.12097519e+01  1.15084307e+00 
 4.16869383e+01  1.49859507e+00  4.16869383e+01  1.13759754e+00 
 4.21696503e+01  1.49863428e+00  4.21696503e+01  1.12450262e+00 
 4.26579519e+01  1.49867261e+00  4.26579519e+01  1.11155660e+00 
 4.31519077e+01  1.49871006e+00  4.31519077e+01  1.09875777e+00 
 4.36515832e+01  1.49874666e+00  4.36515832e+01  1.08610442e+00 
 4.41570447e+01  1.49878243e+00  4.41570447e+01  1.07359490e+00 
 4.46683592e+01  1.49881739e+00  4.46683592e+01  1.06122754e+00 
 4.51855944e+01  1.49885155e+00  4.51855944e+01  1.04900071e+00 
 4.57088190e+01  1.49888493e+00  4.57088190e+01  1.03691280e+00 
 4.62381021e+01  1.49891755e+00  4.62381021e+01  1.02496220e+00 
 4.67735141e+01  1.49894943e+00  4.67735141e+01  1.01314735e+00 
 4.73151259e+01  1.49898059e+00  4.73151259e+01  1.00146666e+00 
 4.78630092e+01  1.49901104e+00  4.78630092e+01  9.89918614e-01 
 4.84172368e+01  1.49904079e+00  4.84172368e+01  9.78501668e-01 
 4.89778819e+01  1.49906987e+00  4.89778819e+01  9.67214316e-01 
 4.95450191e+01  1.49909829e+00  4.95450191e+01  9.56055066e-01 
 5.01187234e+01  1.49912606e+00  5.01187234e+01  9.45022442e-01 
 5.06990708e+01  1.49915320e+00  5.06990708e+01  9.34114985e-01 
 5.12861384e+01  1.49917972e+00  5.12861384e+01  9.23331253e-01 
 5.18800039e+01  1.49920563e+00  5.18800039e+01  9.12669818e-01 
 5.24807460e+01  1.49923096e+00  5.24807460e+01  9.02129272e-01 
 5.30884444e+01  1.49925571e+00  5.30884444e+01  8.91708220e-01 
 5.37031796e+01  1.49927990e+00  5.37031796e+01  8.81405282e-01 
 5.43250331e+01  1.49930354e+00  5.43250331e+01  8.71219097e-01 
 5.49540874e+01  1.49932664e+00  5.49540874e+01  8.61148316e-01 
 5.55904257e+01  1.49934921e+00  5.55904257e+01  8.51191608e-01 
 5.62341325e+01  1.49937128e+00  5.62341325e+01  8.41347654e-01 
 5.68852931e+01  1.49939284e+00  5.68852931e+01  8.31615153e-01 
 5.75439937e+01  1.49941390e+00  5.75439937e+01  8.21992817e-01 
 5.82103218e+01  1.49943449e+00  5.82103218e+01  8.12479372e-01 
 5.88843655e+01  1.49945462e+00  5.88843655e+01  8.03073559e-01 
 5.95662144e+01  1.49947428e+00  5.95662144e+01  7.93774134e-01 
 6.02559586e+01  1.49949349e+00  6.02559586e+01  7.84579867e-01 
 6.09536897e+01  1.49951227e+00  6.09536897e+01  7.75489540e-01 
 6.16595002e+01  1.49953062e+00  6.16595002e+01  7.66501950e-01 
 6.23734835e+01  1.49954856e+00  6.23734835e+01  7.57615907e-01 
 6.30957344e+01  1.49956608e+00  6.30957344e+01  7.48830237e-01 
 6.38263486e+01  1.49958321e+00  6.38263486e+01  7.40143775e-01 
 6.45654229e+01  1.49959995e+00  6.45654229e+01  7.31555373e-01 
 6.53130553e+01  1.49961630e+00  6.53130553e+01  7.23063892e-01 
 6.60693448e+01  1.49963229e+00  6.60693448e+01  7.14668210e-01 
 6.68343918e+01  1.49964791e+00  6.68343918e+01  7.06367214e-01 
 6.76082975e+01  1.49966318e+00  6.76082975e+01  6.98159806e-01 
 6.83911647e+01  1.49967809e+00  6.83911647e+01  6.90044900e-01 
 6.91830971e+01  1.49969267e+00  6.91830971e+01  6.82021421e-01 
 6.99841996e+01  1.49970692e+00  6.99841996e+01  6.74088306e-01 
 7.07945784e+01  1.49972084e+00  7.07945784e+01  6.66244506e-01 
 7.16143410e+01  1.49973445e+00  7.16143410e+01  6.58488982e-01 
 7.24435960e+01  1.49974774e+00  7.24435960e+01  6.50820707e-01 
 7.32824533e+01  1.49976074e+00  7.32824533e+01  6.43238666e-01 
 7.41310241e+01  1.49977343e+00  7.41310241e+01  6.35741855e-01 
 7.49894209e+01  1.49978584e+00  7.49894209e+01  6.28329281e-01 
 7.58577575e+01  1.49979797e+00  7.58577575e+01  6.20999963e-01 
 7.67361489e+01  1.49980982e+00  7.67361489e+01  6.13752930e-01 
 7.76247117e+01  1.49982140e+00  7.76247117e+01  6.06587222e-01 
 7.85235635e+01  1.49983272e+00  7.85235635e+01  5.99501891e-01 
 7.94328235e+01  1.49984378e+00  7.94328235e+01  5.92495999e-01 
 8.03526122e+01  1.49985459e+00  8.03526122e+01  5.85568617e-01 
 8.12830516e+01  1.49986515e+00  8.12830516e+01  5.78718828e-01 
 8.22242650e+01  1.49987547e+00  8.22242650e+01  5.71945725e-01 
 8.31763771e+01  1.49988556e+00  8.31763771e+01  5.65248411e-01 
 8.41395142e+01  1.49989541e+00  8.41395142e+01  5.58625999e-01 
 8.51138038e+01  1.49990505e+00  8.51138038e+01  5.52077612e-01 
 8.60993752e+01  1.49991446e+00  8.60993752e+01  5.45602383e-01 
 8.70963590e+01  1.49992366e+00  8.70963590e+01  5.39199453e-01 
 8.81048873e+01  1.49993265e+00  8.81048873e+01  5.32867976e-01 
 8.91250938e+01  1.49994143e+00  8.91250938e+01  5.26607112e-01 
 9.01571138e+01  1.49995002e+00  9.01571138e+01  5.20416031e-01 
 9.12010839e+01  1.49995841e+00  9.12010839e+01  5.14293915e-01 
 9.22571427e+01  1.49996661e+00  9.22571427e+01  5.08239952e-01 
 9.33254301e+01  1.49997462e+00  9.33254301e+01  5.02253341e-01 
 9.44060876e+01  1.49998245e+00  9.44060876e+01  4.96333287e-01 
 9.54992586e+01  1.49999010e+00  9.54992586e+01  4.90479007e-01 
 9.66050879e+01  1.49999758e+00  9.66050879e+01  4.84689726e-01 
 9.77237221e+01  1.50000489e+00  9.77237221e+01  4.78964677e-01 
 9.88553095e+01  1.50001203e+00  9.88553095e+01  4.73303100e-01 
 1.00000000e+02  1.50001901e+00  1.00000000e+02  4.67704247e-01 
 1.01157945e+02  1.50002583e+00  1.01157945e+02  4.62167376e-01 
 1.02329299e+02  1.50003249e+00  1.02329299e+02  4.56691752e-01 
 1.03514217e+02  1.50003901e+00  1.03514217e+02  4.51276651e-01 
 1.04712855e+02  1.50004537e+00  1.04712855e+02  4.45921356e-01 
 1.05925373e+02  1.50005159e+00  1.05925373e+02  4.40625156e-01 
 1.07151931e+02  1.50005767e+00  1.07151931e+02  4.35387350e-01 
 1.08392691e+02  1.50006361e+00  1.08392691e+02  4.30207244e-01 
 1.09647820e+02  1.50006941e+00  1.09647820e+02  4.25084153e-01 
 1.10917482e+02  1.50007508e+00  1.10917482e+02  4.20017396e-01 
 1.12201845e+02  1.50008063e+00  1.12201845e+02  4.15006304e-01 
 1.13501082e+02  1.50008604e+00  1.13501082e+02  4.10050211e-01 
 1.14815362e+02  1.50009134e+00  1.14815362e+02  4.05148462e-01 
 1.16144861e+02  1.50009651e+00  1.16144861e+02  4.00300407e-01 
 1.17489755e+02  1.50010157e+00  1.17489755e+02  3.95505403e-01 
 1.18850223e+02  1.50010651e+00  1.18850223e+02  3.90762816e-01 
 1.20226443e+02  1.50011133e+00  1.20226443e+02  3.86072017e-01 
 1.21618600e+02  1.50011605e+00  1.21618600e+02  3.81432384e-01 
 1.23026877e+02  1.50012066e+00  1.23026877e+02  3.76843302e-01 
 1.24451461e+02  1.50012517e+00  1.24451461e+02  3.72304165e-01 
 1.25892541e+02  1.50012957e+00  1.25892541e+02  3.67814369e-01 
 1.27350308e+02  1.50013387e+00  1.27350308e+02  3.63373321e-01 
 1.28824955e+02  1.50013808e+00  1.28824955e+02  3.58980431e-01 
 1.30316678e+02  1.50014219e+00  1.30316678e+02  3.54635118e-01 
 1.31825674e+02  1.50014620e+00  1.31825674e+02  3.50336807e-01 
 1.33352143e+02  1.50015013e+00  1.33352143e+02  3.46084926e-01 
 1.34896288e+02  1.50015396e+00  1.34896288e+02  3.41878914e-01 
 1.36458314e+02  1.50015771e+00  1.36458314e+02  3.37718212e-01 
 1.38038426e+02  1.50016137e+00  1.38038426e+02  3.33602270e-01 
 1.39636836e+02  1.50016495e+00  1.39636836e+02  3.29530542e-01 
 1.41253754e+02  1.50016844e+00  1.41253754e+02  3.25502488e-01 
 1.42889396e+02  1.50017186e+00  1.42889396e+02  3.21517575e-01 
 1.44543977e+02  1.50017520e+00  1.44543977e+02  3.17575274e-01 
 1.46217717e+02  1.50017846e+00  1.46217717e+02  3.13675064e-01 
 1.47910839e+02  1.50018165e+00  1.47910839e+02  3.09816427e-01 
 1.49623566e+02  1.50018477e+00  1.49623566e+02  3.05998852e-01 
 1.51356125e+02  1.50018781e+00  1.51356125e+02  3.02221833e-01 
 1.53108746e+02  1.50019079e+00  1.53108746e+02  2.98484870e-01 
 1.54881662e+02  1.50019370e+00  1.54881662e+02  2.94787467e-01 
 1.56675107e+02  1.50019654e+00  1.56675107e+02  2.91129135e-01 
 1.58489319e+02  1.50019932e+00  1.58489319e+02  2.87509388e-01 
 1.60324539e+02  1.50020203e+00  1.60324539e+02  2.83927748e-01 
 1.62181010e+02  1.50020468e+00  1.62181010e+02  2.80383738e-01 
 1.64058977e+02  1.50020727e+00  1.64058977e+02  2.76876891e-01 
 1.65958691e+02  1.50020981e+00  1.65958691e+02  2.73406740e-01 
 1.67880402e+02  1.50021228e+00  1.67880402e+02  2.69972827e-01 
 1.69824365e+02  1.50021470e+00  1.69824365e+02  2.66574695e-01 
 1.71790839e+02  1.50021706e+00  1.71790839e+02  2.63211895e-01 
 1.73780083e+02  1.50021937e+00  1.73780083e+02  2.59883981e-01 
 1.75792361e+02  1.50022163e+00  1.75792361e+02  2.56590513e-01 
 1.77827941e+02  1.50022383e+00  1.77827941e+02  2.53331052e-01 
 1.79887092e+02  1.50022599e+00  1.79887092e+02  2.50105169e-01 
 1.81970086e+02  1.50022809e+00  1.81970086e+02  2.46912434e-01 
 1.84077200e+02  1.50023015e+00  1.84077200e+02  2.43752425e-01 
 1.86208714e+02  1.50023216e+00  1.86208714e+02  2.40624724e-01 
 1.88364909e+02  1.50023412e+00  1.88364909e+02  2.37528915e-01 
 1.90546072e+02  1.50023604e+00  1.90546072e+02  2.34464588e-01 
 1.92752491e+02  1.50023792e+00  1.92752491e+02  2.31431338e-01 
 1.94984460e+02  1.50023975e+00  1.94984460e+02  2.28428762e-01 
 1.97242274e+02  1.50024154e+00  1.97242274e+02  2.25456462e-01 
 1.99526231e+02  1.50024330e+00  1.99526231e+02  2.22514045e-01 
 2.01836636e+02  1.50024501e+00  2.01836636e+02  2.19601120e-01 
 2.04173794e+02  1.50024668e+00  2.04173794e+02  2.16717302e-01 
 2.06538016e+02  1.50024831e+00  2.06538016e+02  2.13862207e-01 
 2.08929613e+02  1.50024991e+00  2.08929613e+02  2.11035459e-01 
 2.11348904e+02  1.50025146e+00  2.11348904e+02  2.08236682e-01 
 2.13796209e+02  1.50025299e+00  2.13796209e+02  2.05465505e-01 
 2.16271852e+02  1.50025448e+00  2.16271852e+02  2.02721561e-01 
 2.18776162e+02  1.50025593e+00  2.18776162e+02  2.00004486e-01 
 2.21309471e+02  1.50025735e+00  2.21309471e+02  1.97313920e-01 
 2.23872114e+02  1.50025874e+00  2.23872114e+02  1.94649508e-01 
 2.26464431e+02  1.50026010e+00  2.26464431e+02  1.92010894e-01 
 2.29086765e+02  1.50026142e+00  2.29086765e+02  1.89397730e-01 
 2.31739465e+02  1.50026272e+00  2.31739465e+02  1.86809670e-01 
 2.34422882e+02  1.50026399e+00  2.34422882e+02  1.84246370e-01 
 2.37137371e+02  1.50026522e+00  2.37137371e+02  1.81707491e-01 
 2.39883292e+02  1.50026643e+00  2.39883292e+02  1.79192697e-01 
 2.42661010e+02  1.50026761e+00  2.42661010e+02  1.76701653e-01 
 2.45470892e+02  1.50026877e+00  2.45470892e+02  1.74234029e-01 
 2.48313311e+02  1.50026989e+00  2.48313311e+02  1.71789500e-01 
 2.51188643e+02  1.50027100e+00  2.51188643e+02  1.69367740e-01 
 2.54097271e+02  1.50027207e+00  2.54097271e+02  1.66968429e-01 
 2.57039578e+02  1.50027312e+00  2.57039578e+02  1.64591249e-01 
 2.60015956e+02  1.50027415e+00  2.60015956e+02  1.62235884e-01 
 2.63026799e+02  1.50027515e+00  2.63026799e+02  1.59902023e-01 
 2.66072506e+02  1.50027613e+00  2.66072506e+02  1.57589356e-01 
 2.69153480e+02  1.50027709e+00  2.69153480e+02  1.55297577e-01 
 2.72270131e+02  1.50027803e+00  2.72270131e+02  1.53026381e-01 
 2.75422870e+02  1.50027894e+00  2.75422870e+02  1.50775469e-01 
 2.78612117e+02  1.50027983e+00  2.78612117e+02  1.48544541e-01 
 2.81838293e+02  1.50028071e+00  2.81838293e+02  1.46333301e-01 
 2.85101827e+02  1.50028156e+00  2.85101827e+02  1.44141458e-01 
 2.88403150e+02  1.50028239e+00  2.88403150e+02  1.41968720e-01 
 2.91742701e+02  1.50028321e+00  2.91742701e+02  1.39814799e-01 
 2.95120923e+02  1.50028400e+00  2.95120923e+02  1.37679410e-01 
 2.98538262e+02  1.50028478e+00  2.98538262e+02  1.35562270e-01 
 3.01995172e+02  1.50028553e+00  3.01995172e+02  1.33463098e-01 
 3.05492111e+02  1.50028628e+00  3.05492111e+02  1.31381615e-01 
 3.09029543e+02  1.50028700e+00  3.09029543e+02  1.29317547e-01 
 3.12607937e+02  1.50028771e+00  3.12607937e+02  1.27270620e-01 
 3.16227766e+02  1.50028840e+00  3.16227766e+02  1.25240561e-01 
 3.19889511e+02  1.50028907e+00  3.19889511e+02  1.23227103e-01 
 3.23593657e+02  1.50028973e+00  3.23593657e+02  1.21229978e-01 
 3.27340695e+02  1.50029037e+00  3.27340695e+02  1.19248921e-01 
 3.31131121e+02  1.50029100e+00  3.31131121e+02  1.17283671e-01 
 3.34965439e+02  1.50029161e+00  3.34965439e+02  1.15333966e-01 
 3.38844156e+02  1.50029221e+00  3.38844156e+02  1.13399548e-01 
 3.42767787e+02  1.50029280e+00  3.42767787e+02  1.11480160e-01 
 3.46736850e+02  1.50029337e+00  3.46736850e+02  1.09575549e-01 
 3.50751874e+02  1.50029392e+00  3.50751874e+02  1.07685462e-01 
 3.54813389e+02  1.50029447e+00  3.54813389e+02  1.05809648e-01 
 3.58921935e+02  1.50029500e+00  3.58921935e+02  1.03947859e-01 
 3.63078055e+02  1.50029552e+00  3.63078055e+02  1.02099847e-01 
 3.67282300e+02  1.50029603e+00  3.67282300e+02  1.00265369e-01 
 3.71535229e+02  1.50029652e+00  3.71535229e+02  9.84441805e-02 
 3.75837404e+02  1.50029700e+00  3.75837404e+02  9.66360403e-02 
 3.80189396e+02  1.50029748e+00  3.80189396e+02  9.48407090e-02 
 3.84591782e+02  1.50029794e+00  3.84591782e+02  9.30579484e-02 
 3.89045145e+02  1.50029838e+00  3.89045145e+02  9.12875224e-02 
 3.93550075e+02  1.50029882e+00  3.93550075e+02  8.95291962e-02 
 3.98107171e+02  1.50029925e+00  3.98107171e+02  8.77827368e-02 
 4.02717034e+02  1.50029967e+00  4.02717034e+02  8.60479127e-02 
 4.07380278e+02  1.50030008e+00  4.07380278e+02  8.43244940e-02 
 4.12097519e+02  1.50030047e+00  4.12097519e+02  8.26122523e-02 
 4.16869383e+02  1.50030086e+00  4.16869383e+02  8.09109605e-02 
 4.21696503e+02  1.50030124e+00  4.21696503e+02  7.92203932e-02 
 4.26579519e+02  1.50030161e+00  4.26579519e+02  7.75403264e-02 
 4.31519077e+02  1.50030197e+00  4.31519077e+02  7.58705372e-02 
 4.36515832e+02  1.50030232e+00  4.36515832e+02  7.42108045e-02 
 4.41570447e+02  1.50030266e+00  4.41570447e+02  7.25609082e-02 
 4.46683592e+02  1.50030300e+00  4.46683592e+02  7.09206296e-02 
 4.51855944e+02  1.50030332e+00  4.51855944e+02  6.92897514e-02 
 4.57088190e+02  1.50030364e+00  4.57088190e+02  6.76680572e-02 
 4.62381021e+02  1.50030395e+00  4.62381021e+02  6.60553323e-02 
 4.67735141e+02  1.50030425e+00  4.67735141e+02  6.44513629e-02 
 4.73151259e+02  1.50030455e+00  4.73151259e+02  6.28559362e-02 
 4.78630092e+02  1.50030483e+00  4.78630092e+02  6.12688410e-02 
 4.84172368e+02  1.50030511e+00  4.84172368e+02  5.96898667e-02 
 4.89778819e+02  1.50030538e+00  4.89778819e+02  5.81188042e-02 
 4.95450191e+02  1.50030565e+00  4.95450191e+02  5.65554452e-02 
 5.01187234e+02  1.50030591e+00  5.01187234e+02  5.49995824e-02 
 5.06990708e+02  1.50030616e+00  5.06990708e+02  5.34510097e-02 
 5.12861384e+02  1.50030640e+00  5.12861384e+02  5.19095217e-02 
 5.18800039e+02  1.50030664e+00  5.18800039e+02  5.03749142e-02 
 5.24807460e+02  1.50030687e+00  5.24807460e+02  4.88469838e-02 
 5.30884444e+02  1.50030710e+00  5.30884444e+02  4.73255279e-02 
 5.37031796e+02  1.50030732e+00  5.37031796e+02  4.58103448e-02 
 5.43250331e+02  1.50030753e+00  5.43250331e+02  4.43012338e-02 
 5.49540874e+02  1.50030774e+00  5.49540874e+02  4.27979949e-02 
 5.55904257e+02  1.50030794e+00  5.55904257e+02  4.13004286e-02 
 5.62341325e+02  1.50030813e+00  5.62341325e+02  3.98083367e-02 
 5.68852931e+02  1.50030832e+00  5.68852931e+02  3.83215212e-02 
 5.75439937e+02  1.50030851e+00  5.75439937e+02  3.68397851e-02 
 5.82103218e+02  1.50030869e+00  5.82103218e+02  3.53629321e-02 
 5.88843655e+02  1.50030886e+00  5.88843655e+02  3.38907663e-02 
 5.95662144e+02  1.50030903e+00  5.95662144e+02  3.24230926e-02 
 6.02559586e+02  1.50030919e+00  6.02559586e+02  3.09597165e-02 
 6.09536897e+02  1.50030935e+00  6.09536897e+02  2.95004441e-02 
 6.16595002e+02  1.50030950e+00  6.16595002e+02  2.80450819e-02 
 6.23734835e+02  1.50030965e+00  6.23734835e+02  2.65934369e-02 
 6.30957344e+02  1.50030980e+00  6.30957344e+02  2.51453169e-02 
 6.38263486e+02  1.50030993e+00  6.38263486e+02  2.37005298e-02 
 6.45654229e+02  1.50031007e+00  6.45654229e+02  2.22588841e-02 
 6.53130553e+02  1.50031020e+00  6.53130553e+02  2.08201888e-02 
 6.60693448e+02  1.50031032e+00  6.60693448e+02  1.93842531e-02 
 6.68343918e+02  1.50031044e+00  6.68343918e+02  1.79508868e-02 
 6.76082975e+02  1.50031056e+00  6.76082975e+02  1.65198998e-02 
 6.83911647e+02  1.50031067e+00  6.83911647e+02  1.50911024e-02 
 6.91830971e+02  1.50031078e+00  6.91830971e+02  1.36643054e-02 
 6.99841996e+02  1.50031088e+00  6.99841996e+02  1.22393195e-02 
 7.07945784e+02  1.50031098e+00  7.07945784e+02  1.08159559e-02 
 7.16143410e+02  1.50031108e+00  7.16143410e+02  9.39402590e-03 
 7.24435960e+02  1.50031117e+00  7.24435960e+02  7.97334105e-03 
 7.32824533e+02  1.50031126e+00  7.32824533e+02  6.55371304e-03 
 7.41310241e+02  1.50031134e+00  7.41310241e+02  5.13495370e-03 
 7.49894209e+02  1.50031142e+00  7.49894209e+02  3.71687497e-03 
 7.58577575e+02  1.50031150e+00  7.58577575e+02  2.29928889e-03 
 7.67361489e+02  1.50031157e+00  7.67361489e+02  8.82007562e-04 
 7.76247117e+02  1.50031164e+00  7.76247117e+02 -5.35156871e-04 
 7.85235635e+02  1.50031170e+00  7.85235635e+02 -1.95239225e-03 
 7.94328235e+02  1.50031176e+00  7.94328235e+02 -3.36988643e-03 
 8.03526122e+02  1.50031182e+00  8.03526122e+02 -4.78782730e-03 
 8.12830516e+02  1.50031187e+00  8.12830516e+02 -6.20640280e-03 
 8.22242650e+02  1.50031192e+00  8.22242650e+02 -7.62580095e-03 
 8.31763771e+02  1.50031197e+00  8.31763771e+02 -9.04620991e-03 
 8.41395142e+02  1.50031201e+00  8.41395142e+02 -1.04678179e-02 
 8.51138038e+02  1.50031205e+00  8.51138038e+02 -1.18908135e-02 
 8.60993752e+02  1.50031208e+00  8.60993752e+02 -1.33153851e-02 
 8.70963590e+02  1.50031211e+00  8.70963590e+02 -1.47417217e-02 
 8.81048873e+02  1.50031214e+00  8.81048873e+02 -1.61700123e-02 
 8.91250938e+02  1.50031217e+00  8.91250938e+02 -1.76004462e-02 
 9.01571138e+02  1.50031219e+00  9.01571138e+02 -1.90332130e-02 
 9.12010839e+02  1.50031221e+00  9.12010839e+02 -2.04685027e-02 
 9.22571427e+02  1.50031222e+00  9.22571427e+02 -2.19065054e-02 
 9.33254301e+02  1.50031223e+00  9.33254301e+02 -2.33474118e-02 
 9.44060876e+02  1.50031224e+00  9.44060876e+02 -2.47914129e-02 
 9.54992586e+02  1.50031224e+00  9.54992586e+02 -2.62387000e-02 
 9.66050879e+02  1.50031224e+00  9.66050879e+02 -2.76894650e-02 
 9.77237221e+02  1.50031224e+00  9.77237221e+02 -2.91439003e-02 
 9.88553095e+02  1.50031223e+00  9.88553095e+02 -3.06021985e-02 
 1.00000000e+03  1.50031222e+00  1.00000000e+03 -3.20645530e-02 
