 1.00000000e+00  7.86091420e+01  1.00000000e+00  1.79478849e+02 
 1.02329299e+00  7.86091269e+01  1.02329299e+00  1.79466710e+02 
 1.04712855e+00  7.86091110e+01  1.04712855e+00  1.79454288e+02 
 1.07151931e+00  7.86090943e+01  1.07151931e+00  1.79441576e+02 
 1.09647820e+00  7.86090769e+01  1.09647820e+00  1.79428569e+02 
 1.12201845e+00  7.86090586e+01  1.12201845e+00  1.79415259e+02 
 1.14815362e+00  7.86090395e+01  1.14815362e+00  1.79401638e+02 
 1.17489755e+00  7.86090195e+01  1.17489755e+00  1.79387701e+02 
 1.20226443e+00  7.86089985e+01  1.20226443e+00  1.79373438e+02 
 1.23026877e+00  7.86089766e+01  1.23026877e+00  1.79358844e+02 
 1.25892541e+00  7.86089536e+01  1.25892541e+00  1.79343909e+02 
 1.28824955e+00  7.86089295e+01  1.28824955e+00  1.79328627e+02 
 1.31825674e+00  7.86089043e+01  1.31825674e+00  1.79312989e+02 
 1.34896288e+00  7.86088779e+01  1.34896288e+00  1.79296987e+02 
 1.38038426e+00  7.86088502e+01  1.38038426e+00  1.79280611e+02 
 1.41253754e+00  7.86088212e+01  1.41253754e+00  1.79263855e+02 
 1.44543977e+00  7.86087909e+01  1.44543977e+00  1.79246708e+02 
 1.47910839e+00  7.86087591e+01  1.47910839e+00  1.79229162e+02 
 1.51356125e+00  7.86087259e+01  1.51356125e+00  1.79211207e+02 
 1.54881662e+00  7.86086911e+01  1.54881662e+00  1.79192834e+02 
 1.58489319e+00  7.86086546e+01  1.58489319e+00  1.79174033e+02 
 1.62181010e+00  7.86086164e+01  1.62181010e+00  1.79154794e+02 
 1.65958691e+00  7.86085764e+01  1.65958691e+00  1.79135107e+02 
 1.69824365e+00  7.86085345e+01  1.69824365e+00  1.79114961e+02 
 1.73780083e+00  7.86084906e+01  1.73780083e+00  1.79094346e+02 
 1.77827941e+00  7.86084447e+01  1.77827941e+00  1.79073251e+02 
 1.81970086e+00  7.86083966e+01  1.81970086e+00  1.79051665e+02 
 1.86208714e+00  7.86083462e+01  1.86208714e+00  1.79029576e+02 
 1.90546072e+00  7.86082935e+01  1.90546072e+00  1.79006973e+02 
 1.94984460e+00  7.86082382e+01  1.94984460e+00  1.78983843e+02 
 1.99526231e+00  7.86081803e+01  1.99526231e+00  1.78960175e+02 
 2.04173794e+00  7.86081198e+01  2.04173794e+00  1.78935955e+02 
 2.08929613e+00  7.86080563e+01  2.08929613e+00  1.78911171e+02 
 2.13796209e+00  7.86079899e+01  2.13796209e+00  1.78885810e+02 
 2.18776162e+00  7.86079203e+01  2.18776162e+00  1.78859858e+02 
 2.23872114e+00  7.86078474e+01  2.23872114e+00  1.78833302e+02 
 2.29086765e+00  7.86077711e+01  2.29086765e+00  1.78806128e+02 
 2.34422882e+00  7.86076912e+01  2.34422882e+00  1.78778320e+02 
 2.39883292e+00  7.86076075e+01  2.39883292e+00  1.78749865e+02 
 2.45470892e+00  7.86075199e+01  2.45470892e+00  1.78720748e+02 
 2.51188643e+00  7.86074281e+01  2.51188643e+00  1.78690952e+02 
 2.57039578e+00  7.86073320e+01  2.57039578e+00  1.78660463e+02 
 2.63026799e+00  7.86072313e+01  2.63026799e+00  1.78629263e+02 
 2.69153480e+00  7.86071259e+01  2.69153480e+00  1.78597337e+02 
 2.75422870e+00  7.86070155e+01  2.75422870e+00  1.78564668e+02 
 2.81838293e+00  7.86068999e+01  2.81838293e+00  1.78531237e+02 
 2.88403150e+00  7.86067788e+01  2.88403150e+00  1.78497029e+02 
 2.95120923e+00  7.86066520e+01  2.95120923e+00  1.78462023e+02 
 3.01995172e+00  7.86065192e+01  3.01995172e+00  1.78426203e+02 
 3.09029543e+00  7.86063801e+01  3.09029543e+00  1.78389548e+02 
 3.16227766e+00  7.86062344e+01  3.16227766e+00  1.78352041e+02 
 3.23593657e+00  7.86060819e+01  3.23593657e+00  1.78313659e+02 
 3.31131121e+00  7.86059221e+01  3.31131121e+00  1.78274384e+02 
 3.38844156e+00  7.86057548e+01  3.38844156e+00  1.78234195e+02 
 3.46736850e+00  7.86055796e+01  3.46736850e+00  1.78193070e+02 
 3.54813389e+00  7.86053961e+01  3.54813389e+00  1.78150988e+02 
 3.63078055e+00  7.86052039e+01  3.63078055e+00  1.78107926e+02 
 3.71535229e+00  7.86050025e+01  3.71535229e+00  1.78063861e+02 
 3.80189396e+00  7.86047917e+01  3.80189396e+00  1.78018770e+02 
 3.89045145e+00  7.86045709e+01  3.89045145e+00  1.77972630e+02 
 3.98107171e+00  7.86043396e+01  3.98107171e+00  1.77925416e+02 
 4.07380278e+00  7.86040973e+01  4.07380278e+00  1.77877103e+02 
 4.16869383e+00  7.86038436e+01  4.16869383e+00  1.77827666e+02 
 4.26579519e+00  7.86035779e+01  4.26579519e+00  1.77777077e+02 
 4.36515832e+00  7.86032995e+01  4.36515832e+00  1.77725312e+02 
 4.46683592e+00  7.86030080e+01  4.46683592e+00  1.77672341e+02 
 4.57088190e+00  7.86027026e+01  4.57088190e+00  1.77618138e+02 
 4.67735141e+00  7.86023828e+01  4.67735141e+00  1.77562674e+02 
 4.78630092e+00  7.86020477e+01  4.78630092e+00  1.77505919e+02 
 4.89778819e+00  7.86016968e+01  4.89778819e+00  1.77447843e+02 
 5.01187234e+00  7.86013292e+01  5.01187234e+00  1.77388417e+02 
 5.12861384e+00  7.86009441e+01  5.12861384e+00  1.77327608e+02 
 5.24807460e+00  7.86005408e+01  5.24807460e+00  1.77265384e+02 
 5.37031796e+00  7.86001182e+01  5.37031796e+00  1.77201713e+02 
 5.49540874e+00  7.85996756e+01  5.49540874e+00  1.77136561e+02 
 5.62341325e+00  7.85992120e+01  5.62341325e+00  1.77069894e+02 
 5.75439937e+00  7.85987263e+01  5.75439937e+00  1.77001676e+02 
 5.88843655e+00  7.85982175e+01  5.88843655e+00  1.76931873e+02 
 6.02559586e+00  7.85976844e+01  6.02559586e+00  1.76860447e+02 
 6.16595002e+00  7.85971260e+01  6.16595002e+00  1.76787360e+02 
 6.30957344e+00  7.85965410e+01  6.30957344e+00  1.76712574e+02 
 6.45654229e+00  7.85959281e+01  6.45654229e+00  1.76636051e+02 
 6.60693448e+00  7.85952860e+01  6.60693448e+00  1.76557750e+02 
 6.76082975e+00  7.85946133e+01  6.76082975e+00  1.76477629e+02 
 6.91830971e+00  7.85939085e+01  6.91830971e+00  1.76395647e+02 
 7.07945784e+00  7.85931700e+01  7.07945784e+00  1.76311762e+02 
 7.24435960e+00  7.85923963e+01  7.24435960e+00  1.76225929e+02 
 7.41310241e+00  7.85915856e+01  7.41310241e+00  1.76138103e+02 
 7.58577575e+00  7.85907362e+01  7.58577575e+00  1.76048238e+02 
 7.76247117e+00  7.85898462e+01  7.76247117e+00  1.75956289e+02 
 7.94328235e+00  7.85889136e+01  7.94328235e+00  1.75862207e+02 
 8.12830516e+00  7.85879365e+01  8.12830516e+00  1.75765943e+02 
 8.31763771e+00  7.85869125e+01  8.31763771e+00  1.75667446e+02 
 8.51138038e+00  7.85858395e+01  8.51138038e+00  1.75566668e+02 
 8.70963590e+00  7.85847151e+01  8.70963590e+00  1.75463554e+02 
 8.91250938e+00  7.85835369e+01  8.91250938e+00  1.75358052e+02 
 9.12010839e+00  7.85823021e+01  9.12010839e+00  1.75250107e+02 
 9.33254301e+00  7.85810082e+01  9.33254301e+00  1.75139665e+02 
 9.54992586e+00  7.85796521e+01  9.54992586e+00  1.75026668e+02 
 9.77237221e+00  7.85782310e+01  9.77237221e+00  1.74911058e+02 
 1.00000000e+01  7.85767417e+01  1.00000000e+01  1.74792776e+02 
 1.02329299e+01  7.85751808e+01  1.02329299e+01  1.74671763e+02 
 1.04712855e+01  7.85735449e+01  1.04712855e+01  1.74547956e+02 
 1.07151931e+01  7.85718305e+01  1.07151931e+01  1.74421294e+02 
 1.09647820e+01  7.85700336e+01  1.09647820e+01  1.74291711e+02 
 1.12201845e+01  7.85681503e+01  1.12201845e+01  1.74159143e+02 
 1.14815362e+01  7.85661764e+01  1.14815362e+01  1.74023523e+02 
 1.17489755e+01  7.85641076e+01  1.17489755e+01  1.73884784e+02 
 1.20226443e+01  7.85619393e+01  1.20226443e+01  1.73742856e+02 
 1.23026877e+01  7.85596666e+01  1.23026877e+01  1.73597669e+02 
 1.25892541e+01  7.85572846e+01  1.25892541e+01  1.73449152e+02 
 1.28824955e+01  7.85547879e+01  1.28824955e+01  1.73297231e+02 
 1.31825674e+01  7.85521711e+01  1.31825674e+01  1.73141833e+02 
 1.34896288e+01  7.85494284e+01  1.34896288e+01  1.72982882e+02 
 1.38038426e+01  7.85465537e+01  1.38038426e+01  1.72820301e+02 
 1.41253754e+01  7.85435407e+01  1.41253754e+01  1.72654012e+02 
 1.44543977e+01  7.85403829e+01  1.44543977e+01  1.72483936e+02 
 1.47910839e+01  7.85370732e+01  1.47910839e+01  1.72309993e+02 
 1.51356125e+01  7.85336044e+01  1.51356125e+01  1.72132100e+02 
 1.54881662e+01  7.85299690e+01  1.54881662e+01  1.71950175e+02 
 1.58489319e+01  7.85261591e+01  1.58489319e+01  1.71764133e+02 
 1.62181010e+01  7.85221663e+01  1.62181010e+01  1.71573890e+02 
 1.65958691e+01  7.85179821e+01  1.65958691e+01  1.71379358e+02 
 1.69824365e+01  7.85135974e+01  1.69824365e+01  1.71180450e+02 
 1.73780083e+01  7.85090027e+01  1.73780083e+01  1.70977078e+02 
 1.77827941e+01  7.85041884e+01  1.77827941e+01  1.70769153e+02 
 1.81970086e+01  7.84991440e+01  1.81970086e+01  1.70556582e+02 
 1.86208714e+01  7.84938589e+01  1.86208714e+01  1.70339276e+02 
 1.90546072e+01  7.84883219e+01  1.90546072e+01  1.70117142e+02 
 1.94984460e+01  7.84825214e+01  1.94984460e+01  1.69890086e+02 
 1.99526231e+01  7.84764452e+01  1.99526231e+01  1.69658015e+02 
 2.04173794e+01  7.84700808e+01  2.04173794e+01  1.69420835e+02 
 2.08929613e+01  7.84634149e+01  2.08929613e+01  1.69178450e+02 
 2.13796209e+01  7.84564339e+01  2.13796209e+01  1.68930766e+02 
 2.18776162e+01  7.84491236e+01  2.18776162e+01  1.68677685e+02 
 2.23872114e+01  7.84414690e+01  2.23872114e+01  1.68419113e+02 
 2.29086765e+01  7.84334549e+01  2.29086765e+01  1.68154953e+02 
 2.34422882e+01  7.84250653e+01  2.34422882e+01  1.67885108e+02 
 2.39883292e+01  7.84162835e+01  2.39883292e+01  1.67609484e+02 
 2.45470892e+01  7.84070923e+01  2.45470892e+01  1.67327982e+02 
 2.51188643e+01  7.83974737e+01  2.51188643e+01  1.67040509e+02 
 2.57039578e+01  7.83874094e+01  2.57039578e+01  1.66746969e+02 
 2.63026799e+01  7.83768799e+01  2.63026799e+01  1.66447268e+02 
 2.69153480e+01  7.83658655e+01  2.69153480e+01  1.66141312e+02 
 2.75422870e+01  7.83543454e+01  2.75422870e+01  1.65829008e+02 
 2.81838293e+01  7.83422983e+01  2.81838293e+01  1.65510266e+02 
 2.88403150e+01  7.83297022e+01  2.88403150e+01  1.65184995e+02 
 2.95120923e+01  7.83165343e+01  2.95120923e+01  1.64853107e+02 
 3.01995172e+01  7.83027708e+01  3.01995172e+01  1.64514516e+02 
 3.09029543e+01  7.82883876e+01  3.09029543e+01  1.64169138e+02 
 3.16227766e+01  7.82733595e+01  3.16227766e+01  1.63816890e+02 
 3.23593657e+01  7.82576605e+01  3.23593657e+01  1.63457693e+02 
 3.31131121e+01  7.82412640e+01  3.31131121e+01  1.63091471e+02 
 3.38844156e+01  7.82241426e+01  3.38844156e+01  1.62718150e+02 
 3.46736850e+01  7.82062679e+01  3.46736850e+01  1.62337660e+02 
 3.54813389e+01  7.81876108e+01  3.54813389e+01  1.61949935e+02 
 3.63078055e+01  7.81681416e+01  3.63078055e+01  1.61554911e+02 
 3.71535229e+01  7.81478294e+01  3.71535229e+01  1.61152533e+02 
 3.80189396e+01  7.81266429e+01  3.80189396e+01  1.60742745e+02 
 3.89045145e+01  7.81045498e+01  3.89045145e+01  1.60325500e+02 
 3.98107171e+01  7.80815171e+01  3.98107171e+01  1.59900755e+02 
 4.07380278e+01  7.80575110e+01  4.07380278e+01  1.59468473e+02 
 4.16869383e+01  7.80324971e+01  4.16869383e+01  1.59028622e+02 
 4.26579519e+01  7.80064400e+01  4.26579519e+01  1.58581179e+02 
 4.36515832e+01  7.79793040e+01  4.36515832e+01  1.58126124e+02 
 4.46683592e+01  7.79510523e+01  4.46683592e+01  1.57663448e+02 
 4.57088190e+01  7.79216479e+01  4.57088190e+01  1.57193148e+02 
 4.67735141e+01  7.78910528e+01  4.67735141e+01  1.56715229e+02 
 4.78630092e+01  7.78592288e+01  4.78630092e+01  1.56229704e+02 
 4.89778819e+01  7.78261369e+01  4.89778819e+01  1.55736596e+02 
 5.01187234e+01  7.77917378e+01  5.01187234e+01  1.55235935e+02 
 5.12861384e+01  7.77559917e+01  5.12861384e+01  1.54727763e+02 
 5.24807460e+01  7.77188587e+01  5.24807460e+01  1.54212131e+02 
 5.37031796e+01  7.76802982e+01  5.37031796e+01  1.53689099e+02 
 5.49540874e+01  7.76402698e+01  5.49540874e+01  1.53158739e+02 
 5.62341325e+01  7.75987328e+01  5.62341325e+01  1.52621133e+02 
 5.75439937e+01  7.75556463e+01  5.75439937e+01  1.52076374e+02 
 5.88843655e+01  7.75109697e+01  5.88843655e+01  1.51524568e+02 
 6.02559586e+01  7.74646623e+01  6.02559586e+01  1.50965831e+02 
 6.16595002e+01  7.74166837e+01  6.16595002e+01  1.50400291e+02 
 6.30957344e+01  7.73669939e+01  6.30957344e+01  1.49828087e+02 
 6.45654229e+01  7.73155531e+01  6.45654229e+01  1.49249374e+02 
 6.60693448e+01  7.72623221e+01  6.60693448e+01  1.48664313e+02 
 6.76082975e+01  7.72072625e+01  6.76082975e+01  1.48073084e+02 
 6.91830971e+01  7.71503363e+01  6.91830971e+01  1.47475873e+02 
 7.07945784e+01  7.70915066e+01  7.07945784e+01  1.46872882e+02 
 7.24435960e+01  7.70307374e+01  7.24435960e+01  1.46264324e+02 
 7.41310241e+01  7.69679937e+01  7.41310241e+01  1.45650424e+02 
 7.58577575e+01  7.69032417e+01  7.58577575e+01  1.45031418e+02 
 7.76247117e+01  7.68364490e+01  7.76247117e+01  1.44407554e+02 
 7.94328235e+01  7.67675845e+01  7.94328235e+01  1.43779090e+02 
 8.12830516e+01  7.66966185e+01  8.12830516e+01  1.43146297e+02 
 8.31763771e+01  7.66235233e+01  8.31763771e+01  1.42509453e+02 
 8.51138038e+01  7.65482726e+01  8.51138038e+01  1.41868849e+02 
 8.70963590e+01  7.64708420e+01  8.70963590e+01  1.41224782e+02 
 8.91250938e+01  7.63912091e+01  8.91250938e+01  1.40577560e+02 
 9.12010839e+01  7.63093535e+01  9.12010839e+01  1.39927497e+02 
 9.33254301e+01  7.62252567e+01  9.33254301e+01  1.39274915e+02 
 9.54992586e+01  7.61389027e+01  9.54992586e+01  1.38620144e+02 
 9.77237221e+01  7.60502774e+01  9.77237221e+01  1.37963517e+02 
 1.00000000e+02  7.59593693e+01  1.00000000e+02  1.37305373e+02 
 1.02329299e+02  7.58661690e+01  1.02329299e+02  1.36646055e+02 
 1.04712855e+02  7.57706695e+01  1.04712855e+02  1.35985908e+02 
 1.07151931e+02  7.56728663e+01  1.07151931e+02  1.35325282e+02 
 1.09647820e+02  7.55727574e+01  1.09647820e+02  1.34664525e+02 
 1.12201845e+02  7.54703430e+01  1.12201845e+02  1.34003988e+02 
 1.14815362e+02  7.53656260e+01  1.14815362e+02  1.33344019e+02 
 1.17489755e+02  7.52586114e+01  1.17489755e+02  1.32684967e+02 
 1.20226443e+02  7.51493070e+01  1.20226443e+02  1.32027175e+02 
 1.23026877e+02  7.50377226e+01  1.23026877e+02  1.31370988e+02 
 1.25892541e+02  7.49238706e+01  1.25892541e+02  1.30716741e+02 
 1.28824955e+02  7.48077656e+01  1.28824955e+02  1.30064769e+02 
 1.31825674e+02  7.46894242e+01  1.31825674e+02  1.29415398e+02 
 1.34896288e+02  7.45688656e+01  1.34896288e+02  1.28768948e+02 
 1.38038426e+02  7.44461106e+01  1.38038426e+02  1.28125732e+02 
 1.41253754e+02  7.43211824e+01  1.41253754e+02  1.27486056e+02 
 1.44543977e+02  7.41941058e+01  1.44543977e+02  1.26850215e+02 
 1.47910839e+02  7.40649076e+01  1.47910839e+02  1.26218497e+02 
 1.51356125e+02  7.39336162e+01  1.51356125e+02  1.25591177e+02 
 1.54881662e+02  7.38002617e+01  1.54881662e+02  1.24968524e+02 
 1.58489319e+02  7.36648755e+01  1.58489319e+02  1.24350792e+02 
 1.62181010e+02  7.35274906e+01  1.62181010e+02  1.23738227e+02 
 1.65958691e+02  7.33881412e+01  1.65958691e+02  1.23131062e+02 
 1.69824365e+02  7.32468626e+01  1.69824365e+02  1.22529518e+02 
 1.73780083e+02  7.31036912e+01  1.73780083e+02  1.21933805e+02 
 1.77827941e+02  7.29586644e+01  1.77827941e+02  1.21344119e+02 
 1.81970086e+02  7.28118203e+01  1.81970086e+02  1.20760648e+02 
 1.86208714e+02  7.26631977e+01  1.86208714e+02  1.20183562e+02 
 1.90546072e+02  7.25128360e+01  1.90546072e+02  1.19613023e+02 
 1.94984460e+02  7.23607751e+01  1.94984460e+02  1.19049180e+02 
 1.99526231e+02  7.22070554e+01  1.99526231e+02  1.18492168e+02 
 2.04173794e+02  7.20517174e+01  2.04173794e+02  1.17942111e+02 
 2.08929613e+02  7.18948019e+01  2.08929613e+02  1.17399123e+02 
 2.13796209e+02  7.17363497e+01  2.13796209e+02  1.16863305e+02 
 2.18776162e+02  7.15764016e+01  2.18776162e+02  1.16334744e+02 
 2.23872114e+02  7.14149984e+01  2.23872114e+02  1.15813521e+02 
 2.29086765e+02  7.12521807e+01  2.29086765e+02  1.15299702e+02 
 2.34422882e+02  7.10879889e+01  2.34422882e+02  1.14793344e+02 
 2.39883292e+02  7.09224630e+01  2.39883292e+02  1.14294495e+02 
 2.45470892e+02  7.07556426e+01  2.45470892e+02  1.13803190e+02 
 2.51188643e+02  7.05875671e+01  2.51188643e+02  1.13319458e+02 
 2.57039578e+02  7.04182751e+01  2.57039578e+02  1.12843316e+02 
 2.63026799e+02  7.02478049e+01  2.63026799e+02  1.12374776e+02 
 2.69153480e+02  7.00761941e+01  2.69153480e+02  1.11913837e+02 
 2.75422870e+02  6.99034798e+01  2.75422870e+02  1.11460493e+02 
 2.81838293e+02  6.97296982e+01  2.81838293e+02  1.11014730e+02 
 2.88403150e+02  6.95548851e+01  2.88403150e+02  1.10576527e+02 
 2.95120923e+02  6.93790754e+01  2.95120923e+02  1.10145856e+02 
 3.01995172e+02  6.92023033e+01  3.01995172e+02  1.09722683e+02 
 3.09029543e+02  6.90246022e+01  3.09029543e+02  1.09306966e+02 
 3.16227766e+02  6.88460048e+01  3.16227766e+02  1.08898661e+02 
 3.23593657e+02  6.86665430e+01  3.23593657e+02  1.08497715e+02 
 3.31131121e+02  6.84862477e+01  3.31131121e+02  1.08104074e+02 
 3.38844156e+02  6.83051494e+01  3.38844156e+02  1.07717675e+02 
 3.46736850e+02  6.81232774e+01  3.46736850e+02  1.07338454e+02 
 3.54813389e+02  6.79406603e+01  3.54813389e+02  1.06966344e+02 
 3.63078055e+02  6.77573261e+01  3.63078055e+02  1.06601270e+02 
 3.71535229e+02  6.75733016e+01  3.71535229e+02  1.06243159e+02 
 3.80189396e+02  6.73886131e+01  3.80189396e+02  1.05891931e+02 
 3.89045145e+02  6.72032859e+01  3.89045145e+02  1.05547505e+02 
 3.98107171e+02  6.70173448e+01  3.98107171e+02  1.05209799e+02 
 4.07380278e+02  6.68308135e+01  4.07380278e+02  1.04878726e+02 
 4.16869383e+02  6.66437151e+01  4.16869383e+02  1.04554199e+02 
 4.26579519e+02  6.64560718e+01  4.26579519e+02  1.04236129e+02 
 4.36515832e+02  6.62679053e+01  4.36515832e+02  1.03924425e+02 
 4.46683592e+02  6.60792364e+01  4.46683592e+02  1.03618995e+02 
 4.57088190e+02  6.58900851e+01  4.57088190e+02  1.03319748e+02 
 4.67735141e+02  6.57004709e+01  4.67735141e+02  1.03026588e+02 
 4.78630092e+02  6.55104124e+01  4.78630092e+02  1.02739422e+02 
 4.89778819e+02  6.53199278e+01  4.89778819e+02  1.02458155e+02 
 5.01187234e+02  6.51290344e+01  5.01187234e+02  1.02182692e+02 
 5.12861384e+02  6.49377489e+01  5.12861384e+02  1.01912937e+02 
 5.24807460e+02  6.47460876e+01  5.24807460e+02  1.01648795e+02 
 5.37031796e+02  6.45540660e+01  5.37031796e+02  1.01390171e+02 
 5.49540874e+02  6.43616990e+01  5.49540874e+02  1.01136969e+02 
 5.62341325e+02  6.41690009e+01  5.62341325e+02  1.00889094e+02 
 5.75439937e+02  6.39759857e+01  5.75439937e+02  1.00646453e+02 
 5.88843655e+02  6.37826666e+01  5.88843655e+02  1.00408950e+02 
 6.02559586e+02  6.35890564e+01  6.02559586e+02  1.00176493e+02 
 6.16595002e+02  6.33951674e+01  6.16595002e+02  9.99489887e+01 
 6.30957344e+02  6.32010114e+01  6.30957344e+02  9.97263448e+01 
 6.45654229e+02  6.30065997e+01  6.45654229e+02  9.95084702e+01 
 6.60693448e+02  6.28119433e+01  6.60693448e+02  9.92952743e+01 
 6.76082975e+02  6.26170524e+01  6.76082975e+02  9.90866677e+01 
 6.91830971e+02  6.24219372e+01  6.91830971e+02  9.88825616e+01 
 7.07945784e+02  6.22266073e+01  7.07945784e+02  9.86828685e+01 
 7.24435960e+02  6.20310719e+01  7.24435960e+02  9.84875016e+01 
 7.41310241e+02  6.18353399e+01  7.41310241e+02  9.82963755e+01 
 7.58577575e+02  6.16394197e+01  7.58577575e+02  9.81094058e+01 
 7.76247117e+02  6.14433194e+01  7.76247117e+02  9.79265090e+01 
 7.94328235e+02  6.12470469e+01  7.94328235e+02  9.77476030e+01 
 8.12830516e+02  6.10506096e+01  8.12830516e+02  9.75726068e+01 
 8.31763771e+02  6.08540146e+01  8.31763771e+02  9.74014406e+01 
 8.51138038e+02  6.06572690e+01  8.51138038e+02  9.72340257e+01 
 8.70963590e+02  6.04603791e+01  8.70963590e+02  9.70702846e+01 
 8.91250938e+02  6.02633513e+01  8.91250938e+02  9.69101413e+01 
 9.12010839e+02  6.00661917e+01  9.12010839e+02  9.67535205e+01 
 9.33254301e+02  5.98689059e+01  9.33254301e+02  9.66003487e+01 
 9.54992586e+02  5.96714996e+01  9.54992586e+02  9.64505532e+01 
 9.77237221e+02  5.94739780e+01  9.77237221e+02  9.63040627e+01 
 1.00000000e+03  5.92763462e+01  1.00000000e+03  9.61608071e+01 
 1.02329299e+03  5.90786089e+01  1.02329299e+03  9.60207176e+01 
 1.04712855e+03  5.88807710e+01  1.04712855e+03  9.58837264e+01 
 1.07151931e+03  5.86828367e+01  1.07151931e+03  9.57497673e+01 
 1.09647820e+03  5.84848104e+01  1.09647820e+03  9.56187748e+01 
 1.12201845e+03  5.82866961e+01  1.12201845e+03  9.54906849e+01 
 1.14815362e+03  5.80884977e+01  1.14815362e+03  9.53654349e+01 
 1.17489755e+03  5.78902189e+01  1.17489755e+03  9.52429629e+01 
 1.20226443e+03  5.76918632e+01  1.20226443e+03  9.51232085e+01 
 1.23026877e+03  5.74934342e+01  1.23026877e+03  9.50061123e+01 
 1.25892541e+03  5.72949349e+01  1.25892541e+03  9.48916160e+01 
 1.28824955e+03  5.70963686e+01  1.28824955e+03  9.47796626e+01 
 1.31825674e+03  5.68977383e+01  1.31825674e+03  9.46701960e+01 
 1.34896288e+03  5.66990466e+01  1.34896288e+03  9.45631614e+01 
 1.38038426e+03  5.65002965e+01  1.38038426e+03  9.44585049e+01 
 1.41253754e+03  5.63014904e+01  1.41253754e+03  9.43561738e+01 
 1.44543977e+03  5.61026310e+01  1.44543977e+03  9.42561163e+01 
 1.47910839e+03  5.59037204e+01  1.47910839e+03  9.41582819e+01 
 1.51356125e+03  5.57047611e+01  1.51356125e+03  9.40626208e+01 
 1.54881662e+03  5.55057552e+01  1.54881662e+03  9.39690844e+01 
 1.58489319e+03  5.53067048e+01  1.58489319e+03  9.38776251e+01 
 1.62181010e+03  5.51076118e+01  1.62181010e+03  9.37881963e+01 
 1.65958691e+03  5.49084781e+01  1.65958691e+03  9.37007521e+01 
 1.69824365e+03  5.47093057e+01  1.69824365e+03  9.36152478e+01 
 1.73780083e+03  5.45100961e+01  1.73780083e+03  9.35316396e+01 
 1.77827941e+03  5.43108511e+01  1.77827941e+03  9.34498844e+01 
 1.81970086e+03  5.41115723e+01  1.81970086e+03  9.33699404e+01 
 1.86208714e+03  5.39122611e+01  1.86208714e+03  9.32917662e+01 
 1.90546072e+03  5.37129190e+01  1.90546072e+03  9.32153215e+01 
 1.94984460e+03  5.35135474e+01  1.94984460e+03  9.31405669e+01 
 1.99526231e+03  5.33141476e+01  1.99526231e+03  9.30674637e+01 
 2.04173794e+03  5.31147208e+01  2.04173794e+03  9.29959740e+01 
 2.08929613e+03  5.29152684e+01  2.08929613e+03  9.29260609e+01 
 2.13796209e+03  5.27157913e+01  2.13796209e+03  9.28576880e+01 
 2.18776162e+03  5.25162908e+01  2.18776162e+03  9.27908198e+01 
 2.23872114e+03  5.23167679e+01  2.23872114e+03  9.27254216e+01 
 2.29086765e+03  5.21172235e+01  2.29086765e+03  9.26614593e+01 
 2.34422882e+03  5.19176587e+01  2.34422882e+03  9.25988997e+01 
 2.39883292e+03  5.17180743e+01  2.39883292e+03  9.25377101e+01 
 2.45470892e+03  5.15184713e+01  2.45470892e+03  9.24778587e+01 
 2.51188643e+03  5.13188504e+01  2.51188643e+03  9.24193141e+01 
 2.57039578e+03  5.11192125e+01  2.57039578e+03  9.23620458e+01 
 2.63026799e+03  5.09195584e+01  2.63026799e+03  9.23060239e+01 
 2.69153480e+03  5.07198887e+01  2.69153480e+03  9.22512191e+01 
 2.75422870e+03  5.05202042e+01  2.75422870e+03  9.21976026e+01 
 2.81838293e+03  5.03205055e+01  2.81838293e+03  9.21451464e+01 
 2.88403150e+03  5.01207932e+01  2.88403150e+03  9.20938230e+01 
 2.95120923e+03  4.99210681e+01  2.95120923e+03  9.20436056e+01 
 3.01995172e+03  4.97213305e+01  3.01995172e+03  9.19944677e+01 
 3.09029543e+03  4.95215812e+01  3.09029543e+03  9.19463836e+01 
 3.16227766e+03  4.93218207e+01  3.16227766e+03  9.18993280e+01 
 3.23593657e+03  4.91220493e+01  3.23593657e+03  9.18532762e+01 
 3.31131121e+03  4.89222677e+01  3.31131121e+03  9.18082041e+01 
 3.38844156e+03  4.87224763e+01  3.38844156e+03  9.17640878e+01 
 3.46736850e+03  4.85226755e+01  3.46736850e+03  9.17209043e+01 
 3.54813389e+03  4.83228658e+01  3.54813389e+03  9.16786307e+01 
 3.63078055e+03  4.81230475e+01  3.63078055e+03  9.16372449e+01 
 3.71535229e+03  4.79232210e+01  3.71535229e+03  9.15967250e+01 
 3.80189396e+03  4.77233868e+01  3.80189396e+03  9.15570498e+01 
 3.89045145e+03  4.75235451e+01  3.89045145e+03  9.15181982e+01 
 3.98107171e+03  4.73236963e+01  3.98107171e+03  9.14801499e+01 
 4.07380278e+03  4.71238407e+01  4.07380278e+03  9.14428848e+01 
 4.16869383e+03  4.69239786e+01  4.16869383e+03  9.14063831e+01 
 4.26579519e+03  4.67241103e+01  4.26579519e+03  9.13706258e+01 
 4.36515832e+03  4.65242361e+01  4.36515832e+03  9.13355938e+01 
 4.46683592e+03  4.63243563e+01  4.46683592e+03  9.13012688e+01 
 4.57088190e+03  4.61244710e+01  4.57088190e+03  9.12676325e+01 
 4.67735141e+03  4.59245807e+01  4.67735141e+03  9.12346673e+01 
 4.78630092e+03  4.57246854e+01  4.78630092e+03  9.12023558e+01 
 4.89778819e+03  4.55247854e+01  4.89778819e+03  9.11706808e+01 
 5.01187234e+03  4.53248809e+01  5.01187234e+03  9.11396256e+01 
 5.12861384e+03  4.51249721e+01  5.12861384e+03  9.11091739e+01 
 5.24807460e+03  4.49250592e+01  5.24807460e+03  9.10793096e+01 
 5.37031796e+03  4.47251425e+01  5.37031796e+03  9.10500167e+01 
 5.49540874e+03  4.45252220e+01  5.49540874e+03  9.10212800e+01 
 5.62341325e+03  4.43252979e+01  5.62341325e+03  9.09930841e+01 
 5.75439937e+03  4.41253705e+01  5.75439937e+03  9.09654142e+01 
 5.88843655e+03  4.39254398e+01  5.88843655e+03  9.09382557e+01 
 6.02559586e+03  4.37255060e+01  6.02559586e+03  9.09115941e+01 
 6.16595002e+03  4.35255693e+01  6.16595002e+03  9.08854154e+01 
 6.30957344e+03  4.33256297e+01  6.30957344e+03  9.08597057e+01 
 6.45654229e+03  4.31256874e+01  6.45654229e+03  9.08344514e+01 
 6.60693448e+03  4.29257426e+01  6.60693448e+03  9.08096392e+01 
 6.76082975e+03  4.27257953e+01  6.76082975e+03  9.07852560e+01 
 6.91830971e+03  4.25258456e+01  6.91830971e+03  9.07612887e+01 
 7.07945784e+03  4.23258937e+01  7.07945784e+03  9.07377248e+01 
 7.24435960e+03  4.21259397e+01  7.24435960e+03  9.07145518e+01 
 7.41310241e+03  4.19259836e+01  7.41310241e+03  9.06917573e+01 
 7.58577575e+03  4.17260256e+01  7.58577575e+03  9.06693294e+01 
 7.76247117e+03  4.15260658e+01  7.76247117e+03  9.06472561e+01 
 7.94328235e+03  4.13261041e+01  7.94328235e+03  9.06255259e+01 
 8.12830516e+03  4.11261408e+01  8.12830516e+03  9.06041270e+01 
 8.31763771e+03  4.09261759e+01  8.31763771e+03  9.05830484e+01 
 8.51138038e+03  4.07262094e+01  8.51138038e+03  9.05622786e+01 
 8.70963590e+03  4.05262414e+01  8.70963590e+03  9.05418069e+01 
 8.91250938e+03  4.03262721e+01  8.91250938e+03  9.05216223e+01 
 9.12010839e+03  4.01263014e+01  9.12010839e+03  9.05017141e+01 
 9.33254301e+03  3.99263294e+01  9.33254301e+03  9.04820718e+01 
 9.54992586e+03  3.97263563e+01  9.54992586e+03  9.04626849e+01 
 9.77237221e+03  3.95263820e+01  9.77237221e+03  9.04435433e+01 
 1.00000000e+04  3.93264065e+01  1.00000000e+04  9.04246368e+01 
 1.02329299e+04  3.91264301e+01  1.02329299e+04  9.04059553e+01 
 1.04712855e+04  3.89264526e+01  1.04712855e+04  9.03874890e+01 
 1.07151931e+04  3.87264742e+01  1.07151931e+04  9.03692281e+01 
 1.09647820e+04  3.85264948e+01  1.09647820e+04  9.03511628e+01 
 1.12201845e+04  3.83265147e+01  1.12201845e+04  9.03332837e+01 
 1.14815362e+04  3.81265336e+01  1.14815362e+04  9.03155813e+01 
 1.17489755e+04  3.79265518e+01  1.17489755e+04  9.02980461e+01 
 1.20226443e+04  3.77265693e+01  1.20226443e+04  9.02806689e+01 
 1.23026877e+04  3.75265861e+01  1.23026877e+04  9.02634405e+01 
 1.25892541e+04  3.73266022e+01  1.25892541e+04  9.02463517e+01 
 1.28824955e+04  3.71266176e+01  1.28824955e+04  9.02293935e+01 
 1.31825674e+04  3.69266325e+01  1.31825674e+04  9.02125570e+01 
 1.34896288e+04  3.67266468e+01  1.34896288e+04  9.01958331e+01 
 1.38038426e+04  3.65266605e+01  1.38038426e+04  9.01792130e+01 
 1.41253754e+04  3.63266738e+01  1.41253754e+04  9.01626879e+01 
 1.44543977e+04  3.61266865e+01  1.44543977e+04  9.01462491e+01 
 1.47910839e+04  3.59266988e+01  1.47910839e+04  9.01298879e+01 
 1.51356125e+04  3.57267107e+01  1.51356125e+04  9.01135955e+01 
 1.54881662e+04  3.55267222e+01  1.54881662e+04  9.00973633e+01 
 1.58489319e+04  3.53267333e+01  1.58489319e+04  9.00811828e+01 
 1.62181010e+04  3.51267440e+01  1.62181010e+04  9.00650454e+01 
 1.65958691e+04  3.49267544e+01  1.65958691e+04  9.00489424e+01 
 1.69824365e+04  3.47267645e+01  1.69824365e+04  9.00328655e+01 
 1.73780083e+04  3.45267743e+01  1.73780083e+04  9.00168060e+01 
 1.77827941e+04  3.43267838e+01  1.77827941e+04  9.00007555e+01 
 1.81970086e+04  3.41267931e+01  1.81970086e+04  8.99847054e+01 
 1.86208714e+04  3.39268022e+01  1.86208714e+04  8.99686473e+01 
 1.90546072e+04  3.37268110e+01  1.90546072e+04  8.99525725e+01 
 1.94984460e+04  3.35268197e+01  1.94984460e+04  8.99364728e+01 
 1.99526231e+04  3.33268281e+01  1.99526231e+04  8.99203394e+01 
 2.04173794e+04  3.31268365e+01  2.04173794e+04  8.99041638e+01 
 2.08929613e+04  3.29268447e+01  2.08929613e+04  8.98879375e+01 
 2.13796209e+04  3.27268527e+01  2.13796209e+04  8.98716519e+01 
 2.18776162e+04  3.25268607e+01  2.18776162e+04  8.98552984e+01 
 2.23872114e+04  3.23268686e+01  2.23872114e+04  8.98388682e+01 
 2.29086765e+04  3.21268764e+01  2.29086765e+04  8.98223527e+01 
 2.34422882e+04  3.19268842e+01  2.34422882e+04  8.98057432e+01 
 2.39883292e+04  3.17268919e+01  2.39883292e+04  8.97890308e+01 
 2.45470892e+04  3.15268996e+01  2.45470892e+04  8.97722067e+01 
 2.51188643e+04  3.13269073e+01  2.51188643e+04  8.97552620e+01 
 2.57039578e+04  3.11269151e+01  2.57039578e+04  8.97381877e+01 
 2.63026799e+04  3.09269228e+01  2.63026799e+04  8.97209747e+01 
 2.69153480e+04  3.07269307e+01  2.69153480e+04  8.97036141e+01 
 2.75422870e+04  3.05269385e+01  2.75422870e+04  8.96860965e+01 
 2.81838293e+04  3.03269465e+01  2.81838293e+04  8.96684127e+01 
 2.88403150e+04  3.01269546e+01  2.88403150e+04  8.96505533e+01 
 2.95120923e+04  2.99269628e+01  2.95120923e+04  8.96325089e+01 
 3.01995172e+04  2.97269711e+01  3.01995172e+04  8.96142700e+01 
 3.09029543e+04  2.95269796e+01  3.09029543e+04  8.95958269e+01 
 3.16227766e+04  2.93269882e+01  3.16227766e+04  8.95771698e+01 
 3.23593657e+04  2.91269971e+01  3.23593657e+04  8.95582888e+01 
 3.31131121e+04  2.89270061e+01  3.31131121e+04  8.95391741e+01 
 3.38844156e+04  2.87270154e+01  3.38844156e+04  8.95198154e+01 
 3.46736850e+04  2.85270249e+01  3.46736850e+04  8.95002026e+01 
 3.54813389e+04  2.83270348e+01  3.54813389e+04  8.94803252e+01 
 3.63078055e+04  2.81270449e+01  3.63078055e+04  8.94601728e+01 
 3.71535229e+04  2.79270553e+01  3.71535229e+04  8.94397347e+01 
 3.80189396e+04  2.77270661e+01  3.80189396e+04  8.94190002e+01 
 3.89045145e+04  2.75270772e+01  3.89045145e+04  8.93979582e+01 
 3.98107171e+04  2.73270888e+01  3.98107171e+04  8.93765976e+01 
 4.07380278e+04  2.71271007e+01  4.07380278e+04  8.93549072e+01 
 4.16869383e+04  2.69271131e+01  4.16869383e+04  8.93328755e+01 
 4.26579519e+04  2.67271260e+01  4.26579519e+04  8.93104910e+01 
 4.36515832e+04  2.65271393e+01  4.36515832e+04  8.92877417e+01 
 4.46683592e+04  2.63271533e+01  4.46683592e+04  8.92646156e+01 
 4.57088190e+04  2.61271677e+01  4.57088190e+04  8.92411007e+01 
 4.67735141e+04  2.59271828e+01  4.67735141e+04  8.92171844e+01 
 4.78630092e+04  2.57271985e+01  4.78630092e+04  8.91928542e+01 
 4.89778819e+04  2.55272149e+01  4.89778819e+04  8.91680972e+01 
 5.01187234e+04  2.53272320e+01  5.01187234e+04  8.91429004e+01 
 5.12861384e+04  2.51272499e+01  5.12861384e+04  8.91172506e+01 
 5.24807460e+04  2.49272685e+01  5.24807460e+04  8.90911342e+01 
 5.37031796e+04  2.47272880e+01  5.37031796e+04  8.90645374e+01 
 5.49540874e+04  2.45273084e+01  5.49540874e+04  8.90374463e+01 
 5.62341325e+04  2.43273297e+01  5.62341325e+04  8.90098467e+01 
 5.75439937e+04  2.41273520e+01  5.75439937e+04  8.89817239e+01 
 5.88843655e+04  2.39273754e+01  5.88843655e+04  8.89530633e+01 
 6.02559586e+04  2.37273998e+01  6.02559586e+04  8.89238497e+01 
 6.16595002e+04  2.35274254e+01  6.16595002e+04  8.88940679e+01 
 6.30957344e+04  2.33274523e+01  6.30957344e+04  8.88637021e+01 
 6.45654229e+04  2.31274804e+01  6.45654229e+04  8.88327365e+01 
 6.60693448e+04  2.29275099e+01  6.60693448e+04  8.88011548e+01 
 6.76082975e+04  2.27275408e+01  6.76082975e+04  8.87689404e+01 
 6.91830971e+04  2.25275733e+01  6.91830971e+04  8.87360764e+01 
 7.07945784e+04  2.23276073e+01  7.07945784e+04  8.87025457e+01 
 7.24435960e+04  2.21276431e+01  7.24435960e+04  8.86683307e+01 
 7.41310241e+04  2.19276806e+01  7.41310241e+04  8.86334134e+01 
 7.58577575e+04  2.17277200e+01  7.58577575e+04  8.85977755e+01 
 7.76247117e+04  2.15277614e+01  7.76247117e+04  8.85613986e+01 
 7.94328235e+04  2.13278049e+01  7.94328235e+04  8.85242634e+01 
 8.12830516e+04  2.11278506e+01  8.12830516e+04  8.84863507e+01 
 8.31763771e+04  2.09278987e+01  8.31763771e+04  8.84476407e+01 
 8.51138038e+04  2.07279492e+01  8.51138038e+04  8.84081130e+01 
 8.70963590e+04  2.05280023e+01  8.70963590e+04  8.83677472e+01 
 8.91250938e+04  2.03280581e+01  8.91250938e+04  8.83265222e+01 
 9.12010839e+04  2.01281169e+01  9.12010839e+04  8.82844164e+01 
 9.33254301e+04  1.99281788e+01  9.33254301e+04  8.82414080e+01 
 9.54992586e+04  1.97282438e+01  9.54992586e+04  8.81974746e+01 
 9.77237221e+04  1.95283124e+01  9.77237221e+04  8.81525933e+01 
 1.00000000e+05  1.93283845e+01  1.00000000e+05  8.81067407e+01 
 1.02329299e+05  1.91284604e+01  1.02329299e+05  8.80598931e+01 
 1.04712855e+05  1.89285404e+01  1.04712855e+05  8.80120261e+01 
 1.07151931e+05  1.87286247e+01  1.07151931e+05  8.79631149e+01 
 1.09647820e+05  1.85287135e+01  1.09647820e+05  8.79131340e+01 
 1.12201845e+05  1.83288071e+01  1.12201845e+05  8.78620576e+01 
 1.14815362e+05  1.81289058e+01  1.14815362e+05  8.78098592e+01 
 1.17489755e+05  1.79290098e+01  1.17489755e+05  8.77565116e+01 
 1.20226443e+05  1.77291195e+01  1.20226443e+05  8.77019874e+01 
 1.23026877e+05  1.75292351e+01  1.23026877e+05  8.76462582e+01 
 1.25892541e+05  1.73293571e+01  1.25892541e+05  8.75892952e+01 
 1.28824955e+05  1.71294858e+01  1.28824955e+05  8.75310689e+01 
 1.31825674e+05  1.69296217e+01  1.31825674e+05  8.74715491e+01 
 1.34896288e+05  1.67297650e+01  1.34896288e+05  8.74107052e+01 
 1.38038426e+05  1.65299163e+01  1.38038426e+05  8.73485056e+01 
 1.41253754e+05  1.63300760e+01  1.41253754e+05  8.72849182e+01 
 1.44543977e+05  1.61302446e+01  1.44543977e+05  8.72199100e+01 
 1.47910839e+05  1.59304226e+01  1.47910839e+05  8.71534475e+01 
 1.51356125e+05  1.57306106e+01  1.51356125e+05  8.70854964e+01 
 1.54881662e+05  1.55308092e+01  1.54881662e+05  8.70160213e+01 
 1.58489319e+05  1.53310189e+01  1.58489319e+05  8.69449866e+01 
 1.62181010e+05  1.51312405e+01  1.62181010e+05  8.68723552e+01 
 1.65958691e+05  1.49314746e+01  1.65958691e+05  8.67980898e+01 
 1.69824365e+05  1.47317220e+01  1.69824365e+05  8.67221518e+01 
 1.73780083e+05  1.45319833e+01  1.73780083e+05  8.66445019e+01 
 1.77827941e+05  1.43322595e+01  1.77827941e+05  8.65650999e+01 
 1.81970086e+05  1.41325513e+01  1.81970086e+05  8.64839045e+01 
 1.86208714e+05  1.39328598e+01  1.86208714e+05  8.64008737e+01 
 1.90546072e+05  1.37331857e+01  1.90546072e+05  8.63159643e+01 
 1.94984460e+05  1.35335302e+01  1.94984460e+05  8.62291322e+01 
 1.99526231e+05  1.33338943e+01  1.99526231e+05  8.61403322e+01 
 2.04173794e+05  1.31342791e+01  2.04173794e+05  8.60495180e+01 
 2.08929613e+05  1.29346857e+01  2.08929613e+05  8.59566423e+01 
 2.13796209e+05  1.27351155e+01  2.13796209e+05  8.58616566e+01 
 2.18776162e+05  1.25355696e+01  2.18776162e+05  8.57645113e+01 
 2.23872114e+05  1.23360495e+01  2.23872114e+05  8.56651555e+01 
 2.29086765e+05  1.21365565e+01  2.29086765e+05  8.55635370e+01 
 2.34422882e+05  1.19370922e+01  2.34422882e+05  8.54596026e+01 
 2.39883292e+05  1.17376582e+01  2.39883292e+05  8.53532976e+01 
 2.45470892e+05  1.15382560e+01  2.45470892e+05  8.52445660e+01 
 2.51188643e+05  1.13388874e+01  2.51188643e+05  8.51333505e+01 
 2.57039578e+05  1.11395543e+01  2.57039578e+05  8.50195922e+01 
 2.63026799e+05  1.09402584e+01  2.63026799e+05  8.49032309e+01 
 2.69153480e+05  1.07410018e+01  2.69153480e+05  8.47842049e+01 
 2.75422870e+05  1.05417867e+01  2.75422870e+05  8.46624511e+01 
 2.81838293e+05  1.03426150e+01  2.81838293e+05  8.45379044e+01 
 2.88403150e+05  1.01434892e+01  2.88403150e+05  8.44104986e+01 
 2.95120923e+05  9.94441148e+00  2.95120923e+05  8.42801656e+01 
 3.01995172e+05  9.74538447e+00  3.01995172e+05  8.41468354e+01 
 3.09029543e+05  9.54641070e+00  3.09029543e+05  8.40104368e+01 
 3.16227766e+05  9.34749289e+00  3.16227766e+05  8.38708962e+01 
 3.23593657e+05  9.14863386e+00  3.23593657e+05  8.37281386e+01 
 3.31131121e+05  8.94983657e+00  3.31131121e+05  8.35820870e+01 
 3.38844156e+05  8.75110409e+00  3.38844156e+05  8.34326624e+01 
 3.46736850e+05  8.55243964e+00  3.46736850e+05  8.32797838e+01 
 3.54813389e+05  8.35384657e+00  3.54813389e+05  8.31233684e+01 
 3.63078055e+05  8.15532841e+00  3.63078055e+05  8.29633311e+01 
 3.71535229e+05  7.95688879e+00  3.71535229e+05  8.27995848e+01 
 3.80189396e+05  7.75853155e+00  3.80189396e+05  8.26320400e+01 
 3.89045145e+05  7.56026066e+00  3.89045145e+05  8.24606053e+01 
 3.98107171e+05  7.36208029e+00  3.98107171e+05  8.22851867e+01 
 4.07380278e+05  7.16399477e+00  4.07380278e+05  8.21056881e+01 
 4.16869383e+05  6.96600863e+00  4.16869383e+05  8.19220107e+01 
 4.26579519e+05  6.76812662e+00  4.26579519e+05  8.17340535e+01 
 4.36515832e+05  6.57035365e+00  4.36515832e+05  8.15417127e+01 
 4.46683592e+05  6.37269490e+00  4.46683592e+05  8.13448822e+01 
 4.57088190e+05  6.17515574e+00  4.57088190e+05  8.11434528e+01 
 4.67735141e+05  5.97774180e+00  4.67735141e+05  8.09373130e+01 
 4.78630092e+05  5.78045895e+00  4.78630092e+05  8.07263482e+01 
 4.89778819e+05  5.58331332e+00  4.89778819e+05  8.05104409e+01 
 5.01187234e+05  5.38631132e+00  5.01187234e+05  8.02894707e+01 
 5.12861384e+05  5.18945964e+00  5.12861384e+05  8.00633141e+01 
 5.24807460e+05  4.99276529e+00  5.24807460e+05  7.98318443e+01 
 5.37031796e+05  4.79623557e+00  5.37031796e+05  7.95949314e+01 
 5.49540874e+05  4.59987812e+00  5.49540874e+05  7.93524422e+01 
 5.62341325e+05  4.40370093e+00  5.62341325e+05  7.91042399e+01 
 5.75439937e+05  4.20771236e+00  5.75439937e+05  7.88501841e+01 
 5.88843655e+05  4.01192112e+00  5.88843655e+05  7.85901307e+01 
 6.02559586e+05  3.81633635e+00  6.02559586e+05  7.83239321e+01 
 6.16595002e+05  3.62096758e+00  6.16595002e+05  7.80514365e+01 
 6.30957344e+05  3.42582481e+00  6.30957344e+05  7.77724879e+01 
 6.45654229e+05  3.23091846e+00  6.45654229e+05  7.74869265e+01 
 6.60693448e+05  3.03625945e+00  6.60693448e+05  7.71945879e+01 
 6.76082975e+05  2.84185919e+00  6.76082975e+05  7.68953032e+01 
 6.91830971e+05  2.64772963e+00  6.91830971e+05  7.65888990e+01 
 7.07945784e+05  2.45388324e+00  7.07945784e+05  7.62751968e+01 
 7.24435960e+05  2.26033308e+00  7.24435960e+05  7.59540133e+01 
 7.41310241e+05  2.06709282e+00  7.41310241e+05  7.56251599e+01 
 7.58577575e+05  1.87417672e+00  7.58577575e+05  7.52884426e+01 
 7.76247117e+05  1.68159974e+00  7.76247117e+05  7.49436618e+01 
 7.94328235e+05  1.48937749e+00  7.94328235e+05  7.45906120e+01 
 8.12830516e+05  1.29752630e+00  8.12830516e+05  7.42290815e+01 
 8.31763771e+05  1.10606326e+00  8.31763771e+05  7.38588522e+01 
 8.51138038e+05  9.15006210e-01  8.51138038e+05  7.34796996e+01 
 8.70963590e+05  7.24373833e-01  8.70963590e+05  7.30913921e+01 
 8.91250938e+05  5.34185636e-01  8.91250938e+05  7.26936905e+01 
 9.12010839e+05  3.44462015e-01  9.12010839e+05  7.22863485e+01 
 9.33254301e+05  1.55224282e-01  9.33254301e+05  7.18691115e+01 
 9.54992586e+05 -3.35052940e-02  9.54992586e+05  7.14417164e+01 
 9.77237221e+05 -2.21703451e-01  9.77237221e+05  7.10038917e+01 
 1.00000000e+06 -4.09345895e-01  1.00000000e+06  7.05553561e+01 
 1.02329299e+06 -5.96407256e-01  1.02329299e+06  7.00958189e+01 
 1.04712855e+06 -7.82861054e-01  1.04712855e+06  6.96249790e+01 
 1.07151931e+06 -9.68679655e-01  1.07151931e+06  6.91425244e+01 
 1.09647820e+06 -1.15383423e+00  1.09647820e+06  6.86481315e+01 
 1.12201845e+06 -1.33829471e+00  1.12201845e+06  6.81414646e+01 
 1.14815362e+06 -1.52202977e+00  1.14815362e+06  6.76221751e+01 
 1.17489755e+06 -1.70500675e+00  1.17489755e+06  6.70899007e+01 
 1.20226443e+06 -1.88719165e+00  1.20226443e+06  6.65442644e+01 
 1.23026877e+06 -2.06854909e+00  1.23026877e+06  6.59848739e+01 
 1.25892541e+06 -2.24904228e+00  1.25892541e+06  6.54113201e+01 
 1.28824955e+06 -2.42863296e+00  1.28824955e+06  6.48231763e+01 
 1.31825674e+06 -2.60728144e+00  1.31825674e+06  6.42199972e+01 
 1.34896288e+06 -2.78494653e+00  1.34896288e+06  6.36013168e+01 
 1.38038426e+06 -2.96158556e+00  1.38038426e+06  6.29666478e+01 
 1.41253754e+06 -3.13715437e+00  1.41253754e+06  6.23154796e+01 
 1.44543977e+06 -3.31160733e+00  1.44543977e+06  6.16472765e+01 
 1.47910839e+06 -3.48489739e+00  1.47910839e+06  6.09614761e+01 
 1.51356125e+06 -3.65697607e+00  1.51356125e+06  6.02574870e+01 
 1.54881662e+06 -3.82779362e+00  1.54881662e+06  5.95346865e+01 
 1.58489319e+06 -3.99729904e+00  1.58489319e+06  5.87924185e+01 
 1.62181010e+06 -4.16544025e+00  1.62181010e+06  5.80299906e+01 
 1.65958691e+06 -4.33216423e+00  1.65958691e+06  5.72466710e+01 
 1.69824365e+06 -4.49741727e+00  1.69824365e+06  5.64416858e+01 
 1.73780083e+06 -4.66114521e+00  1.73780083e+06  5.56142152e+01 
 1.77827941e+06 -4.82329378e+00  1.77827941e+06  5.47633904e+01 
 1.81970086e+06 -4.98380901e+00  1.81970086e+06  5.38882888e+01 
 1.86208714e+06 -5.14263772e+00  1.86208714e+06  5.29879307e+01 
 1.90546072e+06 -5.29972812e+00  1.90546072e+06  5.20612744e+01 
 1.94984460e+06 -5.45503052e+00  1.94984460e+06  5.11072115e+01 
 1.99526231e+06 -5.60849822e+00  1.99526231e+06  5.01245624e+01 
 2.04173794e+06 -5.76008850e+00  2.04173794e+06  4.91120709e+01 
 2.08929613e+06 -5.90976386e+00  2.08929613e+06  4.80683997e+01 
 2.13796209e+06 -6.05749340e+00  2.13796209e+06  4.69921249e+01 
 2.18776162e+06 -6.20325454e+00  2.18776162e+06  4.58817317e+01 
 2.23872114e+06 -6.34703491e+00  2.23872114e+06  4.47356104e+01 
 2.29086765e+06 -6.48883460e+00  2.29086765e+06  4.35520522e+01 
 2.34422882e+06 -6.62866873e+00  2.34422882e+06  4.23292476e+01 
 2.39883292e+06 -6.76657035e+00  2.39883292e+06  4.10652852e+01 
 2.45470892e+06 -6.90259372e+00  2.45470892e+06  3.97581526e+01 
 2.51188643e+06 -7.03681798e+00  2.51188643e+06  3.84057409e+01 
 2.57039578e+06 -7.16935117e+00  2.57039578e+06  3.70058515e+01 
 2.63026799e+06 -7.30033460e+00  2.63026799e+06  3.55562076e+01 
 2.69153480e+06 -7.42994746e+00  2.69153480e+06  3.40544714e+01 
 2.75422870e+06 -7.55841165e+00  2.75422870e+06  3.24982666e+01 
 2.81838293e+06 -7.68599659e+00  2.81838293e+06  3.08852089e+01 
 2.88403150e+06 -7.81302393e+00  2.88403150e+06  2.92129441e+01 
 2.95120923e+06 -7.93987172e+00  2.95120923e+06  2.74791959e+01 
 3.01995172e+06 -8.06697791e+00  3.01995172e+06  2.56818225e+01 
 3.09029543e+06 -8.19484260e+00  3.09029543e+06  2.38188831e+01 
 3.16227766e+06 -8.32402873e+00  3.16227766e+06  2.18887136e+01 
 3.23593657e+06 -8.45516067e+00  3.23593657e+06  1.98900092e+01 
 3.31131121e+06 -8.58892016e+00  3.31131121e+06  1.78219122e+01 
 3.38844156e+06 -8.72603936e+00  3.38844156e+06  1.56841017e+01 
 3.46736850e+06 -8.86729052e+00  3.46736850e+06  1.34768785e+01 
 3.54813389e+06 -9.01347229e+00  3.54813389e+06  1.12012420e+01 
 3.63078055e+06 -9.16539266e+00  3.63078055e+06  8.85894980e+00 
 3.71535229e+06 -9.32384924e+00  3.71535229e+06  6.45255589e+00 
 3.80189396e+06 -9.48960744e+00  3.80189396e+06  3.98541922e+00 
 3.89045145e+06 -9.66337784e+00  3.89045145e+06  1.46167942e+00 
 3.98107171e+06 -9.84579413e+00  3.98107171e+06 -1.11380319e+00 
 4.07380278e+06 -1.00373931e+01  4.07380278e+06 -3.73554244e+00 
 4.16869383e+06 -1.02385982e+01  4.16869383e+06 -6.39755184e+00 
 4.26579519e+06 -1.04497081e+01  4.26579519e+06 -9.09349375e+00 
 4.36515832e+06 -1.06708906e+01  4.36515832e+06 -1.18168421e+01 
 4.46683592e+06 -1.09021829e+01  4.46683592e+06 -1.45610480e+01 
 4.57088190e+06 -1.11434977e+01  4.57088190e+06 -1.73196955e+01 
 4.67735141e+06 -1.13946343e+01  4.67735141e+06 -2.00866403e+01 
 4.78630092e+06 -1.16552931e+01  4.78630092e+06 -2.28561198e+01 
 4.89778819e+06 -1.19250938e+01  4.89778819e+06 -2.56228339e+01 
 5.01187234e+06 -1.22035927e+01  5.01187234e+06 -2.83819924e+01 
 5.12861384e+06 -1.24903018e+01  5.12861384e+06 -3.11293332e+01 
 5.24807460e+06 -1.27847043e+01  5.24807460e+06 -3.38611136e+01 
 5.37031796e+06 -1.30862693e+01  5.37031796e+06 -3.65740814e+01 
 5.49540874e+06 -1.33944632e+01  5.49540874e+06 -3.92654327e+01 
 5.62341325e+06 -1.37087581e+01  5.62341325e+06 -4.19327608e+01 
 5.75439937e+06 -1.40286380e+01  5.75439937e+06 -4.45740037e+01 
 5.88843655e+06 -1.43536022e+01  5.88843655e+06 -4.71873929e+01 
 6.02559586e+06 -1.46831672e+01  6.02559586e+06 -4.97714074e+01 
 6.16595002e+06 -1.50168668e+01  6.16595002e+06 -5.23247343e+01 
 6.30957344e+06 -1.53542515e+01  6.30957344e+06 -5.48462371e+01 
 6.45654229e+06 -1.56948872e+01  6.45654229e+06 -5.73349309e+01 
 6.60693448e+06 -1.60383540e+01  6.60693448e+06 -5.97899657e+01 
 6.76082975e+06 -1.63842444e+01  6.76082975e+06 -6.22106135e+01 
 6.91830971e+06 -1.67321623e+01  6.91830971e+06 -6.45962617e+01 
 7.07945784e+06 -1.70817221e+01  7.07945784e+06 -6.69464087e+01 
 7.24435960e+06 -1.74325481e+01  7.24435960e+06 -6.92606621e+01 
 7.41310241e+06 -1.77842742e+01  7.41310241e+06 -7.15387377e+01 
 7.58577575e+06 -1.81365442e+01  7.58577575e+06 -7.37804591e+01 
 7.76247117e+06 -1.84890116e+01  7.76247117e+06 -7.59857571e+01 
 7.94328235e+06 -1.88413409e+01  7.94328235e+06 -7.81546677e+01 
 8.12830516e+06 -1.91932075e+01  8.12830516e+06 -8.02873303e+01 
 8.31763771e+06 -1.95442990e+01  8.31763771e+06 -8.23839839e+01 
 8.51138038e+06 -1.98943153e+01  8.51138038e+06 -8.44449626e+01 
 8.70963590e+06 -2.02429698e+01  8.70963590e+06 -8.64706904e+01 
 8.91250938e+06 -2.05899897e+01  8.91250938e+06 -8.84616745e+01 
 9.12010839e+06 -2.09351166e+01  9.12010839e+06 -9.04184987e+01 
 9.33254301e+06 -2.12781069e+01  9.33254301e+06 -9.23418156e+01 
 9.54992586e+06 -2.16187320e+01  9.54992586e+06 -9.42323392e+01 
 9.77237221e+06 -2.19567787e+01  9.77237221e+06 -9.60908367e+01 
 1.00000000e+07 -2.22920488e+01  1.00000000e+07 -9.79181205e+01 
 1.02329299e+07 -2.26243595e+01  1.02329299e+07 -9.97150407e+01 
 1.04712855e+07 -2.29535429e+01  1.04712855e+07 -1.01482477e+02 
 1.07151931e+07 -2.32794460e+01  1.07151931e+07 -1.03221331e+02 
 1.09647820e+07 -2.36019303e+01  1.09647820e+07 -1.04932522e+02 
 1.12201845e+07 -2.39208713e+01  1.12201845e+07 -1.06616974e+02 
 1.14815362e+07 -2.42361583e+01  1.14815362e+07 -1.08275619e+02 
 1.17489755e+07 -2.45476939e+01  1.17489755e+07 -1.09909380e+02 
 1.20226443e+07 -2.48553931e+01  1.20226443e+07 -1.11519177e+02 
 1.23026877e+07 -2.51591837e+01  1.23026877e+07 -1.13105913e+02 
 1.25892541e+07 -2.54590046e+01  1.25892541e+07 -1.14670475e+02 
 1.28824955e+07 -2.57548065e+01  1.28824955e+07 -1.16213728e+02 
 1.31825674e+07 -2.60465505e+01  1.31825674e+07 -1.17736510e+02 
 1.34896288e+07 -2.63342077e+01  1.34896288e+07 -1.19239632e+02 
 1.38038426e+07 -2.66177594e+01  1.38038426e+07 -1.20723873e+02 
 1.41253754e+07 -2.68971955e+01  1.41253754e+07 -1.22189977e+02 
 1.44543977e+07 -2.71725151e+01  1.44543977e+07 -1.23638651e+02 
 1.47910839e+07 -2.74437253e+01  1.47910839e+07 -1.25070565e+02 
 1.51356125e+07 -2.77108409e+01  1.51356125e+07 -1.26486347e+02 
 1.54881662e+07 -2.79738844e+01  1.54881662e+07 -1.27886585e+02 
 1.58489319e+07 -2.82328848e+01  1.58489319e+07 -1.29271821e+02 
 1.62181010e+07 -2.84878781e+01  1.62181010e+07 -1.30642557e+02 
 1.65958691e+07 -2.87389059e+01  1.65958691e+07 -1.31999246e+02 
 1.69824365e+07 -2.89860161e+01  1.69824365e+07 -1.33342299e+02 
 1.73780083e+07 -2.92292616e+01  1.73780083e+07 -1.34672079e+02 
 1.77827941e+07 -2.94687004e+01  1.77827941e+07 -1.35988904e+02 
 1.81970086e+07 -2.97043951e+01  1.81970086e+07 -1.37293047e+02 
 1.86208714e+07 -2.99364128e+01  1.86208714e+07 -1.38584733e+02 
 1.90546072e+07 -3.01648242e+01  1.90546072e+07 -1.39864142e+02 
 1.94984460e+07 -3.03897040e+01  1.94984460e+07 -1.41131412e+02 
 1.99526231e+07 -3.06111299e+01  1.99526231e+07 -1.42386631e+02 
 2.04173794e+07 -3.08291825e+01  2.04173794e+07 -1.43629847e+02 
 2.08929613e+07 -3.10439452e+01  2.08929613e+07 -1.44861064e+02 
 2.13796209e+07 -3.12555034e+01  2.13796209e+07 -1.46080244e+02 
 2.18776162e+07 -3.14639447e+01  2.18776162e+07 -1.47287307e+02 
 2.23872114e+07 -3.16693578e+01  2.23872114e+07 -1.48482134e+02 
 2.29086765e+07 -3.18718331e+01  2.29086765e+07 -1.49664566e+02 
 2.34422882e+07 -3.20714615e+01  2.34422882e+07 -1.50834407e+02 
 2.39883292e+07 -3.22683346e+01  2.39883292e+07 -1.51991426e+02 
 2.45470892e+07 -3.24625440e+01  2.45470892e+07 -1.53135354e+02 
 2.51188643e+07 -3.26541812e+01  2.51188643e+07 -1.54265894e+02 
 2.57039578e+07 -3.28433371e+01  2.57039578e+07 -1.55382711e+02 
 2.63026799e+07 -3.30301015e+01  2.63026799e+07 -1.56485446e+02 
 2.69153480e+07 -3.32145631e+01  2.69153480e+07 -1.57573706e+02 
 2.75422870e+07 -3.33968087e+01  2.75422870e+07 -1.58647076e+02 
 2.81838293e+07 -3.35769231e+01  2.81838293e+07 -1.59705114e+02 
 2.88403150e+07 -3.37549888e+01  2.88403150e+07 -1.60747354e+02 
 2.95120923e+07 -3.39310853e+01  2.95120923e+07 -1.61773310e+02 
 3.01995172e+07 -3.41052889e+01  3.01995172e+07 -1.62782477e+02 
 3.09029543e+07 -3.42776725e+01  3.09029543e+07 -1.63774332e+02 
 3.16227766e+07 -3.44483048e+01  3.16227766e+07 -1.64748337e+02 
 3.23593657e+07 -3.46172503e+01  3.23593657e+07 -1.65703940e+02 
 3.31131121e+07 -3.47845691e+01  3.31131121e+07 -1.66640578e+02 
 3.38844156e+07 -3.49503158e+01  3.38844156e+07 -1.67557681e+02 
 3.46736850e+07 -3.51145400e+01  3.46736850e+07 -1.68454668e+02 
 3.54813389e+07 -3.52772855e+01  3.54813389e+07 -1.69330959e+02 
 3.63078055e+07 -3.54385899e+01  3.63078055e+07 -1.70185966e+02 
 3.71535229e+07 -3.55984847e+01  3.71535229e+07 -1.71019106e+02 
 3.80189396e+07 -3.57569945e+01  3.80189396e+07 -1.71829796e+02 
 3.89045145e+07 -3.59141372e+01  3.89045145e+07 -1.72617460e+02 
 3.98107171e+07 -3.60699233e+01  3.98107171e+07 -1.73381531e+02 
 4.07380278e+07 -3.62243559e+01  4.07380278e+07 -1.74121451e+02 
 4.16869383e+07 -3.63774304e+01  4.16869383e+07 -1.74836676e+02 
 4.26579519e+07 -3.65291342e+01  4.26579519e+07 -1.75526682e+02 
 4.36515832e+07 -3.66794468e+01  4.36515832e+07 -1.76190963e+02 
 4.46683592e+07 -3.68283392e+01  4.46683592e+07 -1.76829038e+02 
 4.57088190e+07 -3.69757742e+01  4.57088190e+07 -1.77440452e+02 
 4.67735141e+07 -3.71217062e+01  4.67735141e+07 -1.78024783e+02 
 4.78630092e+07 -3.72660810e+01  4.78630092e+07 -1.78581644e+02 
 4.89778819e+07 -3.74088360e+01  4.89778819e+07 -1.79110685e+02 
 5.01187234e+07 -3.75499001e+01  5.01187234e+07 -1.79611602e+02 
 5.12861384e+07 -3.76891941e+01  5.12861384e+07  1.79915863e+02 
 5.24807460e+07 -3.78266304e+01  5.24807460e+07  1.79471914e+02 
 5.37031796e+07 -3.79621138e+01  5.37031796e+07  1.79056699e+02 
 5.49540874e+07 -3.80955415e+01  5.49540874e+07  1.78670305e+02 
 5.62341325e+07 -3.82268035e+01  5.62341325e+07  1.78312752e+02 
 5.75439937e+07 -3.83557834e+01  5.75439937e+07  1.77983987e+02 
 5.88843655e+07 -3.84823586e+01  5.88843655e+07  1.77683884e+02 
 6.02559586e+07 -3.86064014e+01  6.02559586e+07  1.77412233e+02 
 6.16595002e+07 -3.87277794e+01  6.16595002e+07  1.77168741e+02 
 6.30957344e+07 -3.88463570e+01  6.30957344e+07  1.76953027e+02 
 6.45654229e+07 -3.89619956e+01  6.45654229e+07  1.76764612e+02 
 6.60693448e+07 -3.90745557e+01  6.60693448e+07  1.76602927e+02 
 6.76082975e+07 -3.91838973e+01  6.76082975e+07  1.76467301e+02 
 6.91830971e+07 -3.92898820e+01  6.91830971e+07  1.76356961e+02 
 7.07945784e+07 -3.93923738e+01  7.07945784e+07  1.76271035e+02 
 7.24435960e+07 -3.94912408e+01  7.24435960e+07  1.76208548e+02 
 7.41310241e+07 -3.95863571e+01  7.41310241e+07  1.76168425e+02 
 7.58577575e+07 -3.96776039e+01  7.58577575e+07  1.76149491e+02 
 7.76247117e+07 -3.97648716e+01  7.76247117e+07  1.76150479e+02 
 7.94328235e+07 -3.98480611e+01  7.94328235e+07  1.76170030e+02 
 8.12830516e+07 -3.99270854e+01  8.12830516e+07  1.76206700e+02 
 8.31763771e+07 -4.00018710e+01  8.31763771e+07  1.76258973e+02 
 8.51138038e+07 -4.00723598e+01  8.51138038e+07  1.76325262e+02 
 8.70963590e+07 -4.01385096e+01  8.70963590e+07  1.76403924e+02 
 8.91250938e+07 -4.02002956e+01  8.91250938e+07  1.76493270e+02 
 9.12010839e+07 -4.02577113e+01  9.12010839e+07  1.76591579e+02 
 9.33254301e+07 -4.03107689e+01  9.33254301e+07  1.76697107e+02 
 9.54992586e+07 -4.03594999e+01  9.54992586e+07  1.76808105e+02 
 9.77237221e+07 -4.04039552e+01  9.77237221e+07  1.76922830e+02 
 1.00000000e+08 -4.04442049e+01  1.00000000e+08  1.77039560e+02 
