 2.00000000e+01  8.33306367e+01 
 2.24403691e+01  8.28676004e+01 
 2.51785082e+01  8.23469704e+01 
 2.82507509e+01  8.17693373e+01 
 3.16978638e+01  8.11367262e+01 
 3.55655882e+01  8.04524003e+01 
 3.99052463e+01  7.97205630e+01 
 4.47744228e+01  7.89460140e+01 
 5.02377286e+01  7.81338125e+01 
 5.63676586e+01  7.72889876e+01 
 6.32455532e+01  7.64163177e+01 
 7.09626778e+01  7.55201846e+01 
 7.96214341e+01  7.46044937e+01 
 8.93367184e+01  7.36726472e+01 
 1.00237447e+02  7.27275549e+01 
 1.12468265e+02  7.17716691e+01 
 1.26191469e+02  7.08070319e+01 
 1.41589157e+02  6.98353279e+01 
 1.58865647e+02  6.88579361e+01 
 1.78250188e+02  6.78759786e+01 
 2.00000000e+02  6.68903637e+01 
 2.24403691e+02  6.59018243e+01 
 2.51785082e+02  6.49109492e+01 
 2.82507509e+02  6.39182111e+01 
 3.16978638e+02  6.29239880e+01 
 3.55655882e+02  6.19285822e+01 
 3.99052463e+02  6.09322349e+01 
 4.47744228e+02  5.99351385e+01 
 5.02377286e+02  5.89374462e+01 
 5.63676586e+02  5.79392800e+01 
 6.32455532e+02  5.69407371e+01 
 7.09626778e+02  5.59418946e+01 
 7.96214341e+02  5.49428141e+01 
 8.93367184e+02  5.39435444e+01 
 1.00237447e+03  5.29441242e+01 
 1.12468265e+03  5.19445844e+01 
 1.26191469e+03  5.09449494e+01 
 1.41589157e+03  4.99452387e+01 
 1.58865647e+03  4.89454676e+01 
 1.78250188e+03  4.79456484e+01 
 2.00000000e+03  4.69457906e+01 
 2.24403691e+03  4.59459019e+01 
 2.51785082e+03  4.49459881e+01 
 2.82507509e+03  4.39460538e+01 
 3.16978638e+03  4.29461026e+01 
 3.55655882e+03  4.19461371e+01 
 3.99052463e+03  4.09461590e+01 
 4.47744228e+03  3.99461696e+01 
 5.02377286e+03  3.89461693e+01 
 5.63676586e+03  3.79461583e+01 
 6.32455532e+03  3.69461360e+01 
 7.09626778e+03  3.59461011e+01 
 7.96214341e+03  3.49460518e+01 
 8.93367184e+03  3.39459856e+01 
 1.00237447e+04  3.29458990e+01 
 1.12468265e+04  3.19457875e+01 
 1.26191469e+04  3.09456454e+01 
 1.41589157e+04  2.99454653e+01 
 1.58865647e+04  2.89452381e+01 
 1.78250188e+04  2.79449525e+01 
 2.00000000e+04  2.69445943e+01 
 2.24403691e+04  2.59441463e+01 
 2.51785082e+04  2.49435873e+01 
 2.82507509e+04  2.39428921e+01 
 3.16978638e+04  2.29420306e+01 
 3.55655882e+04  2.19409678e+01 
 3.99052463e+04  2.09396643e+01 
 4.47744228e+04  1.99380775e+01 
 5.02377286e+04  1.89361648e+01 
 5.63676586e+04  1.79338892e+01 
 6.32455532e+04  1.69312300e+01 
 7.09626778e+04  1.59281995e+01 
 7.96214341e+04  1.49248706e+01 
 8.93367184e+04  1.39214193e+01 
 1.00237447e+05  1.29181871e+01 
 1.12468265e+05  1.19157707e+01 
 1.26191469e+05  1.09151460e+01 
 1.41589157e+05  9.91782663e+00 
 1.58865647e+05  8.92605838e+00 
 1.78250188e+05  7.94303094e+00 
 2.00000000e+05  6.97307766e+00 
