 2.00000000e+01  6.43093712e+01 
 2.24403691e+01  6.46810839e+01 
 2.51785082e+01  6.51079914e+01 
 2.82507509e+01  6.55919145e+01 
 3.16978638e+01  6.61332212e+01 
 3.55655882e+01  6.67307834e+01 
 3.99052463e+01  6.73820860e+01 
 4.47744228e+01  6.80834646e+01 
 5.02377286e+01  6.88304254e+01 
 5.63676586e+01  6.96179905e+01 
 6.32455532e+01  7.04410187e+01 
 7.09626778e+01  7.12944684e+01 
 7.96214341e+01  7.21735866e+01 
 8.93367184e+01  7.30740241e+01 
 1.00237447e+02  7.39918875e+01 
 1.12468265e+02  7.49237417e+01 
 1.26191469e+02  7.58665777e+01 
 1.41589157e+02  7.68177584e+01 
 1.58865647e+02  7.77749508e+01 
 1.78250188e+02  7.87360515e+01 
 2.00000000e+02  7.96991090e+01 
 2.24403691e+02  8.06622428e+01 
 2.51785082e+02  8.16235613e+01 
 2.82507509e+02  8.25810758e+01 
 3.16978638e+02  8.35326097e+01 
 3.55655882e+02  8.44757000e+01 
 3.99052463e+02  8.54074907e+01 
 4.47744228e+02  8.63246169e+01 
 5.02377286e+02  8.72230793e+01 
 5.63676586e+02  8.80981130e+01 
 6.32455532e+02  8.89440582e+01 
 7.09626778e+02  8.97542438e+01 
 7.96214341e+02  9.05209067e+01 
 8.93367184e+02  9.12351743e+01 
 1.00237447e+03  9.18871494e+01 
 1.12468265e+03  9.24661393e+01 
 1.26191469e+03  9.29610682e+01 
 1.41589157e+03  9.33610869e+01 
 1.58865647e+03  9.36563547e+01 
 1.78250188e+03  9.38389080e+01 
 2.00000000e+03  9.39034741e+01 
 2.24403691e+03  9.38480622e+01 
 2.51785082e+03  9.36741913e+01 
 2.82507509e+03  9.33866955e+01 
 3.16978638e+03  9.29931560e+01 
 3.55655882e+03  9.25030937e+01 
 3.99052463e+03  9.19270898e+01 
 4.47744228e+03  9.12759804e+01 
 5.02377286e+03  9.05602155e+01 
 5.63676586e+03  8.97894125e+01 
 6.32455532e+03  8.89720935e+01 
 7.09626778e+03  8.81155663e+01 
 7.96214341e+03  8.72259086e+01 
 8.93367184e+03  8.63080145e+01 
 1.00237447e+04  8.53656734e+01 
 1.12468265e+04  8.44016600e+01 
 1.26191469e+04  8.34178231e+01 
 1.41589157e+04  8.24151674e+01 
 1.58865647e+04  8.13939288e+01 
 1.78250188e+04  8.03536479e+01 
 2.00000000e+04  7.92932511e+01 
 2.24403691e+04  7.82111520e+01 
 2.51785082e+04  7.71053886e+01 
 2.82507509e+04  7.59738106e+01 
 3.16978638e+04  7.48143289e+01 
 3.55655882e+04  7.36252274e+01 
 3.99052463e+04  7.24055226e+01 
 4.47744228e+04  7.11553343e+01 
 5.02377286e+04  6.98762101e+01 
 5.63676586e+04  6.85713346e+01 
 6.32455532e+04  6.72455563e+01 
 7.09626778e+04  6.59051908e+01 
 7.96214341e+04  6.45576016e+01 
 8.93367184e+04  6.32106050e+01 
 1.00237447e+05  6.18717899e+01 
 1.12468265e+05  6.05478603e+01 
 1.26191469e+05  5.92441044e+01 
 1.41589157e+05  5.79640604e+01 
 1.58865647e+05  5.67094064e+01 
 1.78250188e+05  5.54800506e+01 
 2.00000000e+05  5.42743691e+01 
