 2.00000000e+01  1.69337732e+03  2.00000000e+01  8.85513765e-03 
 2.24403691e+01  1.50938364e+03  2.24403691e+01  8.86326327e-03 
 2.51785082e+01  1.34541474e+03  2.51785082e+01  8.87352067e-03 
 2.82507509e+01  1.19929595e+03  2.82507509e+01  8.88647191e-03 
 3.16978638e+01  1.06908915e+03  3.16978638e+01  8.90281845e-03 
 3.55655882e+01  9.53067103e+02  3.55655882e+01  8.92343427e-03 
 3.99052463e+01  8.49690650e+02  3.99052463e+01  8.94940661e-03 
 4.47744228e+01  7.57588292e+02  4.47744228e+01  8.98208590e-03 
 5.02377286e+01  6.75538042e+02  5.02377286e+01  9.02314619e-03 
 5.63676586e+01  6.02451220e+02  5.63676586e+01  9.07465738e-03 
 6.32455532e+01  5.37358022e+02  6.32455532e+01  9.13917023e-03 
 7.09626778e+01  4.79394647e+02  7.09626778e+01  9.21981407e-03 
 7.96214341e+01  4.27791836e+02  7.96214341e+01  9.32040661e-03 
 8.93367184e+01  3.81864645e+02  8.93367184e+01  9.44557326e-03 
 1.00237447e+02  3.41003334e+02  1.00237447e+02  9.60087171e-03 
 1.12468265e+02  3.04665243e+02  1.12468265e+02  9.79291508e-03 
 1.26191469e+02  2.72367539e+02  1.26191469e+02  1.00294847e-02 
 1.41589157e+02  2.43680739e+02  1.41589157e+02  1.03196229e-02 
 1.58865647e+02  2.18222915e+02  1.58865647e+02  1.06736950e-02 
 1.78250188e+02  1.95654496e+02  1.78250188e+02  1.11034166e-02 
 2.00000000e+02  1.75673589e+02  2.00000000e+02  1.16218440e-02 
 2.24403691e+02  1.58011746e+02  2.24403691e+02  1.22433393e-02 
 2.51785082e+02  1.42430121e+02  2.51785082e+02  1.29835290e-02 
 2.82507509e+02  1.28715936e+02  2.82507509e+02  1.38592801e-02 
 3.16978638e+02  1.16679240e+02  3.16978638e+02  1.48887230e-02 
 3.55655882e+02  1.06149894e+02  3.55655882e+02  1.60913426e-02 
 3.99052463e+02  9.69747981e+01  3.99052463e+02  1.74881506e-02 
 4.47744228e+02  8.90153419e+01  4.47744228e+02  1.91019413e-02 
 5.02377286e+02  8.21451358e+01  5.02377286e+02  2.09576256e-02 
 5.63676586e+02  7.62480615e+01  5.63676586e+02  2.30826302e-02 
 6.32455532e+02  7.12167104e+01  6.32455532e+02  2.55073526e-02 
 7.09626778e+02  6.69512572e+01  7.09626778e+02  2.82656632e-02 
 7.96214341e+02  6.33587793e+01  7.96214341e+02  3.13954493e-02 
 8.93367184e+02  6.03529793e+01  8.93367184e+02  3.49392031e-02 
 1.00237447e+03  5.78542128e+01  1.00237447e+03  3.89446583e-02 
 1.12468265e+03  5.57896831e+01  1.12468265e+03  4.34654825e-02 
 1.26191469e+03  5.40936602e+01  1.26191469e+03  4.85620353e-02 
 1.41589157e+03  5.27076025e+01  1.41589157e+03  5.43022051e-02 
 1.58865647e+03  5.15801057e+01  1.58865647e+03  6.07623351e-02 
 1.78250188e+03  5.06666571e+01  1.78250188e+03  6.80282545e-02 
 2.00000000e+03  4.99292111e+01  2.00000000e+03  7.61964284e-02 
 2.24403691e+03  4.93356329e+01  2.24403691e+03  8.53752426e-02 
 2.51785082e+03  4.88590629e+01  2.51785082e+03  9.56864416e-02 
 2.82507509e+03  4.84772532e+01  2.82507509e+03  1.07266737e-01 
 3.16978638e+03  4.81719183e+01  3.16978638e+03  1.20269607e-01 
 3.55655882e+03  4.79281273e+01  3.55655882e+03  1.34867314e-01 
 3.99052463e+03  4.77337561e+01  3.99052463e+03  1.51253152e-01 
 4.47744228e+03  4.75790055e+01  4.47744228e+03  1.69643966e-01 
 5.02377286e+03  4.74559878e+01  5.02377286e+03  1.90282957e-01 
 5.63676586e+03  4.73583775e+01  5.63676586e+03  2.13442810e-01 
 6.32455532e+03  4.72811201e+01  6.32455532e+03  2.39429172e-01 
 7.09626778e+03  4.72201926e+01  7.09626778e+03  2.68584502e-01 
 7.96214341e+03  4.71724079e+01  7.96214341e+03  3.01292339e-01 
 8.93367184e+03  4.71352576e+01  8.93367184e+03  3.37981985e-01 
 1.00237447e+04  4.71067855e+01  1.00237447e+04  3.79133644e-01 
 1.12468265e+04  4.70854885e+01  1.12468265e+04  4.25284001e-01 
 1.26191469e+04  4.70702394e+01  1.26191469e+04  4.77032225e-01 
 1.41589157e+04  4.70602280e+01  1.41589157e+04  5.35046357e-01 
 1.58865647e+04  4.70549186e+01  1.58865647e+04  6.00069975e-01 
 1.78250188e+04  4.70540210e+01  1.78250188e+04  6.72928980e-01 
 2.00000000e+04  4.70574733e+01  2.00000000e+04  7.54538252e-01 
 2.24403691e+04  4.70654357e+01  2.24403691e+04  8.45907790e-01 
 2.51785082e+04  4.70782943e+01  2.51785082e+04  9.48147773e-01 
 2.82507509e+04  4.70966737e+01  2.82507509e+04  1.06247176e+00 
 3.16978638e+04  4.71214582e+01  3.16978638e+04  1.19019694e+00 
 3.55655882e+04  4.71538199e+01  3.55655882e+04  1.33273992e+00 
 3.99052463e+04  4.71952528e+01  3.99052463e+04  1.49160620e+00 
 4.47744228e+04  4.72476080e+01  4.47744228e+04  1.66837085e+00 
 5.02377286e+04  4.73131278e+01  5.02377286e+04  1.86464764e+00 
 5.63676586e+04  4.73944687e+01  5.63676586e+04  2.08204328e+00 
 6.32455532e+04  4.74947040e+01  6.32455532e+04  2.32209402e+00 
 7.09626778e+04  4.76172916e+01  7.09626778e+04  2.58618232e+00 
 7.96214341e+04  4.77659899e+01  7.96214341e+04  2.87543371e+00 
 8.93367184e+04  4.79447047e+01  8.93367184e+04  3.19059818e+00 
 1.00237447e+05  4.81572553e+01  1.00237447e+05  3.53192611e+00 
 1.12468265e+05  4.84070601e+01  1.12468265e+05  3.89905736e+00 
 1.26191469e+05  4.86967667e+01  1.26191469e+05  4.29095048e+00 
 1.41589157e+05  4.90278813e+01  1.41589157e+05  4.70588453e+00 
 1.58865647e+05  4.94004845e+01  1.58865647e+05  5.14156461e+00 
 1.78250188e+05  4.98131359e+01  1.78250188e+05  5.59534722e+00 
 2.00000000e+05  5.02630501e+01  2.00000000e+05  6.06457268e+00 
