 1.00000000e+00  7.88470331e+01  1.00000000e+00  1.79175477e+02 
 1.02329299e+00  7.88464217e+01  1.02329299e+00  1.79157456e+02 
 1.04712855e+00  7.88457862e+01  1.04712855e+00  1.79139090e+02 
 1.07151931e+00  7.88451260e+01  1.07151931e+00  1.79120375e+02 
 1.09647820e+00  7.88444402e+01  1.09647820e+00  1.79101309e+02 
 1.12201845e+00  7.88437282e+01  1.12201845e+00  1.79081887e+02 
 1.14815362e+00  7.88429891e+01  1.14815362e+00  1.79062107e+02 
 1.17489755e+00  7.88422222e+01  1.17489755e+00  1.79041964e+02 
 1.20226443e+00  7.88414269e+01  1.20226443e+00  1.79021457e+02 
 1.23026877e+00  7.88406023e+01  1.23026877e+00  1.79000581e+02 
 1.25892541e+00  7.88397478e+01  1.25892541e+00  1.78979334e+02 
 1.28824955e+00  7.88388626e+01  1.28824955e+00  1.78957715e+02 
 1.31825674e+00  7.88379460e+01  1.31825674e+00  1.78935719e+02 
 1.34896288e+00  7.88369975e+01  1.34896288e+00  1.78913345e+02 
 1.38038426e+00  7.88360162e+01  1.38038426e+00  1.78890590e+02 
 1.41253754e+00  7.88350017e+01  1.41253754e+00  1.78867453e+02 
 1.44543977e+00  7.88339532e+01  1.44543977e+00  1.78843932e+02 
 1.47910839e+00  7.88328702e+01  1.47910839e+00  1.78820024e+02 
 1.51356125e+00  7.88317522e+01  1.51356125e+00  1.78795729e+02 
 1.54881662e+00  7.88305987e+01  1.54881662e+00  1.78771045e+02 
 1.58489319e+00  7.88294093e+01  1.58489319e+00  1.78745970e+02 
 1.62181010e+00  7.88281835e+01  1.62181010e+00  1.78720503e+02 
 1.65958691e+00  7.88269210e+01  1.65958691e+00  1.78694642e+02 
 1.69824365e+00  7.88256215e+01  1.69824365e+00  1.78668388e+02 
 1.73780083e+00  7.88242847e+01  1.73780083e+00  1.78641738e+02 
 1.77827941e+00  7.88229106e+01  1.77827941e+00  1.78614691e+02 
 1.81970086e+00  7.88214990e+01  1.81970086e+00  1.78587247e+02 
 1.86208714e+00  7.88200499e+01  1.86208714e+00  1.78559404e+02 
 1.90546072e+00  7.88185634e+01  1.90546072e+00  1.78531161e+02 
 1.94984460e+00  7.88170395e+01  1.94984460e+00  1.78502516e+02 
 1.99526231e+00  7.88154786e+01  1.99526231e+00  1.78473469e+02 
 2.04173794e+00  7.88138808e+01  2.04173794e+00  1.78444016e+02 
 2.08929613e+00  7.88122466e+01  2.08929613e+00  1.78414157e+02 
 2.13796209e+00  7.88105766e+01  2.13796209e+00  1.78383889e+02 
 2.18776162e+00  7.88088711e+01  2.18776162e+00  1.78353209e+02 
 2.23872114e+00  7.88071310e+01  2.23872114e+00  1.78322114e+02 
 2.29086765e+00  7.88053570e+01  2.29086765e+00  1.78290602e+02 
 2.34422882e+00  7.88035499e+01  2.34422882e+00  1.78258667e+02 
 2.39883292e+00  7.88017107e+01  2.39883292e+00  1.78226306e+02 
 2.45470892e+00  7.87998404e+01  2.45470892e+00  1.78193513e+02 
 2.51188643e+00  7.87979401e+01  2.51188643e+00  1.78160283e+02 
 2.57039578e+00  7.87960112e+01  2.57039578e+00  1.78126609e+02 
 2.63026799e+00  7.87940548e+01  2.63026799e+00  1.78092484e+02 
 2.69153480e+00  7.87920723e+01  2.69153480e+00  1.78057900e+02 
 2.75422870e+00  7.87900652e+01  2.75422870e+00  1.78022847e+02 
 2.81838293e+00  7.87880351e+01  2.81838293e+00  1.77987315e+02 
 2.88403150e+00  7.87859835e+01  2.88403150e+00  1.77951294e+02 
 2.95120923e+00  7.87839120e+01  2.95120923e+00  1.77914772e+02 
 3.01995172e+00  7.87818224e+01  3.01995172e+00  1.77877735e+02 
 3.09029543e+00  7.87797163e+01  3.09029543e+00  1.77840169e+02 
 3.16227766e+00  7.87775956e+01  3.16227766e+00  1.77802059e+02 
 3.23593657e+00  7.87754620e+01  3.23593657e+00  1.77763387e+02 
 3.31131121e+00  7.87733174e+01  3.31131121e+00  1.77724137e+02 
 3.38844156e+00  7.87711636e+01  3.38844156e+00  1.77684288e+02 
 3.46736850e+00  7.87690023e+01  3.46736850e+00  1.77643821e+02 
 3.54813389e+00  7.87668353e+01  3.54813389e+00  1.77602713e+02 
 3.63078055e+00  7.87646646e+01  3.63078055e+00  1.77560941e+02 
 3.71535229e+00  7.87624917e+01  3.71535229e+00  1.77518482e+02 
 3.80189396e+00  7.87603183e+01  3.80189396e+00  1.77475309e+02 
 3.89045145e+00  7.87581463e+01  3.89045145e+00  1.77431396e+02 
 3.98107171e+00  7.87559770e+01  3.98107171e+00  1.77386713e+02 
 4.07380278e+00  7.87538120e+01  4.07380278e+00  1.77341232e+02 
 4.16869383e+00  7.87516529e+01  4.16869383e+00  1.77294921e+02 
 4.26579519e+00  7.87495008e+01  4.26579519e+00  1.77247748e+02 
 4.36515832e+00  7.87473571e+01  4.36515832e+00  1.77199680e+02 
 4.46683592e+00  7.87452229e+01  4.46683592e+00  1.77150683e+02 
 4.57088190e+00  7.87430994e+01  4.57088190e+00  1.77100720e+02 
 4.67735141e+00  7.87409873e+01  4.67735141e+00  1.77049755e+02 
 4.78630092e+00  7.87388875e+01  4.78630092e+00  1.76997749e+02 
 4.89778819e+00  7.87368007e+01  4.89778819e+00  1.76944664e+02 
 5.01187234e+00  7.87347276e+01  5.01187234e+00  1.76890459e+02 
 5.12861384e+00  7.87326684e+01  5.12861384e+00  1.76835093e+02 
 5.24807460e+00  7.87306235e+01  5.24807460e+00  1.76778525e+02 
 5.37031796e+00  7.87285930e+01  5.37031796e+00  1.76720710e+02 
 5.49540874e+00  7.87265770e+01  5.49540874e+00  1.76661606e+02 
 5.62341325e+00  7.87245754e+01  5.62341325e+00  1.76601166e+02 
 5.75439937e+00  7.87225878e+01  5.75439937e+00  1.76539346e+02 
 5.88843655e+00  7.87206139e+01  5.88843655e+00  1.76476099e+02 
 6.02559586e+00  7.87186531e+01  6.02559586e+00  1.76411377e+02 
 6.16595002e+00  7.87167047e+01  6.16595002e+00  1.76345133e+02 
 6.30957344e+00  7.87147679e+01  6.30957344e+00  1.76277316e+02 
 6.45654229e+00  7.87128417e+01  6.45654229e+00  1.76207879e+02 
 6.60693448e+00  7.87109250e+01  6.60693448e+00  1.76136769e+02 
 6.76082975e+00  7.87090164e+01  6.76082975e+00  1.76063937e+02 
 6.91830971e+00  7.87071147e+01  6.91830971e+00  1.75989330e+02 
 7.07945784e+00  7.87052183e+01  7.07945784e+00  1.75912896e+02 
 7.24435960e+00  7.87033255e+01  7.24435960e+00  1.75834580e+02 
 7.41310241e+00  7.87014344e+01  7.41310241e+00  1.75754330e+02 
 7.58577575e+00  7.86995431e+01  7.58577575e+00  1.75672091e+02 
 7.76247117e+00  7.86976496e+01  7.76247117e+00  1.75587806e+02 
 7.94328235e+00  7.86957515e+01  7.94328235e+00  1.75501420e+02 
 8.12830516e+00  7.86938466e+01  8.12830516e+00  1.75412875e+02 
 8.31763771e+00  7.86919322e+01  8.31763771e+00  1.75322115e+02 
 8.51138038e+00  7.86900058e+01  8.51138038e+00  1.75229079e+02 
 8.70963590e+00  7.86880645e+01  8.70963590e+00  1.75133710e+02 
 8.91250938e+00  7.86861054e+01  8.91250938e+00  1.75035946e+02 
 9.12010839e+00  7.86841254e+01  9.12010839e+00  1.74935727e+02 
 9.33254301e+00  7.86821213e+01  9.33254301e+00  1.74832990e+02 
 9.54992586e+00  7.86800897e+01  9.54992586e+00  1.74727673e+02 
 9.77237221e+00  7.86780271e+01  9.77237221e+00  1.74619713e+02 
 1.00000000e+01  7.86759298e+01  1.00000000e+01  1.74509044e+02 
 1.02329299e+01  7.86737938e+01  1.02329299e+01  1.74395600e+02 
 1.04712855e+01  7.86716152e+01  1.04712855e+01  1.74279316e+02 
 1.07151931e+01  7.86693897e+01  1.07151931e+01  1.74160124e+02 
 1.09647820e+01  7.86671130e+01  1.09647820e+01  1.74037955e+02 
 1.12201845e+01  7.86647805e+01  1.12201845e+01  1.73912739e+02 
 1.14815362e+01  7.86623874e+01  1.14815362e+01  1.73784406e+02 
 1.17489755e+01  7.86599288e+01  1.17489755e+01  1.73652883e+02 
 1.20226443e+01  7.86573994e+01  1.20226443e+01  1.73518099e+02 
 1.23026877e+01  7.86547938e+01  1.23026877e+01  1.73379978e+02 
 1.25892541e+01  7.86521065e+01  1.25892541e+01  1.73238446e+02 
 1.28824955e+01  7.86493314e+01  1.28824955e+01  1.73093426e+02 
 1.31825674e+01  7.86464627e+01  1.31825674e+01  1.72944841e+02 
 1.34896288e+01  7.86434937e+01  1.34896288e+01  1.72792613e+02 
 1.38038426e+01  7.86404179e+01  1.38038426e+01  1.72636661e+02 
 1.41253754e+01  7.86372284e+01  1.41253754e+01  1.72476905e+02 
 1.44543977e+01  7.86339179e+01  1.44543977e+01  1.72313262e+02 
 1.47910839e+01  7.86304789e+01  1.47910839e+01  1.72145650e+02 
 1.51356125e+01  7.86269035e+01  1.51356125e+01  1.71973984e+02 
 1.54881662e+01  7.86231836e+01  1.54881662e+01  1.71798179e+02 
 1.58489319e+01  7.86193106e+01  1.58489319e+01  1.71618148e+02 
 1.62181010e+01  7.86152756e+01  1.62181010e+01  1.71433804e+02 
 1.65958691e+01  7.86110693e+01  1.65958691e+01  1.71245058e+02 
 1.69824365e+01  7.86066822e+01  1.69824365e+01  1.71051820e+02 
 1.73780083e+01  7.86021040e+01  1.73780083e+01  1.70854001e+02 
 1.77827941e+01  7.85973245e+01  1.77827941e+01  1.70651507e+02 
 1.81970086e+01  7.85923326e+01  1.81970086e+01  1.70444249e+02 
 1.86208714e+01  7.85871169e+01  1.86208714e+01  1.70232131e+02 
 1.90546072e+01  7.85816658e+01  1.90546072e+01  1.70015061e+02 
 1.94984460e+01  7.85759668e+01  1.94984460e+01  1.69792943e+02 
 1.99526231e+01  7.85700071e+01  1.99526231e+01  1.69565683e+02 
 2.04173794e+01  7.85637735e+01  2.04173794e+01  1.69333186e+02 
 2.08929613e+01  7.85572521e+01  2.08929613e+01  1.69095355e+02 
 2.13796209e+01  7.85504286e+01  2.13796209e+01  1.68852093e+02 
 2.18776162e+01  7.85432879e+01  2.18776162e+01  1.68603305e+02 
 2.23872114e+01  7.85358147e+01  2.23872114e+01  1.68348893e+02 
 2.29086765e+01  7.85279927e+01  2.29086765e+01  1.68088762e+02 
 2.34422882e+01  7.85198054e+01  2.34422882e+01  1.67822813e+02 
 2.39883292e+01  7.85112353e+01  2.39883292e+01  1.67550952e+02 
 2.45470892e+01  7.85022646e+01  2.45470892e+01  1.67273082e+02 
 2.51188643e+01  7.84928746e+01  2.51188643e+01  1.66989107e+02 
 2.57039578e+01  7.84830461e+01  2.57039578e+01  1.66698934e+02 
 2.63026799e+01  7.84727591e+01  2.63026799e+01  1.66402468e+02 
 2.69153480e+01  7.84619931e+01  2.69153480e+01  1.66099616e+02 
 2.75422870e+01  7.84507267e+01  2.75422870e+01  1.65790286e+02 
 2.81838293e+01  7.84389379e+01  2.81838293e+01  1.65474389e+02 
 2.88403150e+01  7.84266040e+01  2.88403150e+01  1.65151836e+02 
 2.95120923e+01  7.84137014e+01  2.95120923e+01  1.64822540e+02 
 3.01995172e+01  7.84002059e+01  3.01995172e+01  1.64486416e+02 
 3.09029543e+01  7.83860926e+01  3.09029543e+01  1.64143382e+02 
 3.16227766e+01  7.83713356e+01  3.16227766e+01  1.63793357e+02 
 3.23593657e+01  7.83559086e+01  3.23593657e+01  1.63436264e+02 
 3.31131121e+01  7.83397842e+01  3.31131121e+01  1.63072028e+02 
 3.38844156e+01  7.83229344e+01  3.38844156e+01  1.62700579e+02 
 3.46736850e+01  7.83053303e+01  3.46736850e+01  1.62321849e+02 
 3.54813389e+01  7.82869423e+01  3.54813389e+01  1.61935774e+02 
 3.63078055e+01  7.82677401e+01  3.63078055e+01  1.61542294e+02 
 3.71535229e+01  7.82476925e+01  3.71535229e+01  1.61141355e+02 
 3.80189396e+01  7.82267676e+01  3.80189396e+01  1.60732905e+02 
 3.89045145e+01  7.82049327e+01  3.89045145e+01  1.60316900e+02 
 3.98107171e+01  7.81821544e+01  3.98107171e+01  1.59893300e+02 
 4.07380278e+01  7.81583985e+01  4.07380278e+01  1.59462070e+02 
 4.16869383e+01  7.81336302e+01  4.16869383e+01  1.59023183e+02 
 4.26579519e+01  7.81078140e+01  4.26579519e+01  1.58576617e+02 
 4.36515832e+01  7.80809135e+01  4.36515832e+01  1.58122357e+02 
 4.46683592e+01  7.80528919e+01  4.46683592e+01  1.57660398e+02 
 4.57088190e+01  7.80237118e+01  4.57088190e+01  1.57190738e+02 
 4.67735141e+01  7.79933351e+01  4.67735141e+01  1.56713386e+02 
 4.78630092e+01  7.79617233e+01  4.78630092e+01  1.56228359e+02 
 4.89778819e+01  7.79288372e+01  4.89778819e+01  1.55735683e+02 
 5.01187234e+01  7.78946374e+01  5.01187234e+01  1.55235392e+02 
 5.12861384e+01  7.78590841e+01  5.12861384e+01  1.54727530e+02 
 5.24807460e+01  7.78221369e+01  5.24807460e+01  1.54212151e+02 
 5.37031796e+01  7.77837555e+01  5.37031796e+01  1.53689320e+02 
 5.49540874e+01  7.77438992e+01  5.49540874e+01  1.53159110e+02 
 5.62341325e+01  7.77025272e+01  5.62341325e+01  1.52621608e+02 
 5.75439937e+01  7.76595988e+01  5.75439937e+01  1.52076909e+02 
 5.88843655e+01  7.76150732e+01  5.88843655e+01  1.51525122e+02 
 6.02559586e+01  7.75689097e+01  6.02559586e+01  1.50966366e+02 
 6.16595002e+01  7.75210681e+01  6.16595002e+01  1.50400771e+02 
 6.30957344e+01  7.74715082e+01  6.30957344e+01  1.49828481e+02 
 6.45654229e+01  7.74201904e+01  6.45654229e+01  1.49249651e+02 
 6.60693448e+01  7.73670756e+01  6.60693448e+01  1.48664447e+02 
 6.76082975e+01  7.73121253e+01  6.76082975e+01  1.48073049e+02 
 6.91830971e+01  7.72553018e+01  6.91830971e+01  1.47475648e+02 
 7.07945784e+01  7.71965682e+01  7.07945784e+01  1.46872447e+02 
 7.24435960e+01  7.71358886e+01  7.24435960e+01  1.46263662e+02 
 7.41310241e+01  7.70732281e+01  7.41310241e+01  1.45649519e+02 
 7.58577575e+01  7.70085531e+01  7.58577575e+01  1.45030257e+02 
 7.76247117e+01  7.69418313e+01  7.76247117e+01  1.44406125e+02 
 7.94328235e+01  7.68730317e+01  7.94328235e+01  1.43777385e+02 
 8.12830516e+01  7.68021250e+01  8.12830516e+01  1.43144308e+02 
 8.31763771e+01  7.67290834e+01  8.31763771e+01  1.42507175e+02 
 8.51138038e+01  7.66538809e+01  8.51138038e+01  1.41866277e+02 
 8.70963590e+01  7.65764933e+01  8.70963590e+01  1.41221914e+02 
 8.91250938e+01  7.64968982e+01  8.91250938e+01  1.40574395e+02 
 9.12010839e+01  7.64150755e+01  9.12010839e+01  1.39924035e+02 
 9.33254301e+01  7.63310071e+01  9.33254301e+01  1.39271159e+02 
 9.54992586e+01  7.62446768e+01  9.54992586e+01  1.38616096e+02 
 9.77237221e+01  7.61560710e+01  9.77237221e+01  1.37959181e+02 
 1.00000000e+02  7.60651782e+01  1.00000000e+02  1.37300754e+02 
 1.02329299e+02  7.59719893e+01  1.02329299e+02  1.36641159e+02 
 1.04712855e+02  7.58764975e+01  1.04712855e+02  1.35980743e+02 
 1.07151931e+02  7.57786985e+01  1.07151931e+02  1.35319855e+02 
 1.09647820e+02  7.56785904e+01  1.09647820e+02  1.34658845e+02 
 1.12201845e+02  7.55761738e+01  1.12201845e+02  1.33998063e+02 
 1.14815362e+02  7.54714515e+01  1.14815362e+02  1.33337859e+02 
 1.17489755e+02  7.53644289e+01  1.17489755e+02  1.32678581e+02 
 1.20226443e+02  7.52551139e+01  1.20226443e+02  1.32020575e+02 
 1.23026877e+02  7.51435165e+01  1.23026877e+02  1.31364184e+02 
 1.25892541e+02  7.50296493e+01  1.25892541e+02  1.30709745e+02 
 1.28824955e+02  7.49135270e+01  1.28824955e+02  1.30057592e+02 
 1.31825674e+02  7.47951666e+01  1.31825674e+02  1.29408051e+02 
 1.34896288e+02  7.46745872e+01  1.34896288e+02  1.28761443e+02 
 1.38038426e+02  7.45518099e+01  1.38038426e+02  1.28118082e+02 
 1.41253754e+02  7.44268579e+01  1.41253754e+02  1.27478271e+02 
 1.44543977e+02  7.42997564e+01  1.44543977e+02  1.26842307e+02 
 1.47910839e+02  7.41705321e+01  1.47910839e+02  1.26210477e+02 
 1.51356125e+02  7.40392136e+01  1.51356125e+02  1.25583057e+02 
 1.54881662e+02  7.39058312e+01  1.54881662e+02  1.24960315e+02 
 1.58489319e+02  7.37704164e+01  1.58489319e+02  1.24342506e+02 
 1.62181010e+02  7.36330024e+01  1.62181010e+02  1.23729874e+02 
 1.65958691e+02  7.34936233e+01  1.65958691e+02  1.23122652e+02 
 1.69824365e+02  7.33523147e+01  1.69824365e+02  1.22521062e+02 
 1.73780083e+02  7.32091131e+01  1.73780083e+02  1.21925312e+02 
 1.77827941e+02  7.30640558e+01  1.77827941e+02  1.21335601e+02 
 1.81970086e+02  7.29171811e+01  1.81970086e+02  1.20752112e+02 
 1.86208714e+02  7.27685279e+01  1.86208714e+02  1.20175018e+02 
 1.90546072e+02  7.26181357e+01  1.90546072e+02  1.19604480e+02 
 1.94984460e+02  7.24660445e+01  1.94984460e+02  1.19040645e+02 
 1.99526231e+02  7.23122946e+01  1.99526231e+02  1.18483649e+02 
 2.04173794e+02  7.21569267e+01  2.04173794e+02  1.17933617e+02 
 2.08929613e+02  7.19999816e+01  2.08929613e+02  1.17390661e+02 
 2.13796209e+02  7.18415001e+01  2.13796209e+02  1.16854880e+02 
 2.18776162e+02  7.16815231e+01  2.18776162e+02  1.16326364e+02 
 2.23872114e+02  7.15200915e+01  2.23872114e+02  1.15805191e+02 
 2.29086765e+02  7.13572459e+01  2.29086765e+02  1.15291428e+02 
 2.34422882e+02  7.11930266e+01  2.34422882e+02  1.14785131e+02 
 2.39883292e+02  7.10274737e+01  2.39883292e+02  1.14286348e+02 
 2.45470892e+02  7.08606270e+01  2.45470892e+02  1.13795114e+02 
 2.51188643e+02  7.06925256e+01  2.51188643e+02  1.13311457e+02 
 2.57039578e+02  7.05232084e+01  2.57039578e+02  1.12835395e+02 
 2.63026799e+02  7.03527136e+01  2.63026799e+02  1.12366937e+02 
 2.69153480e+02  7.01810788e+01  2.69153480e+02  1.11906083e+02 
 2.75422870e+02  7.00083411e+01  2.75422870e+02  1.11452829e+02 
 2.81838293e+02  6.98345367e+01  2.81838293e+02  1.11007158e+02 
 2.88403150e+02  6.96597015e+01  2.88403150e+02  1.10569049e+02 
 2.95120923e+02  6.94838702e+01  2.95120923e+02  1.10138474e+02 
 3.01995172e+02  6.93070772e+01  3.01995172e+02  1.09715399e+02 
 3.09029543e+02  6.91293558e+01  3.09029543e+02  1.09299782e+02 
 3.16227766e+02  6.89507387e+01  3.16227766e+02  1.08891578e+02 
 3.23593657e+02  6.87712578e+01  3.23593657e+02  1.08490735e+02 
 3.31131121e+02  6.85909441e+01  3.31131121e+02  1.08097197e+02 
 3.38844156e+02  6.84098279e+01  3.38844156e+02  1.07710902e+02 
 3.46736850e+02  6.82279386e+01  3.46736850e+02  1.07331787e+02 
 3.54813389e+02  6.80453048e+01  3.54813389e+02  1.06959782e+02 
 3.63078055e+02  6.78619544e+01  3.63078055e+02  1.06594814e+02 
 3.71535229e+02  6.76779143e+01  3.71535229e+02  1.06236809e+02 
 3.80189396e+02  6.74932108e+01  3.80189396e+02  1.05885687e+02 
 3.89045145e+02  6.73078691e+01  3.89045145e+02  1.05541368e+02 
 3.98107171e+02  6.71219140e+01  3.98107171e+02  1.05203767e+02 
 4.07380278e+02  6.69353692e+01  4.07380278e+02  1.04872799e+02 
 4.16869383e+02  6.67482578e+01  4.16869383e+02  1.04548377e+02 
 4.26579519e+02  6.65606020e+01  4.26579519e+02  1.04230412e+02 
 4.36515832e+02  6.63724235e+01  4.36515832e+02  1.03918812e+02 
 4.46683592e+02  6.61837429e+01  4.46683592e+02  1.03613485e+02 
 4.57088190e+02  6.59945805e+01  4.57088190e+02  1.03314340e+02 
 4.67735141e+02  6.58049555e+01  4.67735141e+02  1.03021282e+02 
 4.78630092e+02  6.56148867e+01  4.78630092e+02  1.02734216e+02 
 4.89778819e+02  6.54243922e+01  4.89778819e+02  1.02453049e+02 
 5.01187234e+02  6.52334892e+01  5.01187234e+02  1.02177684e+02 
 5.12861384e+02  6.50421947e+01  5.12861384e+02  1.01908026e+02 
 5.24807460e+02  6.48505246e+01  5.24807460e+02  1.01643980e+02 
 5.37031796e+02  6.46584945e+01  5.37031796e+02  1.01385451e+02 
 5.49540874e+02  6.44661194e+01  5.49540874e+02  1.01132343e+02 
 5.62341325e+02  6.42734135e+01  5.62341325e+02  1.00884561e+02 
 5.75439937e+02  6.40803909e+01  5.75439937e+02  1.00642011e+02 
 5.88843655e+02  6.38870646e+01  5.88843655e+02  1.00404598e+02 
 6.02559586e+02  6.36934476e+01  6.02559586e+02  1.00172230e+02 
 6.16595002e+02  6.34995520e+01  6.16595002e+02  9.99448125e+01 
 6.30957344e+02  6.33053897e+01  6.30957344e+02  9.97222547e+01 
 6.45654229e+02  6.31109720e+01  6.45654229e+02  9.95044647e+01 
 6.60693448e+02  6.29163097e+01  6.60693448e+02  9.92913522e+01 
 6.76082975e+02  6.27214133e+01  6.76082975e+02  9.90828275e+01 
 6.91830971e+02  6.25262928e+01  6.91830971e+02  9.88788020e+01 
 7.07945784e+02  6.23309578e+01  7.07945784e+02  9.86791881e+01 
 7.24435960e+02  6.21354175e+01  7.24435960e+02  9.84838991e+01 
 7.41310241e+02  6.19396808e+01  7.41310241e+02  9.82928496e+01 
 7.58577575e+02  6.17437561e+01  7.58577575e+02  9.81059550e+01 
 7.76247117e+02  6.15476515e+01  7.76247117e+02  9.79231321e+01 
 7.94328235e+02  6.13513749e+01  7.94328235e+02  9.77442986e+01 
 8.12830516e+02  6.11549336e+01  8.12830516e+02  9.75693736e+01 
 8.31763771e+02  6.09583350e+01  8.31763771e+02  9.73982772e+01 
 8.51138038e+02  6.07615857e+01  8.51138038e+02  9.72309309e+01 
 8.70963590e+02  6.05646924e+01  8.70963590e+02  9.70672571e+01 
 8.91250938e+02  6.03676613e+01  8.91250938e+02  9.69071797e+01 
 9.12010839e+02  6.01704985e+01  9.12010839e+02  9.67506237e+01 
 9.33254301e+02  5.99732097e+01  9.33254301e+02  9.65975153e+01 
 9.54992586e+02  5.97758005e+01  9.54992586e+02  9.64477821e+01 
 9.77237221e+02  5.95782761e+01  9.77237221e+02  9.63013526e+01 
 1.00000000e+03  5.93806417e+01  1.00000000e+03  9.61581568e+01 
 1.02329299e+03  5.91829019e+01  1.02329299e+03  9.60181260e+01 
 1.04712855e+03  5.89850615e+01  1.04712855e+03  9.58811923e+01 
 1.07151931e+03  5.87871250e+01  1.07151931e+03  9.57472894e+01 
 1.09647820e+03  5.85890964e+01  1.09647820e+03  9.56163521e+01 
 1.12201845e+03  5.83909800e+01  1.12201845e+03  9.54883163e+01 
 1.14815362e+03  5.81927796e+01  1.14815362e+03  9.53631192e+01 
 1.17489755e+03  5.79944988e+01  1.17489755e+03  9.52406991e+01 
 1.20226443e+03  5.77961414e+01  1.20226443e+03  9.51209955e+01 
 1.23026877e+03  5.75977105e+01  1.23026877e+03  9.50039491e+01 
 1.25892541e+03  5.73992096e+01  1.25892541e+03  9.48895016e+01 
 1.28824955e+03  5.72006417e+01  1.28824955e+03  9.47775959e+01 
 1.31825674e+03  5.70020098e+01  1.31825674e+03  9.46681761e+01 
 1.34896288e+03  5.68033167e+01  1.34896288e+03  9.45611872e+01 
 1.38038426e+03  5.66045651e+01  1.38038426e+03  9.44565755e+01 
 1.41253754e+03  5.64057577e+01  1.41253754e+03  9.43542883e+01 
 1.44543977e+03  5.62068970e+01  1.44543977e+03  9.42542738e+01 
 1.47910839e+03  5.60079852e+01  1.47910839e+03  9.41564814e+01 
 1.51356125e+03  5.58090247e+01  1.51356125e+03  9.40608614e+01 
 1.54881662e+03  5.56100177e+01  1.54881662e+03  9.39673654e+01 
 1.58489319e+03  5.54109661e+01  1.58489319e+03  9.38759455e+01 
 1.62181010e+03  5.52118721e+01  1.62181010e+03  9.37865553e+01 
 1.65958691e+03  5.50127375e+01  1.65958691e+03  9.36991489e+01 
 1.69824365e+03  5.48135641e+01  1.69824365e+03  9.36136816e+01 
 1.73780083e+03  5.46143537e+01  1.73780083e+03  9.35301096e+01 
 1.77827941e+03  5.44151078e+01  1.77827941e+03  9.34483899e+01 
 1.81970086e+03  5.42158281e+01  1.81970086e+03  9.33684805e+01 
 1.86208714e+03  5.40165161e+01  1.86208714e+03  9.32903402e+01 
 1.90546072e+03  5.38171733e+01  1.90546072e+03  9.32139288e+01 
 1.94984460e+03  5.36178010e+01  1.94984460e+03  9.31392067e+01 
 1.99526231e+03  5.34184005e+01  1.99526231e+03  9.30661353e+01 
 2.04173794e+03  5.32189731e+01  2.04173794e+03  9.29946768e+01 
 2.08929613e+03  5.30195200e+01  2.08929613e+03  9.29247942e+01 
 2.13796209e+03  5.28200423e+01  2.13796209e+03  9.28564511e+01 
 2.18776162e+03  5.26205413e+01  2.18776162e+03  9.27896122e+01 
 2.23872114e+03  5.24210178e+01  2.23872114e+03  9.27242426e+01 
 2.29086765e+03  5.22214729e+01  2.29086765e+03  9.26603083e+01 
 2.34422882e+03  5.20219075e+01  2.34422882e+03  9.25977761e+01 
 2.39883292e+03  5.18223227e+01  2.39883292e+03  9.25366133e+01 
 2.45470892e+03  5.16227192e+01  2.45470892e+03  9.24767881e+01 
 2.51188643e+03  5.14230979e+01  2.51188643e+03  9.24182693e+01 
 2.57039578e+03  5.12234596e+01  2.57039578e+03  9.23610261e+01 
 2.63026799e+03  5.10238050e+01  2.63026799e+03  9.23050289e+01 
 2.69153480e+03  5.08241349e+01  2.69153480e+03  9.22502481e+01 
 2.75422870e+03  5.06244500e+01  2.75422870e+03  9.21966553e+01 
 2.81838293e+03  5.04247510e+01  2.81838293e+03  9.21442222e+01 
 2.88403150e+03  5.02250384e+01  2.88403150e+03  9.20929215e+01 
 2.95120923e+03  5.00253129e+01  2.95120923e+03  9.20427262e+01 
 3.01995172e+03  4.98255751e+01  3.01995172e+03  9.19936101e+01 
 3.09029543e+03  4.96258255e+01  3.09029543e+03  9.19455472e+01 
 3.16227766e+03  4.94260646e+01  3.16227766e+03  9.18985125e+01 
 3.23593657e+03  4.92262930e+01  3.23593657e+03  9.18524811e+01 
 3.31131121e+03  4.90265111e+01  3.31131121e+03  9.18074290e+01 
 3.38844156e+03  4.88267194e+01  3.38844156e+03  9.17633323e+01 
 3.46736850e+03  4.86269184e+01  3.46736850e+03  9.17201680e+01 
 3.54813389e+03  4.84271084e+01  3.54813389e+03  9.16779132e+01 
 3.63078055e+03  4.82272899e+01  3.63078055e+03  9.16365459e+01 
 3.71535229e+03  4.80274632e+01  3.71535229e+03  9.15960441e+01 
 3.80189396e+03  4.78276287e+01  3.80189396e+03  9.15563865e+01 
 3.89045145e+03  4.76277868e+01  3.89045145e+03  9.15175523e+01 
 3.98107171e+03  4.74279378e+01  3.98107171e+03  9.14795210e+01 
 4.07380278e+03  4.72280820e+01  4.07380278e+03  9.14422726e+01 
 4.16869383e+03  4.70282197e+01  4.16869383e+03  9.14057873e+01 
 4.26579519e+03  4.68283513e+01  4.26579519e+03  9.13700460e+01 
 4.36515832e+03  4.66284769e+01  4.36515832e+03  9.13350298e+01 
 4.46683592e+03  4.64285969e+01  4.46683592e+03  9.13007203e+01 
 4.57088190e+03  4.62287115e+01  4.57088190e+03  9.12670992e+01 
 4.67735141e+03  4.60288209e+01  4.67735141e+03  9.12341489e+01 
 4.78630092e+03  4.58289254e+01  4.78630092e+03  9.12018520e+01 
 4.89778819e+03  4.56290253e+01  4.89778819e+03  9.11701914e+01 
 5.01187234e+03  4.54291206e+01  5.01187234e+03  9.11391503e+01 
 5.12861384e+03  4.52292117e+01  5.12861384e+03  9.11087124e+01 
 5.24807460e+03  4.50292987e+01  5.24807460e+03  9.10788617e+01 
 5.37031796e+03  4.48293818e+01  5.37031796e+03  9.10495822e+01 
 5.49540874e+03  4.46294611e+01  5.49540874e+03  9.10208586e+01 
 5.62341325e+03  4.44295369e+01  5.62341325e+03  9.09926757e+01 
 5.75439937e+03  4.42296093e+01  5.75439937e+03  9.09650185e+01 
 5.88843655e+03  4.40296785e+01  5.88843655e+03  9.09378724e+01 
 6.02559586e+03  4.38297446e+01  6.02559586e+03  9.09112231e+01 
 6.16595002e+03  4.36298077e+01  6.16595002e+03  9.08850565e+01 
 6.30957344e+03  4.34298679e+01  6.30957344e+03  9.08593588e+01 
 6.45654229e+03  4.32299255e+01  6.45654229e+03  9.08341162e+01 
 6.60693448e+03  4.30299805e+01  6.60693448e+03  9.08093156e+01 
 6.76082975e+03  4.28300331e+01  6.76082975e+03  9.07849437e+01 
 6.91830971e+03  4.26300832e+01  6.91830971e+03  9.07609876e+01 
 7.07945784e+03  4.24301312e+01  7.07945784e+03  9.07374348e+01 
 7.24435960e+03  4.22301770e+01  7.24435960e+03  9.07142726e+01 
 7.41310241e+03  4.20302208e+01  7.41310241e+03  9.06914889e+01 
 7.58577575e+03  4.18302626e+01  7.58577575e+03  9.06690716e+01 
 7.76247117e+03  4.16303026e+01  7.76247117e+03  9.06470089e+01 
 7.94328235e+03  4.14303408e+01  7.94328235e+03  9.06252889e+01 
 8.12830516e+03  4.12303773e+01  8.12830516e+03  9.06039003e+01 
 8.31763771e+03  4.10304122e+01  8.31763771e+03  9.05828317e+01 
 8.51138038e+03  4.08304455e+01  8.51138038e+03  9.05620720e+01 
 8.70963590e+03  4.06304773e+01  8.70963590e+03  9.05416101e+01 
 8.91250938e+03  4.04305078e+01  8.91250938e+03  9.05214353e+01 
 9.12010839e+03  4.02305369e+01  9.12010839e+03  9.05015367e+01 
 9.33254301e+03  4.00305648e+01  9.33254301e+03  9.04819040e+01 
 9.54992586e+03  3.98305914e+01  9.54992586e+03  9.04625267e+01 
 9.77237221e+03  3.96306168e+01  9.77237221e+03  9.04433945e+01 
 1.00000000e+04  3.94306412e+01  1.00000000e+04  9.04244973e+01 
 1.02329299e+04  3.92306645e+01  1.02329299e+04  9.04058251e+01 
 1.04712855e+04  3.90306867e+01  1.04712855e+04  9.03873679e+01 
 1.07151931e+04  3.88307081e+01  1.07151931e+04  9.03691161e+01 
 1.09647820e+04  3.86307285e+01  1.09647820e+04  9.03510599e+01 
 1.12201845e+04  3.84307480e+01  1.12201845e+04  9.03331898e+01 
 1.14815362e+04  3.82307667e+01  1.14815362e+04  9.03154963e+01 
 1.17489755e+04  3.80307846e+01  1.17489755e+04  9.02979700e+01 
 1.20226443e+04  3.78308018e+01  1.20226443e+04  9.02806017e+01 
 1.23026877e+04  3.76308182e+01  1.23026877e+04  9.02633821e+01 
 1.25892541e+04  3.74308339e+01  1.25892541e+04  9.02463021e+01 
 1.28824955e+04  3.72308490e+01  1.28824955e+04  9.02293527e+01 
 1.31825674e+04  3.70308635e+01  1.31825674e+04  9.02125249e+01 
 1.34896288e+04  3.68308774e+01  1.34896288e+04  9.01958097e+01 
 1.38038426e+04  3.66308908e+01  1.38038426e+04  9.01791984e+01 
 1.41253754e+04  3.64309036e+01  1.41253754e+04  9.01626820e+01 
 1.44543977e+04  3.62309159e+01  1.44543977e+04  9.01462519e+01 
 1.47910839e+04  3.60309278e+01  1.47910839e+04  9.01298994e+01 
 1.51356125e+04  3.58309392e+01  1.51356125e+04  9.01136157e+01 
 1.54881662e+04  3.56309501e+01  1.54881662e+04  9.00973922e+01 
 1.58489319e+04  3.54309607e+01  1.58489319e+04  9.00812205e+01 
 1.62181010e+04  3.52309709e+01  1.62181010e+04  9.00650918e+01 
 1.65958691e+04  3.50309807e+01  1.65958691e+04  9.00489976e+01 
 1.69824365e+04  3.48309902e+01  1.69824365e+04  9.00329295e+01 
 1.73780083e+04  3.46309994e+01  1.73780083e+04  9.00168788e+01 
 1.77827941e+04  3.44310082e+01  1.77827941e+04  9.00008371e+01 
 1.81970086e+04  3.42310168e+01  1.81970086e+04  8.99847960e+01 
 1.86208714e+04  3.40310252e+01  1.86208714e+04  8.99687468e+01 
 1.90546072e+04  3.38310333e+01  1.90546072e+04  8.99526811e+01 
 1.94984460e+04  3.36310411e+01  1.94984460e+04  8.99365903e+01 
 1.99526231e+04  3.34310488e+01  1.99526231e+04  8.99204660e+01 
 2.04173794e+04  3.32310562e+01  2.04173794e+04  8.99042997e+01 
 2.08929613e+04  3.30310635e+01  2.08929613e+04  8.98880826e+01 
 2.13796209e+04  3.28310707e+01  2.13796209e+04  8.98718063e+01 
 2.18776162e+04  3.26310777e+01  2.18776162e+04  8.98554622e+01 
 2.23872114e+04  3.24310845e+01  2.23872114e+04  8.98390415e+01 
 2.29086765e+04  3.22310913e+01  2.29086765e+04  8.98225356e+01 
 2.34422882e+04  3.20310979e+01  2.34422882e+04  8.98059357e+01 
 2.39883292e+04  3.18311044e+01  2.39883292e+04  8.97892331e+01 
 2.45470892e+04  3.16311109e+01  2.45470892e+04  8.97724188e+01 
 2.51188643e+04  3.14311173e+01  2.51188643e+04  8.97554840e+01 
 2.57039578e+04  3.12311237e+01  2.57039578e+04  8.97384198e+01 
 2.63026799e+04  3.10311301e+01  2.63026799e+04  8.97212171e+01 
 2.69153480e+04  3.08311364e+01  2.69153480e+04  8.97038667e+01 
 2.75422870e+04  3.06311427e+01  2.75422870e+04  8.96863595e+01 
 2.81838293e+04  3.04311491e+01  2.81838293e+04  8.96686863e+01 
 2.88403150e+04  3.02311554e+01  2.88403150e+04  8.96508376e+01 
 2.95120923e+04  3.00311618e+01  2.95120923e+04  8.96328041e+01 
 3.01995172e+04  2.98311683e+01  3.01995172e+04  8.96145761e+01 
 3.09029543e+04  2.96311748e+01  3.09029543e+04  8.95961441e+01 
 3.16227766e+04  2.94311814e+01  3.16227766e+04  8.95774983e+01 
 3.23593657e+04  2.92311881e+01  3.23593657e+04  8.95586288e+01 
 3.31131121e+04  2.90311949e+01  3.31131121e+04  8.95395256e+01 
 3.38844156e+04  2.88312018e+01  3.38844156e+04  8.95201787e+01 
 3.46736850e+04  2.86312089e+01  3.46736850e+04  8.95005778e+01 
 3.54813389e+04  2.84312161e+01  3.54813389e+04  8.94807126e+01 
 3.63078055e+04  2.82312236e+01  3.63078055e+04  8.94605725e+01 
 3.71535229e+04  2.80312312e+01  3.71535229e+04  8.94401469e+01 
 3.80189396e+04  2.78312390e+01  3.80189396e+04  8.94194250e+01 
 3.89045145e+04  2.76312470e+01  3.89045145e+04  8.93983959e+01 
 3.98107171e+04  2.74312553e+01  3.98107171e+04  8.93770485e+01 
 4.07380278e+04  2.72312638e+01  4.07380278e+04  8.93553714e+01 
 4.16869383e+04  2.70312727e+01  4.16869383e+04  8.93333532e+01 
 4.26579519e+04  2.68312818e+01  4.26579519e+04  8.93109824e+01 
 4.36515832e+04  2.66312913e+01  4.36515832e+04  8.92882470e+01 
 4.46683592e+04  2.64313011e+01  4.46683592e+04  8.92651352e+01 
 4.57088190e+04  2.62313113e+01  4.57088190e+04  8.92416347e+01 
 4.67735141e+04  2.60313219e+01  4.67735141e+04  8.92177330e+01 
 4.78630092e+04  2.58313329e+01  4.78630092e+04  8.91934177e+01 
 4.89778819e+04  2.56313444e+01  4.89778819e+04  8.91686759e+01 
 5.01187234e+04  2.54313563e+01  5.01187234e+04  8.91434945e+01 
 5.12861384e+04  2.52313688e+01  5.12861384e+04  8.91178603e+01 
 5.24807460e+04  2.50313818e+01  5.24807460e+04  8.90917598e+01 
 5.37031796e+04  2.48313954e+01  5.37031796e+04  8.90651793e+01 
 5.49540874e+04  2.46314095e+01  5.49540874e+04  8.90381046e+01 
 5.62341325e+04  2.44314244e+01  5.62341325e+04  8.90105217e+01 
 5.75439937e+04  2.42314399e+01  5.75439937e+04  8.89824159e+01 
 5.88843655e+04  2.40314561e+01  5.88843655e+04  8.89537726e+01 
 6.02559586e+04  2.38314731e+01  6.02559586e+04  8.89245766e+01 
 6.16595002e+04  2.36314909e+01  6.16595002e+04  8.88948126e+01 
 6.30957344e+04  2.34315096e+01  6.30957344e+04  8.88644650e+01 
 6.45654229e+04  2.32315291e+01  6.45654229e+04  8.88335177e+01 
 6.60693448e+04  2.30315497e+01  6.60693448e+04  8.88019547e+01 
 6.76082975e+04  2.28315712e+01  6.76082975e+04  8.87697593e+01 
 6.91830971e+04  2.26315938e+01  6.91830971e+04  8.87369147e+01 
 7.07945784e+04  2.24316176e+01  7.07945784e+04  8.87034035e+01 
 7.24435960e+04  2.22316425e+01  7.24435960e+04  8.86692083e+01 
 7.41310241e+04  2.20316688e+01  7.41310241e+04  8.86343112e+01 
 7.58577575e+04  2.18316964e+01  7.58577575e+04  8.85986938e+01 
 7.76247117e+04  2.16317254e+01  7.76247117e+04  8.85623376e+01 
 7.94328235e+04  2.14317559e+01  7.94328235e+04  8.85252235e+01 
 8.12830516e+04  2.12317880e+01  8.12830516e+04  8.84873321e+01 
 8.31763771e+04  2.10318218e+01  8.31763771e+04  8.84486436e+01 
 8.51138038e+04  2.08318574e+01  8.51138038e+04  8.84091378e+01 
 8.70963590e+04  2.06318949e+01  8.70963590e+04  8.83687941e+01 
 8.91250938e+04  2.04319344e+01  8.91250938e+04  8.83275914e+01 
 9.12010839e+04  2.02319760e+01  9.12010839e+04  8.82855083e+01 
 9.33254301e+04  2.00320199e+01  9.33254301e+04  8.82425227e+01 
 9.54992586e+04  1.98320662e+01  9.54992586e+04  8.81986123e+01 
 9.77237221e+04  1.96321150e+01  9.77237221e+04  8.81537543e+01 
 1.00000000e+05  1.94321665e+01  1.00000000e+05  8.81079253e+01 
 1.02329299e+05  1.92322209e+01  1.02329299e+05  8.80611013e+01 
 1.04712855e+05  1.90322782e+01  1.04712855e+05  8.80132582e+01 
 1.07151931e+05  1.88323388e+01  1.07151931e+05  8.79643709e+01 
 1.09647820e+05  1.86324028e+01  1.09647820e+05  8.79144142e+01 
 1.12201845e+05  1.84324703e+01  1.12201845e+05  8.78633620e+01 
 1.14815362e+05  1.82325417e+01  1.14815362e+05  8.78111878e+01 
 1.17489755e+05  1.80326172e+01  1.17489755e+05  8.77578646e+01 
 1.20226443e+05  1.78326969e+01  1.20226443e+05  8.77033647e+01 
 1.23026877e+05  1.76327813e+01  1.23026877e+05  8.76476598e+01 
 1.25892541e+05  1.74328704e+01  1.25892541e+05  8.75907211e+01 
 1.28824955e+05  1.72329647e+01  1.28824955e+05  8.75325189e+01 
 1.31825674e+05  1.70330645e+01  1.31825674e+05  8.74730232e+01 
 1.34896288e+05  1.68331701e+01  1.34896288e+05  8.74122031e+01 
 1.38038426e+05  1.66332818e+01  1.38038426e+05  8.73500271e+01 
 1.41253754e+05  1.64334001e+01  1.41253754e+05  8.72864629e+01 
 1.44543977e+05  1.62335253e+01  1.44543977e+05  8.72214777e+01 
 1.47910839e+05  1.60336578e+01  1.47910839e+05  8.71550377e+01 
 1.51356125e+05  1.58337981e+01  1.51356125e+05  8.70871084e+01 
 1.54881662e+05  1.56339468e+01  1.54881662e+05  8.70176548e+01 
 1.58489319e+05  1.54341042e+01  1.58489319e+05  8.69466407e+01 
 1.62181010e+05  1.52342709e+01  1.62181010e+05  8.68740294e+01 
 1.65958691e+05  1.50344476e+01  1.65958691e+05  8.67997830e+01 
 1.69824365e+05  1.48346347e+01  1.69824365e+05  8.67238632e+01 
 1.73780083e+05  1.46348329e+01  1.73780083e+05  8.66462304e+01 
 1.77827941e+05  1.44350430e+01  1.77827941e+05  8.65668442e+01 
 1.81970086e+05  1.42352655e+01  1.81970086e+05  8.64856634e+01 
 1.86208714e+05  1.40355014e+01  1.86208714e+05  8.64026457e+01 
 1.90546072e+05  1.38357512e+01  1.90546072e+05  8.63177478e+01 
 1.94984460e+05  1.36360159e+01  1.94984460e+05  8.62309253e+01 
 1.99526231e+05  1.34362964e+01  1.99526231e+05  8.61421331e+01 
 2.04173794e+05  1.32365936e+01  2.04173794e+05  8.60513245e+01 
 2.08929613e+05  1.30369084e+01  2.08929613e+05  8.59584521e+01 
 2.13796209e+05  1.28372419e+01  2.13796209e+05  8.58634672e+01 
 2.18776162e+05  1.26375952e+01  2.18776162e+05  8.57663198e+01 
 2.23872114e+05  1.24379693e+01  2.23872114e+05  8.56669588e+01 
 2.29086765e+05  1.22383655e+01  2.29086765e+05  8.55653320e+01 
 2.34422882e+05  1.20387851e+01  2.34422882e+05  8.54613856e+01 
 2.39883292e+05  1.18392292e+01  2.39883292e+05  8.53550648e+01 
 2.45470892e+05  1.16396994e+01  2.45470892e+05  8.52463131e+01 
 2.51188643e+05  1.14401970e+01  2.51188643e+05  8.51350729e+01 
 2.57039578e+05  1.12407236e+01  2.57039578e+05  8.50212851e+01 
 2.63026799e+05  1.10412806e+01  2.63026799e+05  8.49048889e+01 
 2.69153480e+05  1.08418699e+01  2.69153480e+05  8.47858223e+01 
 2.75422870e+05  1.06424931e+01  2.75422870e+05  8.46640215e+01 
 2.81838293e+05  1.04431519e+01  2.81838293e+05  8.45394213e+01 
 2.88403150e+05  1.02438484e+01  2.88403150e+05  8.44119546e+01 
 2.95120923e+05  1.00445844e+01  2.95120923e+05  8.42815529e+01 
 3.01995172e+05  9.84536205e+00  3.01995172e+05  8.41481456e+01 
 3.09029543e+05  9.64618344e+00  3.09029543e+05  8.40116607e+01 
 3.16227766e+05  9.44705083e+00  3.16227766e+05  8.38720242e+01 
 3.23593657e+05  9.24796655e+00  3.23593657e+05  8.37291601e+01 
 3.31131121e+05  9.04893304e+00  3.31131121e+05  8.35829906e+01 
 3.38844156e+05  8.84995282e+00  3.38844156e+05  8.34334359e+01 
 3.46736850e+05  8.65102855e+00  3.46736850e+05  8.32804142e+01 
 3.54813389e+05  8.45216299e+00  3.54813389e+05  8.31238415e+01 
 3.63078055e+05  8.25335900e+00  3.63078055e+05  8.29636318e+01 
 3.71535229e+05  8.05461958e+00  3.71535229e+05  8.27996966e+01 
 3.80189396e+05  7.85594784e+00  3.80189396e+05  8.26319456e+01 
 3.89045145e+05  7.65734703e+00  3.89045145e+05  8.24602858e+01 
 3.98107171e+05  7.45882054e+00  3.98107171e+05  8.22846218e+01 
 4.07380278e+05  7.26037189e+00  4.07380278e+05  8.21048561e+01 
 4.16869383e+05  7.06200474e+00  4.16869383e+05  8.19208883e+01 
 4.26579519e+05  6.86372293e+00  4.26579519e+05  8.17326156e+01 
 4.36515832e+05  6.66553043e+00  4.36515832e+05  8.15399326e+01 
 4.46683592e+05  6.46743139e+00  4.46683592e+05  8.13427308e+01 
 4.57088190e+05  6.26943013e+00  4.57088190e+05  8.11408993e+01 
 4.67735141e+05  6.07153115e+00  4.67735141e+05  8.09343242e+01 
 4.78630092e+05  5.87373916e+00  4.78630092e+05  8.07228883e+01 
 4.89778819e+05  5.67605902e+00  4.89778819e+05  8.05064718e+01 
 5.01187234e+05  5.47849583e+00  5.01187234e+05  8.02849513e+01 
 5.12861384e+05  5.28105489e+00  5.12861384e+05  8.00582004e+01 
 5.24807460e+05  5.08374174e+00  5.24807460e+05  7.98260893e+01 
 5.37031796e+05  4.88656212e+00  5.37031796e+05  7.95884846e+01 
 5.49540874e+05  4.68952204e+00  5.49540874e+05  7.93452494e+01 
 5.62341325e+05  4.49262774e+00  5.62341325e+05  7.90962430e+01 
 5.75439937e+05  4.29588574e+00  5.75439937e+05  7.88413210e+01 
 5.88843655e+05  4.09930282e+00  5.88843655e+05  7.85803349e+01 
 6.02559586e+05  3.90288605e+00  6.02559586e+05  7.83131322e+01 
 6.16595002e+05  3.70664278e+00  6.16595002e+05  7.80395561e+01 
 6.30957344e+05  3.51058069e+00  6.30957344e+05  7.77594454e+01 
 6.45654229e+05  3.31470775e+00  6.45654229e+05  7.74726343e+01 
 6.60693448e+05  3.11903227e+00  6.60693448e+05  7.71789523e+01 
 6.76082975e+05  2.92356292e+00  6.76082975e+05  7.68782241e+01 
 6.91830971e+05  2.72830868e+00  6.91830971e+05  7.65702691e+01 
 7.07945784e+05  2.53327894e+00  7.07945784e+05  7.62549015e+01 
 7.24435960e+05  2.33848343e+00  7.24435960e+05  7.59319300e+01 
 7.41310241e+05  2.14393229e+00  7.41310241e+05  7.56011577e+01 
 7.58577575e+05  1.94963605e+00  7.58577575e+05  7.52623814e+01 
 7.76247117e+05  1.75560566e+00  7.76247117e+05  7.49153920e+01 
 7.94328235e+05  1.56185249e+00  7.94328235e+05  7.45599738e+01 
 8.12830516e+05  1.36838835e+00  8.12830516e+05  7.41959042e+01 
 8.31763771e+05  1.17522547e+00  8.31763771e+05  7.38229539e+01 
 8.51138038e+05  9.82376566e-01  8.51138038e+05  7.34408860e+01 
 8.70963590e+05  7.89854799e-01  8.70963590e+05  7.30494557e+01 
 8.91250938e+05  5.97673802e-01  8.91250938e+05  7.26484106e+01 
 9.12010839e+05  4.05847687e-01  9.12010839e+05  7.22374894e+01 
 9.33254301e+05  2.14391046e-01  9.33254301e+05  7.18164223e+01 
 9.54992586e+05  2.33189530e-02  9.54992586e+05  7.13849300e+01 
 9.77237221e+05 -1.67353031e-01  9.77237221e+05  7.09427236e+01 
 1.00000000e+06 -3.57608865e-01  1.00000000e+06  7.04895039e+01 
 1.02329299e+06 -5.47432030e-01  1.02329299e+06  7.00249611e+01 
 1.04712855e+06 -7.36805541e-01  1.04712855e+06  6.95487738e+01 
 1.07151931e+06 -9.25711957e-01  1.07151931e+06  6.90606091e+01 
 1.09647820e+06 -1.11413340e+00  1.09647820e+06  6.85601212e+01 
 1.12201845e+06 -1.30205158e+00  1.12201845e+06  6.80469515e+01 
 1.14815362e+06 -1.48944783e+00  1.14815362e+06  6.75207270e+01 
 1.17489755e+06 -1.67630312e+00  1.17489755e+06  6.69810604e+01 
 1.20226443e+06 -1.86259815e+00  1.20226443e+06  6.64275487e+01 
 1.23026877e+06 -2.04831335e+00  1.23026877e+06  6.58597725e+01 
 1.25892541e+06 -2.23342902e+00  1.25892541e+06  6.52772950e+01 
 1.28824955e+06 -2.41792532e+00  1.28824955e+06  6.46796611e+01 
 1.31825674e+06 -2.60178245e+00  1.31825674e+06  6.40663963e+01 
 1.34896288e+06 -2.78498074e+00  1.34896288e+06  6.34370056e+01 
 1.38038426e+06 -2.96750077e+00  1.38038426e+06  6.27909719e+01 
 1.41253754e+06 -3.14932356e+00  1.41253754e+06  6.21277553e+01 
 1.44543977e+06 -3.33043071e+00  1.44543977e+06  6.14467915e+01 
 1.47910839e+06 -3.51080469e+00  1.47910839e+06  6.07474902e+01 
 1.51356125e+06 -3.69042903e+00  1.51356125e+06  6.00292339e+01 
 1.54881662e+06 -3.86928866e+00  1.54881662e+06  5.92913760e+01 
 1.58489319e+06 -4.04737023e+00  1.58489319e+06  5.85332397e+01 
 1.62181010e+06 -4.22466253e+00  1.62181010e+06  5.77541156e+01 
 1.65958691e+06 -4.40115690e+00  1.65958691e+06  5.69532608e+01 
 1.69824365e+06 -4.57684783e+00  1.69824365e+06  5.61298969e+01 
 1.73780083e+06 -4.75173351e+00  1.73780083e+06  5.52832080e+01 
 1.77827941e+06 -4.92581652e+00  1.77827941e+06  5.44123399e+01 
 1.81970086e+06 -5.09910467e+00  1.81970086e+06  5.35163981e+01 
 1.86208714e+06 -5.27161187e+00  1.86208714e+06  5.25944469e+01 
 1.90546072e+06 -5.44335914e+00  1.90546072e+06  5.16455085e+01 
 1.94984460e+06 -5.61437581e+00  1.94984460e+06  5.06685624e+01 
 1.99526231e+06 -5.78470078e+00  1.99526231e+06  4.96625458e+01 
 2.04173794e+06 -5.95438401e+00  2.04173794e+06  4.86263544e+01 
 2.08929613e+06 -6.12348816e+00  2.08929613e+06  4.75588442e+01 
 2.13796209e+06 -6.29209034e+00  2.13796209e+06  4.64588347e+01 
 2.18776162e+06 -6.46028410e+00  2.18776162e+06  4.53251138e+01 
 2.23872114e+06 -6.62818159e+00  2.23872114e+06  4.41564441e+01 
 2.29086765e+06 -6.79591583e+00  2.29086765e+06  4.29515720e+01 
 2.34422882e+06 -6.96364308e+00  2.34422882e+06  4.17092393e+01 
 2.39883292e+06 -7.13154538e+00  2.39883292e+06  4.04281985e+01 
 2.45470892e+06 -7.29983298e+00  2.45470892e+06  3.91072311e+01 
 2.51188643e+06 -7.46874682e+00  2.51188643e+06  3.77451712e+01 
 2.57039578e+06 -7.63856065e+00  2.57039578e+06  3.63409333e+01 
 2.63026799e+06 -7.80958294e+00  2.63026799e+06  3.48935455e+01 
 2.69153480e+06 -7.98215813e+00  2.69153480e+06  3.34021886e+01 
 2.75422870e+06 -8.15666713e+00  2.75422870e+06  3.18662394e+01 
 2.81838293e+06 -8.33352683e+00  2.81838293e+06  3.02853211e+01 
 2.88403150e+06 -8.51318816e+00  2.88403150e+06  2.86593563e+01 
 2.95120923e+06 -8.69613264e+00  2.95120923e+06  2.69886239e+01 
 3.01995172e+06 -8.88286695e+00  3.01995172e+06  2.52738167e+01 
 3.09029543e+06 -9.07391537e+00  3.09029543e+06  2.35160973e+01 
 3.16227766e+06 -9.26980995e+00  3.16227766e+06  2.17171478e+01 
 3.23593657e+06 -9.47107840e+00  3.23593657e+06  1.98792116e+01 
 3.31131121e+06 -9.67822980e+00  3.31131121e+06  1.80051195e+01 
 3.38844156e+06 -9.89173864e+00  3.38844156e+06  1.60982980e+01 
 3.46736850e+06 -1.01120277e+01  3.46736850e+06  1.41627549e+01 
 3.54813389e+06 -1.03394507e+01  3.54813389e+06  1.22030385e+01 
 3.63078055e+06 -1.05742755e+01  3.63078055e+06  1.02241690e+01 
 3.71535229e+06 -1.08166700e+01  3.71535229e+06  8.23154379e+00 
 3.80189396e+06 -1.10666898e+01  3.80189396e+06  6.23081761e+00 
 3.89045145e+06 -1.13242716e+01  3.89045145e+06  4.22776454e+00 
 3.98107171e+06 -1.15892301e+01  3.98107171e+06  2.22812874e+00 
 4.07380278e+06 -1.18612610e+01  4.07380278e+06  2.37473166e-01 
 4.16869383e+06 -1.21399493e+01  4.16869383e+06 -1.73896422e+00 
 4.26579519e+06 -1.24247816e+01  4.26579519e+06 -3.69639752e+00 
 4.36515832e+06 -1.27151631e+01  4.36515832e+06 -5.63059567e+00 
 4.46683592e+06 -1.30104368e+01  4.46683592e+06 -7.53795555e+00 
 4.57088190e+06 -1.33099040e+01  4.57088190e+06 -9.41554306e+00 
 4.67735141e+06 -1.36128448e+01  4.67735141e+06 -1.12611021e+01 
 4.78630092e+06 -1.39185372e+01  4.78630092e+06 -1.30730348e+01 
 4.89778819e+06 -1.42262745e+01  4.89778819e+06 -1.48503568e+01 
 5.01187234e+06 -1.45353791e+01  5.01187234e+06 -1.65926348e+01 
 5.12861384e+06 -1.48452132e+01  5.12861384e+06 -1.82999111e+01 
 5.24807460e+06 -1.51551872e+01  5.24807460e+06 -1.99726234e+01 
 5.37031796e+06 -1.54647632e+01  5.37031796e+06 -2.16115229e+01 
 5.49540874e+06 -1.57734574e+01  5.49540874e+06 -2.32175971e+01 
 5.62341325e+06 -1.60808395e+01  5.62341325e+06 -2.47919993e+01 
 5.75439937e+06 -1.63865303e+01  5.75439937e+06 -2.63359874e+01 
 5.88843655e+06 -1.66901981e+01  5.88843655e+06 -2.78508732e+01 
 6.02559586e+06 -1.69915546e+01  6.02559586e+06 -2.93379811e+01 
 6.16595002e+06 -1.72903498e+01  6.16595002e+06 -3.07986179e+01 
 6.30957344e+06 -1.75863678e+01  6.30957344e+06 -3.22340507e+01 
 6.45654229e+06 -1.78794211e+01  6.45654229e+06 -3.36454928e+01 
 6.60693448e+06 -1.81693473e+01  6.60693448e+06 -3.50340957e+01 
 6.76082975e+06 -1.84560045e+01  6.76082975e+06 -3.64009471e+01 
 6.91830971e+06 -1.87392680e+01  6.91830971e+06 -3.77470716e+01 
 7.07945784e+06 -1.90190277e+01  7.07945784e+06 -3.90734350e+01 
 7.24435960e+06 -1.92951850e+01  7.24435960e+06 -4.03809507e+01 
 7.41310241e+06 -1.95676517e+01  7.41310241e+06 -4.16704859e+01 
 7.58577575e+06 -1.98363478e+01  7.58577575e+06 -4.29428701e+01 
 7.76247117e+06 -2.01012005e+01  7.76247117e+06 -4.41989017e+01 
 7.94328235e+06 -2.03621435e+01  7.94328235e+06 -4.54393561e+01 
 8.12830516e+06 -2.06191162e+01  8.12830516e+06 -4.66649914e+01 
 8.31763771e+06 -2.08720633e+01  8.31763771e+06 -4.78765549e+01 
 8.51138038e+06 -2.11209349e+01  8.51138038e+06 -4.90747878e+01 
 8.70963590e+06 -2.13656858e+01  8.70963590e+06 -5.02604291e+01 
 8.91250938e+06 -2.16062761e+01  8.91250938e+06 -5.14342192e+01 
 9.12010839e+06 -2.18426709e+01  9.12010839e+06 -5.25969021e+01 
 9.33254301e+06 -2.20748405e+01  9.33254301e+06 -5.37492273e+01 
 9.54992586e+06 -2.23027603e+01  9.54992586e+06 -5.48919500e+01 
 9.77237221e+06 -2.25264114e+01  9.77237221e+06 -5.60258323e+01 
 1.00000000e+07 -2.27457802e+01  1.00000000e+07 -5.71516422e+01 
 1.02329299e+07 -2.29608588e+01  1.02329299e+07 -5.82701531e+01 
 1.04712855e+07 -2.31716451e+01  1.04712855e+07 -5.93821424e+01 
 1.07151931e+07 -2.33781424e+01  1.07151931e+07 -6.04883902e+01 
 1.09647820e+07 -2.35803604e+01  1.09647820e+07 -6.15896769e+01 
 1.12201845e+07 -2.37783141e+01  1.12201845e+07 -6.26867817e+01 
 1.14815362e+07 -2.39720246e+01  1.14815362e+07 -6.37804798e+01 
 1.17489755e+07 -2.41615187e+01  1.17489755e+07 -6.48715399e+01 
 1.20226443e+07 -2.43468288e+01  1.20226443e+07 -6.59607219e+01 
 1.23026877e+07 -2.45279933e+01  1.23026877e+07 -6.70487736e+01 
 1.25892541e+07 -2.47050558e+01  1.25892541e+07 -6.81364288e+01 
 1.28824955e+07 -2.48780655e+01  1.28824955e+07 -6.92244037e+01 
 1.31825674e+07 -2.50470769e+01  1.31825674e+07 -7.03133944e+01 
 1.34896288e+07 -2.52121495e+01  1.34896288e+07 -7.14040744e+01 
 1.38038426e+07 -2.53733481e+01  1.38038426e+07 -7.24970913e+01 
 1.41253754e+07 -2.55307420e+01  1.41253754e+07 -7.35930645e+01 
 1.44543977e+07 -2.56844055e+01  1.44543977e+07 -7.46925824e+01 
 1.47910839e+07 -2.58344171e+01  1.47910839e+07 -7.57961997e+01 
 1.51356125e+07 -2.59808597e+01  1.51356125e+07 -7.69044352e+01 
 1.54881662e+07 -2.61238203e+01  1.54881662e+07 -7.80177693e+01 
 1.58489319e+07 -2.62633896e+01  1.58489319e+07 -7.91366416e+01 
 1.62181010e+07 -2.63996622e+01  1.62181010e+07 -8.02614488e+01 
 1.65958691e+07 -2.65327359e+01  1.65958691e+07 -8.13925426e+01 
 1.69824365e+07 -2.66627121e+01  1.69824365e+07 -8.25302279e+01 
 1.73780083e+07 -2.67896948e+01  1.73780083e+07 -8.36747610e+01 
 1.77827941e+07 -2.69137910e+01  1.77827941e+07 -8.48263477e+01 
 1.81970086e+07 -2.70351103e+01  1.81970086e+07 -8.59851424e+01 
 1.86208714e+07 -2.71537645e+01  1.86208714e+07 -8.71512460e+01 
 1.90546072e+07 -2.72698677e+01  1.90546072e+07 -8.83247052e+01 
 1.94984460e+07 -2.73835358e+01  1.94984460e+07 -8.95055115e+01 
 1.99526231e+07 -2.74948862e+01  1.99526231e+07 -9.06936003e+01 
 2.04173794e+07 -2.76040379e+01  2.04173794e+07 -9.18888499e+01 
 2.08929613e+07 -2.77111111e+01  2.08929613e+07 -9.30910814e+01 
 2.13796209e+07 -2.78162267e+01  2.13796209e+07 -9.43000583e+01 
 2.18776162e+07 -2.79195065e+01  2.18776162e+07 -9.55154861e+01 
 2.23872114e+07 -2.80210727e+01  2.23872114e+07 -9.67370125e+01 
 2.29086765e+07 -2.81210477e+01  2.29086765e+07 -9.79642277e+01 
 2.34422882e+07 -2.82195538e+01  2.34422882e+07 -9.91966645e+01 
 2.39883292e+07 -2.83167128e+01  2.39883292e+07 -1.00433799e+02 
 2.45470892e+07 -2.84126463e+01  2.45470892e+07 -1.01675051e+02 
 2.51188643e+07 -2.85074748e+01  2.51188643e+07 -1.02919785e+02 
 2.57039578e+07 -2.86013176e+01  2.57039578e+07 -1.04167312e+02 
 2.63026799e+07 -2.86942927e+01  2.63026799e+07 -1.05416889e+02 
 2.69153480e+07 -2.87865165e+01  2.69153480e+07 -1.06667722e+02 
 2.75422870e+07 -2.88781032e+01  2.75422870e+07 -1.07918966e+02 
 2.81838293e+07 -2.89691649e+01  2.81838293e+07 -1.09169727e+02 
 2.88403150e+07 -2.90598111e+01  2.88403150e+07 -1.10419066e+02 
 2.95120923e+07 -2.91501484e+01  2.95120923e+07 -1.11665997e+02 
 3.01995172e+07 -2.92402802e+01  3.01995172e+07 -1.12909490e+02 
 3.09029543e+07 -2.93303064e+01  3.09029543e+07 -1.14148474e+02 
 3.16227766e+07 -2.94203231e+01  3.16227766e+07 -1.15381841e+02 
 3.23593657e+07 -2.95104223e+01  3.23593657e+07 -1.16608443e+02 
 3.31131121e+07 -2.96006915e+01  3.31131121e+07 -1.17827097e+02 
 3.38844156e+07 -2.96912134e+01  3.38844156e+07 -1.19036591e+02 
 3.46736850e+07 -2.97820655e+01  3.46736850e+07 -1.20235678e+02 
 3.54813389e+07 -2.98733199e+01  3.54813389e+07 -1.21423086e+02 
 3.63078055e+07 -2.99650427e+01  3.63078055e+07 -1.22597516e+02 
 3.71535229e+07 -3.00572942e+01  3.71535229e+07 -1.23757646e+02 
 3.80189396e+07 -3.01501276e+01  3.80189396e+07 -1.24902134e+02 
 3.89045145e+07 -3.02435896e+01  3.89045145e+07 -1.26029620e+02 
 3.98107171e+07 -3.03377194e+01  3.98107171e+07 -1.27138726e+02 
 4.07380278e+07 -3.04325486e+01  4.07380278e+07 -1.28228062e+02 
 4.16869383e+07 -3.05281007e+01  4.16869383e+07 -1.29296228e+02 
 4.26579519e+07 -3.06243906e+01  4.26579519e+07 -1.30341814e+02 
 4.36515832e+07 -3.07214246e+01  4.36515832e+07 -1.31363405e+02 
 4.46683592e+07 -3.08191994e+01  4.46683592e+07 -1.32359585e+02 
 4.57088190e+07 -3.09177021e+01  4.57088190e+07 -1.33328934e+02 
 4.67735141e+07 -3.10169096e+01  4.67735141e+07 -1.34270038e+02 
 4.78630092e+07 -3.11167881e+01  4.78630092e+07 -1.35181487e+02 
 4.89778819e+07 -3.12172928e+01  4.89778819e+07 -1.36061879e+02 
 5.01187234e+07 -3.13183671e+01  5.01187234e+07 -1.36909827e+02 
 5.12861384e+07 -3.14199425e+01  5.12861384e+07 -1.37723958e+02 
 5.24807460e+07 -3.15219379e+01  5.24807460e+07 -1.38502919e+02 
 5.37031796e+07 -3.16242591e+01  5.37031796e+07 -1.39245382e+02 
 5.49540874e+07 -3.17267983e+01  5.49540874e+07 -1.39950047e+02 
 5.62341325e+07 -3.18294337e+01  5.62341325e+07 -1.40615648e+02 
 5.75439937e+07 -3.19320290e+01  5.75439937e+07 -1.41240959e+02 
 5.88843655e+07 -3.20344330e+01  5.88843655e+07 -1.41824802e+02 
 6.02559586e+07 -3.21364788e+01  6.02559586e+07 -1.42366051e+02 
 6.16595002e+07 -3.22379843e+01  6.16595002e+07 -1.42863639e+02 
 6.30957344e+07 -3.23387511e+01  6.30957344e+07 -1.43316571e+02 
 6.45654229e+07 -3.24385648e+01  6.45654229e+07 -1.43723931e+02 
 6.60693448e+07 -3.25371946e+01  6.60693448e+07 -1.44084888e+02 
 6.76082975e+07 -3.26343938e+01  6.76082975e+07 -1.44398715e+02 
 6.91830971e+07 -3.27298999e+01  6.91830971e+07 -1.44664794e+02 
 7.07945784e+07 -3.28234348e+01  7.07945784e+07 -1.44882629e+02 
 7.24435960e+07 -3.29147060e+01  7.24435960e+07 -1.45051862e+02 
 7.41310241e+07 -3.30034070e+01  7.41310241e+07 -1.45172284e+02 
 7.58577575e+07 -3.30892193e+01  7.58577575e+07 -1.45243848e+02 
 7.76247117e+07 -3.31718133e+01  7.76247117e+07 -1.45266683e+02 
 7.94328235e+07 -3.32508507e+01  7.94328235e+07 -1.45241106e+02 
 8.12830516e+07 -3.33259867e+01  8.12830516e+07 -1.45167636e+02 
 8.31763771e+07 -3.33968727e+01  8.31763771e+07 -1.45047002e+02 
 8.51138038e+07 -3.34631592e+01  8.51138038e+07 -1.44880156e+02 
 8.70963590e+07 -3.35244996e+01  8.70963590e+07 -1.44668273e+02 
 8.91250938e+07 -3.35805536e+01  8.91250938e+07 -1.44412764e+02 
 9.12010839e+07 -3.36309912e+01  9.12010839e+07 -1.44115271e+02 
 9.33254301e+07 -3.36754969e+01  9.33254301e+07 -1.43777663e+02 
 9.54992586e+07 -3.37137741e+01  9.54992586e+07 -1.43402037e+02 
 9.77237221e+07 -3.37455490e+01  9.77237221e+07 -1.42990699e+02 
 1.00000000e+08 -3.37705750e+01  1.00000000e+08 -1.42546153e+02 
