 2.00000000e+01  6.43091016e+01 
 2.24403691e+01  6.46807445e+01 
 2.51785082e+01  6.51075642e+01 
 2.82507509e+01  6.55913768e+01 
 3.16978638e+01  6.61325444e+01 
 3.55655882e+01  6.67299316e+01 
 3.99052463e+01  6.73810139e+01 
 4.47744228e+01  6.80821153e+01 
 5.02377286e+01  6.88287276e+01 
 5.63676586e+01  6.96158543e+01 
 6.32455532e+01  7.04383313e+01 
 7.09626778e+01  7.12910881e+01 
 7.96214341e+01  7.21693358e+01 
 8.93367184e+01  7.30686801e+01 
 1.00237447e+02  7.39851715e+01 
 1.12468265e+02  7.49153052e+01 
 1.26191469e+02  7.58559861e+01 
 1.41589157e+02  7.68044706e+01 
 1.58865647e+02  7.77582954e+01 
 1.78250188e+02  7.87151986e+01 
 2.00000000e+02  7.96730375e+01 
 2.24403691e+02  8.06297047e+01 
 2.51785082e+02  8.15830435e+01 
 2.82507509e+02  8.25307626e+01 
 3.16978638e+02  8.34703524e+01 
 3.55655882e+02  8.43990023e+01 
 3.99052463e+02  8.53135244e+01 
 4.47744228e+02  8.62102885e+01 
 5.02377286e+02  8.70851780e+01 
 5.63676586e+02  8.79335778e+01 
 6.32455532e+02  8.87504080e+01 
 7.09626778e+02  8.95302184e+01 
 7.96214341e+02  9.02673532e+01 
 8.93367184e+02  9.09561850e+01 
 1.00237447e+03  9.15914046e+01 
 1.12468265e+03  9.21683322e+01 
 1.26191469e+03  9.26832010e+01 
 1.41589157e+03  9.31333556e+01 
 1.58865647e+03  9.35173206e+01 
 1.78250188e+03  9.38347128e+01 
 2.00000000e+03  9.40860108e+01 
 2.24403691e+03  9.42722206e+01 
 2.51785082e+03  9.43945020e+01 
 2.82507509e+03  9.44538197e+01 
 3.16978638e+03  9.44506771e+01 
 3.55655882e+03  9.43849735e+01 
 3.99052463e+03  9.42560027e+01 
 4.47744228e+03  9.40625943e+01 
 5.02377286e+03  9.38033746e+01 
 5.63676586e+03  9.34771074e+01 
 6.32455532e+03  9.30830552e+01 
 7.09626778e+03  9.26212943e+01 
 7.96214341e+03  9.20929228e+01 
 8.93367184e+03  9.15001189e+01 
 1.00237447e+04  9.08460416e+01 
 1.12468265e+04  9.01345972e+01 
 1.26191469e+04  8.93701199e+01 
 1.41589157e+04  8.85570215e+01 
 1.58865647e+04  8.76994619e+01 
 1.78250188e+04  8.68010714e+01 
 2.00000000e+04  8.58647456e+01 
 2.24403691e+04  8.48925133e+01 
 2.51785082e+04  8.38854780e+01 
 2.82507509e+04  8.28438278e+01 
 3.16978638e+04  8.17669132e+01 
 3.55655882e+04  8.06533969e+01 
 3.99052463e+04  7.95014796e+01 
 4.47744228e+04  7.83092060e+01 
 5.02377286e+04  7.70748416e+01 
 5.63676586e+04  7.57973006e+01 
 6.32455532e+04  7.44765799e+01 
 7.09626778e+04  7.31141425e+01 
 7.96214341e+04  7.17131831e+01 
 8.93367184e+04  7.02787195e+01 
 1.00237447e+05  6.88174757e+01 
 1.12468265e+05  6.73375558e+01 
 1.26191469e+05  6.58479391e+01 
 1.41589157e+05  6.43578521e+01 
 1.58865647e+05  6.28760865e+01 
 1.78250188e+05  6.14103372e+01 
 2.00000000e+05  5.99666321e+01 
