 2.00000000e+01  7.42792339e+01 
 2.24403691e+01  7.46508770e+01 
 2.51785082e+01  7.50776971e+01 
 2.82507509e+01  7.55615106e+01 
 3.16978638e+01  7.61026794e+01 
 3.55655882e+01  7.67000684e+01 
 3.99052463e+01  7.73511533e+01 
 4.47744228e+01  7.80522582e+01 
 5.02377286e+01  7.87988751e+01 
 5.63676586e+01  7.95860079e+01 
 6.32455532e+01  8.04084928e+01 
 7.09626778e+01  8.12612597e+01 
 7.96214341e+01  8.21395203e+01 
 8.93367184e+01  8.30388809e+01 
 1.00237447e+02  8.39553930e+01 
 1.12468265e+02  8.48855528e+01 
 1.26191469e+02  8.58262665e+01 
 1.41589157e+02  8.67747922e+01 
 1.58865647e+02  8.77286687e+01 
 1.78250188e+02  8.86856365e+01 
 2.00000000e+02  8.96435562e+01 
 2.24403691e+02  9.06003240e+01 
 2.51785082e+02  9.15537878e+01 
 2.82507509e+02  9.25016618e+01 
 3.16978638e+02  9.34414426e+01 
 3.55655882e+02  9.43703268e+01 
 3.99052463e+02  9.52851346e+01 
 4.47744228e+02  9.61822446e+01 
 5.02377286e+02  9.70575491e+01 
 5.63676586e+02  9.79064412e+01 
 6.32455532e+02  9.87238480e+01 
 7.09626778e+02  9.95043239e+01 
 7.96214341e+02  1.00242213e+02 
 8.93367184e+02  1.00931884e+02 
 1.00237447e+03  1.01568018e+02 
 1.12468265e+03  1.02145917e+02 
 1.26191469e+03  1.02661793e+02 
 1.41589157e+03  1.03112967e+02 
 1.58865647e+03  1.03497938e+02 
 1.78250188e+03  1.03816297e+02 
 2.00000000e+03  1.04068504e+02 
 2.24403691e+03  1.04255550e+02 
 2.51785082e+03  1.04378583e+02 
 2.82507509e+03  1.04438563e+02 
 3.16978638e+03  1.04435988e+02 
 3.55655882e+03  1.04370755e+02 
 3.99052463e+03  1.04242149e+02 
 4.47744228e+03  1.04048988e+02 
 5.02377286e+03  1.03789880e+02 
 5.63676586e+03  1.03463560e+02 
 6.32455532e+03  1.03069251e+02 
 7.09626778e+03  1.02606976e+02 
 7.96214341e+03  1.02077767e+02 
 8.93367184e+03  1.01483719e+02 
 1.00237447e+04  1.00827892e+02 
 1.12468265e+04  1.00114068e+02 
 1.26191469e+04  9.93464288e+01 
 1.41589157e+04  9.85291985e+01 
 1.58865647e+04  9.76663031e+01 
 1.78250188e+04  9.67610806e+01 
 2.00000000e+04  9.58160602e+01 
 2.24403691e+04  9.48328121e+01 
 2.51785082e+04  9.38118654e+01 
 2.82507509e+04  9.27526916e+01 
 3.16978638e+04  9.16537489e+01 
 3.55655882e+04  9.05125944e+01 
 3.99052463e+04  8.93260655e+01 
 4.47744228e+04  8.80905363e+01 
 5.02377286e+04  8.68022421e+01 
 5.63676586e+04  8.54576531e+01 
 6.32455532e+04  8.40538607e+01 
 7.09626778e+04  8.25889263e+01 
 7.96214341e+04  8.10621376e+01 
 8.93367184e+04  7.94741329e+01 
 1.00237447e+05  7.78268748e+01 
 1.12468265e+05  7.61234942e+01 
 1.26191469e+05  7.43680464e+01 
 1.41589157e+05  7.25652402e+01 
 1.58865647e+05  7.07201918e+01 
 1.78250188e+05  6.88382416e+01 
 2.00000000e+05  6.69248431e+01 
