 1.00000000e+00  7.87657745e+01  1.00000000e+00  1.79167219e+02 
 1.02329299e+00  7.87651594e+01  1.02329299e+00  1.79149010e+02 
 1.04712855e+00  7.87645201e+01  1.04712855e+00  1.79130452e+02 
 1.07151931e+00  7.87638558e+01  1.07151931e+00  1.79111541e+02 
 1.09647820e+00  7.87631658e+01  1.09647820e+00  1.79092274e+02 
 1.12201845e+00  7.87624493e+01  1.12201845e+00  1.79072647e+02 
 1.14815362e+00  7.87617056e+01  1.14815362e+00  1.79052657e+02 
 1.17489755e+00  7.87609340e+01  1.17489755e+00  1.79032300e+02 
 1.20226443e+00  7.87601337e+01  1.20226443e+00  1.79011574e+02 
 1.23026877e+00  7.87593039e+01  1.23026877e+00  1.78990475e+02 
 1.25892541e+00  7.87584440e+01  1.25892541e+00  1.78969000e+02 
 1.28824955e+00  7.87575532e+01  1.28824955e+00  1.78947147e+02 
 1.31825674e+00  7.87566308e+01  1.31825674e+00  1.78924912e+02 
 1.34896288e+00  7.87556762e+01  1.34896288e+00  1.78902295e+02 
 1.38038426e+00  7.87546886e+01  1.38038426e+00  1.78879292e+02 
 1.41253754e+00  7.87536674e+01  1.41253754e+00  1.78855901e+02 
 1.44543977e+00  7.87526120e+01  1.44543977e+00  1.78832120e+02 
 1.47910839e+00  7.87515219e+01  1.47910839e+00  1.78807948e+02 
 1.51356125e+00  7.87503965e+01  1.51356125e+00  1.78783382e+02 
 1.54881662e+00  7.87492353e+01  1.54881662e+00  1.78758422e+02 
 1.58489319e+00  7.87480378e+01  1.58489319e+00  1.78733065e+02 
 1.62181010e+00  7.87468036e+01  1.62181010e+00  1.78707310e+02 
 1.65958691e+00  7.87455324e+01  1.65958691e+00  1.78681156e+02 
 1.69824365e+00  7.87442239e+01  1.69824365e+00  1.78654601e+02 
 1.73780083e+00  7.87428777e+01  1.73780083e+00  1.78627645e+02 
 1.77827941e+00  7.87414939e+01  1.77827941e+00  1.78600286e+02 
 1.81970086e+00  7.87400721e+01  1.81970086e+00  1.78572522e+02 
 1.86208714e+00  7.87386125e+01  1.86208714e+00  1.78544354e+02 
 1.90546072e+00  7.87371150e+01  1.90546072e+00  1.78515778e+02 
 1.94984460e+00  7.87355798e+01  1.94984460e+00  1.78486794e+02 
 1.99526231e+00  7.87340070e+01  1.99526231e+00  1.78457400e+02 
 2.04173794e+00  7.87323970e+01  2.04173794e+00  1.78427594e+02 
 2.08929613e+00  7.87307501e+01  2.08929613e+00  1.78397375e+02 
 2.13796209e+00  7.87290668e+01  2.13796209e+00  1.78366739e+02 
 2.18776162e+00  7.87273477e+01  2.18776162e+00  1.78335684e+02 
 2.23872114e+00  7.87255934e+01  2.23872114e+00  1.78304206e+02 
 2.29086765e+00  7.87238046e+01  2.29086765e+00  1.78272303e+02 
 2.34422882e+00  7.87219822e+01  2.34422882e+00  1.78239970e+02 
 2.39883292e+00  7.87201271e+01  2.39883292e+00  1.78207203e+02 
 2.45470892e+00  7.87182404e+01  2.45470892e+00  1.78173995e+02 
 2.51188643e+00  7.87163231e+01  2.51188643e+00  1.78140343e+02 
 2.57039578e+00  7.87143764e+01  2.57039578e+00  1.78106237e+02 
 2.63026799e+00  7.87124017e+01  2.63026799e+00  1.78071672e+02 
 2.69153480e+00  7.87104002e+01  2.69153480e+00  1.78036639e+02 
 2.75422870e+00  7.87083735e+01  2.75422870e+00  1.78001128e+02 
 2.81838293e+00  7.87063229e+01  2.81838293e+00  1.77965130e+02 
 2.88403150e+00  7.87042501e+01  2.88403150e+00  1.77928634e+02 
 2.95120923e+00  7.87021567e+01  2.95120923e+00  1.77891626e+02 
 3.01995172e+00  7.87000444e+01  3.01995172e+00  1.77854094e+02 
 3.09029543e+00  7.86979147e+01  3.09029543e+00  1.77816024e+02 
 3.16227766e+00  7.86957696e+01  3.16227766e+00  1.77777399e+02 
 3.23593657e+00  7.86936107e+01  3.23593657e+00  1.77738203e+02 
 3.31131121e+00  7.86914399e+01  3.31131121e+00  1.77698417e+02 
 3.38844156e+00  7.86892589e+01  3.38844156e+00  1.77658023e+02 
 3.46736850e+00  7.86870694e+01  3.46736850e+00  1.77617000e+02 
 3.54813389e+00  7.86848733e+01  3.54813389e+00  1.77575326e+02 
 3.63078055e+00  7.86826722e+01  3.63078055e+00  1.77532977e+02 
 3.71535229e+00  7.86804679e+01  3.71535229e+00  1.77489929e+02 
 3.80189396e+00  7.86782621e+01  3.80189396e+00  1.77446156e+02 
 3.89045145e+00  7.86760562e+01  3.89045145e+00  1.77401630e+02 
 3.98107171e+00  7.86738520e+01  3.98107171e+00  1.77356324e+02 
 4.07380278e+00  7.86716507e+01  4.07380278e+00  1.77310207e+02 
 4.16869383e+00  7.86694539e+01  4.16869383e+00  1.77263249e+02 
 4.26579519e+00  7.86672628e+01  4.26579519e+00  1.77215417e+02 
 4.36515832e+00  7.86650786e+01  4.36515832e+00  1.77166677e+02 
 4.46683592e+00  7.86629024e+01  4.46683592e+00  1.77116995e+02 
 4.57088190e+00  7.86607352e+01  4.57088190e+00  1.77066334e+02 
 4.67735141e+00  7.86585778e+01  4.67735141e+00  1.77014659e+02 
 4.78630092e+00  7.86564310e+01  4.78630092e+00  1.76961930e+02 
 4.89778819e+00  7.86542955e+01  4.89778819e+00  1.76908108e+02 
 5.01187234e+00  7.86521716e+01  5.01187234e+00  1.76853153e+02 
 5.12861384e+00  7.86500599e+01  5.12861384e+00  1.76797024e+02 
 5.24807460e+00  7.86479603e+01  5.24807460e+00  1.76739679e+02 
 5.37031796e+00  7.86458732e+01  5.37031796e+00  1.76681074e+02 
 5.49540874e+00  7.86437983e+01  5.49540874e+00  1.76621165e+02 
 5.62341325e+00  7.86417354e+01  5.62341325e+00  1.76559907e+02 
 5.75439937e+00  7.86396843e+01  5.75439937e+00  1.76497256e+02 
 5.88843655e+00  7.86376443e+01  5.88843655e+00  1.76433163e+02 
 6.02559586e+00  7.86356149e+01  6.02559586e+00  1.76367581e+02 
 6.16595002e+00  7.86335953e+01  6.16595002e+00  1.76300463e+02 
 6.30957344e+00  7.86315844e+01  6.30957344e+00  1.76231760e+02 
 6.45654229e+00  7.86295813e+01  6.45654229e+00  1.76161422e+02 
 6.60693448e+00  7.86275847e+01  6.60693448e+00  1.76089398e+02 
 6.76082975e+00  7.86255931e+01  6.76082975e+00  1.76015638e+02 
 6.91830971e+00  7.86236052e+01  6.91830971e+00  1.75940089e+02 
 7.07945784e+00  7.86216192e+01  7.07945784e+00  1.75862700e+02 
 7.24435960e+00  7.86196333e+01  7.24435960e+00  1.75783418e+02 
 7.41310241e+00  7.86176456e+01  7.41310241e+00  1.75702188e+02 
 7.58577575e+00  7.86156539e+01  7.58577575e+00  1.75618956e+02 
 7.76247117e+00  7.86136562e+01  7.76247117e+00  1.75533667e+02 
 7.94328235e+00  7.86116499e+01  7.94328235e+00  1.75446265e+02 
 8.12830516e+00  7.86096326e+01  8.12830516e+00  1.75356693e+02 
 8.31763771e+00  7.86076017e+01  8.31763771e+00  1.75264895e+02 
 8.51138038e+00  7.86055543e+01  8.51138038e+00  1.75170811e+02 
 8.70963590e+00  7.86034876e+01  8.70963590e+00  1.75074384e+02 
 8.91250938e+00  7.86013984e+01  8.91250938e+00  1.74975554e+02 
 9.12010839e+00  7.85992835e+01  9.12010839e+00  1.74874260e+02 
 9.33254301e+00  7.85971396e+01  9.33254301e+00  1.74770441e+02 
 9.54992586e+00  7.85949631e+01  9.54992586e+00  1.74664036e+02 
 9.77237221e+00  7.85927504e+01  9.77237221e+00  1.74554981e+02 
 1.00000000e+01  7.85904976e+01  1.00000000e+01  1.74443213e+02 
 1.02329299e+01  7.85882007e+01  1.02329299e+01  1.74328666e+02 
 1.04712855e+01  7.85858556e+01  1.04712855e+01  1.74211277e+02 
 1.07151931e+01  7.85834580e+01  1.07151931e+01  1.74090977e+02 
 1.09647820e+01  7.85810032e+01  1.09647820e+01  1.73967700e+02 
 1.12201845e+01  7.85784867e+01  1.12201845e+01  1.73841378e+02 
 1.14815362e+01  7.85759036e+01  1.14815362e+01  1.73711941e+02 
 1.17489755e+01  7.85732488e+01  1.17489755e+01  1.73579318e+02 
 1.20226443e+01  7.85705169e+01  1.20226443e+01  1.73443438e+02 
 1.23026877e+01  7.85677026e+01  1.23026877e+01  1.73304230e+02 
 1.25892541e+01  7.85648001e+01  1.25892541e+01  1.73161618e+02 
 1.28824955e+01  7.85618034e+01  1.28824955e+01  1.73015529e+02 
 1.31825674e+01  7.85587064e+01  1.31825674e+01  1.72865887e+02 
 1.34896288e+01  7.85555027e+01  1.34896288e+01  1.72712616e+02 
 1.38038426e+01  7.85521856e+01  1.38038426e+01  1.72555636e+02 
 1.41253754e+01  7.85487481e+01  1.41253754e+01  1.72394871e+02 
 1.44543977e+01  7.85451831e+01  1.44543977e+01  1.72230238e+02 
 1.47910839e+01  7.85414829e+01  1.47910839e+01  1.72061658e+02 
 1.51356125e+01  7.85376398e+01  1.51356125e+01  1.71889048e+02 
 1.54881662e+01  7.85336456e+01  1.54881662e+01  1.71712325e+02 
 1.58489319e+01  7.85294918e+01  1.58489319e+01  1.71531405e+02 
 1.62181010e+01  7.85251698e+01  1.62181010e+01  1.71346201e+02 
 1.65958691e+01  7.85206702e+01  1.65958691e+01  1.71156628e+02 
 1.69824365e+01  7.85159836e+01  1.69824365e+01  1.70962599e+02 
 1.73780083e+01  7.85111000e+01  1.73780083e+01  1.70764025e+02 
 1.77827941e+01  7.85060091e+01  1.77827941e+01  1.70560816e+02 
 1.81970086e+01  7.85007003e+01  1.81970086e+01  1.70352883e+02 
 1.86208714e+01  7.84951623e+01  1.86208714e+01  1.70140135e+02 
 1.90546072e+01  7.84893835e+01  1.90546072e+01  1.69922480e+02 
 1.94984460e+01  7.84833520e+01  1.94984460e+01  1.69699826e+02 
 1.99526231e+01  7.84770551e+01  1.99526231e+01  1.69472079e+02 
 2.04173794e+01  7.84704799e+01  2.04173794e+01  1.69239146e+02 
 2.08929613e+01  7.84636129e+01  2.08929613e+01  1.69000932e+02 
 2.13796209e+01  7.84564399e+01  2.13796209e+01  1.68757344e+02 
 2.18776162e+01  7.84489464e+01  2.18776162e+01  1.68508286e+02 
 2.23872114e+01  7.84411173e+01  2.23872114e+01  1.68253662e+02 
 2.29086765e+01  7.84329368e+01  2.29086765e+01  1.67993378e+02 
 2.34422882e+01  7.84243887e+01  2.34422882e+01  1.67727339e+02 
 2.39883292e+01  7.84154561e+01  2.39883292e+01  1.67455449e+02 
 2.45470892e+01  7.84061213e+01  2.45470892e+01  1.67177613e+02 
 2.51188643e+01  7.83963663e+01  2.51188643e+01  1.66893737e+02 
 2.57039578e+01  7.83861723e+01  2.57039578e+01  1.66603726e+02 
 2.63026799e+01  7.83755197e+01  2.63026799e+01  1.66307488e+02 
 2.69153480e+01  7.83643885e+01  2.69153480e+01  1.66004930e+02 
 2.75422870e+01  7.83527577e+01  2.75422870e+01  1.65695960e+02 
 2.81838293e+01  7.83406059e+01  2.81838293e+01  1.65380488e+02 
 2.88403150e+01  7.83279106e+01  2.88403150e+01  1.65058425e+02 
 2.95120923e+01  7.83146490e+01  2.95120923e+01  1.64729685e+02 
 3.01995172e+01  7.83007972e+01  3.01995172e+01  1.64394181e+02 
 3.09029543e+01  7.82863307e+01  3.09029543e+01  1.64051831e+02 
 3.16227766e+01  7.82712242e+01  3.16227766e+01  1.63702553e+02 
 3.23593657e+01  7.82554517e+01  3.23593657e+01  1.63346269e+02 
 3.31131121e+01  7.82389863e+01  3.31131121e+01  1.62982903e+02 
 3.38844156e+01  7.82218004e+01  3.38844156e+01  1.62612384e+02 
 3.46736850e+01  7.82038655e+01  3.46736850e+01  1.62234641e+02 
 3.54813389e+01  7.81851525e+01  3.54813389e+01  1.61849610e+02 
 3.63078055e+01  7.81656314e+01  3.63078055e+01  1.61457229e+02 
 3.71535229e+01  7.81452712e+01  3.71535229e+01  1.61057441e+02 
 3.80189396e+01  7.81240406e+01  3.80189396e+01  1.60650194e+02 
 3.89045145e+01  7.81019071e+01  3.89045145e+01  1.60235440e+02 
 3.98107171e+01  7.80788376e+01  3.98107171e+01  1.59813136e+02 
 4.07380278e+01  7.80547982e+01  4.07380278e+01  1.59383248e+02 
 4.16869383e+01  7.80297544e+01  4.16869383e+01  1.58945744e+02 
 4.26579519e+01  7.80036708e+01  4.26579519e+01  1.58500601e+02 
 4.36515832e+01  7.79765115e+01  4.36515832e+01  1.58047802e+02 
 4.46683592e+01  7.79482397e+01  4.46683592e+01  1.57587336e+02 
 4.57088190e+01  7.79188181e+01  4.57088190e+01  1.57119202e+02 
 4.67735141e+01  7.78882089e+01  4.67735141e+01  1.56643406e+02 
 4.78630092e+01  7.78563737e+01  4.78630092e+01  1.56159961e+02 
 4.89778819e+01  7.78232735e+01  4.89778819e+01  1.55668890e+02 
 5.01187234e+01  7.77888688e+01  5.01187234e+01  1.55170226e+02 
 5.12861384e+01  7.77531199e+01  5.12861384e+01  1.54664009e+02 
 5.24807460e+01  7.77159866e+01  5.24807460e+01  1.54150292e+02 
 5.37031796e+01  7.76774286e+01  5.37031796e+01  1.53629135e+02 
 5.49540874e+01  7.76374050e+01  5.49540874e+01  1.53100611e+02 
 5.62341325e+01  7.75958753e+01  5.62341325e+01  1.52564803e+02 
 5.75439937e+01  7.75527986e+01  5.75439937e+01  1.52021804e+02 
 5.88843655e+01  7.75081340e+01  5.88843655e+01  1.51471719e+02 
 6.02559586e+01  7.74618409e+01  6.02559586e+01  1.50914666e+02 
 6.16595002e+01  7.74138788e+01  6.16595002e+01  1.50350773e+02 
 6.30957344e+01  7.73642077e+01  6.30957344e+01  1.49780181e+02 
 6.45654229e+01  7.73127876e+01  6.45654229e+01  1.49203042e+02 
 6.60693448e+01  7.72595794e+01  6.60693448e+01  1.48619521e+02 
 6.76082975e+01  7.72045445e+01  6.76082975e+01  1.48029795e+02 
 6.91830971e+01  7.71476449e+01  6.91830971e+01  1.47434053e+02 
 7.07945784e+01  7.70888437e+01  7.07945784e+01  1.46832497e+02 
 7.24435960e+01  7.70281047e+01  7.24435960e+01  1.46225339e+02 
 7.41310241e+01  7.69653930e+01  7.41310241e+01  1.45612805e+02 
 7.58577575e+01  7.69006745e+01  7.58577575e+01  1.44995132e+02 
 7.76247117e+01  7.68339169e+01  7.76247117e+01  1.44372567e+02 
 7.94328235e+01  7.67650890e+01  7.94328235e+01  1.43745370e+02 
 8.12830516e+01  7.66941611e+01  8.12830516e+01  1.43113810e+02 
 8.31763771e+01  7.66211053e+01  8.31763771e+01  1.42478168e+02 
 8.51138038e+01  7.65458952e+01  8.51138038e+01  1.41838733e+02 
 8.70963590e+01  7.64685065e+01  8.70963590e+01  1.41195804e+02 
 8.91250938e+01  7.63889166e+01  8.91250938e+01  1.40549688e+02 
 9.12010839e+01  7.63071050e+01  9.12010839e+01  1.39900700e+02 
 9.33254301e+01  7.62230532e+01  9.33254301e+01  1.39249163e+02 
 9.54992586e+01  7.61367451e+01  9.54992586e+01  1.38595406e+02 
 9.77237221e+01  7.60481665e+01  9.77237221e+01  1.37939763e+02 
 1.00000000e+02  7.59573058e+01  1.00000000e+02  1.37282574e+02 
 1.02329299e+02  7.58641535e+01  1.02329299e+02  1.36624181e+02 
 1.04712855e+02  7.57687027e+01  1.04712855e+02  1.35964931e+02 
 1.07151931e+02  7.56709487e+01  1.07151931e+02  1.35305173e+02 
 1.09647820e+02  7.55708893e+01  1.09647820e+02  1.34645257e+02 
 1.12201845e+02  7.54685248e+01  1.12201845e+02  1.33985532e+02 
 1.14815362e+02  7.53638579e+01  1.14815362e+02  1.33326348e+02 
 1.17489755e+02  7.52568937e+01  1.17489755e+02  1.32668054e+02 
 1.20226443e+02  7.51476396e+01  1.20226443e+02  1.32010996e+02 
 1.23026877e+02  7.50361057e+01  1.23026877e+02  1.31355515e+02 
 1.25892541e+02  7.49223041e+01  1.25892541e+02  1.30701950e+02 
 1.28824955e+02  7.48062494e+01  1.28824955e+02  1.30050635e+02 
 1.31825674e+02  7.46879582e+01  1.31825674e+02  1.29401896e+02 
 1.34896288e+02  7.45674494e+01  1.34896288e+02  1.28756056e+02 
 1.38038426e+02  7.44447440e+01  1.38038426e+02  1.28113426e+02 
 1.41253754e+02  7.43198650e+01  1.41253754e+02  1.27474314e+02 
 1.44543977e+02  7.41928372e+01  1.44543977e+02  1.26839015e+02 
 1.47910839e+02  7.40636873e+01  1.47910839e+02  1.26207816e+02 
 1.51356125e+02  7.39324437e+01  1.51356125e+02  1.25580996e+02 
 1.54881662e+02  7.37991364e+01  1.54881662e+02  1.24958822e+02 
 1.58489319e+02  7.36637968e+01  1.58489319e+02  1.24341551e+02 
 1.62181010e+02  7.35264578e+01  1.62181010e+02  1.23729426e+02 
 1.65958691e+02  7.33871536e+01  1.65958691e+02  1.23122683e+02 
 1.69824365e+02  7.32459195e+01  1.69824365e+02  1.22521544e+02 
 1.73780083e+02  7.31027919e+01  1.73780083e+02  1.21926218e+02 
 1.77827941e+02  7.29578080e+01  1.77827941e+02  1.21336903e+02 
 1.81970086e+02  7.28110060e+01  1.81970086e+02  1.20753786e+02 
 1.86208714e+02  7.26624246e+01  1.86208714e+02  1.20177039e+02 
 1.90546072e+02  7.25121033e+01  1.90546072e+02  1.19606824e+02 
 1.94984460e+02  7.23600819e+01  1.94984460e+02  1.19043290e+02 
 1.99526231e+02  7.22064008e+01  1.99526231e+02  1.18486574e+02 
 2.04173794e+02  7.20511005e+01  2.04173794e+02  1.17936801e+02 
 2.08929613e+02  7.18942218e+01  2.08929613e+02  1.17394082e+02 
 2.13796209e+02  7.17358054e+01  2.13796209e+02  1.16858521e+02 
 2.18776162e+02  7.15758923e+01  2.18776162e+02  1.16330207e+02 
 2.23872114e+02  7.14145231e+01  2.23872114e+02  1.15809218e+02 
 2.29086765e+02  7.12517385e+01  2.29086765e+02  1.15295623e+02 
 2.34422882e+02  7.10875788e+01  2.34422882e+02  1.14789479e+02 
 2.39883292e+02  7.09220842e+01  2.39883292e+02  1.14290834e+02 
 2.45470892e+02  7.07552941e+01  2.45470892e+02  1.13799724e+02 
 2.51188643e+02  7.05872480e+01  2.51188643e+02  1.13316177e+02 
 2.57039578e+02  7.04179846e+01  2.57039578e+02  1.12840213e+02 
 2.63026799e+02  7.02475420e+01  2.63026799e+02  1.12371842e+02 
 2.69153480e+02  7.00759580e+01  2.69153480e+02  1.11911065e+02 
 2.75422870e+02  6.99032696e+01  2.75422870e+02  1.11457875e+02 
 2.81838293e+02  6.97295131e+01  2.81838293e+02  1.11012260e+02 
 2.88403150e+02  6.95547243e+01  2.88403150e+02  1.10574198e+02 
 2.95120923e+02  6.93789380e+01  2.95120923e+02  1.10143662e+02 
 3.01995172e+02  6.92021885e+01  3.01995172e+02  1.09720617e+02 
 3.09029543e+02  6.90245093e+01  3.09029543e+02  1.09305024e+02 
 3.16227766e+02  6.88459330e+01  3.16227766e+02  1.08896836e+02 
 3.23593657e+02  6.86664915e+01  3.23593657e+02  1.08496004e+02 
 3.31131121e+02  6.84862159e+01  3.31131121e+02  1.08102470e+02 
 3.38844156e+02  6.83051364e+01  3.38844156e+02  1.07716175e+02 
 3.46736850e+02  6.81232827e+01  3.46736850e+02  1.07337054e+02 
 3.54813389e+02  6.79406832e+01  3.54813389e+02  1.06965039e+02 
 3.63078055e+02  6.77573658e+01  3.63078055e+02  1.06600057e+02 
 3.71535229e+02  6.75733576e+01  3.71535229e+02  1.06242034e+02 
 3.80189396e+02  6.73886847e+01  3.80189396e+02  1.05890891e+02 
 3.89045145e+02  6.72033726e+01  3.89045145e+02  1.05546547e+02 
 3.98107171e+02  6.70174460e+01  3.98107171e+02  1.05208920e+02 
 4.07380278e+02  6.68309286e+01  4.07380278e+02  1.04877923e+02 
 4.16869383e+02  6.66438436e+01  4.16869383e+02  1.04553470e+02 
 4.26579519e+02  6.64562132e+01  4.26579519e+02  1.04235471e+02 
 4.36515832e+02  6.62680590e+01  4.36515832e+02  1.03923836e+02 
 4.46683592e+02  6.60794019e+01  4.46683592e+02  1.03618473e+02 
 4.57088190e+02  6.58902620e+01  4.57088190e+02  1.03319291e+02 
 4.67735141e+02  6.57006587e+01  4.67735141e+02  1.03026194e+02 
 4.78630092e+02  6.55106107e+01  4.78630092e+02  1.02739090e+02 
 4.89778819e+02  6.53201361e+01  4.89778819e+02  1.02457883e+02 
 5.01187234e+02  6.51292524e+01  5.01187234e+02  1.02182478e+02 
 5.12861384e+02  6.49379762e+01  5.12861384e+02  1.01912780e+02 
 5.24807460e+02  6.47463238e+01  5.24807460e+02  1.01648694e+02 
 5.37031796e+02  6.45543106e+01  5.37031796e+02  1.01390124e+02 
 5.49540874e+02  6.43619518e+01  5.49540874e+02  1.01136976e+02 
 5.62341325e+02  6.41692615e+01  5.62341325e+02  1.00889154e+02 
 5.75439937e+02  6.39762538e+01  5.75439937e+02  1.00646564e+02 
 5.88843655e+02  6.37829419e+01  5.88843655e+02  1.00409113e+02 
 6.02559586e+02  6.35893386e+01  6.02559586e+02  1.00176706e+02 
 6.16595002e+02  6.33954562e+01  6.16595002e+02  9.99492510e+01 
 6.30957344e+02  6.32013065e+01  6.30957344e+02  9.97266563e+01 
 6.45654229e+02  6.30069008e+01  6.45654229e+02  9.95088304e+01 
 6.60693448e+02  6.28122501e+01  6.60693448e+02  9.92956828e+01 
 6.76082975e+02  6.26173648e+01  6.76082975e+02  9.90871240e+01 
 6.91830971e+02  6.24222549e+01  6.91830971e+02  9.88830655e+01 
 7.07945784e+02  6.22269301e+01  7.07945784e+02  9.86834197e+01 
 7.24435960e+02  6.20313996e+01  7.24435960e+02  9.84881001e+01 
 7.41310241e+02  6.18356721e+01  7.41310241e+02  9.82970211e+01 
 7.58577575e+02  6.16397564e+01  7.58577575e+02  9.81100983e+01 
 7.76247117e+02  6.14436603e+01  7.76247117e+02  9.79272485e+01 
 7.94328235e+02  6.12473919e+01  7.94328235e+02  9.77483896e+01 
 8.12830516e+02  6.10509585e+01  8.12830516e+02  9.75734405e+01 
 8.31763771e+02  6.08543673e+01  8.31763771e+02  9.74023215e+01 
 8.51138038e+02  6.06576252e+01  8.51138038e+02  9.72349540e+01 
 8.70963590e+02  6.04607387e+01  8.70963590e+02  9.70712606e+01 
 8.91250938e+02  6.02637142e+01  8.91250938e+02  9.69111651e+01 
 9.12010839e+02  6.00665576e+01  9.12010839e+02  9.67545925e+01 
 9.33254301e+02  5.98692749e+01  9.33254301e+02  9.66014692e+01 
 9.54992586e+02  5.96718714e+01  9.54992586e+02  9.64517226e+01 
 9.77237221e+02  5.94743525e+01  9.77237221e+02  9.63052815e+01 
 1.00000000e+03  5.92767232e+01  1.00000000e+03  9.61620757e+01 
 1.02329299e+03  5.90789885e+01  1.02329299e+03  9.60220365e+01 
 1.04712855e+03  5.88811529e+01  1.04712855e+03  9.58850962e+01 
 1.07151931e+03  5.86832209e+01  1.07151931e+03  9.57511884e+01 
 1.09647820e+03  5.84851968e+01  1.09647820e+03  9.56202480e+01 
 1.12201845e+03  5.82870845e+01  1.12201845e+03  9.54922108e+01 
 1.14815362e+03  5.80888881e+01  1.14815362e+03  9.53670141e+01 
 1.17489755e+03  5.78906112e+01  1.17489755e+03  9.52445962e+01 
 1.20226443e+03  5.76922574e+01  1.20226443e+03  9.51248967e+01 
 1.23026877e+03  5.74938300e+01  1.23026877e+03  9.50078561e+01 
 1.25892541e+03  5.72953325e+01  1.25892541e+03  9.48934163e+01 
 1.28824955e+03  5.70967677e+01  1.28824955e+03  9.47815202e+01 
 1.31825674e+03  5.68981389e+01  1.31825674e+03  9.46721119e+01 
 1.34896288e+03  5.66994487e+01  1.34896288e+03  9.45651365e+01 
 1.38038426e+03  5.65006999e+01  1.38038426e+03  9.44605401e+01 
 1.41253754e+03  5.63018952e+01  1.41253754e+03  9.43582702e+01 
 1.44543977e+03  5.61030370e+01  1.44543977e+03  9.42582749e+01 
 1.47910839e+03  5.59041276e+01  1.47910839e+03  9.41605038e+01 
 1.51356125e+03  5.57051694e+01  1.51356125e+03  9.40649072e+01 
 1.54881662e+03  5.55061646e+01  1.54881662e+03  9.39714364e+01 
 1.58489319e+03  5.53071152e+01  1.58489319e+03  9.38800439e+01 
 1.62181010e+03  5.51080232e+01  1.62181010e+03  9.37906831e+01 
 1.65958691e+03  5.49088905e+01  1.65958691e+03  9.37033082e+01 
 1.69824365e+03  5.47097190e+01  1.69824365e+03  9.36178746e+01 
 1.73780083e+03  5.45105103e+01  1.73780083e+03  9.35343383e+01 
 1.77827941e+03  5.43112661e+01  1.77827941e+03  9.34526566e+01 
 1.81970086e+03  5.41119880e+01  1.81970086e+03  9.33727873e+01 
 1.86208714e+03  5.39126776e+01  1.86208714e+03  9.32946894e+01 
 1.90546072e+03  5.37133362e+01  1.90546072e+03  9.32183226e+01 
 1.94984460e+03  5.35139653e+01  1.94984460e+03  9.31436473e+01 
 1.99526231e+03  5.33145661e+01  1.99526231e+03  9.30706251e+01 
 2.04173794e+03  5.31151400e+01  2.04173794e+03  9.29992181e+01 
 2.08929613e+03  5.29156881e+01  2.08929613e+03  9.29293894e+01 
 2.13796209e+03  5.27162116e+01  2.13796209e+03  9.28611026e+01 
 2.18776162e+03  5.25167116e+01  2.18776162e+03  9.27943223e+01 
 2.23872114e+03  5.23171892e+01  2.23872114e+03  9.27290138e+01 
 2.29086765e+03  5.21176453e+01  2.29086765e+03  9.26651432e+01 
 2.34422882e+03  5.19180809e+01  2.34422882e+03  9.26026771e+01 
 2.39883292e+03  5.17184970e+01  2.39883292e+03  9.25415831e+01 
 2.45470892e+03  5.15188944e+01  2.45470892e+03  9.24818292e+01 
 2.51188643e+03  5.13192739e+01  2.51188643e+03  9.24233843e+01 
 2.57039578e+03  5.11196364e+01  2.57039578e+03  9.23662179e+01 
 2.63026799e+03  5.09199826e+01  2.63026799e+03  9.23103000e+01 
 2.69153480e+03  5.07203132e+01  2.69153480e+03  9.22556014e+01 
 2.75422870e+03  5.05206290e+01  2.75422870e+03  9.22020936e+01 
 2.81838293e+03  5.03209306e+01  2.81838293e+03  9.21497484e+01 
 2.88403150e+03  5.01212186e+01  2.88403150e+03  9.20985384e+01 
 2.95120923e+03  4.99214937e+01  2.95120923e+03  9.20484369e+01 
 3.01995172e+03  4.97217565e+01  3.01995172e+03  9.19994174e+01 
 3.09029543e+03  4.95220074e+01  3.09029543e+03  9.19514544e+01 
 3.16227766e+03  4.93222470e+01  3.16227766e+03  9.19045226e+01 
 3.23593657e+03  4.91224759e+01  3.23593657e+03  9.18585973e+01 
 3.31131121e+03  4.89226945e+01  3.31131121e+03  9.18136544e+01 
 3.38844156e+03  4.87229032e+01  3.38844156e+03  9.17696704e+01 
 3.46736850e+03  4.85231026e+01  3.46736850e+03  9.17266220e+01 
 3.54813389e+03  4.83232930e+01  3.54813389e+03  9.16844867e+01 
 3.63078055e+03  4.81234748e+01  3.63078055e+03  9.16432421e+01 
 3.71535229e+03  4.79236485e+01  3.71535229e+03  9.16028667e+01 
 3.80189396e+03  4.77238143e+01  3.80189396e+03  9.15633392e+01 
 3.89045145e+03  4.75239727e+01  3.89045145e+03  9.15246387e+01 
 3.98107171e+03  4.73241240e+01  3.98107171e+03  9.14867448e+01 
 4.07380278e+03  4.71242685e+01  4.07380278e+03  9.14496376e+01 
 4.16869383e+03  4.69244065e+01  4.16869383e+03  9.14132975e+01 
 4.26579519e+03  4.67245382e+01  4.26579519e+03  9.13777054e+01 
 4.36515832e+03  4.65246641e+01  4.36515832e+03  9.13428424e+01 
 4.46683592e+03  4.63247843e+01  4.46683592e+03  9.13086901e+01 
 4.57088190e+03  4.61248991e+01  4.57088190e+03  9.12752306e+01 
 4.67735141e+03  4.59250087e+01  4.67735141e+03  9.12424462e+01 
 4.78630092e+03  4.57251134e+01  4.78630092e+03  9.12103195e+01 
 4.89778819e+03  4.55252134e+01  4.89778819e+03  9.11788336e+01 
 5.01187234e+03  4.53253088e+01  5.01187234e+03  9.11479719e+01 
 5.12861384e+03  4.51254000e+01  5.12861384e+03  9.11177180e+01 
 5.24807460e+03  4.49254871e+01  5.24807460e+03  9.10880560e+01 
 5.37031796e+03  4.47255703e+01  5.37031796e+03  9.10589702e+01 
 5.49540874e+03  4.45256497e+01  5.49540874e+03  9.10304452e+01 
 5.62341325e+03  4.43257256e+01  5.62341325e+03  9.10024659e+01 
 5.75439937e+03  4.41257981e+01  5.75439937e+03  9.09750176e+01 
 5.88843655e+03  4.39258673e+01  5.88843655e+03  9.09480857e+01 
 6.02559586e+03  4.37259334e+01  6.02559586e+03  9.09216560e+01 
 6.16595002e+03  4.35259965e+01  6.16595002e+03  9.08957145e+01 
 6.30957344e+03  4.33260567e+01  6.30957344e+03  9.08702475e+01 
 6.45654229e+03  4.31261143e+01  6.45654229e+03  9.08452415e+01 
 6.60693448e+03  4.29261693e+01  6.60693448e+03  9.08206833e+01 
 6.76082975e+03  4.27262218e+01  6.76082975e+03  9.07965599e+01 
 6.91830971e+03  4.25262720e+01  6.91830971e+03  9.07728585e+01 
 7.07945784e+03  4.23263199e+01  7.07945784e+03  9.07495665e+01 
 7.24435960e+03  4.21263656e+01  7.24435960e+03  9.07266718e+01 
 7.41310241e+03  4.19264093e+01  7.41310241e+03  9.07041620e+01 
 7.58577575e+03  4.17264510e+01  7.58577575e+03  9.06820253e+01 
 7.76247117e+03  4.15264909e+01  7.76247117e+03  9.06602501e+01 
 7.94328235e+03  4.13265290e+01  7.94328235e+03  9.06388247e+01 
 8.12830516e+03  4.11265653e+01  8.12830516e+03  9.06177378e+01 
 8.31763771e+03  4.09266001e+01  8.31763771e+03  9.05969782e+01 
 8.51138038e+03  4.07266332e+01  8.51138038e+03  9.05765350e+01 
 8.70963590e+03  4.05266649e+01  8.70963590e+03  9.05563974e+01 
 8.91250938e+03  4.03266952e+01  8.91250938e+03  9.05365545e+01 
 9.12010839e+03  4.01267241e+01  9.12010839e+03  9.05169961e+01 
 9.33254301e+03  3.99267517e+01  9.33254301e+03  9.04977116e+01 
 9.54992586e+03  3.97267781e+01  9.54992586e+03  9.04786910e+01 
 9.77237221e+03  3.95268033e+01  9.77237221e+03  9.04599240e+01 
 1.00000000e+04  3.93268273e+01  1.00000000e+04  9.04414008e+01 
 1.02329299e+04  3.91268503e+01  1.02329299e+04  9.04231115e+01 
 1.04712855e+04  3.89268723e+01  1.04712855e+04  9.04050465e+01 
 1.07151931e+04  3.87268933e+01  1.07151931e+04  9.03871961e+01 
 1.09647820e+04  3.85269134e+01  1.09647820e+04  9.03695510e+01 
 1.12201845e+04  3.83269325e+01  1.12201845e+04  9.03521018e+01 
 1.14815362e+04  3.81269508e+01  1.14815362e+04  9.03348392e+01 
 1.17489755e+04  3.79269683e+01  1.17489755e+04  9.03177541e+01 
 1.20226443e+04  3.77269850e+01  1.20226443e+04  9.03008374e+01 
 1.23026877e+04  3.75270010e+01  1.23026877e+04  9.02840802e+01 
 1.25892541e+04  3.73270163e+01  1.25892541e+04  9.02674736e+01 
 1.28824955e+04  3.71270309e+01  1.28824955e+04  9.02510088e+01 
 1.31825674e+04  3.69270448e+01  1.31825674e+04  9.02346770e+01 
 1.34896288e+04  3.67270582e+01  1.34896288e+04  9.02184697e+01 
 1.38038426e+04  3.65270709e+01  1.38038426e+04  9.02023782e+01 
 1.41253754e+04  3.63270831e+01  1.41253754e+04  9.01863940e+01 
 1.44543977e+04  3.61270948e+01  1.44543977e+04  9.01705086e+01 
 1.47910839e+04  3.59271059e+01  1.47910839e+04  9.01547136e+01 
 1.51356125e+04  3.57271166e+01  1.51356125e+04  9.01390006e+01 
 1.54881662e+04  3.55271268e+01  1.54881662e+04  9.01233614e+01 
 1.58489319e+04  3.53271365e+01  1.58489319e+04  9.01077876e+01 
 1.62181010e+04  3.51271459e+01  1.62181010e+04  9.00922710e+01 
 1.65958691e+04  3.49271548e+01  1.65958691e+04  9.00768033e+01 
 1.69824365e+04  3.47271634e+01  1.69824365e+04  9.00613764e+01 
 1.73780083e+04  3.45271716e+01  1.73780083e+04  9.00459820e+01 
 1.77827941e+04  3.43271795e+01  1.77827941e+04  9.00306121e+01 
 1.81970086e+04  3.41271870e+01  1.81970086e+04  9.00152585e+01 
 1.86208714e+04  3.39271942e+01  1.86208714e+04  8.99999130e+01 
 1.90546072e+04  3.37272011e+01  1.90546072e+04  8.99845675e+01 
 1.94984460e+04  3.35272078e+01  1.94984460e+04  8.99692139e+01 
 1.99526231e+04  3.33272141e+01  1.99526231e+04  8.99538441e+01 
 2.04173794e+04  3.31272202e+01  2.04173794e+04  8.99384499e+01 
 2.08929613e+04  3.29272261e+01  2.08929613e+04  8.99230231e+01 
 2.13796209e+04  3.27272318e+01  2.13796209e+04  8.99075556e+01 
 2.18776162e+04  3.25272372e+01  2.18776162e+04  8.98920392e+01 
 2.23872114e+04  3.23272424e+01  2.23872114e+04  8.98764657e+01 
 2.29086765e+04  3.21272475e+01  2.29086765e+04  8.98608269e+01 
 2.34422882e+04  3.19272523e+01  2.34422882e+04  8.98451143e+01 
 2.39883292e+04  3.17272570e+01  2.39883292e+04  8.98293198e+01 
 2.45470892e+04  3.15272615e+01  2.45470892e+04  8.98134350e+01 
 2.51188643e+04  3.13272659e+01  2.51188643e+04  8.97974514e+01 
 2.57039578e+04  3.11272701e+01  2.57039578e+04  8.97813606e+01 
 2.63026799e+04  3.09272742e+01  2.63026799e+04  8.97651541e+01 
 2.69153480e+04  3.07272781e+01  2.69153480e+04  8.97488233e+01 
 2.75422870e+04  3.05272820e+01  2.75422870e+04  8.97323595e+01 
 2.81838293e+04  3.03272857e+01  2.81838293e+04  8.97157541e+01 
 2.88403150e+04  3.01272894e+01  2.88403150e+04  8.96989982e+01 
 2.95120923e+04  2.99272929e+01  2.95120923e+04  8.96820830e+01 
 3.01995172e+04  2.97272964e+01  3.01995172e+04  8.96649996e+01 
 3.09029543e+04  2.95272998e+01  3.09029543e+04  8.96477388e+01 
 3.16227766e+04  2.93273031e+01  3.16227766e+04  8.96302917e+01 
 3.23593657e+04  2.91273064e+01  3.23593657e+04  8.96126489e+01 
 3.31131121e+04  2.89273096e+01  3.31131121e+04  8.95948011e+01 
 3.38844156e+04  2.87273128e+01  3.38844156e+04  8.95767389e+01 
 3.46736850e+04  2.85273160e+01  3.46736850e+04  8.95584528e+01 
 3.54813389e+04  2.83273191e+01  3.54813389e+04  8.95399330e+01 
 3.63078055e+04  2.81273222e+01  3.63078055e+04  8.95211699e+01 
 3.71535229e+04  2.79273253e+01  3.71535229e+04  8.95021534e+01 
 3.80189396e+04  2.77273284e+01  3.80189396e+04  8.94828736e+01 
 3.89045145e+04  2.75273315e+01  3.89045145e+04  8.94633202e+01 
 3.98107171e+04  2.73273346e+01  3.98107171e+04  8.94434830e+01 
 4.07380278e+04  2.71273377e+01  4.07380278e+04  8.94233515e+01 
 4.16869383e+04  2.69273409e+01  4.16869383e+04  8.94029150e+01 
 4.26579519e+04  2.67273441e+01  4.26579519e+04  8.93821627e+01 
 4.36515832e+04  2.65273473e+01  4.36515832e+04  8.93610838e+01 
 4.46683592e+04  2.63273506e+01  4.46683592e+04  8.93396671e+01 
 4.57088190e+04  2.61273540e+01  4.57088190e+04  8.93179014e+01 
 4.67735141e+04  2.59273574e+01  4.67735141e+04  8.92957751e+01 
 4.78630092e+04  2.57273609e+01  4.78630092e+04  8.92732765e+01 
 4.89778819e+04  2.55273646e+01  4.89778819e+04  8.92503940e+01 
 5.01187234e+04  2.53273683e+01  5.01187234e+04  8.92271153e+01 
 5.12861384e+04  2.51273722e+01  5.12861384e+04  8.92034283e+01 
 5.24807460e+04  2.49273762e+01  5.24807460e+04  8.91793205e+01 
 5.37031796e+04  2.47273803e+01  5.37031796e+04  8.91547793e+01 
 5.49540874e+04  2.45273846e+01  5.49540874e+04  8.91297916e+01 
 5.62341325e+04  2.43273891e+01  5.62341325e+04  8.91043444e+01 
 5.75439937e+04  2.41273938e+01  5.75439937e+04  8.90784244e+01 
 5.88843655e+04  2.39273988e+01  5.88843655e+04  8.90520178e+01 
 6.02559586e+04  2.37274039e+01  6.02559586e+04  8.90251110e+01 
 6.16595002e+04  2.35274093e+01  6.16595002e+04  8.89976896e+01 
 6.30957344e+04  2.33274150e+01  6.30957344e+04  8.89697395e+01 
 6.45654229e+04  2.31274209e+01  6.45654229e+04  8.89412458e+01 
 6.60693448e+04  2.29274272e+01  6.60693448e+04  8.89121938e+01 
 6.76082975e+04  2.27274338e+01  6.76082975e+04  8.88825681e+01 
 6.91830971e+04  2.25274408e+01  6.91830971e+04  8.88523533e+01 
 7.07945784e+04  2.23274483e+01  7.07945784e+04  8.88215336e+01 
 7.24435960e+04  2.21274561e+01  7.24435960e+04  8.87900929e+01 
 7.41310241e+04  2.19274644e+01  7.41310241e+04  8.87580147e+01 
 7.58577575e+04  2.17274732e+01  7.58577575e+04  8.87252823e+01 
 7.76247117e+04  2.15274826e+01  7.76247117e+04  8.86918787e+01 
 7.94328235e+04  2.13274926e+01  7.94328235e+04  8.86577863e+01 
 8.12830516e+04  2.11275031e+01  8.12830516e+04  8.86229875e+01 
 8.31763771e+04  2.09275144e+01  8.31763771e+04  8.85874641e+01 
 8.51138038e+04  2.07275264e+01  8.51138038e+04  8.85511976e+01 
 8.70963590e+04  2.05275392e+01  8.70963590e+04  8.85141692e+01 
 8.91250938e+04  2.03275529e+01  8.91250938e+04  8.84763596e+01 
 9.12010839e+04  2.01275674e+01  9.12010839e+04  8.84377491e+01 
 9.33254301e+04  1.99275830e+01  9.33254301e+04  8.83983178e+01 
 9.54992586e+04  1.97275996e+01  9.54992586e+04  8.83580451e+01 
 9.77237221e+04  1.95276174e+01  9.77237221e+04  8.83169102e+01 
 1.00000000e+05  1.93276364e+01  1.00000000e+05  8.82748918e+01 
 1.02329299e+05  1.91276567e+01  1.02329299e+05  8.82319681e+01 
 1.04712855e+05  1.89276784e+01  1.04712855e+05  8.81881168e+01 
 1.07151931e+05  1.87277017e+01  1.07151931e+05  8.81433154e+01 
 1.09647820e+05  1.85277267e+01  1.09647820e+05  8.80975407e+01 
 1.12201845e+05  1.83277534e+01  1.12201845e+05  8.80507690e+01 
 1.14815362e+05  1.81277820e+01  1.14815362e+05  8.80029761e+01 
 1.17489755e+05  1.79278127e+01  1.17489755e+05  8.79541375e+01 
 1.20226443e+05  1.77278456e+01  1.20226443e+05  8.79042279e+01 
 1.23026877e+05  1.75278809e+01  1.23026877e+05  8.78532216e+01 
 1.25892541e+05  1.73279188e+01  1.25892541e+05  8.78010923e+01 
 1.28824955e+05  1.71279594e+01  1.28824955e+05  8.77478132e+01 
 1.31825674e+05  1.69280029e+01  1.31825674e+05  8.76933570e+01 
 1.34896288e+05  1.67280496e+01  1.34896288e+05  8.76376954e+01 
 1.38038426e+05  1.65280997e+01  1.38038426e+05  8.75808001e+01 
 1.41253754e+05  1.63281535e+01  1.41253754e+05  8.75226416e+01 
 1.44543977e+05  1.61282112e+01  1.44543977e+05  8.74631901e+01 
 1.47910839e+05  1.59282732e+01  1.47910839e+05  8.74024150e+01 
 1.51356125e+05  1.57283396e+01  1.51356125e+05  8.73402851e+01 
 1.54881662e+05  1.55284109e+01  1.54881662e+05  8.72767686e+01 
 1.58489319e+05  1.53284874e+01  1.58489319e+05  8.72118326e+01 
 1.62181010e+05  1.51285694e+01  1.62181010e+05  8.71454440e+01 
 1.65958691e+05  1.49286574e+01  1.65958691e+05  8.70775685e+01 
 1.69824365e+05  1.47287517e+01  1.69824365e+05  8.70081713e+01 
 1.73780083e+05  1.45288529e+01  1.73780083e+05  8.69372167e+01 
 1.77827941e+05  1.43289614e+01  1.77827941e+05  8.68646682e+01 
 1.81970086e+05  1.41290776e+01  1.81970086e+05  8.67904884e+01 
 1.86208714e+05  1.39292022e+01  1.86208714e+05  8.67146393e+01 
 1.90546072e+05  1.37293357e+01  1.90546072e+05  8.66370816e+01 
 1.94984460e+05  1.35294786e+01  1.94984460e+05  8.65577754e+01 
 1.99526231e+05  1.33296316e+01  1.99526231e+05  8.64766798e+01 
 2.04173794e+05  1.31297954e+01  2.04173794e+05  8.63937529e+01 
 2.08929613e+05  1.29299707e+01  2.08929613e+05  8.63089519e+01 
 2.13796209e+05  1.27301582e+01  2.13796209e+05  8.62222328e+01 
 2.18776162e+05  1.25303587e+01  2.18776162e+05  8.61335508e+01 
 2.23872114e+05  1.23305730e+01  2.23872114e+05  8.60428599e+01 
 2.29086765e+05  1.21308019e+01  2.29086765e+05  8.59501129e+01 
 2.34422882e+05  1.19310465e+01  2.34422882e+05  8.58552618e+01 
 2.39883292e+05  1.17313076e+01  2.39883292e+05  8.57582570e+01 
 2.45470892e+05  1.15315862e+01  2.45470892e+05  8.56590482e+01 
 2.51188643e+05  1.13318834e+01  2.51188643e+05  8.55575833e+01 
 2.57039578e+05  1.11322003e+01  2.57039578e+05  8.54538096e+01 
 2.63026799e+05  1.09325380e+01  2.63026799e+05  8.53476725e+01 
 2.69153480e+05  1.07328978e+01  2.69153480e+05  8.52391165e+01 
 2.75422870e+05  1.05332809e+01  2.75422870e+05  8.51280846e+01 
 2.81838293e+05  1.03336886e+01  2.81838293e+05  8.50145184e+01 
 2.88403150e+05  1.01341223e+01  2.88403150e+05  8.48983581e+01 
 2.95120923e+05  9.93458349e+00  2.95120923e+05  8.47795425e+01 
 3.01995172e+05  9.73507358e+00  3.01995172e+05  8.46580087e+01 
 3.09029543e+05  9.53559417e+00  3.09029543e+05  8.45336926e+01 
 3.16227766e+05  9.33614689e+00  3.16227766e+05  8.44065283e+01 
 3.23593657e+05  9.13673345e+00  3.23593657e+05  8.42764483e+01 
 3.31131121e+05  8.93735561e+00  3.31131121e+05  8.41433836e+01 
 3.38844156e+05  8.73801523e+00  3.38844156e+05  8.40072633e+01 
 3.46736850e+05  8.53871422e+00  3.46736850e+05  8.38680151e+01 
 3.54813389e+05  8.33945459e+00  3.54813389e+05  8.37255647e+01 
 3.63078055e+05  8.14023842e+00  3.63078055e+05  8.35798361e+01 
 3.71535229e+05  7.94106787e+00  3.71535229e+05  8.34307515e+01 
 3.80189396e+05  7.74194521e+00  3.80189396e+05  8.32782311e+01 
 3.89045145e+05  7.54287279e+00  3.89045145e+05  8.31221933e+01 
 3.98107171e+05  7.34385305e+00  3.98107171e+05  8.29625546e+01 
 4.07380278e+05  7.14488854e+00  4.07380278e+05  8.27992293e+01 
 4.16869383e+05  6.94598190e+00  4.16869383e+05  8.26321298e+01 
 4.26579519e+05  6.74713591e+00  4.26579519e+05  8.24611664e+01 
 4.36515832e+05  6.54835342e+00  4.36515832e+05  8.22862473e+01 
 4.46683592e+05  6.34963743e+00  4.46683592e+05  8.21072785e+01 
 4.57088190e+05  6.15099106e+00  4.57088190e+05  8.19241637e+01 
 4.67735141e+05  5.95241755e+00  4.67735141e+05  8.17368043e+01 
 4.78630092e+05  5.75392028e+00  4.78630092e+05  8.15450997e+01 
 4.89778819e+05  5.55550277e+00  4.89778819e+05  8.13489464e+01 
 5.01187234e+05  5.35716870e+00  5.01187234e+05  8.11482389e+01 
 5.12861384e+05  5.15892188e+00  5.12861384e+05  8.09428690e+01 
 5.24807460e+05  4.96076630e+00  5.24807460e+05  8.07327261e+01 
 5.37031796e+05  4.76270613e+00  5.37031796e+05  8.05176967e+01 
 5.49540874e+05  4.56474569e+00  5.49540874e+05  8.02976649e+01 
 5.62341325e+05  4.36688951e+00  5.62341325e+05  8.00725121e+01 
 5.75439937e+05  4.16914230e+00  5.75439937e+05  7.98421166e+01 
 5.88843655e+05  3.97150898e+00  5.88843655e+05  7.96063542e+01 
 6.02559586e+05  3.77399467e+00  6.02559586e+05  7.93650976e+01 
 6.16595002e+05  3.57660474e+00  6.16595002e+05  7.91182163e+01 
 6.30957344e+05  3.37934476e+00  6.30957344e+05  7.88655769e+01 
 6.45654229e+05  3.18222055e+00  6.45654229e+05  7.86070430e+01 
 6.60693448e+05  2.98523820e+00  6.60693448e+05  7.83424746e+01 
 6.76082975e+05  2.78840405e+00  6.76082975e+05  7.80717285e+01 
 6.91830971e+05  2.59172471e+00  6.91830971e+05  7.77946582e+01 
 7.07945784e+05  2.39520708e+00  7.07945784e+05  7.75111134e+01 
 7.24435960e+05  2.19885836e+00  7.24435960e+05  7.72209405e+01 
 7.41310241e+05  2.00268606e+00  7.41310241e+05  7.69239820e+01 
 7.58577575e+05  1.80669801e+00  7.58577575e+05  7.66200764e+01 
 7.76247117e+05  1.61090237e+00  7.76247117e+05  7.63090587e+01 
 7.94328235e+05  1.41530765e+00  7.94328235e+05  7.59907595e+01 
 8.12830516e+05  1.21992273e+00  8.12830516e+05  7.56650052e+01 
 8.31763771e+05  1.02475685e+00  8.31763771e+05  7.53316180e+01 
 8.51138038e+05  8.29819646e-01  8.51138038e+05  7.49904159e+01 
 8.70963590e+05  6.35121141e-01  8.70963590e+05  7.46412118e+01 
 8.91250938e+05  4.40671781e-01  8.91250938e+05  7.42838142e+01 
 9.12010839e+05  2.46482434e-01  9.12010839e+05  7.39180268e+01 
 9.33254301e+05  5.25644049e-02  9.33254301e+05  7.35436480e+01 
 9.54992586e+05 -1.41070548e-01  9.54992586e+05  7.31604711e+01 
 9.77237221e+05 -3.34410208e-01  9.77237221e+05  7.27682839e+01 
 1.00000000e+06 -5.27441880e-01  1.00000000e+06  7.23668689e+01 
 1.02329299e+06 -7.20152389e-01  1.02329299e+06  7.19560023e+01 
 1.04712855e+06 -9.12528063e-01  1.04712855e+06  7.15354548e+01 
 1.07151931e+06 -1.10455473e+00  1.07151931e+06  7.11049904e+01 
 1.09647820e+06 -1.29621771e+00  1.09647820e+06  7.06643669e+01 
 1.12201845e+06 -1.48750181e+00  1.12201845e+06  7.02133354e+01 
 1.14815362e+06 -1.67839132e+00  1.14815362e+06  6.97516396e+01 
 1.17489755e+06 -1.86887000e+00  1.17489755e+06  6.92790163e+01 
 1.20226443e+06 -2.05892113e+00  1.20226443e+06  6.87951944e+01 
 1.23026877e+06 -2.24852744e+00  1.23026877e+06  6.82998949e+01 
 1.25892541e+06 -2.43767119e+00  1.25892541e+06  6.77928307e+01 
 1.28824955e+06 -2.62633415e+00  1.28824955e+06  6.72737057e+01 
 1.31825674e+06 -2.81449764e+00  1.31825674e+06  6.67422149e+01 
 1.34896288e+06 -3.00214254e+00  1.34896288e+06  6.61980439e+01 
 1.38038426e+06 -3.18924934e+00  1.38038426e+06  6.56408681e+01 
 1.41253754e+06 -3.37579815e+00  1.41253754e+06  6.50703529e+01 
 1.44543977e+06 -3.56176882e+00  1.44543977e+06  6.44861524e+01 
 1.47910839e+06 -3.74714095e+00  1.47910839e+06  6.38879096e+01 
 1.51356125e+06 -3.93189399e+00  1.51356125e+06  6.32752554e+01 
 1.54881662e+06 -4.11600734e+00  1.54881662e+06  6.26478084e+01 
 1.58489319e+06 -4.29946044e+00  1.58489319e+06  6.20051741e+01 
 1.62181010e+06 -4.48223293e+00  1.62181010e+06  6.13469442e+01 
 1.65958691e+06 -4.66430480e+00  1.65958691e+06  6.06726964e+01 
 1.69824365e+06 -4.84565654e+00  1.69824365e+06  5.99819938e+01 
 1.73780083e+06 -5.02626939e+00  1.73780083e+06  5.92743839e+01 
 1.77827941e+06 -5.20612553e+00  1.77827941e+06  5.85493985e+01 
 1.81970086e+06 -5.38520842e+00  1.81970086e+06  5.78065532e+01 
 1.86208714e+06 -5.56350303e+00  1.86208714e+06  5.70453470e+01 
 1.90546072e+06 -5.74099627e+00  1.90546072e+06  5.62652621e+01 
 1.94984460e+06 -5.91767735e+00  1.94984460e+06  5.54657636e+01 
 1.99526231e+06 -6.09353821e+00  1.99526231e+06  5.46463001e+01 
 2.04173794e+06 -6.26857407e+00  2.04173794e+06  5.38063035e+01 
 2.08929613e+06 -6.44278395e+00  2.08929613e+06  5.29451904e+01 
 2.13796209e+06 -6.61617128e+00  2.13796209e+06  5.20623625e+01 
 2.18776162e+06 -6.78874456e+00  2.18776162e+06  5.11572088e+01 
 2.23872114e+06 -6.96051807e+00  2.23872114e+06  5.02291078e+01 
 2.29086765e+06 -7.13151264e+00  2.29086765e+06  4.92774303e+01 
 2.34422882e+06 -7.30175639e+00  2.34422882e+06  4.83015433e+01 
 2.39883292e+06 -7.47128561e+00  2.39883292e+06  4.73008149e+01 
 2.45470892e+06 -7.64014550e+00  2.45470892e+06  4.62746203e+01 
 2.51188643e+06 -7.80839099e+00  2.51188643e+06  4.52223490e+01 
 2.57039578e+06 -7.97608741e+00  2.57039578e+06  4.41434130e+01 
 2.63026799e+06 -8.14331117e+00  2.63026799e+06  4.30372577e+01 
 2.69153480e+06 -8.31015014e+00  2.69153480e+06  4.19033725e+01 
 2.75422870e+06 -8.47670392e+00  2.75422870e+06  4.07413047e+01 
 2.81838293e+06 -8.64308381e+00  2.81838293e+06  3.95506732e+01 
 2.88403150e+06 -8.80941233e+00  2.88403150e+06  3.83311847e+01 
 2.95120923e+06 -8.97582247e+00  2.95120923e+06  3.70826496e+01 
 3.01995172e+06 -9.14245629e+00  3.01995172e+06  3.58049988e+01 
 3.09029543e+06 -9.30946304e+00  3.09029543e+06  3.44983000e+01 
 3.16227766e+06 -9.47699663e+00  3.16227766e+06  3.31627725e+01 
 3.23593657e+06 -9.64521258e+00  3.23593657e+06  3.17988001e+01 
 3.31131121e+06 -9.81426427e+00  3.31131121e+06  3.04069399e+01 
 3.38844156e+06 -9.98429883e+00  3.38844156e+06  2.89879273e+01 
 3.46736850e+06 -1.01554525e+01  3.46736850e+06  2.75426747e+01 
 3.54813389e+06 -1.03278460e+01  3.54813389e+06  2.60722641e+01 
 3.63078055e+06 -1.05015798e+01  3.63078055e+06  2.45779318e+01 
 3.71535229e+06 -1.06767300e+01  3.71535229e+06  2.30610459e+01 
 3.80189396e+06 -1.08533445e+01  3.80189396e+06  2.15230772e+01 
 3.89045145e+06 -1.10314402e+01  3.89045145e+06  1.99655631e+01 
 3.98107171e+06 -1.12110020e+01  3.98107171e+06  1.83900672e+01 
 4.07380278e+06 -1.13919824e+01  4.07380278e+06  1.67981365e+01 
 4.16869383e+06 -1.15743027e+01  4.16869383e+06  1.51912585e+01 
 4.26579519e+06 -1.17578565e+01  4.26579519e+06  1.35708202e+01 
 4.36515832e+06 -1.19425134e+01  4.36515832e+06  1.19380729e+01 
 4.46683592e+06 -1.21281247e+01  4.46683592e+06  1.02941035e+01 
 4.57088190e+06 -1.23145294e+01  4.57088190e+06  8.63981497e+00 
 4.67735141e+06 -1.25015609e+01  4.67735141e+06  6.97591590e+00 
 4.78630092e+06 -1.26890534e+01  4.78630092e+06  5.30292062e+00 
 4.89778819e+06 -1.28768484e+01  4.89778819e+06  3.62115807e+00 
 5.01187234e+06 -1.30648001e+01  5.01187234e+06  1.93078897e+00 
 5.12861384e+06 -1.32527802e+01  5.12861384e+06  2.31829450e-01 
 5.24807460e+06 -1.34406814e+01  5.24807460e+06 -1.47582061e+00 
 5.37031796e+06 -1.36284204e+01  5.37031796e+06 -3.19234653e+00 
 5.49540874e+06 -1.38159384e+01  5.49540874e+06 -4.91798685e+00 
 5.62341325e+06 -1.40032026e+01  5.62341325e+06 -6.65300202e+00 
 5.75439937e+06 -1.41902046e+01  5.75439937e+06 -8.39764506e+00 
 5.88843655e+06 -1.43769596e+01  5.88843655e+06 -1.01521352e+01 
 6.02559586e+06 -1.45635044e+01  6.02559586e+06 -1.19166349e+01 
 6.16595002e+06 -1.47498948e+01  6.16595002e+06 -1.36912315e+01 
 6.30957344e+06 -1.49362031e+01  6.30957344e+06 -1.54759216e+01 
 6.45654229e+06 -1.51225147e+01  6.45654229e+06 -1.72706008e+01 
 6.60693448e+06 -1.53089258e+01  6.60693448e+06 -1.90750566e+01 
 6.76082975e+06 -1.54955395e+01  6.76082975e+06 -2.08889644e+01 
 6.91830971e+06 -1.56824640e+01  6.91830971e+06 -2.27118867e+01 
 7.07945784e+06 -1.58698086e+01  7.07945784e+06 -2.45432756e+01 
 7.24435960e+06 -1.60576824e+01  7.24435960e+06 -2.63824770e+01 
 7.41310241e+06 -1.62461908e+01  7.41310241e+06 -2.82287362e+01 
 7.58577575e+06 -1.64354341e+01  7.58577575e+06 -3.00812068e+01 
 7.76247117e+06 -1.66255052e+01  7.76247117e+06 -3.19389589e+01 
 7.94328235e+06 -1.68164885e+01  7.94328235e+06 -3.38009896e+01 
 8.12830516e+06 -1.70084575e+01  8.12830516e+06 -3.56662338e+01 
 8.31763771e+06 -1.72014748e+01  8.31763771e+06 -3.75335757e+01 
 8.51138038e+06 -1.73955902e+01  8.51138038e+06 -3.94018604e+01 
 8.70963590e+06 -1.75908408e+01  8.70963590e+06 -4.12699054e+01 
 8.91250938e+06 -1.77872499e+01  8.91250938e+06 -4.31365128e+01 
 9.12010839e+06 -1.79848272e+01  9.12010839e+06 -4.50004804e+01 
 9.33254301e+06 -1.81835685e+01  9.33254301e+06 -4.68606129e+01 
 9.54992586e+06 -1.83834563e+01  9.54992586e+06 -4.87157324e+01 
 9.77237221e+06 -1.85844595e+01  9.77237221e+06 -5.05646881e+01 
 1.00000000e+07 -1.87865344e+01  1.00000000e+07 -5.24063657e+01 
 1.02329299e+07 -1.89896252e+01  1.02329299e+07 -5.42396951e+01 
 1.04712855e+07 -1.91936647e+01  1.04712855e+07 -5.60636583e+01 
 1.07151931e+07 -1.93985754e+01  1.07151931e+07 -5.78772953e+01 
 1.09647820e+07 -1.96042702e+01  1.09647820e+07 -5.96797091e+01 
 1.12201845e+07 -1.98106536e+01  1.12201845e+07 -6.14700705e+01 
 1.14815362e+07 -2.00176226e+01  1.14815362e+07 -6.32476207e+01 
 1.17489755e+07 -2.02250680e+01  1.17489755e+07 -6.50116738e+01 
 1.20226443e+07 -2.04328756e+01  1.20226443e+07 -6.67616178e+01 
 1.23026877e+07 -2.06409269e+01  1.23026877e+07 -6.84969146e+01 
 1.25892541e+07 -2.08491004e+01  1.25892541e+07 -7.02170997e+01 
 1.28824955e+07 -2.10572727e+01  1.28824955e+07 -7.19217803e+01 
 1.31825674e+07 -2.12653195e+01  1.31825674e+07 -7.36106335e+01 
 1.34896288e+07 -2.14731164e+01  1.34896288e+07 -7.52834031e+01 
 1.38038426e+07 -2.16805397e+01  1.38038426e+07 -7.69398961e+01 
 1.41253754e+07 -2.18874676e+01  1.41253754e+07 -7.85799794e+01 
 1.44543977e+07 -2.20937805e+01  1.44543977e+07 -8.02035748e+01 
 1.47910839e+07 -2.22993619e+01  1.47910839e+07 -8.18106548e+01 
 1.51356125e+07 -2.25040991e+01  1.51356125e+07 -8.34012376e+01 
 1.54881662e+07 -2.27078832e+01  1.54881662e+07 -8.49753824e+01 
 1.58489319e+07 -2.29106103e+01  1.58489319e+07 -8.65331839e+01 
 1.62181010e+07 -2.31121813e+01  1.62181010e+07 -8.80747677e+01 
 1.65958691e+07 -2.33125025e+01  1.65958691e+07 -8.96002849e+01 
 1.69824365e+07 -2.35114856e+01  1.69824365e+07 -9.11099071e+01 
 1.73780083e+07 -2.37090484e+01  1.73780083e+07 -9.26038217e+01 
 1.77827941e+07 -2.39051146e+01  1.77827941e+07 -9.40822272e+01 
 1.81970086e+07 -2.40996137e+01  1.81970086e+07 -9.55453285e+01 
 1.86208714e+07 -2.42924817e+01  1.86208714e+07 -9.69933326e+01 
 1.90546072e+07 -2.44836606e+01  1.90546072e+07 -9.84264446e+01 
 1.94984460e+07 -2.46730988e+01  1.94984460e+07 -9.98448637e+01 
 1.99526231e+07 -2.48607505e+01  1.99526231e+07 -1.01248779e+02 
 2.04173794e+07 -2.50465764e+01  2.04173794e+07 -1.02638368e+02 
 2.08929613e+07 -2.52305431e+01  2.08929613e+07 -1.04013792e+02 
 2.13796209e+07 -2.54126232e+01  2.13796209e+07 -1.05375190e+02 
 2.18776162e+07 -2.55927950e+01  2.18776162e+07 -1.06722685e+02 
 2.23872114e+07 -2.57710428e+01  2.23872114e+07 -1.08056371e+02 
 2.29086765e+07 -2.59473562e+01  2.29086765e+07 -1.09376318e+02 
 2.34422882e+07 -2.61217303e+01  2.34422882e+07 -1.10682568e+02 
 2.39883292e+07 -2.62941655e+01  2.39883292e+07 -1.11975133e+02 
 2.45470892e+07 -2.64646672e+01  2.45470892e+07 -1.13253992e+02 
 2.51188643e+07 -2.66332457e+01  2.51188643e+07 -1.14519093e+02 
 2.57039578e+07 -2.67999160e+01  2.57039578e+07 -1.15770349e+02 
 2.63026799e+07 -2.69646974e+01  2.63026799e+07 -1.17007639e+02 
 2.69153480e+07 -2.71276134e+01  2.69153480e+07 -1.18230806e+02 
 2.75422870e+07 -2.72886915e+01  2.75422870e+07 -1.19439655e+02 
 2.81838293e+07 -2.74479629e+01  2.81838293e+07 -1.20633957e+02 
 2.88403150e+07 -2.76054622e+01  2.88403150e+07 -1.21813443e+02 
 2.95120923e+07 -2.77612268e+01  2.95120923e+07 -1.22977810e+02 
 3.01995172e+07 -2.79152973e+01  3.01995172e+07 -1.24126713e+02 
 3.09029543e+07 -2.80677165e+01  3.09029543e+07 -1.25259774e+02 
 3.16227766e+07 -2.82185293e+01  3.16227766e+07 -1.26376575e+02 
 3.23593657e+07 -2.83677825e+01  3.23593657e+07 -1.27476660e+02 
 3.31131121e+07 -2.85155241e+01  3.31131121e+07 -1.28559540e+02 
 3.38844156e+07 -2.86618030e+01  3.38844156e+07 -1.29624685e+02 
 3.46736850e+07 -2.88066688e+01  3.46736850e+07 -1.30671532e+02 
 3.54813389e+07 -2.89501710e+01  3.54813389e+07 -1.31699481e+02 
 3.63078055e+07 -2.90923589e+01  3.63078055e+07 -1.32707900e+02 
 3.71535229e+07 -2.92332808e+01  3.71535229e+07 -1.33696119e+02 
 3.80189396e+07 -2.93729835e+01  3.80189396e+07 -1.34663439e+02 
 3.89045145e+07 -2.95115122e+01  3.89045145e+07 -1.35609126e+02 
 3.98107171e+07 -2.96489094e+01  3.98107171e+07 -1.36532416e+02 
 4.07380278e+07 -2.97852147e+01  4.07380278e+07 -1.37432515e+02 
 4.16869383e+07 -2.99204640e+01  4.16869383e+07 -1.38308601e+02 
 4.26579519e+07 -3.00546890e+01  4.26579519e+07 -1.39159824e+02 
 4.36515832e+07 -3.01879167e+01  4.36515832e+07 -1.39985307e+02 
 4.46683592e+07 -3.03201685e+01  4.46683592e+07 -1.40784153e+02 
 4.57088190e+07 -3.04514594e+01  4.57088190e+07 -1.41555438e+02 
 4.67735141e+07 -3.05817980e+01  4.67735141e+07 -1.42298222e+02 
 4.78630092e+07 -3.07111850e+01  4.78630092e+07 -1.43011546e+02 
 4.89778819e+07 -3.08396130e+01  4.89778819e+07 -1.43694437e+02 
 5.01187234e+07 -3.09670654e+01  5.01187234e+07 -1.44345907e+02 
 5.12861384e+07 -3.10935161e+01  5.12861384e+07 -1.44964965e+02 
 5.24807460e+07 -3.12189284e+01  5.24807460e+07 -1.45550610e+02 
 5.37031796e+07 -3.13432543e+01  5.37031796e+07 -1.46101843e+02 
 5.49540874e+07 -3.14664338e+01  5.49540874e+07 -1.46617671e+02 
 5.62341325e+07 -3.15883943e+01  5.62341325e+07 -1.47097107e+02 
 5.75439937e+07 -3.17090498e+01  5.75439937e+07 -1.47539181e+02 
 5.88843655e+07 -3.18283001e+01  5.88843655e+07 -1.47942947e+02 
 6.02559586e+07 -3.19460302e+01  6.02559586e+07 -1.48307485e+02 
 6.16595002e+07 -3.20621100e+01  6.16595002e+07 -1.48631916e+02 
 6.30957344e+07 -3.21763935e+01  6.30957344e+07 -1.48915405e+02 
 6.45654229e+07 -3.22887187e+01  6.45654229e+07 -1.49157174e+02 
 6.60693448e+07 -3.23989071e+01  6.60693448e+07 -1.49356513e+02 
 6.76082975e+07 -3.25067635e+01  6.76082975e+07 -1.49512789e+02 
 6.91830971e+07 -3.26120767e+01  6.91830971e+07 -1.49625462e+02 
 7.07945784e+07 -3.27146192e+01  7.07945784e+07 -1.49694092e+02 
 7.24435960e+07 -3.28141478e+01  7.24435960e+07 -1.49718360e+02 
 7.41310241e+07 -3.29104046e+01  7.41310241e+07 -1.49698075e+02 
 7.58577575e+07 -3.30031184e+01  7.58577575e+07 -1.49633194e+02 
 7.76247117e+07 -3.30920054e+01  7.76247117e+07 -1.49523831e+02 
 7.94328235e+07 -3.31767717e+01  7.94328235e+07 -1.49370277e+02 
 8.12830516e+07 -3.32571155e+01  8.12830516e+07 -1.49173005e+02 
 8.31763771e+07 -3.33327289e+01  8.31763771e+07 -1.48932689e+02 
 8.51138038e+07 -3.34033020e+01  8.51138038e+07 -1.48650211e+02 
 8.70963590e+07 -3.34685253e+01  8.70963590e+07 -1.48326668e+02 
 8.91250938e+07 -3.35280939e+01  8.91250938e+07 -1.47963380e+02 
 9.12010839e+07 -3.35817108e+01  9.12010839e+07 -1.47561891e+02 
 9.33254301e+07 -3.36290919e+01  9.33254301e+07 -1.47123966e+02 
 9.54992586e+07 -3.36699692e+01  9.54992586e+07 -1.46651589e+02 
 9.77237221e+07 -3.37040960e+01  9.77237221e+07 -1.46146951e+02 
 1.00000000e+08 -3.37312503e+01  1.00000000e+08 -1.45612437e+02 
