 2.00000000e+01  3.20567587e-08  2.00000000e+01  1.02096806e-08 
 2.04658598e+01  3.20220470e-08  2.04658598e+01  1.01984863e-08 
 2.09425710e+01  3.19880883e-08  2.09425710e+01  1.01875383e-08 
 2.14303861e+01  3.19548671e-08  2.14303861e+01  1.01768315e-08 
 2.19295639e+01  3.19223682e-08  2.19295639e+01  1.01663606e-08 
 2.24403691e+01  3.18905765e-08  2.24403691e+01  1.01561207e-08 
 2.29630724e+01  3.18594775e-08  2.29630724e+01  1.01461067e-08 
 2.34979511e+01  3.18290566e-08  2.34979511e+01  1.01363138e-08 
 2.40452887e+01  3.17992998e-08  2.40452887e+01  1.01267374e-08 
 2.46053754e+01  3.17701932e-08  2.46053754e+01  1.01173726e-08 
 2.51785082e+01  3.17417232e-08  2.51785082e+01  1.01082151e-08 
 2.57649910e+01  3.17138764e-08  2.57649910e+01  1.00992602e-08 
 2.63651348e+01  3.16866397e-08  2.63651348e+01  1.00905038e-08 
 2.69792577e+01  3.16600003e-08  2.69792577e+01  1.00819413e-08 
 2.76076853e+01  3.16339455e-08  2.76076853e+01  1.00735688e-08 
 2.82507509e+01  3.16084631e-08  2.82507509e+01  1.00653820e-08 
 2.89087954e+01  3.15835409e-08  2.89087954e+01  1.00573770e-08 
 2.95821678e+01  3.15591670e-08  2.95821678e+01  1.00495497e-08 
 3.02712250e+01  3.15353298e-08  3.02712250e+01  1.00418965e-08 
 3.09763324e+01  3.15120179e-08  3.09763324e+01  1.00344133e-08 
 3.16978638e+01  3.14892200e-08  3.16978638e+01  1.00270967e-08 
 3.24362019e+01  3.14669252e-08  3.24362019e+01  1.00199429e-08 
 3.31917381e+01  3.14451228e-08  3.31917381e+01  1.00129484e-08 
 3.39648730e+01  3.14238021e-08  3.39648730e+01  1.00061097e-08 
 3.47560166e+01  3.14029530e-08  3.47560166e+01  9.99942342e-09 
 3.55655882e+01  3.13825652e-08  3.55655882e+01  9.99288626e-09 
 3.63940172e+01  3.13626288e-08  3.63940172e+01  9.98649493e-09 
 3.72417427e+01  3.13431341e-08  3.72417427e+01  9.98024624e-09 
 3.81092144e+01  3.13240716e-08  3.81092144e+01  9.97413707e-09 
 3.89968920e+01  3.13054321e-08  3.89968920e+01  9.96816437e-09 
 3.99052463e+01  3.12872062e-08  3.99052463e+01  9.96232513e-09 
 4.08347589e+01  3.12693851e-08  4.08347589e+01  9.95661643e-09 
 4.17859226e+01  3.12519600e-08  4.17859226e+01  9.95103540e-09 
 4.27592418e+01  3.12349224e-08  4.27592418e+01  9.94557924e-09 
 4.37552325e+01  3.12182638e-08  4.37552325e+01  9.94024519e-09 
 4.47744228e+01  3.12019759e-08  4.47744228e+01  9.93503057e-09 
 4.58173531e+01  3.11860508e-08  4.58173531e+01  9.92993275e-09 
 4.68845763e+01  3.11704805e-08  4.68845763e+01  9.92494914e-09 
 4.79766584e+01  3.11552572e-08  4.79766584e+01  9.92007724e-09 
 4.90941783e+01  3.11403735e-08  4.90941783e+01  9.91531457e-09 
 5.02377286e+01  3.11258218e-08  5.02377286e+01  9.91065872e-09 
 5.14079157e+01  3.11115950e-08  5.14079157e+01  9.90610733e-09 
 5.26053598e+01  3.10976858e-08  5.26053598e+01  9.90165808e-09 
 5.38306961e+01  3.10840875e-08  5.38306961e+01  9.89730872e-09 
 5.50845741e+01  3.10707930e-08  5.50845741e+01  9.89305704e-09 
 5.63676586e+01  3.10577958e-08  5.63676586e+01  9.88890086e-09 
 5.76806301e+01  3.10450894e-08  5.76806301e+01  9.88483807e-09 
 5.90241845e+01  3.10326673e-08  5.90241845e+01  9.88086660e-09 
 6.03990344e+01  3.10205234e-08  6.03990344e+01  9.87698442e-09 
 6.18059087e+01  3.10086513e-08  6.18059087e+01  9.87318954e-09 
 6.32455532e+01  3.09970453e-08  6.32455532e+01  9.86948004e-09 
 6.47187314e+01  3.09856994e-08  6.47187314e+01  9.86585400e-09 
 6.62262243e+01  3.09746078e-08  6.62262243e+01  9.86230957e-09 
 6.77688312e+01  3.09637650e-08  6.77688312e+01  9.85884493e-09 
 6.93473701e+01  3.09531655e-08  6.93473701e+01  9.85545831e-09 
 7.09626778e+01  3.09428038e-08  7.09626778e+01  9.85214797e-09 
 7.26156110e+01  3.09326747e-08  7.26156110e+01  9.84891220e-09 
 7.43070458e+01  3.09227731e-08  7.43070458e+01  9.84574935e-09 
 7.60378793e+01  3.09130940e-08  7.60378793e+01  9.84265779e-09 
 7.78090290e+01  3.09036323e-08  7.78090290e+01  9.83963593e-09 
 7.96214341e+01  3.08943833e-08  7.96214341e+01  9.83668220e-09 
 8.14760556e+01  3.08853422e-08  8.14760556e+01  9.83379509e-09 
 8.33738767e+01  3.08765044e-08  8.33738767e+01  9.83097310e-09 
 8.53159038e+01  3.08678655e-08  8.53159038e+01  9.82821479e-09 
 8.73031664e+01  3.08594210e-08  8.73031664e+01  9.82551873e-09 
 8.93367184e+01  3.08511665e-08  8.93367184e+01  9.82288352e-09 
 9.14176379e+01  3.08430978e-08  9.14176379e+01  9.82030780e-09 
 9.35470283e+01  3.08352108e-08  9.35470283e+01  9.81779024e-09 
 9.57260185e+01  3.08275015e-08  9.57260185e+01  9.81532953e-09 
 9.79557639e+01  3.08199658e-08  9.79557639e+01  9.81292441e-09 
 1.00237447e+02  3.08126000e-08  1.00237447e+02  9.81057363e-09 
 1.02572277e+02  3.08054002e-08  1.02572277e+02  9.80827596e-09 
 1.04961492e+02  3.07983627e-08  1.04961492e+02  9.80603022e-09 
 1.07406359e+02  3.07914838e-08  1.07406359e+02  9.80383523e-09 
 1.09908175e+02  3.07847602e-08  1.09908175e+02  9.80168987e-09 
 1.12468265e+02  3.07781881e-08  1.12468265e+02  9.79959302e-09 
 1.15087987e+02  3.07717644e-08  1.15087987e+02  9.79754358e-09 
 1.17768731e+02  3.07654856e-08  1.17768731e+02  9.79554050e-09 
 1.20511917e+02  3.07593486e-08  1.20511917e+02  9.79358272e-09 
 1.23319000e+02  3.07533500e-08  1.23319000e+02  9.79166924e-09 
 1.26191469e+02  3.07474869e-08  1.26191469e+02  9.78979905e-09 
 1.29130846e+02  3.07417563e-08  1.29130846e+02  9.78797118e-09 
 1.32138690e+02  3.07361550e-08  1.32138690e+02  9.78618468e-09 
 1.35216595e+02  3.07306803e-08  1.35216595e+02  9.78443862e-09 
 1.38366194e+02  3.07253292e-08  1.38366194e+02  9.78273209e-09 
 1.41589157e+02  3.07200991e-08  1.41589157e+02  9.78106419e-09 
 1.44887192e+02  3.07149872e-08  1.44887192e+02  9.77943406e-09 
 1.48262048e+02  3.07099908e-08  1.48262048e+02  9.77784085e-09 
 1.51715515e+02  3.07051074e-08  1.51715515e+02  9.77628373e-09 
 1.55249423e+02  3.07003343e-08  1.55249423e+02  9.77476187e-09 
 1.58865647e+02  3.06956692e-08  1.58865647e+02  9.77327449e-09 
 1.62566103e+02  3.06911096e-08  1.62566103e+02  9.77182081e-09 
 1.66352754e+02  3.06866532e-08  1.66352754e+02  9.77040007e-09 
 1.70227608e+02  3.06822975e-08  1.70227608e+02  9.76901152e-09 
 1.74192718e+02  3.06780403e-08  1.74192718e+02  9.76765444e-09 
 1.78250188e+02  3.06738795e-08  1.78250188e+02  9.76632813e-09 
 1.82402168e+02  3.06698128e-08  1.82402168e+02  9.76503187e-09 
 1.86650860e+02  3.06658381e-08  1.86650860e+02  9.76376501e-09 
 1.90998517e+02  3.06619534e-08  1.90998517e+02  9.76252686e-09 
 1.95447444e+02  3.06581566e-08  1.95447444e+02  9.76131679e-09 
 2.00000000e+02  3.06544457e-08  2.00000000e+02  9.76013416e-09 
 2.04658598e+02  3.06508189e-08  2.04658598e+02  9.75897835e-09 
 2.09425710e+02  3.06472741e-08  2.09425710e+02  9.75784876e-09 
 2.14303861e+02  3.06438095e-08  2.14303861e+02  9.75674478e-09 
 2.19295639e+02  3.06404234e-08  2.19295639e+02  9.75566585e-09 
 2.24403691e+02  3.06371140e-08  2.24403691e+02  9.75461139e-09 
 2.29630724e+02  3.06338794e-08  2.29630724e+02  9.75358086e-09 
 2.34979511e+02  3.06307182e-08  2.34979511e+02  9.75257371e-09 
 2.40452887e+02  3.06276284e-08  2.40452887e+02  9.75158941e-09 
 2.46053754e+02  3.06246087e-08  2.46053754e+02  9.75062745e-09 
 2.51785082e+02  3.06216573e-08  2.51785082e+02  9.74968732e-09 
 2.57649910e+02  3.06187727e-08  2.57649910e+02  9.74876852e-09 
 2.63651348e+02  3.06159534e-08  2.63651348e+02  9.74787058e-09 
 2.69792577e+02  3.06131980e-08  2.69792577e+02  9.74699303e-09 
 2.76076853e+02  3.06105050e-08  2.76076853e+02  9.74613539e-09 
 2.82507509e+02  3.06078729e-08  2.82507509e+02  9.74529722e-09 
 2.89087954e+02  3.06053004e-08  2.89087954e+02  9.74447808e-09 
 2.95821678e+02  3.06027861e-08  2.95821678e+02  9.74367754e-09 
 3.02712250e+02  3.06003287e-08  3.02712250e+02  9.74289518e-09 
 3.09763324e+02  3.05979270e-08  3.09763324e+02  9.74213058e-09 
 3.16978638e+02  3.05955796e-08  3.16978638e+02  9.74138335e-09 
 3.24362019e+02  3.05932853e-08  3.24362019e+02  9.74065308e-09 
 3.31917381e+02  3.05910429e-08  3.31917381e+02  9.73993940e-09 
 3.39648730e+02  3.05888512e-08  3.39648730e+02  9.73924193e-09 
 3.47560166e+02  3.05867091e-08  3.47560166e+02  9.73856030e-09 
 3.55655882e+02  3.05846154e-08  3.55655882e+02  9.73789416e-09 
 3.63940172e+02  3.05825691e-08  3.63940172e+02  9.73724315e-09 
 3.72417427e+02  3.05805690e-08  3.72417427e+02  9.73660692e-09 
 3.81092144e+02  3.05786141e-08  3.81092144e+02  9.73598515e-09 
 3.89968920e+02  3.05767034e-08  3.89968920e+02  9.73537751e-09 
 3.99052463e+02  3.05748358e-08  3.99052463e+02  9.73478367e-09 
 4.08347589e+02  3.05730104e-08  4.08347589e+02  9.73420333e-09 
 4.17859226e+02  3.05712262e-08  4.17859226e+02  9.73363617e-09 
 4.27592418e+02  3.05694822e-08  4.27592418e+02  9.73308190e-09 
 4.37552325e+02  3.05677775e-08  4.37552325e+02  9.73254022e-09 
 4.47744228e+02  3.05661113e-08  4.47744228e+02  9.73201086e-09 
 4.58173531e+02  3.05644826e-08  4.58173531e+02  9.73149353e-09 
 4.68845763e+02  3.05628906e-08  4.68845763e+02  9.73098795e-09 
 4.79766584e+02  3.05613344e-08  4.79766584e+02  9.73049387e-09 
 4.90941783e+02  3.05598132e-08  4.90941783e+02  9.73001102e-09 
 5.02377286e+02  3.05583262e-08  5.02377286e+02  9.72953914e-09 
 5.14079157e+02  3.05568725e-08  5.14079157e+02  9.72907799e-09 
 5.26053598e+02  3.05554515e-08  5.26053598e+02  9.72862732e-09 
 5.38306961e+02  3.05540624e-08  5.38306961e+02  9.72818690e-09 
 5.50845741e+02  3.05527043e-08  5.50845741e+02  9.72775649e-09 
 5.63676586e+02  3.05513767e-08  5.63676586e+02  9.72733587e-09 
 5.76806301e+02  3.05500787e-08  5.76806301e+02  9.72692481e-09 
 5.90241845e+02  3.05488097e-08  5.90241845e+02  9.72652310e-09 
 6.03990344e+02  3.05475690e-08  6.03990344e+02  9.72613052e-09 
 6.18059087e+02  3.05463560e-08  6.18059087e+02  9.72574687e-09 
 6.32455532e+02  3.05451699e-08  6.32455532e+02  9.72537195e-09 
 6.47187314e+02  3.05440102e-08  6.47187314e+02  9.72500555e-09 
 6.62262243e+02  3.05428761e-08  6.62262243e+02  9.72464748e-09 
 6.77688312e+02  3.05417672e-08  6.77688312e+02  9.72429756e-09 
 6.93473701e+02  3.05406828e-08  6.93473701e+02  9.72395560e-09 
 7.09626778e+02  3.05396223e-08  7.09626778e+02  9.72362142e-09 
 7.26156110e+02  3.05385851e-08  7.26156110e+02  9.72329484e-09 
 7.43070458e+02  3.05375706e-08  7.43070458e+02  9.72297568e-09 
 7.60378793e+02  3.05365784e-08  7.60378793e+02  9.72266379e-09 
 7.78090290e+02  3.05356079e-08  7.78090290e+02  9.72235900e-09 
 7.96214341e+02  3.05346584e-08  7.96214341e+02  9.72206114e-09 
 8.14760556e+02  3.05337296e-08  8.14760556e+02  9.72177006e-09 
 8.33738767e+02  3.05328209e-08  8.33738767e+02  9.72148560e-09 
 8.53159038e+02  3.05319318e-08  8.53159038e+02  9.72120762e-09 
 8.73031664e+02  3.05310617e-08  8.73031664e+02  9.72093596e-09 
 8.93367184e+02  3.05302103e-08  8.93367184e+02  9.72067048e-09 
 9.14176379e+02  3.05293770e-08  9.14176379e+02  9.72041105e-09 
 9.35470283e+02  3.05285613e-08  9.35470283e+02  9.72015753e-09 
 9.57260185e+02  3.05277629e-08  9.57260185e+02  9.71990977e-09 
 9.79557639e+02  3.05269811e-08  9.79557639e+02  9.71966766e-09 
 1.00237447e+03  3.05262157e-08  1.00237447e+03  9.71943106e-09 
 1.02572277e+03  3.05254662e-08  1.02572277e+03  9.71919985e-09 
 1.04961492e+03  3.05247320e-08  1.04961492e+03  9.71897390e-09 
 1.07406359e+03  3.05240129e-08  1.07406359e+03  9.71875310e-09 
 1.09908175e+03  3.05233083e-08  1.09908175e+03  9.71853733e-09 
 1.12468265e+03  3.05226179e-08  1.12468265e+03  9.71832648e-09 
 1.15087987e+03  3.05219412e-08  1.15087987e+03  9.71812043e-09 
 1.17768731e+03  3.05212779e-08  1.17768731e+03  9.71791908e-09 
 1.20511917e+03  3.05206276e-08  1.20511917e+03  9.71772231e-09 
 1.23319000e+03  3.05199898e-08  1.23319000e+03  9.71753003e-09 
 1.26191469e+03  3.05193641e-08  1.26191469e+03  9.71734214e-09 
 1.29130846e+03  3.05187502e-08  1.29130846e+03  9.71715853e-09 
 1.32138690e+03  3.05181477e-08  1.32138690e+03  9.71697910e-09 
 1.35216595e+03  3.05175562e-08  1.35216595e+03  9.71680377e-09 
 1.38366194e+03  3.05169754e-08  1.38366194e+03  9.71663244e-09 
 1.41589157e+03  3.05164048e-08  1.41589157e+03  9.71646502e-09 
 1.44887192e+03  3.05158441e-08  1.44887192e+03  9.71630143e-09 
 1.48262048e+03  3.05152929e-08  1.48262048e+03  9.71614156e-09 
 1.51715515e+03  3.05147509e-08  1.51715515e+03  9.71598535e-09 
 1.55249423e+03  3.05142176e-08  1.55249423e+03  9.71583271e-09 
 1.58865647e+03  3.05136927e-08  1.58865647e+03  9.71568355e-09 
 1.62566103e+03  3.05131759e-08  1.62566103e+03  9.71553781e-09 
 1.66352754e+03  3.05126668e-08  1.66352754e+03  9.71539540e-09 
 1.70227608e+03  3.05121650e-08  1.70227608e+03  9.71525624e-09 
 1.74192718e+03  3.05116701e-08  1.74192718e+03  9.71512027e-09 
 1.78250188e+03  3.05111818e-08  1.78250188e+03  9.71498741e-09 
 1.82402168e+03  3.05106998e-08  1.82402168e+03  9.71485760e-09 
 1.86650860e+03  3.05102235e-08  1.86650860e+03  9.71473076e-09 
 1.90998517e+03  3.05097527e-08  1.90998517e+03  9.71460683e-09 
 1.95447444e+03  3.05092870e-08  1.95447444e+03  9.71448574e-09 
 2.00000000e+03  3.05088260e-08  2.00000000e+03  9.71436743e-09 
 2.04658598e+03  3.05083693e-08  2.04658598e+03  9.71425184e-09 
 2.09425710e+03  3.05079166e-08  2.09425710e+03  9.71413891e-09 
 2.14303861e+03  3.05074674e-08  2.14303861e+03  9.71402857e-09 
 2.19295639e+03  3.05070213e-08  2.19295639e+03  9.71392077e-09 
 2.24403691e+03  3.05065779e-08  2.24403691e+03  9.71381546e-09 
 2.29630724e+03  3.05061369e-08  2.29630724e+03  9.71371258e-09 
 2.34979511e+03  3.05056978e-08  2.34979511e+03  9.71361206e-09 
 2.40452887e+03  3.05052601e-08  2.40452887e+03  9.71351388e-09 
 2.46053754e+03  3.05048235e-08  2.46053754e+03  9.71341796e-09 
 2.51785082e+03  3.05043875e-08  2.51785082e+03  9.71332426e-09 
 2.57649910e+03  3.05039516e-08  2.57649910e+03  9.71323274e-09 
 2.63651348e+03  3.05035154e-08  2.63651348e+03  9.71314334e-09 
 2.69792577e+03  3.05030784e-08  2.69792577e+03  9.71305602e-09 
 2.76076853e+03  3.05026401e-08  2.76076853e+03  9.71297073e-09 
 2.82507509e+03  3.05022001e-08  2.82507509e+03  9.71288744e-09 
 2.89087954e+03  3.05017577e-08  2.89087954e+03  9.71280609e-09 
 2.95821678e+03  3.05013126e-08  2.95821678e+03  9.71272664e-09 
 3.02712250e+03  3.05008640e-08  3.02712250e+03  9.71264906e-09 
 3.09763324e+03  3.05004116e-08  3.09763324e+03  9.71257330e-09 
 3.16978638e+03  3.04999546e-08  3.16978638e+03  9.71249932e-09 
 3.24362019e+03  3.04994926e-08  3.24362019e+03  9.71242709e-09 
 3.31917381e+03  3.04990248e-08  3.31917381e+03  9.71235658e-09 
 3.39648730e+03  3.04985507e-08  3.39648730e+03  9.71228774e-09 
 3.47560166e+03  3.04980696e-08  3.47560166e+03  9.71222053e-09 
 3.55655882e+03  3.04975809e-08  3.55655882e+03  9.71215494e-09 
 3.63940172e+03  3.04970837e-08  3.63940172e+03  9.71209091e-09 
 3.72417427e+03  3.04965775e-08  3.72417427e+03  9.71202843e-09 
 3.81092144e+03  3.04960614e-08  3.81092144e+03  9.71196746e-09 
 3.89968920e+03  3.04955346e-08  3.89968920e+03  9.71190797e-09 
 3.99052463e+03  3.04949965e-08  3.99052463e+03  9.71184993e-09 
 4.08347589e+03  3.04944460e-08  4.08347589e+03  9.71179331e-09 
 4.17859226e+03  3.04938823e-08  4.17859226e+03  9.71173808e-09 
 4.27592418e+03  3.04933046e-08  4.27592418e+03  9.71168423e-09 
 4.37552325e+03  3.04927118e-08  4.37552325e+03  9.71163171e-09 
 4.47744228e+03  3.04921031e-08  4.47744228e+03  9.71158051e-09 
 4.58173531e+03  3.04914773e-08  4.58173531e+03  9.71153061e-09 
 4.68845763e+03  3.04908334e-08  4.68845763e+03  9.71148197e-09 
 4.79766584e+03  3.04901703e-08  4.79766584e+03  9.71143458e-09 
 4.90941783e+03  3.04894869e-08  4.90941783e+03  9.71138842e-09 
 5.02377286e+03  3.04887819e-08  5.02377286e+03  9.71134345e-09 
 5.14079157e+03  3.04880541e-08  5.14079157e+03  9.71129968e-09 
 5.26053598e+03  3.04873021e-08  5.26053598e+03  9.71125706e-09 
 5.38306961e+03  3.04865247e-08  5.38306961e+03  9.71121559e-09 
 5.50845741e+03  3.04857203e-08  5.50845741e+03  9.71117525e-09 
 5.63676586e+03  3.04848876e-08  5.63676586e+03  9.71113602e-09 
 5.76806301e+03  3.04840249e-08  5.76806301e+03  9.71109789e-09 
 5.90241845e+03  3.04831306e-08  5.90241845e+03  9.71106083e-09 
 6.03990344e+03  3.04822031e-08  6.03990344e+03  9.71102484e-09 
 6.18059087e+03  3.04812406e-08  6.18059087e+03  9.71098990e-09 
 6.32455532e+03  3.04802412e-08  6.32455532e+03  9.71095600e-09 
 6.47187314e+03  3.04792031e-08  6.47187314e+03  9.71092312e-09 
 6.62262243e+03  3.04781241e-08  6.62262243e+03  9.71089126e-09 
 6.77688312e+03  3.04770023e-08  6.77688312e+03  9.71086040e-09 
 6.93473701e+03  3.04758355e-08  6.93473701e+03  9.71083054e-09 
 7.09626778e+03  3.04746213e-08  7.09626778e+03  9.71080166e-09 
 7.26156110e+03  3.04733573e-08  7.26156110e+03  9.71077376e-09 
 7.43070458e+03  3.04720411e-08  7.43070458e+03  9.71074683e-09 
 7.60378793e+03  3.04706701e-08  7.60378793e+03  9.71072086e-09 
 7.78090290e+03  3.04692415e-08  7.78090290e+03  9.71069585e-09 
 7.96214341e+03  3.04677524e-08  7.96214341e+03  9.71067179e-09 
 8.14760556e+03  3.04662000e-08  8.14760556e+03  9.71064868e-09 
 8.33738767e+03  3.04645810e-08  8.33738767e+03  9.71062652e-09 
 8.53159038e+03  3.04628922e-08  8.53159038e+03  9.71060531e-09 
 8.73031664e+03  3.04611302e-08  8.73031664e+03  9.71058504e-09 
 8.93367184e+03  3.04592915e-08  8.93367184e+03  9.71056572e-09 
 9.14176379e+03  3.04573723e-08  9.14176379e+03  9.71054735e-09 
 9.35470283e+03  3.04553687e-08  9.35470283e+03  9.71052992e-09 
 9.57260185e+03  3.04532767e-08  9.57260185e+03  9.71051345e-09 
 9.79557639e+03  3.04510920e-08  9.79557639e+03  9.71049793e-09 
 1.00237447e+04  3.04488101e-08  1.00237447e+04  9.71048337e-09 
 1.02572277e+04  3.04464264e-08  1.02572277e+04  9.71046979e-09 
 1.04961492e+04  3.04439361e-08  1.04961492e+04  9.71045718e-09 
 1.07406359e+04  3.04413341e-08  1.07406359e+04  9.71044556e-09 
 1.09908175e+04  3.04386149e-08  1.09908175e+04  9.71043494e-09 
 1.12468265e+04  3.04357732e-08  1.12468265e+04  9.71042532e-09 
 1.15087987e+04  3.04328030e-08  1.15087987e+04  9.71041673e-09 
 1.17768731e+04  3.04296983e-08  1.17768731e+04  9.71040917e-09 
 1.20511917e+04  3.04264528e-08  1.20511917e+04  9.71040267e-09 
 1.23319000e+04  3.04230597e-08  1.23319000e+04  9.71039724e-09 
 1.26191469e+04  3.04195122e-08  1.26191469e+04  9.71039290e-09 
 1.29130846e+04  3.04158030e-08  1.29130846e+04  9.71038967e-09 
 1.32138690e+04  3.04119246e-08  1.32138690e+04  9.71038757e-09 
 1.35216595e+04  3.04078689e-08  1.35216595e+04  9.71038662e-09 
 1.38366194e+04  3.04036277e-08  1.38366194e+04  9.71038686e-09 
 1.41589157e+04  3.03991923e-08  1.41589157e+04  9.71038831e-09 
 1.44887192e+04  3.03945538e-08  1.44887192e+04  9.71039101e-09 
 1.48262048e+04  3.03897026e-08  1.48262048e+04  9.71039497e-09 
 1.51715515e+04  3.03846288e-08  1.51715515e+04  9.71040024e-09 
 1.55249423e+04  3.03793222e-08  1.55249423e+04  9.71040685e-09 
 1.58865647e+04  3.03737720e-08  1.58865647e+04  9.71041484e-09 
 1.62566103e+04  3.03679668e-08  1.62566103e+04  9.71042425e-09 
 1.66352754e+04  3.03618950e-08  1.66352754e+04  9.71043513e-09 
 1.70227608e+04  3.03555442e-08  1.70227608e+04  9.71044752e-09 
 1.74192718e+04  3.03489015e-08  1.74192718e+04  9.71046146e-09 
 1.78250188e+04  3.03419537e-08  1.78250188e+04  9.71047702e-09 
 1.82402168e+04  3.03346868e-08  1.82402168e+04  9.71049424e-09 
 1.86650860e+04  3.03270860e-08  1.86650860e+04  9.71051318e-09 
 1.90998517e+04  3.03191362e-08  1.90998517e+04  9.71053391e-09 
 1.95447444e+04  3.03108214e-08  1.95447444e+04  9.71055648e-09 
 2.00000000e+04  3.03021252e-08  2.00000000e+04  9.71058096e-09 
