 2.00000000e+01  3.20638321e-08  2.00000000e+01  1.02119334e-08 
 2.04658598e+01  3.20289684e-08  2.04658598e+01  1.02006906e-08 
 2.09425710e+01  3.19948609e-08  2.09425710e+01  1.01896952e-08 
 2.14303861e+01  3.19614939e-08  2.14303861e+01  1.01789420e-08 
 2.19295639e+01  3.19288522e-08  2.19295639e+01  1.01684256e-08 
 2.24403691e+01  3.18969207e-08  2.24403691e+01  1.01581411e-08 
 2.29630724e+01  3.18656848e-08  2.29630724e+01  1.01480835e-08 
 2.34979511e+01  3.18351298e-08  2.34979511e+01  1.01382479e-08 
 2.40452887e+01  3.18052418e-08  2.40452887e+01  1.01286296e-08 
 2.46053754e+01  3.17760066e-08  2.46053754e+01  1.01192239e-08 
 2.51785082e+01  3.17474108e-08  2.51785082e+01  1.01100263e-08 
 2.57649910e+01  3.17194407e-08  2.57649910e+01  1.01010322e-08 
 2.63651348e+01  3.16920834e-08  2.63651348e+01  1.00922373e-08 
 2.69792577e+01  3.16653259e-08  2.69792577e+01  1.00836373e-08 
 2.76076853e+01  3.16391556e-08  2.76076853e+01  1.00752279e-08 
 2.82507509e+01  3.16135600e-08  2.82507509e+01  1.00670050e-08 
 2.89087954e+01  3.15885270e-08  2.89087954e+01  1.00589647e-08 
 2.95821678e+01  3.15640446e-08  2.95821678e+01  1.00511029e-08 
 3.02712250e+01  3.15401013e-08  3.02712250e+01  1.00434158e-08 
 3.09763324e+01  3.15166854e-08  3.09763324e+01  1.00358996e-08 
 3.16978638e+01  3.14937858e-08  3.16978638e+01  1.00285506e-08 
 3.24362019e+01  3.14713915e-08  3.24362019e+01  1.00213651e-08 
 3.31917381e+01  3.14494916e-08  3.31917381e+01  1.00143395e-08 
 3.39648730e+01  3.14280756e-08  3.39648730e+01  1.00074705e-08 
 3.47560166e+01  3.14071332e-08  3.47560166e+01  1.00007545e-08 
 3.55655882e+01  3.13866540e-08  3.55655882e+01  9.99418824e-09 
 3.63940172e+01  3.13666283e-08  3.63940172e+01  9.98776845e-09 
 3.72417427e+01  3.13470462e-08  3.72417427e+01  9.98149191e-09 
 3.81092144e+01  3.13278981e-08  3.81092144e+01  9.97535549e-09 
 3.89968920e+01  3.13091748e-08  3.89968920e+01  9.96935611e-09 
 3.99052463e+01  3.12908670e-08  3.99052463e+01  9.96349078e-09 
 4.08347589e+01  3.12729657e-08  4.08347589e+01  9.95775655e-09 
 4.17859226e+01  3.12554622e-08  4.17859226e+01  9.95215054e-09 
 4.27592418e+01  3.12383478e-08  4.27592418e+01  9.94666994e-09 
 4.37552325e+01  3.12216141e-08  4.37552325e+01  9.94131198e-09 
 4.47744228e+01  3.12052528e-08  4.47744228e+01  9.93607396e-09 
 4.58173531e+01  3.11892558e-08  4.58173531e+01  9.93095325e-09 
 4.68845763e+01  3.11736152e-08  4.68845763e+01  9.92594726e-09 
 4.79766584e+01  3.11583231e-08  4.79766584e+01  9.92105346e-09 
 4.90941783e+01  3.11433721e-08  4.90941783e+01  9.91626936e-09 
 5.02377286e+01  3.11287546e-08  5.02377286e+01  9.91159256e-09 
 5.14079157e+01  3.11144634e-08  5.14079157e+01  9.90702067e-09 
 5.26053598e+01  3.11004913e-08  5.26053598e+01  9.90255137e-09 
 5.38306961e+01  3.10868314e-08  5.38306961e+01  9.89818241e-09 
 5.50845741e+01  3.10734767e-08  5.50845741e+01  9.89391154e-09 
 5.63676586e+01  3.10604207e-08  5.63676586e+01  9.88973661e-09 
 5.76806301e+01  3.10476566e-08  5.76806301e+01  9.88565548e-09 
 5.90241845e+01  3.10351782e-08  5.90241845e+01  9.88166607e-09 
 6.03990344e+01  3.10229792e-08  6.03990344e+01  9.87776635e-09 
 6.18059087e+01  3.10110533e-08  6.18059087e+01  9.87395433e-09 
 6.32455532e+01  3.09993946e-08  6.32455532e+01  9.87022805e-09 
 6.47187314e+01  3.09879972e-08  6.47187314e+01  9.86658562e-09 
 6.62262243e+01  3.09768553e-08  6.62262243e+01  9.86302515e-09 
 6.77688312e+01  3.09659632e-08  6.77688312e+01  9.85954485e-09 
 6.93473701e+01  3.09553156e-08  6.93473701e+01  9.85614290e-09 
 7.09626778e+01  3.09449068e-08  7.09626778e+01  9.85281758e-09 
 7.26156110e+01  3.09347318e-08  7.26156110e+01  9.84956717e-09 
 7.43070458e+01  3.09247853e-08  7.43070458e+01  9.84639001e-09 
 7.60378793e+01  3.09150621e-08  7.60378793e+01  9.84328446e-09 
 7.78090290e+01  3.09055575e-08  7.78090290e+01  9.84024891e-09 
 7.96214341e+01  3.08962665e-08  7.96214341e+01  9.83728182e-09 
 8.14760556e+01  3.08871844e-08  8.14760556e+01  9.83438164e-09 
 8.33738767e+01  3.08783066e-08  8.33738767e+01  9.83154689e-09 
 8.53159038e+01  3.08696285e-08  8.53159038e+01  9.82877611e-09 
 8.73031664e+01  3.08611456e-08  8.73031664e+01  9.82606785e-09 
 8.93367184e+01  3.08528537e-08  8.93367184e+01  9.82342073e-09 
 9.14176379e+01  3.08447485e-08  9.14176379e+01  9.82083337e-09 
 9.35470283e+01  3.08368258e-08  9.35470283e+01  9.81830444e-09 
 9.57260185e+01  3.08290816e-08  9.57260185e+01  9.81583262e-09 
 9.79557639e+01  3.08215118e-08  9.79557639e+01  9.81341665e-09 
 1.00237447e+02  3.08141127e-08  1.00237447e+02  9.81105526e-09 
 1.02572277e+02  3.08068804e-08  1.02572277e+02  9.80874724e-09 
 1.04961492e+02  3.07998111e-08  1.04961492e+02  9.80649138e-09 
 1.07406359e+02  3.07929012e-08  1.07406359e+02  9.80428652e-09 
 1.09908175e+02  3.07861472e-08  1.09908175e+02  9.80213151e-09 
 1.12468265e+02  3.07795456e-08  1.12468265e+02  9.80002524e-09 
 1.15087987e+02  3.07730930e-08  1.15087987e+02  9.79796660e-09 
 1.17768731e+02  3.07667860e-08  1.17768731e+02  9.79595453e-09 
 1.20511917e+02  3.07606214e-08  1.20511917e+02  9.79398799e-09 
 1.23319000e+02  3.07545960e-08  1.23319000e+02  9.79206594e-09 
 1.26191469e+02  3.07487067e-08  1.26191469e+02  9.79018740e-09 
 1.29130846e+02  3.07429504e-08  1.29130846e+02  9.78835138e-09 
 1.32138690e+02  3.07373241e-08  1.32138690e+02  9.78655692e-09 
 1.35216595e+02  3.07318250e-08  1.35216595e+02  9.78480309e-09 
 1.38366194e+02  3.07264501e-08  1.38366194e+02  9.78308898e-09 
 1.41589157e+02  3.07211968e-08  1.41589157e+02  9.78141369e-09 
 1.44887192e+02  3.07160622e-08  1.44887192e+02  9.77977634e-09 
 1.48262048e+02  3.07110437e-08  1.48262048e+02  9.77817609e-09 
 1.51715515e+02  3.07061387e-08  1.51715515e+02  9.77661210e-09 
 1.55249423e+02  3.07013447e-08  1.55249423e+02  9.77508356e-09 
 1.58865647e+02  3.06966591e-08  1.58865647e+02  9.77358965e-09 
 1.62566103e+02  3.06920795e-08  1.62566103e+02  9.77212961e-09 
 1.66352754e+02  3.06876035e-08  1.66352754e+02  9.77070266e-09 
 1.70227608e+02  3.06832289e-08  1.70227608e+02  9.76930807e-09 
 1.74192718e+02  3.06789532e-08  1.74192718e+02  9.76794510e-09 
 1.78250188e+02  3.06747744e-08  1.78250188e+02  9.76661305e-09 
 1.82402168e+02  3.06706901e-08  1.82402168e+02  9.76531120e-09 
 1.86650860e+02  3.06666984e-08  1.86650860e+02  9.76403889e-09 
 1.90998517e+02  3.06627970e-08  1.90998517e+02  9.76279545e-09 
 1.95447444e+02  3.06589839e-08  1.95447444e+02  9.76158021e-09 
 2.00000000e+02  3.06552573e-08  2.00000000e+02  9.76039256e-09 
 2.04658598e+02  3.06516151e-08  2.04658598e+02  9.75923186e-09 
 2.09425710e+02  3.06480553e-08  2.09425710e+02  9.75809750e-09 
 2.14303861e+02  3.06445762e-08  2.14303861e+02  9.75698890e-09 
 2.19295639e+02  3.06411760e-08  2.19295639e+02  9.75590547e-09 
 2.24403691e+02  3.06378528e-08  2.24403691e+02  9.75484664e-09 
 2.29630724e+02  3.06346049e-08  2.29630724e+02  9.75381185e-09 
 2.34979511e+02  3.06314307e-08  2.34979511e+02  9.75280057e-09 
 2.40452887e+02  3.06283283e-08  2.40452887e+02  9.75181226e-09 
 2.46053754e+02  3.06252963e-08  2.46053754e+02  9.75084640e-09 
 2.51785082e+02  3.06223331e-08  2.51785082e+02  9.74990249e-09 
 2.57649910e+02  3.06194370e-08  2.57649910e+02  9.74898002e-09 
 2.63651348e+02  3.06166065e-08  2.63651348e+02  9.74807853e-09 
 2.69792577e+02  3.06138403e-08  2.69792577e+02  9.74719752e-09 
 2.76076853e+02  3.06111367e-08  2.76076853e+02  9.74633654e-09 
 2.82507509e+02  3.06084945e-08  2.82507509e+02  9.74549514e-09 
 2.89087954e+02  3.06059121e-08  2.89087954e+02  9.74467287e-09 
 2.95821678e+02  3.06033883e-08  2.95821678e+02  9.74386930e-09 
 3.02712250e+02  3.06009218e-08  3.02712250e+02  9.74308401e-09 
 3.09763324e+02  3.05985111e-08  3.09763324e+02  9.74231658e-09 
 3.16978638e+02  3.05961551e-08  3.16978638e+02  9.74156661e-09 
 3.24362019e+02  3.05938526e-08  3.24362019e+02  9.74083371e-09 
 3.31917381e+02  3.05916022e-08  3.31917381e+02  9.74011749e-09 
 3.39648730e+02  3.05894029e-08  3.39648730e+02  9.73941758e-09 
 3.47560166e+02  3.05872534e-08  3.47560166e+02  9.73873359e-09 
 3.55655882e+02  3.05851526e-08  3.55655882e+02  9.73806519e-09 
 3.63940172e+02  3.05830994e-08  3.63940172e+02  9.73741200e-09 
 3.72417427e+02  3.05810928e-08  3.72417427e+02  9.73677369e-09 
 3.81092144e+02  3.05791316e-08  3.81092144e+02  9.73614993e-09 
 3.89968920e+02  3.05772149e-08  3.89968920e+02  9.73554037e-09 
 3.99052463e+02  3.05753416e-08  3.99052463e+02  9.73494471e-09 
 4.08347589e+02  3.05735107e-08  4.08347589e+02  9.73436263e-09 
 4.17859226e+02  3.05717213e-08  4.17859226e+02  9.73379382e-09 
 4.27592418e+02  3.05699724e-08  4.27592418e+02  9.73323798e-09 
 4.37552325e+02  3.05682631e-08  4.37552325e+02  9.73269481e-09 
 4.47744228e+02  3.05665924e-08  4.47744228e+02  9.73216404e-09 
 4.58173531e+02  3.05649596e-08  4.58173531e+02  9.73164538e-09 
 4.68845763e+02  3.05633636e-08  4.68845763e+02  9.73113856e-09 
 4.79766584e+02  3.05618037e-08  4.79766584e+02  9.73064331e-09 
 4.90941783e+02  3.05602791e-08  4.90941783e+02  9.73015937e-09 
 5.02377286e+02  3.05587889e-08  5.02377286e+02  9.72968649e-09 
 5.14079157e+02  3.05573324e-08  5.14079157e+02  9.72922440e-09 
 5.26053598e+02  3.05559087e-08  5.26053598e+02  9.72877288e-09 
 5.38306961e+02  3.05545171e-08  5.38306961e+02  9.72833168e-09 
 5.50845741e+02  3.05531569e-08  5.50845741e+02  9.72790057e-09 
 5.63676586e+02  3.05518272e-08  5.63676586e+02  9.72747933e-09 
 5.76806301e+02  3.05505276e-08  5.76806301e+02  9.72706772e-09 
 5.90241845e+02  3.05492571e-08  5.90241845e+02  9.72666554e-09 
 6.03990344e+02  3.05480151e-08  6.03990344e+02  9.72627256e-09 
 6.18059087e+02  3.05468011e-08  6.18059087e+02  9.72588859e-09 
 6.32455532e+02  3.05456142e-08  6.32455532e+02  9.72551342e-09 
 6.47187314e+02  3.05444539e-08  6.47187314e+02  9.72514684e-09 
 6.62262243e+02  3.05433196e-08  6.62262243e+02  9.72478868e-09 
 6.77688312e+02  3.05422106e-08  6.77688312e+02  9.72443874e-09 
 6.93473701e+02  3.05411263e-08  6.93473701e+02  9.72409683e-09 
 7.09626778e+02  3.05400662e-08  7.09626778e+02  9.72376277e-09 
 7.26156110e+02  3.05390297e-08  7.26156110e+02  9.72343639e-09 
 7.43070458e+02  3.05380161e-08  7.43070458e+02  9.72311751e-09 
 7.60378793e+02  3.05370250e-08  7.60378793e+02  9.72280597e-09 
 7.78090290e+02  3.05360558e-08  7.78090290e+02  9.72250161e-09 
 7.96214341e+02  3.05351079e-08  7.96214341e+02  9.72220425e-09 
 8.14760556e+02  3.05341809e-08  8.14760556e+02  9.72191374e-09 
 8.33738767e+02  3.05332742e-08  8.33738767e+02  9.72162994e-09 
 8.53159038e+02  3.05323874e-08  8.53159038e+02  9.72135269e-09 
 8.73031664e+02  3.05315199e-08  8.73031664e+02  9.72108184e-09 
 8.93367184e+02  3.05306712e-08  8.93367184e+02  9.72081725e-09 
 9.14176379e+02  3.05298409e-08  9.14176379e+02  9.72055878e-09 
 9.35470283e+02  3.05290286e-08  9.35470283e+02  9.72030629e-09 
 9.57260185e+02  3.05282336e-08  9.57260185e+02  9.72005966e-09 
 9.79557639e+02  3.05274557e-08  9.79557639e+02  9.71981875e-09 
 1.00237447e+03  3.05266943e-08  1.00237447e+03  9.71958343e-09 
 1.02572277e+03  3.05259490e-08  1.02572277e+03  9.71935357e-09 
 1.04961492e+03  3.05252194e-08  1.04961492e+03  9.71912907e-09 
 1.07406359e+03  3.05245050e-08  1.07406359e+03  9.71890979e-09 
 1.09908175e+03  3.05238055e-08  1.09908175e+03  9.71869563e-09 
 1.12468265e+03  3.05231204e-08  1.12468265e+03  9.71848647e-09 
 1.15087987e+03  3.05224493e-08  1.15087987e+03  9.71828219e-09 
 1.17768731e+03  3.05217918e-08  1.17768731e+03  9.71808270e-09 
 1.20511917e+03  3.05211476e-08  1.20511917e+03  9.71788788e-09 
 1.23319000e+03  3.05205162e-08  1.23319000e+03  9.71769764e-09 
 1.26191469e+03  3.05198972e-08  1.26191469e+03  9.71751187e-09 
 1.29130846e+03  3.05192902e-08  1.29130846e+03  9.71733047e-09 
 1.32138690e+03  3.05186950e-08  1.32138690e+03  9.71715336e-09 
 1.35216595e+03  3.05181110e-08  1.35216595e+03  9.71698042e-09 
 1.38366194e+03  3.05175380e-08  1.38366194e+03  9.71681159e-09 
 1.41589157e+03  3.05169755e-08  1.41589157e+03  9.71664675e-09 
 1.44887192e+03  3.05164233e-08  1.44887192e+03  9.71648584e-09 
 1.48262048e+03  3.05158808e-08  1.48262048e+03  9.71632876e-09 
 1.51715515e+03  3.05153478e-08  1.51715515e+03  9.71617542e-09 
 1.55249423e+03  3.05148239e-08  1.55249423e+03  9.71602576e-09 
 1.58865647e+03  3.05143087e-08  1.58865647e+03  9.71587969e-09 
 1.62566103e+03  3.05138020e-08  1.62566103e+03  9.71573713e-09 
 1.66352754e+03  3.05133032e-08  1.66352754e+03  9.71559801e-09 
 1.70227608e+03  3.05128120e-08  1.70227608e+03  9.71546226e-09 
 1.74192718e+03  3.05123282e-08  1.74192718e+03  9.71532980e-09 
 1.78250188e+03  3.05118513e-08  1.78250188e+03  9.71520056e-09 
 1.82402168e+03  3.05113809e-08  1.82402168e+03  9.71507448e-09 
 1.86650860e+03  3.05109167e-08  1.86650860e+03  9.71495149e-09 
 1.90998517e+03  3.05104584e-08  1.90998517e+03  9.71483153e-09 
 1.95447444e+03  3.05100055e-08  1.95447444e+03  9.71471452e-09 
 2.00000000e+03  3.05095577e-08  2.00000000e+03  9.71460042e-09 
 2.04658598e+03  3.05091147e-08  2.04658598e+03  9.71448916e-09 
 2.09425710e+03  3.05086759e-08  2.09425710e+03  9.71438068e-09 
 2.14303861e+03  3.05082411e-08  2.14303861e+03  9.71427493e-09 
 2.19295639e+03  3.05078098e-08  2.19295639e+03  9.71417185e-09 
 2.24403691e+03  3.05073817e-08  2.24403691e+03  9.71407138e-09 
 2.29630724e+03  3.05069563e-08  2.29630724e+03  9.71397348e-09 
 2.34979511e+03  3.05065332e-08  2.34979511e+03  9.71387809e-09 
 2.40452887e+03  3.05061121e-08  2.40452887e+03  9.71378517e-09 
 2.46053754e+03  3.05056925e-08  2.46053754e+03  9.71369466e-09 
 2.51785082e+03  3.05052739e-08  2.51785082e+03  9.71360652e-09 
 2.57649910e+03  3.05048559e-08  2.57649910e+03  9.71352070e-09 
 2.63651348e+03  3.05044381e-08  2.63651348e+03  9.71343715e-09 
 2.69792577e+03  3.05040200e-08  2.69792577e+03  9.71335585e-09 
 2.76076853e+03  3.05036011e-08  2.76076853e+03  9.71327673e-09 
 2.82507509e+03  3.05031809e-08  2.82507509e+03  9.71319977e-09 
 2.89087954e+03  3.05027590e-08  2.89087954e+03  9.71312491e-09 
 2.95821678e+03  3.05023347e-08  2.95821678e+03  9.71305214e-09 
 3.02712250e+03  3.05019077e-08  3.02712250e+03  9.71298139e-09 
 3.09763324e+03  3.05014773e-08  3.09763324e+03  9.71291265e-09 
 3.16978638e+03  3.05010429e-08  3.16978638e+03  9.71284587e-09 
 3.24362019e+03  3.05006040e-08  3.24362019e+03  9.71278103e-09 
 3.31917381e+03  3.05001600e-08  3.31917381e+03  9.71271808e-09 
 3.39648730e+03  3.04997103e-08  3.39648730e+03  9.71265700e-09 
 3.47560166e+03  3.04992542e-08  3.47560166e+03  9.71259775e-09 
 3.55655882e+03  3.04987910e-08  3.55655882e+03  9.71254031e-09 
 3.63940172e+03  3.04983201e-08  3.63940172e+03  9.71248465e-09 
 3.72417427e+03  3.04978408e-08  3.72417427e+03  9.71243073e-09 
 3.81092144e+03  3.04973522e-08  3.81092144e+03  9.71237855e-09 
 3.89968920e+03  3.04968537e-08  3.89968920e+03  9.71232805e-09 
 3.99052463e+03  3.04963445e-08  3.99052463e+03  9.71227924e-09 
 4.08347589e+03  3.04958237e-08  4.08347589e+03  9.71223207e-09 
 4.17859226e+03  3.04952904e-08  4.17859226e+03  9.71218653e-09 
 4.27592418e+03  3.04947438e-08  4.27592418e+03  9.71214259e-09 
 4.37552325e+03  3.04941829e-08  4.37552325e+03  9.71210024e-09 
 4.47744228e+03  3.04936069e-08  4.47744228e+03  9.71205946e-09 
 4.58173531e+03  3.04930145e-08  4.58173531e+03  9.71202022e-09 
 4.68845763e+03  3.04924049e-08  4.68845763e+03  9.71198251e-09 
 4.79766584e+03  3.04917770e-08  4.79766584e+03  9.71194631e-09 
 4.90941783e+03  3.04911295e-08  4.90941783e+03  9.71191161e-09 
 5.02377286e+03  3.04904613e-08  5.02377286e+03  9.71187839e-09 
 5.14079157e+03  3.04897712e-08  5.14079157e+03  9.71184663e-09 
 5.26053598e+03  3.04890579e-08  5.26053598e+03  9.71181633e-09 
 5.38306961e+03  3.04883200e-08  5.38306961e+03  9.71178748e-09 
 5.50845741e+03  3.04875561e-08  5.50845741e+03  9.71176005e-09 
 5.63676586e+03  3.04867648e-08  5.63676586e+03  9.71173404e-09 
 5.76806301e+03  3.04859446e-08  5.76806301e+03  9.71170945e-09 
 5.90241845e+03  3.04850938e-08  5.90241845e+03  9.71168626e-09 
 6.03990344e+03  3.04842108e-08  6.03990344e+03  9.71166447e-09 
 6.18059087e+03  3.04832939e-08  6.18059087e+03  9.71164406e-09 
 6.32455532e+03  3.04823412e-08  6.32455532e+03  9.71162504e-09 
 6.47187314e+03  3.04813508e-08  6.47187314e+03  9.71160741e-09 
 6.62262243e+03  3.04803208e-08  6.62262243e+03  9.71159114e-09 
 6.77688312e+03  3.04792490e-08  6.77688312e+03  9.71157626e-09 
 6.93473701e+03  3.04781334e-08  6.93473701e+03  9.71156274e-09 
 7.09626778e+03  3.04769716e-08  7.09626778e+03  9.71155060e-09 
 7.26156110e+03  3.04757614e-08  7.26156110e+03  9.71153984e-09 
 7.43070458e+03  3.04745001e-08  7.43070458e+03  9.71153045e-09 
 7.60378793e+03  3.04731853e-08  7.60378793e+03  9.71152244e-09 
 7.78090290e+03  3.04718143e-08  7.78090290e+03  9.71151581e-09 
 7.96214341e+03  3.04703842e-08  7.96214341e+03  9.71151057e-09 
 8.14760556e+03  3.04688920e-08  8.14760556e+03  9.71150673e-09 
 8.33738767e+03  3.04673347e-08  8.33738767e+03  9.71150429e-09 
 8.53159038e+03  3.04657091e-08  8.53159038e+03  9.71150326e-09 
 8.73031664e+03  3.04640118e-08  8.73031664e+03  9.71150365e-09 
 8.93367184e+03  3.04622392e-08  8.93367184e+03  9.71150548e-09 
 9.14176379e+03  3.04603877e-08  9.14176379e+03  9.71150874e-09 
 9.35470283e+03  3.04584534e-08  9.35470283e+03  9.71151347e-09 
 9.57260185e+03  3.04564323e-08  9.57260185e+03  9.71151967e-09 
 9.79557639e+03  3.04543202e-08  9.79557639e+03  9.71152736e-09 
 1.00237447e+04  3.04521125e-08  1.00237447e+04  9.71153656e-09 
 1.02572277e+04  3.04498049e-08  1.02572277e+04  9.71154729e-09 
 1.04961492e+04  3.04473923e-08  1.04961492e+04  9.71155957e-09 
 1.07406359e+04  3.04448698e-08  1.07406359e+04  9.71157342e-09 
 1.09908175e+04  3.04422320e-08  1.09908175e+04  9.71158886e-09 
 1.12468265e+04  3.04394736e-08  1.12468265e+04  9.71160592e-09 
 1.15087987e+04  3.04365886e-08  1.15087987e+04  9.71162463e-09 
 1.17768731e+04  3.04335711e-08  1.17768731e+04  9.71164502e-09 
 1.20511917e+04  3.04304148e-08  1.20511917e+04  9.71166712e-09 
 1.23319000e+04  3.04271130e-08  1.23319000e+04  9.71169095e-09 
 1.26191469e+04  3.04236588e-08  1.26191469e+04  9.71171657e-09 
 1.29130846e+04  3.04200452e-08  1.29130846e+04  9.71174399e-09 
 1.32138690e+04  3.04162644e-08  1.32138690e+04  9.71177327e-09 
 1.35216595e+04  3.04123087e-08  1.35216595e+04  9.71180443e-09 
 1.38366194e+04  3.04081698e-08  1.38366194e+04  9.71183753e-09 
 1.41589157e+04  3.04038391e-08  1.41589157e+04  9.71187261e-09 
 1.44887192e+04  3.03993075e-08  1.44887192e+04  9.71190972e-09 
 1.48262048e+04  3.03945658e-08  1.48262048e+04  9.71194890e-09 
 1.51715515e+04  3.03896040e-08  1.51715515e+04  9.71199022e-09 
 1.55249423e+04  3.03844119e-08  1.55249423e+04  9.71203371e-09 
 1.58865647e+04  3.03789788e-08  1.58865647e+04  9.71207945e-09 
 1.62566103e+04  3.03732935e-08  1.62566103e+04  9.71212750e-09 
 1.66352754e+04  3.03673442e-08  1.66352754e+04  9.71217791e-09 
 1.70227608e+04  3.03611187e-08  1.70227608e+04  9.71223075e-09 
 1.74192718e+04  3.03546042e-08  1.74192718e+04  9.71228610e-09 
 1.78250188e+04  3.03477875e-08  1.78250188e+04  9.71234403e-09 
 1.82402168e+04  3.03406546e-08  1.82402168e+04  9.71240460e-09 
 1.86650860e+04  3.03331908e-08  1.86650860e+04  9.71246792e-09 
 1.90998517e+04  3.03253812e-08  1.90998517e+04  9.71253404e-09 
 1.95447444e+04  3.03172098e-08  1.95447444e+04  9.71260308e-09 
 2.00000000e+04  3.03086600e-08  2.00000000e+04  9.71267511e-09 
