 2.00000000e+01  3.21365125e-08  2.00000000e+01  1.02353223e-08 
 2.04658598e+01  3.21019001e-08  2.04658598e+01  1.02241589e-08 
 2.09425710e+01  3.20680386e-08  2.09425710e+01  1.02132412e-08 
 2.14303861e+01  3.20349125e-08  2.14303861e+01  1.02025640e-08 
 2.19295639e+01  3.20025067e-08  2.19295639e+01  1.01921221e-08 
 2.24403691e+01  3.19708061e-08  2.24403691e+01  1.01819105e-08 
 2.29630724e+01  3.19397963e-08  2.29630724e+01  1.01719242e-08 
 2.34979511e+01  3.19094627e-08  2.34979511e+01  1.01621585e-08 
 2.40452887e+01  3.18797913e-08  2.40452887e+01  1.01526086e-08 
 2.46053754e+01  3.18507682e-08  2.46053754e+01  1.01432699e-08 
 2.51785082e+01  3.18223799e-08  2.51785082e+01  1.01341378e-08 
 2.57649910e+01  3.17946131e-08  2.57649910e+01  1.01252079e-08 
 2.63651348e+01  3.17674547e-08  2.63651348e+01  1.01164757e-08 
 2.69792577e+01  3.17408918e-08  2.69792577e+01  1.01079372e-08 
 2.76076853e+01  3.17149119e-08  2.76076853e+01  1.00995879e-08 
 2.82507509e+01  3.16895028e-08  2.82507509e+01  1.00914240e-08 
 2.89087954e+01  3.16646522e-08  2.89087954e+01  1.00834412e-08 
 2.95821678e+01  3.16403485e-08  2.95821678e+01  1.00756358e-08 
 3.02712250e+01  3.16165798e-08  3.02712250e+01  1.00680039e-08 
 3.09763324e+01  3.15933349e-08  3.09763324e+01  1.00605417e-08 
 3.16978638e+01  3.15706027e-08  3.16978638e+01  1.00532454e-08 
 3.24362019e+01  3.15483720e-08  3.24362019e+01  1.00461116e-08 
 3.31917381e+01  3.15266323e-08  3.31917381e+01  1.00391367e-08 
 3.39648730e+01  3.15053731e-08  3.39648730e+01  1.00323171e-08 
 3.47560166e+01  3.14845839e-08  3.47560166e+01  1.00256495e-08 
 3.55655882e+01  3.14642548e-08  3.55655882e+01  1.00191307e-08 
 3.63940172e+01  3.14443759e-08  3.63940172e+01  1.00127572e-08 
 3.72417427e+01  3.14249373e-08  3.72417427e+01  1.00065260e-08 
 3.81092144e+01  3.14059298e-08  3.81092144e+01  1.00004340e-08 
 3.89968920e+01  3.13873439e-08  3.89968920e+01  9.99447801e-09 
 3.99052463e+01  3.13691706e-08  3.99052463e+01  9.98865515e-09 
 4.08347589e+01  3.13514009e-08  4.08347589e+01  9.98296247e-09 
 4.17859226e+01  3.13340260e-08  4.17859226e+01  9.97739710e-09 
 4.27592418e+01  3.13170375e-08  4.27592418e+01  9.97195626e-09 
 4.37552325e+01  3.13004270e-08  4.37552325e+01  9.96663720e-09 
 4.47744228e+01  3.12841861e-08  4.47744228e+01  9.96143724e-09 
 4.58173531e+01  3.12683070e-08  4.58173531e+01  9.95635375e-09 
 4.68845763e+01  3.12527816e-08  4.68845763e+01  9.95138417e-09 
 4.79766584e+01  3.12376023e-08  4.79766584e+01  9.94652599e-09 
 4.90941783e+01  3.12227616e-08  4.90941783e+01  9.94177673e-09 
 5.02377286e+01  3.12082520e-08  5.02377286e+01  9.93713401e-09 
 5.14079157e+01  3.11940663e-08  5.14079157e+01  9.93259546e-09 
 5.26053598e+01  3.11801974e-08  5.26053598e+01  9.92815877e-09 
 5.38306961e+01  3.11666383e-08  5.38306961e+01  9.92382170e-09 
 5.50845741e+01  3.11533824e-08  5.50845741e+01  9.91958203e-09 
 5.63676586e+01  3.11404229e-08  5.63676586e+01  9.91543761e-09 
 5.76806301e+01  3.11277533e-08  5.76806301e+01  9.91138632e-09 
 5.90241845e+01  3.11153672e-08  5.90241845e+01  9.90742610e-09 
 6.03990344e+01  3.11032585e-08  6.03990344e+01  9.90355493e-09 
 6.18059087e+01  3.10914209e-08  6.18059087e+01  9.89977082e-09 
 6.32455532e+01  3.10798486e-08  6.32455532e+01  9.89607185e-09 
 6.47187314e+01  3.10685356e-08  6.47187314e+01  9.89245611e-09 
 6.62262243e+01  3.10574763e-08  6.62262243e+01  9.88892176e-09 
 6.77688312e+01  3.10466650e-08  6.77688312e+01  9.88546699e-09 
 6.93473701e+01  3.10360963e-08  6.93473701e+01  9.88209002e-09 
 7.09626778e+01  3.10257648e-08  7.09626778e+01  9.87878911e-09 
 7.26156110e+01  3.10156653e-08  7.26156110e+01  9.87556259e-09 
 7.43070458e+01  3.10057926e-08  7.43070458e+01  9.87240877e-09 
 7.60378793e+01  3.09961417e-08  7.60378793e+01  9.86932604e-09 
 7.78090290e+01  3.09867076e-08  7.78090290e+01  9.86631282e-09 
 7.96214341e+01  3.09774856e-08  7.96214341e+01  9.86336755e-09 
 8.14760556e+01  3.09684710e-08  8.14760556e+01  9.86048872e-09 
 8.33738767e+01  3.09596591e-08  8.33738767e+01  9.85767483e-09 
 8.53159038e+01  3.09510454e-08  8.53159038e+01  9.85492444e-09 
 8.73031664e+01  3.09426256e-08  8.73031664e+01  9.85223612e-09 
 8.93367184e+01  3.09343953e-08  8.93367184e+01  9.84960849e-09 
 9.14176379e+01  3.09263503e-08  9.14176379e+01  9.84704019e-09 
 9.35470283e+01  3.09184865e-08  9.35470283e+01  9.84452988e-09 
 9.57260185e+01  3.09107998e-08  9.57260185e+01  9.84207627e-09 
 9.79557639e+01  3.09032863e-08  9.79557639e+01  9.83967810e-09 
 1.00237447e+02  3.08959421e-08  1.00237447e+02  9.83733410e-09 
 1.02572277e+02  3.08887635e-08  1.02572277e+02  9.83504308e-09 
 1.04961492e+02  3.08817467e-08  1.04961492e+02  9.83280383e-09 
 1.07406359e+02  3.08748882e-08  1.07406359e+02  9.83061521e-09 
 1.09908175e+02  3.08681843e-08  1.09908175e+02  9.82847607e-09 
 1.12468265e+02  3.08616317e-08  1.12468265e+02  9.82638530e-09 
 1.15087987e+02  3.08552269e-08  1.15087987e+02  9.82434181e-09 
 1.17768731e+02  3.08489667e-08  1.17768731e+02  9.82234455e-09 
 1.20511917e+02  3.08428477e-08  1.20511917e+02  9.82039246e-09 
 1.23319000e+02  3.08368670e-08  1.23319000e+02  9.81848455e-09 
 1.26191469e+02  3.08310212e-08  1.26191469e+02  9.81661981e-09 
 1.29130846e+02  3.08253075e-08  1.29130846e+02  9.81479727e-09 
 1.32138690e+02  3.08197228e-08  1.32138690e+02  9.81301598e-09 
 1.35216595e+02  3.08142644e-08  1.35216595e+02  9.81127502e-09 
 1.38366194e+02  3.08089292e-08  1.38366194e+02  9.80957347e-09 
 1.41589157e+02  3.08037146e-08  1.41589157e+02  9.80791046e-09 
 1.44887192e+02  3.07986179e-08  1.44887192e+02  9.80628510e-09 
 1.48262048e+02  3.07936363e-08  1.48262048e+02  9.80469655e-09 
 1.51715515e+02  3.07887674e-08  1.51715515e+02  9.80314399e-09 
 1.55249423e+02  3.07840086e-08  1.55249423e+02  9.80162660e-09 
 1.58865647e+02  3.07793574e-08  1.58865647e+02  9.80014358e-09 
 1.62566103e+02  3.07748114e-08  1.62566103e+02  9.79869417e-09 
 1.66352754e+02  3.07703682e-08  1.66352754e+02  9.79727760e-09 
 1.70227608e+02  3.07660255e-08  1.70227608e+02  9.79589314e-09 
 1.74192718e+02  3.07617810e-08  1.74192718e+02  9.79454006e-09 
 1.78250188e+02  3.07576326e-08  1.78250188e+02  9.79321764e-09 
 1.82402168e+02  3.07535781e-08  1.82402168e+02  9.79192521e-09 
 1.86650860e+02  3.07496153e-08  1.86650860e+02  9.79066208e-09 
 1.90998517e+02  3.07457422e-08  1.90998517e+02  9.78942759e-09 
 1.95447444e+02  3.07419567e-08  1.95447444e+02  9.78822109e-09 
 2.00000000e+02  3.07382570e-08  2.00000000e+02  9.78704195e-09 
 2.04658598e+02  3.07346410e-08  2.04658598e+02  9.78588956e-09 
 2.09425710e+02  3.07311068e-08  2.09425710e+02  9.78476330e-09 
 2.14303861e+02  3.07276526e-08  2.14303861e+02  9.78366259e-09 
 2.19295639e+02  3.07242767e-08  2.19295639e+02  9.78258685e-09 
 2.24403691e+02  3.07209772e-08  2.24403691e+02  9.78153552e-09 
 2.29630724e+02  3.07177523e-08  2.29630724e+02  9.78050804e-09 
 2.34979511e+02  3.07146006e-08  2.34979511e+02  9.77950387e-09 
 2.40452887e+02  3.07115201e-08  2.40452887e+02  9.77852250e-09 
 2.46053754e+02  3.07085094e-08  2.46053754e+02  9.77756339e-09 
 2.51785082e+02  3.07055669e-08  2.51785082e+02  9.77662605e-09 
 2.57649910e+02  3.07026910e-08  2.57649910e+02  9.77570998e-09 
 2.63651348e+02  3.06998802e-08  2.63651348e+02  9.77481471e-09 
 2.69792577e+02  3.06971331e-08  2.69792577e+02  9.77393976e-09 
 2.76076853e+02  3.06944482e-08  2.76076853e+02  9.77308468e-09 
 2.82507509e+02  3.06918240e-08  2.82507509e+02  9.77224901e-09 
 2.89087954e+02  3.06892593e-08  2.89087954e+02  9.77143231e-09 
 2.95821678e+02  3.06867526e-08  2.95821678e+02  9.77063415e-09 
 3.02712250e+02  3.06843026e-08  3.02712250e+02  9.76985412e-09 
 3.09763324e+02  3.06819081e-08  3.09763324e+02  9.76909180e-09 
 3.16978638e+02  3.06795678e-08  3.16978638e+02  9.76834679e-09 
 3.24362019e+02  3.06772805e-08  3.24362019e+02  9.76761871e-09 
 3.31917381e+02  3.06750448e-08  3.31917381e+02  9.76690716e-09 
 3.39648730e+02  3.06728598e-08  3.39648730e+02  9.76621177e-09 
 3.47560166e+02  3.06707242e-08  3.47560166e+02  9.76553218e-09 
 3.55655882e+02  3.06686369e-08  3.55655882e+02  9.76486802e-09 
 3.63940172e+02  3.06665967e-08  3.63940172e+02  9.76421895e-09 
 3.72417427e+02  3.06646027e-08  3.72417427e+02  9.76358463e-09 
 3.81092144e+02  3.06626538e-08  3.81092144e+02  9.76296472e-09 
 3.89968920e+02  3.06607488e-08  3.89968920e+02  9.76235889e-09 
 3.99052463e+02  3.06588869e-08  3.99052463e+02  9.76176683e-09 
 4.08347589e+02  3.06570670e-08  4.08347589e+02  9.76118823e-09 
 4.17859226e+02  3.06552882e-08  4.17859226e+02  9.76062277e-09 
 4.27592418e+02  3.06535496e-08  4.27592418e+02  9.76007016e-09 
 4.37552325e+02  3.06518501e-08  4.37552325e+02  9.75953011e-09 
 4.47744228e+02  3.06501889e-08  4.47744228e+02  9.75900233e-09 
 4.58173531e+02  3.06485652e-08  4.58173531e+02  9.75848655e-09 
 4.68845763e+02  3.06469780e-08  4.68845763e+02  9.75798249e-09 
 4.79766584e+02  3.06454266e-08  4.79766584e+02  9.75748988e-09 
 4.90941783e+02  3.06439100e-08  4.90941783e+02  9.75700848e-09 
 5.02377286e+02  3.06424276e-08  5.02377286e+02  9.75653802e-09 
 5.14079157e+02  3.06409784e-08  5.14079157e+02  9.75607825e-09 
 5.26053598e+02  3.06395617e-08  5.26053598e+02  9.75562894e-09 
 5.38306961e+02  3.06381768e-08  5.38306961e+02  9.75518984e-09 
 5.50845741e+02  3.06368229e-08  5.50845741e+02  9.75476072e-09 
 5.63676586e+02  3.06354994e-08  5.63676586e+02  9.75434136e-09 
 5.76806301e+02  3.06342054e-08  5.76806301e+02  9.75393154e-09 
 5.90241845e+02  3.06329403e-08  5.90241845e+02  9.75353103e-09 
 6.03990344e+02  3.06317035e-08  6.03990344e+02  9.75313964e-09 
 6.18059087e+02  3.06304941e-08  6.18059087e+02  9.75275714e-09 
 6.32455532e+02  3.06293117e-08  6.32455532e+02  9.75238334e-09 
 6.47187314e+02  3.06281556e-08  6.47187314e+02  9.75201805e-09 
 6.62262243e+02  3.06270251e-08  6.62262243e+02  9.75166106e-09 
 6.77688312e+02  3.06259196e-08  6.77688312e+02  9.75131219e-09 
 6.93473701e+02  3.06248385e-08  6.93473701e+02  9.75097125e-09 
 7.09626778e+02  3.06237813e-08  7.09626778e+02  9.75063808e-09 
 7.26156110e+02  3.06227473e-08  7.26156110e+02  9.75031248e-09 
 7.43070458e+02  3.06217361e-08  7.43070458e+02  9.74999429e-09 
 7.60378793e+02  3.06207470e-08  7.60378793e+02  9.74968333e-09 
 7.78090290e+02  3.06197795e-08  7.78090290e+02  9.74937946e-09 
 7.96214341e+02  3.06188330e-08  7.96214341e+02  9.74908249e-09 
 8.14760556e+02  3.06179071e-08  8.14760556e+02  9.74879229e-09 
 8.33738767e+02  3.06170013e-08  8.33738767e+02  9.74850869e-09 
 8.53159038e+02  3.06161149e-08  8.53159038e+02  9.74823154e-09 
 8.73031664e+02  3.06152477e-08  8.73031664e+02  9.74796070e-09 
 8.93367184e+02  3.06143989e-08  8.93367184e+02  9.74769602e-09 
 9.14176379e+02  3.06135683e-08  9.14176379e+02  9.74743737e-09 
 9.35470283e+02  3.06127553e-08  9.35470283e+02  9.74718461e-09 
 9.57260185e+02  3.06119594e-08  9.57260185e+02  9.74693760e-09 
 9.79557639e+02  3.06111802e-08  9.79557639e+02  9.74669622e-09 
 1.00237447e+03  3.06104173e-08  1.00237447e+03  9.74646033e-09 
 1.02572277e+03  3.06096701e-08  1.02572277e+03  9.74622981e-09 
 1.04961492e+03  3.06089384e-08  1.04961492e+03  9.74600455e-09 
 1.07406359e+03  3.06082216e-08  1.07406359e+03  9.74578441e-09 
 1.09908175e+03  3.06075194e-08  1.09908175e+03  9.74556929e-09 
 1.12468265e+03  3.06068313e-08  1.12468265e+03  9.74535907e-09 
 1.15087987e+03  3.06061569e-08  1.15087987e+03  9.74515364e-09 
 1.17768731e+03  3.06054958e-08  1.17768731e+03  9.74495289e-09 
 1.20511917e+03  3.06048477e-08  1.20511917e+03  9.74475672e-09 
 1.23319000e+03  3.06042120e-08  1.23319000e+03  9.74456502e-09 
 1.26191469e+03  3.06035885e-08  1.26191469e+03  9.74437768e-09 
 1.29130846e+03  3.06029768e-08  1.29130846e+03  9.74419462e-09 
 1.32138690e+03  3.06023764e-08  1.32138690e+03  9.74401574e-09 
 1.35216595e+03  3.06017870e-08  1.35216595e+03  9.74384093e-09 
 1.38366194e+03  3.06012082e-08  1.38366194e+03  9.74367012e-09 
 1.41589157e+03  3.06006397e-08  1.41589157e+03  9.74350320e-09 
 1.44887192e+03  3.06000810e-08  1.44887192e+03  9.74334009e-09 
 1.48262048e+03  3.05995318e-08  1.48262048e+03  9.74318071e-09 
 1.51715515e+03  3.05989918e-08  1.51715515e+03  9.74302496e-09 
 1.55249423e+03  3.05984605e-08  1.55249423e+03  9.74287277e-09 
 1.58865647e+03  3.05979377e-08  1.58865647e+03  9.74272406e-09 
 1.62566103e+03  3.05974228e-08  1.62566103e+03  9.74257875e-09 
 1.66352754e+03  3.05969157e-08  1.66352754e+03  9.74243676e-09 
 1.70227608e+03  3.05964159e-08  1.70227608e+03  9.74229802e-09 
 1.74192718e+03  3.05959230e-08  1.74192718e+03  9.74216246e-09 
 1.78250188e+03  3.05954367e-08  1.78250188e+03  9.74202999e-09 
 1.82402168e+03  3.05949566e-08  1.82402168e+03  9.74190056e-09 
 1.86650860e+03  3.05944823e-08  1.86650860e+03  9.74177410e-09 
 1.90998517e+03  3.05940135e-08  1.90998517e+03  9.74165054e-09 
 1.95447444e+03  3.05935498e-08  1.95447444e+03  9.74152981e-09 
 2.00000000e+03  3.05930908e-08  2.00000000e+03  9.74141185e-09 
 2.04658598e+03  3.05926362e-08  2.04658598e+03  9.74129659e-09 
 2.09425710e+03  3.05921855e-08  2.09425710e+03  9.74118399e-09 
 2.14303861e+03  3.05917383e-08  2.14303861e+03  9.74107398e-09 
 2.19295639e+03  3.05912944e-08  2.19295639e+03  9.74096649e-09 
 2.24403691e+03  3.05908531e-08  2.24403691e+03  9.74086149e-09 
 2.29630724e+03  3.05904143e-08  2.29630724e+03  9.74075890e-09 
 2.34979511e+03  3.05899773e-08  2.34979511e+03  9.74065868e-09 
 2.40452887e+03  3.05895419e-08  2.40452887e+03  9.74056078e-09 
 2.46053754e+03  3.05891076e-08  2.46053754e+03  9.74046514e-09 
 2.51785082e+03  3.05886738e-08  2.51785082e+03  9.74037171e-09 
 2.57649910e+03  3.05882403e-08  2.57649910e+03  9.74028045e-09 
 2.63651348e+03  3.05878065e-08  2.63651348e+03  9.74019130e-09 
 2.69792577e+03  3.05873720e-08  2.69792577e+03  9.74010423e-09 
 2.76076853e+03  3.05869362e-08  2.76076853e+03  9.74001918e-09 
 2.82507509e+03  3.05864988e-08  2.82507509e+03  9.73993612e-09 
 2.89087954e+03  3.05860591e-08  2.89087954e+03  9.73985499e-09 
 2.95821678e+03  3.05856166e-08  2.95821678e+03  9.73977576e-09 
 3.02712250e+03  3.05851708e-08  3.02712250e+03  9.73969839e-09 
 3.09763324e+03  3.05847212e-08  3.09763324e+03  9.73962284e-09 
 3.16978638e+03  3.05842672e-08  3.16978638e+03  9.73954906e-09 
 3.24362019e+03  3.05838082e-08  3.24362019e+03  9.73947703e-09 
 3.31917381e+03  3.05833436e-08  3.31917381e+03  9.73940670e-09 
 3.39648730e+03  3.05828727e-08  3.39648730e+03  9.73933804e-09 
 3.47560166e+03  3.05823950e-08  3.47560166e+03  9.73927101e-09 
 3.55655882e+03  3.05819096e-08  3.55655882e+03  9.73920558e-09 
 3.63940172e+03  3.05814160e-08  3.63940172e+03  9.73914172e-09 
 3.72417427e+03  3.05809135e-08  3.72417427e+03  9.73907939e-09 
 3.81092144e+03  3.05804012e-08  3.81092144e+03  9.73901857e-09 
 3.89968920e+03  3.05798784e-08  3.89968920e+03  9.73895922e-09 
 3.99052463e+03  3.05793443e-08  3.99052463e+03  9.73890132e-09 
 4.08347589e+03  3.05787981e-08  4.08347589e+03  9.73884483e-09 
 4.17859226e+03  3.05782388e-08  4.17859226e+03  9.73878973e-09 
 4.27592418e+03  3.05776657e-08  4.27592418e+03  9.73873599e-09 
 4.37552325e+03  3.05770777e-08  4.37552325e+03  9.73868359e-09 
 4.47744228e+03  3.05764739e-08  4.47744228e+03  9.73863250e-09 
 4.58173531e+03  3.05758532e-08  4.58173531e+03  9.73858269e-09 
 4.68845763e+03  3.05752147e-08  4.68845763e+03  9.73853415e-09 
 4.79766584e+03  3.05745572e-08  4.79766584e+03  9.73848684e-09 
 4.90941783e+03  3.05738795e-08  4.90941783e+03  9.73844076e-09 
 5.02377286e+03  3.05731805e-08  5.02377286e+03  9.73839587e-09 
 5.14079157e+03  3.05724590e-08  5.14079157e+03  9.73835216e-09 
 5.26053598e+03  3.05717136e-08  5.26053598e+03  9.73830961e-09 
 5.38306961e+03  3.05709430e-08  5.38306961e+03  9.73826820e-09 
 5.50845741e+03  3.05701457e-08  5.50845741e+03  9.73822791e-09 
 5.63676586e+03  3.05693204e-08  5.63676586e+03  9.73818872e-09 
 5.76806301e+03  3.05684654e-08  5.76806301e+03  9.73815062e-09 
 5.90241845e+03  3.05675793e-08  5.90241845e+03  9.73811359e-09 
 6.03990344e+03  3.05666602e-08  6.03990344e+03  9.73807762e-09 
 6.18059087e+03  3.05657065e-08  6.18059087e+03  9.73804269e-09 
 6.32455532e+03  3.05647163e-08  6.32455532e+03  9.73800879e-09 
 6.47187314e+03  3.05636877e-08  6.47187314e+03  9.73797591e-09 
 6.62262243e+03  3.05626188e-08  6.62262243e+03  9.73794404e-09 
 6.77688312e+03  3.05615075e-08  6.77688312e+03  9.73791316e-09 
 6.93473701e+03  3.05603516e-08  6.93473701e+03  9.73788327e-09 
 7.09626778e+03  3.05591488e-08  7.09626778e+03  9.73785436e-09 
 7.26156110e+03  3.05578968e-08  7.26156110e+03  9.73782641e-09 
 7.43070458e+03  3.05565930e-08  7.43070458e+03  9.73779942e-09 
 7.60378793e+03  3.05552350e-08  7.60378793e+03  9.73777339e-09 
 7.78090290e+03  3.05538200e-08  7.78090290e+03  9.73774831e-09 
 7.96214341e+03  3.05523452e-08  7.96214341e+03  9.73772417e-09 
 8.14760556e+03  3.05508076e-08  8.14760556e+03  9.73770097e-09 
 8.33738767e+03  3.05492042e-08  8.33738767e+03  9.73767871e-09 
 8.53159038e+03  3.05475317e-08  8.53159038e+03  9.73765738e-09 
 8.73031664e+03  3.05457867e-08  8.73031664e+03  9.73763699e-09 
 8.93367184e+03  3.05439658e-08  8.93367184e+03  9.73761753e-09 
 9.14176379e+03  3.05420652e-08  9.14176379e+03  9.73759901e-09 
 9.35470283e+03  3.05400810e-08  9.35470283e+03  9.73758142e-09 
 9.57260185e+03  3.05380094e-08  9.57260185e+03  9.73756477e-09 
 9.79557639e+03  3.05358459e-08  9.79557639e+03  9.73754907e-09 
 1.00237447e+04  3.05335863e-08  1.00237447e+04  9.73753431e-09 
 1.02572277e+04  3.05312259e-08  1.02572277e+04  9.73752051e-09 
 1.04961492e+04  3.05287599e-08  1.04961492e+04  9.73750767e-09 
 1.07406359e+04  3.05261833e-08  1.07406359e+04  9.73749580e-09 
 1.09908175e+04  3.05234908e-08  1.09908175e+04  9.73748492e-09 
 1.12468265e+04  3.05206769e-08  1.12468265e+04  9.73747502e-09 
 1.15087987e+04  3.05177359e-08  1.15087987e+04  9.73746613e-09 
 1.17768731e+04  3.05146617e-08  1.17768731e+04  9.73745826e-09 
 1.20511917e+04  3.05114480e-08  1.20511917e+04  9.73745142e-09 
 1.23319000e+04  3.05080882e-08  1.23319000e+04  9.73744563e-09 
 1.26191469e+04  3.05045756e-08  1.26191469e+04  9.73744092e-09 
 1.29130846e+04  3.05009029e-08  1.29130846e+04  9.73743729e-09 
 1.32138690e+04  3.04970625e-08  1.32138690e+04  9.73743476e-09 
 1.35216595e+04  3.04930467e-08  1.35216595e+04  9.73743338e-09 
 1.38366194e+04  3.04888472e-08  1.38366194e+04  9.73743315e-09 
 1.41589157e+04  3.04844555e-08  1.41589157e+04  9.73743410e-09 
 1.44887192e+04  3.04798626e-08  1.44887192e+04  9.73743627e-09 
 1.48262048e+04  3.04750591e-08  1.48262048e+04  9.73743969e-09 
 1.51715515e+04  3.04700352e-08  1.51715515e+04  9.73744438e-09 
 1.55249423e+04  3.04647807e-08  1.55249423e+04  9.73745038e-09 
 1.58865647e+04  3.04592850e-08  1.58865647e+04  9.73745773e-09 
 1.62566103e+04  3.04535369e-08  1.62566103e+04  9.73746647e-09 
 1.66352754e+04  3.04475246e-08  1.66352754e+04  9.73747664e-09 
 1.70227608e+04  3.04412362e-08  1.70227608e+04  9.73748828e-09 
 1.74192718e+04  3.04346587e-08  1.74192718e+04  9.73750144e-09 
 1.78250188e+04  3.04277790e-08  1.78250188e+04  9.73751617e-09 
 1.82402168e+04  3.04205832e-08  1.82402168e+04  9.73753253e-09 
 1.86650860e+04  3.04130569e-08  1.86650860e+04  9.73755056e-09 
 1.90998517e+04  3.04051848e-08  1.90998517e+04  9.73757033e-09 
 1.95447444e+04  3.03969514e-08  1.95447444e+04  9.73759189e-09 
 2.00000000e+04  3.03883400e-08  2.00000000e+04  9.73761532e-09 
