 2.00000000e+01  4.28667862e-08  2.00000000e+01  1.36525404e-08 
 2.04658598e+01  4.26253746e-08  2.04658598e+01  1.35754687e-08 
 2.09425710e+01  4.23881125e-08  2.09425710e+01  1.34997289e-08 
 2.14303861e+01  4.21549445e-08  2.14303861e+01  1.34253028e-08 
 2.19295639e+01  4.19258160e-08  2.19295639e+01  1.33521724e-08 
 2.24403691e+01  4.17006723e-08  2.24403691e+01  1.32803200e-08 
 2.29630724e+01  4.14794594e-08  2.29630724e+01  1.32097277e-08 
 2.34979511e+01  4.12621236e-08  2.34979511e+01  1.31403780e-08 
 2.40452887e+01  4.10486114e-08  2.40452887e+01  1.30722535e-08 
 2.46053754e+01  4.08388699e-08  2.46053754e+01  1.30053368e-08 
 2.51785082e+01  4.06328463e-08  2.51785082e+01  1.29396110e-08 
 2.57649910e+01  4.04304885e-08  2.57649910e+01  1.28750589e-08 
 2.63651348e+01  4.02317445e-08  2.63651348e+01  1.28116636e-08 
 2.69792577e+01  4.00365628e-08  2.69792577e+01  1.27494085e-08 
 2.76076853e+01  3.98448924e-08  2.76076853e+01  1.26882770e-08 
 2.82507509e+01  3.96566826e-08  2.82507509e+01  1.26282527e-08 
 2.89087954e+01  3.94718829e-08  2.89087954e+01  1.25693192e-08 
 2.95821678e+01  3.92904437e-08  2.95821678e+01  1.25114604e-08 
 3.02712250e+01  3.91123152e-08  3.02712250e+01  1.24546603e-08 
 3.09763324e+01  3.89374485e-08  3.09763324e+01  1.23989030e-08 
 3.16978638e+01  3.87657949e-08  3.16978638e+01  1.23441728e-08 
 3.24362019e+01  3.85973062e-08  3.24362019e+01  1.22904542e-08 
 3.31917381e+01  3.84319344e-08  3.31917381e+01  1.22377317e-08 
 3.39648730e+01  3.82696323e-08  3.39648730e+01  1.21859900e-08 
 3.47560166e+01  3.81103528e-08  3.47560166e+01  1.21352140e-08 
 3.55655882e+01  3.79540494e-08  3.55655882e+01  1.20853887e-08 
 3.63940172e+01  3.78006759e-08  3.63940172e+01  1.20364993e-08 
 3.72417427e+01  3.76501868e-08  3.72417427e+01  1.19885310e-08 
 3.81092144e+01  3.75025367e-08  3.81092144e+01  1.19414694e-08 
 3.89968920e+01  3.73576810e-08  3.89968920e+01  1.18952999e-08 
 3.99052463e+01  3.72155751e-08  3.99052463e+01  1.18500085e-08 
 4.08347589e+01  3.70761753e-08  4.08347589e+01  1.18055809e-08 
 4.17859226e+01  3.69394380e-08  4.17859226e+01  1.17620032e-08 
 4.27592418e+01  3.68053203e-08  4.27592418e+01  1.17192617e-08 
 4.37552325e+01  3.66737796e-08  4.37552325e+01  1.16773426e-08 
 4.47744228e+01  3.65447738e-08  4.47744228e+01  1.16362325e-08 
 4.58173531e+01  3.64182613e-08  4.58173531e+01  1.15959179e-08 
 4.68845763e+01  3.62942009e-08  4.68845763e+01  1.15563858e-08 
 4.79766584e+01  3.61725519e-08  4.79766584e+01  1.15176231e-08 
 4.90941783e+01  3.60532740e-08  4.90941783e+01  1.14796167e-08 
 5.02377286e+01  3.59363273e-08  5.02377286e+01  1.14423541e-08 
 5.14079157e+01  3.58216726e-08  5.14079157e+01  1.14058226e-08 
 5.26053598e+01  3.57092709e-08  5.26053598e+01  1.13700097e-08 
 5.38306961e+01  3.55990839e-08  5.38306961e+01  1.13349032e-08 
 5.50845741e+01  3.54910735e-08  5.50845741e+01  1.13004909e-08 
 5.63676586e+01  3.53852023e-08  5.63676586e+01  1.12667608e-08 
 5.76806301e+01  3.52814332e-08  5.76806301e+01  1.12337011e-08 
 5.90241845e+01  3.51797297e-08  5.90241845e+01  1.12013000e-08 
 6.03990344e+01  3.50800556e-08  6.03990344e+01  1.11695460e-08 
 6.18059087e+01  3.49823753e-08  6.18059087e+01  1.11384277e-08 
 6.32455532e+01  3.48866536e-08  6.32455532e+01  1.11079339e-08 
 6.47187314e+01  3.47928558e-08  6.47187314e+01  1.10780535e-08 
 6.62262243e+01  3.47009476e-08  6.62262243e+01  1.10487755e-08 
 6.77688312e+01  3.46108951e-08  6.77688312e+01  1.10200891e-08 
 6.93473701e+01  3.45226651e-08  6.93473701e+01  1.09919836e-08 
 7.09626778e+01  3.44362246e-08  7.09626778e+01  1.09644485e-08 
 7.26156110e+01  3.43515411e-08  7.26156110e+01  1.09374736e-08 
 7.43070458e+01  3.42685827e-08  7.43070458e+01  1.09110485e-08 
 7.60378793e+01  3.41873179e-08  7.60378793e+01  1.08851631e-08 
 7.78090290e+01  3.41077154e-08  7.78090290e+01  1.08598076e-08 
 7.96214341e+01  3.40297447e-08  7.96214341e+01  1.08349722e-08 
 8.14760556e+01  3.39533756e-08  8.14760556e+01  1.08106472e-08 
 8.33738767e+01  3.38785783e-08  8.33738767e+01  1.07868231e-08 
 8.53159038e+01  3.38053234e-08  8.53159038e+01  1.07634906e-08 
 8.73031664e+01  3.37335821e-08  8.73031664e+01  1.07406404e-08 
 8.93367184e+01  3.36633259e-08  8.93367184e+01  1.07182634e-08 
 9.14176379e+01  3.35945267e-08  9.14176379e+01  1.06963508e-08 
 9.35470283e+01  3.35271571e-08  9.35470283e+01  1.06748936e-08 
 9.57260185e+01  3.34611897e-08  9.57260185e+01  1.06538833e-08 
 9.79557639e+01  3.33965979e-08  9.79557639e+01  1.06333113e-08 
 1.00237447e+02  3.33333553e-08  1.00237447e+02  1.06131692e-08 
 1.02572277e+02  3.32714360e-08  1.02572277e+02  1.05934487e-08 
 1.04961492e+02  3.32108145e-08  1.04961492e+02  1.05741417e-08 
 1.07406359e+02  3.31514657e-08  1.07406359e+02  1.05552402e-08 
 1.09908175e+02  3.30933649e-08  1.09908175e+02  1.05367363e-08 
 1.12468265e+02  3.30364878e-08  1.12468265e+02  1.05186223e-08 
 1.15087987e+02  3.29808105e-08  1.15087987e+02  1.05008905e-08 
 1.17768731e+02  3.29263096e-08  1.17768731e+02  1.04835335e-08 
 1.20511917e+02  3.28729618e-08  1.20511917e+02  1.04665439e-08 
 1.23319000e+02  3.28207445e-08  1.23319000e+02  1.04499144e-08 
 1.26191469e+02  3.27696354e-08  1.26191469e+02  1.04336379e-08 
 1.29130846e+02  3.27196125e-08  1.29130846e+02  1.04177075e-08 
 1.32138690e+02  3.26706541e-08  1.32138690e+02  1.04021162e-08 
 1.35216595e+02  3.26227391e-08  1.35216595e+02  1.03868572e-08 
 1.38366194e+02  3.25758466e-08  1.38366194e+02  1.03719240e-08 
 1.41589157e+02  3.25299562e-08  1.41589157e+02  1.03573100e-08 
 1.44887192e+02  3.24850477e-08  1.44887192e+02  1.03430088e-08 
 1.48262048e+02  3.24411012e-08  1.48262048e+02  1.03290140e-08 
 1.51715515e+02  3.23980975e-08  1.51715515e+02  1.03153195e-08 
 1.55249423e+02  3.23560174e-08  1.55249423e+02  1.03019192e-08 
 1.58865647e+02  3.23148421e-08  1.58865647e+02  1.02888072e-08 
 1.62566103e+02  3.22745533e-08  1.62566103e+02  1.02759775e-08 
 1.66352754e+02  3.22351329e-08  1.66352754e+02  1.02634244e-08 
 1.70227608e+02  3.21965631e-08  1.70227608e+02  1.02511422e-08 
 1.74192718e+02  3.21588265e-08  1.74192718e+02  1.02391255e-08 
 1.78250188e+02  3.21219060e-08  1.78250188e+02  1.02273687e-08 
 1.82402168e+02  3.20857849e-08  1.82402168e+02  1.02158665e-08 
 1.86650860e+02  3.20504465e-08  1.86650860e+02  1.02046136e-08 
 1.90998517e+02  3.20158748e-08  1.90998517e+02  1.01936049e-08 
 1.95447444e+02  3.19820539e-08  1.95447444e+02  1.01828353e-08 
 2.00000000e+02  3.19489682e-08  2.00000000e+02  1.01722999e-08 
 2.04658598e+02  3.19166024e-08  2.04658598e+02  1.01619938e-08 
 2.09425710e+02  3.18849415e-08  2.09425710e+02  1.01519122e-08 
 2.14303861e+02  3.18539709e-08  2.14303861e+02  1.01420505e-08 
 2.19295639e+02  3.18236760e-08  2.19295639e+02  1.01324040e-08 
 2.24403691e+02  3.17940428e-08  2.24403691e+02  1.01229682e-08 
 2.29630724e+02  3.17650573e-08  2.29630724e+02  1.01137388e-08 
 2.34979511e+02  3.17367059e-08  2.34979511e+02  1.01047113e-08 
 2.40452887e+02  3.17089753e-08  2.40452887e+02  1.00958815e-08 
 2.46053754e+02  3.16818525e-08  2.46053754e+02  1.00872453e-08 
 2.51785082e+02  3.16553244e-08  2.51785082e+02  1.00787986e-08 
 2.57649910e+02  3.16293786e-08  2.57649910e+02  1.00705372e-08 
 2.63651348e+02  3.16040028e-08  2.63651348e+02  1.00624575e-08 
 2.69792577e+02  3.15791847e-08  2.69792577e+02  1.00545553e-08 
 2.76076853e+02  3.15549127e-08  2.76076853e+02  1.00468271e-08 
 2.82507509e+02  3.15311749e-08  2.82507509e+02  1.00392691e-08 
 2.89087954e+02  3.15079601e-08  2.89087954e+02  1.00318776e-08 
 2.95821678e+02  3.14852570e-08  2.95821678e+02  1.00246491e-08 
 3.02712250e+02  3.14630548e-08  3.02712250e+02  1.00175801e-08 
 3.09763324e+02  3.14413427e-08  3.09763324e+02  1.00106673e-08 
 3.16978638e+02  3.14201102e-08  3.16978638e+02  1.00039072e-08 
 3.24362019e+02  3.13993469e-08  3.24362019e+02  9.99729657e-09 
 3.31917381e+02  3.13790429e-08  3.31917381e+02  9.99083221e-09 
 3.39648730e+02  3.13591882e-08  3.39648730e+02  9.98451097e-09 
 3.47560166e+02  3.13397731e-08  3.47560166e+02  9.97832976e-09 
 3.55655882e+02  3.13207881e-08  3.55655882e+02  9.97228557e-09 
 3.63940172e+02  3.13022239e-08  3.63940172e+02  9.96637543e-09 
 3.72417427e+02  3.12840715e-08  3.72417427e+02  9.96059645e-09 
 3.81092144e+02  3.12663219e-08  3.81092144e+02  9.95494578e-09 
 3.89968920e+02  3.12489664e-08  3.89968920e+02  9.94942065e-09 
 3.99052463e+02  3.12319963e-08  3.99052463e+02  9.94401833e-09 
 4.08347589e+02  3.12154034e-08  4.08347589e+02  9.93873616e-09 
 4.17859226e+02  3.11991794e-08  4.17859226e+02  9.93357151e-09 
 4.27592418e+02  3.11833163e-08  4.27592418e+02  9.92852185e-09 
 4.37552325e+02  3.11678063e-08  4.37552325e+02  9.92358466e-09 
 4.47744228e+02  3.11526415e-08  4.47744228e+02  9.91875748e-09 
 4.58173531e+02  3.11378144e-08  4.58173531e+02  9.91403792e-09 
 4.68845763e+02  3.11233178e-08  4.68845763e+02  9.90942363e-09 
 4.79766584e+02  3.11091442e-08  4.79766584e+02  9.90491231e-09 
 4.90941783e+02  3.10952867e-08  4.90941783e+02  9.90050170e-09 
 5.02377286e+02  3.10817383e-08  5.02377286e+02  9.89618959e-09 
 5.14079157e+02  3.10684922e-08  5.14079157e+02  9.89197383e-09 
 5.26053598e+02  3.10555417e-08  5.26053598e+02  9.88785231e-09 
 5.38306961e+02  3.10428804e-08  5.38306961e+02  9.88382295e-09 
 5.50845741e+02  3.10305019e-08  5.50845741e+02  9.87988372e-09 
 5.63676586e+02  3.10183999e-08  5.63676586e+02  9.87603266e-09 
 5.76806301e+02  3.10065683e-08  5.76806301e+02  9.87226781e-09 
 5.90241845e+02  3.09950012e-08  5.90241845e+02  9.86858727e-09 
 6.03990344e+02  3.09836926e-08  6.03990344e+02  9.86498920e-09 
 6.18059087e+02  3.09726370e-08  6.18059087e+02  9.86147177e-09 
 6.32455532e+02  3.09618286e-08  6.32455532e+02  9.85803320e-09 
 6.47187314e+02  3.09512619e-08  6.47187314e+02  9.85467174e-09 
 6.62262243e+02  3.09409317e-08  6.62262243e+02  9.85138570e-09 
 6.77688312e+02  3.09308326e-08  6.77688312e+02  9.84817341e-09 
 6.93473701e+02  3.09209595e-08  6.93473701e+02  9.84503323e-09 
 7.09626778e+02  3.09113073e-08  7.09626778e+02  9.84196357e-09 
 7.26156110e+02  3.09018712e-08  7.26156110e+02  9.83896286e-09 
 7.43070458e+02  3.08926462e-08  7.43070458e+02  9.83602958e-09 
 7.60378793e+02  3.08836278e-08  7.60378793e+02  9.83316223e-09 
 7.78090290e+02  3.08748112e-08  7.78090290e+02  9.83035934e-09 
 7.96214341e+02  3.08661919e-08  7.96214341e+02  9.82761950e-09 
 8.14760556e+02  3.08577655e-08  8.14760556e+02  9.82494128e-09 
 8.33738767e+02  3.08495277e-08  8.33738767e+02  9.82232334e-09 
 8.53159038e+02  3.08414742e-08  8.53159038e+02  9.81976431e-09 
 8.73031664e+02  3.08336009e-08  8.73031664e+02  9.81726290e-09 
 8.93367184e+02  3.08259037e-08  8.93367184e+02  9.81481782e-09 
 9.14176379e+02  3.08183786e-08  9.14176379e+02  9.81242781e-09 
 9.35470283e+02  3.08110217e-08  9.35470283e+02  9.81009165e-09 
 9.57260185e+02  3.08038293e-08  9.57260185e+02  9.80780814e-09 
 9.79557639e+02  3.07967975e-08  9.79557639e+02  9.80557610e-09 
 1.00237447e+03  3.07899228e-08  1.00237447e+03  9.80339438e-09 
 1.02572277e+03  3.07832015e-08  1.02572277e+03  9.80126187e-09 
 1.04961492e+03  3.07766302e-08  1.04961492e+03  9.79917746e-09 
 1.07406359e+03  3.07702055e-08  1.07406359e+03  9.79714007e-09 
 1.09908175e+03  3.07639239e-08  1.09908175e+03  9.79514866e-09 
 1.12468265e+03  3.07577822e-08  1.12468265e+03  9.79320220e-09 
 1.15087987e+03  3.07517771e-08  1.15087987e+03  9.79129968e-09 
 1.17768731e+03  3.07459056e-08  1.17768731e+03  9.78944012e-09 
 1.20511917e+03  3.07401645e-08  1.20511917e+03  9.78762255e-09 
 1.23319000e+03  3.07345509e-08  1.23319000e+03  9.78584604e-09 
 1.26191469e+03  3.07290616e-08  1.26191469e+03  9.78410967e-09 
 1.29130846e+03  3.07236940e-08  1.29130846e+03  9.78241254e-09 
 1.32138690e+03  3.07184450e-08  1.32138690e+03  9.78075377e-09 
 1.35216595e+03  3.07133120e-08  1.35216595e+03  9.77913249e-09 
 1.38366194e+03  3.07082922e-08  1.38366194e+03  9.77754787e-09 
 1.41589157e+03  3.07033828e-08  1.41589157e+03  9.77599909e-09 
 1.44887192e+03  3.06985814e-08  1.44887192e+03  9.77448534e-09 
 1.48262048e+03  3.06938854e-08  1.48262048e+03  9.77300583e-09 
 1.51715515e+03  3.06892921e-08  1.51715515e+03  9.77155980e-09 
 1.55249423e+03  3.06847992e-08  1.55249423e+03  9.77014649e-09 
 1.58865647e+03  3.06804043e-08  1.58865647e+03  9.76876517e-09 
 1.62566103e+03  3.06761048e-08  1.62566103e+03  9.76741513e-09 
 1.66352754e+03  3.06718986e-08  1.66352754e+03  9.76609565e-09 
 1.70227608e+03  3.06677833e-08  1.70227608e+03  9.76480605e-09 
 1.74192718e+03  3.06637567e-08  1.74192718e+03  9.76354566e-09 
 1.78250188e+03  3.06598166e-08  1.78250188e+03  9.76231382e-09 
 1.82402168e+03  3.06559607e-08  1.82402168e+03  9.76110989e-09 
 1.86650860e+03  3.06521871e-08  1.86650860e+03  9.75993325e-09 
 1.90998517e+03  3.06484935e-08  1.90998517e+03  9.75878327e-09 
 1.95447444e+03  3.06448780e-08  1.95447444e+03  9.75765936e-09 
 2.00000000e+03  3.06413384e-08  2.00000000e+03  9.75656094e-09 
 2.04658598e+03  3.06378729e-08  2.04658598e+03  9.75548743e-09 
 2.09425710e+03  3.06344795e-08  2.09425710e+03  9.75443826e-09 
 2.14303861e+03  3.06311561e-08  2.14303861e+03  9.75341290e-09 
 2.19295639e+03  3.06279010e-08  2.19295639e+03  9.75241080e-09 
 2.24403691e+03  3.06247122e-08  2.24403691e+03  9.75143144e-09 
 2.29630724e+03  3.06215880e-08  2.29630724e+03  9.75047431e-09 
 2.34979511e+03  3.06185264e-08  2.34979511e+03  9.74953891e-09 
 2.40452887e+03  3.06155257e-08  2.40452887e+03  9.74862476e-09 
 2.46053754e+03  3.06125842e-08  2.46053754e+03  9.74773136e-09 
 2.51785082e+03  3.06096999e-08  2.51785082e+03  9.74685827e-09 
 2.57649910e+03  3.06068714e-08  2.57649910e+03  9.74600501e-09 
 2.63651348e+03  3.06040967e-08  2.63651348e+03  9.74517114e-09 
 2.69792577e+03  3.06013742e-08  2.69792577e+03  9.74435623e-09 
 2.76076853e+03  3.05987023e-08  2.76076853e+03  9.74355985e-09 
 2.82507509e+03  3.05960792e-08  2.82507509e+03  9.74278158e-09 
 2.89087954e+03  3.05935033e-08  2.89087954e+03  9.74202102e-09 
 2.95821678e+03  3.05909730e-08  2.95821678e+03  9.74127777e-09 
 3.02712250e+03  3.05884865e-08  3.02712250e+03  9.74055143e-09 
 3.09763324e+03  3.05860424e-08  3.09763324e+03  9.73984164e-09 
 3.16978638e+03  3.05836389e-08  3.16978638e+03  9.73914801e-09 
 3.24362019e+03  3.05812745e-08  3.24362019e+03  9.73847019e-09 
 3.31917381e+03  3.05789476e-08  3.31917381e+03  9.73780782e-09 
 3.39648730e+03  3.05766564e-08  3.39648730e+03  9.73716055e-09 
 3.47560166e+03  3.05743995e-08  3.47560166e+03  9.73652805e-09 
 3.55655882e+03  3.05721752e-08  3.55655882e+03  9.73590998e-09 
 3.63940172e+03  3.05699819e-08  3.63940172e+03  9.73530603e-09 
 3.72417427e+03  3.05678179e-08  3.72417427e+03  9.73471587e-09 
 3.81092144e+03  3.05656817e-08  3.81092144e+03  9.73413919e-09 
 3.89968920e+03  3.05635717e-08  3.89968920e+03  9.73357570e-09 
 3.99052463e+03  3.05614861e-08  3.99052463e+03  9.73302511e-09 
 4.08347589e+03  3.05594233e-08  4.08347589e+03  9.73248712e-09 
 4.17859226e+03  3.05573817e-08  4.17859226e+03  9.73196145e-09 
 4.27592418e+03  3.05553595e-08  4.27592418e+03  9.73144783e-09 
 4.37552325e+03  3.05533551e-08  4.37552325e+03  9.73094599e-09 
 4.47744228e+03  3.05513667e-08  4.47744228e+03  9.73045567e-09 
 4.58173531e+03  3.05493926e-08  4.58173531e+03  9.72997661e-09 
 4.68845763e+03  3.05474310e-08  4.68845763e+03  9.72950857e-09 
 4.79766584e+03  3.05454801e-08  4.79766584e+03  9.72905130e-09 
 4.90941783e+03  3.05435380e-08  4.90941783e+03  9.72860457e-09 
 5.02377286e+03  3.05416030e-08  5.02377286e+03  9.72816814e-09 
 5.14079157e+03  3.05396731e-08  5.14079157e+03  9.72774178e-09 
 5.26053598e+03  3.05377463e-08  5.26053598e+03  9.72732528e-09 
 5.38306961e+03  3.05358207e-08  5.38306961e+03  9.72691841e-09 
 5.50845741e+03  3.05338943e-08  5.50845741e+03  9.72652098e-09 
 5.63676586e+03  3.05319649e-08  5.63676586e+03  9.72613277e-09 
 5.76806301e+03  3.05300304e-08  5.76806301e+03  9.72575358e-09 
 5.90241845e+03  3.05280887e-08  5.90241845e+03  9.72538322e-09 
 6.03990344e+03  3.05261376e-08  6.03990344e+03  9.72502150e-09 
 6.18059087e+03  3.05241747e-08  6.18059087e+03  9.72466823e-09 
 6.32455532e+03  3.05221976e-08  6.32455532e+03  9.72432323e-09 
 6.47187314e+03  3.05202039e-08  6.47187314e+03  9.72398633e-09 
 6.62262243e+03  3.05181911e-08  6.62262243e+03  9.72365735e-09 
 6.77688312e+03  3.05161567e-08  6.77688312e+03  9.72333612e-09 
 6.93473701e+03  3.05140979e-08  6.93473701e+03  9.72302249e-09 
 7.09626778e+03  3.05120120e-08  7.09626778e+03  9.72271630e-09 
 7.26156110e+03  3.05098962e-08  7.26156110e+03  9.72241738e-09 
 7.43070458e+03  3.05077474e-08  7.43070458e+03  9.72212559e-09 
 7.60378793e+03  3.05055626e-08  7.60378793e+03  9.72184079e-09 
 7.78090290e+03  3.05033388e-08  7.78090290e+03  9.72156283e-09 
 7.96214341e+03  3.05010726e-08  7.96214341e+03  9.72129157e-09 
 8.14760556e+03  3.04987605e-08  8.14760556e+03  9.72102688e-09 
 8.33738767e+03  3.04963992e-08  8.33738767e+03  9.72076863e-09 
 8.53159038e+03  3.04939849e-08  8.53159038e+03  9.72051670e-09 
 8.73031664e+03  3.04915139e-08  8.73031664e+03  9.72027095e-09 
 8.93367184e+03  3.04889822e-08  8.93367184e+03  9.72003128e-09 
 9.14176379e+03  3.04863858e-08  9.14176379e+03  9.71979756e-09 
 9.35470283e+03  3.04837203e-08  9.35470283e+03  9.71956968e-09 
 9.57260185e+03  3.04809814e-08  9.57260185e+03  9.71934755e-09 
 9.79557639e+03  3.04781645e-08  9.79557639e+03  9.71913105e-09 
 1.00237447e+04  3.04752647e-08  1.00237447e+04  9.71892007e-09 
 1.02572277e+04  3.04722772e-08  1.02572277e+04  9.71871454e-09 
 1.04961492e+04  3.04691967e-08  1.04961492e+04  9.71851435e-09 
 1.07406359e+04  3.04660178e-08  1.07406359e+04  9.71831941e-09 
 1.09908175e+04  3.04627349e-08  1.09908175e+04  9.71812963e-09 
 1.12468265e+04  3.04593422e-08  1.12468265e+04  9.71794494e-09 
 1.15087987e+04  3.04558335e-08  1.15087987e+04  9.71776525e-09 
 1.17768731e+04  3.04522025e-08  1.17768731e+04  9.71759049e-09 
 1.20511917e+04  3.04484426e-08  1.20511917e+04  9.71742058e-09 
 1.23319000e+04  3.04445468e-08  1.23319000e+04  9.71725546e-09 
 1.26191469e+04  3.04405079e-08  1.26191469e+04  9.71709507e-09 
 1.29130846e+04  3.04363185e-08  1.29130846e+04  9.71693933e-09 
 1.32138690e+04  3.04319706e-08  1.32138690e+04  9.71678819e-09 
 1.35216595e+04  3.04274562e-08  1.35216595e+04  9.71664160e-09 
 1.38366194e+04  3.04227666e-08  1.38366194e+04  9.71649950e-09 
 1.41589157e+04  3.04178930e-08  1.41589157e+04  9.71636185e-09 
 1.44887192e+04  3.04128261e-08  1.44887192e+04  9.71622861e-09 
 1.48262048e+04  3.04075562e-08  1.48262048e+04  9.71609973e-09 
 1.51715515e+04  3.04020733e-08  1.51715515e+04  9.71597518e-09 
 1.55249423e+04  3.03963667e-08  1.55249423e+04  9.71585492e-09 
 1.58865647e+04  3.03904255e-08  1.58865647e+04  9.71573893e-09 
 1.62566103e+04  3.03842382e-08  1.62566103e+04  9.71562718e-09 
 1.66352754e+04  3.03777929e-08  1.66352754e+04  9.71551964e-09 
 1.70227608e+04  3.03710770e-08  1.70227608e+04  9.71541632e-09 
 1.74192718e+04  3.03640775e-08  1.74192718e+04  9.71531718e-09 
 1.78250188e+04  3.03567809e-08  1.78250188e+04  9.71522223e-09 
 1.82402168e+04  3.03491730e-08  1.82402168e+04  9.71513145e-09 
 1.86650860e+04  3.03412389e-08  1.86650860e+04  9.71504485e-09 
 1.90998517e+04  3.03329633e-08  1.90998517e+04  9.71496244e-09 
 1.95447444e+04  3.03243302e-08  1.95447444e+04  9.71488421e-09 
 2.00000000e+04  3.03153226e-08  2.00000000e+04  9.71481019e-09 
