 1.00000000e-01 -1.84610357e+01  1.00000000e-01  8.31316492e+01 
 1.01157945e-01 -1.83624822e+01  1.01157945e-01  8.30528902e+01 
 1.02329299e-01 -1.82639619e+01  1.02329299e-01  8.29732461e+01 
 1.03514217e-01 -1.81654755e+01  1.03514217e-01  8.28927076e+01 
 1.04712855e-01 -1.80670239e+01  1.04712855e-01  8.28112651e+01 
 1.05925373e-01 -1.79686077e+01  1.05925373e-01  8.27289094e+01 
 1.07151931e-01 -1.78702278e+01  1.07151931e-01  8.26456307e+01 
 1.08392691e-01 -1.77718851e+01  1.08392691e-01  8.25614194e+01 
 1.09647820e-01 -1.76735803e+01  1.09647820e-01  8.24762659e+01 
 1.10917482e-01 -1.75753143e+01  1.10917482e-01  8.23901604e+01 
 1.12201845e-01 -1.74770879e+01  1.12201845e-01  8.23030930e+01 
 1.13501082e-01 -1.73789021e+01  1.13501082e-01  8.22150537e+01 
 1.14815362e-01 -1.72807579e+01  1.14815362e-01  8.21260327e+01 
 1.16144861e-01 -1.71826560e+01  1.16144861e-01  8.20360197e+01 
 1.17489755e-01 -1.70845974e+01  1.17489755e-01  8.19450047e+01 
 1.18850223e-01 -1.69865832e+01  1.18850223e-01  8.18529774e+01 
 1.20226443e-01 -1.68886143e+01  1.20226443e-01  8.17599275e+01 
 1.21618600e-01 -1.67906917e+01  1.21618600e-01  8.16658446e+01 
 1.23026877e-01 -1.66928165e+01  1.23026877e-01  8.15707184e+01 
 1.24451461e-01 -1.65949897e+01  1.24451461e-01  8.14745382e+01 
 1.25892541e-01 -1.64972124e+01  1.25892541e-01  8.13772936e+01 
 1.27350308e-01 -1.63994857e+01  1.27350308e-01  8.12789738e+01 
 1.28824955e-01 -1.63018107e+01  1.28824955e-01  8.11795682e+01 
 1.30316678e-01 -1.62041886e+01  1.30316678e-01  8.10790659e+01 
 1.31825674e-01 -1.61066205e+01  1.31825674e-01  8.09774562e+01 
 1.33352143e-01 -1.60091077e+01  1.33352143e-01  8.08747281e+01 
 1.34896288e-01 -1.59116513e+01  1.34896288e-01  8.07708706e+01 
 1.36458314e-01 -1.58142527e+01  1.36458314e-01  8.06658727e+01 
 1.38038426e-01 -1.57169130e+01  1.38038426e-01  8.05597233e+01 
 1.39636836e-01 -1.56196336e+01  1.39636836e-01  8.04524112e+01 
 1.41253754e-01 -1.55224158e+01  1.41253754e-01  8.03439253e+01 
 1.42889396e-01 -1.54252609e+01  1.42889396e-01  8.02342542e+01 
 1.44543977e-01 -1.53281704e+01  1.44543977e-01  8.01233867e+01 
 1.46217717e-01 -1.52311457e+01  1.46217717e-01  8.00113114e+01 
 1.47910839e-01 -1.51341882e+01  1.47910839e-01  7.98980168e+01 
 1.49623566e-01 -1.50372993e+01  1.49623566e-01  7.97834915e+01 
 1.51356125e-01 -1.49404806e+01  1.51356125e-01  7.96677239e+01 
 1.53108746e-01 -1.48437335e+01  1.53108746e-01  7.95507025e+01 
 1.54881662e-01 -1.47470598e+01  1.54881662e-01  7.94324158e+01 
 1.56675107e-01 -1.46504608e+01  1.56675107e-01  7.93128519e+01 
 1.58489319e-01 -1.45539384e+01  1.58489319e-01  7.91919993e+01 
 1.60324539e-01 -1.44574940e+01  1.60324539e-01  7.90698463e+01 
 1.62181010e-01 -1.43611295e+01  1.62181010e-01  7.89463810e+01 
 1.64058977e-01 -1.42648465e+01  1.64058977e-01  7.88215918e+01 
 1.65958691e-01 -1.41686468e+01  1.65958691e-01  7.86954668e+01 
 1.67880402e-01 -1.40725321e+01  1.67880402e-01  7.85679941e+01 
 1.69824365e-01 -1.39765044e+01  1.69824365e-01  7.84391620e+01 
 1.71790839e-01 -1.38805654e+01  1.71790839e-01  7.83089586e+01 
 1.73780083e-01 -1.37847171e+01  1.73780083e-01  7.81773719e+01 
 1.75792361e-01 -1.36889615e+01  1.75792361e-01  7.80443902e+01 
 1.77827941e-01 -1.35933003e+01  1.77827941e-01  7.79100014e+01 
 1.79887092e-01 -1.34977358e+01  1.79887092e-01  7.77741938e+01 
 1.81970086e-01 -1.34022699e+01  1.81970086e-01  7.76369554e+01 
 1.84077200e-01 -1.33069047e+01  1.84077200e-01  7.74982743e+01 
 1.86208714e-01 -1.32116424e+01  1.86208714e-01  7.73581386e+01 
 1.88364909e-01 -1.31164850e+01  1.88364909e-01  7.72165365e+01 
 1.90546072e-01 -1.30214349e+01  1.90546072e-01  7.70734562e+01 
 1.92752491e-01 -1.29264943e+01  1.92752491e-01  7.69288857e+01 
 1.94984460e-01 -1.28316654e+01  1.94984460e-01  7.67828133e+01 
 1.97242274e-01 -1.27369505e+01  1.97242274e-01  7.66352273e+01 
 1.99526231e-01 -1.26423522e+01  1.99526231e-01  7.64861158e+01 
 2.01836636e-01 -1.25478727e+01  2.01836636e-01  7.63354673e+01 
 2.04173794e-01 -1.24535146e+01  2.04173794e-01  7.61832701e+01 
 2.06538016e-01 -1.23592802e+01  2.06538016e-01  7.60295126e+01 
 2.08929613e-01 -1.22651723e+01  2.08929613e-01  7.58741833e+01 
 2.11348904e-01 -1.21711934e+01  2.11348904e-01  7.57172706e+01 
 2.13796209e-01 -1.20773461e+01  2.13796209e-01  7.55587634e+01 
 2.16271852e-01 -1.19836330e+01  2.16271852e-01  7.53986502e+01 
 2.18776162e-01 -1.18900570e+01  2.18776162e-01  7.52369198e+01 
 2.21309471e-01 -1.17966209e+01  2.21309471e-01  7.50735610e+01 
 2.23872114e-01 -1.17033273e+01  2.23872114e-01  7.49085630e+01 
 2.26464431e-01 -1.16101793e+01  2.26464431e-01  7.47419147e+01 
 2.29086765e-01 -1.15171797e+01  2.29086765e-01  7.45736054e+01 
 2.31739465e-01 -1.14243315e+01  2.31739465e-01  7.44036242e+01 
 2.34422882e-01 -1.13316377e+01  2.34422882e-01  7.42319608e+01 
 2.37137371e-01 -1.12391014e+01  2.37137371e-01  7.40586046e+01 
 2.39883292e-01 -1.11467257e+01  2.39883292e-01  7.38835455e+01 
 2.42661010e-01 -1.10545138e+01  2.42661010e-01  7.37067731e+01 
 2.45470892e-01 -1.09624688e+01  2.45470892e-01  7.35282777e+01 
 2.48313311e-01 -1.08705941e+01  2.48313311e-01  7.33480493e+01 
 2.51188643e-01 -1.07788929e+01  2.51188643e-01  7.31660784e+01 
 2.54097271e-01 -1.06873686e+01  2.54097271e-01  7.29823555e+01 
 2.57039578e-01 -1.05960247e+01  2.57039578e-01  7.27968714e+01 
 2.60015956e-01 -1.05048646e+01  2.60015956e-01  7.26096170e+01 
 2.63026799e-01 -1.04138918e+01  2.63026799e-01  7.24205836e+01 
 2.66072506e-01 -1.03231099e+01  2.66072506e-01  7.22297626e+01 
 2.69153480e-01 -1.02325225e+01  2.69153480e-01  7.20371455e+01 
 2.72270131e-01 -1.01421333e+01  2.72270131e-01  7.18427243e+01 
 2.75422870e-01 -1.00519459e+01  2.75422870e-01  7.16464911e+01 
 2.78612117e-01 -9.96196425e+00  2.78612117e-01  7.14484383e+01 
 2.81838293e-01 -9.87219207e+00  2.81838293e-01  7.12485586e+01 
 2.85101827e-01 -9.78263325e+00  2.85101827e-01  7.10468449e+01 
 2.88403150e-01 -9.69329171e+00  2.88403150e-01  7.08432907e+01 
 2.91742701e-01 -9.60417143e+00  2.91742701e-01  7.06378893e+01 
 2.95120923e-01 -9.51527643e+00  2.95120923e-01  7.04306347e+01 
 2.98538262e-01 -9.42661078e+00  2.98538262e-01  7.02215211e+01 
 3.01995172e-01 -9.33817860e+00  3.01995172e-01  7.00105431e+01 
 3.05492111e-01 -9.24998405e+00  3.05492111e-01  6.97976957e+01 
 3.09029543e-01 -9.16203136e+00  3.09029543e-01  6.95829740e+01 
 3.12607937e-01 -9.07432479e+00  3.12607937e-01  6.93663738e+01 
 3.16227766e-01 -8.98686865e+00  3.16227766e-01  6.91478911e+01 
 3.19889511e-01 -8.89966730e+00  3.19889511e-01  6.89275225e+01 
 3.23593657e-01 -8.81272513e+00  3.23593657e-01  6.87052646e+01 
 3.27340695e-01 -8.72604660e+00  3.27340695e-01  6.84811149e+01 
 3.31131121e-01 -8.63963621e+00  3.31131121e-01  6.82550711e+01 
 3.34965439e-01 -8.55349847e+00  3.34965439e-01  6.80271314e+01 
 3.38844156e-01 -8.46763796e+00  3.38844156e-01  6.77972944e+01 
 3.42767787e-01 -8.38205931e+00  3.42767787e-01  6.75655592e+01 
 3.46736850e-01 -8.29676717e+00  3.46736850e-01  6.73319255e+01 
 3.50751874e-01 -8.21176624e+00  3.50751874e-01  6.70963934e+01 
 3.54813389e-01 -8.12706123e+00  3.54813389e-01  6.68589634e+01 
 3.58921935e-01 -8.04265693e+00  3.58921935e-01  6.66196368e+01 
 3.63078055e-01 -7.95855814e+00  3.63078055e-01  6.63784153e+01 
 3.67282300e-01 -7.87476968e+00  3.67282300e-01  6.61353009e+01 
 3.71535229e-01 -7.79129643e+00  3.71535229e-01  6.58902967e+01 
 3.75837404e-01 -7.70814328e+00  3.75837404e-01  6.56434058e+01 
 3.80189396e-01 -7.62531516e+00  3.80189396e-01  6.53946323e+01 
 3.84591782e-01 -7.54281701e+00  3.84591782e-01  6.51439808e+01 
 3.89045145e-01 -7.46065382e+00  3.89045145e-01  6.48914563e+01 
 3.93550075e-01 -7.37883058e+00  3.93550075e-01  6.46370647e+01 
 3.98107171e-01 -7.29735231e+00  3.98107171e-01  6.43808123e+01 
 4.02717034e-01 -7.21622404e+00  4.02717034e-01  6.41227061e+01 
 4.07380278e-01 -7.13545084e+00  4.07380278e-01  6.38627540e+01 
 4.12097519e-01 -7.05503776e+00  4.12097519e-01  6.36009642e+01 
 4.16869383e-01 -6.97498989e+00  4.16869383e-01  6.33373458e+01 
 4.21696503e-01 -6.89531231e+00  4.21696503e-01  6.30719084e+01 
 4.26579519e-01 -6.81601013e+00  4.26579519e-01  6.28046625e+01 
 4.31519077e-01 -6.73708843e+00  4.31519077e-01  6.25356191e+01 
 4.36515832e-01 -6.65855232e+00  4.36515832e-01  6.22647900e+01 
 4.41570447e-01 -6.58040691e+00  4.41570447e-01  6.19921879e+01 
 4.46683592e-01 -6.50265728e+00  4.46683592e-01  6.17178258e+01 
 4.51855944e-01 -6.42530854e+00  4.51855944e-01  6.14417177e+01 
 4.57088190e-01 -6.34836575e+00  4.57088190e-01  6.11638784e+01 
 4.62381021e-01 -6.27183398e+00  4.62381021e-01  6.08843234e+01 
 4.67735141e-01 -6.19571830e+00  4.67735141e-01  6.06030687e+01 
 4.73151259e-01 -6.12002373e+00  4.73151259e-01  6.03201313e+01 
 4.78630092e-01 -6.04475529e+00  4.78630092e-01  6.00355289e+01 
 4.84172368e-01 -5.96991796e+00  4.84172368e-01  5.97492800e+01 
 4.89778819e-01 -5.89551670e+00  4.89778819e-01  5.94614038e+01 
 4.95450191e-01 -5.82155645e+00  4.95450191e-01  5.91719203e+01 
 5.01187234e-01 -5.74804208e+00  5.01187234e-01  5.88808502e+01 
 5.06990708e-01 -5.67497846e+00  5.06990708e-01  5.85882150e+01 
 5.12861384e-01 -5.60237041e+00  5.12861384e-01  5.82940370e+01 
 5.18800039e-01 -5.53022268e+00  5.18800039e-01  5.79983393e+01 
 5.24807460e-01 -5.45853999e+00  5.24807460e-01  5.77011457e+01 
 5.30884444e-01 -5.38732702e+00  5.30884444e-01  5.74024807e+01 
 5.37031796e-01 -5.31658838e+00  5.37031796e-01  5.71023697e+01 
 5.43250331e-01 -5.24632860e+00  5.43250331e-01  5.68008388e+01 
 5.49540874e-01 -5.17655220e+00  5.49540874e-01  5.64979148e+01 
 5.55904257e-01 -5.10726357e+00  5.55904257e-01  5.61936253e+01 
 5.62341325e-01 -5.03846709e+00  5.62341325e-01  5.58879987e+01 
 5.68852931e-01 -4.97016702e+00  5.68852931e-01  5.55810639e+01 
 5.75439937e-01 -4.90236757e+00  5.75439937e-01  5.52728508e+01 
 5.82103218e-01 -4.83507286e+00  5.82103218e-01  5.49633899e+01 
 5.88843655e-01 -4.76828691e+00  5.88843655e-01  5.46527124e+01 
 5.95662144e-01 -4.70201369e+00  5.95662144e-01  5.43408501e+01 
 6.02559586e-01 -4.63625705e+00  6.02559586e-01  5.40278357e+01 
 6.09536897e-01 -4.57102075e+00  6.09536897e-01  5.37137024e+01 
 6.16595002e-01 -4.50630845e+00  6.16595002e-01  5.33984840e+01 
 6.23734835e-01 -4.44212371e+00  6.23734835e-01  5.30822153e+01 
 6.30957344e-01 -4.37847000e+00  6.30957344e-01  5.27649312e+01 
 6.38263486e-01 -4.31535065e+00  6.38263486e-01  5.24466676e+01 
 6.45654229e-01 -4.25276892e+00  6.45654229e-01  5.21274609e+01 
 6.53130553e-01 -4.19072792e+00  6.53130553e-01  5.18073480e+01 
 6.60693448e-01 -4.12923066e+00  6.60693448e-01  5.14863664e+01 
 6.68343918e-01 -4.06828003e+00  6.68343918e-01  5.11645542e+01 
 6.76082975e-01 -4.00787879e+00  6.76082975e-01  5.08419500e+01 
 6.83911647e-01 -3.94802957e+00  6.83911647e-01  5.05185927e+01 
 6.91830971e-01 -3.88873489e+00  6.91830971e-01  5.01945219e+01 
 6.99841996e-01 -3.82999713e+00  6.99841996e-01  4.98697777e+01 
 7.07945784e-01 -3.77181853e+00  7.07945784e-01  4.95444003e+01 
 7.16143410e-01 -3.71420119e+00  7.16143410e-01  4.92184307e+01 
 7.24435960e-01 -3.65714710e+00  7.24435960e-01  4.88919100e+01 
 7.32824533e-01 -3.60065809e+00  7.32824533e-01  4.85648797e+01 
 7.41310241e-01 -3.54473584e+00  7.41310241e-01  4.82373819e+01 
 7.49894209e-01 -3.48938191e+00  7.49894209e-01  4.79094586e+01 
 7.58577575e-01 -3.43459769e+00  7.58577575e-01  4.75811523e+01 
 7.67361489e-01 -3.38038445e+00  7.67361489e-01  4.72525057e+01 
 7.76247117e-01 -3.32674328e+00  7.76247117e-01  4.69235619e+01 
 7.85235635e-01 -3.27367517e+00  7.85235635e-01  4.65943638e+01 
 7.94328235e-01 -3.22118090e+00  7.94328235e-01  4.62649548e+01 
 8.03526122e-01 -3.16926114e+00  8.03526122e-01  4.59353784e+01 
 8.12830516e-01 -3.11791641e+00  8.12830516e-01  4.56056781e+01 
 8.22242650e-01 -3.06714705e+00  8.22242650e-01  4.52758975e+01 
 8.31763771e-01 -3.01695327e+00  8.31763771e-01  4.49460804e+01 
 8.41395142e-01 -2.96733513e+00  8.41395142e-01  4.46162703e+01 
 8.51138038e-01 -2.91829251e+00  8.51138038e-01  4.42865112e+01 
 8.60993752e-01 -2.86982517e+00  8.60993752e-01  4.39568465e+01 
 8.70963590e-01 -2.82193270e+00  8.70963590e-01  4.36273200e+01 
 8.81048873e-01 -2.77461455e+00  8.81048873e-01  4.32979751e+01 
 8.91250938e-01 -2.72787000e+00  8.91250938e-01  4.29688553e+01 
 9.01571138e-01 -2.68169819e+00  9.01571138e-01  4.26400037e+01 
 9.12010839e-01 -2.63609812e+00  9.12010839e-01  4.23114636e+01 
 9.22571427e-01 -2.59106863e+00  9.22571427e-01  4.19832776e+01 
 9.33254301e-01 -2.54660841e+00  9.33254301e-01  4.16554886e+01 
 9.44060876e-01 -2.50271602e+00  9.44060876e-01  4.13281388e+01 
 9.54992586e-01 -2.45938986e+00  9.54992586e-01  4.10012703e+01 
 9.66050879e-01 -2.41662819e+00  9.66050879e-01  4.06749250e+01 
 9.77237221e-01 -2.37442913e+00  9.77237221e-01  4.03491442e+01 
 9.88553095e-01 -2.33279067e+00  9.88553095e-01  4.00239691e+01 
 1.00000000e+00 -2.29171065e+00  1.00000000e+00  3.96994403e+01 
 1.01157945e+00 -2.25118678e+00  1.01157945e+00  3.93755981e+01 
 1.02329299e+00 -2.21121665e+00  1.02329299e+00  3.90524824e+01 
 1.03514217e+00 -2.17179769e+00  1.03514217e+00  3.87301325e+01 
 1.04712855e+00 -2.13292724e+00  1.04712855e+00  3.84085872e+01 
 1.05925373e+00 -2.09460248e+00  1.05925373e+00  3.80878851e+01 
 1.07151931e+00 -2.05682049e+00  1.07151931e+00  3.77680640e+01 
 1.08392691e+00 -2.01957823e+00  1.08392691e+00  3.74491612e+01 
 1.09647820e+00 -1.98287253e+00  1.09647820e+00  3.71312135e+01 
 1.10917482e+00 -1.94670012e+00  1.10917482e+00  3.68142570e+01 
 1.12201845e+00 -1.91105762e+00  1.12201845e+00  3.64983273e+01 
 1.13501082e+00 -1.87594153e+00  1.13501082e+00  3.61834594e+01 
 1.14815362e+00 -1.84134825e+00  1.14815362e+00  3.58696877e+01 
 1.16144861e+00 -1.80727410e+00  1.16144861e+00  3.55570458e+01 
 1.17489755e+00 -1.77371527e+00  1.17489755e+00  3.52455668e+01 
 1.18850223e+00 -1.74066788e+00  1.18850223e+00  3.49352830e+01 
 1.20226443e+00 -1.70812796e+00  1.20226443e+00  3.46262261e+01 
 1.21618600e+00 -1.67609144e+00  1.21618600e+00  3.43184270e+01 
 1.23026877e+00 -1.64455417e+00  1.23026877e+00  3.40119161e+01 
 1.24451461e+00 -1.61351193e+00  1.24451461e+00  3.37067228e+01 
 1.25892541e+00 -1.58296041e+00  1.25892541e+00  3.34028760e+01 
 1.27350308e+00 -1.55289524e+00  1.27350308e+00  3.31004038e+01 
 1.28824955e+00 -1.52331197e+00  1.28824955e+00  3.27993336e+01 
 1.30316678e+00 -1.49420610e+00  1.30316678e+00  3.24996918e+01 
 1.31825674e+00 -1.46557305e+00  1.31825674e+00  3.22015044e+01 
 1.33352143e+00 -1.43740820e+00  1.33352143e+00  3.19047965e+01 
 1.34896288e+00 -1.40970685e+00  1.34896288e+00  3.16095923e+01 
 1.36458314e+00 -1.38246429e+00  1.36458314e+00  3.13159155e+01 
 1.38038426e+00 -1.35567571e+00  1.38038426e+00  3.10237888e+01 
 1.39636836e+00 -1.32933630e+00  1.39636836e+00  3.07332343e+01 
 1.41253754e+00 -1.30344119e+00  1.41253754e+00  3.04442732e+01 
 1.42889396e+00 -1.27798547e+00  1.42889396e+00  3.01569261e+01 
 1.44543977e+00 -1.25296420e+00  1.44543977e+00  2.98712126e+01 
 1.46217717e+00 -1.22837243e+00  1.46217717e+00  2.95871517e+01 
 1.47910839e+00 -1.20420514e+00  1.47910839e+00  2.93047617e+01 
 1.49623566e+00 -1.18045733e+00  1.49623566e+00  2.90240600e+01 
 1.51356125e+00 -1.15712394e+00  1.51356125e+00  2.87450632e+01 
 1.53108746e+00 -1.13419993e+00  1.53108746e+00  2.84677874e+01 
 1.54881662e+00 -1.11168022e+00  1.54881662e+00  2.81922476e+01 
 1.56675107e+00 -1.08955972e+00  1.56675107e+00  2.79184585e+01 
 1.58489319e+00 -1.06783335e+00  1.58489319e+00  2.76464337e+01 
 1.60324539e+00 -1.04649600e+00  1.60324539e+00  2.73761861e+01 
 1.62181010e+00 -1.02554258e+00  1.62181010e+00  2.71077281e+01 
 1.64058977e+00 -1.00496798e+00  1.64058977e+00  2.68410713e+01 
 1.65958691e+00 -9.84767105e-01  1.65958691e+00  2.65762265e+01 
 1.67880402e+00 -9.64934861e-01  1.67880402e+00  2.63132038e+01 
 1.69824365e+00 -9.45466163e-01  1.69824365e+00  2.60520128e+01 
 1.71790839e+00 -9.26355935e-01  1.71790839e+00  2.57926623e+01 
 1.73780083e+00 -9.07599114e-01  1.73780083e+00  2.55351604e+01 
 1.75792361e+00 -8.89190652e-01  1.75792361e+00  2.52795145e+01 
 1.77827941e+00 -8.71125517e-01  1.77827941e+00  2.50257315e+01 
 1.79887092e+00 -8.53398698e-01  1.79887092e+00  2.47738177e+01 
 1.81970086e+00 -8.36005203e-01  1.81970086e+00  2.45237785e+01 
 1.84077200e+00 -8.18940066e-01  1.84077200e+00  2.42756189e+01 
 1.86208714e+00 -8.02198344e-01  1.86208714e+00  2.40293433e+01 
 1.88364909e+00 -7.85775120e-01  1.88364909e+00  2.37849554e+01 
 1.90546072e+00 -7.69665509e-01  1.90546072e+00  2.35424584e+01 
 1.92752491e+00 -7.53864655e-01  1.92752491e+00  2.33018550e+01 
 1.94984460e+00 -7.38367731e-01  1.94984460e+00  2.30631471e+01 
 1.97242274e+00 -7.23169949e-01  1.97242274e+00  2.28263363e+01 
 1.99526231e+00 -7.08266551e-01  1.99526231e+00  2.25914235e+01 
 2.01836636e+00 -6.93652818e-01  2.01836636e+00  2.23584093e+01 
 2.04173794e+00 -6.79324069e-01  2.04173794e+00  2.21272935e+01 
 2.06538016e+00 -6.65275659e-01  2.06538016e+00  2.18980757e+01 
 2.08929613e+00 -6.51502987e-01  2.08929613e+00  2.16707547e+01 
 2.11348904e+00 -6.38001489e-01  2.11348904e+00  2.14453290e+01 
 2.13796209e+00 -6.24766647e-01  2.13796209e+00  2.12217968e+01 
 2.16271852e+00 -6.11793984e-01  2.16271852e+00  2.10001556e+01 
 2.18776162e+00 -5.99079067e-01  2.18776162e+00  2.07804025e+01 
 2.21309471e+00 -5.86617509e-01  2.21309471e+00  2.05625344e+01 
 2.23872114e+00 -5.74404967e-01  2.23872114e+00  2.03465474e+01 
 2.26464431e+00 -5.62437145e-01  2.26464431e+00  2.01324376e+01 
 2.29086765e+00 -5.50709796e-01  2.29086765e+00  1.99202005e+01 
 2.31739465e+00 -5.39218717e-01  2.31739465e+00  1.97098312e+01 
 2.34422882e+00 -5.27959757e-01  2.34422882e+00  1.95013246e+01 
 2.37137371e+00 -5.16928810e-01  2.37137371e+00  1.92946751e+01 
 2.39883292e+00 -5.06121821e-01  2.39883292e+00  1.90898768e+01 
 2.42661010e+00 -4.95534784e-01  2.42661010e+00  1.88869235e+01 
 2.45470892e+00 -4.85163744e-01  2.45470892e+00  1.86858088e+01 
 2.48313311e+00 -4.75004794e-01  2.48313311e+00  1.84865256e+01 
 2.51188643e+00 -4.65054079e-01  2.51188643e+00  1.82890670e+01 
 2.54097271e+00 -4.55307792e-01  2.54097271e+00  1.80934255e+01 
 2.57039578e+00 -4.45762180e-01  2.57039578e+00  1.78995935e+01 
 2.60015956e+00 -4.36413539e-01  2.60015956e+00  1.77075629e+01 
 2.63026799e+00 -4.27258216e-01  2.63026799e+00  1.75173257e+01 
 2.66072506e+00 -4.18292608e-01  2.66072506e+00  1.73288732e+01 
 2.69153480e+00 -4.09513164e-01  2.69153480e+00  1.71421970e+01 
 2.72270131e+00 -4.00916384e-01  2.72270131e+00  1.69572881e+01 
 2.75422870e+00 -3.92498818e-01  2.75422870e+00  1.67741374e+01 
 2.78612117e+00 -3.84257067e-01  2.78612117e+00  1.65927356e+01 
 2.81838293e+00 -3.76187781e-01  2.81838293e+00  1.64130731e+01 
 2.85101827e+00 -3.68287664e-01  2.85101827e+00  1.62351404e+01 
 2.88403150e+00 -3.60553466e-01  2.88403150e+00  1.60589276e+01 
 2.91742701e+00 -3.52981990e-01  2.91742701e+00  1.58844245e+01 
 2.95120923e+00 -3.45570087e-01  2.95120923e+00  1.57116212e+01 
 2.98538262e+00 -3.38314658e-01  2.98538262e+00  1.55405072e+01 
 3.01995172e+00 -3.31212653e-01  3.01995172e+00  1.53710720e+01 
 3.05492111e+00 -3.24261071e-01  3.05492111e+00  1.52033051e+01 
 3.09029543e+00 -3.17456959e-01  3.09029543e+00  1.50371957e+01 
 3.12607937e+00 -3.10797413e-01  3.12607937e+00  1.48727330e+01 
 3.16227766e+00 -3.04279576e-01  3.16227766e+00  1.47099060e+01 
 3.19889511e+00 -2.97900638e-01  3.19889511e+00  1.45487037e+01 
 3.23593657e+00 -2.91657838e-01  3.23593657e+00  1.43891149e+01 
 3.27340695e+00 -2.85548459e-01  3.27340695e+00  1.42311283e+01 
 3.31131121e+00 -2.79569832e-01  3.31131121e+00  1.40747326e+01 
 3.34965439e+00 -2.73719333e-01  3.34965439e+00  1.39199165e+01 
 3.38844156e+00 -2.67994383e-01  3.38844156e+00  1.37666684e+01 
 3.42767787e+00 -2.62392448e-01  3.42767787e+00  1.36149768e+01 
 3.46736850e+00 -2.56911038e-01  3.46736850e+00  1.34648301e+01 
 3.50751874e+00 -2.51547709e-01  3.50751874e+00  1.33162167e+01 
 3.54813389e+00 -2.46300057e-01  3.54813389e+00  1.31691248e+01 
 3.58921935e+00 -2.41165722e-01  3.58921935e+00  1.30235426e+01 
 3.63078055e+00 -2.36142389e-01  3.63078055e+00  1.28794586e+01 
 3.67282300e+00 -2.31227780e-01  3.67282300e+00  1.27368607e+01 
 3.71535229e+00 -2.26419663e-01  3.71535229e+00  1.25957372e+01 
 3.75837404e+00 -2.21715843e-01  3.75837404e+00  1.24560763e+01 
 3.80189396e+00 -2.17114167e-01  3.80189396e+00  1.23178660e+01 
 3.84591782e+00 -2.12612523e-01  3.84591782e+00  1.21810945e+01 
 3.89045145e+00 -2.08208837e-01  3.89045145e+00  1.20457498e+01 
 3.93550075e+00 -2.03901072e-01  3.93550075e+00  1.19118202e+01 
 3.98107171e+00 -1.99687231e-01  3.98107171e+00  1.17792936e+01 
 4.02717034e+00 -1.95565356e-01  4.02717034e+00  1.16481582e+01 
 4.07380278e+00 -1.91533522e-01  4.07380278e+00  1.15184021e+01 
 4.12097519e+00 -1.87589845e-01  4.12097519e+00  1.13900134e+01 
 4.16869383e+00 -1.83732474e-01  4.16869383e+00  1.12629803e+01 
 4.21696503e+00 -1.79959594e-01  4.21696503e+00  1.11372910e+01 
 4.26579519e+00 -1.76269426e-01  4.26579519e+00  1.10129335e+01 
 4.31519077e+00 -1.72660225e-01  4.31519077e+00  1.08898961e+01 
 4.36515832e+00 -1.69130279e-01  4.36515832e+00  1.07681671e+01 
 4.41570447e+00 -1.65677910e-01  4.41570447e+00  1.06477347e+01 
 4.46683592e+00 -1.62301473e-01  4.46683592e+00  1.05285872e+01 
 4.51855944e+00 -1.58999355e-01  4.51855944e+00  1.04107128e+01 
 4.57088190e+00 -1.55769974e-01  4.57088190e+00  1.02941001e+01 
 4.62381021e+00 -1.52611782e-01  4.62381021e+00  1.01787374e+01 
 4.67735141e+00 -1.49523258e-01  4.67735141e+00  1.00646131e+01 
 4.73151259e+00 -1.46502914e-01  4.73151259e+00  9.95171580e+00 
 4.78630092e+00 -1.43549291e-01  4.78630092e+00  9.84003396e+00 
 4.84172368e+00 -1.40660958e-01  4.84172368e+00  9.72955619e+00 
 4.89778819e+00 -1.37836515e-01  4.89778819e+00  9.62027115e+00 
 4.95450191e+00 -1.35074587e-01  4.95450191e+00  9.51216751e+00 
 5.01187234e+00 -1.32373831e-01  5.01187234e+00  9.40523405e+00 
 5.06990708e+00 -1.29732928e-01  5.06990708e+00  9.29945955e+00 
 5.12861384e+00 -1.27150586e-01  5.12861384e+00  9.19483289e+00 
 5.18800039e+00 -1.24625542e-01  5.18800039e+00  9.09134299e+00 
 5.24807460e+00 -1.22156555e-01  5.24807460e+00  8.98897883e+00 
 5.30884444e+00 -1.19742412e-01  5.30884444e+00  8.88772946e+00 
 5.37031796e+00 -1.17381924e-01  5.37031796e+00  8.78758398e+00 
 5.43250331e+00 -1.15073927e-01  5.43250331e+00  8.68853157e+00 
 5.49540874e+00 -1.12817281e-01  5.49540874e+00  8.59056148e+00 
 5.55904257e+00 -1.10610869e-01  5.55904257e+00  8.49366299e+00 
 5.62341325e+00 -1.08453597e-01  5.62341325e+00  8.39782550e+00 
 5.68852931e+00 -1.06344395e-01  5.68852931e+00  8.30303843e+00 
 5.75439937e+00 -1.04282214e-01  5.75439937e+00  8.20929131e+00 
 5.82103218e+00 -1.02266027e-01  5.82103218e+00  8.11657371e+00 
 5.88843655e+00 -1.00294829e-01  5.88843655e+00  8.02487529e+00 
 5.95662144e+00 -9.83676361e-02  5.95662144e+00  7.93418577e+00 
 6.02559586e+00 -9.64834848e-02  6.02559586e+00  7.84449495e+00 
 6.09536897e+00 -9.46414318e-02  6.09536897e+00  7.75579269e+00 
 6.16595002e+00 -9.28405537e-02  6.16595002e+00  7.66806895e+00 
 6.23734835e+00 -9.10799466e-02  6.23734835e+00  7.58131373e+00 
 6.30957344e+00 -8.93587258e-02  6.30957344e+00  7.49551714e+00 
 6.38263486e+00 -8.76760252e-02  6.38263486e+00  7.41066933e+00 
 6.45654229e+00 -8.60309973e-02  6.45654229e+00  7.32676055e+00 
 6.53130553e+00 -8.44228123e-02  6.53130553e+00  7.24378112e+00 
 6.60693448e+00 -8.28506583e-02  6.60693448e+00  7.16172143e+00 
 6.68343918e+00 -8.13137407e-02  6.68343918e+00  7.08057195e+00 
 6.76082975e+00 -7.98112817e-02  6.76082975e+00  7.00032323e+00 
 6.83911647e+00 -7.83425202e-02  6.83911647e+00  6.92096589e+00 
 6.91830971e+00 -7.69067116e-02  6.91830971e+00  6.84249062e+00 
 6.99841996e+00 -7.55031269e-02  6.99841996e+00  6.76488821e+00 
 7.07945784e+00 -7.41310531e-02  7.07945784e+00  6.68814950e+00 
 7.16143410e+00 -7.27897924e-02  7.16143410e+00  6.61226544e+00 
 7.24435960e+00 -7.14786619e-02  7.24435960e+00  6.53722701e+00 
 7.32824533e+00 -7.01969935e-02  7.32824533e+00  6.46302531e+00 
 7.41310241e+00 -6.89441337e-02  7.41310241e+00  6.38965150e+00 
 7.49894209e+00 -6.77194429e-02  7.49894209e+00  6.31709681e+00 
 7.58577575e+00 -6.65222955e-02  7.58577575e+00  6.24535255e+00 
 7.67361489e+00 -6.53520793e-02  7.67361489e+00  6.17441013e+00 
 7.76247117e+00 -6.42081954e-02  7.76247117e+00  6.10426099e+00 
 7.85235635e+00 -6.30900581e-02  7.85235635e+00  6.03489670e+00 
 7.94328235e+00 -6.19970942e-02  7.94328235e+00  5.96630886e+00 
 8.03526122e+00 -6.09287431e-02  8.03526122e+00  5.89848917e+00 
 8.12830516e+00 -5.98844563e-02  8.12830516e+00  5.83142941e+00 
 8.22242650e+00 -5.88636974e-02  8.22242650e+00  5.76512141e+00 
 8.31763771e+00 -5.78659417e-02  8.31763771e+00  5.69955710e+00 
 8.41395142e+00 -5.68906759e-02  8.41395142e+00  5.63472848e+00 
 8.51138038e+00 -5.59373978e-02  8.51138038e+00  5.57062761e+00 
 8.60993752e+00 -5.50056165e-02  8.60993752e+00  5.50724664e+00 
 8.70963590e+00 -5.40948515e-02  8.70963590e+00  5.44457780e+00 
 8.81048873e+00 -5.32046332e-02  8.81048873e+00  5.38261337e+00 
 8.91250938e+00 -5.23345020e-02  8.91250938e+00  5.32134572e+00 
 9.01571138e+00 -5.14840087e-02  9.01571138e+00  5.26076729e+00 
 9.12010839e+00 -5.06527136e-02  9.12010839e+00  5.20087060e+00 
 9.22571427e+00 -4.98401869e-02  9.22571427e+00  5.14164822e+00 
 9.33254301e+00 -4.90460084e-02  9.33254301e+00  5.08309281e+00 
 9.44060876e+00 -4.82697668e-02  9.44060876e+00  5.02519710e+00 
 9.54992586e+00 -4.75110602e-02  9.54992586e+00  4.96795389e+00 
 9.66050879e+00 -4.67694954e-02  9.66050879e+00  4.91135605e+00 
 9.77237221e+00 -4.60446879e-02  9.77237221e+00  4.85539652e+00 
 9.88553095e+00 -4.53362617e-02  9.88553095e+00  4.80006831e+00 
 1.00000000e+01 -4.46438492e-02  1.00000000e+01  4.74536449e+00 
 1.01157945e+01 -4.39670908e-02  1.01157945e+01  4.69127822e+00 
 1.02329299e+01 -4.33056350e-02  1.02329299e+01  4.63780271e+00 
 1.03514217e+01 -4.26591380e-02  1.03514217e+01  4.58493124e+00 
 1.04712855e+01 -4.20272637e-02  1.04712855e+01  4.53265718e+00 
 1.05925373e+01 -4.14096832e-02  1.05925373e+01  4.48097393e+00 
 1.07151931e+01 -4.08060753e-02  1.07151931e+01  4.42987498e+00 
 1.08392691e+01 -4.02161257e-02  1.08392691e+01  4.37935389e+00 
 1.09647820e+01 -3.96395270e-02  1.09647820e+01  4.32940427e+00 
 1.10917482e+01 -3.90759789e-02  1.10917482e+01  4.28001980e+00 
 1.12201845e+01 -3.85251875e-02  1.12201845e+01  4.23119424e+00 
 1.13501082e+01 -3.79868658e-02  1.13501082e+01  4.18292139e+00 
 1.14815362e+01 -3.74607327e-02  1.14815362e+01  4.13519514e+00 
 1.16144861e+01 -3.69465138e-02  1.16144861e+01  4.08800941e+00 
 1.17489755e+01 -3.64439406e-02  1.17489755e+01  4.04135821e+00 
 1.18850223e+01 -3.59527507e-02  1.18850223e+01  3.99523560e+00 
 1.20226443e+01 -3.54726874e-02  1.20226443e+01  3.94963572e+00 
 1.21618600e+01 -3.50034999e-02  1.21618600e+01  3.90455274e+00 
 1.23026877e+01 -3.45449429e-02  1.23026877e+01  3.85998091e+00 
 1.24451461e+01 -3.40967766e-02  1.24451461e+01  3.81591455e+00 
 1.25892541e+01 -3.36587665e-02  1.25892541e+01  3.77234802e+00 
 1.27350308e+01 -3.32306836e-02  1.27350308e+01  3.72927574e+00 
 1.28824955e+01 -3.28123036e-02  1.28824955e+01  3.68669220e+00 
 1.30316678e+01 -3.24034077e-02  1.30316678e+01  3.64459195e+00 
 1.31825674e+01 -3.20037816e-02  1.31825674e+01  3.60296958e+00 
 1.33352143e+01 -3.16132160e-02  1.33352143e+01  3.56181976e+00 
 1.34896288e+01 -3.12315062e-02  1.34896288e+01  3.52113719e+00 
 1.36458314e+01 -3.08584522e-02  1.36458314e+01  3.48091666e+00 
 1.38038426e+01 -3.04938584e-02  1.38038426e+01  3.44115299e+00 
 1.39636836e+01 -3.01375335e-02  1.39636836e+01  3.40184106e+00 
 1.41253754e+01 -2.97892908e-02  1.41253754e+01  3.36297581e+00 
 1.42889396e+01 -2.94489474e-02  1.42889396e+01  3.32455223e+00 
 1.44543977e+01 -2.91163248e-02  1.44543977e+01  3.28656537e+00 
 1.46217717e+01 -2.87912484e-02  1.46217717e+01  3.24901031e+00 
 1.47910839e+01 -2.84735475e-02  1.47910839e+01  3.21188223e+00 
 1.49623566e+01 -2.81630552e-02  1.49623566e+01  3.17517631e+00 
 1.51356125e+01 -2.78596086e-02  1.51356125e+01  3.13888781e+00 
 1.53108746e+01 -2.75630481e-02  1.53108746e+01  3.10301204e+00 
 1.54881662e+01 -2.72732179e-02  1.54881662e+01  3.06754436e+00 
 1.56675107e+01 -2.69899657e-02  1.56675107e+01  3.03248017e+00 
 1.58489319e+01 -2.67131426e-02  1.58489319e+01  2.99781494e+00 
 1.60324539e+01 -2.64426031e-02  1.60324539e+01  2.96354416e+00 
 1.62181010e+01 -2.61782048e-02  1.62181010e+01  2.92966340e+00 
 1.64058977e+01 -2.59198088e-02  1.64058977e+01  2.89616825e+00 
 1.65958691e+01 -2.56672791e-02  1.65958691e+01  2.86305437e+00 
 1.67880402e+01 -2.54204827e-02  1.67880402e+01  2.83031746e+00 
 1.69824365e+01 -2.51792899e-02  1.69824365e+01  2.79795326e+00 
 1.71790839e+01 -2.49435737e-02  1.71790839e+01  2.76595757e+00 
 1.73780083e+01 -2.47132101e-02  1.73780083e+01  2.73432623e+00 
 1.75792361e+01 -2.44880776e-02  1.75792361e+01  2.70305512e+00 
 1.77827941e+01 -2.42680578e-02  1.77827941e+01  2.67214016e+00 
 1.79887092e+01 -2.40530349e-02  1.79887092e+01  2.64157734e+00 
 1.81970086e+01 -2.38428954e-02  1.81970086e+01  2.61136267e+00 
 1.84077200e+01 -2.36375288e-02  1.84077200e+01  2.58149221e+00 
 1.86208714e+01 -2.34368269e-02  1.86208714e+01  2.55196208e+00 
 1.88364909e+01 -2.32406838e-02  1.88364909e+01  2.52276841e+00 
 1.90546072e+01 -2.30489962e-02  1.90546072e+01  2.49390740e+00 
 1.92752491e+01 -2.28616631e-02  1.92752491e+01  2.46537528e+00 
 1.94984460e+01 -2.26785857e-02  1.94984460e+01  2.43716833e+00 
 1.97242274e+01 -2.24996675e-02  1.97242274e+01  2.40928287e+00 
 1.99526231e+01 -2.23248142e-02  1.99526231e+01  2.38171524e+00 
 2.01836636e+01 -2.21539335e-02  2.01836636e+01  2.35446184e+00 
 2.04173794e+01 -2.19869353e-02  2.04173794e+01  2.32751912e+00 
 2.06538016e+01 -2.18237316e-02  2.06538016e+01  2.30088355e+00 
 2.08929613e+01 -2.16642362e-02  2.08929613e+01  2.27455165e+00 
 2.11348904e+01 -2.15083650e-02  2.11348904e+01  2.24851996e+00 
 2.13796209e+01 -2.13560358e-02  2.13796209e+01  2.22278508e+00 
 2.16271852e+01 -2.12071681e-02  2.16271852e+01  2.19734365e+00 
 2.18776162e+01 -2.10616835e-02  2.18776162e+01  2.17219232e+00 
 2.21309471e+01 -2.09195052e-02  2.21309471e+01  2.14732781e+00 
 2.23872114e+01 -2.07805580e-02  2.23872114e+01  2.12274685e+00 
 2.26464431e+01 -2.06447686e-02  2.26464431e+01  2.09844623e+00 
 2.29086765e+01 -2.05120655e-02  2.29086765e+01  2.07442276e+00 
 2.31739465e+01 -2.03823784e-02  2.31739465e+01  2.05067328e+00 
 2.34422882e+01 -2.02556389e-02  2.34422882e+01  2.02719468e+00 
 2.37137371e+01 -2.01317802e-02  2.37137371e+01  2.00398389e+00 
 2.39883292e+01 -2.00107367e-02  2.39883292e+01  1.98103785e+00 
 2.42661010e+01 -1.98924446e-02  2.42661010e+01  1.95835355e+00 
 2.45470892e+01 -1.97768414e-02  2.45470892e+01  1.93592802e+00 
 2.48313311e+01 -1.96638661e-02  2.48313311e+01  1.91375831e+00 
 2.51188643e+01 -1.95534588e-02  2.51188643e+01  1.89184150e+00 
 2.54097271e+01 -1.94455614e-02  2.54097271e+01  1.87017472e+00 
 2.57039578e+01 -1.93401168e-02  2.57039578e+01  1.84875513e+00 
 2.60015956e+01 -1.92370693e-02  2.60015956e+01  1.82757989e+00 
 2.63026799e+01 -1.91363645e-02  2.63026799e+01  1.80664624e+00 
 2.66072506e+01 -1.90379491e-02  2.66072506e+01  1.78595142e+00 
 2.69153480e+01 -1.89417712e-02  2.69153480e+01  1.76549271e+00 
 2.72270131e+01 -1.88477799e-02  2.72270131e+01  1.74526741e+00 
 2.75422870e+01 -1.87559255e-02  2.75422870e+01  1.72527287e+00 
 2.78612117e+01 -1.86661595e-02  2.78612117e+01  1.70550646e+00 
 2.81838293e+01 -1.85784344e-02  2.81838293e+01  1.68596557e+00 
 2.85101827e+01 -1.84927039e-02  2.85101827e+01  1.66664763e+00 
 2.88403150e+01 -1.84089227e-02  2.88403150e+01  1.64755010e+00 
 2.91742701e+01 -1.83270464e-02  2.91742701e+01  1.62867047e+00 
 2.95120923e+01 -1.82470318e-02  2.95120923e+01  1.61000624e+00 
 2.98538262e+01 -1.81688366e-02  2.98538262e+01  1.59155497e+00 
 3.01995172e+01 -1.80924195e-02  3.01995172e+01  1.57331421e+00 
 3.05492111e+01 -1.80177399e-02  3.05492111e+01  1.55528157e+00 
 3.09029543e+01 -1.79447585e-02  3.09029543e+01  1.53745468e+00 
 3.12607937e+01 -1.78734367e-02  3.12607937e+01  1.51983117e+00 
 3.16227766e+01 -1.78037366e-02  3.16227766e+01  1.50240873e+00 
 3.19889511e+01 -1.77356216e-02  3.19889511e+01  1.48518507e+00 
 3.23593657e+01 -1.76690555e-02  3.23593657e+01  1.46815791e+00 
 3.27340695e+01 -1.76040032e-02  3.27340695e+01  1.45132501e+00 
 3.31131121e+01 -1.75404302e-02  3.31131121e+01  1.43468414e+00 
 3.34965439e+01 -1.74783030e-02  3.34965439e+01  1.41823312e+00 
 3.38844156e+01 -1.74175886e-02  3.38844156e+01  1.40196977e+00 
 3.42767787e+01 -1.73582549e-02  3.42767787e+01  1.38589195e+00 
 3.46736850e+01 -1.73002706e-02  3.46736850e+01  1.36999753e+00 
 3.50751874e+01 -1.72436050e-02  3.50751874e+01  1.35428443e+00 
 3.54813389e+01 -1.71882282e-02  3.54813389e+01  1.33875056e+00 
 3.58921935e+01 -1.71341107e-02  3.58921935e+01  1.32339389e+00 
 3.63078055e+01 -1.70812240e-02  3.63078055e+01  1.30821237e+00 
 3.67282300e+01 -1.70295402e-02  3.67282300e+01  1.29320401e+00 
 3.71535229e+01 -1.69790318e-02  3.71535229e+01  1.27836682e+00 
 3.75837404e+01 -1.69296722e-02  3.75837404e+01  1.26369885e+00 
 3.80189396e+01 -1.68814352e-02  3.80189396e+01  1.24919816e+00 
 3.84591782e+01 -1.68342953e-02  3.84591782e+01  1.23486284e+00 
 3.89045145e+01 -1.67882276e-02  3.89045145e+01  1.22069099e+00 
 3.93550075e+01 -1.67432076e-02  3.93550075e+01  1.20668074e+00 
 3.98107171e+01 -1.66992117e-02  3.98107171e+01  1.19283024e+00 
 4.02717034e+01 -1.66562164e-02  4.02717034e+01  1.17913767e+00 
 4.07380278e+01 -1.66141991e-02  4.07380278e+01  1.16560120e+00 
 4.12097519e+01 -1.65731375e-02  4.12097519e+01  1.15221906e+00 
 4.16869383e+01 -1.65330098e-02  4.16869383e+01  1.13898948e+00 
 4.21696503e+01 -1.64937949e-02  4.21696503e+01  1.12591071e+00 
 4.26579519e+01 -1.64554720e-02  4.26579519e+01  1.11298102e+00 
 4.31519077e+01 -1.64180207e-02  4.31519077e+01  1.10019870e+00 
 4.36515832e+01 -1.63814214e-02  4.36515832e+01  1.08756206e+00 
 4.41570447e+01 -1.63456545e-02  4.41570447e+01  1.07506944e+00 
 4.46683592e+01 -1.63107013e-02  4.46683592e+01  1.06271918e+00 
 4.51855944e+01 -1.62765431e-02  4.51855944e+01  1.05050964e+00 
 4.57088190e+01 -1.62431619e-02  4.57088190e+01  1.03843923e+00 
 4.62381021e+01 -1.62105401e-02  4.62381021e+01  1.02650633e+00 
 4.67735141e+01 -1.61786603e-02  4.67735141e+01  1.01470938e+00 
 4.73151259e+01 -1.61475057e-02  4.73151259e+01  1.00304681e+00 
 4.78630092e+01 -1.61170598e-02  4.78630092e+01  9.91517075e-01 
 4.84172368e+01 -1.60873065e-02  4.84172368e+01  9.80118661e-01 
 4.89778819e+01 -1.60582301e-02  4.89778819e+01  9.68850057e-01 
 4.95450191e+01 -1.60298150e-02  4.95450191e+01  9.57709771e-01 
 5.01187234e+01 -1.60020464e-02  5.01187234e+01  9.46696331e-01 
 5.06990708e+01 -1.59749095e-02  5.06990708e+01  9.35808280e-01 
 5.12861384e+01 -1.59483899e-02  5.12861384e+01  9.25044178e-01 
 5.18800039e+01 -1.59224736e-02  5.18800039e+01  9.14402602e-01 
 5.24807460e+01 -1.58971468e-02  5.24807460e+01  9.03882143e-01 
 5.30884444e+01 -1.58723962e-02  5.30884444e+01  8.93481411e-01 
 5.37031796e+01 -1.58482087e-02  5.37031796e+01  8.83199029e-01 
 5.43250331e+01 -1.58245714e-02  5.43250331e+01  8.73033638e-01 
 5.49540874e+01 -1.58014719e-02  5.49540874e+01  8.62983892e-01 
 5.55904257e+01 -1.57788979e-02  5.55904257e+01  8.53048461e-01 
 5.62341325e+01 -1.57568374e-02  5.62341325e+01  8.43226032e-01 
 5.68852931e+01 -1.57352788e-02  5.68852931e+01  8.33515305e-01 
 5.75439937e+01 -1.57142106e-02  5.75439937e+01  8.23914994e-01 
 5.82103218e+01 -1.56936218e-02  5.82103218e+01  8.14423830e-01 
 5.88843655e+01 -1.56735013e-02  5.88843655e+01  8.05040556e-01 
 5.95662144e+01 -1.56538386e-02  5.95662144e+01  7.95763930e-01 
 6.02559586e+01 -1.56346233e-02  6.02559586e+01  7.86592726e-01 
 6.09536897e+01 -1.56158450e-02  6.09536897e+01  7.77525730e-01 
 6.16595002e+01 -1.55974940e-02  6.16595002e+01  7.68561740e-01 
 6.23734835e+01 -1.55795605e-02  6.23734835e+01  7.59699572e-01 
 6.30957344e+01 -1.55620350e-02  6.30957344e+01  7.50938052e-01 
 6.38263486e+01 -1.55449082e-02  6.38263486e+01  7.42276020e-01 
 6.45654229e+01 -1.55281710e-02  6.45654229e+01  7.33712329e-01 
 6.53130553e+01 -1.55118147e-02  6.53130553e+01  7.25245848e-01 
 6.60693448e+01 -1.54958304e-02  6.60693448e+01  7.16875453e-01 
 6.68343918e+01 -1.54802098e-02  6.68343918e+01  7.08600038e-01 
 6.76082975e+01 -1.54649446e-02  6.76082975e+01  7.00418507e-01 
 6.83911647e+01 -1.54500266e-02  6.83911647e+01  6.92329777e-01 
 6.91830971e+01 -1.54354481e-02  6.91830971e+01  6.84332777e-01 
 6.99841996e+01 -1.54212012e-02  6.99841996e+01  6.76426449e-01 
 7.07945784e+01 -1.54072784e-02  7.07945784e+01  6.68609745e-01 
 7.16143410e+01 -1.53936724e-02  7.16143410e+01  6.60881630e-01 
 7.24435960e+01 -1.53803760e-02  7.24435960e+01  6.53241082e-01 
 7.32824533e+01 -1.53673820e-02  7.32824533e+01  6.45687089e-01 
 7.41310241e+01 -1.53546837e-02  7.41310241e+01  6.38218650e-01 
 7.49894209e+01 -1.53422742e-02  7.49894209e+01  6.30834777e-01 
 7.58577575e+01 -1.53301471e-02  7.58577575e+01  6.23534492e-01 
 7.67361489e+01 -1.53182958e-02  7.67361489e+01  6.16316828e-01 
 7.76247117e+01 -1.53067142e-02  7.76247117e+01  6.09180830e-01 
 7.85235635e+01 -1.52953961e-02  7.85235635e+01  6.02125552e-01 
 7.94328235e+01 -1.52843354e-02  7.94328235e+01  5.95150060e-01 
 8.03526122e+01 -1.52735264e-02  8.03526122e+01  5.88253431e-01 
 8.12830516e+01 -1.52629632e-02  8.12830516e+01  5.81434751e-01 
 8.22242650e+01 -1.52526404e-02  8.22242650e+01  5.74693117e-01 
 8.31763771e+01 -1.52425523e-02  8.31763771e+01  5.68027636e-01 
 8.41395142e+01 -1.52326938e-02  8.41395142e+01  5.61437426e-01 
 8.51138038e+01 -1.52230596e-02  8.51138038e+01  5.54921613e-01 
 8.60993752e+01 -1.52136445e-02  8.60993752e+01  5.48479335e-01 
 8.70963590e+01 -1.52044435e-02  8.70963590e+01  5.42109739e-01 
 8.81048873e+01 -1.51954519e-02  8.81048873e+01  5.35811980e-01 
 8.91250938e+01 -1.51866648e-02  8.91250938e+01  5.29585225e-01 
 9.01571138e+01 -1.51780776e-02  9.01571138e+01  5.23428649e-01 
 9.12010839e+01 -1.51696857e-02  9.12010839e+01  5.17341436e-01 
 9.22571427e+01 -1.51614847e-02  9.22571427e+01  5.11322780e-01 
 9.33254301e+01 -1.51534702e-02  9.33254301e+01  5.05371884e-01 
 9.44060876e+01 -1.51456380e-02  9.44060876e+01  4.99487960e-01 
 9.54992586e+01 -1.51379840e-02  9.54992586e+01  4.93670228e-01 
 9.66050879e+01 -1.51305040e-02  9.66050879e+01  4.87917917e-01 
 9.77237221e+01 -1.51231942e-02  9.77237221e+01  4.82230266e-01 
 9.88553095e+01 -1.51160506e-02  9.88553095e+01  4.76606522e-01 
 1.00000000e+02 -1.51090695e-02  1.00000000e+02  4.71045938e-01 
 1.01157945e+02 -1.51022471e-02  1.01157945e+02  4.65547779e-01 
 1.02329299e+02 -1.50955799e-02  1.02329299e+02  4.60111316e-01 
 1.03514217e+02 -1.50890643e-02  1.03514217e+02  4.54735829e-01 
 1.04712855e+02 -1.50826968e-02  1.04712855e+02  4.49420606e-01 
 1.05925373e+02 -1.50764742e-02  1.05925373e+02  4.44164942e-01 
 1.07151931e+02 -1.50703930e-02  1.07151931e+02  4.38968142e-01 
 1.08392691e+02 -1.50644501e-02  1.08392691e+02  4.33829517e-01 
 1.09647820e+02 -1.50586423e-02  1.09647820e+02  4.28748386e-01 
 1.10917482e+02 -1.50529666e-02  1.10917482e+02  4.23724075e-01 
 1.12201845e+02 -1.50474199e-02  1.12201845e+02  4.18755920e-01 
 1.13501082e+02 -1.50419993e-02  1.13501082e+02  4.13843262e-01 
 1.14815362e+02 -1.50367019e-02  1.14815362e+02  4.08985451e-01 
 1.16144861e+02 -1.50315249e-02  1.16144861e+02  4.04181841e-01 
 1.17489755e+02 -1.50264656e-02  1.17489755e+02  3.99431798e-01 
 1.18850223e+02 -1.50215212e-02  1.18850223e+02  3.94734692e-01 
 1.20226443e+02 -1.50166893e-02  1.20226443e+02  3.90089900e-01 
 1.21618600e+02 -1.50119671e-02  1.21618600e+02  3.85496807e-01 
 1.23026877e+02 -1.50073523e-02  1.23026877e+02  3.80954805e-01 
 1.24451461e+02 -1.50028423e-02  1.24451461e+02  3.76463291e-01 
 1.25892541e+02 -1.49984347e-02  1.25892541e+02  3.72021671e-01 
 1.27350308e+02 -1.49941273e-02  1.27350308e+02  3.67629355e-01 
 1.28824955e+02 -1.49899178e-02  1.28824955e+02  3.63285763e-01 
 1.30316678e+02 -1.49858039e-02  1.30316678e+02  3.58990318e-01 
 1.31825674e+02 -1.49817834e-02  1.31825674e+02  3.54742451e-01 
 1.33352143e+02 -1.49778542e-02  1.33352143e+02  3.50541600e-01 
 1.34896288e+02 -1.49740142e-02  1.34896288e+02  3.46387208e-01 
 1.36458314e+02 -1.49702615e-02  1.36458314e+02  3.42278723e-01 
 1.38038426e+02 -1.49665939e-02  1.38038426e+02  3.38215603e-01 
 1.39636836e+02 -1.49630096e-02  1.39636836e+02  3.34197308e-01 
 1.41253754e+02 -1.49595066e-02  1.41253754e+02  3.30223307e-01 
 1.42889396e+02 -1.49560832e-02  1.42889396e+02  3.26293071e-01 
 1.44543977e+02 -1.49527374e-02  1.44543977e+02  3.22406082e-01 
 1.46217717e+02 -1.49494675e-02  1.46217717e+02  3.18561822e-01 
 1.47910839e+02 -1.49462718e-02  1.47910839e+02  3.14759784e-01 
 1.49623566e+02 -1.49431486e-02  1.49623566e+02  3.10999464e-01 
 1.51356125e+02 -1.49400962e-02  1.51356125e+02  3.07280362e-01 
 1.53108746e+02 -1.49371131e-02  1.53108746e+02  3.03601986e-01 
 1.54881662e+02 -1.49341975e-02  1.54881662e+02  2.99963849e-01 
 1.56675107e+02 -1.49313481e-02  1.56675107e+02  2.96365469e-01 
 1.58489319e+02 -1.49285632e-02  1.58489319e+02  2.92806369e-01 
 1.60324539e+02 -1.49258414e-02  1.60324539e+02  2.89286076e-01 
 1.62181010e+02 -1.49231813e-02  1.62181010e+02  2.85804125e-01 
 1.64058977e+02 -1.49205814e-02  1.64058977e+02  2.82360055e-01 
 1.65958691e+02 -1.49180404e-02  1.65958691e+02  2.78953408e-01 
 1.67880402e+02 -1.49155569e-02  1.67880402e+02  2.75583733e-01 
 1.69824365e+02 -1.49131296e-02  1.69824365e+02  2.72250584e-01 
 1.71790839e+02 -1.49107572e-02  1.71790839e+02  2.68953520e-01 
 1.73780083e+02 -1.49084385e-02  1.73780083e+02  2.65692102e-01 
 1.75792361e+02 -1.49061722e-02  1.75792361e+02  2.62465899e-01 
 1.77827941e+02 -1.49039571e-02  1.77827941e+02  2.59274483e-01 
 1.79887092e+02 -1.49017921e-02  1.79887092e+02  2.56117432e-01 
 1.81970086e+02 -1.48996760e-02  1.81970086e+02  2.52994327e-01 
 1.84077200e+02 -1.48976077e-02  1.84077200e+02  2.49904754e-01 
 1.86208714e+02 -1.48955861e-02  1.86208714e+02  2.46848304e-01 
 1.88364909e+02 -1.48936101e-02  1.88364909e+02  2.43824571e-01 
 1.90546072e+02 -1.48916786e-02  1.90546072e+02  2.40833155e-01 
 1.92752491e+02 -1.48897907e-02  1.92752491e+02  2.37873659e-01 
 1.94984460e+02 -1.48879454e-02  1.94984460e+02  2.34945692e-01 
 1.97242274e+02 -1.48861416e-02  1.97242274e+02  2.32048865e-01 
 1.99526231e+02 -1.48843784e-02  1.99526231e+02  2.29182794e-01 
 2.01836636e+02 -1.48826549e-02  2.01836636e+02  2.26347099e-01 
 2.04173794e+02 -1.48809701e-02  2.04173794e+02  2.23541405e-01 
 2.06538016e+02 -1.48793232e-02  2.06538016e+02  2.20765340e-01 
 2.08929613e+02 -1.48777134e-02  2.08929613e+02  2.18018536e-01 
 2.11348904e+02 -1.48761396e-02  2.11348904e+02  2.15300628e-01 
 2.13796209e+02 -1.48746012e-02  2.13796209e+02  2.12611257e-01 
 2.16271852e+02 -1.48730972e-02  2.16271852e+02  2.09950066e-01 
 2.18776162e+02 -1.48716270e-02  2.18776162e+02  2.07316702e-01 
 2.21309471e+02 -1.48701897e-02  2.21309471e+02  2.04710817e-01 
 2.23872114e+02 -1.48687845e-02  2.23872114e+02  2.02132065e-01 
 2.26464431e+02 -1.48674107e-02  2.26464431e+02  1.99580104e-01 
 2.29086765e+02 -1.48660676e-02  2.29086765e+02  1.97054597e-01 
 2.31739465e+02 -1.48647545e-02  2.31739465e+02  1.94555207e-01 
 2.34422882e+02 -1.48634706e-02  2.34422882e+02  1.92081605e-01 
 2.37137371e+02 -1.48622154e-02  2.37137371e+02  1.89633462e-01 
 2.39883292e+02 -1.48609880e-02  2.39883292e+02  1.87210454e-01 
 2.42661010e+02 -1.48597880e-02  2.42661010e+02  1.84812260e-01 
 2.45470892e+02 -1.48586146e-02  2.45470892e+02  1.82438561e-01 
 2.48313311e+02 -1.48574672e-02  2.48313311e+02  1.80089043e-01 
 2.51188643e+02 -1.48563452e-02  2.51188643e+02  1.77763396e-01 
 2.54097271e+02 -1.48552480e-02  2.54097271e+02  1.75461310e-01 
 2.57039578e+02 -1.48541750e-02  2.57039578e+02  1.73182480e-01 
 2.60015956e+02 -1.48531257e-02  2.60015956e+02  1.70926605e-01 
 2.63026799e+02 -1.48520995e-02  2.63026799e+02  1.68693385e-01 
 2.66072506e+02 -1.48510959e-02  2.66072506e+02  1.66482525e-01 
 2.69153480e+02 -1.48501143e-02  2.69153480e+02  1.64293731e-01 
 2.72270131e+02 -1.48491543e-02  2.72270131e+02  1.62126713e-01 
 2.75422870e+02 -1.48482152e-02  2.75422870e+02  1.59981185e-01 
 2.78612117e+02 -1.48472966e-02  2.78612117e+02  1.57856861e-01 
 2.81838293e+02 -1.48463980e-02  2.81838293e+02  1.55753460e-01 
 2.85101827e+02 -1.48455190e-02  2.85101827e+02  1.53670704e-01 
 2.88403150e+02 -1.48446591e-02  2.88403150e+02  1.51608316e-01 
 2.91742701e+02 -1.48438177e-02  2.91742701e+02  1.49566024e-01 
 2.95120923e+02 -1.48429946e-02  2.95120923e+02  1.47543555e-01 
 2.98538262e+02 -1.48421892e-02  2.98538262e+02  1.45540643e-01 
 3.01995172e+02 -1.48414011e-02  3.01995172e+02  1.43557021e-01 
 3.05492111e+02 -1.48406298e-02  3.05492111e+02  1.41592428e-01 
 3.09029543e+02 -1.48398751e-02  3.09029543e+02  1.39646602e-01 
 3.12607937e+02 -1.48391364e-02  3.12607937e+02  1.37719285e-01 
 3.16227766e+02 -1.48384135e-02  3.16227766e+02  1.35810223e-01 
 3.19889511e+02 -1.48377058e-02  3.19889511e+02  1.33919161e-01 
 3.23593657e+02 -1.48370131e-02  3.23593657e+02  1.32045851e-01 
 3.27340695e+02 -1.48363349e-02  3.27340695e+02  1.30190042e-01 
 3.31131121e+02 -1.48356709e-02  3.31131121e+02  1.28351490e-01 
 3.34965439e+02 -1.48350208e-02  3.34965439e+02  1.26529950e-01 
 3.38844156e+02 -1.48343842e-02  3.38844156e+02  1.24725181e-01 
 3.42767787e+02 -1.48337608e-02  3.42767787e+02  1.22936944e-01 
 3.46736850e+02 -1.48331502e-02  3.46736850e+02  1.21165002e-01 
 3.50751874e+02 -1.48325521e-02  3.50751874e+02  1.19409119e-01 
 3.54813389e+02 -1.48319663e-02  3.54813389e+02  1.17669064e-01 
 3.58921935e+02 -1.48313923e-02  3.58921935e+02  1.15944606e-01 
 3.63078055e+02 -1.48308299e-02  3.63078055e+02  1.14235516e-01 
 3.67282300e+02 -1.48302787e-02  3.67282300e+02  1.12541567e-01 
 3.71535229e+02 -1.48297386e-02  3.71535229e+02  1.10862535e-01 
 3.75837404e+02 -1.48292092e-02  3.75837404e+02  1.09198198e-01 
 3.80189396e+02 -1.48286902e-02  3.80189396e+02  1.07548335e-01 
 3.84591782e+02 -1.48281814e-02  3.84591782e+02  1.05912726e-01 
 3.89045145e+02 -1.48276824e-02  3.89045145e+02  1.04291157e-01 
 3.93550075e+02 -1.48271931e-02  3.93550075e+02  1.02683410e-01 
 3.98107171e+02 -1.48267131e-02  3.98107171e+02  1.01089274e-01 
 4.02717034e+02 -1.48262422e-02  4.02717034e+02  9.95085371e-02 
 4.07380278e+02 -1.48257802e-02  4.07380278e+02  9.79409897e-02 
 4.12097519e+02 -1.48253268e-02  4.12097519e+02  9.63864240e-02 
 4.16869383e+02 -1.48248817e-02  4.16869383e+02  9.48446341e-02 
 4.21696503e+02 -1.48244448e-02  4.21696503e+02  9.33154155e-02 
 4.26579519e+02 -1.48240158e-02  4.26579519e+02  9.17985656e-02 
 4.31519077e+02 -1.48235945e-02  4.31519077e+02  9.02938833e-02 
 4.36515832e+02 -1.48231806e-02  4.36515832e+02  8.88011692e-02 
 4.41570447e+02 -1.48227739e-02  4.41570447e+02  8.73202254e-02 
 4.46683592e+02 -1.48223742e-02  4.46683592e+02  8.58508557e-02 
 4.51855944e+02 -1.48219814e-02  4.51855944e+02  8.43928652e-02 
 4.57088190e+02 -1.48215952e-02  4.57088190e+02  8.29460608e-02 
 4.62381021e+02 -1.48212153e-02  4.62381021e+02  8.15102506e-02 
 4.67735141e+02 -1.48208416e-02  4.67735141e+02  8.00852444e-02 
 4.73151259e+02 -1.48204739e-02  4.73151259e+02  7.86708532e-02 
 4.78630092e+02 -1.48201121e-02  4.78630092e+02  7.72668896e-02 
 4.84172368e+02 -1.48197558e-02  4.84172368e+02  7.58731675e-02 
 4.89778819e+02 -1.48194049e-02  4.89778819e+02  7.44895022e-02 
 4.95450191e+02 -1.48190593e-02  4.95450191e+02  7.31157103e-02 
 5.01187234e+02 -1.48187187e-02  5.01187234e+02  7.17516096e-02 
 5.06990708e+02 -1.48183829e-02  5.06990708e+02  7.03970194e-02 
 5.12861384e+02 -1.48180519e-02  5.12861384e+02  6.90517601e-02 
 5.18800039e+02 -1.48177254e-02  5.18800039e+02  6.77156535e-02 
 5.24807460e+02 -1.48174032e-02  5.24807460e+02  6.63885223e-02 
 5.30884444e+02 -1.48170851e-02  5.30884444e+02  6.50701907e-02 
 5.37031796e+02 -1.48167711e-02  5.37031796e+02  6.37604840e-02 
 5.43250331e+02 -1.48164609e-02  5.43250331e+02  6.24592286e-02 
 5.49540874e+02 -1.48161544e-02  5.49540874e+02  6.11662519e-02 
 5.55904257e+02 -1.48158514e-02  5.55904257e+02  5.98813827e-02 
 5.62341325e+02 -1.48155517e-02  5.62341325e+02  5.86044505e-02 
 5.68852931e+02 -1.48152552e-02  5.68852931e+02  5.73352862e-02 
 5.75439937e+02 -1.48149617e-02  5.75439937e+02  5.60737215e-02 
 5.82103218e+02 -1.48146711e-02  5.82103218e+02  5.48195891e-02 
 5.88843655e+02 -1.48143833e-02  5.88843655e+02  5.35727230e-02 
 5.95662144e+02 -1.48140979e-02  5.95662144e+02  5.23329577e-02 
 6.02559586e+02 -1.48138151e-02  6.02559586e+02  5.11001290e-02 
 6.09536897e+02 -1.48135344e-02  6.09536897e+02  4.98740735e-02 
 6.16595002e+02 -1.48132559e-02  6.16595002e+02  4.86546285e-02 
 6.23734835e+02 -1.48129794e-02  6.23734835e+02  4.74416326e-02 
 6.30957344e+02 -1.48127046e-02  6.30957344e+02  4.62349249e-02 
 6.38263486e+02 -1.48124316e-02  6.38263486e+02  4.50343455e-02 
 6.45654229e+02 -1.48121601e-02  6.45654229e+02  4.38397352e-02 
 6.53130553e+02 -1.48118899e-02  6.53130553e+02  4.26509357e-02 
 6.60693448e+02 -1.48116211e-02  6.60693448e+02  4.14677894e-02 
 6.68343918e+02 -1.48113533e-02  6.68343918e+02  4.02901395e-02 
 6.76082975e+02 -1.48110865e-02  6.76082975e+02  3.91178299e-02 
 6.83911647e+02 -1.48108205e-02  6.83911647e+02  3.79507052e-02 
 6.91830971e+02 -1.48105551e-02  6.91830971e+02  3.67886107e-02 
 6.99841996e+02 -1.48102903e-02  6.99841996e+02  3.56313924e-02 
 7.07945784e+02 -1.48100259e-02  7.07945784e+02  3.44788968e-02 
 7.16143410e+02 -1.48097618e-02  7.16143410e+02  3.33309713e-02 
 7.24435960e+02 -1.48094978e-02  7.24435960e+02  3.21874635e-02 
 7.32824533e+02 -1.48092337e-02  7.32824533e+02  3.10482221e-02 
 7.41310241e+02 -1.48089695e-02  7.41310241e+02  2.99130960e-02 
 7.49894209e+02 -1.48087050e-02  7.49894209e+02  2.87819346e-02 
 7.58577575e+02 -1.48084400e-02  7.58577575e+02  2.76545881e-02 
 7.67361489e+02 -1.48081745e-02  7.67361489e+02  2.65309071e-02 
 7.76247117e+02 -1.48079082e-02  7.76247117e+02  2.54107425e-02 
 7.85235635e+02 -1.48076411e-02  7.85235635e+02  2.42939459e-02 
 7.94328235e+02 -1.48073729e-02  7.94328235e+02  2.31803694e-02 
 8.03526122e+02 -1.48071036e-02  8.03526122e+02  2.20698652e-02 
 8.12830516e+02 -1.48068330e-02  8.12830516e+02  2.09622862e-02 
 8.22242650e+02 -1.48065610e-02  8.22242650e+02  1.98574855e-02 
 8.31763771e+02 -1.48062874e-02  8.31763771e+02  1.87553167e-02 
 8.41395142e+02 -1.48060120e-02  8.41395142e+02  1.76556338e-02 
 8.51138038e+02 -1.48057348e-02  8.51138038e+02  1.65582909e-02 
 8.60993752e+02 -1.48054556e-02  8.60993752e+02  1.54631426e-02 
 8.70963590e+02 -1.48051742e-02  8.70963590e+02  1.43700437e-02 
 8.81048873e+02 -1.48048905e-02  8.81048873e+02  1.32788494e-02 
 8.91250938e+02 -1.48046043e-02  8.91250938e+02  1.21894150e-02 
 9.01571138e+02 -1.48043155e-02  9.01571138e+02  1.11015960e-02 
 9.12010839e+02 -1.48040239e-02  9.12010839e+02  1.00152483e-02 
 9.22571427e+02 -1.48037294e-02  9.22571427e+02  8.93022794e-03 
 9.33254301e+02 -1.48034319e-02  9.33254301e+02  7.84639102e-03 
 9.44060876e+02 -1.48031310e-02  9.44060876e+02  6.76359388e-03 
 9.54992586e+02 -1.48028268e-02  9.54992586e+02  5.68169301e-03 
 9.66050879e+02 -1.48025190e-02  9.66050879e+02  4.60054499e-03 
 9.77237221e+02 -1.48022075e-02  9.77237221e+02  3.52000650e-03 
 9.88553095e+02 -1.48018921e-02  9.88553095e+02  2.43993432e-03 
 1.00000000e+03 -1.48015727e-02  1.00000000e+03  1.36018526e-03 
