 2.00000000e+01  6.00846247e+01  2.00000000e+01  1.69337848e+03  2.00000000e+01  7.04412570e-02 
 2.24403691e+01  5.74060278e+01  2.24403691e+01  1.50938505e+03  2.24403691e+01  7.04415381e-02 
 2.51785082e+01  5.52782958e+01  2.51785082e+01  1.34541641e+03  2.51785082e+01  7.04421031e-02 
 2.82507509e+01  5.35881486e+01  2.82507509e+01  1.19929791e+03  2.82507509e+01  7.04430887e-02 
 3.16978638e+01  5.22455983e+01  3.16978638e+01  1.06909143e+03  3.16978638e+01  7.04446466e-02 
 3.55655882e+01  5.11791608e+01  3.55655882e+01  9.53069727e+02  3.55655882e+01  7.04469496e-02 
 3.99052463e+01  5.03320519e+01  3.99052463e+01  8.49693653e+02  3.99052463e+01  7.04501986e-02 
 4.47744228e+01  4.96591647e+01  4.47744228e+01  7.57591714e+02  4.47744228e+01  7.04546321e-02 
 5.02377286e+01  4.91246684e+01  5.02377286e+01  6.75541926e+02  5.02377286e+01  7.04605392e-02 
 5.63676586e+01  4.87001011e+01  5.63676586e+01  6.02455618e+02  5.63676586e+01  7.04682759e-02 
 6.32455532e+01  4.83628541e+01  6.32455532e+01  5.37362989e+02  6.32455532e+01  7.04782853e-02 
 7.09626778e+01  4.80949686e+01  7.09626778e+01  4.79400249e+02  7.09626778e+01  7.04911225e-02 
 7.96214341e+01  4.78821792e+01  7.96214341e+01  4.27798143e+02  7.96214341e+01  7.05074863e-02 
 8.93367184e+01  4.77131544e+01  8.93367184e+01  3.81871736e+02  8.93367184e+01  7.05282571e-02 
 1.00237447e+02  4.75788931e+01  1.00237447e+02  3.41011298e+02  1.00237447e+02  7.05545447e-02 
 1.12468265e+02  4.74722457e+01  1.12468265e+02  3.04674178e+02  1.12468265e+02  7.05877475e-02 
 1.26191469e+02  4.73875328e+01  1.26191469e+02  2.72377551e+02  1.26191469e+02  7.06296260e-02 
 1.41589157e+02  4.73202432e+01  1.41589157e+02  2.43691947e+02  1.41589157e+02  7.06823953e-02 
 1.58865647e+02  4.72667936e+01  1.58865647e+02  2.18235445e+02  1.58865647e+02  7.07488390e-02 
 1.78250188e+02  4.72243375e+01  1.78250188e+02  1.95668484e+02  1.78250188e+02  7.08324523e-02 
 2.00000000e+02  4.71906140e+01  2.00000000e+02  1.75689178e+02  2.00000000e+02  7.09376188e-02 
 2.24403691e+02  4.71638272e+01  2.24403691e+02  1.58029088e+02  2.24403691e+02  7.10698294e-02 
 2.51785082e+02  4.71425507e+01  2.51785082e+02  1.42449369e+02  2.51785082e+02  7.12359516e-02 
 2.82507509e+02  4.71256513e+01  2.82507509e+02  1.28737243e+02  2.82507509e+02  7.14445602e-02 
 3.16978638e+02  4.71122292e+01  3.16978638e+02  1.16702752e+02  3.16978638e+02  7.17063374e-02 
 3.55655882e+02  4.71015696e+01  3.55655882e+02  1.06175745e+02  3.55655882e+02  7.20345564e-02 
 3.99052463e+02  4.70931048e+01  3.99052463e+02  9.70031001e+01  3.99052463e+02  7.24456558e-02 
 4.47744228e+02  4.70863840e+01  4.47744228e+02  8.90461799e+01  4.47744228e+02  7.29599133e-02 
 5.02377286e+02  4.70810493e+01  5.02377286e+02  8.21785581e+01  5.02377286e+02  7.36022214e-02 
 5.63676586e+02  4.70768166e+01  5.63676586e+02  7.62840741e+01  5.63676586e+02  7.44029579e-02 
 6.32455532e+02  4.70734605e+01  6.32455532e+02  7.12552730e+01  6.32455532e+02  7.53989344e-02 
 7.09626778e+02  4.70708024e+01  7.09626778e+02  6.69922834e+01  7.09626778e+02  7.66343873e-02 
 7.96214341e+02  4.70687005e+01  7.96214341e+02  6.34021399e+01  7.96214341e+02  7.81619595e-02 
 8.93367184e+02  4.70670431e+01  8.93367184e+02  6.03985098e+01  8.93367184e+02  8.00436017e-02 
 1.00237447e+03  4.70657418e+01  1.00237447e+03  5.79017230e+01  1.00237447e+03  8.23513131e-02 
 1.12468265e+03  4.70647274e+01  1.12468265e+03  5.58389686e+01  1.12468265e+03  8.51676435e-02 
 1.26191469e+03  4.70639458e+01  1.26191469e+03  5.41445134e+01  1.26191469e+03  8.85859086e-02 
 1.41589157e+03  4.70633553e+01  1.41589157e+03  5.27598219e+01  1.41589157e+03  9.27101194e-02 
 1.58865647e+03  4.70629246e+01  1.58865647e+03  5.16335041e+01  1.58865647e+03  9.76546998e-02 
 1.78250188e+03  4.70626308e+01  1.78250188e+03  5.07210663e+01  1.78250188e+03  1.03544143e-01 
 2.00000000e+03  4.70624581e+01  2.00000000e+03  4.99844857e+01  2.00000000e+03  1.10512810e-01 
 2.24403691e+03  4.70623973e+01  2.24403691e+03  4.93916513e+01  2.24403691e+03  1.18705084e-01 
 2.51785082e+03  4.70624453e+01  2.51785082e+03  4.89157280e+01  2.51785082e+03  1.28276064e-01 
 2.82507509e+03  4.70626045e+01  2.82507509e+03  4.85344921e+01  2.82507509e+03  1.39392893e-01 
 3.16978638e+03  4.70628833e+01  3.16978638e+03  4.82296815e+01  3.16978638e+03  1.52236746e-01 
 3.55655882e+03  4.70632968e+01  3.55655882e+03  4.79863889e+01  3.55655882e+03  1.67005413e-01 
 3.99052463e+03  4.70638666e+01  3.99052463e+03  4.77925134e+01  3.99052463e+03  1.83916394e-01 
 4.47744228e+03  4.70646232e+01  4.47744228e+03  4.76382803e+01  4.47744228e+03  2.03210394e-01 
 5.02377286e+03  4.70656066e+01  5.02377286e+03  4.75158280e+01  5.02377286e+03  2.25155136e-01 
 5.63676586e+03  4.70668690e+01  5.63676586e+03  4.74188602e+01  5.63676586e+03  2.50049448e-01 
 6.32455532e+03  4.70684771e+01  6.32455532e+03  4.73423558e+01  6.32455532e+03  2.78227584e-01 
 7.09626778e+03  4.70705160e+01  7.09626778e+03  4.72823309e+01  7.09626778e+03  3.10063792e-01 
 7.96214341e+03  4.70730933e+01  7.96214341e+03  4.72356456e+01  7.96214341e+03  3.45977104e-01 
 8.93367184e+03  4.70763445e+01  8.93367184e+03  4.71998486e+01  8.93367184e+03  3.86436373e-01 
 1.00237447e+04  4.70804403e+01  1.00237447e+04  4.71730537e+01  1.00237447e+04  4.31965503e-01 
 1.12468265e+04  4.70855949e+01  1.12468265e+04  4.71538442e+01  1.12468265e+04  4.83148827e-01 
 1.26191469e+04  4.70920764e+01  1.26191469e+04  4.71411988e+01  1.26191469e+04  5.40636503e-01 
 1.41589157e+04  4.71002199e+01  1.41589157e+04  4.71344383e+01  1.41589157e+04  6.05149726e-01 
 1.58865647e+04  4.71104435e+01  1.58865647e+04  4.71331881e+01  1.58865647e+04  6.77485443e-01 
 1.78250188e+04  4.71232668e+01  1.78250188e+04  4.71373549e+01  1.78250188e+04  7.58520107e-01 
 2.00000000e+04  4.71393337e+01  2.00000000e+04  4.71471165e+01  2.00000000e+04  8.49211785e-01 
 2.24403691e+04  4.71594388e+01  2.24403691e+04  4.71629222e+01  2.24403691e+04  9.50599683e-01 
 2.51785082e+04  4.71845570e+01  2.51785082e+04  4.71855026e+01  2.51785082e+04  1.06379978e+00 
 2.82507509e+04  4.72158769e+01  2.82507509e+04  4.72158864e+01  2.82507509e+04  1.18999488e+00 
 3.16978638e+04  4.72548343e+01  3.16978638e+04  4.72554219e+01  3.16978638e+04  1.33041674e+00 
 3.55655882e+04  4.73031455e+01  3.55655882e+04  4.73057976e+01  3.55655882e+04  1.48631768e+00 
 3.99052463e+04  4.73628323e+01  3.99052463e+04  4.73690569e+01  3.99052463e+04  1.65892824e+00 
 4.47744228e+04  4.74362332e+01  4.47744228e+04  4.74475965e+01  4.47744228e+04  1.84939736e+00 
 5.02377286e+04  4.75259880e+01  5.02377286e+04  4.75441351e+01  5.02377286e+04  2.05871186e+00 
 5.63676586e+04  4.76349817e+01  5.63676586e+04  4.76616365e+01  5.63676586e+04  2.28759296e+00 
 6.32455532e+04  4.77662289e+01  6.32455532e+04  4.78031682e+01  6.32455532e+04  2.53637029e+00 
 7.09626778e+04  4.79226811e+01  7.09626778e+04  4.79716772e+01  7.09626778e+04  2.80483859e+00 
 7.96214341e+04  4.81069449e+01  7.96214341e+04  4.81696730e+01  7.96214341e+04  3.09210925e+00 
 8.93367184e+04  4.83209104e+01  8.93367184e+04  4.83988257e+01  8.93367184e+04  3.39647824e+00 
 1.00237447e+05  4.85653173e+01  1.00237447e+05  4.86595140e+01  1.00237447e+05  3.71534121e+00 
 1.12468265e+05  4.88393173e+01  1.12468265e+05  4.89503936e+01  1.12468265e+05  4.04519363e+00 
 1.26191469e+05  4.91401274e+01  1.26191469e+05  4.92680912e+01  1.26191469e+05  4.38175192e+00 
 1.41589157e+05  4.94628849e+01  1.41589157e+05  4.96071361e+01  1.41589157e+05  4.72021858e+00 
 1.58865647e+05  4.98008042e+01  1.58865647e+05  4.99602197e+01  1.58865647e+05  5.05568651e+00 
 1.78250188e+05  5.01456724e+01  1.78250188e+05  5.03187959e+01  1.78250188e+05  5.38364247e+00 
 2.00000000e+05  5.04886315e+01  2.00000000e+05  5.06739461e+01  2.00000000e+05  5.70049844e+00 
