 2.00000000e+01  2.63398253e-08  2.00000000e+01  8.37178239e-09 
 2.09425710e+01  2.62558940e-08  2.09425710e+01  8.34488320e-09 
 2.19295639e+01  2.61755000e-08  2.19295639e+01  8.31912915e-09 
 2.29630724e+01  2.60985037e-08  2.29630724e+01  8.29447388e-09 
 2.40452887e+01  2.60247702e-08  2.40452887e+01  8.27087277e-09 
 2.51785082e+01  2.59541693e-08  2.51785082e+01  8.24828280e-09 
 2.63651348e+01  2.58865753e-08  2.63651348e+01  8.22666258e-09 
 2.76076853e+01  2.58218669e-08  2.76076853e+01  8.20597226e-09 
 2.89087954e+01  2.57599273e-08  2.89087954e+01  8.18617347e-09 
 3.02712250e+01  2.57006438e-08  3.02712250e+01  8.16722933e-09 
 3.16978638e+01  2.56439076e-08  3.16978638e+01  8.14910434e-09 
 3.31917381e+01  2.55896144e-08  3.31917381e+01  8.13176438e-09 
 3.47560166e+01  2.55376633e-08  3.47560166e+01  8.11517666e-09 
 3.63940172e+01  2.54879575e-08  3.63940172e+01  8.09930963e-09 
 3.81092144e+01  2.54404037e-08  3.81092144e+01  8.08413302e-09 
 3.99052463e+01  2.53949123e-08  3.99052463e+01  8.06961771e-09 
 4.17859226e+01  2.53513969e-08  4.17859226e+01  8.05573576e-09 
 4.37552325e+01  2.53097747e-08  4.37552325e+01  8.04246033e-09 
 4.58173531e+01  2.52699661e-08  4.58173531e+01  8.02976564e-09 
 4.79766584e+01  2.52318944e-08  4.79766584e+01  8.01762698e-09 
 5.02377286e+01  2.51954861e-08  5.02377286e+01  8.00602061e-09 
 5.26053598e+01  2.51606707e-08  5.26053598e+01  7.99492376e-09 
 5.50845741e+01  2.51273804e-08  5.50845741e+01  7.98431458e-09 
 5.76806301e+01  2.50955501e-08  5.76806301e+01  7.97417212e-09 
 6.03990344e+01  2.50651173e-08  6.03990344e+01  7.96447629e-09 
 6.32455532e+01  2.50360222e-08  6.32455532e+01  7.95520783e-09 
 6.62262243e+01  2.50082074e-08  6.62262243e+01  7.94634828e-09 
 6.93473701e+01  2.49816176e-08  6.93473701e+01  7.93787992e-09 
 7.26156110e+01  2.49562001e-08  7.26156110e+01  7.92978581e-09 
 7.60378793e+01  2.49319042e-08  7.60378793e+01  7.92204969e-09 
 7.96214341e+01  2.49086814e-08  7.96214341e+01  7.91465598e-09 
 8.33738767e+01  2.48864851e-08  8.33738767e+01  7.90758977e-09 
 8.73031664e+01  2.48652707e-08  8.73031664e+01  7.90083678e-09 
 9.14176379e+01  2.48449955e-08  9.14176379e+01  7.89438331e-09 
 9.57260185e+01  2.48256186e-08  9.57260185e+01  7.88821628e-09 
 1.00237447e+02  2.48071008e-08  1.00237447e+02  7.88232313e-09 
 1.04961492e+02  2.47894045e-08  1.04961492e+02  7.87669185e-09 
 1.09908175e+02  2.47724938e-08  1.09908175e+02  7.87131095e-09 
 1.15087987e+02  2.47563343e-08  1.15087987e+02  7.86616943e-09 
 1.20511917e+02  2.47408929e-08  1.20511917e+02  7.86125675e-09 
 1.26191469e+02  2.47261383e-08  1.26191469e+02  7.85656284e-09 
 1.32138690e+02  2.47120401e-08  1.32138690e+02  7.85207805e-09 
 1.38366194e+02  2.46985695e-08  1.38366194e+02  7.84779315e-09 
 1.44887192e+02  2.46856988e-08  1.44887192e+02  7.84369933e-09 
 1.51715515e+02  2.46734016e-08  1.51715515e+02  7.83978812e-09 
 1.58865647e+02  2.46616525e-08  1.58865647e+02  7.83605147e-09 
 1.66352754e+02  2.46504274e-08  1.66352754e+02  7.83248163e-09 
 1.74192718e+02  2.46397030e-08  1.74192718e+02  7.82907122e-09 
 1.82402168e+02  2.46294572e-08  1.82402168e+02  7.82581317e-09 
 1.90998517e+02  2.46196687e-08  1.90998517e+02  7.82270073e-09 
 2.00000000e+02  2.46103174e-08  2.00000000e+02  7.81972742e-09 
 2.09425710e+02  2.46013838e-08  2.09425710e+02  7.81688707e-09 
 2.19295639e+02  2.45928494e-08  2.19295639e+02  7.81417378e-09 
 2.29630724e+02  2.45846963e-08  2.29630724e+02  7.81158188e-09 
 2.40452887e+02  2.45769077e-08  2.40452887e+02  7.80910599e-09 
 2.51785082e+02  2.45694674e-08  2.51785082e+02  7.80674093e-09 
 2.63651348e+02  2.45623598e-08  2.63651348e+02  7.80448177e-09 
 2.76076853e+02  2.45555701e-08  2.76076853e+02  7.80232379e-09 
 2.89087954e+02  2.45490841e-08  2.89087954e+02  7.80026248e-09 
 3.02712250e+02  2.45428883e-08  3.02712250e+02  7.79829353e-09 
 3.16978638e+02  2.45369697e-08  3.16978638e+02  7.79641282e-09 
 3.31917381e+02  2.45313159e-08  3.31917381e+02  7.79461641e-09 
 3.47560166e+02  2.45259151e-08  3.47560166e+02  7.79290054e-09 
 3.63940172e+02  2.45207559e-08  3.63940172e+02  7.79126161e-09 
 3.81092144e+02  2.45158275e-08  3.81092144e+02  7.78969618e-09 
 3.99052463e+02  2.45111196e-08  3.99052463e+02  7.78820097e-09 
 4.17859226e+02  2.45066223e-08  4.17859226e+02  7.78677284e-09 
 4.37552325e+02  2.45023261e-08  4.37552325e+02  7.78540878e-09 
 4.58173531e+02  2.44982219e-08  4.58173531e+02  7.78410594e-09 
 4.79766584e+02  2.44943011e-08  4.79766584e+02  7.78286158e-09 
 5.02377286e+02  2.44905555e-08  5.02377286e+02  7.78167307e-09 
 5.26053598e+02  2.44869771e-08  5.26053598e+02  7.78053791e-09 
 5.50845741e+02  2.44835583e-08  5.50845741e+02  7.77945373e-09 
 5.76806301e+02  2.44802919e-08  5.76806301e+02  7.77841823e-09 
 6.03990344e+02  2.44771711e-08  6.03990344e+02  7.77742923e-09 
 6.32455532e+02  2.44741890e-08  6.32455532e+02  7.77648465e-09 
 6.62262243e+02  2.44713395e-08  6.62262243e+02  7.77558251e-09 
 6.93473701e+02  2.44686165e-08  6.93473701e+02  7.77472089e-09 
 7.26156110e+02  2.44660140e-08  7.26156110e+02  7.77389799e-09 
 7.60378793e+02  2.44635266e-08  7.60378793e+02  7.77311206e-09 
 7.96214341e+02  2.44611490e-08  7.96214341e+02  7.77236145e-09 
 8.33738767e+02  2.44588759e-08  8.33738767e+02  7.77164458e-09 
 8.73031664e+02  2.44567026e-08  8.73031664e+02  7.77095993e-09 
 9.14176379e+02  2.44546242e-08  9.14176379e+02  7.77030606e-09 
 9.57260185e+02  2.44526364e-08  9.57260185e+02  7.76968158e-09 
 1.00237447e+03  2.44507347e-08  1.00237447e+03  7.76908519e-09 
 1.04961492e+03  2.44489149e-08  1.04961492e+03  7.76851561e-09 
 1.09908175e+03  2.44471731e-08  1.09908175e+03  7.76797166e-09 
 1.15087987e+03  2.44455054e-08  1.15087987e+03  7.76745217e-09 
 1.20511917e+03  2.44439081e-08  1.20511917e+03  7.76695605e-09 
 1.26191469e+03  2.44423775e-08  1.26191469e+03  7.76648225e-09 
 1.32138690e+03  2.44409102e-08  1.32138690e+03  7.76602978e-09 
 1.38366194e+03  2.44395027e-08  1.38366194e+03  7.76559767e-09 
 1.44887192e+03  2.44381519e-08  1.44887192e+03  7.76518502e-09 
 1.51715515e+03  2.44368545e-08  1.51715515e+03  7.76479095e-09 
 1.58865647e+03  2.44356075e-08  1.58865647e+03  7.76441463e-09 
 1.66352754e+03  2.44344077e-08  1.66352754e+03  7.76405527e-09 
 1.74192718e+03  2.44332523e-08  1.74192718e+03  7.76371210e-09 
 1.82402168e+03  2.44321382e-08  1.82402168e+03  7.76338440e-09 
 1.90998517e+03  2.44310627e-08  1.90998517e+03  7.76307148e-09 
 2.00000000e+03  2.44300229e-08  2.00000000e+03  7.76277269e-09 
 2.09425710e+03  2.44290159e-08  2.09425710e+03  7.76248738e-09 
 2.19295639e+03  2.44280389e-08  2.19295639e+03  7.76221496e-09 
 2.29630724e+03  2.44270892e-08  2.29630724e+03  7.76195486e-09 
 2.40452887e+03  2.44261638e-08  2.40452887e+03  7.76170652e-09 
 2.51785082e+03  2.44252599e-08  2.51785082e+03  7.76146943e-09 
 2.63651348e+03  2.44243746e-08  2.63651348e+03  7.76124308e-09 
 2.76076853e+03  2.44235050e-08  2.76076853e+03  7.76102700e-09 
 2.89087954e+03  2.44226480e-08  2.89087954e+03  7.76082074e-09 
 3.02712250e+03  2.44218005e-08  3.02712250e+03  7.76062386e-09 
 3.16978638e+03  2.44209592e-08  3.16978638e+03  7.76043596e-09 
 3.31917381e+03  2.44201208e-08  3.31917381e+03  7.76025664e-09 
 3.47560166e+03  2.44192819e-08  3.47560166e+03  7.76008552e-09 
 3.63940172e+03  2.44184386e-08  3.63940172e+03  7.75992226e-09 
 3.81092144e+03  2.44175873e-08  3.81092144e+03  7.75976651e-09 
 3.99052463e+03  2.44167237e-08  3.99052463e+03  7.75961795e-09 
 4.17859226e+03  2.44158437e-08  4.17859226e+03  7.75947627e-09 
 4.37552325e+03  2.44149425e-08  4.37552325e+03  7.75934119e-09 
 4.58173531e+03  2.44140154e-08  4.58173531e+03  7.75921243e-09 
 4.79766584e+03  2.44130570e-08  4.79766584e+03  7.75908973e-09 
 5.02377286e+03  2.44120617e-08  5.02377286e+03  7.75897284e-09 
 5.26053598e+03  2.44110235e-08  5.26053598e+03  7.75886153e-09 
 5.50845741e+03  2.44099359e-08  5.50845741e+03  7.75875558e-09 
 5.76806301e+03  2.44087918e-08  5.76806301e+03  7.75865478e-09 
 6.03990344e+03  2.44075837e-08  6.03990344e+03  7.75855893e-09 
 6.32455532e+03  2.44063033e-08  6.32455532e+03  7.75846786e-09 
 6.62262243e+03  2.44049416e-08  6.62262243e+03  7.75838140e-09 
 6.93473701e+03  2.44034889e-08  6.93473701e+03  7.75829938e-09 
 7.26156110e+03  2.44019348e-08  7.26156110e+03  7.75822165e-09 
 7.60378793e+03  2.44002677e-08  7.60378793e+03  7.75814810e-09 
 7.96214341e+03  2.43984752e-08  7.96214341e+03  7.75807858e-09 
 8.33738767e+03  2.43965435e-08  8.33738767e+03  7.75801299e-09 
 8.73031664e+03  2.43944579e-08  8.73031664e+03  7.75795124e-09 
 9.14176379e+03  2.43922021e-08  9.14176379e+03  7.75789322e-09 
 9.57260185e+03  2.43897585e-08  9.57260185e+03  7.75783888e-09 
 1.00237447e+04  2.43871078e-08  1.00237447e+04  7.75778814e-09 
 1.04961492e+04  2.43842289e-08  1.04961492e+04  7.75774095e-09 
 1.09908175e+04  2.43810987e-08  1.09908175e+04  7.75769728e-09 
 1.15087987e+04  2.43776921e-08  1.15087987e+04  7.75765710e-09 
 1.20511917e+04  2.43739816e-08  1.20511917e+04  7.75762040e-09 
 1.26191469e+04  2.43699372e-08  1.26191469e+04  7.75758720e-09 
 1.32138690e+04  2.43655260e-08  1.32138690e+04  7.75755750e-09 
 1.38366194e+04  2.43607121e-08  1.38366194e+04  7.75753135e-09 
 1.44887192e+04  2.43554565e-08  1.44887192e+04  7.75750879e-09 
 1.51715515e+04  2.43497161e-08  1.51715515e+04  7.75748991e-09 
 1.58865647e+04  2.43434444e-08  1.58865647e+04  7.75747478e-09 
 1.66352754e+04  2.43365900e-08  1.66352754e+04  7.75746353e-09 
 1.74192718e+04  2.43290973e-08  1.74192718e+04  7.75745629e-09 
 1.82402168e+04  2.43209053e-08  1.82402168e+04  7.75745321e-09 
 1.90998517e+04  2.43119475e-08  1.90998517e+04  7.75745448e-09 
 2.00000000e+04  2.43021513e-08  2.00000000e+04  7.75746030e-09 
