 2.00000000e+01  6.10716384e+01 
 2.24403691e+01  6.14486896e+01 
 2.51785082e+01  6.18809606e+01 
 2.82507509e+01  6.23700393e+01 
 3.16978638e+01  6.29160305e+01 
 3.55655882e+01  6.35175265e+01 
 3.99052463e+01  6.41717272e+01 
 4.47744228e+01  6.48746837e+01 
 5.02377286e+01  6.56216156e+01 
 5.63676586e+01  6.64072450e+01 
 6.32455532e+01  6.72260995e+01 
 7.09626778e+01  6.80727508e+01 
 7.96214341e+01  6.89419760e+01 
 8.93367184e+01  6.98288423e+01 
 1.00237447e+02  7.07287258e+01 
 1.12468265e+02  7.16372789e+01 
 1.26191469e+02  7.25503616e+01 
 1.41589157e+02  7.34639487e+01 
 1.58865647e+02  7.43740266e+01 
 1.78250188e+02  7.52764871e+01 
 2.00000000e+02  7.61670303e+01 
 2.24403691e+02  7.70410863e+01 
 2.51785082e+02  7.78937686e+01 
 2.82507509e+02  7.87198741e+01 
 3.16978638e+02  7.95139440e+01 
 3.55655882e+02  8.02703976e+01 
 3.99052463e+02  8.09837441e+01 
 4.47744228e+02  8.16488622e+01 
 5.02377286e+02  8.22613216e+01 
 5.63676586e+02  8.28177006e+01 
 6.32455532e+02  8.33158443e+01 
 7.09626778e+02  8.37550093e+01 
 7.96214341e+02  8.41358607e+01 
 8.93367184e+02  8.44603137e+01 
 1.00237447e+03  8.47312479e+01 
 1.12468265e+03  8.49521411e+01 
 1.26191469e+03  8.51266790e+01 
 1.41589157e+03  8.52583890e+01 
 1.58865647e+03  8.53503291e+01 
 1.78250188e+03  8.54048493e+01 
 2.00000000e+03  8.54234250e+01 
 2.24403691e+03  8.54065595e+01 
 2.51785082e+03  8.53537480e+01 
 2.82507509e+03  8.52635013e+01 
 3.16978638e+03  8.51334315e+01 
 3.55655882e+03  8.49604039e+01 
 3.99052463e+03  8.47407614e+01 
 4.47744228e+03  8.44706193e+01 
 5.02377286e+03  8.41462164e+01 
 5.63676586e+03  8.37642934e+01 
 6.32455532e+03  8.33224483e+01 
 7.09626778e+03  8.28194153e+01 
 7.96214341e+03  8.22552155e+01 
 8.93367184e+03  8.16311496e+01 
 1.00237447e+04  8.09496354e+01 
 1.12468265e+04  8.02139199e+01 
 1.26191469e+04  7.94277206e+01 
 1.41589157e+04  7.85948500e+01 
 1.58865647e+04  7.77188722e+01 
 1.78250188e+04  7.68028218e+01 
 2.00000000e+04  7.58489999e+01 
 2.24403691e+04  7.48588500e+01 
 2.51785082e+04  7.38329114e+01 
 2.82507509e+04  7.27708483e+01 
 3.16978638e+04  7.16715546e+01 
 3.55655882e+04  7.05333393e+01 
 3.99052463e+04  6.93541938e+01 
 4.47744228e+04  6.81321390e+01 
 5.02377286e+04  6.68656362e+01 
 5.63676586e+04  6.55540272e+01 
 6.32455532e+04  6.41979508e+01 
 7.09626778e+04  6.27996738e+01 
 7.96214341e+04  6.13632751e+01 
 8.93367184e+04  5.98946390e+01 
 1.00237447e+05  5.84012449e+01 
 1.12468265e+05  5.68917704e+01 
 1.26191469e+05  5.53755481e+01 
 1.41589157e+05  5.38619331e+01 
 1.58865647e+05  5.23596441e+01 
 1.78250188e+05  5.08761394e+01 
 2.00000000e+05  4.94170905e+01 
