 2.00000000e+01  7.17310076e+01 
 2.24403691e+01  7.16948598e+01 
 2.51785082e+01  7.16493857e+01 
 2.82507509e+01  7.15924995e+01 
 3.16978638e+01  7.15216873e+01 
 3.55655882e+01  7.14339639e+01 
 3.99052463e+01  7.13258429e+01 
 4.47744228e+01  7.11933337e+01 
 5.02377286e+01  7.10319798e+01 
 5.63676586e+01  7.08369516e+01 
 6.32455532e+01  7.06032098e+01 
 7.09626778e+01  7.03257413e+01 
 7.96214341e+01  6.99998631e+01 
 8.93367184e+01  6.96215645e+01 
 1.00237447e+02  6.91878484e+01 
 1.12468265e+02  6.86970122e+01 
 1.26191469e+02  6.81488188e+01 
 1.41589157e+02  6.75445212e+01 
 1.58865647e+02  6.68867357e+01 
 1.78250188e+02  6.61791909e+01 
 2.00000000e+02  6.54263997e+01 
 2.24403691e+02  6.46333119e+01 
 2.51785082e+02  6.38049952e+01 
 2.82507509e+02  6.29463760e+01 
 3.16978638e+02  6.20620543e+01 
 3.55655882e+02  6.11561890e+01 
 3.99052463e+02  6.02324457e+01 
 4.47744228e+02  5.92939889e+01 
 5.02377286e+02  5.83435054e+01 
 5.63676586e+02  5.73832464e+01 
 6.32455532e+02  5.64150780e+01 
 7.09626778e+02  5.54405339e+01 
 7.96214341e+02  5.44608659e+01 
 8.93367184e+02  5.34770903e+01 
 1.00237447e+03  5.24900289e+01 
 1.12468265e+03  5.15003436e+01 
 1.26191469e+03  5.05085665e+01 
 1.41589157e+03  4.95151247e+01 
 1.58865647e+03  4.85203606e+01 
 1.78250188e+03  4.75245485e+01 
 2.00000000e+03  4.65279088e+01 
 2.24403691e+03  4.55306186e+01 
 2.51785082e+03  4.45328212e+01 
 2.82507509e+03  4.35346331e+01 
 3.16978638e+03  4.25361504e+01 
 3.55655882e+03  4.15374536e+01 
 3.99052463e+03  4.05386119e+01 
 4.47744228e+03  3.95396868e+01 
 5.02377286e+03  3.85407356e+01 
 5.63676586e+03  3.75418139e+01 
 6.32455532e+03  3.65429791e+01 
 7.09626778e+03  3.55442931e+01 
 7.96214341e+03  3.45458256e+01 
 8.93367184e+03  3.35476580e+01 
 1.00237447e+04  3.25498873e+01 
 1.12468265e+04  3.15526315e+01 
 1.26191469e+04  3.05560356e+01 
 1.41589157e+04  2.95602788e+01 
 1.58865647e+04  2.85655840e+01 
 1.78250188e+04  2.75722291e+01 
 2.00000000e+04  2.65805602e+01 
 2.24403691e+04  2.55910090e+01 
 2.51785082e+04  2.46041130e+01 
 2.82507509e+04  2.36205403e+01 
 3.16978638e+04  2.26411192e+01 
 3.55655882e+04  2.16668724e+01 
 3.99052463e+04  2.06990572e+01 
 4.47744228e+04  1.97392103e+01 
 5.02377286e+04  1.87891952e+01 
 5.63676586e+04  1.78512512e+01 
 6.32455532e+04  1.69280371e+01 
 7.09626778e+04  1.60226633e+01 
 7.96214341e+04  1.51387019e+01 
 8.93367184e+04  1.42801602e+01 
 1.00237447e+05  1.34514034e+01 
 1.12468265e+05  1.26570101e+01 
 1.26191469e+05  1.19015525e+01 
 1.41589157e+05  1.11892999e+01 
 1.58865647e+05  1.05238633e+01 
 1.78250188e+05  9.90781739e+00 
 2.00000000e+05  9.34234901e+00 
