 2.00000000e+01  3.21327629e-08  2.00000000e+01  1.02330744e-08 
 2.09425710e+01  3.20642667e-08  2.09425710e+01  1.02109885e-08 
 2.19295639e+01  3.19987135e-08  2.19295639e+01  1.01898647e-08 
 2.29630724e+01  3.19359826e-08  2.29630724e+01  1.01696625e-08 
 2.40452887e+01  3.18759580e-08  2.40452887e+01  1.01503427e-08 
 2.51785082e+01  3.18185279e-08  2.51785082e+01  1.01318678e-08 
 2.63651348e+01  3.17635847e-08  2.63651348e+01  1.01142018e-08 
 2.76076853e+01  3.17110247e-08  2.76076853e+01  1.00973103e-08 
 2.89087954e+01  3.16607485e-08  2.89087954e+01  1.00811600e-08 
 3.02712250e+01  3.16126602e-08  3.02712250e+01  1.00657193e-08 
 3.16978638e+01  3.15666679e-08  3.16978638e+01  1.00509575e-08 
 3.31917381e+01  3.15226830e-08  3.31917381e+01  1.00368456e-08 
 3.47560166e+01  3.14806207e-08  3.47560166e+01  1.00233554e-08 
 3.63940172e+01  3.14403993e-08  3.63940172e+01  1.00104602e-08 
 3.81092144e+01  3.14019405e-08  3.81092144e+01  9.99813419e-09 
 3.99052463e+01  3.13651691e-08  3.99052463e+01  9.98635270e-09 
 4.17859226e+01  3.13300129e-08  4.17859226e+01  9.97509210e-09 
 4.37552325e+01  3.12964027e-08  4.37552325e+01  9.96432975e-09 
 4.58173531e+01  3.12642719e-08  4.58173531e+01  9.95404396e-09 
 4.79766584e+01  3.12335571e-08  4.79766584e+01  9.94421395e-09 
 5.02377286e+01  3.12041969e-08  5.02377286e+01  9.93481982e-09 
 5.26053598e+01  3.11761330e-08  5.26053598e+01  9.92584253e-09 
 5.50845741e+01  3.11493090e-08  5.50845741e+01  9.91726382e-09 
 5.76806301e+01  3.11236713e-08  5.76806301e+01  9.90906622e-09 
 6.03990344e+01  3.10991683e-08  6.03990344e+01  9.90123302e-09 
 6.32455532e+01  3.10757506e-08  6.32455532e+01  9.89374821e-09 
 6.62262243e+01  3.10533709e-08  6.62262243e+01  9.88659647e-09 
 6.93473701e+01  3.10319838e-08  6.93473701e+01  9.87976314e-09 
 7.26156110e+01  3.10115459e-08  7.26156110e+01  9.87323419e-09 
 7.60378793e+01  3.09920157e-08  7.60378793e+01  9.86699620e-09 
 7.96214341e+01  3.09733534e-08  7.96214341e+01  9.86103632e-09 
 8.33738767e+01  3.09555210e-08  8.33738767e+01  9.85534226e-09 
 8.73031664e+01  3.09384818e-08  8.73031664e+01  9.84990228e-09 
 9.14176379e+01  3.09222011e-08  9.14176379e+01  9.84470513e-09 
 9.57260185e+01  3.09066454e-08  9.57260185e+01  9.83974005e-09 
 1.00237447e+02  3.08917828e-08  1.00237447e+02  9.83499676e-09 
 1.04961492e+02  3.08775827e-08  1.04961492e+02  9.83046543e-09 
 1.09908175e+02  3.08640158e-08  1.09908175e+02  9.82613664e-09 
 1.15087987e+02  3.08510542e-08  1.15087987e+02  9.82200141e-09 
 1.20511917e+02  3.08386710e-08  1.20511917e+02  9.81805113e-09 
 1.26191469e+02  3.08268406e-08  1.26191469e+02  9.81427758e-09 
 1.32138690e+02  3.08155386e-08  1.32138690e+02  9.81067290e-09 
 1.38366194e+02  3.08047415e-08  1.38366194e+02  9.80722958e-09 
 1.44887192e+02  3.07944269e-08  1.44887192e+02  9.80394042e-09 
 1.51715515e+02  3.07845733e-08  1.51715515e+02  9.80079856e-09 
 1.58865647e+02  3.07751604e-08  1.58865647e+02  9.79779744e-09 
 1.66352754e+02  3.07661684e-08  1.66352754e+02  9.79493078e-09 
 1.74192718e+02  3.07575787e-08  1.74192718e+02  9.79219258e-09 
 1.82402168e+02  3.07493733e-08  1.82402168e+02  9.78957710e-09 
 1.90998517e+02  3.07415352e-08  1.90998517e+02  9.78707888e-09 
 2.00000000e+02  3.07340478e-08  2.00000000e+02  9.78469267e-09 
 2.09425710e+02  3.07268957e-08  2.09425710e+02  9.78241348e-09 
 2.19295639e+02  3.07200638e-08  2.19295639e+02  9.78023650e-09 
 2.29630724e+02  3.07135379e-08  2.29630724e+02  9.77815719e-09 
 2.40452887e+02  3.07073042e-08  2.40452887e+02  9.77617117e-09 
 2.51785082e+02  3.07013497e-08  2.51785082e+02  9.77427426e-09 
 2.63651348e+02  3.06956619e-08  2.63651348e+02  9.77246248e-09 
 2.76076853e+02  3.06902288e-08  2.76076853e+02  9.77073203e-09 
 2.89087954e+02  3.06850391e-08  2.89087954e+02  9.76907925e-09 
 3.02712250e+02  3.06800818e-08  3.02712250e+02  9.76750068e-09 
 3.16978638e+02  3.06753465e-08  3.16978638e+02  9.76599298e-09 
 3.31917381e+02  3.06708233e-08  3.31917381e+02  9.76455299e-09 
 3.47560166e+02  3.06665026e-08  3.47560166e+02  9.76317767e-09 
 3.63940172e+02  3.06623752e-08  3.63940172e+02  9.76186412e-09 
 3.81092144e+02  3.06584326e-08  3.81092144e+02  9.76060957e-09 
 3.99052463e+02  3.06546663e-08  3.99052463e+02  9.75941139e-09 
 4.17859226e+02  3.06510684e-08  4.17859226e+02  9.75826703e-09 
 4.37552325e+02  3.06476313e-08  4.37552325e+02  9.75717409e-09 
 4.58173531e+02  3.06443477e-08  4.58173531e+02  9.75613026e-09 
 4.79766584e+02  3.06412107e-08  4.79766584e+02  9.75513334e-09 
 5.02377286e+02  3.06382135e-08  5.02377286e+02  9.75418122e-09 
 5.26053598e+02  3.06353499e-08  5.26053598e+02  9.75327190e-09 
 5.50845741e+02  3.06326137e-08  5.50845741e+02  9.75240345e-09 
 5.76806301e+02  3.06299991e-08  5.76806301e+02  9.75157404e-09 
 6.03990344e+02  3.06275006e-08  6.03990344e+02  9.75078191e-09 
 6.32455532e+02  3.06251126e-08  6.32455532e+02  9.75002540e-09 
 6.62262243e+02  3.06228303e-08  6.62262243e+02  9.74930291e-09 
 6.93473701e+02  3.06206485e-08  6.93473701e+02  9.74861290e-09 
 7.26156110e+02  3.06185628e-08  7.26156110e+02  9.74795392e-09 
 7.60378793e+02  3.06165684e-08  7.60378793e+02  9.74732457e-09 
 7.96214341e+02  3.06146611e-08  7.96214341e+02  9.74672353e-09 
 8.33738767e+02  3.06128368e-08  8.33738767e+02  9.74614953e-09 
 8.73031664e+02  3.06110914e-08  8.73031664e+02  9.74560134e-09 
 9.14176379e+02  3.06094212e-08  9.14176379e+02  9.74507782e-09 
 9.57260185e+02  3.06078223e-08  9.57260185e+02  9.74457785e-09 
 1.00237447e+03  3.06062913e-08  1.00237447e+03  9.74410038e-09 
 1.04961492e+03  3.06048247e-08  1.04961492e+03  9.74364439e-09 
 1.09908175e+03  3.06034192e-08  1.09908175e+03  9.74320893e-09 
 1.15087987e+03  3.06020716e-08  1.15087987e+03  9.74279306e-09 
 1.20511917e+03  3.06007787e-08  1.20511917e+03  9.74239592e-09 
 1.26191469e+03  3.05995376e-08  1.26191469e+03  9.74201666e-09 
 1.32138690e+03  3.05983453e-08  1.32138690e+03  9.74165448e-09 
 1.38366194e+03  3.05971989e-08  1.38366194e+03  9.74130862e-09 
 1.44887192e+03  3.05960956e-08  1.44887192e+03  9.74097833e-09 
 1.51715515e+03  3.05950327e-08  1.51715515e+03  9.74066293e-09 
 1.58865647e+03  3.05940075e-08  1.58865647e+03  9.74036175e-09 
 1.66352754e+03  3.05930172e-08  1.66352754e+03  9.74007415e-09 
 1.74192718e+03  3.05920593e-08  1.74192718e+03  9.73979952e-09 
 1.82402168e+03  3.05911311e-08  1.82402168e+03  9.73953728e-09 
 1.90998517e+03  3.05902300e-08  1.90998517e+03  9.73928688e-09 
 2.00000000e+03  3.05893533e-08  2.00000000e+03  9.73904779e-09 
 2.09425710e+03  3.05884984e-08  2.09425710e+03  9.73881951e-09 
 2.19295639e+03  3.05876627e-08  2.19295639e+03  9.73860156e-09 
 2.29630724e+03  3.05868434e-08  2.29630724e+03  9.73839347e-09 
 2.40452887e+03  3.05860377e-08  2.40452887e+03  9.73819481e-09 
 2.51785082e+03  3.05852427e-08  2.51785082e+03  9.73800516e-09 
 2.63651348e+03  3.05844556e-08  2.63651348e+03  9.73782412e-09 
 2.76076853e+03  3.05836733e-08  2.76076853e+03  9.73765131e-09 
 2.89087954e+03  3.05828925e-08  2.89087954e+03  9.73748637e-09 
 3.02712250e+03  3.05821101e-08  3.02712250e+03  9.73732896e-09 
 3.16978638e+03  3.05813225e-08  3.16978638e+03  9.73717875e-09 
 3.31917381e+03  3.05805261e-08  3.31917381e+03  9.73703542e-09 
 3.47560166e+03  3.05797169e-08  3.47560166e+03  9.73689867e-09 
 3.63940172e+03  3.05788910e-08  3.63940172e+03  9.73676823e-09 
 3.81092144e+03  3.05780438e-08  3.81092144e+03  9.73664382e-09 
 3.99052463e+03  3.05771708e-08  3.99052463e+03  9.73652520e-09 
 4.17859226e+03  3.05762669e-08  4.17859226e+03  9.73641210e-09 
 4.37552325e+03  3.05753269e-08  4.37552325e+03  9.73630432e-09 
 4.58173531e+03  3.05743448e-08  4.58173531e+03  9.73620162e-09 
 4.79766584e+03  3.05733144e-08  4.79766584e+03  9.73610380e-09 
 5.02377286e+03  3.05722291e-08  5.02377286e+03  9.73601067e-09 
 5.26053598e+03  3.05710815e-08  5.26053598e+03  9.73592205e-09 
 5.50845741e+03  3.05698638e-08  5.50845741e+03  9.73583776e-09 
 5.76806301e+03  3.05685673e-08  5.76806301e+03  9.73575764e-09 
 6.03990344e+03  3.05671828e-08  6.03990344e+03  9.73568153e-09 
 6.32455532e+03  3.05657000e-08  6.32455532e+03  9.73560931e-09 
 6.62262243e+03  3.05641081e-08  6.62262243e+03  9.73554083e-09 
 6.93473701e+03  3.05623950e-08  6.93473701e+03  9.73547598e-09 
 7.26156110e+03  3.05605476e-08  7.26156110e+03  9.73541464e-09 
 7.60378793e+03  3.05585516e-08  7.60378793e+03  9.73535672e-09 
 7.96214341e+03  3.05563914e-08  7.96214341e+03  9.73530213e-09 
 8.33738767e+03  3.05540500e-08  8.33738767e+03  9.73525078e-09 
 8.73031664e+03  3.05515087e-08  8.73031664e+03  9.73520260e-09 
 9.14176379e+03  3.05487474e-08  9.14176379e+03  9.73515754e-09 
 9.57260185e+03  3.05457438e-08  9.57260185e+03  9.73511554e-09 
 1.00237447e+04  3.05424736e-08  1.00237447e+04  9.73507657e-09 
 1.04961492e+04  3.05389103e-08  1.04961492e+04  9.73504061e-09 
 1.09908175e+04  3.05350250e-08  1.09908175e+04  9.73500763e-09 
 1.15087987e+04  3.05307858e-08  1.15087987e+04  9.73497764e-09 
 1.20511917e+04  3.05261582e-08  1.20511917e+04  9.73495064e-09 
 1.26191469e+04  3.05211042e-08  1.26191469e+04  9.73492666e-09 
 1.32138690e+04  3.05155825e-08  1.32138690e+04  9.73490574e-09 
 1.38366194e+04  3.05095476e-08  1.38366194e+04  9.73488792e-09 
 1.44887192e+04  3.05029501e-08  1.44887192e+04  9.73487329e-09 
 1.51715515e+04  3.04957359e-08  1.51715515e+04  9.73486193e-09 
 1.58865647e+04  3.04878458e-08  1.58865647e+04  9.73485393e-09 
 1.66352754e+04  3.04792152e-08  1.66352754e+04  9.73484944e-09 
 1.74192718e+04  3.04697735e-08  1.74192718e+04  9.73484858e-09 
 1.82402168e+04  3.04594437e-08  1.82402168e+04  9.73485153e-09 
 1.90998517e+04  3.04481415e-08  1.90998517e+04  9.73485848e-09 
 2.00000000e+04  3.04357752e-08  2.00000000e+04  9.73486965e-09 
