 2.00000000e+01  8.99974202e-09  2.00000000e+01  9.00969754e-09 
 2.09425710e+01  8.97199959e-09  2.09425710e+01  8.98168503e-09 
 2.19295639e+01  8.94555812e-09  2.19295639e+01  8.95499732e-09 
 2.29630724e+01  8.92035507e-09  2.29630724e+01  8.92956966e-09 
 2.40452887e+01  8.89633097e-09  2.40452887e+01  8.90534061e-09 
 2.51785082e+01  8.87342928e-09  2.51785082e+01  8.88225186e-09 
 2.63651348e+01  8.85159629e-09  2.63651348e+01  8.86024805e-09 
 2.76076853e+01  8.83078091e-09  2.76076853e+01  8.83927664e-09 
 2.89087954e+01  8.81093459e-09  2.89087954e+01  8.81928773e-09 
 3.02712250e+01  8.79201115e-09  3.02712250e+01  8.80023394e-09 
 3.16978638e+01  8.77396668e-09  3.16978638e+01  8.78207028e-09 
 3.31917381e+01  8.75675946e-09  3.31917381e+01  8.76475402e-09 
 3.47560166e+01  8.74034976e-09  3.47560166e+01  8.74824454e-09 
 3.63940172e+01  8.72469985e-09  3.63940172e+01  8.73250327e-09 
 3.81092144e+01  8.70977380e-09  3.81092144e+01  8.71749355e-09 
 3.99052463e+01  8.69553744e-09  3.99052463e+01  8.70318054e-09 
 4.17859226e+01  8.68195828e-09  4.17859226e+01  8.68953112e-09 
 4.37552325e+01  8.66900538e-09  4.37552325e+01  8.67651381e-09 
 4.58173531e+01  8.65664933e-09  4.58173531e+01  8.66409868e-09 
 4.79766584e+01  8.64486212e-09  4.79766584e+01  8.65225725e-09 
 5.02377286e+01  8.63361710e-09  5.02377286e+01  8.64096246e-09 
 5.26053598e+01  8.62288889e-09  5.26053598e+01  8.63018854e-09 
 5.50845741e+01  8.61265336e-09  5.50845741e+01  8.61991102e-09 
 5.76806301e+01  8.60288750e-09  5.76806301e+01  8.61010657e-09 
 6.03990344e+01  8.59356943e-09  6.03990344e+01  8.60075301e-09 
 6.32455532e+01  8.58467830e-09  6.32455532e+01  8.59182925e-09 
 6.62262243e+01  8.57619428e-09  6.62262243e+01  8.58331518e-09 
 6.93473701e+01  8.56809844e-09  6.93473701e+01  8.57519169e-09 
 7.26156110e+01  8.56037279e-09  7.26156110e+01  8.56744057e-09 
 7.60378793e+01  8.55300017e-09  7.60378793e+01  8.56004448e-09 
 7.96214341e+01  8.54596425e-09  7.96214341e+01  8.55298692e-09 
 8.33738767e+01  8.53924947e-09  8.33738767e+01  8.54625217e-09 
 8.73031664e+01  8.53284097e-09  8.73031664e+01  8.53982526e-09 
 9.14176379e+01  8.52672465e-09  9.14176379e+01  8.53369193e-09 
 9.57260185e+01  8.52088702e-09  9.57260185e+01  8.52783860e-09 
 1.00237447e+02  8.51531526e-09  1.00237447e+02  8.52225232e-09 
 1.04961492e+02  8.50999713e-09  1.04961492e+02  8.51692076e-09 
 1.09908175e+02  8.50492097e-09  1.09908175e+02  8.51183218e-09 
 1.15087987e+02  8.50007566e-09  1.15087987e+02  8.50697538e-09 
 1.20511917e+02  8.49545062e-09  1.20511917e+02  8.50233969e-09 
 1.26191469e+02  8.49103573e-09  1.26191469e+02  8.49791495e-09 
 1.32138690e+02  8.48682138e-09  1.32138690e+02  8.49369145e-09 
 1.38366194e+02  8.48279837e-09  1.38366194e+02  8.48965995e-09 
 1.44887192e+02  8.47895795e-09  1.44887192e+02  8.48581166e-09 
 1.51715515e+02  8.47529177e-09  1.51715515e+02  8.48213817e-09 
 1.58865647e+02  8.47179187e-09  1.58865647e+02  8.47863148e-09 
 1.66352754e+02  8.46845065e-09  1.66352754e+02  8.47528394e-09 
 1.74192718e+02  8.46526088e-09  1.74192718e+02  8.47208829e-09 
 1.82402168e+02  8.46221564e-09  1.82402168e+02  8.46903757e-09 
 1.90998517e+02  8.45930834e-09  1.90998517e+02  8.46612517e-09 
 2.00000000e+02  8.45653270e-09  2.00000000e+02  8.46334478e-09 
 2.09425710e+02  8.45388272e-09  2.09425710e+02  8.46069036e-09 
 2.19295639e+02  8.45135269e-09  2.19295639e+02  8.45815618e-09 
 2.29630724e+02  8.44893713e-09  2.29630724e+02  8.45573676e-09 
 2.40452887e+02  8.44663086e-09  2.40452887e+02  8.45342686e-09 
 2.51785082e+02  8.44442889e-09  2.51785082e+02  8.45122150e-09 
 2.63651348e+02  8.44232650e-09  2.63651348e+02  8.44911593e-09 
 2.76076853e+02  8.44031915e-09  2.76076853e+02  8.44710560e-09 
 2.89087954e+02  8.43840253e-09  2.89087954e+02  8.44518619e-09 
 3.02712250e+02  8.43657252e-09  3.02712250e+02  8.44335355e-09 
 3.16978638e+02  8.43482520e-09  3.16978638e+02  8.44160376e-09 
 3.31917381e+02  8.43315681e-09  3.31917381e+02  8.43993304e-09 
 3.47560166e+02  8.43156377e-09  3.47560166e+02  8.43833780e-09 
 3.63940172e+02  8.43004267e-09  3.63940172e+02  8.43681462e-09 
 3.81092144e+02  8.42859025e-09  3.81092144e+02  8.43536023e-09 
 3.99052463e+02  8.42720339e-09  3.99052463e+02  8.43397151e-09 
 4.17859226e+02  8.42587913e-09  4.17859226e+02  8.43264547e-09 
 4.37552325e+02  8.42461462e-09  4.37552325e+02  8.43137928e-09 
 4.58173531e+02  8.42340717e-09  4.58173531e+02  8.43017022e-09 
 4.79766584e+02  8.42225419e-09  4.79766584e+02  8.42901570e-09 
 5.02377286e+02  8.42115322e-09  5.02377286e+02  8.42791324e-09 
 5.26053598e+02  8.42010189e-09  5.26053598e+02  8.42686049e-09 
 5.50845741e+02  8.41909797e-09  5.50845741e+02  8.42585519e-09 
 5.76806301e+02  8.41813931e-09  5.76806301e+02  8.42489520e-09 
 6.03990344e+02  8.41722386e-09  6.03990344e+02  8.42397844e-09 
 6.32455532e+02  8.41634967e-09  6.32455532e+02  8.42310298e-09 
 6.62262243e+02  8.41551486e-09  6.62262243e+02  8.42226692e-09 
 6.93473701e+02  8.41471766e-09  6.93473701e+02  8.42146848e-09 
 7.26156110e+02  8.41395636e-09  7.26156110e+02  8.42070596e-09 
 7.60378793e+02  8.41322934e-09  7.60378793e+02  8.41997772e-09 
 7.96214341e+02  8.41253505e-09  7.96214341e+02  8.41928220e-09 
 8.33738767e+02  8.41187200e-09  8.33738767e+02  8.41861792e-09 
 8.73031664e+02  8.41123878e-09  8.73031664e+02  8.41798345e-09 
 9.14176379e+02  8.41063404e-09  9.14176379e+02  8.41737743e-09 
 9.57260185e+02  8.41005648e-09  9.57260185e+02  8.41679856e-09 
 1.00237447e+03  8.40950488e-09  1.00237447e+03  8.41624561e-09 
 1.04961492e+03  8.40897805e-09  1.04961492e+03  8.41571738e-09 
 1.09908175e+03  8.40847488e-09  1.09908175e+03  8.41521274e-09 
 1.15087987e+03  8.40799427e-09  1.15087987e+03  8.41473061e-09 
 1.20511917e+03  8.40753521e-09  1.20511917e+03  8.41426994e-09 
 1.26191469e+03  8.40709672e-09  1.26191469e+03  8.41382975e-09 
 1.32138690e+03  8.40667785e-09  1.32138690e+03  8.41340907e-09 
 1.38366194e+03  8.40627771e-09  1.38366194e+03  8.41300702e-09 
 1.44887192e+03  8.40589544e-09  1.44887192e+03  8.41262270e-09 
 1.51715515e+03  8.40553021e-09  1.51715515e+03  8.41225528e-09 
 1.58865647e+03  8.40518126e-09  1.58865647e+03  8.41190397e-09 
 1.66352754e+03  8.40484781e-09  1.66352754e+03  8.41156798e-09 
 1.74192718e+03  8.40452916e-09  1.74192718e+03  8.41124659e-09 
 1.82402168e+03  8.40422461e-09  1.82402168e+03  8.41093909e-09 
 1.90998517e+03  8.40393351e-09  1.90998517e+03  8.41064478e-09 
 2.00000000e+03  8.40365522e-09  2.00000000e+03  8.41036302e-09 
 2.09425710e+03  8.40338914e-09  2.09425710e+03  8.41009317e-09 
 2.19295639e+03  8.40313468e-09  2.19295639e+03  8.40983461e-09 
 2.29630724e+03  8.40289130e-09  2.29630724e+03  8.40958675e-09 
 2.40452887e+03  8.40265844e-09  2.40452887e+03  8.40934903e-09 
 2.51785082e+03  8.40243560e-09  2.51785082e+03  8.40912088e-09 
 2.63651348e+03  8.40222228e-09  2.63651348e+03  8.40890177e-09 
 2.76076853e+03  8.40201800e-09  2.76076853e+03  8.40869117e-09 
 2.89087954e+03  8.40182230e-09  2.89087954e+03  8.40848856e-09 
 3.02712250e+03  8.40163473e-09  3.02712250e+03  8.40829344e-09 
 3.16978638e+03  8.40145486e-09  3.16978638e+03  8.40810531e-09 
 3.31917381e+03  8.40128228e-09  3.31917381e+03  8.40792369e-09 
 3.47560166e+03  8.40111657e-09  3.47560166e+03  8.40774810e-09 
 3.63940172e+03  8.40095733e-09  3.63940172e+03  8.40757805e-09 
 3.81092144e+03  8.40080419e-09  3.81092144e+03  8.40741307e-09 
 3.99052463e+03  8.40065677e-09  3.99052463e+03  8.40725268e-09 
 4.17859226e+03  8.40051468e-09  4.17859226e+03  8.40709640e-09 
 4.37552325e+03  8.40037758e-09  4.37552325e+03  8.40694375e-09 
 4.58173531e+03  8.40024509e-09  4.58173531e+03  8.40679422e-09 
 4.79766584e+03  8.40011686e-09  4.79766584e+03  8.40664733e-09 
 5.02377286e+03  8.39999253e-09  5.02377286e+03  8.40650256e-09 
 5.26053598e+03  8.39987175e-09  5.26053598e+03  8.40635937e-09 
 5.50845741e+03  8.39975416e-09  5.50845741e+03  8.40621722e-09 
 5.76806301e+03  8.39963939e-09  5.76806301e+03  8.40607555e-09 
 6.03990344e+03  8.39952709e-09  6.03990344e+03  8.40593376e-09 
 6.32455532e+03  8.39941688e-09  6.32455532e+03  8.40579123e-09 
 6.62262243e+03  8.39930838e-09  6.62262243e+03  8.40564731e-09 
 6.93473701e+03  8.39920121e-09  6.93473701e+03  8.40550131e-09 
 7.26156110e+03  8.39909495e-09  7.26156110e+03  8.40535249e-09 
 7.60378793e+03  8.39898919e-09  7.60378793e+03  8.40520009e-09 
 7.96214341e+03  8.39888351e-09  7.96214341e+03  8.40504327e-09 
 8.33738767e+03  8.39877743e-09  8.33738767e+03  8.40488114e-09 
 8.73031664e+03  8.39867048e-09  8.73031664e+03  8.40471276e-09 
 9.14176379e+03  8.39856217e-09  9.14176379e+03  8.40453711e-09 
 9.57260185e+03  8.39845195e-09  9.57260185e+03  8.40435307e-09 
 1.00237447e+04  8.39833926e-09  1.00237447e+04  8.40415947e-09 
 1.04961492e+04  8.39822350e-09  1.04961492e+04  8.40395501e-09 
 1.09908175e+04  8.39810401e-09  1.09908175e+04  8.40373831e-09 
 1.15087987e+04  8.39798012e-09  1.15087987e+04  8.40350787e-09 
 1.20511917e+04  8.39785107e-09  1.20511917e+04  8.40326203e-09 
 1.26191469e+04  8.39771607e-09  1.26191469e+04  8.40299903e-09 
 1.32138690e+04  8.39757426e-09  1.32138690e+04  8.40271692e-09 
 1.38366194e+04  8.39742471e-09  1.38366194e+04  8.40241362e-09 
 1.44887192e+04  8.39726640e-09  1.44887192e+04  8.40208681e-09 
 1.51715515e+04  8.39709826e-09  1.51715515e+04  8.40173402e-09 
 1.58865647e+04  8.39691910e-09  1.58865647e+04  8.40135251e-09 
 1.66352754e+04  8.39672763e-09  1.66352754e+04  8.40093932e-09 
 1.74192718e+04  8.39652245e-09  1.74192718e+04  8.40049121e-09 
 1.82402168e+04  8.39630207e-09  1.82402168e+04  8.40000465e-09 
 1.90998517e+04  8.39606481e-09  1.90998517e+04  8.39947580e-09 
 2.00000000e+04  8.39580889e-09  2.00000000e+04  8.39890045e-09 
