-1.40000000e+01 -1.40015516e+01 -1.40000000e+01  2.27475291e+01 -1.40000000e+01  2.27479177e+01 -1.40000000e+01 -1.32060175e+01 -1.40000000e+01 -1.48136064e+01 
-1.39500000e+01 -1.39524661e+01 -1.39500000e+01  2.27144787e+01 -1.39500000e+01  2.27151186e+01 -1.39500000e+01 -1.31255757e+01 -1.39500000e+01 -1.47959680e+01 
-1.39000000e+01 -1.39036739e+01 -1.39000000e+01  2.26870797e+01 -1.39000000e+01  2.26880582e+01 -1.39000000e+01 -1.30523452e+01 -1.39000000e+01 -1.47716216e+01 
-1.38500000e+01 -1.38550744e+01 -1.38500000e+01  2.26636101e+01 -1.38500000e+01  2.26649927e+01 -1.38500000e+01 -1.29849550e+01 -1.38500000e+01 -1.47417557e+01 
-1.38000000e+01 -1.38065476e+01 -1.38000000e+01  2.26417104e+01 -1.38000000e+01  2.26435314e+01 -1.38000000e+01 -1.29209678e+01 -1.38000000e+01 -1.47085942e+01 
-1.37500000e+01 -1.37580323e+01 -1.37500000e+01  2.26199866e+01 -1.37500000e+01  2.26222636e+01 -1.37500000e+01 -1.28588587e+01 -1.37500000e+01 -1.46735560e+01 
-1.37000000e+01 -1.37095142e+01 -1.37000000e+01  2.25978724e+01 -1.37000000e+01  2.26006185e+01 -1.37000000e+01 -1.27980203e+01 -1.37000000e+01 -1.46372270e+01 
-1.36500000e+01 -1.36609924e+01 -1.36500000e+01  2.25750273e+01 -1.36500000e+01  2.25782546e+01 -1.36500000e+01 -1.27380877e+01 -1.36500000e+01 -1.45999741e+01 
-1.36000000e+01 -1.36124715e+01 -1.36000000e+01  2.25511858e+01 -1.36000000e+01  2.25549068e+01 -1.36000000e+01 -1.26787933e+01 -1.36000000e+01 -1.45620773e+01 
-1.35500000e+01 -1.35639613e+01 -1.35500000e+01  2.25261173e+01 -1.35500000e+01  2.25303457e+01 -1.35500000e+01 -1.26199631e+01 -1.35500000e+01 -1.45237325e+01 
-1.35000000e+01 -1.35154753e+01 -1.35000000e+01  2.24995774e+01 -1.35000000e+01  2.25043299e+01 -1.35000000e+01 -1.25615052e+01 -1.35000000e+01 -1.44850595e+01 
-1.34500000e+01 -1.34670235e+01 -1.34500000e+01  2.24712611e+01 -1.34500000e+01  2.24765552e+01 -1.34500000e+01 -1.25034156e+01 -1.34500000e+01 -1.44460831e+01 
-1.34000000e+01 -1.34185942e+01 -1.34000000e+01  2.24407432e+01 -1.34000000e+01  2.24465905e+01 -1.34000000e+01 -1.24458030e+01 -1.34000000e+01 -1.44066695e+01 
-1.33500000e+01 -1.33701223e+01 -1.33500000e+01  2.24074044e+01 -1.33500000e+01  2.24137917e+01 -1.33500000e+01 -1.23889380e+01 -1.33500000e+01 -1.43664154e+01 
-1.33000000e+01 -1.33214621e+01 -1.33000000e+01  2.23703998e+01 -1.33000000e+01  2.23772613e+01 -1.33000000e+01 -1.23332942e+01 -1.33000000e+01 -1.43245497e+01 
-1.32500000e+01 -1.32724273e+01 -1.32500000e+01  2.23289777e+01 -1.32500000e+01  2.23361811e+01 -1.32500000e+01 -1.22793953e+01 -1.32500000e+01 -1.42801690e+01 
-1.32000000e+01 -1.32229689e+01 -1.32000000e+01  2.22834914e+01 -1.32000000e+01  2.22908864e+01 -1.32000000e+01 -1.22272537e+01 -1.32000000e+01 -1.42331631e+01 
-1.31500000e+01 -1.31732292e+01 -1.31500000e+01  2.22355224e+01 -1.31500000e+01  2.22430088e+01 -1.31500000e+01 -1.21762045e+01 -1.31500000e+01 -1.41844899e+01 
-1.31000000e+01 -1.31233499e+01 -1.31000000e+01  2.21864501e+01 -1.31000000e+01  2.21939785e+01 -1.31000000e+01 -1.21256679e+01 -1.31000000e+01 -1.41350199e+01 
-1.30500000e+01 -1.30734146e+01 -1.30500000e+01  2.21369683e+01 -1.30500000e+01  2.21445189e+01 -1.30500000e+01 -1.20753353e+01 -1.30500000e+01 -1.40852327e+01 
-1.30000000e+01 -1.30234604e+01 -1.30000000e+01  2.20873504e+01 -1.30000000e+01  2.20949167e+01 -1.30000000e+01 -1.20250695e+01 -1.30000000e+01 -1.40353415e+01 
-1.29500000e+01 -1.29735014e+01 -1.29500000e+01  2.20376992e+01 -1.29500000e+01  2.20452793e+01 -1.29500000e+01 -1.19748198e+01 -1.29500000e+01 -1.39854259e+01 
-1.29000000e+01 -1.29235412e+01 -1.29000000e+01  2.19880389e+01 -1.29000000e+01  2.19956324e+01 -1.29000000e+01 -1.19245746e+01 -1.29000000e+01 -1.39355044e+01 
-1.28500000e+01 -1.28735802e+01 -1.28500000e+01  2.19383735e+01 -1.28500000e+01  2.19459802e+01 -1.28500000e+01 -1.18743324e+01 -1.28500000e+01 -1.38855799e+01 
-1.28000000e+01 -1.28236186e+01 -1.28000000e+01  2.18887033e+01 -1.28000000e+01  2.18963229e+01 -1.28000000e+01 -1.18240928e+01 -1.28000000e+01 -1.38356528e+01 
-1.27500000e+01 -1.27736564e+01 -1.27500000e+01  2.18390284e+01 -1.27500000e+01  2.18466608e+01 -1.27500000e+01 -1.17738560e+01 -1.27500000e+01 -1.37857231e+01 
-1.27000000e+01 -1.27236937e+01 -1.27000000e+01  2.17893489e+01 -1.27000000e+01  2.17969938e+01 -1.27000000e+01 -1.17236219e+01 -1.27000000e+01 -1.37357907e+01 
-1.26500000e+01 -1.26737304e+01 -1.26500000e+01  2.17396646e+01 -1.26500000e+01  2.17473218e+01 -1.26500000e+01 -1.16733905e+01 -1.26500000e+01 -1.36858557e+01 
-1.26000000e+01 -1.26237664e+01 -1.26000000e+01  2.16899756e+01 -1.26000000e+01  2.16976449e+01 -1.26000000e+01 -1.16231619e+01 -1.26000000e+01 -1.36359180e+01 
-1.25500000e+01 -1.25738019e+01 -1.25500000e+01  2.16402818e+01 -1.25500000e+01  2.16479631e+01 -1.25500000e+01 -1.15729360e+01 -1.25500000e+01 -1.35859775e+01 
-1.25000000e+01 -1.25238368e+01 -1.25000000e+01  2.15905833e+01 -1.25000000e+01  2.15982763e+01 -1.25000000e+01 -1.15227129e+01 -1.25000000e+01 -1.35360342e+01 
-1.24500000e+01 -1.24738710e+01 -1.24500000e+01  2.15408800e+01 -1.24500000e+01  2.15485844e+01 -1.24500000e+01 -1.14724926e+01 -1.24500000e+01 -1.34860881e+01 
-1.24000000e+01 -1.24239046e+01 -1.24000000e+01  2.14911718e+01 -1.24000000e+01  2.14988875e+01 -1.24000000e+01 -1.14222752e+01 -1.24000000e+01 -1.34361391e+01 
-1.23500000e+01 -1.23739376e+01 -1.23500000e+01  2.14414588e+01 -1.23500000e+01  2.14491855e+01 -1.23500000e+01 -1.13720605e+01 -1.23500000e+01 -1.33861871e+01 
-1.23000000e+01 -1.23239700e+01 -1.23000000e+01  2.13917409e+01 -1.23000000e+01  2.13994784e+01 -1.23000000e+01 -1.13218488e+01 -1.23000000e+01 -1.33362321e+01 
-1.22500000e+01 -1.22740017e+01 -1.22500000e+01  2.13420180e+01 -1.22500000e+01  2.13497661e+01 -1.22500000e+01 -1.12716399e+01 -1.22500000e+01 -1.32862740e+01 
-1.22000000e+01 -1.22240327e+01 -1.22000000e+01  2.12922901e+01 -1.22000000e+01  2.13000485e+01 -1.22000000e+01 -1.12214341e+01 -1.22000000e+01 -1.32363127e+01 
-1.21500000e+01 -1.21740631e+01 -1.21500000e+01  2.12425572e+01 -1.21500000e+01  2.12503257e+01 -1.21500000e+01 -1.11712312e+01 -1.21500000e+01 -1.31863482e+01 
-1.21000000e+01 -1.21240928e+01 -1.21000000e+01  2.11928191e+01 -1.21000000e+01  2.12005974e+01 -1.21000000e+01 -1.11210313e+01 -1.21000000e+01 -1.31363804e+01 
-1.20500000e+01 -1.20741218e+01 -1.20500000e+01  2.11430758e+01 -1.20500000e+01  2.11508637e+01 -1.20500000e+01 -1.10708345e+01 -1.20500000e+01 -1.30864092e+01 
-1.20000000e+01 -1.20241501e+01 -1.20000000e+01  2.10933272e+01 -1.20000000e+01  2.11011245e+01 -1.20000000e+01 -1.10206409e+01 -1.20000000e+01 -1.30364345e+01 
-1.19500000e+01 -1.19741777e+01 -1.19500000e+01  2.10435732e+01 -1.19500000e+01  2.10513797e+01 -1.19500000e+01 -1.09704504e+01 -1.19500000e+01 -1.29864562e+01 
-1.19000000e+01 -1.19242045e+01 -1.19000000e+01  2.09938138e+01 -1.19000000e+01  2.10016290e+01 -1.19000000e+01 -1.09202633e+01 -1.19000000e+01 -1.29364742e+01 
-1.18500000e+01 -1.18742306e+01 -1.18500000e+01  2.09440487e+01 -1.18500000e+01  2.09518726e+01 -1.18500000e+01 -1.08700795e+01 -1.18500000e+01 -1.28864883e+01 
-1.18000000e+01 -1.18242559e+01 -1.18000000e+01  2.08942779e+01 -1.18000000e+01  2.09021101e+01 -1.18000000e+01 -1.08198991e+01 -1.18000000e+01 -1.28364984e+01 
-1.17500000e+01 -1.17742804e+01 -1.17500000e+01  2.08445012e+01 -1.17500000e+01  2.08523414e+01 -1.17500000e+01 -1.07697222e+01 -1.17500000e+01 -1.27865045e+01 
-1.17000000e+01 -1.17243041e+01 -1.17000000e+01  2.07947184e+01 -1.17000000e+01  2.08025663e+01 -1.17000000e+01 -1.07195489e+01 -1.17000000e+01 -1.27365062e+01 
-1.16500000e+01 -1.16743269e+01 -1.16500000e+01  2.07449294e+01 -1.16500000e+01  2.07527847e+01 -1.16500000e+01 -1.06693794e+01 -1.16500000e+01 -1.26865034e+01 
-1.16000000e+01 -1.16243488e+01 -1.16000000e+01  2.06951339e+01 -1.16000000e+01  2.07029963e+01 -1.16000000e+01 -1.06192138e+01 -1.16000000e+01 -1.26364960e+01 
-1.15500000e+01 -1.15743698e+01 -1.15500000e+01  2.06453316e+01 -1.15500000e+01  2.06532008e+01 -1.15500000e+01 -1.05690522e+01 -1.15500000e+01 -1.25864836e+01 
-1.15000000e+01 -1.15243899e+01 -1.15000000e+01  2.05955222e+01 -1.15000000e+01  2.06033978e+01 -1.15000000e+01 -1.05188948e+01 -1.15000000e+01 -1.25364660e+01 
-1.14500000e+01 -1.14744089e+01 -1.14500000e+01  2.05457053e+01 -1.14500000e+01  2.05535870e+01 -1.14500000e+01 -1.04687418e+01 -1.14500000e+01 -1.24864428e+01 
-1.14000000e+01 -1.14244268e+01 -1.14000000e+01  2.04958804e+01 -1.14000000e+01  2.05037678e+01 -1.14000000e+01 -1.04185935e+01 -1.14000000e+01 -1.24364137e+01 
-1.13500000e+01 -1.13744436e+01 -1.13500000e+01  2.04460470e+01 -1.13500000e+01  2.04539397e+01 -1.13500000e+01 -1.03684502e+01 -1.13500000e+01 -1.23863781e+01 
-1.13000000e+01 -1.13244590e+01 -1.13000000e+01  2.03962043e+01 -1.13000000e+01  2.04041018e+01 -1.13000000e+01 -1.03183123e+01 -1.13000000e+01 -1.23363356e+01 
-1.12500000e+01 -1.12744732e+01 -1.12500000e+01  2.03463514e+01 -1.12500000e+01  2.03542532e+01 -1.12500000e+01 -1.02681802e+01 -1.12500000e+01 -1.22862852e+01 
-1.12000000e+01 -1.12244857e+01 -1.12000000e+01  2.02964872e+01 -1.12000000e+01  2.03043927e+01 -1.12000000e+01 -1.02180546e+01 -1.12000000e+01 -1.22362263e+01 
-1.11500000e+01 -1.11744967e+01 -1.11500000e+01  2.02466105e+01 -1.11500000e+01  2.02545193e+01 -1.11500000e+01 -1.01679359e+01 -1.11500000e+01 -1.21861580e+01 
-1.11000000e+01 -1.11245061e+01 -1.11000000e+01  2.01967223e+01 -1.11000000e+01  2.02046337e+01 -1.11000000e+01 -1.01178237e+01 -1.11000000e+01 -1.21360809e+01 
-1.10500000e+01 -1.10745147e+01 -1.10500000e+01  2.01468277e+01 -1.10500000e+01  2.01547415e+01 -1.10500000e+01 -1.00677153e+01 -1.10500000e+01 -1.20859993e+01 
-1.10000000e+01 -1.10245230e+01 -1.10000000e+01  2.00969313e+01 -1.10000000e+01  2.01048474e+01 -1.10000000e+01 -1.00176083e+01 -1.10000000e+01 -1.20359165e+01 
-1.09500000e+01 -1.09745312e+01 -1.09500000e+01  2.00470344e+01 -1.09500000e+01  2.00549527e+01 -1.09500000e+01 -9.96750214e+00 -1.09500000e+01 -1.19858336e+01 
-1.09000000e+01 -1.09245394e+01 -1.09000000e+01  1.99971374e+01 -1.09000000e+01  2.00050580e+01 -1.09000000e+01 -9.91739651e+00 -1.09000000e+01 -1.19357509e+01 
-1.08500000e+01 -1.08745475e+01 -1.08500000e+01  1.99472404e+01 -1.08500000e+01  1.99551632e+01 -1.08500000e+01 -9.86729139e+00 -1.08500000e+01 -1.18856685e+01 
-1.08000000e+01 -1.08245557e+01 -1.08000000e+01  1.98973434e+01 -1.08000000e+01  1.99052684e+01 -1.08000000e+01 -9.81718675e+00 -1.08000000e+01 -1.18355863e+01 
-1.07500000e+01 -1.07745638e+01 -1.07500000e+01  1.98474464e+01 -1.07500000e+01  1.98553736e+01 -1.07500000e+01 -9.76708260e+00 -1.07500000e+01 -1.17855045e+01 
-1.07000000e+01 -1.07245719e+01 -1.07000000e+01  1.97975495e+01 -1.07000000e+01  1.98054789e+01 -1.07000000e+01 -9.71697892e+00 -1.07000000e+01 -1.17354230e+01 
-1.06500000e+01 -1.06745800e+01 -1.06500000e+01  1.97476526e+01 -1.06500000e+01  1.97555841e+01 -1.06500000e+01 -9.66687571e+00 -1.06500000e+01 -1.16853418e+01 
-1.06000000e+01 -1.06245880e+01 -1.06000000e+01  1.96977557e+01 -1.06000000e+01  1.97056894e+01 -1.06000000e+01 -9.61677296e+00 -1.06000000e+01 -1.16352609e+01 
-1.05500000e+01 -1.05745961e+01 -1.05500000e+01  1.96478588e+01 -1.05500000e+01  1.96557947e+01 -1.05500000e+01 -9.56667068e+00 -1.05500000e+01 -1.15851802e+01 
-1.05000000e+01 -1.05246041e+01 -1.05000000e+01  1.95979619e+01 -1.05000000e+01  1.96059000e+01 -1.05000000e+01 -9.51656884e+00 -1.05000000e+01 -1.15350999e+01 
-1.04500000e+01 -1.04746121e+01 -1.04500000e+01  1.95480651e+01 -1.04500000e+01  1.95560053e+01 -1.04500000e+01 -9.46646746e+00 -1.04500000e+01 -1.14850198e+01 
-1.04000000e+01 -1.04246201e+01 -1.04000000e+01  1.94981683e+01 -1.04000000e+01  1.95061107e+01 -1.04000000e+01 -9.41636652e+00 -1.04000000e+01 -1.14349400e+01 
-1.03500000e+01 -1.03746281e+01 -1.03500000e+01  1.94482715e+01 -1.03500000e+01  1.94562161e+01 -1.03500000e+01 -9.36626602e+00 -1.03500000e+01 -1.13848605e+01 
-1.03000000e+01 -1.03246360e+01 -1.03000000e+01  1.93983747e+01 -1.03000000e+01  1.94063214e+01 -1.03000000e+01 -9.31616596e+00 -1.03000000e+01 -1.13347812e+01 
-1.02500000e+01 -1.02746440e+01 -1.02500000e+01  1.93484780e+01 -1.02500000e+01  1.93564268e+01 -1.02500000e+01 -9.26606632e+00 -1.02500000e+01 -1.12847023e+01 
-1.02000000e+01 -1.02246519e+01 -1.02000000e+01  1.92985813e+01 -1.02000000e+01  1.93065323e+01 -1.02000000e+01 -9.21596711e+00 -1.02000000e+01 -1.12346236e+01 
-1.01500000e+01 -1.01746598e+01 -1.01500000e+01  1.92486846e+01 -1.01500000e+01  1.92566377e+01 -1.01500000e+01 -9.16586832e+00 -1.01500000e+01 -1.11845452e+01 
-1.01000000e+01 -1.01246677e+01 -1.01000000e+01  1.91987879e+01 -1.01000000e+01  1.92067432e+01 -1.01000000e+01 -9.11576995e+00 -1.01000000e+01 -1.11344670e+01 
-1.00500000e+01 -1.00746756e+01 -1.00500000e+01  1.91488913e+01 -1.00500000e+01  1.91568486e+01 -1.00500000e+01 -9.06567199e+00 -1.00500000e+01 -1.10843891e+01 
-1.00000000e+01 -1.00246835e+01 -1.00000000e+01  1.90989947e+01 -1.00000000e+01  1.91069541e+01 -1.00000000e+01 -9.01557443e+00 -1.00000000e+01 -1.10343115e+01 
-9.95000000e+00 -9.97469131e+00 -9.95000000e+00  1.90490981e+01 -9.95000000e+00  1.90570597e+01 -9.95000000e+00 -8.96547728e+00 -9.95000000e+00 -1.09842341e+01 
-9.90000000e+00 -9.92469916e+00 -9.90000000e+00  1.89992015e+01 -9.90000000e+00  1.90071652e+01 -9.90000000e+00 -8.91538053e+00 -9.90000000e+00 -1.09341569e+01 
-9.85000000e+00 -9.87470698e+00 -9.85000000e+00  1.89493049e+01 -9.85000000e+00  1.89572708e+01 -9.85000000e+00 -8.86528417e+00 -9.85000000e+00 -1.08840801e+01 
-9.80000000e+00 -9.82471480e+00 -9.80000000e+00  1.88994084e+01 -9.80000000e+00  1.89073763e+01 -9.80000000e+00 -8.81518821e+00 -9.80000000e+00 -1.08340035e+01 
-9.75000000e+00 -9.77472260e+00 -9.75000000e+00  1.88495119e+01 -9.75000000e+00  1.88574819e+01 -9.75000000e+00 -8.76509263e+00 -9.75000000e+00 -1.07839271e+01 
-9.70000000e+00 -9.72473039e+00 -9.70000000e+00  1.87996155e+01 -9.70000000e+00  1.88075875e+01 -9.70000000e+00 -8.71499743e+00 -9.70000000e+00 -1.07338510e+01 
-9.65000000e+00 -9.67473816e+00 -9.65000000e+00  1.87497190e+01 -9.65000000e+00  1.87576932e+01 -9.65000000e+00 -8.66490261e+00 -9.65000000e+00 -1.06837751e+01 
-9.60000000e+00 -9.62474592e+00 -9.60000000e+00  1.86998226e+01 -9.60000000e+00  1.87077988e+01 -9.60000000e+00 -8.61480816e+00 -9.60000000e+00 -1.06336994e+01 
-9.55000000e+00 -9.57475367e+00 -9.55000000e+00  1.86499262e+01 -9.55000000e+00  1.86579045e+01 -9.55000000e+00 -8.56471409e+00 -9.55000000e+00 -1.05836240e+01 
-9.50000000e+00 -9.52476141e+00 -9.50000000e+00  1.86000298e+01 -9.50000000e+00  1.86080102e+01 -9.50000000e+00 -8.51462038e+00 -9.50000000e+00 -1.05335489e+01 
-9.45000000e+00 -9.47476914e+00 -9.45000000e+00  1.85501335e+01 -9.45000000e+00  1.85581159e+01 -9.45000000e+00 -8.46452704e+00 -9.45000000e+00 -1.04834740e+01 
-9.40000000e+00 -9.42477685e+00 -9.40000000e+00  1.85002372e+01 -9.40000000e+00  1.85082217e+01 -9.40000000e+00 -8.41443405e+00 -9.40000000e+00 -1.04333993e+01 
-9.35000000e+00 -9.37478456e+00 -9.35000000e+00  1.84503409e+01 -9.35000000e+00  1.84583274e+01 -9.35000000e+00 -8.36434143e+00 -9.35000000e+00 -1.03833248e+01 
-9.30000000e+00 -9.32479225e+00 -9.30000000e+00  1.84004446e+01 -9.30000000e+00  1.84084332e+01 -9.30000000e+00 -8.31424915e+00 -9.30000000e+00 -1.03332506e+01 
-9.25000000e+00 -9.27479993e+00 -9.25000000e+00  1.83505483e+01 -9.25000000e+00  1.83585390e+01 -9.25000000e+00 -8.26415722e+00 -9.25000000e+00 -1.02831766e+01 
-9.20000000e+00 -9.22480760e+00 -9.20000000e+00  1.83006521e+01 -9.20000000e+00  1.83086448e+01 -9.20000000e+00 -8.21406564e+00 -9.20000000e+00 -1.02331028e+01 
-9.15000000e+00 -9.17481525e+00 -9.15000000e+00  1.82507559e+01 -9.15000000e+00  1.82587507e+01 -9.15000000e+00 -8.16397440e+00 -9.15000000e+00 -1.01830292e+01 
-9.10000000e+00 -9.12482290e+00 -9.10000000e+00  1.82008598e+01 -9.10000000e+00  1.82088565e+01 -9.10000000e+00 -8.11388350e+00 -9.10000000e+00 -1.01329559e+01 
-9.05000000e+00 -9.07483054e+00 -9.05000000e+00  1.81509636e+01 -9.05000000e+00  1.81589624e+01 -9.05000000e+00 -8.06379294e+00 -9.05000000e+00 -1.00828828e+01 
-9.00000000e+00 -9.02483816e+00 -9.00000000e+00  1.81010675e+01 -9.00000000e+00  1.81090683e+01 -9.00000000e+00 -8.01370271e+00 -9.00000000e+00 -1.00328099e+01 
-8.95000000e+00 -8.97484578e+00 -8.95000000e+00  1.80511714e+01 -8.95000000e+00  1.80591743e+01 -8.95000000e+00 -7.96361280e+00 -8.95000000e+00 -9.98273720e+00 
-8.90000000e+00 -8.92485339e+00 -8.90000000e+00  1.80012753e+01 -8.90000000e+00  1.80092802e+01 -8.90000000e+00 -7.91352322e+00 -8.90000000e+00 -9.93266473e+00 
-8.85000000e+00 -8.87486098e+00 -8.85000000e+00  1.79513793e+01 -8.85000000e+00  1.79593862e+01 -8.85000000e+00 -7.86343397e+00 -8.85000000e+00 -9.88259247e+00 
-8.80000000e+00 -8.82486857e+00 -8.80000000e+00  1.79014833e+01 -8.80000000e+00  1.79094922e+01 -8.80000000e+00 -7.81334503e+00 -8.80000000e+00 -9.83252043e+00 
-8.75000000e+00 -8.77487615e+00 -8.75000000e+00  1.78515873e+01 -8.75000000e+00  1.78595982e+01 -8.75000000e+00 -7.76325641e+00 -8.75000000e+00 -9.78244859e+00 
-8.70000000e+00 -8.72488371e+00 -8.70000000e+00  1.78016913e+01 -8.70000000e+00  1.78097043e+01 -8.70000000e+00 -7.71316810e+00 -8.70000000e+00 -9.73237696e+00 
-8.65000000e+00 -8.67489127e+00 -8.65000000e+00  1.77517954e+01 -8.65000000e+00  1.77598103e+01 -8.65000000e+00 -7.66308011e+00 -8.65000000e+00 -9.68230553e+00 
-8.60000000e+00 -8.62489882e+00 -8.60000000e+00  1.77018995e+01 -8.60000000e+00  1.77099164e+01 -8.60000000e+00 -7.61299242e+00 -8.60000000e+00 -9.63223430e+00 
-8.55000000e+00 -8.57490636e+00 -8.55000000e+00  1.76520036e+01 -8.55000000e+00  1.76600226e+01 -8.55000000e+00 -7.56290503e+00 -8.55000000e+00 -9.58216328e+00 
-8.50000000e+00 -8.52491390e+00 -8.50000000e+00  1.76021078e+01 -8.50000000e+00  1.76101287e+01 -8.50000000e+00 -7.51281795e+00 -8.50000000e+00 -9.53209246e+00 
-8.45000000e+00 -8.47492142e+00 -8.45000000e+00  1.75522119e+01 -8.45000000e+00  1.75602349e+01 -8.45000000e+00 -7.46273116e+00 -8.45000000e+00 -9.48202183e+00 
-8.40000000e+00 -8.42492893e+00 -8.40000000e+00  1.75023161e+01 -8.40000000e+00  1.75103410e+01 -8.40000000e+00 -7.41264467e+00 -8.40000000e+00 -9.43195140e+00 
-8.35000000e+00 -8.37493644e+00 -8.35000000e+00  1.74524204e+01 -8.35000000e+00  1.74604473e+01 -8.35000000e+00 -7.36255847e+00 -8.35000000e+00 -9.38188117e+00 
-8.30000000e+00 -8.32494394e+00 -8.30000000e+00  1.74025246e+01 -8.30000000e+00  1.74105535e+01 -8.30000000e+00 -7.31247257e+00 -8.30000000e+00 -9.33181113e+00 
-8.25000000e+00 -8.27495143e+00 -8.25000000e+00  1.73526289e+01 -8.25000000e+00  1.73606597e+01 -8.25000000e+00 -7.26238695e+00 -8.25000000e+00 -9.28174128e+00 
-8.20000000e+00 -8.22495891e+00 -8.20000000e+00  1.73027332e+01 -8.20000000e+00  1.73107660e+01 -8.20000000e+00 -7.21230162e+00 -8.20000000e+00 -9.23167162e+00 
-8.15000000e+00 -8.17496639e+00 -8.15000000e+00  1.72528375e+01 -8.15000000e+00  1.72608723e+01 -8.15000000e+00 -7.16221656e+00 -8.15000000e+00 -9.18160214e+00 
-8.10000000e+00 -8.12497385e+00 -8.10000000e+00  1.72029419e+01 -8.10000000e+00  1.72109787e+01 -8.10000000e+00 -7.11213179e+00 -8.10000000e+00 -9.13153286e+00 
-8.05000000e+00 -8.07498131e+00 -8.05000000e+00  1.71530463e+01 -8.05000000e+00  1.71610850e+01 -8.05000000e+00 -7.06204730e+00 -8.05000000e+00 -9.08146375e+00 
-8.00000000e+00 -8.02498876e+00 -8.00000000e+00  1.71031507e+01 -8.00000000e+00  1.71111914e+01 -8.00000000e+00 -7.01196308e+00 -8.00000000e+00 -9.03139484e+00 
-7.95000000e+00 -7.97499621e+00 -7.95000000e+00  1.70532551e+01 -7.95000000e+00  1.70612978e+01 -7.95000000e+00 -6.96187913e+00 -7.95000000e+00 -8.98132610e+00 
-7.90000000e+00 -7.92500365e+00 -7.90000000e+00  1.70033596e+01 -7.90000000e+00  1.70114042e+01 -7.90000000e+00 -6.91179545e+00 -7.90000000e+00 -8.93125754e+00 
-7.85000000e+00 -7.87501108e+00 -7.85000000e+00  1.69534641e+01 -7.85000000e+00  1.69615107e+01 -7.85000000e+00 -6.86171204e+00 -7.85000000e+00 -8.88118917e+00 
-7.80000000e+00 -7.82501850e+00 -7.80000000e+00  1.69035686e+01 -7.80000000e+00  1.69116171e+01 -7.80000000e+00 -6.81162889e+00 -7.80000000e+00 -8.83112097e+00 
-7.75000000e+00 -7.77502592e+00 -7.75000000e+00  1.68536731e+01 -7.75000000e+00  1.68617236e+01 -7.75000000e+00 -6.76154600e+00 -7.75000000e+00 -8.78105295e+00 
-7.70000000e+00 -7.72503333e+00 -7.70000000e+00  1.68037777e+01 -7.70000000e+00  1.68118302e+01 -7.70000000e+00 -6.71146338e+00 -7.70000000e+00 -8.73098510e+00 
-7.65000000e+00 -7.67504073e+00 -7.65000000e+00  1.67538823e+01 -7.65000000e+00  1.67619367e+01 -7.65000000e+00 -6.66138101e+00 -7.65000000e+00 -8.68091742e+00 
-7.60000000e+00 -7.62504813e+00 -7.60000000e+00  1.67039870e+01 -7.60000000e+00  1.67120433e+01 -7.60000000e+00 -6.61129890e+00 -7.60000000e+00 -8.63084992e+00 
-7.55000000e+00 -7.57505552e+00 -7.55000000e+00  1.66540916e+01 -7.55000000e+00  1.66621499e+01 -7.55000000e+00 -6.56121704e+00 -7.55000000e+00 -8.58078258e+00 
-7.50000000e+00 -7.52506290e+00 -7.50000000e+00  1.66041963e+01 -7.50000000e+00  1.66122565e+01 -7.50000000e+00 -6.51113543e+00 -7.50000000e+00 -8.53071542e+00 
-7.45000000e+00 -7.47507028e+00 -7.45000000e+00  1.65543010e+01 -7.45000000e+00  1.65623632e+01 -7.45000000e+00 -6.46105407e+00 -7.45000000e+00 -8.48064842e+00 
-7.40000000e+00 -7.42507766e+00 -7.40000000e+00  1.65044058e+01 -7.40000000e+00  1.65124698e+01 -7.40000000e+00 -6.41097295e+00 -7.40000000e+00 -8.43058159e+00 
-7.35000000e+00 -7.37508502e+00 -7.35000000e+00  1.64545105e+01 -7.35000000e+00  1.64625765e+01 -7.35000000e+00 -6.36089208e+00 -7.35000000e+00 -8.38051492e+00 
-7.30000000e+00 -7.32509238e+00 -7.30000000e+00  1.64046153e+01 -7.30000000e+00  1.64126833e+01 -7.30000000e+00 -6.31081145e+00 -7.30000000e+00 -8.33044842e+00 
-7.25000000e+00 -7.27509974e+00 -7.25000000e+00  1.63547201e+01 -7.25000000e+00  1.63627900e+01 -7.25000000e+00 -6.26073106e+00 -7.25000000e+00 -8.28038208e+00 
-7.20000000e+00 -7.22510709e+00 -7.20000000e+00  1.63048250e+01 -7.20000000e+00  1.63128968e+01 -7.20000000e+00 -6.21065091e+00 -7.20000000e+00 -8.23031590e+00 
-7.15000000e+00 -7.17511443e+00 -7.15000000e+00  1.62549299e+01 -7.15000000e+00  1.62630036e+01 -7.15000000e+00 -6.16057100e+00 -7.15000000e+00 -8.18024988e+00 
-7.10000000e+00 -7.12512177e+00 -7.10000000e+00  1.62050348e+01 -7.10000000e+00  1.62131104e+01 -7.10000000e+00 -6.11049131e+00 -7.10000000e+00 -8.13018401e+00 
-7.05000000e+00 -7.07512910e+00 -7.05000000e+00  1.61551397e+01 -7.05000000e+00  1.61632173e+01 -7.05000000e+00 -6.06041186e+00 -7.05000000e+00 -8.08011831e+00 
-7.00000000e+00 -7.02513643e+00 -7.00000000e+00  1.61052447e+01 -7.00000000e+00  1.61133242e+01 -7.00000000e+00 -6.01033264e+00 -7.00000000e+00 -8.03005276e+00 
-6.95000000e+00 -6.97514376e+00 -6.95000000e+00  1.60553497e+01 -6.95000000e+00  1.60634311e+01 -6.95000000e+00 -5.96025365e+00 -6.95000000e+00 -7.97998737e+00 
-6.90000000e+00 -6.92515107e+00 -6.90000000e+00  1.60054547e+01 -6.90000000e+00  1.60135380e+01 -6.90000000e+00 -5.91017488e+00 -6.90000000e+00 -7.92992212e+00 
-6.85000000e+00 -6.87515839e+00 -6.85000000e+00  1.59555598e+01 -6.85000000e+00  1.59636450e+01 -6.85000000e+00 -5.86009634e+00 -6.85000000e+00 -7.87985703e+00 
-6.80000000e+00 -6.82516570e+00 -6.80000000e+00  1.59056648e+01 -6.80000000e+00  1.59137520e+01 -6.80000000e+00 -5.81001801e+00 -6.80000000e+00 -7.82979209e+00 
-6.75000000e+00 -6.77517300e+00 -6.75000000e+00  1.58557699e+01 -6.75000000e+00  1.58638590e+01 -6.75000000e+00 -5.75993991e+00 -6.75000000e+00 -7.77972731e+00 
-6.70000000e+00 -6.72518030e+00 -6.70000000e+00  1.58058751e+01 -6.70000000e+00  1.58139660e+01 -6.70000000e+00 -5.70986202e+00 -6.70000000e+00 -7.72966266e+00 
-6.65000000e+00 -6.67518759e+00 -6.65000000e+00  1.57559802e+01 -6.65000000e+00  1.57640731e+01 -6.65000000e+00 -5.65978435e+00 -6.65000000e+00 -7.67959817e+00 
-6.60000000e+00 -6.62519488e+00 -6.60000000e+00  1.57060854e+01 -6.60000000e+00  1.57141802e+01 -6.60000000e+00 -5.60970690e+00 -6.60000000e+00 -7.62953382e+00 
-6.55000000e+00 -6.57520217e+00 -6.55000000e+00  1.56561906e+01 -6.55000000e+00  1.56642873e+01 -6.55000000e+00 -5.55962965e+00 -6.55000000e+00 -7.57946962e+00 
-6.50000000e+00 -6.52520945e+00 -6.50000000e+00  1.56062959e+01 -6.50000000e+00  1.56143944e+01 -6.50000000e+00 -5.50955262e+00 -6.50000000e+00 -7.52940556e+00 
-6.45000000e+00 -6.47521673e+00 -6.45000000e+00  1.55564012e+01 -6.45000000e+00  1.55645016e+01 -6.45000000e+00 -5.45947580e+00 -6.45000000e+00 -7.47934165e+00 
-6.40000000e+00 -6.42522400e+00 -6.40000000e+00  1.55065065e+01 -6.40000000e+00  1.55146088e+01 -6.40000000e+00 -5.40939918e+00 -6.40000000e+00 -7.42927787e+00 
-6.35000000e+00 -6.37523127e+00 -6.35000000e+00  1.54566118e+01 -6.35000000e+00  1.54647160e+01 -6.35000000e+00 -5.35932277e+00 -6.35000000e+00 -7.37921424e+00 
-6.30000000e+00 -6.32523854e+00 -6.30000000e+00  1.54067172e+01 -6.30000000e+00  1.54148233e+01 -6.30000000e+00 -5.30924656e+00 -6.30000000e+00 -7.32915074e+00 
-6.25000000e+00 -6.27524580e+00 -6.25000000e+00  1.53568226e+01 -6.25000000e+00  1.53649306e+01 -6.25000000e+00 -5.25917055e+00 -6.25000000e+00 -7.27908739e+00 
-6.20000000e+00 -6.22525306e+00 -6.20000000e+00  1.53069280e+01 -6.20000000e+00  1.53150379e+01 -6.20000000e+00 -5.20909474e+00 -6.20000000e+00 -7.22902417e+00 
-6.15000000e+00 -6.17526031e+00 -6.15000000e+00  1.52570334e+01 -6.15000000e+00  1.52651452e+01 -6.15000000e+00 -5.15901914e+00 -6.15000000e+00 -7.17896109e+00 
-6.10000000e+00 -6.12526756e+00 -6.10000000e+00  1.52071389e+01 -6.10000000e+00  1.52152526e+01 -6.10000000e+00 -5.10894372e+00 -6.10000000e+00 -7.12889814e+00 
-6.05000000e+00 -6.07527481e+00 -6.05000000e+00  1.51572444e+01 -6.05000000e+00  1.51653600e+01 -6.05000000e+00 -5.05886851e+00 -6.05000000e+00 -7.07883532e+00 
-6.00000000e+00 -6.02528205e+00 -6.00000000e+00  1.51073499e+01 -6.00000000e+00  1.51154674e+01 -6.00000000e+00 -5.00879348e+00 -6.00000000e+00 -7.02877264e+00 
-5.95000000e+00 -5.97528929e+00 -5.95000000e+00  1.50574555e+01 -5.95000000e+00  1.50655748e+01 -5.95000000e+00 -4.95871865e+00 -5.95000000e+00 -6.97871009e+00 
-5.90000000e+00 -5.92529653e+00 -5.90000000e+00  1.50075611e+01 -5.90000000e+00  1.50156823e+01 -5.90000000e+00 -4.90864401e+00 -5.90000000e+00 -6.92864767e+00 
-5.85000000e+00 -5.87530376e+00 -5.85000000e+00  1.49576667e+01 -5.85000000e+00  1.49657898e+01 -5.85000000e+00 -4.85856956e+00 -5.85000000e+00 -6.87858539e+00 
-5.80000000e+00 -5.82531099e+00 -5.80000000e+00  1.49077724e+01 -5.80000000e+00  1.49158973e+01 -5.80000000e+00 -4.80849529e+00 -5.80000000e+00 -6.82852323e+00 
-5.75000000e+00 -5.77531822e+00 -5.75000000e+00  1.48578781e+01 -5.75000000e+00  1.48660049e+01 -5.75000000e+00 -4.75842121e+00 -5.75000000e+00 -6.77846119e+00 
-5.70000000e+00 -5.72532544e+00 -5.70000000e+00  1.48079838e+01 -5.70000000e+00  1.48161125e+01 -5.70000000e+00 -4.70834731e+00 -5.70000000e+00 -6.72839929e+00 
-5.65000000e+00 -5.67533266e+00 -5.65000000e+00  1.47580895e+01 -5.65000000e+00  1.47662201e+01 -5.65000000e+00 -4.65827360e+00 -5.65000000e+00 -6.67833751e+00 
-5.60000000e+00 -5.62533988e+00 -5.60000000e+00  1.47081953e+01 -5.60000000e+00  1.47163277e+01 -5.60000000e+00 -4.60820007e+00 -5.60000000e+00 -6.62827585e+00 
-5.55000000e+00 -5.57534709e+00 -5.55000000e+00  1.46583011e+01 -5.55000000e+00  1.46664354e+01 -5.55000000e+00 -4.55812671e+00 -5.55000000e+00 -6.57821432e+00 
-5.50000000e+00 -5.52535431e+00 -5.50000000e+00  1.46084069e+01 -5.50000000e+00  1.46165431e+01 -5.50000000e+00 -4.50805354e+00 -5.50000000e+00 -6.52815292e+00 
-5.45000000e+00 -5.47536152e+00 -5.45000000e+00  1.45585128e+01 -5.45000000e+00  1.45666508e+01 -5.45000000e+00 -4.45798054e+00 -5.45000000e+00 -6.47809163e+00 
-5.40000000e+00 -5.42536872e+00 -5.40000000e+00  1.45086186e+01 -5.40000000e+00  1.45167585e+01 -5.40000000e+00 -4.40790772e+00 -5.40000000e+00 -6.42803047e+00 
-5.35000000e+00 -5.37537593e+00 -5.35000000e+00  1.44587246e+01 -5.35000000e+00  1.44668663e+01 -5.35000000e+00 -4.35783507e+00 -5.35000000e+00 -6.37796942e+00 
-5.30000000e+00 -5.32538313e+00 -5.30000000e+00  1.44088305e+01 -5.30000000e+00  1.44169741e+01 -5.30000000e+00 -4.30776259e+00 -5.30000000e+00 -6.32790850e+00 
-5.25000000e+00 -5.27539033e+00 -5.25000000e+00  1.43589365e+01 -5.25000000e+00  1.43670820e+01 -5.25000000e+00 -4.25769028e+00 -5.25000000e+00 -6.27784769e+00 
-5.20000000e+00 -5.22539753e+00 -5.20000000e+00  1.43090425e+01 -5.20000000e+00  1.43171898e+01 -5.20000000e+00 -4.20761814e+00 -5.20000000e+00 -6.22778700e+00 
-5.15000000e+00 -5.17540472e+00 -5.15000000e+00  1.42591485e+01 -5.15000000e+00  1.42672977e+01 -5.15000000e+00 -4.15754618e+00 -5.15000000e+00 -6.17772643e+00 
-5.10000000e+00 -5.12541191e+00 -5.10000000e+00  1.42092546e+01 -5.10000000e+00  1.42174056e+01 -5.10000000e+00 -4.10747437e+00 -5.10000000e+00 -6.12766597e+00 
-5.05000000e+00 -5.07541910e+00 -5.05000000e+00  1.41593607e+01 -5.05000000e+00  1.41675136e+01 -5.05000000e+00 -4.05740274e+00 -5.05000000e+00 -6.07760563e+00 
-5.00000000e+00 -5.02542629e+00 -5.00000000e+00  1.41094668e+01 -5.00000000e+00  1.41176216e+01 -5.00000000e+00 -4.00733126e+00 -5.00000000e+00 -6.02754540e+00 
-4.95000000e+00 -4.97543348e+00 -4.95000000e+00  1.40595730e+01 -4.95000000e+00  1.40677296e+01 -4.95000000e+00 -3.95725995e+00 -4.95000000e+00 -5.97748528e+00 
-4.90000000e+00 -4.92544066e+00 -4.90000000e+00  1.40096791e+01 -4.90000000e+00  1.40178376e+01 -4.90000000e+00 -3.90718880e+00 -4.90000000e+00 -5.92742528e+00 
-4.85000000e+00 -4.87544784e+00 -4.85000000e+00  1.39597853e+01 -4.85000000e+00  1.39679457e+01 -4.85000000e+00 -3.85711782e+00 -4.85000000e+00 -5.87736538e+00 
-4.80000000e+00 -4.82545502e+00 -4.80000000e+00  1.39098916e+01 -4.80000000e+00  1.39180538e+01 -4.80000000e+00 -3.80704699e+00 -4.80000000e+00 -5.82730560e+00 
-4.75000000e+00 -4.77546220e+00 -4.75000000e+00  1.38599979e+01 -4.75000000e+00  1.38681619e+01 -4.75000000e+00 -3.75697631e+00 -4.75000000e+00 -5.77724593e+00 
-4.70000000e+00 -4.72546938e+00 -4.70000000e+00  1.38101042e+01 -4.70000000e+00  1.38182700e+01 -4.70000000e+00 -3.70690580e+00 -4.70000000e+00 -5.72718636e+00 
-4.65000000e+00 -4.67547655e+00 -4.65000000e+00  1.37602105e+01 -4.65000000e+00  1.37683782e+01 -4.65000000e+00 -3.65683544e+00 -4.65000000e+00 -5.67712690e+00 
-4.60000000e+00 -4.62548373e+00 -4.60000000e+00  1.37103169e+01 -4.60000000e+00  1.37184864e+01 -4.60000000e+00 -3.60676523e+00 -4.60000000e+00 -5.62706755e+00 
-4.55000000e+00 -4.57549090e+00 -4.55000000e+00  1.36604232e+01 -4.55000000e+00  1.36685947e+01 -4.55000000e+00 -3.55669518e+00 -4.55000000e+00 -5.57700831e+00 
-4.50000000e+00 -4.52549807e+00 -4.50000000e+00  1.36105297e+01 -4.50000000e+00  1.36187029e+01 -4.50000000e+00 -3.50662527e+00 -4.50000000e+00 -5.52694917e+00 
-4.45000000e+00 -4.47550524e+00 -4.45000000e+00  1.35606361e+01 -4.45000000e+00  1.35688112e+01 -4.45000000e+00 -3.45655552e+00 -4.45000000e+00 -5.47689013e+00 
-4.40000000e+00 -4.42551240e+00 -4.40000000e+00  1.35107426e+01 -4.40000000e+00  1.35189196e+01 -4.40000000e+00 -3.40648592e+00 -4.40000000e+00 -5.42683120e+00 
-4.35000000e+00 -4.37551957e+00 -4.35000000e+00  1.34608491e+01 -4.35000000e+00  1.34690279e+01 -4.35000000e+00 -3.35641646e+00 -4.35000000e+00 -5.37677238e+00 
-4.30000000e+00 -4.32552673e+00 -4.30000000e+00  1.34109557e+01 -4.30000000e+00  1.34191363e+01 -4.30000000e+00 -3.30634715e+00 -4.30000000e+00 -5.32671365e+00 
-4.25000000e+00 -4.27553390e+00 -4.25000000e+00  1.33610622e+01 -4.25000000e+00  1.33692447e+01 -4.25000000e+00 -3.25627799e+00 -4.25000000e+00 -5.27665503e+00 
-4.20000000e+00 -4.22554106e+00 -4.20000000e+00  1.33111688e+01 -4.20000000e+00  1.33193532e+01 -4.20000000e+00 -3.20620897e+00 -4.20000000e+00 -5.22659650e+00 
-4.15000000e+00 -4.17554822e+00 -4.15000000e+00  1.32612755e+01 -4.15000000e+00  1.32694616e+01 -4.15000000e+00 -3.15614009e+00 -4.15000000e+00 -5.17653808e+00 
-4.10000000e+00 -4.12555538e+00 -4.10000000e+00  1.32113821e+01 -4.10000000e+00  1.32195701e+01 -4.10000000e+00 -3.10607135e+00 -4.10000000e+00 -5.12647975e+00 
-4.05000000e+00 -4.07556253e+00 -4.05000000e+00  1.31614888e+01 -4.05000000e+00  1.31696787e+01 -4.05000000e+00 -3.05600276e+00 -4.05000000e+00 -5.07642152e+00 
-4.00000000e+00 -4.02556969e+00 -4.00000000e+00  1.31115955e+01 -4.00000000e+00  1.31197872e+01 -4.00000000e+00 -3.00593431e+00 -4.00000000e+00 -5.02636340e+00 
-3.95000000e+00 -3.97557685e+00 -3.95000000e+00  1.30617023e+01 -3.95000000e+00  1.30698958e+01 -3.95000000e+00 -2.95586599e+00 -3.95000000e+00 -4.97630536e+00 
-3.90000000e+00 -3.92558400e+00 -3.90000000e+00  1.30118091e+01 -3.90000000e+00  1.30200044e+01 -3.90000000e+00 -2.90579781e+00 -3.90000000e+00 -4.92624743e+00 
-3.85000000e+00 -3.87559116e+00 -3.85000000e+00  1.29619159e+01 -3.85000000e+00  1.29701131e+01 -3.85000000e+00 -2.85572977e+00 -3.85000000e+00 -4.87618958e+00 
-3.80000000e+00 -3.82559831e+00 -3.80000000e+00  1.29120227e+01 -3.80000000e+00  1.29202218e+01 -3.80000000e+00 -2.80566187e+00 -3.80000000e+00 -4.82613184e+00 
-3.75000000e+00 -3.77560546e+00 -3.75000000e+00  1.28621296e+01 -3.75000000e+00  1.28703305e+01 -3.75000000e+00 -2.75559410e+00 -3.75000000e+00 -4.77607418e+00 
-3.70000000e+00 -3.72561261e+00 -3.70000000e+00  1.28122365e+01 -3.70000000e+00  1.28204392e+01 -3.70000000e+00 -2.70552646e+00 -3.70000000e+00 -4.72601662e+00 
-3.65000000e+00 -3.67561977e+00 -3.65000000e+00  1.27623435e+01 -3.65000000e+00  1.27705480e+01 -3.65000000e+00 -2.65545895e+00 -3.65000000e+00 -4.67595915e+00 
-3.60000000e+00 -3.62562692e+00 -3.60000000e+00  1.27124504e+01 -3.60000000e+00  1.27206568e+01 -3.60000000e+00 -2.60539158e+00 -3.60000000e+00 -4.62590178e+00 
-3.55000000e+00 -3.57563407e+00 -3.55000000e+00  1.26625574e+01 -3.55000000e+00  1.26707656e+01 -3.55000000e+00 -2.55532433e+00 -3.55000000e+00 -4.57584449e+00 
-3.50000000e+00 -3.52564122e+00 -3.50000000e+00  1.26126644e+01 -3.50000000e+00  1.26208745e+01 -3.50000000e+00 -2.50525722e+00 -3.50000000e+00 -4.52578729e+00 
-3.45000000e+00 -3.47564836e+00 -3.45000000e+00  1.25627715e+01 -3.45000000e+00  1.25709834e+01 -3.45000000e+00 -2.45519023e+00 -3.45000000e+00 -4.47573019e+00 
-3.40000000e+00 -3.42565551e+00 -3.40000000e+00  1.25128786e+01 -3.40000000e+00  1.25210923e+01 -3.40000000e+00 -2.40512337e+00 -3.40000000e+00 -4.42567317e+00 
-3.35000000e+00 -3.37566266e+00 -3.35000000e+00  1.24629857e+01 -3.35000000e+00  1.24712012e+01 -3.35000000e+00 -2.35505663e+00 -3.35000000e+00 -4.37561624e+00 
-3.30000000e+00 -3.32566981e+00 -3.30000000e+00  1.24130929e+01 -3.30000000e+00  1.24213102e+01 -3.30000000e+00 -2.30499002e+00 -3.30000000e+00 -4.32555940e+00 
-3.25000000e+00 -3.27567695e+00 -3.25000000e+00  1.23632001e+01 -3.25000000e+00  1.23714192e+01 -3.25000000e+00 -2.25492354e+00 -3.25000000e+00 -4.27550264e+00 
-3.20000000e+00 -3.22568410e+00 -3.20000000e+00  1.23133073e+01 -3.20000000e+00  1.23215283e+01 -3.20000000e+00 -2.20485718e+00 -3.20000000e+00 -4.22544597e+00 
-3.15000000e+00 -3.17569125e+00 -3.15000000e+00  1.22634145e+01 -3.15000000e+00  1.22716373e+01 -3.15000000e+00 -2.15479094e+00 -3.15000000e+00 -4.17538939e+00 
-3.10000000e+00 -3.12569839e+00 -3.10000000e+00  1.22135218e+01 -3.10000000e+00  1.22217464e+01 -3.10000000e+00 -2.10472482e+00 -3.10000000e+00 -4.12533289e+00 
-3.05000000e+00 -3.07570554e+00 -3.05000000e+00  1.21636291e+01 -3.05000000e+00  1.21718556e+01 -3.05000000e+00 -2.05465882e+00 -3.05000000e+00 -4.07527647e+00 
-3.00000000e+00 -3.02571269e+00 -3.00000000e+00  1.21137364e+01 -3.00000000e+00  1.21219647e+01 -3.00000000e+00 -2.00459294e+00 -3.00000000e+00 -4.02522014e+00 
-2.95000000e+00 -2.97571983e+00 -2.95000000e+00  1.20638438e+01 -2.95000000e+00  1.20720739e+01 -2.95000000e+00 -1.95452718e+00 -2.95000000e+00 -3.97516389e+00 
-2.90000000e+00 -2.92572698e+00 -2.90000000e+00  1.20139512e+01 -2.90000000e+00  1.20221832e+01 -2.90000000e+00 -1.90446154e+00 -2.90000000e+00 -3.92510773e+00 
-2.85000000e+00 -2.87573412e+00 -2.85000000e+00  1.19640586e+01 -2.85000000e+00  1.19722924e+01 -2.85000000e+00 -1.85439601e+00 -2.85000000e+00 -3.87505164e+00 
-2.80000000e+00 -2.82574127e+00 -2.80000000e+00  1.19141661e+01 -2.80000000e+00  1.19224017e+01 -2.80000000e+00 -1.80433060e+00 -2.80000000e+00 -3.82499563e+00 
-2.75000000e+00 -2.77574842e+00 -2.75000000e+00  1.18642736e+01 -2.75000000e+00  1.18725110e+01 -2.75000000e+00 -1.75426530e+00 -2.75000000e+00 -3.77493971e+00 
-2.70000000e+00 -2.72575556e+00 -2.70000000e+00  1.18143811e+01 -2.70000000e+00  1.18226204e+01 -2.70000000e+00 -1.70420012e+00 -2.70000000e+00 -3.72488386e+00 
-2.65000000e+00 -2.67576271e+00 -2.65000000e+00  1.17644887e+01 -2.65000000e+00  1.17727297e+01 -2.65000000e+00 -1.65413505e+00 -2.65000000e+00 -3.67482810e+00 
-2.60000000e+00 -2.62576985e+00 -2.60000000e+00  1.17145962e+01 -2.60000000e+00  1.17228392e+01 -2.60000000e+00 -1.60407009e+00 -2.60000000e+00 -3.62477241e+00 
-2.55000000e+00 -2.57577700e+00 -2.55000000e+00  1.16647039e+01 -2.55000000e+00  1.16729486e+01 -2.55000000e+00 -1.55400524e+00 -2.55000000e+00 -3.57471680e+00 
-2.50000000e+00 -2.52578415e+00 -2.50000000e+00  1.16148115e+01 -2.50000000e+00  1.16230581e+01 -2.50000000e+00 -1.50394051e+00 -2.50000000e+00 -3.52466126e+00 
-2.45000000e+00 -2.47579129e+00 -2.45000000e+00  1.15649192e+01 -2.45000000e+00  1.15731676e+01 -2.45000000e+00 -1.45387588e+00 -2.45000000e+00 -3.47460580e+00 
-2.40000000e+00 -2.42579844e+00 -2.40000000e+00  1.15150269e+01 -2.40000000e+00  1.15232771e+01 -2.40000000e+00 -1.40381136e+00 -2.40000000e+00 -3.42455042e+00 
-2.35000000e+00 -2.37580559e+00 -2.35000000e+00  1.14651346e+01 -2.35000000e+00  1.14733867e+01 -2.35000000e+00 -1.35374695e+00 -2.35000000e+00 -3.37449512e+00 
-2.30000000e+00 -2.32581274e+00 -2.30000000e+00  1.14152424e+01 -2.30000000e+00  1.14234963e+01 -2.30000000e+00 -1.30368265e+00 -2.30000000e+00 -3.32443988e+00 
-2.25000000e+00 -2.27581989e+00 -2.25000000e+00  1.13653502e+01 -2.25000000e+00  1.13736059e+01 -2.25000000e+00 -1.25361845e+00 -2.25000000e+00 -3.27438472e+00 
-2.20000000e+00 -2.22582703e+00 -2.20000000e+00  1.13154581e+01 -2.20000000e+00  1.13237155e+01 -2.20000000e+00 -1.20355435e+00 -2.20000000e+00 -3.22432964e+00 
-2.15000000e+00 -2.17583418e+00 -2.15000000e+00  1.12655659e+01 -2.15000000e+00  1.12738252e+01 -2.15000000e+00 -1.15349036e+00 -2.15000000e+00 -3.17427463e+00 
-2.10000000e+00 -2.12584133e+00 -2.10000000e+00  1.12156738e+01 -2.10000000e+00  1.12239350e+01 -2.10000000e+00 -1.10342648e+00 -2.10000000e+00 -3.12421969e+00 
-2.05000000e+00 -2.07584849e+00 -2.05000000e+00  1.11657818e+01 -2.05000000e+00  1.11740447e+01 -2.05000000e+00 -1.05336270e+00 -2.05000000e+00 -3.07416482e+00 
-2.00000000e+00 -2.02585564e+00 -2.00000000e+00  1.11158897e+01 -2.00000000e+00  1.11241545e+01 -2.00000000e+00 -1.00329902e+00 -2.00000000e+00 -3.02411002e+00 
-1.95000000e+00 -1.97586279e+00 -1.95000000e+00  1.10659977e+01 -1.95000000e+00  1.10742643e+01 -1.95000000e+00 -9.53235435e-01 -1.95000000e+00 -2.97405529e+00 
-1.90000000e+00 -1.92586994e+00 -1.90000000e+00  1.10161057e+01 -1.90000000e+00  1.10243742e+01 -1.90000000e+00 -9.03171955e-01 -1.90000000e+00 -2.92400064e+00 
-1.85000000e+00 -1.87587709e+00 -1.85000000e+00  1.09662138e+01 -1.85000000e+00  1.09744840e+01 -1.85000000e+00 -8.53108575e-01 -1.85000000e+00 -2.87394605e+00 
-1.80000000e+00 -1.82588425e+00 -1.80000000e+00  1.09163219e+01 -1.80000000e+00  1.09245939e+01 -1.80000000e+00 -8.03045293e-01 -1.80000000e+00 -2.82389153e+00 
-1.75000000e+00 -1.77589140e+00 -1.75000000e+00  1.08664300e+01 -1.75000000e+00  1.08747039e+01 -1.75000000e+00 -7.52982109e-01 -1.75000000e+00 -2.77383708e+00 
-1.70000000e+00 -1.72589856e+00 -1.70000000e+00  1.08165382e+01 -1.70000000e+00  1.08248139e+01 -1.70000000e+00 -7.02919022e-01 -1.70000000e+00 -2.72378269e+00 
-1.65000000e+00 -1.67590572e+00 -1.65000000e+00  1.07666463e+01 -1.65000000e+00  1.07749239e+01 -1.65000000e+00 -6.52856031e-01 -1.65000000e+00 -2.67372838e+00 
-1.60000000e+00 -1.62591287e+00 -1.60000000e+00  1.07167546e+01 -1.60000000e+00  1.07250339e+01 -1.60000000e+00 -6.02793136e-01 -1.60000000e+00 -2.62367413e+00 
-1.55000000e+00 -1.57592003e+00 -1.55000000e+00  1.06668628e+01 -1.55000000e+00  1.06751440e+01 -1.55000000e+00 -5.52730335e-01 -1.55000000e+00 -2.57361994e+00 
-1.50000000e+00 -1.52592719e+00 -1.50000000e+00  1.06169711e+01 -1.50000000e+00  1.06252541e+01 -1.50000000e+00 -5.02667629e-01 -1.50000000e+00 -2.52356582e+00 
-1.45000000e+00 -1.47593435e+00 -1.45000000e+00  1.05670794e+01 -1.45000000e+00  1.05753642e+01 -1.45000000e+00 -4.52605016e-01 -1.45000000e+00 -2.47351177e+00 
-1.40000000e+00 -1.42594152e+00 -1.40000000e+00  1.05171877e+01 -1.40000000e+00  1.05254744e+01 -1.40000000e+00 -4.02542495e-01 -1.40000000e+00 -2.42345778e+00 
-1.35000000e+00 -1.37594868e+00 -1.35000000e+00  1.04672961e+01 -1.35000000e+00  1.04755845e+01 -1.35000000e+00 -3.52480066e-01 -1.35000000e+00 -2.37340385e+00 
-1.30000000e+00 -1.32595584e+00 -1.30000000e+00  1.04174045e+01 -1.30000000e+00  1.04256948e+01 -1.30000000e+00 -3.02417728e-01 -1.30000000e+00 -2.32334999e+00 
-1.25000000e+00 -1.27596301e+00 -1.25000000e+00  1.03675130e+01 -1.25000000e+00  1.03758050e+01 -1.25000000e+00 -2.52355480e-01 -1.25000000e+00 -2.27329619e+00 
-1.20000000e+00 -1.22597017e+00 -1.20000000e+00  1.03176214e+01 -1.20000000e+00  1.03259153e+01 -1.20000000e+00 -2.02293322e-01 -1.20000000e+00 -2.22324245e+00 
-1.15000000e+00 -1.17597734e+00 -1.15000000e+00  1.02677299e+01 -1.15000000e+00  1.02760256e+01 -1.15000000e+00 -1.52231252e-01 -1.15000000e+00 -2.17318877e+00 
-1.10000000e+00 -1.12598451e+00 -1.10000000e+00  1.02178385e+01 -1.10000000e+00  1.02261360e+01 -1.10000000e+00 -1.02169271e-01 -1.10000000e+00 -2.12313516e+00 
-1.05000000e+00 -1.07599168e+00 -1.05000000e+00  1.01679470e+01 -1.05000000e+00  1.01762464e+01 -1.05000000e+00 -5.21073768e-02 -1.05000000e+00 -2.07308160e+00 
-1.00000000e+00 -1.02599885e+00 -1.00000000e+00  1.01180556e+01 -1.00000000e+00  1.01263568e+01 -1.00000000e+00 -2.04556945e-03 -1.00000000e+00 -2.02302811e+00 
-9.50000000e-01 -9.76006023e-01 -9.50000000e-01  1.00681643e+01 -9.50000000e-01  1.00764673e+01 -9.50000000e-01  4.80161519e-02 -9.50000000e-01 -1.97297467e+00 
-9.00000000e-01 -9.26013197e-01 -9.00000000e-01  1.00182729e+01 -9.00000000e-01  1.00265777e+01 -9.00000000e-01  9.80777881e-02 -9.00000000e-01 -1.92292130e+00 
-8.50000000e-01 -8.76020373e-01 -8.50000000e-01  9.96838164e+00 -8.50000000e-01  9.97668826e+00 -8.50000000e-01  1.48139340e-01 -8.50000000e-01 -1.87286798e+00 
-8.00000000e-01 -8.26027550e-01 -8.00000000e-01  9.91849037e+00 -8.00000000e-01  9.92679880e+00 -8.00000000e-01  1.98200807e-01 -8.00000000e-01 -1.82281472e+00 
-7.50000000e-01 -7.76034728e-01 -7.50000000e-01  9.86859913e+00 -7.50000000e-01  9.87690938e+00 -7.50000000e-01  2.48262192e-01 -7.50000000e-01 -1.77276151e+00 
-7.00000000e-01 -7.26041908e-01 -7.00000000e-01  9.81870792e+00 -7.00000000e-01  9.82702000e+00 -7.00000000e-01  2.98323494e-01 -7.00000000e-01 -1.72270837e+00 
-6.50000000e-01 -6.76049089e-01 -6.50000000e-01  9.76881675e+00 -6.50000000e-01  9.77713064e+00 -6.50000000e-01  3.48384714e-01 -6.50000000e-01 -1.67265528e+00 
-6.00000000e-01 -6.26056272e-01 -6.00000000e-01  9.71892561e+00 -6.00000000e-01  9.72724132e+00 -6.00000000e-01  3.98445853e-01 -6.00000000e-01 -1.62260225e+00 
-5.50000000e-01 -5.76063456e-01 -5.50000000e-01  9.66903450e+00 -5.50000000e-01  9.67735203e+00 -5.50000000e-01  4.48506912e-01 -5.50000000e-01 -1.57254927e+00 
-5.00000000e-01 -5.26070643e-01 -5.00000000e-01  9.61914342e+00 -5.00000000e-01  9.62746277e+00 -5.00000000e-01  4.98567891e-01 -5.00000000e-01 -1.52249635e+00 
-4.50000000e-01 -4.76077830e-01 -4.50000000e-01  9.56925237e+00 -4.50000000e-01  9.57757354e+00 -4.50000000e-01  5.48628791e-01 -4.50000000e-01 -1.47244348e+00 
-4.00000000e-01 -4.26085020e-01 -4.00000000e-01  9.51936136e+00 -4.00000000e-01  9.52768435e+00 -4.00000000e-01  5.98689612e-01 -4.00000000e-01 -1.42239066e+00 
-3.50000000e-01 -3.76092211e-01 -3.50000000e-01  9.46947038e+00 -3.50000000e-01  9.47779519e+00 -3.50000000e-01  6.48750355e-01 -3.50000000e-01 -1.37233790e+00 
-3.00000000e-01 -3.26099404e-01 -3.00000000e-01  9.41957943e+00 -3.00000000e-01  9.42790606e+00 -3.00000000e-01  6.98811022e-01 -3.00000000e-01 -1.32228519e+00 
-2.50000000e-01 -2.76106598e-01 -2.50000000e-01  9.36968852e+00 -2.50000000e-01  9.37801697e+00 -2.50000000e-01  7.48871612e-01 -2.50000000e-01 -1.27223254e+00 
-2.00000000e-01 -2.26113795e-01 -2.00000000e-01  9.31979763e+00 -2.00000000e-01  9.32812790e+00 -2.00000000e-01  7.98932125e-01 -2.00000000e-01 -1.22217993e+00 
-1.50000000e-01 -1.76120993e-01 -1.50000000e-01  9.26990678e+00 -1.50000000e-01  9.27823887e+00 -1.50000000e-01  8.48992564e-01 -1.50000000e-01 -1.17212738e+00 
-1.00000000e-01 -1.26128193e-01 -1.00000000e-01  9.22001596e+00 -1.00000000e-01  9.22834988e+00 -1.00000000e-01  8.99052928e-01 -1.00000000e-01 -1.12207488e+00 
-5.00000000e-02 -7.61353953e-02 -5.00000000e-02  9.17012518e+00 -5.00000000e-02  9.17846091e+00 -5.00000000e-02  9.49113218e-01 -5.00000000e-02 -1.07202243e+00 
 6.44900799e-14 -2.61425992e-02  6.44900799e-14  9.12023443e+00  6.44900799e-14  9.12857198e+00  6.44900799e-14  9.99173435e-01  6.44900799e-14 -1.02197003e+00 
 5.00000000e-02  2.38501949e-02  5.00000000e-02  9.07034371e+00  5.00000000e-02  9.07868308e+00  5.00000000e-02  1.04923358e+00  5.00000000e-02 -9.71917679e-01 
 1.00000000e-01  7.38429871e-02  1.00000000e-01  9.02045302e+00  1.00000000e-01  9.02879422e+00  1.00000000e-01  1.09929365e+00  1.00000000e-01 -9.21865378e-01 
 1.50000000e-01  1.23835777e-01  1.50000000e-01  8.97056237e+00  1.50000000e-01  8.97890539e+00  1.50000000e-01  1.14935365e+00  1.50000000e-01 -8.71813125e-01 
 2.00000000e-01  1.73828565e-01  2.00000000e-01  8.92067174e+00  2.00000000e-01  8.92901659e+00  2.00000000e-01  1.19941358e+00  2.00000000e-01 -8.21760921e-01 
 2.50000000e-01  2.23821351e-01  2.50000000e-01  8.87078116e+00  2.50000000e-01  8.87912782e+00  2.50000000e-01  1.24947344e+00  2.50000000e-01 -7.71708764e-01 
 3.00000000e-01  2.73814135e-01  3.00000000e-01  8.82089060e+00  3.00000000e-01  8.82923909e+00  3.00000000e-01  1.29953323e+00  3.00000000e-01 -7.21656655e-01 
 3.50000000e-01  3.23806917e-01  3.50000000e-01  8.77100008e+00  3.50000000e-01  8.77935039e+00  3.50000000e-01  1.34959295e+00  3.50000000e-01 -6.71604593e-01 
 4.00000000e-01  3.73799697e-01  4.00000000e-01  8.72110959e+00  4.00000000e-01  8.72946172e+00  4.00000000e-01  1.39965260e+00  4.00000000e-01 -6.21552577e-01 
 4.50000000e-01  4.23792474e-01  4.50000000e-01  8.67121913e+00  4.50000000e-01  8.67957309e+00  4.50000000e-01  1.44971219e+00  4.50000000e-01 -5.71500607e-01 
 5.00000000e-01  4.73785250e-01  5.00000000e-01  8.62132870e+00  5.00000000e-01  8.62968449e+00  5.00000000e-01  1.49977171e+00  5.00000000e-01 -5.21448682e-01 
 5.50000000e-01  5.23778023e-01  5.50000000e-01  8.57143831e+00  5.50000000e-01  8.57979592e+00  5.50000000e-01  1.54983116e+00  5.50000000e-01 -4.71396803e-01 
 6.00000000e-01  5.73770794e-01  6.00000000e-01  8.52154795e+00  6.00000000e-01  8.52990738e+00  6.00000000e-01  1.59989054e+00  6.00000000e-01 -4.21344968e-01 
 6.50000000e-01  6.23763562e-01  6.50000000e-01  8.47165763e+00  6.50000000e-01  8.48001888e+00  6.50000000e-01  1.64994986e+00  6.50000000e-01 -3.71293178e-01 
 7.00000000e-01  6.73756328e-01  7.00000000e-01  8.42176733e+00  7.00000000e-01  8.43013042e+00  7.00000000e-01  1.70000912e+00  7.00000000e-01 -3.21241431e-01 
 7.50000000e-01  7.23749092e-01  7.50000000e-01  8.37187708e+00  7.50000000e-01  8.38024198e+00  7.50000000e-01  1.75006831e+00  7.50000000e-01 -2.71189727e-01 
 8.00000000e-01  7.73741854e-01  8.00000000e-01  8.32198685e+00  8.00000000e-01  8.33035358e+00  8.00000000e-01  1.80012743e+00  8.00000000e-01 -2.21138067e-01 
 8.50000000e-01  8.23734613e-01  8.50000000e-01  8.27209665e+00  8.50000000e-01  8.28046521e+00  8.50000000e-01  1.85018649e+00  8.50000000e-01 -1.71086448e-01 
 9.00000000e-01  8.73727370e-01  9.00000000e-01  8.22220649e+00  9.00000000e-01  8.23057688e+00  9.00000000e-01  1.90024550e+00  9.00000000e-01 -1.21034872e-01 
 9.50000000e-01  9.23720124e-01  9.50000000e-01  8.17231637e+00  9.50000000e-01  8.18068858e+00  9.50000000e-01  1.95030443e+00  9.50000000e-01 -7.09833374e-02 
 1.00000000e+00  9.73712876e-01  1.00000000e+00  8.12242627e+00  1.00000000e+00  8.13080031e+00  1.00000000e+00  2.00036331e+00  1.00000000e+00 -2.09318438e-02 
 1.05000000e+00  1.02370563e+00  1.05000000e+00  8.07253621e+00  1.05000000e+00  8.08091208e+00  1.05000000e+00  2.05042213e+00  1.05000000e+00  2.91196092e-02 
 1.10000000e+00  1.07369837e+00  1.10000000e+00  8.02264618e+00  1.10000000e+00  8.03102388e+00  1.10000000e+00  2.10048088e+00  1.10000000e+00  7.91710219e-02 
 1.15000000e+00  1.12369112e+00  1.15000000e+00  7.97275619e+00  1.15000000e+00  7.98113572e+00  1.15000000e+00  2.15053958e+00  1.15000000e+00  1.29222395e-01 
 1.20000000e+00  1.17368386e+00  1.20000000e+00  7.92286623e+00  1.20000000e+00  7.93124758e+00  1.20000000e+00  2.20059822e+00  1.20000000e+00  1.79273728e-01 
 1.25000000e+00  1.22367660e+00  1.25000000e+00  7.87297630e+00  1.25000000e+00  7.88135949e+00  1.25000000e+00  2.25065679e+00  1.25000000e+00  2.29325023e-01 
 1.30000000e+00  1.27366933e+00  1.30000000e+00  7.82308641e+00  1.30000000e+00  7.83147142e+00  1.30000000e+00  2.30071532e+00  1.30000000e+00  2.79376279e-01 
 1.35000000e+00  1.32366207e+00  1.35000000e+00  7.77319655e+00  1.35000000e+00  7.78158339e+00  1.35000000e+00  2.35077378e+00  1.35000000e+00  3.29427497e-01 
 1.40000000e+00  1.37365480e+00  1.40000000e+00  7.72330672e+00  1.40000000e+00  7.73169539e+00  1.40000000e+00  2.40083218e+00  1.40000000e+00  3.79478677e-01 
 1.45000000e+00  1.42364753e+00  1.45000000e+00  7.67341692e+00  1.45000000e+00  7.68180743e+00  1.45000000e+00  2.45089053e+00  1.45000000e+00  4.29529820e-01 
 1.50000000e+00  1.47364025e+00  1.50000000e+00  7.62352716e+00  1.50000000e+00  7.63191950e+00  1.50000000e+00  2.50094883e+00  1.50000000e+00  4.79580926e-01 
 1.55000000e+00  1.52363297e+00  1.55000000e+00  7.57363743e+00  1.55000000e+00  7.58203161e+00  1.55000000e+00  2.55100706e+00  1.55000000e+00  5.29631996e-01 
 1.60000000e+00  1.57362569e+00  1.60000000e+00  7.52374774e+00  1.60000000e+00  7.53214374e+00  1.60000000e+00  2.60106525e+00  1.60000000e+00  5.79683029e-01 
 1.65000000e+00  1.62361841e+00  1.65000000e+00  7.47385808e+00  1.65000000e+00  7.48225592e+00  1.65000000e+00  2.65112338e+00  1.65000000e+00  6.29734027e-01 
 1.70000000e+00  1.67361113e+00  1.70000000e+00  7.42396845e+00  1.70000000e+00  7.43236812e+00  1.70000000e+00  2.70118145e+00  1.70000000e+00  6.79784990e-01 
 1.75000000e+00  1.72360384e+00  1.75000000e+00  7.37407886e+00  1.75000000e+00  7.38248036e+00  1.75000000e+00  2.75123947e+00  1.75000000e+00  7.29835918e-01 
 1.80000000e+00  1.77359655e+00  1.80000000e+00  7.32418930e+00  1.80000000e+00  7.33259264e+00  1.80000000e+00  2.80129744e+00  1.80000000e+00  7.79886811e-01 
 1.85000000e+00  1.82358925e+00  1.85000000e+00  7.27429977e+00  1.85000000e+00  7.28270495e+00  1.85000000e+00  2.85135536e+00  1.85000000e+00  8.29937671e-01 
 1.90000000e+00  1.87358195e+00  1.90000000e+00  7.22441028e+00  1.90000000e+00  7.23281729e+00  1.90000000e+00  2.90141322e+00  1.90000000e+00  8.79988497e-01 
 1.95000000e+00  1.92357465e+00  1.95000000e+00  7.17452082e+00  1.95000000e+00  7.18292967e+00  1.95000000e+00  2.95147104e+00  1.95000000e+00  9.30039290e-01 
 2.00000000e+00  1.97356735e+00  2.00000000e+00  7.12463140e+00  2.00000000e+00  7.13304208e+00  2.00000000e+00  3.00152880e+00  2.00000000e+00  9.80090050e-01 
 2.05000000e+00  2.02356004e+00  2.05000000e+00  7.07474200e+00  2.05000000e+00  7.08315453e+00  2.05000000e+00  3.05158651e+00  2.05000000e+00  1.03014078e+00 
 2.10000000e+00  2.07355273e+00  2.10000000e+00  7.02485265e+00  2.10000000e+00  7.03326701e+00  2.10000000e+00  3.10164417e+00  2.10000000e+00  1.08019147e+00 
 2.15000000e+00  2.12354542e+00  2.15000000e+00  6.97496332e+00  2.15000000e+00  6.98337952e+00  2.15000000e+00  3.15170179e+00  2.15000000e+00  1.13024214e+00 
 2.20000000e+00  2.17353811e+00  2.20000000e+00  6.92507403e+00  2.20000000e+00  6.93349207e+00  2.20000000e+00  3.20175935e+00  2.20000000e+00  1.18029277e+00 
 2.25000000e+00  2.22353079e+00  2.25000000e+00  6.87518477e+00  2.25000000e+00  6.88360465e+00  2.25000000e+00  3.25181687e+00  2.25000000e+00  1.23034337e+00 
 2.30000000e+00  2.27352347e+00  2.30000000e+00  6.82529555e+00  2.30000000e+00  6.83371727e+00  2.30000000e+00  3.30187434e+00  2.30000000e+00  1.28039395e+00 
 2.35000000e+00  2.32351614e+00  2.35000000e+00  6.77540636e+00  2.35000000e+00  6.78382992e+00  2.35000000e+00  3.35193176e+00  2.35000000e+00  1.33044449e+00 
 2.40000000e+00  2.37350881e+00  2.40000000e+00  6.72551721e+00  2.40000000e+00  6.73394261e+00  2.40000000e+00  3.40198914e+00  2.40000000e+00  1.38049500e+00 
 2.45000000e+00  2.42350148e+00  2.45000000e+00  6.67562809e+00  2.45000000e+00  6.68405533e+00  2.45000000e+00  3.45204647e+00  2.45000000e+00  1.43054548e+00 
 2.50000000e+00  2.47349415e+00  2.50000000e+00  6.62573900e+00  2.50000000e+00  6.63416809e+00  2.50000000e+00  3.50210375e+00  2.50000000e+00  1.48059594e+00 
 2.55000000e+00  2.52348681e+00  2.55000000e+00  6.57584995e+00  2.55000000e+00  6.58428088e+00  2.55000000e+00  3.55216099e+00  2.55000000e+00  1.53064636e+00 
 2.60000000e+00  2.57347947e+00  2.60000000e+00  6.52596093e+00  2.60000000e+00  6.53439370e+00  2.60000000e+00  3.60221819e+00  2.60000000e+00  1.58069676e+00 
 2.65000000e+00  2.62347212e+00  2.65000000e+00  6.47607194e+00  2.65000000e+00  6.48450656e+00  2.65000000e+00  3.65227534e+00  2.65000000e+00  1.63074713e+00 
 2.70000000e+00  2.67346477e+00  2.70000000e+00  6.42618299e+00  2.70000000e+00  6.43461945e+00  2.70000000e+00  3.70233244e+00  2.70000000e+00  1.68079748e+00 
 2.75000000e+00  2.72345742e+00  2.75000000e+00  6.37629407e+00  2.75000000e+00  6.38473238e+00  2.75000000e+00  3.75238951e+00  2.75000000e+00  1.73084779e+00 
 2.80000000e+00  2.77345007e+00  2.80000000e+00  6.32640519e+00  2.80000000e+00  6.33484535e+00  2.80000000e+00  3.80244653e+00  2.80000000e+00  1.78089808e+00 
 2.85000000e+00  2.82344271e+00  2.85000000e+00  6.27651634e+00  2.85000000e+00  6.28495835e+00  2.85000000e+00  3.85250350e+00  2.85000000e+00  1.83094835e+00 
 2.90000000e+00  2.87343535e+00  2.90000000e+00  6.22662753e+00  2.90000000e+00  6.23507138e+00  2.90000000e+00  3.90256044e+00  2.90000000e+00  1.88099859e+00 
 2.95000000e+00  2.92342798e+00  2.95000000e+00  6.17673875e+00  2.95000000e+00  6.18518445e+00  2.95000000e+00  3.95261734e+00  2.95000000e+00  1.93104880e+00 
 3.00000000e+00  2.97342061e+00  3.00000000e+00  6.12685000e+00  3.00000000e+00  6.13529755e+00  3.00000000e+00  4.00267419e+00  3.00000000e+00  1.98109899e+00 
 3.05000000e+00  3.02341324e+00  3.05000000e+00  6.07696129e+00  3.05000000e+00  6.08541069e+00  3.05000000e+00  4.05273100e+00  3.05000000e+00  2.03114915e+00 
 3.10000000e+00  3.07340587e+00  3.10000000e+00  6.02707261e+00  3.10000000e+00  6.03552386e+00  3.10000000e+00  4.10278778e+00  3.10000000e+00  2.08119929e+00 
 3.15000000e+00  3.12339849e+00  3.15000000e+00  5.97718397e+00  3.15000000e+00  5.98563707e+00  3.15000000e+00  4.15284451e+00  3.15000000e+00  2.13124941e+00 
 3.20000000e+00  3.17339110e+00  3.20000000e+00  5.92729536e+00  3.20000000e+00  5.93575032e+00  3.20000000e+00  4.20290121e+00  3.20000000e+00  2.18129950e+00 
 3.25000000e+00  3.22338372e+00  3.25000000e+00  5.87740678e+00  3.25000000e+00  5.88586359e+00  3.25000000e+00  4.25295787e+00  3.25000000e+00  2.23134957e+00 
 3.30000000e+00  3.27337633e+00  3.30000000e+00  5.82751824e+00  3.30000000e+00  5.83597691e+00  3.30000000e+00  4.30301449e+00  3.30000000e+00  2.28139962e+00 
 3.35000000e+00  3.32336893e+00  3.35000000e+00  5.77762974e+00  3.35000000e+00  5.78609026e+00  3.35000000e+00  4.35307107e+00  3.35000000e+00  2.33144964e+00 
 3.40000000e+00  3.37336153e+00  3.40000000e+00  5.72774127e+00  3.40000000e+00  5.73620364e+00  3.40000000e+00  4.40312761e+00  3.40000000e+00  2.38149964e+00 
 3.45000000e+00  3.42335413e+00  3.45000000e+00  5.67785283e+00  3.45000000e+00  5.68631706e+00  3.45000000e+00  4.45318412e+00  3.45000000e+00  2.43154962e+00 
 3.50000000e+00  3.47334673e+00  3.50000000e+00  5.62796443e+00  3.50000000e+00  5.63643051e+00  3.50000000e+00  4.50324059e+00  3.50000000e+00  2.48159958e+00 
 3.55000000e+00  3.52333932e+00  3.55000000e+00  5.57807606e+00  3.55000000e+00  5.58654400e+00  3.55000000e+00  4.55329703e+00  3.55000000e+00  2.53164952e+00 
 3.60000000e+00  3.57333190e+00  3.60000000e+00  5.52818772e+00  3.60000000e+00  5.53665753e+00  3.60000000e+00  4.60335343e+00  3.60000000e+00  2.58169944e+00 
 3.65000000e+00  3.62332449e+00  3.65000000e+00  5.47829943e+00  3.65000000e+00  5.48677109e+00  3.65000000e+00  4.65340980e+00  3.65000000e+00  2.63174934e+00 
 3.70000000e+00  3.67331707e+00  3.70000000e+00  5.42841116e+00  3.70000000e+00  5.43688468e+00  3.70000000e+00  4.70346613e+00  3.70000000e+00  2.68179922e+00 
 3.75000000e+00  3.72330964e+00  3.75000000e+00  5.37852293e+00  3.75000000e+00  5.38699831e+00  3.75000000e+00  4.75352243e+00  3.75000000e+00  2.73184908e+00 
 3.80000000e+00  3.77330221e+00  3.80000000e+00  5.32863474e+00  3.80000000e+00  5.33711198e+00  3.80000000e+00  4.80357869e+00  3.80000000e+00  2.78189892e+00 
 3.85000000e+00  3.82329478e+00  3.85000000e+00  5.27874657e+00  3.85000000e+00  5.28722568e+00  3.85000000e+00  4.85363492e+00  3.85000000e+00  2.83194874e+00 
 3.90000000e+00  3.87328734e+00  3.90000000e+00  5.22885845e+00  3.90000000e+00  5.23733942e+00  3.90000000e+00  4.90369112e+00  3.90000000e+00  2.88199855e+00 
 3.95000000e+00  3.92327990e+00  3.95000000e+00  5.17897036e+00  3.95000000e+00  5.18745319e+00  3.95000000e+00  4.95374729e+00  3.95000000e+00  2.93204833e+00 
 4.00000000e+00  3.97327246e+00  4.00000000e+00  5.12908230e+00  4.00000000e+00  5.13756700e+00  4.00000000e+00  5.00380343e+00  4.00000000e+00  2.98209810e+00 
 4.05000000e+00  4.02326501e+00  4.05000000e+00  5.07919428e+00  4.05000000e+00  5.08768085e+00  4.05000000e+00  5.05385953e+00  4.05000000e+00  3.03214786e+00 
 4.10000000e+00  4.07325756e+00  4.10000000e+00  5.02930629e+00  4.10000000e+00  5.03779473e+00  4.10000000e+00  5.10391561e+00  4.10000000e+00  3.08219759e+00 
 4.15000000e+00  4.12325010e+00  4.15000000e+00  4.97941834e+00  4.15000000e+00  4.98790864e+00  4.15000000e+00  5.15397165e+00  4.15000000e+00  3.13224731e+00 
 4.20000000e+00  4.17324264e+00  4.20000000e+00  4.92953042e+00  4.20000000e+00  4.93802259e+00  4.20000000e+00  5.20402766e+00  4.20000000e+00  3.18229701e+00 
 4.25000000e+00  4.22323518e+00  4.25000000e+00  4.87964254e+00  4.25000000e+00  4.88813658e+00  4.25000000e+00  5.25408365e+00  4.25000000e+00  3.23234670e+00 
 4.30000000e+00  4.27322771e+00  4.30000000e+00  4.82975469e+00  4.30000000e+00  4.83825060e+00  4.30000000e+00  5.30413960e+00  4.30000000e+00  3.28239637e+00 
 4.35000000e+00  4.32322023e+00  4.35000000e+00  4.77986688e+00  4.35000000e+00  4.78836466e+00  4.35000000e+00  5.35419553e+00  4.35000000e+00  3.33244603e+00 
 4.40000000e+00  4.37321276e+00  4.40000000e+00  4.72997910e+00  4.40000000e+00  4.73847876e+00  4.40000000e+00  5.40425143e+00  4.40000000e+00  3.38249567e+00 
 4.45000000e+00  4.42320527e+00  4.45000000e+00  4.68009136e+00  4.45000000e+00  4.68859289e+00  4.45000000e+00  5.45430730e+00  4.45000000e+00  3.43254530e+00 
 4.50000000e+00  4.47319779e+00  4.50000000e+00  4.63020365e+00  4.50000000e+00  4.63870705e+00  4.50000000e+00  5.50436315e+00  4.50000000e+00  3.48259492e+00 
 4.55000000e+00  4.52319030e+00  4.55000000e+00  4.58031598e+00  4.55000000e+00  4.58882126e+00  4.55000000e+00  5.55441896e+00  4.55000000e+00  3.53264452e+00 
 4.60000000e+00  4.57318280e+00  4.60000000e+00  4.53042834e+00  4.60000000e+00  4.53893549e+00  4.60000000e+00  5.60447475e+00  4.60000000e+00  3.58269411e+00 
 4.65000000e+00  4.62317530e+00  4.65000000e+00  4.48054074e+00  4.65000000e+00  4.48904977e+00  4.65000000e+00  5.65453052e+00  4.65000000e+00  3.63274368e+00 
 4.70000000e+00  4.67316780e+00  4.70000000e+00  4.43065317e+00  4.70000000e+00  4.43916408e+00  4.70000000e+00  5.70458626e+00  4.70000000e+00  3.68279325e+00 
 4.75000000e+00  4.72316029e+00  4.75000000e+00  4.38076564e+00  4.75000000e+00  4.38927843e+00  4.75000000e+00  5.75464197e+00  4.75000000e+00  3.73284280e+00 
 4.80000000e+00  4.77315278e+00  4.80000000e+00  4.33087814e+00  4.80000000e+00  4.33939281e+00  4.80000000e+00  5.80469766e+00  4.80000000e+00  3.78289234e+00 
 4.85000000e+00  4.82314526e+00  4.85000000e+00  4.28099068e+00  4.85000000e+00  4.28950723e+00  4.85000000e+00  5.85475333e+00  4.85000000e+00  3.83294187e+00 
 4.90000000e+00  4.87313774e+00  4.90000000e+00  4.23110325e+00  4.90000000e+00  4.23962168e+00  4.90000000e+00  5.90480897e+00  4.90000000e+00  3.88299138e+00 
 4.95000000e+00  4.92313022e+00  4.95000000e+00  4.18121586e+00  4.95000000e+00  4.18973617e+00  4.95000000e+00  5.95486459e+00  4.95000000e+00  3.93304089e+00 
 5.00000000e+00  4.97312268e+00  5.00000000e+00  4.13132850e+00  5.00000000e+00  4.13985070e+00  5.00000000e+00  6.00492019e+00  5.00000000e+00  3.98309039e+00 
 5.05000000e+00  5.02311515e+00  5.05000000e+00  4.08144118e+00  5.05000000e+00  4.08996527e+00  5.05000000e+00  6.05497576e+00  5.05000000e+00  4.03313988e+00 
 5.10000000e+00  5.07310761e+00  5.10000000e+00  4.03155389e+00  5.10000000e+00  4.04007987e+00  5.10000000e+00  6.10503131e+00  5.10000000e+00  4.08318935e+00 
 5.15000000e+00  5.12310007e+00  5.15000000e+00  3.98166664e+00  5.15000000e+00  3.99019450e+00  5.15000000e+00  6.15508684e+00  5.15000000e+00  4.13323882e+00 
 5.20000000e+00  5.17309252e+00  5.20000000e+00  3.93177943e+00  5.20000000e+00  3.94030918e+00  5.20000000e+00  6.20514235e+00  5.20000000e+00  4.18328828e+00 
 5.25000000e+00  5.22308496e+00  5.25000000e+00  3.88189225e+00  5.25000000e+00  3.89042389e+00  5.25000000e+00  6.25519784e+00  5.25000000e+00  4.23333773e+00 
 5.30000000e+00  5.27307741e+00  5.30000000e+00  3.83200510e+00  5.30000000e+00  3.84053863e+00  5.30000000e+00  6.30525331e+00  5.30000000e+00  4.28338718e+00 
 5.35000000e+00  5.32306984e+00  5.35000000e+00  3.78211799e+00  5.35000000e+00  3.79065341e+00  5.35000000e+00  6.35530876e+00  5.35000000e+00  4.33343661e+00 
 5.40000000e+00  5.37306228e+00  5.40000000e+00  3.73223092e+00  5.40000000e+00  3.74076823e+00  5.40000000e+00  6.40536418e+00  5.40000000e+00  4.38348604e+00 
 5.45000000e+00  5.42305470e+00  5.45000000e+00  3.68234388e+00  5.45000000e+00  3.69088309e+00  5.45000000e+00  6.45541959e+00  5.45000000e+00  4.43353546e+00 
 5.50000000e+00  5.47304713e+00  5.50000000e+00  3.63245688e+00  5.50000000e+00  3.64099798e+00  5.50000000e+00  6.50547498e+00  5.50000000e+00  4.48358487e+00 
 5.55000000e+00  5.52303954e+00  5.55000000e+00  3.58256991e+00  5.55000000e+00  3.59111291e+00  5.55000000e+00  6.55553036e+00  5.55000000e+00  4.53363428e+00 
 5.60000000e+00  5.57303196e+00  5.60000000e+00  3.53268298e+00  5.60000000e+00  3.54122788e+00  5.60000000e+00  6.60558571e+00  5.60000000e+00  4.58368369e+00 
 5.65000000e+00  5.62302436e+00  5.65000000e+00  3.48279609e+00  5.65000000e+00  3.49134288e+00  5.65000000e+00  6.65564105e+00  5.65000000e+00  4.63373308e+00 
 5.70000000e+00  5.67301677e+00  5.70000000e+00  3.43290923e+00  5.70000000e+00  3.44145792e+00  5.70000000e+00  6.70569637e+00  5.70000000e+00  4.68378247e+00 
 5.75000000e+00  5.72300917e+00  5.75000000e+00  3.38302240e+00  5.75000000e+00  3.39157299e+00  5.75000000e+00  6.75575167e+00  5.75000000e+00  4.73383186e+00 
 5.80000000e+00  5.77300156e+00  5.80000000e+00  3.33313561e+00  5.80000000e+00  3.34168811e+00  5.80000000e+00  6.80580696e+00  5.80000000e+00  4.78388124e+00 
 5.85000000e+00  5.82299395e+00  5.85000000e+00  3.28324886e+00  5.85000000e+00  3.29180326e+00  5.85000000e+00  6.85586223e+00  5.85000000e+00  4.83393062e+00 
 5.90000000e+00  5.87298633e+00  5.90000000e+00  3.23336214e+00  5.90000000e+00  3.24191844e+00  5.90000000e+00  6.90591749e+00  5.90000000e+00  4.88398000e+00 
 5.95000000e+00  5.92297871e+00  5.95000000e+00  3.18347546e+00  5.95000000e+00  3.19203367e+00  5.95000000e+00  6.95597273e+00  5.95000000e+00  4.93402937e+00 
 6.00000000e+00  5.97297108e+00  6.00000000e+00  3.13358882e+00  6.00000000e+00  3.14214893e+00  6.00000000e+00  7.00602796e+00  6.00000000e+00  4.98407873e+00 
 6.05000000e+00  6.02296345e+00  6.05000000e+00  3.08370221e+00  6.05000000e+00  3.09226422e+00  6.05000000e+00  7.05608317e+00  6.05000000e+00  5.03412810e+00 
 6.10000000e+00  6.07295581e+00  6.10000000e+00  3.03381563e+00  6.10000000e+00  3.04237956e+00  6.10000000e+00  7.10613837e+00  6.10000000e+00  5.08417746e+00 
 6.15000000e+00  6.12294817e+00  6.15000000e+00  2.98392909e+00  6.15000000e+00  2.99249493e+00  6.15000000e+00  7.15619355e+00  6.15000000e+00  5.13422682e+00 
 6.20000000e+00  6.17294052e+00  6.20000000e+00  2.93404259e+00  6.20000000e+00  2.94261034e+00  6.20000000e+00  7.20624873e+00  6.20000000e+00  5.18427618e+00 
 6.25000000e+00  6.22293287e+00  6.25000000e+00  2.88415612e+00  6.25000000e+00  2.89272579e+00  6.25000000e+00  7.25630389e+00  6.25000000e+00  5.23432554e+00 
 6.30000000e+00  6.27292521e+00  6.30000000e+00  2.83426969e+00  6.30000000e+00  2.84284127e+00  6.30000000e+00  7.30635904e+00  6.30000000e+00  5.28437490e+00 
 6.35000000e+00  6.32291755e+00  6.35000000e+00  2.78438330e+00  6.35000000e+00  2.79295679e+00  6.35000000e+00  7.35641417e+00  6.35000000e+00  5.33442425e+00 
 6.40000000e+00  6.37290988e+00  6.40000000e+00  2.73449694e+00  6.40000000e+00  2.74307235e+00  6.40000000e+00  7.40646930e+00  6.40000000e+00  5.38447361e+00 
 6.45000000e+00  6.42290221e+00  6.45000000e+00  2.68461062e+00  6.45000000e+00  2.69318794e+00  6.45000000e+00  7.45652441e+00  6.45000000e+00  5.43452296e+00 
 6.50000000e+00  6.47289453e+00  6.50000000e+00  2.63472433e+00  6.50000000e+00  2.64330357e+00  6.50000000e+00  7.50657952e+00  6.50000000e+00  5.48457232e+00 
 6.55000000e+00  6.52288685e+00  6.55000000e+00  2.58483808e+00  6.55000000e+00  2.59341924e+00  6.55000000e+00  7.55663461e+00  6.55000000e+00  5.53462168e+00 
 6.60000000e+00  6.57287916e+00  6.60000000e+00  2.53495187e+00  6.60000000e+00  2.54353495e+00  6.60000000e+00  7.60668970e+00  6.60000000e+00  5.58467103e+00 
 6.65000000e+00  6.62287146e+00  6.65000000e+00  2.48506569e+00  6.65000000e+00  2.49365070e+00  6.65000000e+00  7.65674477e+00  6.65000000e+00  5.63472039e+00 
 6.70000000e+00  6.67286376e+00  6.70000000e+00  2.43517955e+00  6.70000000e+00  2.44376648e+00  6.70000000e+00  7.70679984e+00  6.70000000e+00  5.68476976e+00 
 6.75000000e+00  6.72285605e+00  6.75000000e+00  2.38529344e+00  6.75000000e+00  2.39388230e+00  6.75000000e+00  7.75685490e+00  6.75000000e+00  5.73481912e+00 
 6.80000000e+00  6.77284834e+00  6.80000000e+00  2.33540737e+00  6.80000000e+00  2.34399815e+00  6.80000000e+00  7.80690995e+00  6.80000000e+00  5.78486849e+00 
 6.85000000e+00  6.82284062e+00  6.85000000e+00  2.28552134e+00  6.85000000e+00  2.29411405e+00  6.85000000e+00  7.85696499e+00  6.85000000e+00  5.83491786e+00 
 6.90000000e+00  6.87283290e+00  6.90000000e+00  2.23563535e+00  6.90000000e+00  2.24422998e+00  6.90000000e+00  7.90702003e+00  6.90000000e+00  5.88496723e+00 
 6.95000000e+00  6.92282517e+00  6.95000000e+00  2.18574939e+00  6.95000000e+00  2.19434595e+00  6.95000000e+00  7.95707506e+00  6.95000000e+00  5.93501660e+00 
 7.00000000e+00  6.97281744e+00  7.00000000e+00  2.13586346e+00  7.00000000e+00  2.14446196e+00  7.00000000e+00  8.00713008e+00  7.00000000e+00  5.98506598e+00 
 7.05000000e+00  7.02280970e+00  7.05000000e+00  2.08597757e+00  7.05000000e+00  2.09457800e+00  7.05000000e+00  8.05718510e+00  7.05000000e+00  6.03511537e+00 
 7.10000000e+00  7.07280195e+00  7.10000000e+00  2.03609172e+00  7.10000000e+00  2.04469409e+00  7.10000000e+00  8.10724011e+00  7.10000000e+00  6.08516476e+00 
 7.15000000e+00  7.12279420e+00  7.15000000e+00  1.98620591e+00  7.15000000e+00  1.99481021e+00  7.15000000e+00  8.15729512e+00  7.15000000e+00  6.13521415e+00 
 7.20000000e+00  7.17278645e+00  7.20000000e+00  1.93632013e+00  7.20000000e+00  1.94492637e+00  7.20000000e+00  8.20735012e+00  7.20000000e+00  6.18526355e+00 
 7.25000000e+00  7.22277868e+00  7.25000000e+00  1.88643439e+00  7.25000000e+00  1.89504256e+00  7.25000000e+00  8.25740512e+00  7.25000000e+00  6.23531296e+00 
 7.30000000e+00  7.27277091e+00  7.30000000e+00  1.83654868e+00  7.30000000e+00  1.84515880e+00  7.30000000e+00  8.30746011e+00  7.30000000e+00  6.28536237e+00 
 7.35000000e+00  7.32276314e+00  7.35000000e+00  1.78666301e+00  7.35000000e+00  1.79527507e+00  7.35000000e+00  8.35751510e+00  7.35000000e+00  6.33541179e+00 
 7.40000000e+00  7.37275536e+00  7.40000000e+00  1.73677738e+00  7.40000000e+00  1.74539138e+00  7.40000000e+00  8.40757009e+00  7.40000000e+00  6.38546121e+00 
 7.45000000e+00  7.42274757e+00  7.45000000e+00  1.68689179e+00  7.45000000e+00  1.69550773e+00  7.45000000e+00  8.45762508e+00  7.45000000e+00  6.43551065e+00 
 7.50000000e+00  7.47273978e+00  7.50000000e+00  1.63700623e+00  7.50000000e+00  1.64562412e+00  7.50000000e+00  8.50768006e+00  7.50000000e+00  6.48556009e+00 
 7.55000000e+00  7.52273198e+00  7.55000000e+00  1.58712071e+00  7.55000000e+00  1.59574054e+00  7.55000000e+00  8.55773504e+00  7.55000000e+00  6.53560953e+00 
 7.60000000e+00  7.57272418e+00  7.60000000e+00  1.53723522e+00  7.60000000e+00  1.54585701e+00  7.60000000e+00  8.60779002e+00  7.60000000e+00  6.58565899e+00 
 7.65000000e+00  7.62271637e+00  7.65000000e+00  1.48734977e+00  7.65000000e+00  1.49597351e+00  7.65000000e+00  8.65784500e+00  7.65000000e+00  6.63570845e+00 
 7.70000000e+00  7.67270855e+00  7.70000000e+00  1.43746436e+00  7.70000000e+00  1.44609005e+00  7.70000000e+00  8.70789997e+00  7.70000000e+00  6.68575793e+00 
 7.75000000e+00  7.72270073e+00  7.75000000e+00  1.38757899e+00  7.75000000e+00  1.39620663e+00  7.75000000e+00  8.75795495e+00  7.75000000e+00  6.73580741e+00 
 7.80000000e+00  7.77269290e+00  7.80000000e+00  1.33769365e+00  7.80000000e+00  1.34632324e+00  7.80000000e+00  8.80800993e+00  7.80000000e+00  6.78585690e+00 
 7.85000000e+00  7.82268507e+00  7.85000000e+00  1.28780835e+00  7.85000000e+00  1.29643990e+00  7.85000000e+00  8.85806491e+00  7.85000000e+00  6.83590640e+00 
 7.90000000e+00  7.87267723e+00  7.90000000e+00  1.23792308e+00  7.90000000e+00  1.24655659e+00  7.90000000e+00  8.90811989e+00  7.90000000e+00  6.88595592e+00 
 7.95000000e+00  7.92266938e+00  7.95000000e+00  1.18803785e+00  7.95000000e+00  1.19667332e+00  7.95000000e+00  8.95817487e+00  7.95000000e+00  6.93600544e+00 
 8.00000000e+00  7.97266153e+00  8.00000000e+00  1.13815266e+00  8.00000000e+00  1.14679009e+00  8.00000000e+00  9.00822985e+00  8.00000000e+00  6.98605498e+00 
 8.05000000e+00  8.02234724e+00  8.05000000e+00  1.08857328e+00  8.05000000e+00  1.09721266e+00  8.05000000e+00  9.05797802e+00  8.05000000e+00  7.03579774e+00 
 8.10000000e+00  8.07085685e+00  8.10000000e+00  1.04113365e+00  8.10000000e+00  1.04977493e+00  8.10000000e+00  9.10654862e+00  8.10000000e+00  7.08436308e+00 
 8.15000000e+00  8.11926092e+00  8.15000000e+00  9.96117957e-01  8.15000000e+00  1.00476114e+00  8.15000000e+00  9.15501355e+00  8.15000000e+00  7.13282277e+00 
 8.20000000e+00  8.16755879e+00  8.20000000e+00  9.53492055e-01  8.20000000e+00  9.62137139e-01  8.20000000e+00  9.20337215e+00  8.20000000e+00  7.18117616e+00 
 8.25000000e+00  8.21575007e+00  8.25000000e+00  9.13206072e-01  8.25000000e+00  9.21853054e-01  8.25000000e+00  9.25162403e+00  8.25000000e+00  7.22942286e+00 
 8.30000000e+00  8.26383236e+00  8.30000000e+00  8.75195570e-01  8.30000000e+00  8.83844447e-01  8.30000000e+00  9.29976680e+00  8.30000000e+00  7.27756047e+00 
 8.35000000e+00  8.31180370e+00  8.35000000e+00  8.39384236e-01  8.35000000e+00  8.48035004e-01  8.35000000e+00  9.34779848e+00  8.35000000e+00  7.32558701e+00 
 8.40000000e+00  8.35966246e+00  8.40000000e+00  8.05686096e-01  8.40000000e+00  8.14338754e-01  8.40000000e+00  9.39571745e+00  8.40000000e+00  7.37350088e+00 
 8.45000000e+00  8.40740742e+00  8.45000000e+00  7.74007808e-01  8.45000000e+00  7.82662352e-01  8.45000000e+00  9.44352248e+00  8.45000000e+00  7.42130083e+00 
 8.50000000e+00  8.45503763e+00  8.50000000e+00  7.44250899e-01  8.50000000e+00  7.52907326e-01  8.50000000e+00  9.49121263e+00  8.50000000e+00  7.46898593e+00 
 8.55000000e+00  8.50255249e+00  8.55000000e+00  7.16313862e-01  8.55000000e+00  7.24972169e-01  8.55000000e+00  9.53878728e+00  8.55000000e+00  7.51655556e+00 
 8.60000000e+00  8.54995161e+00  8.60000000e+00  6.90094032e-01  8.60000000e+00  6.98754217e-01  8.60000000e+00  9.58624606e+00  8.60000000e+00  7.56400934e+00 
 8.65000000e+00  8.59723484e+00  8.65000000e+00  6.65489209e-01  8.65000000e+00  6.74151267e-01  8.65000000e+00  9.63358882e+00  8.65000000e+00  7.61134712e+00 
 8.70000000e+00  8.64440222e+00  8.70000000e+00  6.42399000e-01  8.70000000e+00  6.51062930e-01  8.70000000e+00  9.68081559e+00  8.70000000e+00  7.65856894e+00 
 8.75000000e+00  8.69145393e+00  8.75000000e+00  6.20725894e-01  8.75000000e+00  6.29391691e-01  8.75000000e+00  9.72792656e+00  8.75000000e+00  7.70567498e+00 
 8.80000000e+00  8.73839028e+00  8.80000000e+00  6.00376067e-01  8.80000000e+00  6.09043730e-01  8.80000000e+00  9.77492204e+00  8.80000000e+00  7.75266555e+00 
 8.85000000e+00  8.78521169e+00  8.85000000e+00  5.81259974e-01  8.85000000e+00  5.89929498e-01  8.85000000e+00  9.82180244e+00  8.85000000e+00  7.79954107e+00 
 8.90000000e+00  8.83191864e+00  8.90000000e+00  5.63292719e-01  8.90000000e+00  5.71964103e-01  8.90000000e+00  9.86856825e+00  8.90000000e+00  7.84630202e+00 
 8.95000000e+00  8.87851167e+00  8.95000000e+00  5.46394278e-01  8.95000000e+00  5.55067521e-01  8.95000000e+00  9.91522000e+00  8.95000000e+00  7.89294893e+00 
 9.00000000e+00  8.92499133e+00  9.00000000e+00  5.30489569e-01  9.00000000e+00  5.39164676e-01  9.00000000e+00  9.96175826e+00  9.00000000e+00  7.93948238e+00 
 9.05000000e+00  8.97135813e+00  9.05000000e+00  5.15508421e-01  9.05000000e+00  5.24185420e-01  9.05000000e+00  1.00081835e+01  9.05000000e+00  7.98590285e+00 
 9.10000000e+00  9.01761222e+00  9.10000000e+00  5.01385442e-01  9.10000000e+00  5.10064462e-01  9.10000000e+00  1.00544960e+01  9.10000000e+00  8.03221051e+00 
 9.15000000e+00  9.06375202e+00  9.15000000e+00  4.88059766e-01  9.15000000e+00  4.96741365e-01  9.15000000e+00  1.01006940e+01  9.15000000e+00  8.07840377e+00 
 9.20000000e+00  9.10976772e+00  9.20000000e+00  4.75474474e-01  9.20000000e+00  4.84161085e-01  9.20000000e+00  1.01467678e+01  9.20000000e+00  8.12447283e+00 
 9.25000000e+00  9.15561009e+00  9.25000000e+00  4.63574714e-01  9.25000000e+00  4.72277187e-01  9.25000000e+00  1.01926680e+01  9.25000000e+00  8.17036842e+00 
 9.30000000e+00  9.20103820e+00  9.30000000e+00  4.52300055e-01  9.30000000e+00  4.61067580e-01  9.30000000e+00  1.02381538e+01  9.30000000e+00  8.21584947e+00 
 9.35000000e+00  9.24488981e+00  9.35000000e+00  4.41551955e-01  9.35000000e+00  4.50607238e-01  9.35000000e+00  1.02820616e+01  9.35000000e+00  8.25975282e+00 
 9.40000000e+00  9.28205595e+00  9.40000000e+00  4.31078195e-01  9.40000000e+00  4.41357590e-01  9.40000000e+00  1.03192769e+01  9.40000000e+00  8.29696430e+00 
 9.45000000e+00  9.29718268e+00  9.45000000e+00  4.20286590e-01  9.45000000e+00  4.34718876e-01  9.45000000e+00  1.03344238e+01  9.45000000e+00  8.31210971e+00 
 9.50000000e+00  9.27401255e+00  9.50000000e+00  4.08555862e-01  9.50000000e+00  4.32139291e-01  9.50000000e+00  1.03112215e+01  9.50000000e+00  8.28890973e+00 
 9.55000000e+00  9.21801651e+00  9.55000000e+00  3.95911366e-01  9.55000000e+00  4.33133342e-01  9.55000000e+00  1.02551534e+01  9.55000000e+00  8.23284725e+00 
 9.60000000e+00  9.14297852e+00  9.60000000e+00  3.82741503e-01  9.60000000e+00  4.36517183e-01  9.60000000e+00  1.01800206e+01  9.60000000e+00  8.15772200e+00 
 9.65000000e+00  9.05878655e+00  9.65000000e+00  3.69326895e-01  9.65000000e+00  4.41459943e-01  9.65000000e+00  1.00957224e+01  9.65000000e+00  8.07343237e+00 
 9.70000000e+00  8.97123257e+00  9.70000000e+00  3.55821223e-01  9.70000000e+00  4.47473364e-01  9.70000000e+00  1.00080580e+01  9.70000000e+00  7.98577693e+00 
 9.75000000e+00  8.88354479e+00  9.75000000e+00  3.42309663e-01  9.75000000e+00  4.54277385e-01  9.75000000e+00  9.92025975e+00  9.75000000e+00  7.89798759e+00 
 9.80000000e+00  8.79757947e+00  9.80000000e+00  3.28847229e-01  9.80000000e+00  4.61699715e-01  9.80000000e+00  9.83418615e+00  9.80000000e+00  7.81192280e+00 
 9.85000000e+00  8.71426236e+00  9.85000000e+00  3.15465526e-01  9.85000000e+00  4.69650819e-01  9.85000000e+00  9.75076414e+00  9.85000000e+00  7.72850934e+00 
 9.90000000e+00  8.63419396e+00  9.90000000e+00  3.02202282e-01  9.90000000e+00  4.78067263e-01  9.90000000e+00  9.67059497e+00  9.90000000e+00  7.64834841e+00 
 9.95000000e+00  8.55760830e+00  9.95000000e+00  2.89097460e-01  9.95000000e+00  4.86933622e-01  9.95000000e+00  9.59391296e+00  9.95000000e+00  7.57167431e+00 
 1.00000000e+01  8.48451742e+00  1.00000000e+01  2.76208577e-01  1.00000000e+01  4.96282945e-01  1.00000000e+01  9.52073016e+00  1.00000000e+01  7.49849906e+00 
 1.00500000e+01  8.41475882e+00  1.00500000e+01  2.63627615e-01  1.00500000e+01  5.06215602e-01  1.00500000e+01  9.45088385e+00  1.00500000e+01  7.42865999e+00 
 1.01000000e+01  8.34802207e+00  1.01000000e+01  2.51502210e-01  1.01000000e+01  5.16929150e-01  1.01000000e+01  9.38406322e+00  1.01000000e+01  7.36184629e+00 
 1.01500000e+01  8.28390769e+00  1.01500000e+01  2.40054705e-01  1.01500000e+01  5.28744866e-01  1.01500000e+01  9.31986827e+00  1.01500000e+01  7.29765801e+00 
 1.02000000e+01  8.22208106e+00  1.02000000e+01  2.29578363e-01  1.02000000e+01  5.42096231e-01  1.02000000e+01  9.25796396e+00  1.02000000e+01  7.23576016e+00 
 1.02500000e+01  8.16229948e+00  1.02500000e+01  2.20383841e-01  1.02500000e+01  5.57436509e-01  1.02500000e+01  9.19810730e+00  1.02500000e+01  7.17590975e+00 
 1.03000000e+01  8.09771776e+00  1.03000000e+01  2.12701305e-01  1.03000000e+01  5.75081285e-01  1.03000000e+01  9.13344447e+00  1.03000000e+01  7.11125369e+00 
 1.03500000e+01  8.02390594e+00  1.03500000e+01  2.06630270e-01  1.03500000e+01  5.95178351e-01  1.03500000e+01  9.05953996e+00  1.03500000e+01  7.03735696e+00 
 1.04000000e+01  7.93882907e+00  1.04000000e+01  2.02030241e-01  1.04000000e+01  6.17724787e-01  1.04000000e+01  8.97435630e+00  1.04000000e+01  6.95218227e+00 
 1.04500000e+01  7.83765809e+00  1.04500000e+01  1.98741496e-01  1.04500000e+01  6.44325077e-01  1.04500000e+01  8.87305834e+00  1.04500000e+01  6.85089501e+00 
 1.05000000e+01  7.68502314e+00  1.05000000e+01  1.96576771e-01  1.05000000e+01  7.07095855e-01  1.05000000e+01  8.72023188e+00  1.05000000e+01  6.69808478e+00 
 1.05500000e+01 -1.47319136e+01  1.05500000e+01  6.61075922e-02  1.05500000e+01  1.78319126e-01  1.05500000e+01 -1.48711854e+01  1.05500000e+01 -1.48711879e+01 
 1.06000000e+01 -1.47495396e+01  1.06000000e+01  6.61088136e-02  1.06000000e+01  1.40423026e-01  1.06000000e+01 -1.48711872e+01  1.06000000e+01 -1.48711879e+01 
 1.06500000e+01 -1.47439506e+01  1.06500000e+01  6.61100471e-02  1.06500000e+01  8.72206665e-02  1.06500000e+01 -1.48711872e+01  1.06500000e+01 -1.48711877e+01 
 1.07000000e+01 -1.47478576e+01  1.07000000e+01  6.61112816e-02  1.07000000e+01  3.97308783e-02  1.07000000e+01 -1.48711872e+01  1.07000000e+01 -1.48711877e+01 
 1.07500000e+01 -1.47494526e+01  1.07500000e+01  6.61125158e-02  1.07500000e+01 -9.61181078e-03  1.07500000e+01 -1.48711871e+01  1.07500000e+01 -1.48711876e+01 
 1.08000000e+01 -1.47494971e+01  1.08000000e+01  6.61137499e-02  1.08000000e+01 -5.95487921e-02  1.08000000e+01 -1.48711870e+01  1.08000000e+01 -1.48711876e+01 
 1.08500000e+01 -1.47495388e+01  1.08500000e+01  6.61149837e-02  1.08500000e+01 -1.09532909e-01  1.08500000e+01 -1.48711869e+01  1.08500000e+01 -1.48711874e+01 
 1.09000000e+01 -1.47495314e+01  1.09000000e+01  6.61162173e-02  1.09000000e+01 -1.59530543e-01  1.09000000e+01 -1.48711869e+01  1.09000000e+01 -1.48711874e+01 
 1.09500000e+01 -1.47495380e+01  1.09500000e+01  6.61174507e-02  1.09500000e+01 -2.09525775e-01  1.09500000e+01 -1.48711868e+01  1.09500000e+01 -1.48711873e+01 
 1.10000000e+01 -1.47495263e+01  1.10000000e+01  6.61186839e-02  1.10000000e+01 -2.59513107e-01  1.10000000e+01 -1.48711867e+01  1.10000000e+01 -1.48711873e+01 
 1.10500000e+01 -1.47495272e+01  1.10500000e+01  6.61199169e-02  1.10500000e+01 -3.09509049e-01  1.10500000e+01 -1.48711866e+01  1.10500000e+01 -1.48711872e+01 
 1.11000000e+01 -1.47495241e+01  1.11000000e+01  6.61211497e-02  1.11000000e+01 -3.59499975e-01  1.11000000e+01 -1.48711866e+01  1.11000000e+01 -1.48711871e+01 
 1.11500000e+01 -1.47495335e+01  1.11500000e+01  6.61223822e-02  1.11500000e+01 -4.09489352e-01  1.11500000e+01 -1.48711865e+01  1.11500000e+01 -1.48711870e+01 
 1.12000000e+01 -1.47495337e+01  1.12000000e+01  6.61236146e-02  1.12000000e+01 -4.59482298e-01  1.12000000e+01 -1.48711865e+01  1.12000000e+01 -1.48711870e+01 
 1.12500000e+01 -1.47495262e+01  1.12500000e+01  6.61248467e-02  1.12500000e+01 -5.09489057e-01  1.12500000e+01 -1.48711863e+01  1.12500000e+01 -1.48711869e+01 
 1.13000000e+01 -1.47495302e+01  1.13000000e+01  6.61260786e-02  1.13000000e+01 -5.59471125e-01  1.13000000e+01 -1.48711863e+01  1.13000000e+01 -1.48711868e+01 
 1.13500000e+01 -1.47495300e+01  1.13500000e+01  6.61273103e-02  1.13500000e+01 -6.09466700e-01  1.13500000e+01 -1.48711862e+01  1.13500000e+01 -1.48711867e+01 
 1.14000000e+01 -1.47495314e+01  1.14000000e+01  6.61285418e-02  1.14000000e+01 -6.59450708e-01  1.14000000e+01 -1.48711862e+01  1.14000000e+01 -1.48711867e+01 
 1.14500000e+01 -1.47495294e+01  1.14500000e+01  6.61297731e-02  1.14500000e+01 -7.09456062e-01  1.14500000e+01 -1.48711860e+01  1.14500000e+01 -1.48711866e+01 
 1.15000000e+01 -1.47495255e+01  1.15000000e+01  6.61310041e-02  1.15000000e+01 -7.59441153e-01  1.15000000e+01 -1.48711860e+01  1.15000000e+01 -1.48711866e+01 
 1.15500000e+01 -1.47495352e+01  1.15500000e+01  6.61322350e-02  1.15500000e+01 -8.09440126e-01  1.15500000e+01 -1.48711859e+01  1.15500000e+01 -1.48711864e+01 
 1.16000000e+01 -1.47495230e+01  1.16000000e+01  6.61334656e-02  1.16000000e+01 -8.59428643e-01  1.16000000e+01 -1.48711859e+01  1.16000000e+01 -1.48711864e+01 
 1.16500000e+01 -1.47495338e+01  1.16500000e+01  6.61346961e-02  1.16500000e+01 -9.09424290e-01  1.16500000e+01 -1.48711857e+01  1.16500000e+01 -1.48711863e+01 
 1.17000000e+01 -1.47495292e+01  1.17000000e+01  6.61359263e-02  1.17000000e+01 -9.59410626e-01  1.17000000e+01 -1.48711857e+01  1.17000000e+01 -1.48711863e+01 
 1.17500000e+01 -1.47495274e+01  1.17500000e+01  6.61371563e-02  1.17500000e+01 -1.00941787e+00  1.17500000e+01 -1.48711856e+01  1.17500000e+01 -1.48711861e+01 
 1.18000000e+01 -1.47495278e+01  1.18000000e+01  6.61383861e-02  1.18000000e+01 -1.05939714e+00  1.18000000e+01 -1.48711856e+01  1.18000000e+01 -1.48711861e+01 
 1.18500000e+01 -1.47495325e+01  1.18500000e+01  6.61396157e-02  1.18500000e+01 -1.10939825e+00  1.18500000e+01 -1.48711855e+01  1.18500000e+01 -1.48711860e+01 
 1.19000000e+01 -1.47495278e+01  1.19000000e+01  6.61408450e-02  1.19000000e+01 -1.15938870e+00  1.19000000e+01 -1.48711854e+01  1.19000000e+01 -1.48711860e+01 
 1.19500000e+01 -1.47495325e+01  1.19500000e+01  6.61420742e-02  1.19500000e+01 -1.20938765e+00  1.19500000e+01 -1.48711853e+01  1.19500000e+01 -1.48711859e+01 
 1.20000000e+01 -1.47495248e+01  1.20000000e+01  6.61433031e-02  1.20000000e+01 -1.25937440e+00  1.20000000e+01 -1.48711853e+01  1.20000000e+01 -1.48711858e+01 
 1.20500000e+01 -1.47495273e+01  1.20500000e+01  6.61445319e-02  1.20500000e+01 -1.30936406e+00  1.20500000e+01 -1.48711852e+01  1.20500000e+01 -1.48711857e+01 
 1.21000000e+01 -1.47495321e+01  1.21000000e+01  6.61457604e-02  1.21000000e+01 -1.35936811e+00  1.21000000e+01 -1.48711852e+01  1.21000000e+01 -1.48711857e+01 
 1.21500000e+01 -1.47495214e+01  1.21500000e+01  6.61469887e-02  1.21500000e+01 -1.40935717e+00  1.21500000e+01 -1.48711850e+01  1.21500000e+01 -1.48711856e+01 
 1.22000000e+01 -1.47495241e+01  1.22000000e+01  6.61482168e-02  1.22000000e+01 -1.45934207e+00  1.22000000e+01 -1.48711850e+01  1.22000000e+01 -1.48711855e+01 
 1.22500000e+01 -1.47495241e+01  1.22500000e+01  6.61494447e-02  1.22500000e+01 -1.50934191e+00  1.22500000e+01 -1.48711849e+01  1.22500000e+01 -1.48711854e+01 
 1.23000000e+01 -1.47495311e+01  1.23000000e+01  6.61506724e-02  1.23000000e+01 -1.55933162e+00  1.23000000e+01 -1.48711849e+01  1.23000000e+01 -1.48711854e+01 
 1.23500000e+01 -1.47495324e+01  1.23500000e+01  6.61518998e-02  1.23500000e+01 -1.60933091e+00  1.23500000e+01 -1.48711847e+01  1.23500000e+01 -1.48711853e+01 
 1.24000000e+01 -1.47495301e+01  1.24000000e+01  6.61531271e-02  1.24000000e+01 -1.65931534e+00  1.24000000e+01 -1.48711847e+01  1.24000000e+01 -1.48711853e+01 
 1.24500000e+01 -1.47495270e+01  1.24500000e+01  6.61543541e-02  1.24500000e+01 -1.70930765e+00  1.24500000e+01 -1.48711846e+01  1.24500000e+01 -1.48711851e+01 
 1.25000000e+01 -1.47495299e+01  1.25000000e+01  6.61555810e-02  1.25000000e+01 -1.75930728e+00  1.25000000e+01 -1.48711846e+01  1.25000000e+01 -1.48711851e+01 
 1.25500000e+01 -1.47495363e+01  1.25500000e+01  6.61568076e-02  1.25500000e+01 -1.80930065e+00  1.25500000e+01 -1.48711844e+01  1.25500000e+01 -1.48711850e+01 
 1.26000000e+01 -1.47495291e+01  1.26000000e+01  6.61580340e-02  1.26000000e+01 -1.85929038e+00  1.26000000e+01 -1.48711844e+01  1.26000000e+01 -1.48711850e+01 
 1.26500000e+01 -1.47495299e+01  1.26500000e+01  6.61592602e-02  1.26500000e+01 -1.90928252e+00  1.26500000e+01 -1.48711843e+01  1.26500000e+01 -1.48711848e+01 
 1.27000000e+01 -1.47495247e+01  1.27000000e+01  6.61604862e-02  1.27000000e+01 -1.95927863e+00  1.27000000e+01 -1.48711843e+01  1.27000000e+01 -1.48711848e+01 
 1.27500000e+01 -1.47495256e+01  1.27500000e+01  6.61617120e-02  1.27500000e+01 -2.00926558e+00  1.27500000e+01 -1.48711842e+01  1.27500000e+01 -1.48711847e+01 
 1.28000000e+01 -1.47495322e+01  1.28000000e+01  6.61629375e-02  1.28000000e+01 -2.05925700e+00  1.28000000e+01 -1.48711841e+01  1.28000000e+01 -1.48711847e+01 
 1.28500000e+01 -1.47495336e+01  1.28500000e+01  6.61641629e-02  1.28500000e+01 -2.10925310e+00  1.28500000e+01 -1.48711840e+01  1.28500000e+01 -1.48711846e+01 
 1.29000000e+01 -1.47495278e+01  1.29000000e+01  6.61653881e-02  1.29000000e+01 -2.15924606e+00  1.29000000e+01 -1.48711840e+01  1.29000000e+01 -1.48711845e+01 
 1.29500000e+01 -1.47495209e+01  1.29500000e+01  6.61666130e-02  1.29500000e+01 -2.20923381e+00  1.29500000e+01 -1.48711839e+01  1.29500000e+01 -1.48711844e+01 
 1.30000000e+01 -1.47495285e+01  1.30000000e+01  6.61678377e-02  1.30000000e+01 -2.25923702e+00  1.30000000e+01 -1.48711839e+01  1.30000000e+01 -1.48711844e+01 
 1.30500000e+01 -1.47495307e+01  1.30500000e+01  6.61690622e-02  1.30500000e+01 -2.30922064e+00  1.30500000e+01 -1.48711837e+01  1.30500000e+01 -1.48711843e+01 
 1.31000000e+01 -1.47495295e+01  1.31000000e+01  6.61702865e-02  1.31000000e+01 -2.35921067e+00  1.31000000e+01 -1.48711837e+01  1.31000000e+01 -1.48711843e+01 
 1.31500000e+01 -1.47495261e+01  1.31500000e+01  6.61715106e-02  1.31500000e+01 -2.40920895e+00  1.31500000e+01 -1.48711836e+01  1.31500000e+01 -1.48711841e+01 
 1.32000000e+01 -1.47495236e+01  1.32000000e+01  6.61727345e-02  1.32000000e+01 -2.45921061e+00  1.32000000e+01 -1.48711836e+01  1.32000000e+01 -1.48711841e+01 
 1.32500000e+01 -1.47495281e+01  1.32500000e+01  6.61739582e-02  1.32500000e+01 -2.50919942e+00  1.32500000e+01 -1.48711834e+01  1.32500000e+01 -1.48711840e+01 
 1.33000000e+01 -1.47495277e+01  1.33000000e+01  6.61751817e-02  1.33000000e+01 -2.55919191e+00  1.33000000e+01 -1.48711834e+01  1.33000000e+01 -1.48711840e+01 
 1.33500000e+01 -1.47495242e+01  1.33500000e+01  6.61764049e-02  1.33500000e+01 -2.60917889e+00  1.33500000e+01 -1.48711833e+01  1.33500000e+01 -1.48711838e+01 
 1.34000000e+01 -1.47495256e+01  1.34000000e+01  6.61776280e-02  1.34000000e+01 -2.65917916e+00  1.34000000e+01 -1.48711833e+01  1.34000000e+01 -1.48711838e+01 
 1.34500000e+01 -1.47495198e+01  1.34500000e+01  6.61788508e-02  1.34500000e+01 -2.70917291e+00  1.34500000e+01 -1.48711832e+01  1.34500000e+01 -1.48711837e+01 
 1.35000000e+01 -1.47495259e+01  1.35000000e+01  6.61800735e-02  1.35000000e+01 -2.75915614e+00  1.35000000e+01 -1.48711831e+01  1.35000000e+01 -1.48711837e+01 
 1.35500000e+01 -1.47495245e+01  1.35500000e+01  6.61812959e-02  1.35500000e+01 -2.80915247e+00  1.35500000e+01 -1.48711830e+01  1.35500000e+01 -1.48711836e+01 
 1.36000000e+01 -1.47495276e+01  1.36000000e+01  6.61825181e-02  1.36000000e+01 -2.85914446e+00  1.36000000e+01 -1.48711830e+01  1.36000000e+01 -1.48711835e+01 
 1.36500000e+01 -1.47495236e+01  1.36500000e+01  6.61837401e-02  1.36500000e+01 -2.90913684e+00  1.36500000e+01 -1.48711829e+01  1.36500000e+01 -1.48711834e+01 
 1.37000000e+01 -1.47495300e+01  1.37000000e+01  6.61849619e-02  1.37000000e+01 -2.95913053e+00  1.37000000e+01 -1.48711829e+01  1.37000000e+01 -1.48711834e+01 
 1.37500000e+01 -1.47495250e+01  1.37500000e+01  6.61861835e-02  1.37500000e+01 -3.00912428e+00  1.37500000e+01 -1.48711827e+01  1.37500000e+01 -1.48711833e+01 
 1.38000000e+01 -1.47495248e+01  1.38000000e+01  6.61874048e-02  1.38000000e+01 -3.05912247e+00  1.38000000e+01 -1.48711827e+01  1.38000000e+01 -1.48711833e+01 
 1.38500000e+01 -1.47495202e+01  1.38500000e+01  6.61886260e-02  1.38500000e+01 -3.10911077e+00  1.38500000e+01 -1.48711826e+01  1.38500000e+01 -1.48711831e+01 
 1.39000000e+01 -1.47495199e+01  1.39000000e+01  6.61898470e-02  1.39000000e+01 -3.15909702e+00  1.39000000e+01 -1.48711826e+01  1.39000000e+01 -1.48711831e+01 
 1.39500000e+01 -1.47495240e+01  1.39500000e+01  6.61910677e-02  1.39500000e+01 -3.20909605e+00  1.39500000e+01 -1.48711824e+01  1.39500000e+01 -1.48711830e+01 
 1.40000000e+01 -1.47495180e+01  1.40000000e+01  6.61922883e-02  1.40000000e+01 -3.25909609e+00  1.40000000e+01 -1.48711824e+01  1.40000000e+01 -1.48711830e+01 
