 3.00412047e-03  2.05011886e-02  3.00412047e-03 -2.06086841e-02  3.00412047e-03  3.61388003e-02  3.00412047e-03  2.04983748e-02  3.00412047e-03  6.97393014e-02 
 3.00912047e-03  2.05084044e-02  3.00912047e-03 -2.06049087e-02  3.00912047e-03  3.69628347e-02  3.00912047e-03  2.05008585e-02  3.00912047e-03  1.89562490e-01 
 3.01412047e-03  2.05155676e-02  3.01412047e-03 -2.06010964e-02  3.01412047e-03  3.77800405e-02  3.01412047e-03  2.05032980e-02  3.01412047e-03  3.09172819e-01 
 3.01912047e-03  2.05226737e-02  3.01912047e-03 -2.05972543e-02  3.01912047e-03  3.85912833e-02  3.01912047e-03  2.05056947e-02  3.01912047e-03  4.28452253e-01 
 3.02412047e-03  2.05297142e-02  3.02412047e-03 -2.05933843e-02  3.02412047e-03  3.93979007e-02  3.02412047e-03  2.05080435e-02  3.02412047e-03  5.47283074e-01 
 3.02912047e-03  2.05366850e-02  3.02912047e-03 -2.05894937e-02  3.02912047e-03  4.02018693e-02  3.02912047e-03  2.05103462e-02  3.02912047e-03  6.65548017e-01 
 3.03412047e-03  2.05435778e-02  3.03412047e-03 -2.05855846e-02  3.03412047e-03  4.10060089e-02  3.03412047e-03  2.05125978e-02  3.03412047e-03  7.83130365e-01 
 3.03912047e-03  2.05503889e-02  3.03912047e-03 -2.05816644e-02  3.03912047e-03  4.18142423e-02  3.03912047e-03  2.05148005e-02  3.03912047e-03  8.99914085e-01 
 3.04412047e-03  2.05571104e-02  3.04412047e-03 -2.05777357e-02  3.04412047e-03  4.26318148e-02  3.04412047e-03  2.05169496e-02  3.04412047e-03  1.01578392e+00 
 3.04912047e-03  2.05637389e-02  3.04912047e-03 -2.05738060e-02  3.04912047e-03  4.34652759e-02  3.04912047e-03  2.05190475e-02  3.04912047e-03  1.13062553e+00 
 3.05412047e-03  2.05702669e-02  3.05412047e-03 -2.05698779e-02  3.05412047e-03  4.43216532e-02  3.05412047e-03  2.05210899e-02  3.05412047e-03  1.24432558e+00 
 3.05912047e-03  2.05766912e-02  3.05912047e-03 -2.05659592e-02  3.05912047e-03  4.52060012e-02  3.05912047e-03  2.05230792e-02  3.05912047e-03  1.35677185e+00 
 3.06412047e-03  2.05830048e-02  3.06412047e-03 -2.05620526e-02  3.06412047e-03  4.61171864e-02  3.06412047e-03  2.05250116e-02  3.06412047e-03  1.46785339e+00 
 3.06912047e-03  2.05892048e-02  3.06912047e-03 -2.05581659e-02  3.06912047e-03  4.70447624e-02  3.06912047e-03  2.05268897e-02  3.06912047e-03  1.57746057e+00 
 3.07412047e-03  2.05952846e-02  3.07412047e-03 -2.05543019e-02  3.07412047e-03  4.79713421e-02  3.07412047e-03  2.05287099e-02  3.07412047e-03  1.68548521e+00 
 3.07912047e-03  2.06012416e-02  3.07912047e-03 -2.05504686e-02  3.07912047e-03  4.88792640e-02  3.07912047e-03  2.05304751e-02  3.07912047e-03  1.79182072e+00 
 3.08412047e-03  2.06070696e-02  3.08412047e-03 -2.05466688e-02  3.08412047e-03  4.97551844e-02  3.08412047e-03  2.05321818e-02  3.08412047e-03  1.89636216e+00 
 3.08912047e-03  2.06127663e-02  3.08912047e-03 -2.05429104e-02  3.08912047e-03  5.05906625e-02  3.08912047e-03  2.05338331e-02  3.08912047e-03  1.99900635e+00 
 3.09412047e-03  2.06183258e-02  3.09412047e-03 -2.05391962e-02  3.09412047e-03  5.13806998e-02  3.09412047e-03  2.05354259e-02  3.09412047e-03  2.09965200e+00 
 3.09912047e-03  2.06237462e-02  3.09912047e-03 -2.05355342e-02  3.09912047e-03  5.21223605e-02  3.09912047e-03  2.05369633e-02  3.09912047e-03  2.19819979e+00 
 3.10412047e-03  2.06290220e-02  3.10412047e-03 -2.05319272e-02  3.10412047e-03  5.28137974e-02  3.10412047e-03  2.05384424e-02  3.10412047e-03  2.29455246e+00 
 3.10912047e-03  2.06341516e-02  3.10912047e-03 -2.05283829e-02  3.10912047e-03  5.34537685e-02  3.10912047e-03  2.05398666e-02  3.10912047e-03  2.38861493e+00 
 3.11412047e-03  2.06391297e-02  3.11412047e-03 -2.05249040e-02  3.11412047e-03  5.40413468e-02  3.11412047e-03  2.05412330e-02  3.11412047e-03  2.48029437e+00 
 3.11912047e-03  2.06439552e-02  3.11912047e-03 -2.05214983e-02  3.11912047e-03  5.45758062e-02  3.11912047e-03  2.05425451e-02  3.11912047e-03  2.56950029e+00 
 3.12412047e-03  2.06486230e-02  3.12412047e-03 -2.05181683e-02  3.12412047e-03  5.50565406e-02  3.12412047e-03  2.05438002e-02  3.12412047e-03  2.65614468e+00 
 3.12912047e-03  2.06531323e-02  3.12912047e-03 -2.05149215e-02  3.12912047e-03  5.54830395e-02  3.12912047e-03  2.05450021e-02  3.12912047e-03  2.74014201e+00 
 3.13412047e-03  2.06574785e-02  3.13412047e-03 -2.05117604e-02  3.13412047e-03  5.58548645e-02  3.13412047e-03  2.05461479e-02  3.13412047e-03  2.82140940e+00 
 3.13912047e-03  2.06616609e-02  3.13912047e-03 -2.05086922e-02  3.13912047e-03  5.61716436e-02  3.13912047e-03  2.05472416e-02  3.13912047e-03  2.89986665e+00 
 3.14412047e-03  2.06656751e-02  3.14412047e-03 -2.05057192e-02  3.14412047e-03  5.64330650e-02  3.14412047e-03  2.05482805e-02  3.14412047e-03  2.97543633e+00 
 3.14912047e-03  2.06695208e-02  3.14912047e-03 -2.05028483e-02  3.14912047e-03  5.66388749e-02  3.14912047e-03  2.05492684e-02  3.14912047e-03  3.04804385e+00 
 3.15412047e-03  2.06731941e-02  3.15412047e-03 -2.05000815e-02  3.15412047e-03  5.67888764e-02  3.15412047e-03  2.05502028e-02  3.15412047e-03  3.11761757e+00 
 3.15912047e-03  2.06766947e-02  3.15912047e-03 -2.04974257e-02  3.15912047e-03  5.68829278e-02  3.15912047e-03  2.05510876e-02  3.15912047e-03  3.18408883e+00 
 3.16412047e-03  2.06800188e-02  3.16412047e-03 -2.04948823e-02  3.16412047e-03  5.69209444e-02  3.16412047e-03  2.05519202e-02  3.16412047e-03  3.24739202e+00 
 3.16912047e-03  2.06831667e-02  3.16912047e-03 -2.04924579e-02  3.16912047e-03  5.69028951e-02  3.16912047e-03  2.05527045e-02  3.16912047e-03  3.30746468e+00 
 3.17412047e-03  2.06861348e-02  3.17412047e-03 -2.04901537e-02  3.17412047e-03  5.68288058e-02  3.17412047e-03  2.05534380e-02  3.17412047e-03  3.36424751e+00 
 3.17912047e-03  2.06889234e-02  3.17912047e-03 -2.04879758e-02  3.17912047e-03  5.66987564e-02  3.17912047e-03  2.05541245e-02  3.17912047e-03  3.41768449e+00 
 3.18412047e-03  2.06915293e-02  3.18412047e-03 -2.04859253e-02  3.18412047e-03  5.65128833e-02  3.18412047e-03  2.05547615e-02  3.18412047e-03  3.46772288e+00 
 3.18912047e-03  2.06939530e-02  3.18912047e-03 -2.04840076e-02  3.18912047e-03  5.62713776e-02  3.18912047e-03  2.05553527e-02  3.18912047e-03  3.51431328e+00 
 3.19412047e-03  2.06961915e-02  3.19412047e-03 -2.04822235e-02  3.19412047e-03  5.59744874e-02  3.19412047e-03  2.05558956e-02  3.19412047e-03  3.55740973e+00 
 3.19912047e-03  2.06982455e-02  3.19912047e-03 -2.04805782e-02  3.19912047e-03  5.56225171e-02  3.19912047e-03  2.05563940e-02  3.19912047e-03  3.59696970e+00 
 3.20412047e-03  2.07001121e-02  3.20412047e-03 -2.04790717e-02  3.20412047e-03  5.52158307e-02  3.20412047e-03  2.05568451e-02  3.20412047e-03  3.63295413e+00 
 3.20912047e-03  2.07017924e-02  3.20912047e-03 -2.04777089e-02  3.20912047e-03  5.47548536e-02  3.20912047e-03  2.05572525e-02  3.20912047e-03  3.66532752e+00 
 3.21412047e-03  2.07032836e-02  3.21412047e-03 -2.04764896e-02  3.21412047e-03  5.42400804e-02  3.21412047e-03  2.05576137e-02  3.21412047e-03  3.69405793e+00 
 3.21912047e-03  2.07045868e-02  3.21912047e-03 -2.04754179e-02  3.21912047e-03  5.36720852e-02  3.21912047e-03  2.05579320e-02  3.21912047e-03  3.71911698e+00 
 3.22412047e-03  2.07056997e-02  3.22412047e-03 -2.04744933e-02  3.22412047e-03  5.30515464e-02  3.22412047e-03  2.05582047e-02  3.22412047e-03  3.74047997e+00 
 3.22912047e-03  2.07066235e-02  3.22912047e-03 -2.04737195e-02  3.22912047e-03  5.23792898e-02  3.22912047e-03  2.05584352e-02  3.22912047e-03  3.75812579e+00 
 3.23412047e-03  2.07073558e-02  3.23412047e-03 -2.04730952e-02  3.23412047e-03  5.16563782e-02  3.23412047e-03  2.05586205e-02  3.23412047e-03  3.77203704e+00 
 3.23912047e-03  2.07078982e-02  3.23912047e-03 -2.04726240e-02  3.23912047e-03  5.08842877e-02  3.23912047e-03  2.05587640e-02  3.23912047e-03  3.78219998e+00 
 3.24412047e-03  2.07082485e-02  3.24412047e-03 -2.04723039e-02  3.24412047e-03  5.00652558e-02  3.24412047e-03  2.05588627e-02  3.24412047e-03  3.78860459e+00 
 3.24912047e-03  2.07084084e-02  3.24912047e-03 -2.04721380e-02  3.24912047e-03  4.92029531e-02  3.24912047e-03  2.05589196e-02  3.24912047e-03  3.79124454e+00 
 3.25412047e-03  2.07083758e-02  3.25412047e-03 -2.04721239e-02  3.25412047e-03  4.83036630e-02  3.25412047e-03  2.05589316e-02  3.25412047e-03  3.79011723e+00 
 3.25912047e-03  2.07081526e-02  3.25912047e-03 -2.04722640e-02  3.25912047e-03  4.73779456e-02  3.25912047e-03  2.05589018e-02  3.25912047e-03  3.78522376e+00 
 3.26412047e-03  2.07077369e-02  3.26412047e-03 -2.04725557e-02  3.26412047e-03  4.64417136e-02  3.26412047e-03  2.05588268e-02  3.26412047e-03  3.77656897e+00 
 3.26912047e-03  2.07071308e-02  3.26912047e-03 -2.04730007e-02  3.26912047e-03  4.55141392e-02  3.26912047e-03  2.05587097e-02  3.26912047e-03  3.76416140e+00 
 3.27412047e-03  2.07063325e-02  3.27412047e-03 -2.04735959e-02  3.27412047e-03  4.46109814e-02  3.27412047e-03  2.05585470e-02  3.27412047e-03  3.74801328e+00 
 3.27912047e-03  2.07053443e-02  3.27912047e-03 -2.04743426e-02  3.27912047e-03  4.37386135e-02  3.27912047e-03  2.05583414e-02  3.27912047e-03  3.72814056e+00 
 3.28412047e-03  2.07041645e-02  3.28412047e-03 -2.04752371e-02  3.28412047e-03  4.28942697e-02  3.28412047e-03  2.05580896e-02  3.28412047e-03  3.70456285e+00 
 3.28912047e-03  2.07027957e-02  3.28912047e-03 -2.04762804e-02  3.28912047e-03  4.20705782e-02  3.28912047e-03  2.05577941e-02  3.28912047e-03  3.67730340e+00 
 3.29412047e-03  2.07012364e-02  3.29412047e-03 -2.04774682e-02  3.29412047e-03  4.12597747e-02  3.29412047e-03  2.05574515e-02  3.29412047e-03  3.64638913e+00 
 3.29912047e-03  2.06994891e-02  3.29912047e-03 -2.04788009e-02  3.29912047e-03  4.04555558e-02  3.29912047e-03  2.05570641e-02  3.29912047e-03  3.61185053e+00 
 3.30412047e-03  2.06975528e-02  3.30412047e-03 -2.04802739e-02  3.30412047e-03  3.96532597e-02  3.30412047e-03  2.05566285e-02  3.30412047e-03  3.57372169e+00 
 3.30912047e-03  2.06954302e-02  3.30912047e-03 -2.04818873e-02  3.30912047e-03  3.88495555e-02  3.30912047e-03  2.05561470e-02  3.30912047e-03  3.53204024e+00 
 3.31412047e-03  2.06931203e-02  3.31412047e-03 -2.04836358e-02  3.31412047e-03  3.80421103e-02  3.31412047e-03  2.05556159e-02  3.31412047e-03  3.48684732e+00 
 3.31912047e-03  2.06906261e-02  3.31912047e-03 -2.04855191e-02  3.31912047e-03  3.72293320e-02  3.31912047e-03  2.05550377e-02  3.31912047e-03  3.43818751e+00 
 3.32412047e-03  2.06879469e-02  3.32412047e-03 -2.04875317e-02  3.32412047e-03  3.64101717e-02  3.32412047e-03  2.05544085e-02  3.32412047e-03  3.38610884e+00 
 3.32912047e-03  2.06850858e-02  3.32912047e-03 -2.04896727e-02  3.32912047e-03  3.55839874e-02  3.32912047e-03  2.05537308e-02  3.32912047e-03  3.33066270e+00 
 3.33412047e-03  2.06820424e-02  3.33412047e-03 -2.04919362e-02  3.33412047e-03  3.47504403e-02  3.33412047e-03  2.05530007e-02  3.33412047e-03  3.27190381e+00 
 3.33912047e-03  2.06788200e-02  3.33912047e-03 -2.04943210e-02  3.33912047e-03  3.39094260e-02  3.33912047e-03  2.05522206e-02  3.33912047e-03  3.20989016e+00 
 3.34412047e-03  2.06754185e-02  3.34412047e-03 -2.04968210e-02  3.34412047e-03  3.30610186e-02  3.34412047e-03  2.05513866e-02  3.34412047e-03  3.14468294e+00 
 3.34912047e-03  2.06718414e-02  3.34912047e-03 -2.04994344e-02  3.34912047e-03  3.22054363e-02  3.34912047e-03  2.05505011e-02  3.34912047e-03  3.07634651e+00 
 3.35412047e-03  2.06680888e-02  3.35412047e-03 -2.05021548e-02  3.35412047e-03  3.13430086e-02  3.35412047e-03  2.05495604e-02  3.35412047e-03  3.00494829e+00 
 3.35912047e-03  2.06641647e-02  3.35912047e-03 -2.05049802e-02  3.35912047e-03  3.04741592e-02  3.35912047e-03  2.05485667e-02  3.35912047e-03  2.93055876e+00 
 3.36412047e-03  2.06600693e-02  3.36412047e-03 -2.05079039e-02  3.36412047e-03  2.95993854e-02  3.36412047e-03  2.05475163e-02  3.36412047e-03  2.85325133e+00 
 3.36912047e-03  2.06558068e-02  3.36912047e-03 -2.05109238e-02  3.36912047e-03  2.87192494e-02  3.36912047e-03  2.05464118e-02  3.36912047e-03  2.77310227e+00 
 3.37412047e-03  2.06513780e-02  3.37412047e-03 -2.05140327e-02  3.37412047e-03  2.78343641e-02  3.37412047e-03  2.05452493e-02  3.37412047e-03  2.69019071e+00 
 3.37912047e-03  2.06467871e-02  3.37912047e-03 -2.05172282e-02  3.37912047e-03  2.69453899e-02  3.37912047e-03  2.05440314e-02  3.37912047e-03  2.60459844e+00 
 3.38412047e-03  2.06420353e-02  3.38412047e-03 -2.05205032e-02  3.38412047e-03  2.60530234e-02  3.38412047e-03  2.05427546e-02  3.38412047e-03  2.51640995e+00 
 3.38912047e-03  2.06371272e-02  3.38912047e-03 -2.05238550e-02  3.38912047e-03  2.51579974e-02  3.38912047e-03  2.05414213e-02  3.38912047e-03  2.42571226e+00 
 3.39412047e-03  2.06320642e-02  3.39412047e-03 -2.05272762e-02  3.39412047e-03  2.42610714e-02  3.39412047e-03  2.05400283e-02  3.39412047e-03  2.33259489e+00 
 3.39912047e-03  2.06268514e-02  3.39912047e-03 -2.05307641e-02  3.39912047e-03  2.33630339e-02  3.39912047e-03  2.05385782e-02  3.39912047e-03  2.23714972e+00 
 3.40412047e-03  2.06214903e-02  3.40412047e-03 -2.05343111e-02  3.40412047e-03  2.24646933e-02  3.40412047e-03  2.05370678e-02  3.40412047e-03  2.13947094e+00 
 3.40912047e-03  2.06159865e-02  3.40912047e-03 -2.05379145e-02  3.40912047e-03  2.15668825e-02  3.40912047e-03  2.05354998e-02  3.40912047e-03  2.03965496e+00 
 3.41412047e-03  2.06103419e-02  3.41412047e-03 -2.05415665e-02  3.41412047e-03  2.06704499e-02  3.41412047e-03  2.05338713e-02  3.41412047e-03  1.93780029e+00 
 3.41912047e-03  2.06045621e-02  3.41912047e-03 -2.05452645e-02  3.41912047e-03  1.97762650e-02  3.41912047e-03  2.05321852e-02  3.41912047e-03  1.83400743e+00 
 3.42412047e-03  2.05986498e-02  3.42412047e-03 -2.05490006e-02  3.42412047e-03  1.88852105e-02  3.42412047e-03  2.05304388e-02  3.42412047e-03  1.72837882e+00 
 3.42912047e-03  2.05926108e-02  3.42912047e-03 -2.05527720e-02  3.42912047e-03  1.79981885e-02  3.42912047e-03  2.05286350e-02  3.42912047e-03  1.62101871e+00 
 3.43412047e-03  2.05864480e-02  3.43412047e-03 -2.05565710e-02  3.43412047e-03  1.71161130e-02  3.43412047e-03  2.05267715e-02  3.43412047e-03  1.51203305e+00 
 3.43912047e-03  2.05801677e-02  3.43912047e-03 -2.05603949e-02  3.43912047e-03  1.62399172e-02  3.43912047e-03  2.05248516e-02  3.43912047e-03  1.40152938e+00 
 3.44412047e-03  2.05737731e-02  3.44412047e-03 -2.05642360e-02  3.44412047e-03  1.53705466e-02  3.44412047e-03  2.05228728e-02  3.44412047e-03  1.28961677e+00 
 3.44912047e-03  2.05672710e-02  3.44912047e-03 -2.05680915e-02  3.44912047e-03  1.45089677e-02  3.44912047e-03  2.05208389e-02  3.44912047e-03  1.17640566e+00 
 3.45412047e-03  2.05606648e-02  3.45412047e-03 -2.05719539e-02  3.45412047e-03  1.36561618e-02  3.45412047e-03  2.05187477e-02  3.45412047e-03  1.06200779e+00 
 3.45912047e-03  2.05539618e-02  3.45912047e-03 -2.05758206e-02  3.45912047e-03  1.28131350e-02  3.45912047e-03  2.05166031e-02  3.45912047e-03  9.46536032e-01 
 3.46412047e-03  2.05471656e-02  3.46412047e-03 -2.05796843e-02  3.46412047e-03  1.19809138e-02  3.46412047e-03  2.05144033e-02  3.46412047e-03  8.30104365e-01 
 3.46912047e-03  2.05402839e-02  3.46912047e-03 -2.05835423e-02  3.46912047e-03  1.11605574e-02  3.46912047e-03  2.05121525e-02  3.46912047e-03  7.12827686e-01 
 3.47412047e-03  2.05333208e-02  3.47412047e-03 -2.05873876e-02  3.47412047e-03  1.03531556e-02  3.47412047e-03  2.05098490e-02  3.47412047e-03  5.94821737e-01 
 3.47912047e-03  2.05262841e-02  3.47912047e-03 -2.05912178e-02  3.47912047e-03  9.55984503e-03  3.47912047e-03  2.05074974e-02  3.47912047e-03  4.76202976e-01 
 3.48412047e-03  2.05191784e-02  3.48412047e-03 -2.05950259e-02  3.48412047e-03  8.78181124e-03  3.48412047e-03  2.05050963e-02  3.48412047e-03  3.57088468e-01 
 3.48912047e-03  2.05120120e-02  3.48912047e-03 -2.05988099e-02  3.48912047e-03  8.02031147e-03  3.48912047e-03  2.05026504e-02  3.48912047e-03  2.37595765e-01 
 3.49412047e-03  2.05047896e-02  3.49412047e-03 -2.06025630e-02  3.49412047e-03  7.27668478e-03  3.49412047e-03  2.05001589e-02  3.49412047e-03  1.17842796e-01 
 3.49912047e-03  2.04975197e-02  3.49912047e-03 -2.06062834e-02  3.49912047e-03  6.55238687e-03  3.49912047e-03  2.04976268e-02  3.49912047e-03 -2.05225849e-03 
 3.50412047e-03  2.04902076e-02  3.50412047e-03 -2.06099648e-02  3.50412047e-03  5.84901578e-03  3.50412047e-03  2.04950533e-02  3.50412047e-03 -1.21971072e-01 
 3.50912047e-03  2.04828620e-02  3.50912047e-03 -2.06136054e-02  3.50912047e-03  5.16836964e-03  3.50912047e-03  2.04924437e-02  3.50912047e-03 -2.41795298e-01 
 3.51412047e-03  2.04754885e-02  3.51412047e-03 -2.06171993e-02  3.51412047e-03  4.51250400e-03  3.51412047e-03  2.04897977e-02  3.51412047e-03 -3.61406682e-01 
 3.51912047e-03  2.04680961e-02  3.51912047e-03 -2.06207452e-02  3.51912047e-03  3.88383530e-03  3.51912047e-03  2.04871210e-02  3.51912047e-03 -4.80687181e-01 
 3.52412047e-03  2.04606907e-02  3.52412047e-03 -2.06242373e-02  3.52412047e-03  3.28526164e-03  3.52412047e-03  2.04844133e-02  3.52412047e-03 -5.99519077e-01 
 3.52912047e-03  2.04532814e-02  3.52912047e-03 -2.06276747e-02  3.52912047e-03  2.72035388e-03  3.52912047e-03  2.04816806e-02  3.52912047e-03 -7.17785095e-01 
 3.53412047e-03  2.04458744e-02  3.53412047e-03 -2.06310520e-02  3.53412047e-03  2.19358586e-03  3.53412047e-03  2.04789232e-02  3.53412047e-03 -8.35368518e-01 
 3.53912047e-03  2.04384792e-02  3.53912047e-03 -2.06343686e-02  3.53912047e-03  1.71063415e-03  3.53912047e-03  2.04761470e-02  3.53912047e-03 -9.52153305e-01 
 3.54412047e-03  2.04311022e-02  3.54412047e-03 -2.06376196e-02  3.54412047e-03  1.27861838e-03  3.54412047e-03  2.04733527e-02  3.54412047e-03 -1.06802420e+00 
 3.54912047e-03  2.04237528e-02  3.54912047e-03 -2.06408047e-02  3.54912047e-03  9.06037427e-04  3.54912047e-03  2.04705466e-02  3.54912047e-03 -1.18286685e+00 
 3.55412047e-03  2.04164378e-02  3.55412047e-03 -2.06439192e-02  3.55412047e-03  6.01671670e-04  3.55412047e-03  2.04677295e-02  3.55412047e-03 -1.29656792e+00 
 3.55912047e-03  2.04091668e-02  3.55912047e-03 -2.06469634e-02  3.55912047e-03  3.71520813e-04  3.55912047e-03  2.04649079e-02  3.55912047e-03 -1.40901520e+00 
 3.56412047e-03  2.04019466e-02  3.56412047e-03 -2.06499330e-02  3.56412047e-03  2.13960357e-04  3.56412047e-03  2.04620829e-02  3.56412047e-03 -1.52009771e+00 
 3.56912047e-03  2.03947871e-02  3.56912047e-03 -2.06528286e-02  3.56912047e-03  1.17072072e-04  3.56912047e-03  2.04592612e-02  3.56912047e-03 -1.62970583e+00 
 3.57412047e-03  2.03876949e-02  3.57412047e-03 -2.06556462e-02  3.57412047e-03  6.26478212e-05  3.57412047e-03  2.04564441e-02  3.57412047e-03 -1.73773138e+00 
 3.57912047e-03  2.03806802e-02  3.57912047e-03 -2.06583867e-02  3.57912047e-03  3.37502186e-05  3.57912047e-03  2.04536386e-02  3.57912047e-03 -1.84406776e+00 
 3.58412047e-03  2.03737496e-02  3.58412047e-03 -2.06610468e-02  3.58412047e-03  1.87368073e-05  3.58412047e-03  2.04508460e-02  3.58412047e-03 -1.94861002e+00 
 3.58912047e-03  2.03669133e-02  3.58912047e-03 -2.06636277e-02  3.58912047e-03  1.09168039e-05  3.58912047e-03  2.04480735e-02  3.58912047e-03 -2.05125500e+00 
 3.59412047e-03  2.03601780e-02  3.59412047e-03 -2.06661262e-02  3.59412047e-03  6.76674231e-06  3.59412047e-03  2.04453226e-02  3.59412047e-03 -2.15190138e+00 
 3.59912047e-03  2.03535536e-02  3.59912047e-03 -2.06685439e-02  3.59912047e-03  4.50463768e-06  3.59912047e-03  2.04426005e-02  3.59912047e-03 -2.25044986e+00 
 3.60412047e-03  2.03470469e-02  3.60412047e-03 -2.06708781e-02  3.60412047e-03  3.22701335e-06  3.60412047e-03  2.04399089e-02  3.60412047e-03 -2.34680316e+00 
 3.60912047e-03  2.03406677e-02  3.60912047e-03 -2.06731308e-02  3.60912047e-03  2.47804481e-06  3.60912047e-03  2.04372549e-02  3.60912047e-03 -2.44086619e+00 
 3.61412047e-03  2.03344227e-02  3.61412047e-03 -2.06752993e-02  3.61412047e-03  2.01653168e-06  3.61412047e-03  2.04346405e-02  3.61412047e-03 -2.53254614e+00 
 3.61912047e-03  2.03283217e-02  3.61912047e-03 -2.06773861e-02  3.61912047e-03  1.71906810e-06  3.61912047e-03  2.04320728e-02  3.61912047e-03 -2.62175252e+00 
 3.62412047e-03  2.03223709e-02  3.62412047e-03 -2.06793889e-02  3.62412047e-03  1.51398347e-06  3.62412047e-03  2.04295536e-02  3.62412047e-03 -2.70839730e+00 
 3.62912047e-03  2.03165799e-02  3.62912047e-03 -2.06813101e-02  3.62912047e-03  1.36599064e-06  3.62912047e-03  2.04270901e-02  3.62912047e-03 -2.79239496e+00 
 3.63412047e-03  2.03109549e-02  3.63412047e-03 -2.06831479e-02  3.63412047e-03  1.25033133e-06  3.63412047e-03  2.04246840e-02  3.63412047e-03 -2.87366262e+00 
 3.63912047e-03  2.03055051e-02  3.63912047e-03 -2.06849049e-02  3.63912047e-03  1.15722591e-06  3.63912047e-03  2.04223426e-02  3.63912047e-03 -2.95212006e+00 
 3.64412047e-03  2.03002364e-02  3.64412047e-03 -2.06865796e-02  3.64412047e-03  1.07618086e-06  3.64412047e-03  2.04200673e-02  3.64412047e-03 -3.02768987e+00 
 3.64912047e-03  2.02951576e-02  3.64912047e-03 -2.06881746e-02  3.64912047e-03  1.00555226e-06  3.64912047e-03  2.04178653e-02  3.64912047e-03 -3.10029746e+00 
 3.65412047e-03  2.02902742e-02  3.65412047e-03 -2.06896885e-02  3.65412047e-03  9.39660977e-07  3.65412047e-03  2.04157380e-02  3.65412047e-03 -3.16987118e+00 
 3.65912047e-03  2.02855946e-02  3.65912047e-03 -2.06911242e-02  3.65912047e-03  8.79774213e-07  3.65912047e-03  2.04136923e-02  3.65912047e-03 -3.23634237e+00 
 3.66412047e-03  2.02811240e-02  3.66412047e-03 -2.06924804e-02  3.66412047e-03  8.22095942e-07  3.66412047e-03  2.04117294e-02  3.66412047e-03 -3.29964543e+00 
 3.66912047e-03  2.02768702e-02  3.66912047e-03 -2.06937600e-02  3.66912047e-03  7.69178137e-07  3.66912047e-03  2.04098559e-02  3.66912047e-03 -3.35971789e+00 
 3.67412047e-03  2.02728377e-02  3.67412047e-03 -2.06949619e-02  3.67412047e-03  7.18252061e-07  3.67412047e-03  2.04080728e-02  3.67412047e-03 -3.41650047e+00 
 3.67912047e-03  2.02690341e-02  3.67912047e-03 -2.06960889e-02  3.67912047e-03  6.72817714e-07  3.67912047e-03  2.04063866e-02  3.67912047e-03 -3.46993712e+00 
 3.68412047e-03  2.02654632e-02  3.68412047e-03 -2.06971399e-02  3.68412047e-03  6.31208526e-07  3.68412047e-03  2.04047978e-02  3.68412047e-03 -3.51997512e+00 
 3.68912047e-03  2.02621319e-02  3.68912047e-03 -2.06981179e-02  3.68912047e-03  5.98387651e-07  3.68912047e-03  2.04033124e-02  3.68912047e-03 -3.56656508e+00 
 3.69412047e-03  2.02590435e-02  3.69412047e-03 -2.06990215e-02  3.69412047e-03  5.74894823e-07  3.69412047e-03  2.04019308e-02  3.69412047e-03 -3.60966103e+00 
 3.69912047e-03  2.02562041e-02  3.69912047e-03 -2.06998538e-02  3.69912047e-03  5.69197288e-07  3.69912047e-03  2.04006586e-02  3.69912047e-03 -3.64922044e+00 
 3.70412047e-03  2.02536164e-02  3.70412047e-03 -2.07006133e-02  3.70412047e-03  5.87687399e-07  3.70412047e-03  2.03994957e-02  3.70412047e-03 -3.68520426e+00 
 3.70912047e-03  2.02512858e-02  3.70912047e-03 -2.07013030e-02  3.70912047e-03  6.48872585e-07  3.70912047e-03  2.03984472e-02  3.70912047e-03 -3.71757699e+00 
 3.71412047e-03  2.02492142e-02  3.71412047e-03 -2.07019212e-02  3.71412047e-03  7.76886123e-07  3.71412047e-03  2.03975127e-02  3.71412047e-03 -3.74630668e+00 
 3.71912047e-03  2.02474063e-02  3.71912047e-03 -2.07024708e-02  3.71912047e-03  1.02232868e-06  3.71912047e-03  2.03966968e-02  3.71912047e-03 -3.77136498e+00 
 3.72412047e-03  2.02458633e-02  3.72412047e-03 -2.07029501e-02  3.72412047e-03  1.46885578e-06  3.72412047e-03  2.03959987e-02  3.72412047e-03 -3.79272717e+00 
 3.72912047e-03  2.02445889e-02  3.72912047e-03 -2.07033617e-02  3.72912047e-03  2.28001447e-06  3.72912047e-03  2.03954223e-02  3.72912047e-03 -3.81037215e+00 
 3.73412047e-03  2.02435837e-02  3.73412047e-03 -2.07037037e-02  3.73412047e-03  3.75857803e-06  3.73412047e-03  2.03949663e-02  3.73412047e-03 -3.82428252e+00 
 3.73912047e-03  2.02428506e-02  3.73912047e-03 -2.07039786e-02  3.73912047e-03  6.50130475e-06  3.73912047e-03  2.03946343e-02  3.73912047e-03 -3.83444455e+00 
 3.74412047e-03  2.02423892e-02  3.74412047e-03 -2.07041842e-02  3.74412047e-03  1.16789132e-05  3.74412047e-03  2.03944243e-02  3.74412047e-03 -3.84084822e+00 
 3.74912047e-03  2.02422016e-02  3.74912047e-03 -2.07043228e-02  3.74912047e-03  2.16296074e-05  3.74912047e-03  2.03943393e-02  3.74912047e-03 -3.84348721e+00 
 3.75412047e-03  2.02422866e-02  3.75412047e-03 -2.07043922e-02  3.75412047e-03  4.09419737e-05  3.75412047e-03  2.03943770e-02  3.75412047e-03 -3.84235891e+00 
 3.75912047e-03  2.02426456e-02  3.75912047e-03 -2.07043943e-02  3.75912047e-03  7.82199826e-05  3.75912047e-03  2.03945398e-02  3.75912047e-03 -3.83746444e+00 
 3.76412047e-03  2.02432764e-02  3.76412047e-03 -2.07043267e-02  3.76412047e-03  1.47821439e-04  3.76412047e-03  2.03948247e-02  3.76412047e-03 -3.82880863e+00 
 3.76912047e-03  2.02441795e-02  3.76912047e-03 -2.07041911e-02  3.76912047e-03  2.69015424e-04  3.76912047e-03  2.03952336e-02  3.76912047e-03 -3.81640002e+00 
 3.77412047e-03  2.02453520e-02  3.77412047e-03 -2.07039850e-02  3.77412047e-03  4.59622204e-04  3.77412047e-03  2.03957630e-02  3.77412047e-03 -3.80025086e+00 
 3.77912047e-03  2.02467936e-02  3.77912047e-03 -2.07037098e-02  3.77912047e-03  7.27690177e-04  3.77912047e-03  2.03964143e-02  3.77912047e-03 -3.78037710e+00 
 3.78412047e-03  2.02485006e-02  3.78412047e-03 -2.07033629e-02  3.78412047e-03  1.06974096e-03  3.78412047e-03  2.03971835e-02  3.78412047e-03 -3.75679834e+00 
 3.78912047e-03  2.02504716e-02  3.78912047e-03 -2.07029455e-02  3.78912047e-03  1.47649974e-03  3.78912047e-03  2.03980714e-02  3.78912047e-03 -3.72953785e+00 
 3.79412047e-03  2.02527024e-02  3.79412047e-03 -2.07024547e-02  3.79412047e-03  1.93849506e-03  3.79412047e-03  2.03990735e-02  3.79412047e-03 -3.69862254e+00 
 3.79912047e-03  2.02551909e-02  3.79912047e-03 -2.07018917e-02  3.79912047e-03  2.44780432e-03  3.79912047e-03  2.04001903e-02  3.79912047e-03 -3.66408292e+00 
 3.80412047e-03  2.02579318e-02  3.80412047e-03 -2.07012535e-02  3.80412047e-03  2.99803466e-03  3.80412047e-03  2.04014167e-02  3.80412047e-03 -3.62595308e+00 
 3.80912047e-03  2.02609226e-02  3.80912047e-03 -2.07005412e-02  3.80912047e-03  3.58411483e-03  3.80912047e-03  2.04027527e-02  3.80912047e-03 -3.58427065e+00 
 3.81412047e-03  2.02641571e-02  3.81412047e-03 -2.06997516e-02  3.81412047e-03  4.20203451e-03  3.81412047e-03  2.04041929e-02  3.81412047e-03 -3.53907676e+00 
 3.81912047e-03  2.02676322e-02  3.81912047e-03 -2.06988859e-02  3.81912047e-03  4.84857560e-03  3.81912047e-03  2.04057368e-02  3.81912047e-03 -3.49041602e+00 
 3.82412047e-03  2.02713411e-02  3.82412047e-03 -2.06979407e-02  3.82412047e-03  5.52109658e-03  3.82412047e-03  2.04073786e-02  3.82412047e-03 -3.43833645e+00 
 3.82912047e-03  2.02752798e-02  3.82912047e-03 -2.06969171e-02  3.82912047e-03  6.21737446e-03  3.82912047e-03  2.04091174e-02  3.82912047e-03 -3.38288944e+00 
 3.83412047e-03  2.02794412e-02  3.83412047e-03 -2.06958120e-02  3.83412047e-03  6.93549224e-03  3.83412047e-03  2.04109472e-02  3.83412047e-03 -3.32412972e+00 
 3.83912047e-03  2.02838206e-02  3.83912047e-03 -2.06946263e-02  3.83912047e-03  7.67375843e-03  3.83912047e-03  2.04128668e-02  3.83912047e-03 -3.26211528e+00 
 3.84412047e-03  2.02884103e-02  3.84412047e-03 -2.06933570e-02  3.84412047e-03  8.43064967e-03  3.84412047e-03  2.04148698e-02  3.84412047e-03 -3.19690732e+00 
 3.84912047e-03  2.02932052e-02  3.84912047e-03 -2.06920052e-02  3.84912047e-03  9.20476962e-03  3.84912047e-03  2.04169548e-02  3.84912047e-03 -3.12857019e+00 
 3.85412047e-03  2.02981971e-02  3.85412047e-03 -2.06905678e-02  3.85412047e-03  9.99481868e-03  3.85412047e-03  2.04191152e-02  3.85412047e-03 -3.05717133e+00 
 3.85912047e-03  2.03033804e-02  3.85912047e-03 -2.06890461e-02  3.85912047e-03  1.07995724e-02  3.85912047e-03  2.04213492e-02  3.85912047e-03 -2.98278120e+00 
 3.86412047e-03  2.03087465e-02  3.86412047e-03 -2.06874372e-02  3.86412047e-03  1.16178649e-02  3.86412047e-03  2.04236502e-02  3.86412047e-03 -2.90547323e+00 
 3.86912047e-03  2.03142894e-02  3.86912047e-03 -2.06857426e-02  3.86912047e-03  1.24485769e-02  3.86912047e-03  2.04260162e-02  3.86912047e-03 -2.82532369e+00 
 3.87412047e-03  2.03200001e-02  3.87412047e-03 -2.06839595e-02  3.87412047e-03  1.32906266e-02  3.87412047e-03  2.04284405e-02  3.87412047e-03 -2.74241171e+00 
 3.87912047e-03  2.03258724e-02  3.87912047e-03 -2.06820896e-02  3.87912047e-03  1.41429635e-02  3.87912047e-03  2.04309211e-02  3.87912047e-03 -2.65681908e+00 
 3.88412047e-03  2.03318971e-02  3.88412047e-03 -2.06801304e-02  3.88412047e-03  1.50045620e-02  3.88412047e-03  2.04334511e-02  3.88412047e-03 -2.56863030e+00 
 3.88912047e-03  2.03380675e-02  3.88912047e-03 -2.06780839e-02  3.88912047e-03  1.58744196e-02  3.88912047e-03  2.04360284e-02  3.88912047e-03 -2.47793238e+00 
 3.89412047e-03  2.03443743e-02  3.89412047e-03 -2.06759479e-02  3.89412047e-03  1.67515524e-02  3.89412047e-03  2.04386461e-02  3.89412047e-03 -2.38481484e+00 
 3.89912047e-03  2.03508107e-02  3.89912047e-03 -2.06737246e-02  3.89912047e-03  1.76349946e-02  3.89912047e-03  2.04413022e-02  3.89912047e-03 -2.28936957e+00 
 3.90412047e-03  2.03573671e-02  3.90412047e-03 -2.06714121e-02  3.90412047e-03  1.85237962e-02  3.90412047e-03  2.04439898e-02  3.90412047e-03 -2.19169076e+00 
 3.90912047e-03  2.03640367e-02  3.90912047e-03 -2.06690129e-02  3.90912047e-03  1.94170237e-02  3.90912047e-03  2.04467070e-02  3.90912047e-03 -2.09187482e+00 
 3.91412047e-03  2.03708097e-02  3.91412047e-03 -2.06665257e-02  3.91412047e-03  2.03137579e-02  3.91412047e-03  2.04494469e-02  3.91412047e-03 -1.99002025e+00 
 3.91912047e-03  2.03776792e-02  3.91912047e-03 -2.06639531e-02  3.91912047e-03  2.12130968e-02  3.91912047e-03  2.04522076e-02  3.91912047e-03 -1.88622756e+00 
 3.92412047e-03  2.03846355e-02  3.92412047e-03 -2.06612942e-02  3.92412047e-03  2.21141533e-02  3.92412047e-03  2.04549824e-02  3.92412047e-03 -1.78059919e+00 
 3.92912047e-03  2.03916717e-02  3.92912047e-03 -2.06585520e-02  3.92912047e-03  2.30160589e-02  3.92912047e-03  2.04577697e-02  3.92912047e-03 -1.67323938e+00 
 3.93412047e-03  2.03987781e-02  3.93412047e-03 -2.06557260e-02  3.93412047e-03  2.39179626e-02  3.93412047e-03  2.04605628e-02  3.93412047e-03 -1.56425408e+00 
 3.93912047e-03  2.04059477e-02  3.93912047e-03 -2.06528197e-02  3.93912047e-03  2.48190350e-02  3.93912047e-03  2.04633602e-02  3.93912047e-03 -1.45375085e+00 
 3.94412047e-03  2.04131709e-02  3.94412047e-03 -2.06498327e-02  3.94412047e-03  2.57184677e-02  3.94412047e-03  2.04661555e-02  3.94412047e-03 -1.34183874e+00 
 3.94912047e-03  2.04204409e-02  3.94912047e-03 -2.06467690e-02  3.94912047e-03  2.66154793e-02  3.94912047e-03  2.04689474e-02  3.94912047e-03 -1.22862818e+00 
 3.95412047e-03  2.04277482e-02  3.95412047e-03 -2.06436288e-02  3.95412047e-03  2.75093149e-02  3.95412047e-03  2.04717296e-02  3.95412047e-03 -1.11423091e+00 
 3.95912047e-03  2.04350860e-02  3.95912047e-03 -2.06404164e-02  3.95912047e-03  2.83992538e-02  3.95912047e-03  2.04745011e-02  3.95912047e-03 -9.98759824e-01 
 3.96412047e-03  2.04424452e-02  3.96412047e-03 -2.06371322e-02  3.96412047e-03  2.92846104e-02  3.96412047e-03  2.04772560e-02  3.96412047e-03 -8.82328875e-01 
 3.96912047e-03  2.04498190e-02  3.96912047e-03 -2.06337810e-02  3.96912047e-03  3.01647440e-02  3.96912047e-03  2.04799933e-02  3.96912047e-03 -7.65052963e-01 
 3.97412047e-03  2.04571984e-02  3.97412047e-03 -2.06303638e-02  3.97412047e-03  3.10390624e-02  3.97412047e-03  2.04827074e-02  3.97412047e-03 -6.47047830e-01 
 3.97912047e-03  2.04645770e-02  3.97912047e-03 -2.06268855e-02  3.97912047e-03  3.19070344e-02  3.97912047e-03  2.04853977e-02  3.97912047e-03 -5.28429925e-01 
 3.98412047e-03  2.04719459e-02  3.98412047e-03 -2.06233475e-02  3.98412047e-03  3.27681981e-02  3.98412047e-03  2.04880589e-02  3.98412047e-03 -4.09316315e-01 
 3.98912047e-03  2.04792990e-02  3.98912047e-03 -2.06197551e-02  3.98912047e-03  3.36221791e-02  3.98912047e-03  2.04906904e-02  3.98912047e-03 -2.89824545e-01 
 3.99412047e-03  2.04866278e-02  3.99412047e-03 -2.06161101e-02  3.99412047e-03  3.44687065e-02  3.99412047e-03  2.04932874e-02  3.99412047e-03 -1.70072542e-01 
 3.99912047e-03  2.04939262e-02  3.99912047e-03 -2.06124183e-02  3.99912047e-03  3.53076414e-02  3.99912047e-03  2.04958496e-02  3.99912047e-03 -5.01784818e-02 
 4.00412047e-03  2.05011860e-02  4.00412047e-03 -2.06086815e-02  4.00412047e-03  3.61390076e-02  4.00412047e-03  2.04983724e-02  4.00412047e-03  6.97393119e-02 
 4.00912047e-03  2.05084017e-02  4.00912047e-03 -2.06049059e-02  4.00912047e-03  3.69630404e-02  4.00912047e-03  2.05008559e-02  4.00912047e-03  1.89562501e-01 
 4.01412047e-03  2.05155651e-02  4.01412047e-03 -2.06010938e-02  4.01412047e-03  3.77802455e-02  4.01412047e-03  2.05032956e-02  4.01412047e-03  3.09172829e-01 
 4.01912047e-03  2.05226710e-02  4.01912047e-03 -2.05972516e-02  4.01912047e-03  3.85914878e-02  4.01912047e-03  2.05056921e-02  4.01912047e-03  4.28452263e-01 
 4.02412047e-03  2.05297117e-02  4.02412047e-03 -2.05933817e-02  4.02412047e-03  3.93981058e-02  4.02412047e-03  2.05080412e-02  4.02412047e-03  5.47283084e-01 
 4.02912047e-03  2.05366822e-02  4.02912047e-03 -2.05894909e-02  4.02912047e-03  4.02020756e-02  4.02912047e-03  2.05103436e-02  4.02912047e-03  6.65548027e-01 
 4.03412047e-03  2.05435753e-02  4.03412047e-03 -2.05855820e-02  4.03412047e-03  4.10062180e-02  4.03412047e-03  2.05125955e-02  4.03412047e-03  7.83130375e-01 
 4.03912047e-03  2.05503861e-02  4.03912047e-03 -2.05816617e-02  4.03912047e-03  4.18144556e-02  4.03912047e-03  2.05147979e-02  4.03912047e-03  8.99914095e-01 
 4.04412047e-03  2.05571079e-02  4.04412047e-03 -2.05777331e-02  4.04412047e-03  4.26320347e-02  4.04412047e-03  2.05169473e-02  4.04412047e-03  1.01578393e+00 
 4.04912047e-03  2.05637361e-02  4.04912047e-03 -2.05738033e-02  4.04912047e-03  4.34655046e-02  4.04912047e-03  2.05190449e-02  4.04912047e-03  1.13062554e+00 
 4.05412047e-03  2.05702643e-02  4.05412047e-03 -2.05698754e-02  4.05412047e-03  4.43218938e-02  4.05412047e-03  2.05210875e-02  4.05412047e-03  1.24432559e+00 
 4.05912047e-03  2.05766884e-02  4.05912047e-03 -2.05659565e-02  4.05912047e-03  4.52062550e-02  4.05912047e-03  2.05230766e-02  4.05912047e-03  1.35677186e+00 
 4.06412047e-03  2.05830022e-02  4.06412047e-03 -2.05620500e-02  4.06412047e-03  4.61174533e-02  4.06412047e-03  2.05250092e-02  4.06412047e-03  1.46785340e+00 
 4.06912047e-03  2.05892021e-02  4.06912047e-03 -2.05581632e-02  4.06912047e-03  4.70450387e-02  4.06912047e-03  2.05268871e-02  4.06912047e-03  1.57746058e+00 
 4.07412047e-03  2.05952820e-02  4.07412047e-03 -2.05542994e-02  4.07412047e-03  4.79716237e-02  4.07412047e-03  2.05287076e-02  4.07412047e-03  1.68548522e+00 
 4.07912047e-03  2.06012389e-02  4.07912047e-03 -2.05504659e-02  4.07912047e-03  4.88795463e-02  4.07912047e-03  2.05304725e-02  4.07912047e-03  1.79182073e+00 
 4.08412047e-03  2.06070670e-02  4.08412047e-03 -2.05466662e-02  4.08412047e-03  4.97554652e-02  4.08412047e-03  2.05321794e-02  4.08412047e-03  1.89636217e+00 
 4.08912047e-03  2.06127636e-02  4.08912047e-03 -2.05429077e-02  4.08912047e-03  5.05909397e-02  4.08912047e-03  2.05338306e-02  4.08912047e-03  1.99900636e+00 
 4.09412047e-03  2.06183232e-02  4.09412047e-03 -2.05391937e-02  4.09412047e-03  5.13809732e-02  4.09412047e-03  2.05354235e-02  4.09412047e-03  2.09965201e+00 
 4.09912047e-03  2.06237435e-02  4.09912047e-03 -2.05355315e-02  4.09912047e-03  5.21226291e-02  4.09912047e-03  2.05369608e-02  4.09912047e-03  2.19819980e+00 
 4.10412047e-03  2.06290195e-02  4.10412047e-03 -2.05319246e-02  4.10412047e-03  5.28140615e-02  4.10412047e-03  2.05384401e-02  4.10412047e-03  2.29455247e+00 
 4.10912047e-03  2.06341489e-02  4.10912047e-03 -2.05283802e-02  4.10912047e-03  5.34540277e-02  4.10912047e-03  2.05398640e-02  4.10912047e-03  2.38861494e+00 
 4.11412047e-03  2.06391272e-02  4.11412047e-03 -2.05249015e-02  4.11412047e-03  5.40416015e-02  4.11412047e-03  2.05412306e-02  4.11412047e-03  2.48029438e+00 
 4.11912047e-03  2.06439525e-02  4.11912047e-03 -2.05214956e-02  4.11912047e-03  5.45760561e-02  4.11912047e-03  2.05425425e-02  4.11912047e-03  2.56950030e+00 
 4.12412047e-03  2.06486205e-02  4.12412047e-03 -2.05181658e-02  4.12412047e-03  5.50567860e-02  4.12412047e-03  2.05437979e-02  4.12412047e-03  2.65614469e+00 
 4.12912047e-03  2.06531297e-02  4.12912047e-03 -2.05149188e-02  4.12912047e-03  5.54832802e-02  4.12912047e-03  2.05449995e-02  4.12912047e-03  2.74014202e+00 
 4.13412047e-03  2.06574760e-02  4.13412047e-03 -2.05117579e-02  4.13412047e-03  5.58551009e-02  4.13412047e-03  2.05461456e-02  4.13412047e-03  2.82140941e+00 
 4.13912047e-03  2.06616582e-02  4.13912047e-03 -2.05086895e-02  4.13912047e-03  5.61718755e-02  4.13912047e-03  2.05472390e-02  4.13912047e-03  2.89986666e+00 
 4.14412047e-03  2.06656726e-02  4.14412047e-03 -2.05057166e-02  4.14412047e-03  5.64332928e-02  4.14412047e-03  2.05482782e-02  4.14412047e-03  2.97543634e+00 
 4.14912047e-03  2.06695182e-02  4.14912047e-03 -2.05028456e-02  4.14912047e-03  5.66390982e-02  4.14912047e-03  2.05492658e-02  4.14912047e-03  3.04804386e+00 
 4.15412047e-03  2.06731916e-02  4.15412047e-03 -2.05000790e-02  4.15412047e-03  5.67890958e-02  4.15412047e-03  2.05502005e-02  4.15412047e-03  3.11761758e+00 
 4.15912047e-03  2.06766920e-02  4.15912047e-03 -2.04974230e-02  4.15912047e-03  5.68831430e-02  4.15912047e-03  2.05510850e-02  4.15912047e-03  3.18408884e+00 
 4.16412047e-03  2.06800163e-02  4.16412047e-03 -2.04948797e-02  4.16412047e-03  5.69211558e-02  4.16412047e-03  2.05519179e-02  4.16412047e-03  3.24739203e+00 
 4.16912047e-03  2.06831640e-02  4.16912047e-03 -2.04924552e-02  4.16912047e-03  5.69031023e-02  4.16912047e-03  2.05527020e-02  4.16912047e-03  3.30746469e+00 
 4.17412047e-03  2.06861323e-02  4.17412047e-03 -2.04901512e-02  4.17412047e-03  5.68290095e-02  4.17412047e-03  2.05534357e-02  4.17412047e-03  3.36424752e+00 
 4.17912047e-03  2.06889208e-02  4.17912047e-03 -2.04879732e-02  4.17912047e-03  5.66989560e-02  4.17912047e-03  2.05541219e-02  4.17912047e-03  3.41768450e+00 
 4.18412047e-03  2.06915268e-02  4.18412047e-03 -2.04859227e-02  4.18412047e-03  5.65130795e-02  4.18412047e-03  2.05547592e-02  4.18412047e-03  3.46772289e+00 
 4.18912047e-03  2.06939503e-02  4.18912047e-03 -2.04840050e-02  4.18912047e-03  5.62715699e-02  4.18912047e-03  2.05553502e-02  4.18912047e-03  3.51431329e+00 
 4.19412047e-03  2.06961890e-02  4.19412047e-03 -2.04822210e-02  4.19412047e-03  5.59746764e-02  4.19412047e-03  2.05558933e-02  4.19412047e-03  3.55740974e+00 
 4.19912047e-03  2.06982428e-02  4.19912047e-03 -2.04805755e-02  4.19912047e-03  5.56227024e-02  4.19912047e-03  2.05563914e-02  4.19912047e-03  3.59696971e+00 
 4.20412047e-03  2.07001096e-02  4.20412047e-03 -2.04790692e-02  4.20412047e-03  5.52160127e-02  4.20412047e-03  2.05568428e-02  4.20412047e-03  3.63295414e+00 
 4.20912047e-03  2.07017897e-02  4.20912047e-03 -2.04777063e-02  4.20912047e-03  5.47550321e-02  4.20912047e-03  2.05572500e-02  4.20912047e-03  3.66532754e+00 
 4.21412047e-03  2.07032811e-02  4.21412047e-03 -2.04764871e-02  4.21412047e-03  5.42402556e-02  4.21412047e-03  2.05576114e-02  4.21412047e-03  3.69405794e+00 
 4.21912047e-03  2.07045842e-02  4.21912047e-03 -2.04754153e-02  4.21912047e-03  5.36722570e-02  4.21912047e-03  2.05579295e-02  4.21912047e-03  3.71911700e+00 
 4.22412047e-03  2.07056972e-02  4.22412047e-03 -2.04744908e-02  4.22412047e-03  5.30517151e-02  4.22412047e-03  2.05582024e-02  4.22412047e-03  3.74047998e+00 
 4.22912047e-03  2.07066208e-02  4.22912047e-03 -2.04737168e-02  4.22912047e-03  5.23794550e-02  4.22912047e-03  2.05584327e-02  4.22912047e-03  3.75812580e+00 
 4.23412047e-03  2.07073533e-02  4.23412047e-03 -2.04730927e-02  4.23412047e-03  5.16565404e-02  4.23412047e-03  2.05586182e-02  4.23412047e-03  3.77203705e+00 
 4.23912047e-03  2.07078956e-02  4.23912047e-03 -2.04726213e-02  4.23912047e-03  5.08844463e-02  4.23912047e-03  2.05587615e-02  4.23912047e-03  3.78219999e+00 
 4.24412047e-03  2.07082461e-02  4.24412047e-03 -2.04723014e-02  4.24412047e-03  5.00654109e-02  4.24412047e-03  2.05588604e-02  4.24412047e-03  3.78860460e+00 
 4.24912047e-03  2.07084057e-02  4.24912047e-03 -2.04721353e-02  4.24912047e-03  4.92031037e-02  4.24912047e-03  2.05589170e-02  4.24912047e-03  3.79124455e+00 
 4.25412047e-03  2.07083733e-02  4.25412047e-03 -2.04721214e-02  4.25412047e-03  4.83038086e-02  4.25412047e-03  2.05589293e-02  4.25412047e-03  3.79011724e+00 
 4.25912047e-03  2.07081500e-02  4.25912047e-03 -2.04722614e-02  4.25912047e-03  4.73780844e-02  4.25912047e-03  2.05588993e-02  4.25912047e-03  3.78522377e+00 
 4.26412047e-03  2.07077345e-02  4.26412047e-03 -2.04725532e-02  4.26412047e-03  4.64418438e-02  4.26412047e-03  2.05588246e-02  4.26412047e-03  3.77656898e+00 
 4.26912047e-03  2.07071282e-02  4.26912047e-03 -2.04729981e-02  4.26912047e-03  4.55142588e-02  4.26912047e-03  2.05587072e-02  4.26912047e-03  3.76416141e+00 
 4.27412047e-03  2.07063301e-02  4.27412047e-03 -2.04735934e-02  4.27412047e-03  4.46110903e-02  4.27412047e-03  2.05585447e-02  4.27412047e-03  3.74801330e+00 
 4.27912047e-03  2.07053416e-02  4.27912047e-03 -2.04743400e-02  4.27912047e-03  4.37387124e-02  4.27912047e-03  2.05583389e-02  4.27912047e-03  3.72814057e+00 
 4.28412047e-03  2.07041621e-02  4.28412047e-03 -2.04752346e-02  4.28412047e-03  4.28943605e-02  4.28412047e-03  2.05580873e-02  4.28412047e-03  3.70456286e+00 
 4.28912047e-03  2.07027930e-02  4.28912047e-03 -2.04762778e-02  4.28912047e-03  4.20706622e-02  4.28912047e-03  2.05577916e-02  4.28912047e-03  3.67730341e+00 
 4.29412047e-03  2.07012339e-02  4.29412047e-03 -2.04774657e-02  4.29412047e-03  4.12598537e-02  4.29412047e-03  2.05574492e-02  4.29412047e-03  3.64638914e+00 
 4.29912047e-03  2.06994865e-02  4.29912047e-03 -2.04787983e-02  4.29912047e-03  4.04556304e-02  4.29912047e-03  2.05570616e-02  4.29912047e-03  3.61185054e+00 
 4.30412047e-03  2.06975504e-02  4.30412047e-03 -2.04802715e-02  4.30412047e-03  3.96533309e-02  4.30412047e-03  2.05566262e-02  4.30412047e-03  3.57372170e+00 
 4.30912047e-03  2.06954276e-02  4.30912047e-03 -2.04818847e-02  4.30912047e-03  3.88496236e-02  4.30912047e-03  2.05561445e-02  4.30912047e-03  3.53204025e+00 
 4.31412047e-03  2.06931179e-02  4.31412047e-03 -2.04836334e-02  4.31412047e-03  3.80421760e-02  4.31412047e-03  2.05556137e-02  4.31412047e-03  3.48684733e+00 
 4.31912047e-03  2.06906235e-02  4.31912047e-03 -2.04855165e-02  4.31912047e-03  3.72293952e-02  4.31912047e-03  2.05550352e-02  4.31912047e-03  3.43818752e+00 
 4.32412047e-03  2.06879445e-02  4.32412047e-03 -2.04875293e-02  4.32412047e-03  3.64102330e-02  4.32412047e-03  2.05544063e-02  4.32412047e-03  3.38610885e+00 
 4.32912047e-03  2.06850832e-02  4.32912047e-03 -2.04896701e-02  4.32912047e-03  3.55840467e-02  4.32912047e-03  2.05537283e-02  4.32912047e-03  3.33066271e+00 
 4.33412047e-03  2.06820400e-02  4.33412047e-03 -2.04919338e-02  4.33412047e-03  3.47504980e-02  4.33412047e-03  2.05529985e-02  4.33412047e-03  3.27190382e+00 
 4.33912047e-03  2.06788174e-02  4.33912047e-03 -2.04943184e-02  4.33912047e-03  3.39094820e-02  4.33912047e-03  2.05522181e-02  4.33912047e-03  3.20989017e+00 
 4.34412047e-03  2.06754160e-02  4.34412047e-03 -2.04968185e-02  4.34412047e-03  3.30610732e-02  4.34412047e-03  2.05513844e-02  4.34412047e-03  3.14468295e+00 
 4.34912047e-03  2.06718388e-02  4.34912047e-03 -2.04994318e-02  4.34912047e-03  3.22054893e-02  4.34912047e-03  2.05504986e-02  4.34912047e-03  3.07634652e+00 
 4.35412047e-03  2.06680864e-02  4.35412047e-03 -2.05021523e-02  4.35412047e-03  3.13430604e-02  4.35412047e-03  2.05495581e-02  4.35412047e-03  3.00494830e+00 
 4.35912047e-03  2.06641621e-02  4.35912047e-03 -2.05049776e-02  4.35912047e-03  3.04742096e-02  4.35912047e-03  2.05485642e-02  4.35912047e-03  2.93055877e+00 
 4.36412047e-03  2.06600669e-02  4.36412047e-03 -2.05079015e-02  4.36412047e-03  2.95994347e-02  4.36412047e-03  2.05475141e-02  4.36412047e-03  2.85325134e+00 
 4.36912047e-03  2.06558042e-02  4.36912047e-03 -2.05109212e-02  4.36912047e-03  2.87192974e-02  4.36912047e-03  2.05464093e-02  4.36912047e-03  2.77310229e+00 
 4.37412047e-03  2.06513755e-02  4.37412047e-03 -2.05140302e-02  4.37412047e-03  2.78344111e-02  4.37412047e-03  2.05452471e-02  4.37412047e-03  2.69019072e+00 
 4.37912047e-03  2.06467845e-02  4.37912047e-03 -2.05172257e-02  4.37912047e-03  2.69454357e-02  4.37912047e-03  2.05440289e-02  4.37912047e-03  2.60459845e+00 
 4.38412047e-03  2.06420329e-02  4.38412047e-03 -2.05205008e-02  4.38412047e-03  2.60530683e-02  4.38412047e-03  2.05427523e-02  4.38412047e-03  2.51640996e+00 
 4.38912047e-03  2.06371246e-02  4.38912047e-03 -2.05238524e-02  4.38912047e-03  2.51580411e-02  4.38912047e-03  2.05414189e-02  4.38912047e-03  2.42571227e+00 
 4.39412047e-03  2.06320618e-02  4.39412047e-03 -2.05272737e-02  4.39412047e-03  2.42611143e-02  4.39412047e-03  2.05400261e-02  4.39412047e-03  2.33259490e+00 
 4.39912047e-03  2.06268488e-02  4.39912047e-03 -2.05307615e-02  4.39912047e-03  2.33630756e-02  4.39912047e-03  2.05385758e-02  4.39912047e-03  2.23714973e+00 
 4.40412047e-03  2.06214879e-02  4.40412047e-03 -2.05343087e-02  4.40412047e-03  2.24647343e-02  4.40412047e-03  2.05370656e-02  4.40412047e-03  2.13947095e+00 
 4.40912047e-03  2.06159839e-02  4.40912047e-03 -2.05379119e-02  4.40912047e-03  2.15669224e-02  4.40912047e-03  2.05354974e-02  4.40912047e-03  2.03965498e+00 
 4.41412047e-03  2.06103395e-02  4.41412047e-03 -2.05415641e-02  4.41412047e-03  2.06704890e-02  4.41412047e-03  2.05338691e-02  4.41412047e-03  1.93780030e+00 
 4.41912047e-03  2.06045596e-02  4.41912047e-03 -2.05452619e-02  4.41912047e-03  1.97763031e-02  4.41912047e-03  2.05321828e-02  4.41912047e-03  1.83400744e+00 
 4.42412047e-03  2.05986474e-02  4.42412047e-03 -2.05489982e-02  4.42412047e-03  1.88852480e-02  4.42412047e-03  2.05304365e-02  4.42412047e-03  1.72837884e+00 
 4.42912047e-03  2.05926083e-02  4.42912047e-03 -2.05527694e-02  4.42912047e-03  1.79982249e-02  4.42912047e-03  2.05286326e-02  4.42912047e-03  1.62101872e+00 
 4.43412047e-03  2.05864456e-02  4.43412047e-03 -2.05565686e-02  4.43412047e-03  1.71161488e-02  4.43412047e-03  2.05267693e-02  4.43412047e-03  1.51203306e+00 
 4.43912047e-03  2.05801652e-02  4.43912047e-03 -2.05603923e-02  4.43912047e-03  1.62399519e-02  4.43912047e-03  2.05248491e-02  4.43912047e-03  1.40152939e+00 
 4.44412047e-03  2.05737708e-02  4.44412047e-03 -2.05642336e-02  4.44412047e-03  1.53705808e-02  4.44412047e-03  2.05228706e-02  4.44412047e-03  1.28961678e+00 
 4.44912047e-03  2.05672685e-02  4.44912047e-03 -2.05680889e-02  4.44912047e-03  1.45090009e-02  4.44912047e-03  2.05208365e-02  4.44912047e-03  1.17640567e+00 
 4.45412047e-03  2.05606625e-02  4.45412047e-03 -2.05719515e-02  4.45412047e-03  1.36561944e-02  4.45412047e-03  2.05187455e-02  4.45412047e-03  1.06200780e+00 
 4.45912047e-03  2.05539592e-02  4.45912047e-03 -2.05758181e-02  4.45912047e-03  1.28131666e-02  4.45912047e-03  2.05166007e-02  4.45912047e-03  9.46536043e-01 
 4.46412047e-03  2.05471632e-02  4.46412047e-03 -2.05796819e-02  4.46412047e-03  1.19809448e-02  4.46412047e-03  2.05144011e-02  4.46412047e-03  8.30104375e-01 
 4.46912047e-03  2.05402813e-02  4.46912047e-03 -2.05835398e-02  4.46912047e-03  1.11605874e-02  4.46912047e-03  2.05121501e-02  4.46912047e-03  7.12827697e-01 
 4.47412047e-03  2.05333184e-02  4.47412047e-03 -2.05873852e-02  4.47412047e-03  1.03531851e-02  4.47412047e-03  2.05098468e-02  4.47412047e-03  5.94821748e-01 
 4.47912047e-03  2.05262816e-02  4.47912047e-03 -2.05912152e-02  4.47912047e-03  9.55987360e-03  4.47912047e-03  2.05074949e-02  4.47912047e-03  4.76202987e-01 
 4.48412047e-03  2.05191761e-02  4.48412047e-03 -2.05950235e-02  4.48412047e-03  8.78183925e-03  4.48412047e-03  2.05050941e-02  4.48412047e-03  3.57088479e-01 
 4.48912047e-03  2.05120094e-02  4.48912047e-03 -2.05988073e-02  4.48912047e-03  8.02033852e-03  4.48912047e-03  2.05026480e-02  4.48912047e-03  2.37595776e-01 
 4.49412047e-03  2.05047872e-02  4.49412047e-03 -2.06025606e-02  4.49412047e-03  7.27671125e-03  4.49412047e-03  2.05001568e-02  4.49412047e-03  1.17842806e-01 
 4.49912047e-03  2.04975172e-02  4.49912047e-03 -2.06062809e-02  4.49912047e-03  6.55241235e-03  4.49912047e-03  2.04976244e-02  4.49912047e-03 -2.05224788e-03 
 4.50412047e-03  2.04902052e-02  4.50412047e-03 -2.06099624e-02  4.50412047e-03  5.84904064e-03  4.50412047e-03  2.04950511e-02  4.50412047e-03 -1.21971061e-01 
 4.50912047e-03  2.04828595e-02  4.50912047e-03 -2.06136029e-02  4.50912047e-03  5.16839345e-03  4.50912047e-03  2.04924413e-02  4.50912047e-03 -2.41795288e-01 
 4.51412047e-03  2.04754862e-02  4.51412047e-03 -2.06171970e-02  4.51412047e-03  4.51252711e-03  4.51412047e-03  2.04897956e-02  4.51412047e-03 -3.61406672e-01 
 4.51912047e-03  2.04680936e-02  4.51912047e-03 -2.06207427e-02  4.51912047e-03  3.88385725e-03  4.51912047e-03  2.04871186e-02  4.51912047e-03 -4.80687171e-01 
 4.52412047e-03  2.04606883e-02  4.52412047e-03 -2.06242349e-02  4.52412047e-03  3.28528273e-03  4.52412047e-03  2.04844112e-02  4.52412047e-03 -5.99519066e-01 
 4.52912047e-03  2.04532789e-02  4.52912047e-03 -2.06276722e-02  4.52912047e-03  2.72037361e-03  4.52912047e-03  2.04816783e-02  4.52912047e-03 -7.17785084e-01 
 4.53412047e-03  2.04458721e-02  4.53412047e-03 -2.06310496e-02  4.53412047e-03  2.19360445e-03  4.53412047e-03  2.04789210e-02  4.53412047e-03 -8.35368508e-01 
 4.53912047e-03  2.04384768e-02  4.53912047e-03 -2.06343661e-02  4.53912047e-03  1.71065097e-03  4.53912047e-03  2.04761447e-02  4.53912047e-03 -9.52153295e-01 
 4.54412047e-03  2.04310998e-02  4.54412047e-03 -2.06376173e-02  4.54412047e-03  1.27863354e-03  4.54412047e-03  2.04733506e-02  4.54412047e-03 -1.06802419e+00 
 4.54912047e-03  2.04237504e-02  4.54912047e-03 -2.06408022e-02  4.54912047e-03  9.06050166e-04  4.54912047e-03  2.04705442e-02  4.54912047e-03 -1.18286684e+00 
 4.55412047e-03  2.04164355e-02  4.55412047e-03 -2.06439169e-02  4.55412047e-03  6.01682048e-04  4.55412047e-03  2.04677273e-02  4.55412047e-03 -1.29656791e+00 
 4.55912047e-03  2.04091644e-02  4.55912047e-03 -2.06469610e-02  4.55912047e-03  3.71528234e-04  4.55912047e-03  2.04649055e-02  4.55912047e-03 -1.40901519e+00 
 4.56412047e-03  2.04019443e-02  4.56412047e-03 -2.06499307e-02  4.56412047e-03  2.13965421e-04  4.56412047e-03  2.04620807e-02  4.56412047e-03 -1.52009770e+00 
 4.56912047e-03  2.03947846e-02  4.56912047e-03 -2.06528261e-02  4.56912047e-03  1.17074921e-04  4.56912047e-03  2.04592589e-02  4.56912047e-03 -1.62970582e+00 
 4.57412047e-03  2.03876926e-02  4.57412047e-03 -2.06556438e-02  4.57412047e-03  6.26495676e-05  4.57412047e-03  2.04564420e-02  4.57412047e-03 -1.73773137e+00 
 4.57912047e-03  2.03806777e-02  4.57912047e-03 -2.06583843e-02  4.57912047e-03  3.37509941e-05  4.57912047e-03  2.04536363e-02  4.57912047e-03 -1.84406775e+00 
 4.58412047e-03  2.03737473e-02  4.58412047e-03 -2.06610445e-02  4.58412047e-03  1.87373845e-05  4.58412047e-03  2.04508439e-02  4.58412047e-03 -1.94861001e+00 
 4.58912047e-03  2.03669108e-02  4.58912047e-03 -2.06636252e-02  4.58912047e-03  1.09169545e-05  4.58912047e-03  2.04480712e-02  4.58912047e-03 -2.05125499e+00 
 4.59412047e-03  2.03601756e-02  4.59412047e-03 -2.06661238e-02  4.59412047e-03  6.76699054e-06  4.59412047e-03  2.04453205e-02  4.59412047e-03 -2.15190137e+00 
 4.59912047e-03  2.03535511e-02  4.59912047e-03 -2.06685414e-02  4.59912047e-03  4.50461452e-06  4.59912047e-03  2.04425981e-02  4.59912047e-03 -2.25044985e+00 
 4.60412047e-03  2.03470446e-02  4.60412047e-03 -2.06708758e-02  4.60412047e-03  3.22716743e-06  4.60412047e-03  2.04399067e-02  4.60412047e-03 -2.34680315e+00 
 4.60912047e-03  2.03406653e-02  4.60912047e-03 -2.06731283e-02  4.60912047e-03  2.47797002e-06  4.60912047e-03  2.04372526e-02  4.60912047e-03 -2.44086618e+00 
 4.61412047e-03  2.03344204e-02  4.61412047e-03 -2.06752970e-02  4.61412047e-03  2.01665596e-06  4.61412047e-03  2.04346384e-02  4.61412047e-03 -2.53254613e+00 
 4.61912047e-03  2.03283192e-02  4.61912047e-03 -2.06773836e-02  4.61912047e-03  1.71897633e-06  4.61912047e-03  2.04320705e-02  4.61912047e-03 -2.62175251e+00 
 4.62412047e-03  2.03223686e-02  4.62412047e-03 -2.06793866e-02  4.62412047e-03  1.51409705e-06  4.62412047e-03  2.04295515e-02  4.62412047e-03 -2.70839729e+00 
 4.62912047e-03  2.03165775e-02  4.62912047e-03 -2.06813076e-02  4.62912047e-03  1.36589271e-06  4.62912047e-03  2.04270878e-02  4.62912047e-03 -2.79239495e+00 
 4.63412047e-03  2.03109526e-02  4.63412047e-03 -2.06831456e-02  4.63412047e-03  1.25044053e-06  4.63412047e-03  2.04246819e-02  4.63412047e-03 -2.87366261e+00 
 4.63912047e-03  2.03055027e-02  4.63912047e-03 -2.06849025e-02  4.63912047e-03  1.15712560e-06  4.63912047e-03  2.04223403e-02  4.63912047e-03 -2.95212005e+00 
 4.64412047e-03  2.03002341e-02  4.64412047e-03 -2.06865773e-02  4.64412047e-03  1.07628801e-06  4.64412047e-03  2.04200652e-02  4.64412047e-03 -3.02768986e+00 
 4.64912047e-03  2.02951551e-02  4.64912047e-03 -2.06881721e-02  4.64912047e-03  1.00545103e-06  4.64912047e-03  2.04178630e-02  4.64912047e-03 -3.10029745e+00 
 4.65412047e-03  2.02902719e-02  4.65412047e-03 -2.06896862e-02  4.65412047e-03  9.39767057e-07  4.65412047e-03  2.04157359e-02  4.65412047e-03 -3.16987117e+00 
 4.65912047e-03  2.02855922e-02  4.65912047e-03 -2.06911217e-02  4.65912047e-03  8.79672754e-07  4.65912047e-03  2.04136900e-02  4.65912047e-03 -3.23634236e+00 
 4.66412047e-03  2.02811217e-02  4.66412047e-03 -2.06924781e-02  4.66412047e-03  8.22201437e-07  4.66412047e-03  2.04117273e-02  4.66412047e-03 -3.29964542e+00 
 4.66912047e-03  2.02768677e-02  4.66912047e-03 -2.06937576e-02  4.66912047e-03  7.69076817e-07  4.66912047e-03  2.04098536e-02  4.66912047e-03 -3.35971788e+00 
 4.67412047e-03  2.02728355e-02  4.67412047e-03 -2.06949596e-02  4.67412047e-03  7.18357293e-07  4.67412047e-03  2.04080708e-02  4.67412047e-03 -3.41650046e+00 
 4.67912047e-03  2.02690317e-02  4.67912047e-03 -2.06960865e-02  4.67912047e-03  6.72716837e-07  4.67912047e-03  2.04063843e-02  4.67912047e-03 -3.46993711e+00 
 4.68412047e-03  2.02654610e-02  4.68412047e-03 -2.06971376e-02  4.68412047e-03  6.31313830e-07  4.68412047e-03  2.04047957e-02  4.68412047e-03 -3.51997511e+00 
 4.68912047e-03  2.02621295e-02  4.68912047e-03 -2.06981155e-02  4.68912047e-03  5.98287612e-07  4.68912047e-03  2.04033101e-02  4.68912047e-03 -3.56656507e+00 
 4.69412047e-03  2.02590412e-02  4.69412047e-03 -2.06990193e-02  4.69412047e-03  5.75000730e-07  4.69412047e-03  2.04019287e-02  4.69412047e-03 -3.60966102e+00 
 4.69912047e-03  2.02562017e-02  4.69912047e-03 -2.06998514e-02  4.69912047e-03  5.69098826e-07  4.69912047e-03  2.04006563e-02  4.69912047e-03 -3.64922043e+00 
 4.70412047e-03  2.02536141e-02  4.70412047e-03 -2.07006111e-02  4.70412047e-03  5.87794999e-07  4.70412047e-03  2.03994936e-02  4.70412047e-03 -3.68520425e+00 
 4.70912047e-03  2.02512833e-02  4.70912047e-03 -2.07013005e-02  4.70912047e-03  6.48777367e-07  4.70912047e-03  2.03984449e-02  4.70912047e-03 -3.71757698e+00 
 4.71412047e-03  2.02492119e-02  4.71412047e-03 -2.07019189e-02  4.71412047e-03  7.76998065e-07  4.71412047e-03  2.03975106e-02  4.71412047e-03 -3.74630667e+00 
 4.71912047e-03  2.02474039e-02  4.71912047e-03 -2.07024684e-02  4.71912047e-03  1.02224102e-06  4.71912047e-03  2.03966946e-02  4.71912047e-03 -3.77136497e+00 
 4.72412047e-03  2.02458610e-02  4.72412047e-03 -2.07029479e-02  4.72412047e-03  1.46897930e-06  4.72412047e-03  2.03959966e-02  4.72412047e-03 -3.79272716e+00 
 4.72912047e-03  2.02445865e-02  4.72912047e-03 -2.07033593e-02  4.72912047e-03  2.27994682e-06  4.72912047e-03  2.03954200e-02  4.72912047e-03 -3.81037214e+00 
 4.73412047e-03  2.02435815e-02  4.73412047e-03 -2.07037015e-02  4.73412047e-03  3.75873515e-06  4.73412047e-03  2.03949642e-02  4.73412047e-03 -3.82428251e+00 
 4.73912047e-03  2.02428482e-02  4.73912047e-03 -2.07039762e-02  4.73912047e-03  6.50129692e-06  4.73912047e-03  2.03946320e-02  4.73912047e-03 -3.83444454e+00 
 4.74412047e-03  2.02423869e-02  4.74412047e-03 -2.07041820e-02  4.74412047e-03  1.16791772e-05  4.74412047e-03  2.03944222e-02  4.74412047e-03 -3.84084821e+00 
 4.74912047e-03  2.02421992e-02  4.74912047e-03 -2.07043204e-02  4.74912047e-03  2.16297954e-05  4.74912047e-03  2.03943371e-02  4.74912047e-03 -3.84348720e+00 
 4.75412047e-03  2.02422844e-02  4.75412047e-03 -2.07043900e-02  4.75412047e-03  4.09425944e-05  4.75412047e-03  2.03943750e-02  4.75412047e-03 -3.84235890e+00 
 4.75912047e-03  2.02426432e-02  4.75912047e-03 -2.07043919e-02  4.75912047e-03  7.82208051e-05  4.75912047e-03  2.03945375e-02  4.75912047e-03 -3.83746443e+00 
 4.76412047e-03  2.02432742e-02  4.76412047e-03 -2.07043245e-02  4.76412047e-03  1.47823107e-04  4.76412047e-03  2.03948226e-02  4.76412047e-03 -3.82880862e+00 
 4.76912047e-03  2.02441771e-02  4.76912047e-03 -2.07041888e-02  4.76912047e-03  2.69017769e-04  4.76912047e-03  2.03952313e-02  4.76912047e-03 -3.81640001e+00 
 4.77412047e-03  2.02453498e-02  4.77412047e-03 -2.07039828e-02  4.77412047e-03  4.59625724e-04  4.77412047e-03  2.03957609e-02  4.77412047e-03 -3.80025085e+00 
 4.77912047e-03  2.02467913e-02  4.77912047e-03 -2.07037075e-02  4.77912047e-03  7.27694373e-04  4.77912047e-03  2.03964120e-02  4.77912047e-03 -3.78037709e+00 
 4.78412047e-03  2.02484983e-02  4.78412047e-03 -2.07033606e-02  4.78412047e-03  1.06974603e-03  4.78412047e-03  2.03971814e-02  4.78412047e-03 -3.75679833e+00 
 4.78912047e-03  2.02504693e-02  4.78912047e-03 -2.07029431e-02  4.78912047e-03  1.47650507e-03  4.78912047e-03  2.03980691e-02  4.78912047e-03 -3.72953784e+00 
 4.79412047e-03  2.02527002e-02  4.79412047e-03 -2.07024524e-02  4.79412047e-03  1.93850090e-03  4.79412047e-03  2.03990715e-02  4.79412047e-03 -3.69862253e+00 
 4.79912047e-03  2.02551885e-02  4.79912047e-03 -2.07018893e-02  4.79912047e-03  2.44781016e-03  4.79912047e-03  2.04001881e-02  4.79912047e-03 -3.66408291e+00 
 4.80412047e-03  2.02579296e-02  4.80412047e-03 -2.07012513e-02  4.80412047e-03  2.99804081e-03  4.80412047e-03  2.04014147e-02  4.80412047e-03 -3.62595307e+00 
 4.80912047e-03  2.02609202e-02  4.80912047e-03 -2.07005388e-02  4.80912047e-03  3.58412082e-03  4.80912047e-03  2.04027505e-02  4.80912047e-03 -3.58427064e+00 
 4.81412047e-03  2.02641549e-02  4.81412047e-03 -2.06997494e-02  4.81412047e-03  4.20204070e-03  4.81412047e-03  2.04041909e-02  4.81412047e-03 -3.53907675e+00 
 4.81912047e-03  2.02676298e-02  4.81912047e-03 -2.06988835e-02  4.81912047e-03  4.84858156e-03  4.81912047e-03  2.04057345e-02  4.81912047e-03 -3.49041601e+00 
 4.82412047e-03  2.02713389e-02  4.82412047e-03 -2.06979385e-02  4.82412047e-03  5.52110268e-03  4.82412047e-03  2.04073765e-02  4.82412047e-03 -3.43833644e+00 
 4.82912047e-03  2.02752774e-02  4.82912047e-03 -2.06969147e-02  4.82912047e-03  6.21738029e-03  4.82912047e-03  2.04091152e-02  4.82912047e-03 -3.38288943e+00 
 4.83412047e-03  2.02794390e-02  4.83412047e-03 -2.06958098e-02  4.83412047e-03  6.93549819e-03  4.83412047e-03  2.04109452e-02  4.83412047e-03 -3.32412971e+00 
 4.83912047e-03  2.02838182e-02  4.83912047e-03 -2.06946240e-02  4.83912047e-03  7.67376408e-03  4.83912047e-03  2.04128646e-02  4.83912047e-03 -3.26211527e+00 
 4.84412047e-03  2.02884081e-02  4.84412047e-03 -2.06933548e-02  4.84412047e-03  8.43065541e-03  4.84412047e-03  2.04148678e-02  4.84412047e-03 -3.19690731e+00 
 4.84912047e-03  2.02932029e-02  4.84912047e-03 -2.06920028e-02  4.84912047e-03  9.20477507e-03  4.84912047e-03  2.04169526e-02  4.84912047e-03 -3.12857018e+00 
 4.85412047e-03  2.02981949e-02  4.85412047e-03 -2.06905656e-02  4.85412047e-03  9.99482421e-03  4.85412047e-03  2.04191131e-02  4.85412047e-03 -3.05717132e+00 
 4.85912047e-03  2.03033781e-02  4.85912047e-03 -2.06890437e-02  4.85912047e-03  1.07995777e-02  4.85912047e-03  2.04213470e-02  4.85912047e-03 -2.98278119e+00 
 4.86412047e-03  2.03087443e-02  4.86412047e-03 -2.06874350e-02  4.86412047e-03  1.16178702e-02  4.86412047e-03  2.04236481e-02  4.86412047e-03 -2.90547322e+00 
 4.86912047e-03  2.03142870e-02  4.86912047e-03 -2.06857402e-02  4.86912047e-03  1.24485819e-02  4.86912047e-03  2.04260140e-02  4.86912047e-03 -2.82532369e+00 
 4.87412047e-03  2.03199979e-02  4.87412047e-03 -2.06839573e-02  4.87412047e-03  1.32906317e-02  4.87412047e-03  2.04284385e-02  4.87412047e-03 -2.74241170e+00 
 4.87912047e-03  2.03258701e-02  4.87912047e-03 -2.06820872e-02  4.87912047e-03  1.41429682e-02  4.87912047e-03  2.04309189e-02  4.87912047e-03 -2.65681907e+00 
 4.88412047e-03  2.03318949e-02  4.88412047e-03 -2.06801282e-02  4.88412047e-03  1.50045668e-02  4.88412047e-03  2.04334491e-02  4.88412047e-03 -2.56863029e+00 
 4.88912047e-03  2.03380652e-02  4.88912047e-03 -2.06780816e-02  4.88912047e-03  1.58744242e-02  4.88912047e-03  2.04360262e-02  4.88912047e-03 -2.47793237e+00 
 4.89412047e-03  2.03443721e-02  4.89412047e-03 -2.06759457e-02  4.89412047e-03  1.67515570e-02  4.89412047e-03  2.04386441e-02  4.89412047e-03 -2.38481483e+00 
 4.89912047e-03  2.03508084e-02  4.89912047e-03 -2.06737222e-02  4.89912047e-03  1.76349990e-02  4.89912047e-03  2.04413000e-02  4.89912047e-03 -2.28936956e+00 
 4.90412047e-03  2.03573649e-02  4.90412047e-03 -2.06714099e-02  4.90412047e-03  1.85238006e-02  4.90412047e-03  2.04439878e-02  4.90412047e-03 -2.19169075e+00 
 4.90912047e-03  2.03640343e-02  4.90912047e-03 -2.06690106e-02  4.90912047e-03  1.94170278e-02  4.90912047e-03  2.04467048e-02  4.90912047e-03 -2.09187481e+00 
 4.91412047e-03  2.03708075e-02  4.91412047e-03 -2.06665235e-02  4.91412047e-03  2.03137621e-02  4.91412047e-03  2.04494448e-02  4.91412047e-03 -1.99002024e+00 
 4.91912047e-03  2.03776769e-02  4.91912047e-03 -2.06639508e-02  4.91912047e-03  2.12131007e-02  4.91912047e-03  2.04522054e-02  4.91912047e-03 -1.88622755e+00 
 4.92412047e-03  2.03846333e-02  4.92412047e-03 -2.06612920e-02  4.92412047e-03  2.21141573e-02  4.92412047e-03  2.04549804e-02  4.92412047e-03 -1.78059918e+00 
 4.92912047e-03  2.03916694e-02  4.92912047e-03 -2.06585497e-02  4.92912047e-03  2.30160627e-02  4.92912047e-03  2.04577675e-02  4.92912047e-03 -1.67323937e+00 
 4.93412047e-03  2.03987759e-02  4.93412047e-03 -2.06557238e-02  4.93412047e-03  2.39179664e-02  4.93412047e-03  2.04605608e-02  4.93412047e-03 -1.56425408e+00 
 4.93912047e-03  2.04059453e-02  4.93912047e-03 -2.06528173e-02  4.93912047e-03  2.48190385e-02  4.93912047e-03  2.04633580e-02  4.93912047e-03 -1.45375084e+00 
 4.94412047e-03  2.04131687e-02  4.94412047e-03 -2.06498305e-02  4.94412047e-03  2.57184714e-02  4.94412047e-03  2.04661535e-02  4.94412047e-03 -1.34183873e+00 
 4.94912047e-03  2.04204386e-02  4.94912047e-03 -2.06467667e-02  4.94912047e-03  2.66154827e-02  4.94912047e-03  2.04689452e-02  4.94912047e-03 -1.22862817e+00 
 4.95412047e-03  2.04277460e-02  4.95412047e-03 -2.06436266e-02  4.95412047e-03  2.75093184e-02  4.95412047e-03  2.04717276e-02  4.95412047e-03 -1.11423090e+00 
 4.95912047e-03  2.04350837e-02  4.95912047e-03 -2.06404141e-02  4.95912047e-03  2.83992570e-02  4.95912047e-03  2.04744989e-02  4.95912047e-03 -9.98759815e-01 
 4.96412047e-03  2.04424430e-02  4.96412047e-03 -2.06371300e-02  4.96412047e-03  2.92846137e-02  4.96412047e-03  2.04772540e-02  4.96412047e-03 -8.82328866e-01 
 4.96912047e-03  2.04498167e-02  4.96912047e-03 -2.06337787e-02  4.96912047e-03  3.01647471e-02  4.96912047e-03  2.04799911e-02  4.96912047e-03 -7.65052955e-01 
 4.97412047e-03  2.04571962e-02  4.97412047e-03 -2.06303616e-02  4.97412047e-03  3.10390656e-02  4.97412047e-03  2.04827055e-02  4.97412047e-03 -6.47047821e-01 
 4.97912047e-03  2.04645746e-02  4.97912047e-03 -2.06268832e-02  4.97912047e-03  3.19070373e-02  4.97912047e-03  2.04853956e-02  4.97912047e-03 -5.28429917e-01 
 4.98412047e-03  2.04719437e-02  4.98412047e-03 -2.06233453e-02  4.98412047e-03  3.27682011e-02  4.98412047e-03  2.04880569e-02  4.98412047e-03 -4.09316307e-01 
 4.98912047e-03  2.04792967e-02  4.98912047e-03 -2.06197528e-02  4.98912047e-03  3.36221819e-02  4.98912047e-03  2.04906882e-02  4.98912047e-03 -2.89824537e-01 
 4.99412047e-03  2.04866256e-02  4.99412047e-03 -2.06161080e-02  4.99412047e-03  3.44687095e-02  4.99412047e-03  2.04932854e-02  4.99412047e-03 -1.70072534e-01 
 4.99706024e-03  2.04909204e-02  4.99706024e-03 -2.06139421e-02  4.99706024e-03  3.49628872e-02  4.99706024e-03  2.04947959e-02  4.99706024e-03 -9.95897688e-02 
 5.00000000e-03  2.04952033e-02  5.00000000e-03 -2.06117609e-02  5.00000000e-03  3.54544188e-02  5.00000000e-03  2.04962932e-02  5.00000000e-03 -2.90826238e-02 
