 2.00000000e+01  7.37747892e+01 
 2.24403691e+01  7.42519149e+01 
 2.51785082e+01  7.47441985e+01 
 2.82507509e+01  7.52421883e+01 
 3.16978638e+01  7.57360385e+01 
 3.55655882e+01  7.62161556e+01 
 3.99052463e+01  7.66738166e+01 
 4.47744228e+01  7.71016955e+01 
 5.02377286e+01  7.74942412e+01 
 5.63676586e+01  7.78478658e+01 
 6.32455532e+01  7.81609342e+01 
 7.09626778e+01  7.84335716e+01 
 7.96214341e+01  7.86673389e+01 
 8.93367184e+01  7.88648376e+01 
 1.00237447e+02  7.90293061e+01 
 1.12468265e+02  7.91642556e+01 
 1.26191469e+02  7.92731744e+01 
 1.41589157e+02  7.93593080e+01 
 1.58865647e+02  7.94255122e+01 
 1.78250188e+02  7.94741621e+01 
 2.00000000e+02  7.95071040e+01 
 2.24403691e+02  7.95256327e+01 
 2.51785082e+02  7.95304820e+01 
 2.82507509e+02  7.95218195e+01 
 3.16978638e+02  7.94992393e+01 
 3.55655882e+02  7.94617503e+01 
 3.99052463e+02  7.94077611e+01 
 4.47744228e+02  7.93350652e+01 
 5.02377286e+02  7.92408344e+01 
 5.63676586e+02  7.91216305e+01 
 6.32455532e+02  7.89734509e+01 
 7.09626778e+02  7.87918222e+01 
 7.96214341e+02  7.85719571e+01 
 8.93367184e+02  7.83089825e+01 
 1.00237447e+03  7.79982362e+01 
 1.12468265e+03  7.76356099e+01 
 1.26191469e+03  7.72179010e+01 
 1.41589157e+03  7.67431199e+01 
 1.58865647e+03  7.62106973e+01 
 1.78250188e+03  7.56215518e+01 
 2.00000000e+03  7.49780040e+01 
 2.24403691e+03  7.42835557e+01 
 2.51785082e+03  7.35425780e+01 
 2.82507509e+03  7.27599659e+01 
 3.16978638e+03  7.19408093e+01 
 3.55655882e+03  7.10901172e+01 
 3.99052463e+03  7.02126145e+01 
 4.47744228e+03  6.93126114e+01 
 5.02377286e+03  6.83939374e+01 
 5.63676586e+03  6.74599255e+01 
 6.32455532e+03  6.65134308e+01 
 7.09626778e+03  6.55568709e+01 
 7.96214341e+03  6.45922788e+01 
 8.93367184e+03  6.36213582e+01 
 1.00237447e+04  6.26455404e+01 
 1.12468265e+04  6.16660371e+01 
 1.26191469e+04  6.06838901e+01 
 1.41589157e+04  5.97000161e+01 
 1.58865647e+04  5.87152490e+01 
 1.78250188e+04  5.77303789e+01 
 2.00000000e+04  5.67461898e+01 
 2.24403691e+04  5.57634969e+01 
 2.51785082e+04  5.47831843e+01 
 2.82507509e+04  5.38062443e+01 
 3.16978638e+04  5.28338194e+01 
 3.55655882e+04  5.18672453e+01 
 3.99052463e+04  5.09080971e+01 
 4.47744228e+04  4.99582338e+01 
 5.02377286e+04  4.90198402e+01 
 5.63676586e+04  4.80954575e+01 
 6.32455532e+04  4.71879971e+01 
 7.09626778e+04  4.63007222e+01 
 7.96214341e+04  4.54371847e+01 
 8.93367184e+04  4.46011004e+01 
 1.00237447e+05  4.37961485e+01 
 1.12468265e+05  4.30256877e+01 
 1.26191469e+05  4.22923970e+01 
 1.41589157e+05  4.15978623e+01 
 1.58865647e+05  4.09421558e+01 
 1.78250188e+05  4.03234663e+01 
 2.00000000e+05  3.97378403e+01 
