 2.00000000e+01  9.00279924e-09  2.00000000e+01  9.01299421e-09 
 2.09425710e+01  8.97506763e-09  2.09425710e+01  8.98499172e-09 
 2.19295639e+01  8.94863654e-09  2.19295639e+01  8.95831362e-09 
 2.29630724e+01  8.92344342e-09  2.29630724e+01  8.93289517e-09 
 2.40452887e+01  8.89942883e-09  2.40452887e+01  8.90867495e-09 
 2.51785082e+01  8.87653626e-09  2.51785082e+01  8.88559465e-09 
 2.63651348e+01  8.85471199e-09  2.63651348e+01  8.86359895e-09 
 2.76076853e+01  8.83390497e-09  2.76076853e+01  8.84263530e-09 
 2.89087954e+01  8.81406664e-09  2.89087954e+01  8.82265382e-09 
 3.02712250e+01  8.79515086e-09  3.02712250e+01  8.80360716e-09 
 3.16978638e+01  8.77711372e-09  3.16978638e+01  8.78545033e-09 
 3.31917381e+01  8.75991351e-09  3.31917381e+01  8.76814059e-09 
 3.47560166e+01  8.74351053e-09  3.47560166e+01  8.75163736e-09 
 3.63940172e+01  8.72786703e-09  3.63940172e+01  8.73590207e-09 
 3.81092144e+01  8.71294712e-09  3.81092144e+01  8.72089808e-09 
 3.99052463e+01  8.69871664e-09  3.99052463e+01  8.70659055e-09 
 4.17859226e+01  8.68514310e-09  4.17859226e+01  8.69294638e-09 
 4.37552325e+01  8.67219558e-09  4.37552325e+01  8.67993409e-09 
 4.58173531e+01  8.65984468e-09  4.58173531e+01  8.66752376e-09 
 4.79766584e+01  8.64806238e-09  4.79766584e+01  8.65568693e-09 
 5.02377286e+01  8.63682206e-09  5.02377286e+01  8.64439653e-09 
 5.26053598e+01  8.62609836e-09  5.26053598e+01  8.63362683e-09 
 5.50845741e+01  8.61586712e-09  5.50845741e+01  8.62335333e-09 
 5.76806301e+01  8.60610538e-09  5.76806301e+01  8.61355273e-09 
 6.03990344e+01  8.59679124e-09  6.03990344e+01  8.60420285e-09 
 6.32455532e+01  8.58790388e-09  6.32455532e+01  8.59528261e-09 
 6.62262243e+01  8.57942345e-09  6.62262243e+01  8.58677191e-09 
 6.93473701e+01  8.57133105e-09  6.93473701e+01  8.57865164e-09 
 7.26156110e+01  8.56360869e-09  7.26156110e+01  8.57090360e-09 
 7.60378793e+01  8.55623922e-09  7.60378793e+01  8.56351045e-09 
 7.96214341e+01  8.54920630e-09  7.96214341e+01  8.55645571e-09 
 8.33738767e+01  8.54249439e-09  8.33738767e+01  8.54972365e-09 
 8.73031664e+01  8.53608864e-09  8.73031664e+01  8.54329932e-09 
 9.14176379e+01  8.52997494e-09  9.14176379e+01  8.53716845e-09 
 9.57260185e+01  8.52413983e-09  9.57260185e+01  8.53131747e-09 
 1.00237447e+02  8.51857046e-09  1.00237447e+02  8.52573344e-09 
 1.04961492e+02  8.51325462e-09  1.04961492e+02  8.52040404e-09 
 1.09908175e+02  8.50818065e-09  1.09908175e+02  8.51531751e-09 
 1.15087987e+02  8.50333744e-09  1.15087987e+02  8.51046268e-09 
 1.20511917e+02  8.49871440e-09  1.20511917e+02  8.50582887e-09 
 1.26191469e+02  8.49430143e-09  1.26191469e+02  8.50140592e-09 
 1.32138690e+02  8.49008890e-09  1.32138690e+02  8.49718414e-09 
 1.38366194e+02  8.48606764e-09  1.38366194e+02  8.49315429e-09 
 1.44887192e+02  8.48222889e-09  1.44887192e+02  8.48930757e-09 
 1.51715515e+02  8.47856431e-09  1.51715515e+02  8.48563558e-09 
 1.58865647e+02  8.47506594e-09  1.58865647e+02  8.48213032e-09 
 1.66352754e+02  8.47172618e-09  1.66352754e+02  8.47878415e-09 
 1.74192718e+02  8.46853780e-09  1.74192718e+02  8.47558981e-09 
 1.82402168e+02  8.46549389e-09  1.82402168e+02  8.47254034e-09 
 1.90998517e+02  8.46258786e-09  1.90998517e+02  8.46962914e-09 
 2.00000000e+02  8.45981344e-09  2.00000000e+02  8.46684989e-09 
 2.09425710e+02  8.45716463e-09  2.09425710e+02  8.46419657e-09 
 2.19295639e+02  8.45463570e-09  2.19295639e+02  8.46166344e-09 
 2.29630724e+02  8.45222121e-09  2.29630724e+02  8.45924501e-09 
 2.40452887e+02  8.44991595e-09  2.40452887e+02  8.45693607e-09 
 2.51785082e+02  8.44771496e-09  2.51785082e+02  8.45473163e-09 
 2.63651348e+02  8.44561349e-09  2.63651348e+02  8.45262694e-09 
 2.76076853e+02  8.44360703e-09  2.76076853e+02  8.45061745e-09 
 2.89087954e+02  8.44169126e-09  2.89087954e+02  8.44869883e-09 
 3.02712250e+02  8.43986207e-09  3.02712250e+02  8.44686697e-09 
 3.16978638e+02  8.43811553e-09  3.16978638e+02  8.44511791e-09 
 3.31917381e+02  8.43644788e-09  3.31917381e+02  8.44344789e-09 
 3.47560166e+02  8.43485556e-09  3.47560166e+02  8.44185333e-09 
 3.63940172e+02  8.43333514e-09  3.63940172e+02  8.44033079e-09 
 3.81092144e+02  8.43188337e-09  3.81092144e+02  8.43887702e-09 
 3.99052463e+02  8.43049713e-09  3.99052463e+02  8.43748889e-09 
 4.17859226e+02  8.42917347e-09  4.17859226e+02  8.43616342e-09 
 4.37552325e+02  8.42790954e-09  4.37552325e+02  8.43489777e-09 
 4.58173531e+02  8.42670264e-09  4.58173531e+02  8.43368924e-09 
 4.79766584e+02  8.42555019e-09  4.79766584e+02  8.43253522e-09 
 5.02377286e+02  8.42444973e-09  5.02377286e+02  8.43143325e-09 
 5.26053598e+02  8.42339890e-09  5.26053598e+02  8.43038096e-09 
 5.50845741e+02  8.42239545e-09  5.50845741e+02  8.42937611e-09 
 5.76806301e+02  8.42143724e-09  5.76806301e+02  8.42841655e-09 
 6.03990344e+02  8.42052223e-09  6.03990344e+02  8.42750022e-09 
 6.32455532e+02  8.41964846e-09  6.32455532e+02  8.42662515e-09 
 6.62262243e+02  8.41881406e-09  6.62262243e+02  8.42578949e-09 
 6.93473701e+02  8.41801725e-09  6.93473701e+02  8.42499143e-09 
 7.26156110e+02  8.41725634e-09  7.26156110e+02  8.42422928e-09 
 7.60378793e+02  8.41652970e-09  7.60378793e+02  8.42350140e-09 
 7.96214341e+02  8.41583577e-09  7.96214341e+02  8.42280623e-09 
 8.33738767e+02  8.41517308e-09  8.33738767e+02  8.42214229e-09 
 8.73031664e+02  8.41454021e-09  8.73031664e+02  8.42150816e-09 
 9.14176379e+02  8.41393582e-09  9.14176379e+02  8.42090248e-09 
 9.57260185e+02  8.41335860e-09  9.57260185e+02  8.42032394e-09 
 1.00237447e+03  8.41280733e-09  1.00237447e+03  8.41977131e-09 
 1.04961492e+03  8.41228084e-09  1.04961492e+03  8.41924341e-09 
 1.09908175e+03  8.41177800e-09  1.09908175e+03  8.41873910e-09 
 1.15087987e+03  8.41129773e-09  1.15087987e+03  8.41825729e-09 
 1.20511917e+03  8.41083901e-09  1.20511917e+03  8.41779695e-09 
 1.26191469e+03  8.41040085e-09  1.26191469e+03  8.41735709e-09 
 1.32138690e+03  8.40998233e-09  1.32138690e+03  8.41693676e-09 
 1.38366194e+03  8.40958254e-09  1.38366194e+03  8.41653505e-09 
 1.44887192e+03  8.40920063e-09  1.44887192e+03  8.41615109e-09 
 1.51715515e+03  8.40883578e-09  1.51715515e+03  8.41578405e-09 
 1.58865647e+03  8.40848721e-09  1.58865647e+03  8.41543312e-09 
 1.66352754e+03  8.40815416e-09  1.66352754e+03  8.41509753e-09 
 1.74192718e+03  8.40783593e-09  1.74192718e+03  8.41477656e-09 
 1.82402168e+03  8.40753182e-09  1.82402168e+03  8.41446950e-09 
 1.90998517e+03  8.40724118e-09  1.90998517e+03  8.41417566e-09 
 2.00000000e+03  8.40696338e-09  2.00000000e+03  8.41389439e-09 
 2.09425710e+03  8.40669782e-09  2.09425710e+03  8.41362506e-09 
 2.19295639e+03  8.40644392e-09  2.19295639e+03  8.41336705e-09 
 2.29630724e+03  8.40620112e-09  2.29630724e+03  8.41311980e-09 
 2.40452887e+03  8.40596890e-09  2.40452887e+03  8.41288271e-09 
 2.51785082e+03  8.40574673e-09  2.51785082e+03  8.41265525e-09 
 2.63651348e+03  8.40553414e-09  2.63651348e+03  8.41243688e-09 
 2.76076853e+03  8.40533065e-09  2.76076853e+03  8.41222708e-09 
 2.89087954e+03  8.40513580e-09  2.89087954e+03  8.41202533e-09 
 3.02712250e+03  8.40494915e-09  3.02712250e+03  8.41183115e-09 
 3.16978638e+03  8.40477028e-09  3.16978638e+03  8.41164404e-09 
 3.31917381e+03  8.40459878e-09  3.31917381e+03  8.41146353e-09 
 3.47560166e+03  8.40443424e-09  3.47560166e+03  8.41128913e-09 
 3.63940172e+03  8.40427629e-09  3.63940172e+03  8.41112039e-09 
 3.81092144e+03  8.40412454e-09  3.81092144e+03  8.41095683e-09 
 3.99052463e+03  8.40397864e-09  3.99052463e+03  8.41079800e-09 
 4.17859226e+03  8.40383821e-09  4.17859226e+03  8.41064341e-09 
 4.37552325e+03  8.40370292e-09  4.37552325e+03  8.41049261e-09 
 4.58173531e+03  8.40357240e-09  4.58173531e+03  8.41034510e-09 
 4.79766584e+03  8.40344633e-09  4.79766584e+03  8.41020042e-09 
 5.02377286e+03  8.40332436e-09  5.02377286e+03  8.41005806e-09 
 5.26053598e+03  8.40320616e-09  5.26053598e+03  8.40991752e-09 
 5.50845741e+03  8.40309139e-09  5.50845741e+03  8.40977826e-09 
 5.76806301e+03  8.40297972e-09  5.76806301e+03  8.40963975e-09 
 6.03990344e+03  8.40287080e-09  6.03990344e+03  8.40950142e-09 
 6.32455532e+03  8.40276429e-09  6.32455532e+03  8.40936269e-09 
 6.62262243e+03  8.40265984e-09  6.62262243e+03  8.40922292e-09 
 6.93473701e+03  8.40255711e-09  6.93473701e+03  8.40908146e-09 
 7.26156110e+03  8.40245571e-09  7.26156110e+03  8.40893763e-09 
 7.60378793e+03  8.40235528e-09  7.60378793e+03  8.40879069e-09 
 7.96214341e+03  8.40225542e-09  7.96214341e+03  8.40863985e-09 
 8.33738767e+03  8.40215574e-09  8.33738767e+03  8.40848427e-09 
 8.73031664e+03  8.40205580e-09  8.73031664e+03  8.40832308e-09 
 9.14176379e+03  8.40195516e-09  9.14176379e+03  8.40815529e-09 
 9.57260185e+03  8.40185335e-09  9.57260185e+03  8.40797988e-09 
 1.00237447e+04  8.40174987e-09  1.00237447e+04  8.40779573e-09 
 1.04961492e+04  8.40164421e-09  1.04961492e+04  8.40760165e-09 
 1.09908175e+04  8.40153579e-09  1.09908175e+04  8.40739631e-09 
 1.15087987e+04  8.40142403e-09  1.15087987e+04  8.40717832e-09 
 1.20511917e+04  8.40130828e-09  1.20511917e+04  8.40694615e-09 
 1.26191469e+04  8.40118786e-09  1.26191469e+04  8.40669812e-09 
 1.32138690e+04  8.40106202e-09  1.32138690e+04  8.40643243e-09 
 1.38366194e+04  8.40092997e-09  1.38366194e+04  8.40614713e-09 
 1.44887192e+04  8.40079085e-09  1.44887192e+04  8.40584006e-09 
 1.51715515e+04  8.40064374e-09  1.51715515e+04  8.40550890e-09 
 1.58865647e+04  8.40048762e-09  1.58865647e+04  8.40515112e-09 
 1.66352754e+04  8.40032141e-09  1.66352754e+04  8.40476394e-09 
 1.74192718e+04  8.40014393e-09  1.74192718e+04  8.40434436e-09 
 1.82402168e+04  8.39995388e-09  1.82402168e+04  8.40388909e-09 
 1.90998517e+04  8.39974987e-09  1.90998517e+04  8.40339454e-09 
 2.00000000e+04  8.39953039e-09  2.00000000e+04  8.40285680e-09 
