 2.00000000e+01  7.10259394e+01 
 2.24403691e+01  7.14030256e+01 
 2.51785082e+01  7.18353371e+01 
 2.82507509e+01  7.23244644e+01 
 3.16978638e+01  7.28705151e+01 
 3.55655882e+01  7.34720846e+01 
 3.99052463e+01  7.41263768e+01 
 4.47744228e+01  7.48294480e+01 
 5.02377286e+01  7.55765236e+01 
 5.63676586e+01  7.63623333e+01 
 6.32455532e+01  7.71814138e+01 
 7.09626778e+01  7.80283483e+01 
 7.96214341e+01  7.88979277e+01 
 8.93367184e+01  7.97852363e+01 
 1.00237447e+02  8.06856709e+01 
 1.12468265e+02  8.15949087e+01 
 1.26191469e+02  8.25088392e+01 
 1.41589157e+02  8.34234718e+01 
 1.58865647e+02  8.43348322e+01 
 1.78250188e+02  8.52388557e+01 
 2.00000000e+02  8.61312890e+01 
 2.24403691e+02  8.70076083e+01 
 2.51785082e+02  8.78629690e+01 
 2.82507509e+02  8.86921990e+01 
 3.16978638e+02  8.94898509e+01 
 3.55655882e+02  9.02503260e+01 
 3.99052463e+02  9.09680754e+01 
 4.47744228e+02  9.16378705e+01 
 5.02377286e+02  9.22551177e+01 
 5.63676586e+02  9.28161760e+01 
 6.32455532e+02  9.33186201e+01 
 7.09626778e+02  9.37613954e+01 
 7.96214341e+02  9.41448279e+01 
 8.93367184e+02  9.44704771e+01 
 1.00237447e+03  9.47408569e+01 
 1.12468265e+03  9.49590693e+01 
 1.26191469e+03  9.51284071e+01 
 1.41589157e+03  9.52519772e+01 
 1.58865647e+03  9.53323788e+01 
 1.78250188e+03  9.53714573e+01 
 2.00000000e+03  9.53701397e+01 
 2.24403691e+03  9.53283508e+01 
 2.51785082e+03  9.52450096e+01 
 2.82507509e+03  9.51181033e+01 
 3.16978638e+03  9.49448431e+01 
 3.55655882e+03  9.47219000e+01 
 3.99052463e+03  9.44457158e+01 
 4.47744228e+03  9.41128670e+01 
 5.02377286e+03  9.37204465e+01 
 5.63676586e+03  9.32664121e+01 
 6.32455532e+03  9.27498431e+01 
 7.09626778e+03  9.21710590e+01 
 7.96214341e+03  9.15315760e+01 
 8.93367184e+03  9.08339105e+01 
 1.00237447e+04  9.00812666e+01 
 1.12468265e+04  8.92771622e+01 
 1.26191469e+04  8.84250498e+01 
 1.41589157e+04  8.75279760e+01 
 1.58865647e+04  8.65883069e+01 
 1.78250188e+04  8.56075328e+01 
 2.00000000e+04  8.45861538e+01 
 2.24403691e+04  8.35236452e+01 
 2.51785082e+04  8.24185014e+01 
 2.82507509e+04  8.12683598e+01 
 3.16978638e+04  8.00702068e+01 
 3.55655882e+04  7.88206620e+01 
 3.99052463e+04  7.75163299e+01 
 4.47744228e+04  7.61541878e+01 
 5.02377286e+04  7.47319671e+01 
 5.63676586e+04  7.32484731e+01 
 6.32455532e+04  7.17037892e+01 
 7.09626778e+04  7.00993338e+01 
 7.96214341e+04  6.84377646e+01 
 8.93367184e+04  6.67227600e+01 
 1.00237447e+05  6.49587306e+01 
 1.12468265e+05  6.31505201e+01 
 1.26191469e+05  6.13031509e+01 
 1.41589157e+05  5.94216497e+01 
 1.58865647e+05  5.75109679e+01 
 1.78250188e+05  5.55759926e+01 
 2.00000000e+05  5.36216250e+01 
